11_Meeting_Meeting_11_Meeting_Meeting_11_529
49
827 316 52 68 0.9991357 
66 231 34 39 0.99887055 
540 353 60 76 0.99848866 
632 280 51 66 0.9978016 
7 312 57 70 0.99685234 
668 458 71 97 0.99574727 
729 294 30 36 0.9886009 
420 123 34 40 0.9877137 
843 409 80 95 0.9875372 
457 283 47 56 0.98638016 
173 304 42 54 0.9851217 
354 400 46 64 0.98217034 
12 251 46 54 0.8764032 
288 296 26 28 0.3517721 
772 293 27 35 0.21843551 
8 283 56 68 0.14825673 
114 294 27 37 0.14031264 
95 282 39 51 0.052269097 
273 382 28 38 0.0492965 
187 269 26 29 0.048071314 
151 331 28 34 0.047572665 
785 293 19 27 0.045428365 
369 314 41 48 0.03950417 
521 545 91 97 0.038650252 
291 274 15 17 0.03730329 
80 334 28 41 0.03605961 
533 361 42 53 0.033982936 
298 302 27 31 0.032910597 
278 382 16 25 0.03230463 
300 273 14 16 0.02816868 
526 280 43 56 0.027468625 
284 292 19 25 0.026273558 
247 458 49 65 0.02593438 
456 133 22 32 0.025810326 
11 571 129 129 0.025716843 
308 272 13 16 0.025485866 
518 471 47 65 0.025152903 
303 298 19 22 0.02482292 
297 436 47 61 0.024559468 
121 286 38 50 0.024465242 
449 147 27 36 0.023843573 
235 303 23 28 0.023120906 
781 291 40 54 0.02242964 
114 290 19 24 0.021794964 
330 314 15 20 0.021693502 
101 272 31 38 0.021552106 
33 466 122 141 0.02121058 
726 466 27 45 0.020843113 
226 295 22 28 0.0205379 
