11_Meeting_Meeting_11_Meeting_Meeting_11_702
288
747 319 60 71 0.9993228 
823 152 27 32 0.9993031 
623 191 30 40 0.99867165 
407 203 29 33 0.9986658 
441 297 52 61 0.99813026 
578 178 24 30 0.9975957 
793 186 34 42 0.9974075 
5 297 37 41 0.996287 
889 244 48 54 0.99588436 
120 213 26 28 0.99585176 
888 161 37 41 0.9956483 
679 256 43 55 0.995265 
718 165 26 32 0.9943522 
374 127 16 20 0.9914895 
668 149 22 26 0.9904075 
418 239 38 48 0.9882935 
768 133 24 30 0.9876357 
713 129 19 24 0.9860903 
507 132 16 20 0.98588485 
376 186 24 28 0.9857019 
401 141 17 24 0.9851959 
330 132 16 19 0.98335993 
544 160 20 24 0.9780328 
959 181 43 45 0.9753322 
912 120 22 27 0.9750531 
803 120 19 24 0.9750279 
-1 213 20 31 0.97302747 
943 113 20 24 0.9578301 
617 139 21 25 0.95434505 
943 144 25 29 0.9512602 
879 108 15 18 0.9480562 
683 122 19 25 0.9391004 
359 167 20 24 0.9389052 
981 99 13 16 0.9243204 
835 116 14 19 0.9184933 
859 127 21 25 0.9184365 
480 131 13 17 0.9095666 
782 108 13 17 0.9044332 
657 120 18 23 0.9026674 
525 141 18 23 0.8944593 
814 95 12 15 0.8750193 
984 125 24 28 0.850377 
22 195 25 28 0.8399563 
899 97 15 18 0.82999617 
345 158 14 18 0.80279016 
698 108 12 15 0.7236241 
752 111 13 18 0.6925546 
570 126 15 19 0.6222035 
800 75 11 13 0.61557263 
935 94 11 15 0.42121965 
47 171 21 25 0.40183583 
336 214 11 15 0.36023042 
751 69 10 13 0.3336299 
603 126 16 19 0.2924563 
914 69 13 15 0.26871774 
533 119 13 15 0.2555441 
344 190 11 14 0.2511997 
924 99 12 16 0.2508103 
159 414 22 26 0.2309783 
583 324 35 40 0.22571844 
116 361 18 23 0.22529495 
471 169 14 17 0.20425953 
614 170 22 26 0.18975785 
876 131 15 18 0.18885495 
511 134 20 25 0.18734533 
466 198 20 25 0.18539491 
150 364 16 20 0.18478908 
168 412 23 25 0.17083311 
773 73 9 10 0.16764319 
632 118 11 15 0.16291597 
1012 111 10 16 0.16160253 
805 73 11 13 0.16098127 
1000 104 11 14 0.15879016 
769 74 10 12 0.15236686 
594 100 11 15 0.15060455 
347 281 16 18 0.14527887 
352 221 11 15 0.14337641 
530 194 23 29 0.14128654 
792 72 7 9 0.13046181 
349 272 25 27 0.12141223 
785 72 7 9 0.119426005 
1001 125 18 27 0.1174723 
994 112 21 26 0.11705076 
319 227 12 15 0.11703974 
997 108 16 19 0.11569401 
540 119 10 13 0.11509285 
892 140 16 20 0.10855405 
378 77 9 13 0.10324028 
786 102 13 15 0.096729994 
700 158 16 22 0.09562474 
637 123 13 17 0.09311344 
423 172 11 16 0.08873807 
585 389 46 52 0.0879917 
647 120 20 25 0.08732238 
476 194 16 22 0.0870234 
813 75 10 13 0.08395766 
608 396 27 35 0.078557946 
404 175 18 20 0.07502943 
463 123 12 14 0.074804686 
813 101 15 19 0.07413288 
720 94 10 13 0.074096605 
1005 110 16 21 0.07296041 
1010 128 14 21 0.071528345 
325 221 12 16 0.07081493 
571 328 38 52 0.06940626 
915 64 11 14 0.06902463 
693 112 15 21 0.06787854 
208 363 12 16 0.0675449 
349 162 19 26 0.065597095 
643 128 15 20 0.06557198 
605 135 20 27 0.06408029 
824 79 10 12 0.06236453 
862 278 27 34 0.061383285 
468 118 11 13 0.06063373 
527 122 15 17 0.058748204 
956 147 25 31 0.058401573 
756 61 10 14 0.05817692 
649 148 23 28 0.05772565 
906 76 23 27 0.057037253 
428 172 12 15 0.05692124 
356 245 12 15 0.056853443 
775 111 16 19 0.05642743 
636 88 14 18 0.05529959 
335 251 11 13 0.05510557 
205 417 12 15 0.05296405 
472 95 9 10 0.050658435 
454 144 11 14 0.050639763 
912 134 23 27 0.050126225 
349 180 10 14 0.049543597 
185 263 28 30 0.049505573 
483 189 14 19 0.048161622 
185 412 14 19 0.046907812 
448 120 10 13 0.04657671 
453 119 12 14 0.04625419 
523 219 15 19 0.046242032 
366 172 21 28 0.046119142 
811 156 25 31 0.04599982 
606 168 16 21 0.045768484 
1006 349 20 35 0.044999745 
661 110 15 18 0.044735424 
922 78 13 15 0.044521675 
339 229 11 13 0.044384085 
538 207 25 31 0.044209283 
521 203 24 30 0.043423414 
898 85 23 28 0.043378502 
490 324 25 38 0.04320771 
707 158 22 31 0.043139506 
553 332 35 52 0.04268641 
836 124 15 19 0.04262698 
618 162 17 23 0.042468242 
971 153 16 20 0.041510697 
549 102 13 15 0.041454572 
951 300 23 32 0.041354727 
122 353 16 23 0.041244432 
792 75 9 12 0.041168932 
986 96 12 14 0.0407196 
874 165 26 33 0.04023824 
974 105 16 18 0.039777026 
996 7 31 35 0.039683186 
742 61 11 13 0.039578002 
979 111 23 28 0.039332196 
120 309 12 15 0.03849031 
311 271 9 13 0.03844054 
323 181 11 15 0.038118783 
561 295 33 32 0.037713755 
101 227 15 19 0.03767113 
132 138 14 14 0.037624326 
21 222 15 20 0.0371375 
785 76 8 10 0.03712513 
757 56 9 11 0.03711824 
446 97 8 10 0.03704207 
42 172 14 17 0.036765754 
336 136 15 18 0.03668875 
747 61 19 25 0.036444895 
456 102 8 10 0.036248535 
358 147 13 15 0.035975277 
478 94 9 10 0.035545606 
853 115 14 17 0.035407726 
839 103 12 15 0.035367496 
416 173 19 24 0.035120253 
939 160 32 39 0.034978025 
963 112 15 19 0.034781676 
199 417 13 19 0.03467592 
439 101 10 11 0.034215882 
52 325 31 38 0.03414093 
52 192 18 20 0.033840872 
932 116 22 28 0.03366863 
766 86 10 13 0.033523276 
178 356 12 13 0.033278137 
143 364 14 18 0.03326749 
421 101 11 12 0.033122547 
984 104 19 23 0.032595426 
166 341 11 14 0.03256795 
845 77 10 13 0.032353763 
462 103 8 9 0.032271404 
977 137 26 32 0.032226074 
696 94 10 12 0.032175876 
647 144 16 21 0.032138195 
977 94 13 15 0.03201616 
620 177 22 26 0.031987444 
56 183 15 19 0.031693168 
44 277 26 29 0.031430967 
119 258 23 30 0.03131404 
27 184 26 30 0.031124441 
918 93 15 18 0.030941267 
471 101 10 11 0.030718457 
339 218 12 15 0.030565418 
805 163 17 21 0.030545117 
826 83 12 15 0.030024594 
349 132 14 15 0.029872179 
914 106 23 27 0.02932323 
531 134 15 18 0.02919798 
343 183 12 16 0.028624456 
410 185 19 21 0.028486637 
830 91 12 14 0.02835179 
710 114 13 18 0.028157758 
34 229 23 28 0.027945371 
547 116 11 14 0.027720693 
855 143 25 28 0.027695356 
1001 140 24 28 0.02756403 
673 194 23 28 0.027392149 
227 128 16 19 0.027386382 
454 199 23 27 0.027199646 
474 176 17 20 0.027153345 
918 78 21 26 0.027094046 
883 135 16 21 0.026672462 
465 170 11 16 0.026116861 
343 152 12 14 0.026017241 
765 92 11 13 0.025989555 
855 136 16 20 0.025953492 
296 229 12 15 0.02580918 
546 337 24 40 0.025809053 
566 118 16 19 0.02546915 
495 118 11 13 0.025123214 
742 56 9 12 0.025017776 
502 116 11 14 0.02496327 
665 116 14 18 0.024793554 
145 423 24 25 0.02475065 
784 94 12 14 0.024653785 
569 92 11 15 0.02458902 
461 128 14 17 0.024370575 
675 176 16 19 0.024323462 
197 379 10 13 0.024227364 
131 311 29 33 0.02421401 
981 183 30 36 0.024213333 
149 380 12 14 0.024044555 
135 261 31 39 0.023895603 
863 157 27 33 0.023440525 
438 123 11 13 0.023278067 
45 180 17 22 0.02326197 
947 121 26 32 0.02323122 
841 115 13 17 0.023203311 
731 110 11 14 0.02311032 
973 120 24 28 0.023072435 
806 83 11 13 0.022980977 
981 108 36 51 0.022924257 
383 100 12 14 0.022649458 
696 84 11 14 0.022411486 
994 157 26 31 0.022367222 
356 139 15 18 0.022336507 
26 220 20 25 0.022329964 
110 368 16 19 0.02205561 
172 371 14 16 0.022028495 
784 87 9 11 0.021885512 
182 378 12 14 0.021847269 
178 407 17 20 0.021819424 
0 387 29 37 0.021765912 
900 124 26 30 0.0216136 
539 282 47 48 0.021580016 
355 132 14 17 0.021314599 
390 124 13 15 0.0212858 
931 144 17 20 0.021220611 
349 219 20 24 0.020892648 
853 167 28 32 0.020883784 
131 361 14 19 0.020809317 
847 281 31 37 0.02079493 
877 122 16 20 0.020790938 
429 122 13 15 0.020737803 
966 65 10 12 0.020595673 
508 117 13 15 0.020588962 
464 120 20 22 0.020542381 
951 197 31 36 0.020524124 
554 107 12 14 0.020410847 
113 341 25 30 0.020334171 
168 369 12 16 0.02031904 
367 195 13 17 0.02030738 
617 388 15 18 0.020269198 
922 142 17 22 0.020225694 
