11_Meeting_Meeting_11_Meeting_Meeting_11_507
373
133 361 29 39 0.9984646 
821 358 28 33 0.99804014 
56 253 27 35 0.9975655 
76 402 35 49 0.994829 
904 407 41 50 0.99106264 
240 234 14 19 0.97706586 
749 235 14 19 0.9664128 
283 289 14 18 0.953874 
192 240 17 23 0.94509006 
846 301 16 21 0.939269 
661 282 14 17 0.9221754 
1011 248 12 20 0.91361874 
253 303 17 22 0.88799924 
876 287 14 18 0.87715656 
861 355 22 32 0.8769851 
774 230 14 18 0.8710702 
731 274 13 17 0.8309944 
684 283 14 17 0.80653113 
895 319 22 26 0.75904626 
810 248 16 22 0.65125453 
696 298 18 22 0.64841604 
707 314 17 23 0.6419072 
309 283 12 16 0.64148873 
735 323 14 20 0.60591847 
197 359 20 27 0.60415924 
146 292 18 23 0.5929423 
748 309 16 18 0.52415395 
913 359 22 29 0.5071676 
889 305 18 22 0.46590987 
647 275 12 14 0.39093745 
298 230 9 12 0.37922445 
660 256 9 10 0.34948936 
378 255 9 10 0.3423599 
801 346 16 21 0.33786038 
216 270 13 18 0.3175028 
275 270 9 13 0.29408503 
961 247 11 14 0.28362423 
241 316 22 28 0.28219306 
326 246 10 11 0.26502034 
521 239 7 10 0.24070428 
332 273 12 14 0.23906134 
632 262 8 12 0.23521505 
975 350 27 29 0.21975374 
1004 227 9 13 0.21301241 
581 283 11 14 0.21199504 
919 354 18 22 0.20654191 
309 262 10 12 0.20068622 
192 429 26 30 0.19845648 
575 285 11 14 0.18217604 
159 352 16 20 0.18182214 
706 357 19 20 0.1806531 
680 260 10 12 0.18059826 
589 302 10 12 0.17638668 
573 291 11 13 0.174023 
273 274 10 14 0.16811894 
789 314 15 19 0.16123487 
357 256 8 11 0.15934642 
875 363 25 31 0.1569016 
577 279 10 13 0.1517853 
958 271 11 14 0.15025662 
735 246 9 12 0.14850602 
276 364 12 17 0.14845233 
735 238 8 11 0.13665417 
962 223 8 11 0.13634159 
657 258 10 14 0.13631867 
350 260 10 12 0.13615021 
600 253 8 12 0.13321239 
257 261 10 13 0.13175198 
739 318 16 21 0.12795407 
764 221 11 14 0.12773181 
434 254 7 10 0.12019881 
936 373 15 18 0.11960968 
984 243 12 15 0.11712651 
615 255 7 9 0.11477047 
618 308 11 13 0.1104403 
901 232 8 10 0.11026581 
882 254 9 12 0.109523036 
631 315 11 15 0.10824482 
630 305 9 11 0.10725784 
457 245 9 10 0.10553356 
346 262 9 11 0.10330996 
599 318 11 12 0.10296091 
604 310 9 12 0.101382256 
681 339 10 13 0.10103919 
545 263 9 11 0.10036087 
391 247 9 11 0.09763931 
406 252 7 10 0.09522072 
931 373 25 28 0.093942985 
313 392 13 16 0.09299801 
277 429 18 19 0.09083678 
988 239 10 12 0.08579537 
558 245 8 10 0.085745774 
918 368 24 30 0.08509771 
688 288 20 24 0.08392225 
861 346 15 22 0.082518905 
406 270 10 11 0.082392246 
166 274 14 19 0.07971926 
630 247 7 9 0.0773075 
634 342 11 14 0.07540242 
173 293 9 13 0.07480148 
625 262 9 11 0.07411556 
243 260 12 16 0.07212551 
963 358 34 35 0.071642585 
376 248 7 10 0.07137013 
322 241 7 10 0.069351666 
352 222 8 10 0.068506315 
817 244 13 16 0.06708709 
381 318 12 14 0.06691975 
991 219 8 12 0.06661408 
647 248 8 9 0.066089936 
600 302 9 11 0.06537213 
1003 277 19 27 0.06466343 
376 302 9 10 0.06442566 
575 315 11 13 0.06334781 
732 251 12 15 0.063331224 
123 331 13 17 0.06320136 
604 293 11 13 0.06225071 
922 232 8 10 0.061311457 
652 276 13 16 0.060042538 
629 310 11 14 0.05994583 
461 244 8 10 0.05843264 
195 417 24 29 0.057473596 
794 310 12 15 0.057416223 
288 239 9 10 0.056463115 
139 276 15 19 0.055249095 
559 263 12 14 0.05309178 
589 278 9 12 0.052883197 
328 250 10 13 0.052841768 
606 254 8 10 0.052738875 
636 263 10 12 0.052254796 
581 310 11 13 0.05213997 
648 253 9 11 0.052091435 
290 285 13 18 0.051216073 
651 271 12 14 0.051075432 
126 259 14 18 0.05083343 
864 302 10 14 0.050820444 
332 325 14 16 0.050445944 
895 365 27 32 0.049924973 
667 291 13 15 0.04955867 
781 319 16 21 0.048991527 
632 255 7 10 0.04845483 
1001 420 24 36 0.04780538 
691 280 11 14 0.046922155 
171 269 12 16 0.04678138 
300 234 10 13 0.046468984 
326 241 9 11 0.046252068 
808 348 23 30 0.045889255 
206 415 13 15 0.045337364 
398 304 9 10 0.045253348 
334 254 8 11 0.045143414 
941 368 25 30 0.043689415 
304 289 13 16 0.043094978 
591 248 9 11 0.04279933 
639 268 9 12 0.042794935 
236 324 18 22 0.042786296 
617 302 11 14 0.04258588 
286 409 9 11 0.04247586 
143 354 26 36 0.042400647 
311 257 9 12 0.041992843 
388 321 11 12 0.041519295 
828 346 24 32 0.041080866 
952 366 34 36 0.041034427 
884 269 11 14 0.04087597 
437 248 8 10 0.04062843 
742 309 15 17 0.04058777 
734 358 26 26 0.04045749 
867 332 14 17 0.039408956 
434 250 7 9 0.03907453 
266 325 15 18 0.0389923 
732 261 12 14 0.038826387 
753 301 17 21 0.038665798 
712 308 18 22 0.038603764 
709 356 27 29 0.038594935 
343 256 10 12 0.038470693 
556 285 9 12 0.038276847 
558 280 9 11 0.038225893 
975 332 12 17 0.03801805 
705 301 16 19 0.037958853 
368 297 9 11 0.037894245 
639 254 9 11 0.037878435 
277 255 8 11 0.0376648 
648 294 9 12 0.03765591 
936 278 9 11 0.03756977 
614 327 10 12 0.03744215 
583 293 10 12 0.037433617 
102 360 23 30 0.03728473 
108 350 24 33 0.03726883 
588 296 10 12 0.0372375 
327 374 10 11 0.03709299 
975 230 10 12 0.037021022 
771 493 31 34 0.03689541 
377 318 10 13 0.03678612 
943 198 7 11 0.03667956 
647 349 13 15 0.03656663 
910 372 18 23 0.036434133 
198 348 22 28 0.03609392 
276 261 10 14 0.036077995 
959 361 14 20 0.03586619 
408 277 8 11 0.035215747 
333 -1 140 145 0.035184406 
897 233 10 13 0.03487023 
686 247 9 11 0.034835696 
569 287 9 12 0.034730118 
529 261 9 11 0.034615863 
585 252 8 11 0.03443421 
544 256 9 11 0.034327567 
553 238 8 11 0.034126364 
408 294 8 10 0.033923864 
399 263 9 11 0.03359785 
586 283 11 13 0.033402685 
296 226 8 11 0.03336631 
390 252 9 11 0.033278283 
5 306 15 21 0.033135638 
351 237 9 11 0.03290886 
796 408 12 15 0.03280903 
568 277 9 12 0.032783378 
878 279 14 17 0.032514945 
327 261 10 12 0.032439455 
682 279 11 14 0.032214142 
190 361 18 23 0.032056108 
400 269 10 12 0.031899907 
309 343 11 13 0.031852197 
770 412 12 14 0.03180461 
685 254 10 13 0.031729206 
726 297 12 16 0.031704027 
614 293 11 13 0.031694133 
252 209 13 17 0.031608447 
670 261 10 12 0.031453837 
316 262 9 12 0.030999454 
664 335 13 16 0.030631412 
592 252 9 12 0.030543664 
972 336 24 31 0.030500764 
399 247 9 11 0.030271802 
342 270 9 11 0.03022105 
390 285 10 11 0.030135283 
262 269 10 13 0.029785465 
721 358 27 27 0.029692503 
953 269 11 14 0.029678995 
551 232 7 9 0.02950747 
384 237 8 10 0.029346807 
140 281 21 28 0.02877757 
374 224 7 10 0.028741254 
0 433 24 35 0.028609479 
349 360 11 13 0.028605614 
780 170 12 16 0.02854996 
510 249 9 10 0.028449206 
166 291 14 18 0.028410539 
745 355 26 26 0.028404064 
416 263 8 10 0.02837885 
104 354 13 17 0.028283982 
380 258 10 12 0.028232902 
380 302 11 12 0.028194284 
375 358 9 11 0.028122455 
998 278 14 18 0.028043488 
624 256 8 9 0.027880762 
924 234 11 13 0.027772138 
171 296 14 20 0.027756104 
964 227 11 13 0.027364392 
986 341 24 31 0.027280277 
897 399 27 38 0.027170159 
883 275 13 17 0.027145516 
251 234 13 18 0.026986642 
599 259 9 11 0.026978541 
881 259 11 14 0.026855884 
617 286 9 11 0.026773915 
718 262 9 13 0.026625097 
615 260 9 11 0.026600724 
292 254 11 13 0.026534736 
398 278 9 12 0.026523542 
570 316 10 13 0.026487999 
556 292 10 12 0.026423413 
550 269 9 11 0.026392465 
760 214 12 15 0.026341328 
202 440 16 19 0.026318455 
964 342 24 32 0.026313465 
1011 277 12 19 0.026253447 
293 357 12 14 0.026246503 
114 363 24 31 0.026227096 
398 239 9 11 0.02620606 
623 314 10 13 0.026187215 
391 303 9 11 0.026170287 
790 228 13 18 0.026162416 
424 272 9 10 0.026123423 
948 286 11 13 0.02582309 
606 358 9 11 0.025763156 
309 266 12 15 0.025568599 
954 245 10 12 0.025337704 
366 310 9 11 0.025309399 
331 247 10 11 0.025239037 
374 352 9 11 0.025101641 
294 389 10 13 0.0250952 
625 267 9 13 0.025076956 
685 270 11 14 0.02501631 
772 223 14 17 0.02495147 
755 229 13 16 0.024706032 
575 300 9 11 0.02469974 
979 333 14 18 0.024623439 
602 358 9 12 0.02459617 
625 240 8 11 0.024586247 
422 278 9 11 0.02457351 
695 315 22 29 0.024567105 
544 237 8 11 0.024564644 
888 236 9 13 0.02441195 
768 232 14 19 0.024330053 
763 333 14 18 0.024311185 
502 247 9 12 0.02418587 
565 267 11 13 0.024155581 
793 224 22 29 0.024124647 
343 245 9 11 0.02411578 
567 301 11 12 0.023942258 
694 390 11 15 0.0237966 
607 259 8 11 0.023582624 
617 316 10 11 0.023530245 
999 245 10 13 0.0231096 
654 302 11 13 0.023109179 
318 268 9 12 0.022977788 
1013 305 11 17 0.022938041 
289 231 9 11 0.02293082 
856 276 11 15 0.022911984 
367 240 9 10 0.022747701 
592 231 7 10 0.022647178 
421 287 9 10 0.022578822 
156 179 10 12 0.022499729 
743 259 11 14 0.022456447 
625 278 9 13 0.022453548 
606 249 8 10 0.022437038 
963 339 15 19 0.022428945 
398 286 9 10 0.022357391 
171 282 14 20 0.022234872 
535 256 9 11 0.022151815 
632 335 12 14 0.022120005 
153 282 20 27 0.022047143 
280 407 10 12 0.021964889 
316 348 13 15 0.021936907 
681 247 8 11 0.021930419 
294 226 18 23 0.021890592 
332 319 14 14 0.021851253 
267 333 16 20 0.021840759 
545 247 8 10 0.02170168 
624 217 7 9 0.021397684 
384 286 10 12 0.021321375 
755 421 14 15 0.021217762 
670 298 12 15 0.021166842 
991 229 9 11 0.021105314 
737 308 11 15 0.021088012 
559 255 9 10 0.021062257 
738 331 16 21 0.021036178 
240 412 13 14 0.020968337 
154 234 16 21 0.020946905 
275 389 14 15 0.020918986 
882 248 8 11 0.020874985 
675 390 18 20 0.020868849 
205 342 22 28 0.020661354 
345 364 12 15 0.02065327 
732 299 12 15 0.02065188 
496 240 7 9 0.020609172 
239 407 11 12 0.020600386 
260 291 12 16 0.020524377 
592 272 9 12 0.020514686 
983 232 8 10 0.020485187 
731 236 9 12 0.020482376 
126 213 23 31 0.020446396 
424 294 8 10 0.020424576 
256 254 18 24 0.02042313 
965 347 14 19 0.020343365 
637 301 10 12 0.020336267 
438 260 10 11 0.020321727 
352 230 9 12 0.02022006 
302 396 10 12 0.020198375 
265 357 22 26 0.020084253 
575 279 19 22 0.020079067 
691 350 14 15 0.020053087 
562 214 9 11 0.020008214 
