11_Meeting_Meeting_11_Meeting_Meeting_11_287
59
568 228 40 58 0.9980787 
732 369 33 54 0.9940403 
318 405 37 60 0.9930992 
513 352 26 35 0.53121436 
250 8 18 19 0.32804397 
731 515 22 38 0.2785564 
395 482 24 43 0.20776588 
640 443 26 43 0.12516981 
199 447 32 45 0.11735241 
13 371 22 38 0.088521965 
206 520 37 56 0.080337755 
303 0 26 28 0.0714119 
524 346 14 17 0.06622255 
140 280 431 429 0.06610609 
738 513 38 45 0.06521138 
67 540 13 14 0.062215395 
627 514 41 62 0.05567267 
241 428 27 46 0.054575577 
104 539 35 34 0.053871423 
417 445 51 51 0.04930151 
845 532 40 45 0.046241842 
96 547 29 32 0.045277305 
0 369 22 43 0.045178447 
309 14 18 21 0.044437665 
716 461 31 32 0.042973123 
521 340 23 29 0.041073527 
20 376 33 39 0.040954877 
240 400 44 54 0.035728112 
223 490 46 52 0.034034804 
347 424 46 55 0.03389336 
832 524 29 37 0.03335847 
199 506 39 48 0.032415714 
724 500 25 45 0.031057825 
14 373 13 22 0.029678104 
700 521 40 52 0.02961638 
512 359 15 22 0.02880635 
158 489 40 42 0.02786155 
754 507 42 47 0.027641015 
536 -25 405 499 0.0270689 
867 529 26 33 0.02657634 
205 465 37 42 0.026533863 
645 512 33 47 0.026433151 
223 522 31 47 0.026191732 
279 394 28 45 0.025725637 
513 329 44 53 0.025689522 
549 331 15 17 0.025327722 
531 345 28 32 0.025132956 
530 345 18 20 0.02495314 
729 521 13 22 0.024821592 
557 498 43 56 0.023741582 
750 527 38 38 0.023592304 
-42 265 451 492 0.022832848 
100 553 16 20 0.022643888 
236 486 32 31 0.022513576 
64 535 13 15 0.02207202 
547 357 16 20 0.021463674 
300 391 44 64 0.021341586 
36 374 29 33 0.020513622 
2 594 29 41 0.020326208 
