11_Meeting_Meeting_11_Meeting_Meeting_11_189
225
65 367 18 23 0.9862292 
807 145 35 54 0.9621388 
194 389 25 33 0.9511631 
254 361 10 14 0.8453751 
100 384 15 22 0.8225247 
395 391 17 22 0.6552308 
418 358 9 10 0.5999925 
159 369 12 15 0.59325033 
424 369 13 15 0.54324365 
495 359 11 13 0.5429312 
18 361 10 15 0.51754653 
327 380 9 13 0.48643744 
109 365 9 11 0.4014799 
31 353 13 17 0.33598745 
150 367 11 14 0.29447448 
410 440 14 20 0.2926762 
285 343 9 12 0.27715427 
336 363 10 12 0.27487564 
2 356 11 15 0.26482546 
350 436 12 15 0.2515019 
272 375 11 13 0.21734774 
364 419 13 17 0.20602125 
258 450 15 23 0.18413478 
137 366 8 10 0.18397482 
409 373 10 13 0.18139546 
224 359 8 10 0.1732596 
334 374 9 12 0.17243043 
22 349 11 14 0.14305224 
144 366 10 12 0.14074309 
300 398 11 13 0.13530943 
166 359 9 11 0.13379553 
230 365 8 11 0.12682332 
374 356 9 12 0.12669288 
44 357 11 14 0.12289227 
259 363 10 13 0.12226703 
0 361 12 17 0.121816434 
44 379 15 19 0.11983372 
238 367 9 11 0.11957594 
3 372 12 15 0.11305765 
251 360 9 11 0.11191994 
277 367 12 14 0.11112812 
158 347 9 11 0.11032073 
128 395 10 13 0.110214174 
153 454 28 32 0.10748791 
106 360 9 12 0.10616836 
217 359 7 9 0.102092646 
379 378 13 16 0.0934685 
222 388 14 17 0.09132631 
393 365 10 13 0.087389134 
393 360 9 11 0.08666237 
408 368 9 11 0.08475 
309 374 9 11 0.07566736 
240 371 9 12 0.07338335 
297 356 9 11 0.07293495 
120 419 11 15 0.07172012 
18 349 10 12 0.068628885 
183 367 8 11 0.068253934 
231 361 7 9 0.064848535 
348 408 14 17 0.0645379 
343 442 13 16 0.06427061 
407 377 12 16 0.06389783 
301 381 12 13 0.063465185 
472 380 11 13 0.061692413 
173 348 8 11 0.060427837 
259 455 22 28 0.057431947 
261 466 25 34 0.057077866 
303 367 10 11 0.05705336 
300 389 11 13 0.054995686 
133 391 10 13 0.053432144 
154 344 8 11 0.052396048 
30 343 10 13 0.052129492 
18 346 20 22 0.05075083 
282 347 10 13 0.049791537 
332 378 10 13 0.049408432 
138 361 7 9 0.04906468 
169 348 7 10 0.048961718 
296 351 9 12 0.04839139 
382 395 14 17 0.048009098 
296 402 11 14 0.04798689 
73 364 14 20 0.047593277 
300 351 9 12 0.04648734 
391 370 12 14 0.046223626 
375 373 13 17 0.045413066 
368 381 11 14 0.045054723 
271 368 11 13 0.04433943 
36 350 12 16 0.043856934 
160 359 10 11 0.043591905 
366 387 11 13 0.043101046 
519 361 9 11 0.042750895 
151 407 10 13 0.042466607 
110 371 11 14 0.042073607 
205 381 13 17 0.040012065 
133 414 10 11 0.03911634 
175 415 11 15 0.038891695 
499 362 11 14 0.03880106 
253 389 10 14 0.037604872 
107 381 13 18 0.03737599 
340 364 10 14 0.036331646 
209 392 15 22 0.03625089 
102 414 9 13 0.03610906 
145 369 11 14 0.035268217 
234 463 19 20 0.03515552 
412 431 11 14 0.034725815 
224 370 12 13 0.034620337 
313 402 10 14 0.03449955 
117 404 11 13 0.034186803 
359 428 12 15 0.034078334 
407 420 12 13 0.034051094 
176 365 9 13 0.03398696 
491 358 10 13 0.033947077 
374 403 11 14 0.033904117 
14 356 17 23 0.033752922 
429 379 12 15 0.03315668 
333 395 11 14 0.033039957 
51 378 12 17 0.03296703 
172 372 10 13 0.032599065 
31 377 13 18 0.03227062 
249 394 13 17 0.032074958 
340 374 11 13 0.03202216 
11 378 15 18 0.03200096 
397 372 9 13 0.031587683 
135 370 10 12 0.0315441 
349 381 12 15 0.031165823 
362 435 14 17 0.031131834 
309 379 10 13 0.03096679 
184 371 10 13 0.030765949 
71 421 12 16 0.030737394 
279 357 10 11 0.030646734 
428 360 11 13 0.030614598 
150 363 18 23 0.030392986 
16 399 12 14 0.030259108 
357 388 12 13 0.030251231 
87 384 14 19 0.030182121 
200 372 11 14 0.030017547 
70 360 12 16 0.02988576 
398 382 10 16 0.02971553 
415 353 18 22 0.029572058 
251 359 18 22 0.029322058 
207 367 9 11 0.02926894 
33 371 22 25 0.029042246 
157 400 10 11 0.029019672 
93 400 15 18 0.028948711 
255 383 10 13 0.02886449 
248 467 27 32 0.028781073 
475 375 10 13 0.028751947 
334 390 10 12 0.028743165 
376 364 10 13 0.028678799 
78 360 10 13 0.028618757 
462 391 11 14 0.028605595 
1 377 11 16 0.028511511 
388 380 14 17 0.02845641 
511 364 10 13 0.0284374 
415 362 13 16 0.02842273 
375 397 13 15 0.028378941 
19 368 14 18 0.028342359 
143 406 11 14 0.028156262 
398 432 25 31 0.02799266 
134 406 11 13 0.027991258 
84 365 10 14 0.027861817 
117 382 10 14 0.02768818 
272 452 29 34 0.027674846 
118 388 11 14 0.027653009 
34 359 15 18 0.027408682 
350 367 10 12 0.026942773 
234 590 16 16 0.026927724 
468 436 14 16 0.026794124 
407 424 21 27 0.026689755 
343 379 10 14 0.026647583 
209 360 8 10 0.026480012 
54 371 13 19 0.02645708 
144 466 28 39 0.026340578 
464 382 10 12 0.026065562 
106 390 13 19 0.026031867 
118 395 12 14 0.02580975 
421 423 10 13 0.025776038 
205 397 23 30 0.02577338 
438 382 10 13 0.025762185 
492 357 19 23 0.02557803 
381 356 10 13 0.025572455 
128 403 11 14 0.025492327 
89 381 22 27 0.025344225 
287 354 10 12 0.025281947 
155 416 24 27 0.025083875 
502 378 10 13 0.024910333 
142 361 8 10 0.024708886 
286 336 7 10 0.024661506 
221 409 14 18 0.02455475 
205 373 12 14 0.024257582 
239 360 7 10 0.024179278 
402 398 15 19 0.023802787 
128 367 7 10 0.023534587 
463 437 12 16 0.02339201 
262 381 10 13 0.023052411 
323 376 19 24 0.02293186 
344 406 11 15 0.022846028 
397 360 8 10 0.022660466 
357 409 19 24 0.022584185 
412 420 12 14 0.022503033 
281 337 18 24 0.02248826 
357 405 12 15 0.022331562 
352 387 11 13 0.022306066 
45 361 13 17 0.022159815 
309 368 9 11 0.022035448 
407 413 12 15 0.021937326 
241 460 18 19 0.021918323 
217 396 20 25 0.021751346 
214 364 10 13 0.021746203 
550 383 10 12 0.0215777 
1 412 15 16 0.02148567 
128 372 9 12 0.021312581 
70 351 9 13 0.021264166 
223 353 7 9 0.02122277 
332 437 13 16 0.021196632 
255 446 15 18 0.021182014 
189 372 11 13 0.020948265 
366 407 12 16 0.020814558 
381 386 15 18 0.020775938 
270 349 10 13 0.02050549 
467 417 15 16 0.020497687 
566 366 10 12 0.02030347 
93 373 11 14 0.020296434 
220 359 20 24 0.020255828 
321 386 11 14 0.020162307 
174 358 9 12 0.020149404 
84 371 12 17 0.020104498 
