11_Meeting_Meeting_11_Meeting_Meeting_11_587
692
805 318 16 26 0.97956777 
314 238 14 19 0.9562067 
735 250 13 18 0.946996 
157 253 14 18 0.9380812 
876 227 11 16 0.92894506 
558 296 16 24 0.8858591 
588 296 16 25 0.872668 
221 313 18 26 0.8703018 
493 220 11 13 0.8166674 
8 182 11 13 0.81627226 
850 289 14 18 0.81310874 
958 238 13 17 0.7907237 
193 185 13 17 0.7800224 
436 325 15 19 0.7767776 
771 270 13 19 0.7705047 
763 249 12 16 0.7673944 
723 298 14 19 0.76154673 
416 306 19 22 0.7330577 
544 220 10 12 0.71847653 
376 386 26 40 0.7143715 
524 244 12 14 0.7013374 
190 238 12 16 0.69971514 
802 349 24 32 0.68124586 
517 179 10 13 0.67363477 
239 170 9 13 0.6524147 
560 321 16 23 0.647755 
234 189 8 12 0.624164 
363 166 8 12 0.61890906 
166 191 13 16 0.6053329 
383 175 10 13 0.59021497 
275 308 17 19 0.5612708 
260 238 12 15 0.5606374 
263 212 12 14 0.5232808 
273 170 11 14 0.5127397 
643 213 11 14 0.51167643 
652 281 17 21 0.50996536 
906 275 13 20 0.500381 
428 354 17 22 0.49387258 
207 159 7 10 0.49186286 
657 203 10 12 0.48744974 
488 183 9 12 0.4820571 
252 363 15 17 0.48201028 
518 203 9 11 0.47252202 
557 184 9 12 0.43491647 
1011 248 12 17 0.42752558 
489 188 9 12 0.41871655 
349 295 13 18 0.40246233 
917 255 12 13 0.3997362 
114 159 7 10 0.37900928 
472 191 8 11 0.3786302 
57 184 9 11 0.3657078 
418 181 9 12 0.34256122 
331 253 14 17 0.30219588 
420 233 11 16 0.29391417 
818 256 13 17 0.29103822 
543 254 10 12 0.29080725 
727 199 9 11 0.28587115 
97 175 9 11 0.27823555 
573 170 10 14 0.27427244 
460 164 8 10 0.2672703 
920 235 10 12 0.2551004 
676 215 10 13 0.25146398 
444 181 10 14 0.24331746 
252 279 13 18 0.23164445 
222 236 14 19 0.22341886 
871 261 14 17 0.2189204 
198 275 13 18 0.21808797 
244 166 9 12 0.2177404 
709 370 16 22 0.21591188 
888 218 10 13 0.21315393 
472 127 7 9 0.20461002 
267 266 12 16 0.20182973 
751 215 8 10 0.19431475 
101 180 9 11 0.19325453 
477 172 9 12 0.19294646 
568 230 11 15 0.19207656 
322 196 14 17 0.1903023 
527 167 8 10 0.19014114 
478 168 8 10 0.18876128 
1000 397 23 44 0.1867925 
372 348 14 15 0.18621303 
894 214 11 14 0.17816626 
320 158 7 9 0.17158575 
343 290 13 21 0.17071888 
124 167 11 13 0.1615265 
758 236 11 13 0.16062707 
942 258 10 13 0.1604736 
704 299 11 15 0.15939027 
304 150 7 9 0.15925626 
759 152 7 9 0.15818216 
857 219 10 12 0.1551748 
303 166 9 12 0.15441391 
351 198 10 13 0.15165283 
238 142 10 13 0.1505502 
263 189 9 11 0.14926997 
48 172 7 10 0.1465956 
445 176 9 11 0.14585377 
776 205 11 13 0.14303538 
601 183 8 11 0.1417933 
124 253 11 14 0.1380214 
323 190 12 14 0.1363934 
601 205 9 12 0.13425152 
914 213 9 10 0.13331975 
777 174 7 10 0.13294576 
424 160 8 10 0.13132007 
141 157 8 11 0.13103062 
526 174 9 11 0.13071832 
832 267 13 18 0.1300809 
164 166 9 11 0.12720901 
329 166 9 11 0.1259965 
301 214 10 13 0.12526976 
494 174 9 10 0.1251035 
709 199 8 10 0.12398058 
41 185 8 11 0.123602256 
587 135 6 9 0.121970005 
457 190 10 13 0.11952036 
809 246 8 12 0.118840404 
672 218 11 13 0.116981596 
855 196 9 11 0.1160468 
928 268 10 12 0.11556548 
758 168 7 9 0.11460105 
144 188 10 15 0.11284609 
414 163 9 12 0.11237956 
499 258 13 17 0.11166541 
271 196 9 12 0.111405395 
278 292 13 16 0.11112454 
253 206 10 12 0.1103793 
186 150 8 12 0.108949915 
914 258 11 15 0.108494595 
488 167 7 10 0.108028196 
701 374 24 29 0.107167765 
564 294 21 28 0.10670404 
469 237 11 15 0.1062869 
813 248 9 11 0.10470632 
841 199 8 10 0.10413328 
287 156 8 11 0.10316155 
529 213 9 12 0.102641344 
557 166 8 11 0.100801386 
726 203 9 12 0.10079267 
707 294 12 15 0.100297794 
200 203 11 13 0.09980811 
503 173 8 11 0.09976424 
489 175 9 11 0.09897104 
420 176 10 12 0.09751721 
1012 257 12 19 0.09661022 
442 187 9 12 0.09651109 
745 184 8 10 0.09547703 
736 157 7 9 0.09427222 
478 237 12 16 0.093396455 
893 283 13 18 0.093393944 
485 243 10 12 0.09229058 
240 130 7 9 0.09193531 
820 283 10 13 0.09189493 
771 159 7 10 0.091572605 
777 268 14 18 0.09154991 
113 163 10 12 0.08969052 
214 152 7 10 0.0896623 
255 175 8 11 0.088881634 
190 158 8 12 0.08845205 
680 226 11 14 0.08776047 
742 209 8 10 0.087598294 
355 283 15 20 0.08711719 
536 146 7 9 0.086377986 
498 128 5 7 0.08571962 
259 276 15 18 0.08506356 
281 156 8 11 0.083627865 
936 254 10 13 0.083531015 
267 238 10 13 0.0828825 
278 329 14 18 0.08262371 
321 202 11 14 0.08238601 
646 141 7 9 0.08200677 
196 192 13 16 0.081432685 
287 202 11 13 0.080993004 
717 262 12 15 0.08032815 
424 311 16 20 0.079777315 
430 204 8 10 0.07946715 
871 255 11 13 0.07880882 
255 180 10 13 0.07850491 
888 294 10 14 0.07789692 
199 286 19 26 0.07748639 
427 220 12 14 0.077084094 
711 221 10 12 0.07686281 
902 238 11 13 0.07637619 
327 171 9 12 0.075738996 
520 250 10 14 0.07481248 
912 209 9 10 0.07446023 
640 207 11 14 0.073632695 
305 146 6 9 0.07359506 
894 253 11 14 0.0729623 
192 163 9 12 0.0728803 
247 160 9 11 0.072641805 
604 200 10 12 0.0721318 
534 181 8 10 0.07147086 
365 245 12 14 0.07061504 
134 173 10 11 0.07036778 
953 241 12 16 0.070171006 
923 252 10 13 0.0696988 
999 160 7 8 0.06806609 
236 274 12 15 0.067590885 
721 207 9 10 0.06753688 
851 352 14 18 0.06733522 
630 258 16 21 0.06682104 
310 167 10 13 0.06628041 
692 243 11 13 0.06596999 
425 227 15 18 0.065603234 
832 198 8 10 0.065597445 
142 194 11 15 0.0652732 
660 250 12 16 0.065039895 
655 171 9 12 0.06450723 
997 229 11 14 0.06428456 
751 220 9 11 0.06424118 
78 237 9 12 0.063457355 
303 160 8 9 0.06302094 
236 205 11 14 0.06287212 
891 291 13 17 0.062647775 
573 191 9 10 0.062304452 
514 332 13 18 0.062007513 
936 261 9 12 0.061866943 
736 228 9 12 0.061506543 
846 236 8 11 0.061449934 
257 211 12 15 0.0609397 
594 291 13 22 0.060481794 
312 190 8 11 0.060452387 
209 152 7 12 0.060202822 
357 197 9 12 0.059788555 
887 236 9 12 0.059654564 
263 183 9 12 0.058761176 
110 174 9 11 0.058605574 
510 253 9 13 0.05846555 
414 302 14 18 0.057928555 
750 191 8 9 0.057763465 
639 235 12 14 0.0574577 
476 192 8 10 0.057296984 
243 171 11 14 0.0568482 
385 356 16 18 0.056702994 
284 290 15 19 0.056700762 
925 232 9 12 0.05651085 
754 198 8 11 0.056504484 
367 205 9 11 0.05639864 
752 207 8 10 0.056275733 
729 282 21 27 0.056261383 
502 168 8 11 0.056241862 
326 159 8 10 0.05536985 
264 196 10 12 0.05524602 
294 309 11 14 0.054927748 
531 266 12 17 0.0549008 
481 181 8 10 0.054342903 
205 270 10 16 0.054059695 
239 133 9 11 0.05386567 
269 206 11 14 0.053738542 
737 207 8 11 0.053696137 
361 243 10 15 0.053552654 
926 262 9 12 0.053373124 
454 181 9 11 0.05326753 
441 168 7 9 0.053255543 
845 204 9 12 0.05257017 
254 198 10 13 0.052271858 
559 141 7 9 0.05224887 
630 204 11 13 0.052166037 
497 152 9 11 0.05210766 
705 191 8 10 0.052059043 
615 183 8 10 0.051974088 
845 199 8 11 0.05168848 
296 152 7 9 0.05148812 
364 172 9 12 0.05142491 
499 221 9 12 0.051323097 
366 345 23 24 0.05124886 
808 240 7 10 0.0511896 
440 213 11 15 0.05074483 
900 244 11 13 0.05074432 
143 181 11 15 0.05030884 
212 296 14 19 0.05027339 
320 172 9 12 0.050251924 
232 276 10 14 0.050138764 
806 297 12 18 0.050033536 
588 284 12 19 0.04996126 
1014 198 8 12 0.04974194 
704 183 8 10 0.04946688 
462 194 10 12 0.04933397 
605 175 9 10 0.049162876 
521 240 11 15 0.049155764 
188 231 14 17 0.049040023 
422 163 9 10 0.048993282 
551 246 10 13 0.048990685 
348 388 22 28 0.04898173 
285 233 15 17 0.048484564 
312 197 10 13 0.048462514 
758 213 8 11 0.048411682 
97 169 8 11 0.048400972 
284 298 14 20 0.04813343 
630 199 10 12 0.048085693 
583 291 15 23 0.047840413 
413 293 15 17 0.047826305 
949 259 9 12 0.047785114 
577 251 10 12 0.047475412 
258 189 9 11 0.047023315 
711 176 8 9 0.04701648 
743 286 12 15 0.046954013 
527 207 8 10 0.046906848 
749 184 8 9 0.04682997 
259 230 14 16 0.046314213 
904 141 11 14 0.046275157 
1015 157 7 11 0.04613032 
747 292 12 16 0.046091545 
410 165 8 11 0.04598487 
611 369 15 22 0.045878068 
738 212 9 11 0.045560002 
965 264 9 12 0.045549653 
496 168 8 10 0.04552956 
749 297 14 18 0.045342084 
424 215 10 14 0.045196358 
320 184 10 11 0.045001388 
558 251 10 12 0.044359803 
733 198 7 10 0.04432284 
895 245 11 13 0.04424617 
894 239 10 12 0.044223964 
322 242 15 18 0.043679804 
909 230 9 12 0.04335719 
462 174 7 10 0.043195684 
919 247 11 14 0.04314117 
704 291 20 24 0.043060955 
200 163 10 12 0.042926002 
776 167 8 11 0.04289301 
606 183 9 10 0.042879134 
686 223 7 11 0.042794254 
844 336 14 18 0.042764965 
916 264 13 16 0.042734448 
295 158 8 10 0.042235635 
926 248 10 12 0.04219535 
270 254 13 17 0.042048566 
464 233 11 14 0.041692834 
592 238 9 12 0.041680608 
550 151 8 10 0.041319862 
711 206 9 10 0.041291922 
384 170 10 12 0.041131154 
290 229 15 18 0.040989466 
785 306 22 28 0.040975224 
572 224 11 14 0.04085149 
323 373 17 20 0.040576626 
270 314 20 27 0.040226977 
861 160 7 9 0.040054705 
791 228 10 12 0.04005077 
439 254 11 16 0.039824188 
362 388 27 35 0.039813355 
629 211 11 14 0.03952288 
305 171 9 13 0.039449647 
731 273 14 17 0.03931636 
295 219 12 14 0.039272763 
432 327 23 29 0.039031707 
109 229 12 14 0.03882178 
277 197 11 14 0.038816694 
877 257 11 12 0.038749874 
873 196 8 11 0.03868843 
329 245 15 18 0.038614936 
148 182 11 14 0.03846736 
1008 265 12 17 0.03845607 
278 237 10 12 0.038183358 
933 230 12 13 0.03806024 
582 246 10 13 0.037953954 
421 187 10 11 0.037912954 
213 156 8 12 0.037872832 
318 166 9 13 0.03784069 
841 228 9 13 0.037732065 
698 229 9 12 0.03763479 
361 161 9 11 0.03759341 
532 176 8 10 0.03758455 
708 341 14 16 0.037521575 
309 182 9 11 0.03748946 
368 151 7 10 0.037391815 
495 255 11 14 0.037260447 
861 197 8 11 0.037255783 
415 243 10 14 0.03719856 
378 174 11 13 0.037167683 
456 174 9 11 0.036930732 
414 215 10 13 0.036684167 
837 262 13 17 0.036662508 
825 237 9 10 0.036453396 
135 167 11 12 0.036375545 
233 143 8 11 0.036220737 
408 298 12 16 0.03619885 
860 350 12 19 0.0361874 
763 255 14 20 0.0360336 
320 358 25 29 0.036029167 
235 194 12 14 0.035992138 
551 322 17 20 0.035974614 
254 270 11 15 0.03584681 
531 244 9 13 0.035809025 
310 144 7 10 0.035790376 
376 190 10 12 0.035598185 
709 192 8 10 0.035583436 
705 203 9 11 0.035458934 
704 176 8 10 0.03544728 
184 181 11 15 0.035171244 
869 306 13 18 0.03503959 
408 220 11 15 0.034984443 
934 247 10 13 0.034948226 
163 171 13 15 0.034684878 
755 152 7 10 0.03446687 
286 282 21 25 0.03444324 
622 251 13 18 0.034324896 
625 192 7 10 0.034246635 
927 274 11 16 0.03422979 
900 212 9 13 0.03420355 
313 158 9 10 0.034114018 
695 238 11 14 0.034090895 
544 150 7 10 0.033941388 
981 235 10 14 0.033591904 
311 365 10 15 0.033585794 
757 206 9 11 0.033309344 
346 203 9 12 0.033061247 
735 192 7 10 0.033052348 
800 246 9 12 0.032966014 
531 149 8 10 0.03291698 
729 301 16 20 0.032869287 
903 208 8 11 0.032758534 
496 134 7 9 0.032678004 
591 244 9 12 0.03260207 
15 213 10 12 0.03251278 
569 168 10 13 0.032364354 
845 230 10 13 0.032223664 
135 189 12 14 0.032111246 
537 221 10 13 0.03209756 
887 207 9 12 0.032003615 
174 183 11 15 0.03198489 
899 251 13 16 0.031924564 
573 244 11 14 0.03188147 
430 143 8 10 0.031866256 
902 222 10 12 0.03184186 
109 223 10 12 0.03183013 
998 224 9 12 0.031804767 
616 230 9 12 0.03172196 
633 182 9 11 0.031686302 
489 217 19 21 0.03146629 
716 276 14 17 0.031421274 
488 215 12 15 0.03141355 
887 255 10 13 0.031342812 
462 181 8 11 0.030838124 
961 268 11 14 0.030819913 
565 239 13 17 0.03081824 
821 300 13 16 0.030806953 
654 293 16 20 0.03079769 
865 265 13 16 0.030701885 
835 316 14 17 0.030647427 
238 180 10 14 0.030638238 
836 331 16 20 0.030545006 
332 197 10 13 0.030530784 
691 422 13 17 0.030469963 
53 176 9 10 0.03040907 
770 174 8 10 0.030400705 
701 235 10 13 0.03038937 
465 346 18 21 0.030373083 
654 221 11 13 0.030288147 
444 259 10 15 0.030212367 
373 205 10 12 0.030155208 
883 229 11 15 0.030149309 
298 280 19 26 0.03010672 
534 206 9 12 0.030073725 
810 298 15 18 0.029959783 
309 220 10 13 0.02990099 
193 268 14 18 0.029869223 
910 222 10 12 0.029798273 
558 243 10 15 0.029621623 
11 177 11 13 0.0295954 
523 167 8 10 0.029492991 
556 174 10 12 0.029481351 
477 195 9 12 0.029478237 
321 153 7 10 0.02944952 
848 190 9 11 0.029436793 
310 151 8 9 0.029393312 
975 268 13 16 0.029280959 
752 236 12 15 0.029218601 
518 187 10 12 0.029205725 
215 240 14 20 0.029010285 
694 143 8 11 0.029004015 
919 192 8 9 0.028949304 
494 196 9 12 0.028893964 
740 239 11 14 0.028872056 
195 279 19 26 0.028827487 
372 365 24 32 0.028711772 
426 300 15 21 0.028618377 
428 158 8 10 0.028601523 
102 168 8 11 0.028585183 
462 142 8 9 0.028458834 
704 346 14 15 0.028287325 
387 179 11 12 0.028286079 
780 199 10 12 0.028251447 
627 243 14 16 0.028176507 
750 228 13 15 0.028110033 
559 160 9 10 0.028067524 
409 215 9 13 0.028017757 
425 204 9 11 0.027958417 
766 215 8 9 0.02786044 
861 312 12 18 0.027810607 
771 246 10 14 0.027779432 
805 308 14 24 0.027727284 
837 324 14 17 0.027671933 
382 196 9 11 0.027651923 
841 237 9 11 0.027650142 
915 247 20 24 0.027395975 
686 236 10 15 0.027367145 
78 192 7 9 0.027215088 
842 288 19 24 0.027124293 
375 197 9 11 0.026993603 
309 247 14 20 0.026982203 
420 240 12 17 0.02697148 
963 232 13 16 0.026887376 
776 280 17 19 0.026881633 
567 182 8 10 0.02680283 
958 274 11 15 0.02672111 
693 343 10 12 0.026650477 
411 246 23 28 0.026635243 
297 166 9 12 0.026622303 
525 179 10 12 0.026573274 
481 160 7 9 0.02651586 
751 244 12 14 0.026495142 
505 333 12 15 0.026446592 
604 373 22 29 0.02636249 
752 174 7 9 0.02632646 
656 229 9 12 0.02631784 
232 148 9 11 0.026173383 
548 251 11 14 0.02603574 
137 197 11 13 0.025956824 
630 237 12 15 0.02585002 
374 350 24 26 0.025835562 
547 215 12 14 0.02583252 
702 166 7 9 0.02582188 
360 203 10 12 0.025800727 
472 132 8 9 0.025614029 
911 236 9 12 0.025600629 
814 321 16 20 0.025328008 
376 297 11 16 0.025275322 
689 126 8 10 0.025273265 
462 214 9 11 0.025211435 
1006 235 21 27 0.025174867 
698 159 8 10 0.025150552 
713 214 10 13 0.024940562 
757 275 12 16 0.024939027 
574 196 8 10 0.024888195 
836 270 14 19 0.02483478 
560 237 11 15 0.024817236 
361 282 16 22 0.024800997 
843 370 16 20 0.024798002 
958 206 10 11 0.024789112 
1002 227 12 15 0.024787728 
512 176 10 13 0.024785757 
678 233 13 17 0.024707124 
119 248 20 24 0.02470096 
960 263 9 11 0.024699952 
926 199 9 11 0.024582662 
112 213 11 12 0.024570633 
541 216 18 22 0.024557399 
797 298 14 22 0.02454886 
325 153 8 9 0.024539473 
22 215 8 11 0.024460543 
823 221 9 10 0.024452217 
743 222 10 12 0.024446458 
840 224 9 11 0.02434567 
738 297 15 19 0.024341274 
981 261 11 14 0.024332048 
689 148 9 10 0.024313452 
311 231 12 16 0.024288684 
244 189 11 12 0.024269242 
117 233 11 15 0.024238404 
872 214 9 10 0.024208933 
686 368 42 47 0.024195347 
55 199 10 12 0.024186477 
197 176 12 14 0.024175918 
701 299 20 26 0.024096793 
141 174 9 12 0.024062319 
409 173 9 12 0.024062067 
754 157 7 8 0.024044745 
120 258 13 18 0.024005469 
159 187 15 19 0.023951788 
359 160 17 24 0.023913326 
820 306 13 19 0.023901977 
324 228 13 17 0.023890298 
566 225 18 23 0.02382097 
783 142 7 10 0.023811316 
829 251 10 14 0.023721311 
566 307 21 31 0.023696983 
183 102 10 13 0.023668675 
757 172 8 10 0.023636855 
73 192 7 9 0.023611033 
351 215 10 13 0.023564914 
332 173 10 13 0.02356466 
836 296 14 19 0.023479193 
871 247 11 14 0.023477593 
926 283 11 15 0.023460977 
488 193 11 13 0.023437718 
268 166 8 11 0.023418736 
816 213 7 9 0.023383655 
4 181 9 13 0.023380492 
284 370 12 18 0.023354385 
239 161 18 24 0.023339974 
788 267 12 16 0.023228273 
845 251 11 15 0.023145432 
181 175 11 13 0.023139233 
500 215 10 12 0.023124116 
568 190 9 11 0.023119131 
625 196 9 12 0.023110377 
725 285 15 21 0.023099193 
637 199 9 11 0.023094652 
329 291 22 27 0.023047134 
727 270 12 15 0.023010653 
614 118 199 216 0.022989705 
310 393 14 17 0.022977062 
721 200 10 10 0.022957817 
294 205 9 12 0.022956202 
884 302 14 20 0.022946766 
554 142 7 9 0.022917842 
630 159 7 10 0.022903161 
318 222 11 14 0.022888385 
788 351 25 30 0.02286038 
526 161 9 11 0.022838922 
455 214 9 12 0.022831969 
629 219 11 13 0.022739714 
464 240 12 16 0.022613827 
139 287 22 28 0.022561315 
759 156 7 10 0.022540778 
792 246 9 12 0.022485597 
798 314 15 24 0.0224776 
634 233 20 24 0.02246096 
161 248 15 18 0.022438193 
381 187 11 14 0.022423297 
248 198 10 12 0.022422377 
829 238 9 10 0.02237951 
662 213 11 14 0.022366012 
495 205 10 14 0.02233358 
630 190 9 11 0.022320598 
462 207 8 10 0.022295374 
994 160 8 9 0.022227123 
756 233 19 22 0.022209145 
698 360 26 28 0.02218154 
14 197 10 12 0.022179497 
325 182 10 13 0.022175299 
741 227 11 13 0.02216589 
241 161 8 10 0.022089973 
96 212 8 11 0.022088079 
109 179 9 11 0.022073625 
209 144 7 10 0.022062209 
321 66 198 223 0.022053132 
625 213 9 12 0.02200132 
123 264 15 17 0.021997144 
727 237 11 14 0.021986876 
877 192 8 10 0.021965684 
290 298 13 18 0.021915872 
722 159 6 9 0.02190079 
734 238 12 15 0.021872666 
941 236 12 14 0.02184636 
519 209 10 13 0.021808902 
837 251 12 15 0.021727927 
468 237 19 24 0.021725576 
672 175 8 10 0.021714106 
253 200 19 24 0.021630857 
728 193 10 13 0.021625388 
238 259 12 15 0.02162213 
851 338 14 19 0.021484988 
190 281 15 20 0.02145433 
317 371 15 17 0.021264097 
649 173 9 11 0.021155654 
992 234 11 15 0.021144873 
282 447 32 39 0.021120293 
846 347 15 20 0.021118846 
486 184 18 23 0.021077324 
190 219 13 17 0.021027735 
436 235 11 15 0.02096983 
514 175 18 22 0.02088699 
502 236 12 15 0.02082736 
605 188 10 13 0.020776445 
764 231 10 13 0.020774964 
895 209 10 11 0.020760598 
975 236 10 13 0.020721318 
805 285 10 14 0.020692663 
853 182 9 10 0.020622564 
799 292 13 18 0.020600695 
214 163 9 13 0.020590566 
410 238 9 13 0.020565165 
190 205 11 14 0.020552482 
513 199 10 13 0.020523988 
893 190 8 10 0.020477476 
990 275 13 16 0.020474704 
438 244 10 14 0.020455861 
117 211 10 12 0.020380154 
830 216 10 11 0.02029266 
380 171 17 22 0.020204421 
445 197 9 11 0.020196257 
381 206 11 14 0.02015392 
642 241 13 17 0.02014165 
717 213 10 12 0.020120408 
694 223 9 11 0.020082239 
741 288 20 25 0.020056222 
271 161 9 11 0.020018725 
