11_Meeting_Meeting_11_Meeting_Meeting_11_441
126
648 290 30 37 0.99860257 
554 279 26 32 0.99802643 
403 279 24 36 0.99725527 
254 303 27 49 0.994241 
461 274 24 31 0.990493 
732 292 26 38 0.98023957 
759 332 27 38 0.9332701 
377 306 25 45 0.8997435 
740 336 25 33 0.895306 
138 359 35 66 0.8610713 
144 497 68 74 0.74491 
623 319 26 32 0.7245395 
817 341 28 47 0.66686636 
424 351 36 59 0.59427696 
671 11 12 16 0.59139735 
907 582 98 113 0.56459355 
208 470 59 96 0.54657 
625 434 28 33 0.47755027 
406 354 41 54 0.46248782 
387 368 47 49 0.43294296 
601 225 10 14 0.4209632 
327 302 25 37 0.37529787 
569 246 12 14 0.31657615 
849 362 37 41 0.29810908 
780 343 34 43 0.2739492 
223 197 15 20 0.23910993 
776 11 11 14 0.23263246 
226 452 56 89 0.18011919 
584 470 33 35 0.14613092 
831 352 36 43 0.12912539 
208 632 71 55 0.12308899 
262 321 31 44 0.11724727 
341 321 39 44 0.09385455 
170 487 82 83 0.09320256 
848 256 12 16 0.086162575 
116 470 57 74 0.08259052 
555 228 9 13 0.0779913 
361 315 32 43 0.076947324 
255 629 56 55 0.07666352 
221 183 13 16 0.07025381 
735 312 35 46 0.06575999 
767 334 33 45 0.061294224 
185 626 67 52 0.060142312 
622 324 17 20 0.0591927 
220 208 17 23 0.057836756 
299 131 32 35 0.056987878 
558 195 13 17 0.05416515 
216 183 11 14 0.05233101 
871 255 13 15 0.051761523 
995 259 12 15 0.049545296 
870 342 30 43 0.048544988 
752 337 22 30 0.04772831 
238 651 35 36 0.047681667 
620 245 10 13 0.046363857 
212 198 20 27 0.04434987 
48 93 118 172 0.0441457 
917 198 14 18 0.042892165 
225 188 13 16 0.0423151 
367 357 47 56 0.04028984 
962 419 19 25 0.040268026 
195 199 23 27 0.03990511 
662 426 33 42 0.03951714 
272 335 19 27 0.038997993 
218 186 21 26 0.03890797 
677 292 13 20 0.03844664 
615 244 10 13 0.037709594 
583 391 15 19 0.037624586 
1013 410 10 18 0.037462685 
597 244 12 15 0.037393752 
248 172 12 17 0.03710372 
282 640 38 41 0.036876976 
976 261 8 12 0.035924736 
748 298 28 31 0.03584851 
278 389 52 60 0.03557672 
126 438 60 86 0.03533642 
385 295 26 43 0.035198856 
606 243 12 14 0.03481951 
586 240 9 11 0.034737993 
423 336 29 45 0.034548707 
802 212 12 15 0.034351032 
556 234 10 15 0.033343803 
246 377 51 68 0.03297969 
501 593 13 14 0.03149318 
938 584 50 53 0.029962162 
583 361 28 37 0.02992905 
676 37 9 12 0.029533064 
634 426 42 43 0.029434681 
598 222 18 22 0.029104335 
248 165 11 16 0.029057954 
132 511 109 95 0.02885837 
867 360 32 44 0.028472995 
578 481 30 32 0.02841974 
122 386 52 84 0.028278794 
603 461 13 17 0.02826412 
794 334 33 50 0.027800167 
624 364 12 17 0.027505198 
81 348 47 66 0.027221408 
335 307 34 45 0.027111543 
246 419 52 74 0.026751658 
224 389 57 77 0.026430346 
718 648 48 47 0.026385508 
223 505 57 88 0.026179958 
415 403 51 73 0.025588246 
670 44 11 13 0.025492296 
738 330 20 27 0.025160532 
270 393 37 47 0.025109677 
581 496 16 18 0.024818568 
974 267 10 13 0.024810698 
857 231 11 14 0.02453956 
735 285 13 21 0.024298476 
269 481 30 50 0.024237456 
460 236 13 16 0.024103707 
589 331 14 16 0.02287396 
677 31 10 14 0.02279352 
1005 259 11 14 0.022432381 
254 222 13 16 0.022319345 
235 163 13 16 0.02201111 
810 385 36 44 0.021802265 
582 380 22 28 0.021539947 
583 243 10 13 0.02130623 
634 428 19 23 0.02115279 
908 362 17 18 0.021047141 
555 268 15 18 0.02045061 
868 478 27 30 0.020385172 
220 173 11 15 0.020274911 
241 539 31 44 0.020008393 
