11_Meeting_Meeting_11_Meeting_Meeting_11_349
139
475 50 16 20 0.99556255 
524 50 17 21 0.99200386 
666 46 18 22 0.9904336 
699 63 16 19 0.9731203 
629 57 20 27 0.97288835 
427 37 16 22 0.9640617 
587 51 17 24 0.9615666 
203 171 65 120 0.95099616 
145 35 19 26 0.93740296 
981 51 13 15 0.8938841 
825 52 17 24 0.890912 
727 56 19 22 0.87150586 
858 55 15 19 0.81486475 
894 51 11 14 0.7559933 
788 59 12 17 0.6657998 
606 50 17 22 0.6148242 
748 91 16 19 0.4617749 
821 68 18 23 0.29457867 
574 110 14 16 0.21304773 
901 53 10 14 0.19256695 
643 102 18 22 0.16151138 
835 34 12 15 0.15133308 
913 76 12 14 0.13001661 
399 78 11 13 0.11760188 
909 55 10 13 0.11613405 
953 53 8 10 0.106136516 
803 117 15 21 0.10418923 
600 97 14 18 0.10112377 
986 56 14 17 0.08550577 
572 24 15 19 0.08474318 
462 83 14 17 0.07890363 
414 339 45 55 0.07711654 
603 59 19 22 0.07574639 
556 57 14 18 0.07463566 
555 93 12 16 0.07342249 
967 53 9 12 0.072017126 
782 62 16 20 0.07076741 
853 45 11 13 0.06252829 
575 51 16 18 0.060160816 
819 100 13 16 0.059629824 
513 11 14 18 0.05911994 
852 63 16 21 0.05834361 
594 52 22 28 0.055318523 
774 62 14 20 0.054844942 
370 58 11 14 0.054698348 
758 69 11 14 0.053382028 
846 36 12 16 0.05304901 
706 143 24 28 0.052323747 
926 53 10 11 0.05177118 
498 91 14 17 0.05065408 
823 126 13 16 0.050140638 
959 53 8 10 0.048105974 
735 48 13 17 0.04750583 
794 128 15 19 0.04654464 
855 85 13 17 0.046397634 
867 53 12 17 0.043768108 
498 82 13 18 0.043123834 
149 181 87 121 0.042307023 
424 377 32 34 0.041747585 
927 49 8 10 0.0413825 
403 85 12 15 0.04017113 
307 361 51 49 0.039905496 
878 69 12 15 0.03948469 
773 74 11 16 0.039289363 
845 57 15 18 0.038978733 
965 61 9 12 0.03885188 
960 63 9 12 0.03868152 
570 109 11 14 0.038397413 
447 140 13 16 0.038030855 
986 49 13 16 0.03643939 
879 84 14 17 0.03552874 
868 82 13 17 0.034452595 
848 67 12 17 0.034398645 
964 69 9 13 0.033430688 
848 119 9 10 0.032614693 
575 31 22 27 0.032246992 
637 109 23 26 0.031127 
776 93 11 14 0.030752786 
610 100 15 20 0.03045647 
921 48 8 9 0.030431835 
829 48 12 16 0.030361753 
640 2 18 21 0.029802665 
795 1 14 17 0.028726391 
560 182 9 12 0.028576117 
919 54 10 11 0.028547406 
566 22 14 19 0.028407853 
999 133 11 14 0.02840315 
463 61 10 14 0.028173698 
889 48 11 15 0.027609486 
459 14 14 21 0.027598102 
834 41 14 19 0.027547969 
573 180 45 53 0.027373074 
916 60 12 15 0.027350346 
834 55 13 19 0.026778849 
455 62 10 14 0.026579265 
658 46 19 26 0.026503086 
652 49 15 21 0.02646112 
989 65 15 16 0.026345506 
53 0 71 70 0.026042249 
771 134 15 19 0.026024794 
804 126 16 19 0.025790608 
885 77 12 14 0.025552316 
456 78 11 15 0.025435334 
767 66 11 17 0.025210747 
571 110 25 27 0.024804423 
870 119 11 13 0.024545375 
514 84 16 20 0.024453318 
810 116 13 18 0.024351183 
563 50 15 19 0.024204649 
797 83 12 16 0.023998754 
458 5 15 18 0.023889795 
485 85 14 17 0.023856012 
498 2 14 17 0.023472024 
749 69 13 17 0.023091538 
440 136 23 28 0.022782449 
870 76 12 15 0.022674235 
977 47 11 16 0.022590907 
909 68 19 23 0.022555877 
738 65 15 18 0.022358084 
953 60 10 13 0.022351114 
769 75 10 14 0.021905629 
821 27 11 16 0.02168039 
229 279 120 133 0.021675507 
794 60 10 15 0.021665873 
936 63 10 13 0.021619324 
1006 65 14 17 0.021584045 
398 126 42 58 0.02157255 
431 58 12 16 0.021571077 
790 85 12 14 0.021543961 
838 23 9 13 0.021243216 
427 132 15 19 0.02121146 
579 20 14 18 0.021030538 
467 88 13 16 0.020847855 
861 88 15 17 0.02071514 
755 2 16 19 0.020709706 
804 73 12 17 0.020676102 
892 78 11 12 0.020225555 
476 107 16 19 0.02004859 
566 29 21 28 0.020007242 
