11_Meeting_Meeting_11_Meeting_Meeting_11_176
58
337 227 26 33 0.9991443 
120 245 34 45 0.9987696 
499 212 22 30 0.99700254 
794 89 43 63 0.996646 
412 219 25 31 0.9956131 
654 203 22 28 0.9947988 
692 248 35 44 0.9947056 
215 270 25 32 0.9939751 
189 212 21 28 0.98896015 
16 235 25 31 0.9679117 
571 213 19 25 0.96084607 
167 76 20 27 0.9540714 
284 213 20 25 0.9536161 
589 254 14 17 0.6597 
355 219 18 22 0.60738784 
648 283 28 49 0.49051568 
69 280 31 30 0.3008311 
6 212 40 55 0.25342464 
428 324 40 59 0.10312233 
899 237 16 22 0.0993077 
774 246 31 36 0.091462865 
470 364 38 43 0.08050433 
139 258 26 33 0.06129675 
649 488 39 49 0.055695307 
148 270 22 30 0.048985984 
38 328 43 51 0.047451 
203 148 14 17 0.04644822 
226 263 21 32 0.041880514 
736 451 94 130 0.041256443 
155 266 17 23 0.04088133 
324 242 16 21 0.039354037 
410 212 20 24 0.03684881 
619 371 46 59 0.035071366 
283 346 45 66 0.03312751 
235 255 22 30 0.031416308 
36 274 16 22 0.03122319 
4 233 27 36 0.030903904 
188 372 80 113 0.030811638 
466 226 15 20 0.029880626 
327 219 14 19 0.029749122 
667 197 28 33 0.029215029 
218 260 20 27 0.02853273 
284 290 17 24 0.026997535 
157 261 13 18 0.026864283 
81 276 19 23 0.025744911 
60 285 32 37 0.025660278 
88 283 16 20 0.025462072 
324 346 34 37 0.023916146 
253 253 22 28 0.023492983 
635 233 22 28 0.022782521 
542 284 16 17 0.022576991 
677 345 54 69 0.022477025 
780 261 19 21 0.021325609 
457 343 45 53 0.021051787 
361 237 22 31 0.020856904 
568 323 24 32 0.020556254 
709 184 14 18 0.020351231 
677 237 33 37 0.020035546 
