11_Meeting_Meeting_11_Meeting_Meeting_11_385
201
943 248 49 83 0.9994116 
830 90 25 34 0.9971276 
160 209 29 47 0.99567837 
771 216 39 44 0.9925148 
656 161 24 30 0.9885289 
834 219 37 41 0.987833 
711 170 24 35 0.98306435 
281 180 23 33 0.97563964 
432 102 9 12 0.9571607 
361 153 15 21 0.9546082 
772 146 13 16 0.9339285 
802 175 25 36 0.9213404 
37 263 49 71 0.9191209 
911 162 14 18 0.90091085 
288 172 23 30 0.8832476 
384 148 13 17 0.87887585 
69 226 40 54 0.83771574 
600 147 11 14 0.8341817 
758 145 12 17 0.8044096 
959 164 17 19 0.8007928 
297 168 20 26 0.7996826 
705 111 10 14 0.79918355 
620 146 13 17 0.72186893 
737 100 8 12 0.68513906 
575 107 9 12 0.64258385 
791 136 10 14 0.64182067 
661 134 13 17 0.6025351 
454 146 9 13 0.5974288 
885 178 15 19 0.51923746 
644 158 13 18 0.4900409 
550 106 10 13 0.39208823 
583 150 9 12 0.3824142 
591 169 10 14 0.35251823 
971 162 14 17 0.32556158 
324 197 17 22 0.29416195 
307 112 17 21 0.2752853 
788 168 15 18 0.2565938 
868 216 34 41 0.2367361 
826 210 24 37 0.23407744 
525 103 8 12 0.21007892 
654 140 13 17 0.20334533 
565 184 9 12 0.20224455 
736 138 10 14 0.20112589 
795 164 15 19 0.19679928 
514 114 13 17 0.19306272 
812 118 16 23 0.1802399 
817 376 62 49 0.17684375 
715 161 19 26 0.17187315 
761 222 31 37 0.16979179 
1008 172 13 20 0.16490825 
645 149 13 17 0.16031857 
434 174 9 12 0.15329528 
518 108 12 15 0.14613743 
792 168 23 28 0.14072487 
662 130 9 11 0.13967992 
616 144 12 15 0.13770938 
738 179 12 16 0.13619326 
376 169 13 17 0.13517691 
196 263 29 33 0.13129026 
784 606 80 63 0.13001397 
649 153 21 27 0.1251082 
53 237 49 70 0.11387734 
575 180 10 12 0.11274405 
711 132 11 14 0.10899172 
594 137 8 10 0.10453631 
753 224 25 32 0.10442508 
313 95 9 11 0.10028822 
418 23 23 27 0.094465114 
815 181 27 31 0.09100952 
710 140 13 15 0.08835648 
714 109 9 12 0.08596369 
438 169 9 11 0.07960956 
629 143 9 13 0.07626033 
370 18 26 27 0.07531086 
315 119 13 17 0.07437896 
788 178 27 31 0.072841816 
491 181 11 13 0.071093194 
578 150 9 11 0.07042927 
648 143 12 16 0.06950183 
764 143 16 22 0.068181515 
741 141 11 15 0.067733645 
570 109 8 12 0.06536241 
593 165 13 16 0.064590506 
583 174 9 11 0.06393042 
407 176 10 12 0.06334312 
653 144 23 28 0.06315721 
400 180 12 13 0.062014695 
580 179 10 13 0.06049746 
556 108 11 13 0.058498617 
511 110 12 15 0.05781884 
310 101 13 16 0.057434265 
809 118 12 16 0.055774007 
810 112 9 11 0.055507626 
609 209 15 18 0.053901583 
606 165 12 16 0.05078916 
802 119 21 28 0.050294317 
324 190 14 19 0.048930436 
503 103 9 12 0.047492225 
504 115 10 14 0.04746598 
593 141 10 13 0.047313143 
557 102 11 13 0.046163592 
28 0 13 11 0.04595147 
751 143 11 14 0.04368889 
560 203 8 11 0.04192516 
304 108 14 19 0.040805787 
293 343 54 92 0.040061396 
819 583 116 105 0.039721787 
710 146 15 18 0.039521165 
512 120 11 14 0.03932562 
181 265 41 52 0.038330693 
603 154 13 16 0.038323265 
789 136 18 21 0.037999094 
801 163 17 23 0.037859756 
412 175 9 12 0.037805773 
451 143 9 13 0.037742708 
581 190 13 15 0.037716135 
437 215 10 14 0.037549585 
559 197 11 14 0.0375245 
589 93 9 11 0.036700267 
454 241 330 423 0.03617755 
314 108 14 20 0.03609534 
783 176 16 21 0.035737008 
587 194 15 16 0.035324965 
759 295 36 37 0.03376207 
388 189 13 13 0.033170562 
709 156 17 21 0.033125434 
525 112 12 19 0.032298435 
432 178 9 11 0.032230284 
990 189 15 19 0.030480627 
349 306 28 33 0.030229744 
737 162 14 17 0.030148318 
904 207 26 33 0.02959043 
559 97 9 11 0.029358316 
547 103 9 13 0.029002385 
560 128 10 12 0.028967952 
354 28 12 16 0.028900849 
853 246 28 33 0.028884646 
322 15 26 27 0.028738853 
878 584 62 83 0.028582774 
933 181 12 16 0.02839958 
702 121 11 14 0.027879264 
809 78 9 10 0.027421204 
1013 167 11 18 0.027336584 
599 212 14 16 0.027196418 
981 189 26 29 0.027125822 
551 190 9 13 0.027112423 
791 113 9 12 0.027021425 
504 109 10 14 0.026849886 
698 115 11 15 0.02641899 
826 201 18 28 0.026402771 
429 98 16 21 0.026023868 
28 352 45 65 0.025759093 
305 103 11 15 0.025357412 
559 180 18 22 0.025322236 
584 145 10 12 0.025136204 
568 115 9 12 0.025115952 
575 82 97 118 0.024982452 
189 248 26 33 0.024963016 
47 13 11 12 0.024949266 
664 138 13 17 0.024671424 
885 157 9 13 0.024382746 
800 124 12 14 0.024380164 
459 149 9 12 0.024078904 
390 171 12 14 0.024076575 
315 410 15 21 0.023791036 
11 0 14 12 0.023639051 
628 164 13 17 0.023446733 
369 155 14 18 0.02341493 
518 103 19 26 0.023347752 
697 125 10 13 0.02313529 
404 187 12 14 0.023118295 
437 148 11 14 0.022946646 
188 248 15 19 0.02292181 
498 115 11 15 0.022595456 
511 103 11 14 0.022234699 
575 187 11 14 0.022139393 
449 143 19 23 0.022096002 
580 104 9 11 0.022085316 
821 213 17 25 0.021777818 
396 185 14 15 0.021723043 
498 103 8 12 0.021694161 
551 126 8 11 0.021605505 
329 193 24 27 0.021594392 
204 252 15 20 0.021406993 
571 104 19 24 0.021336602 
374 233 13 17 0.02131623 
424 182 8 10 0.02123897 
589 157 12 14 0.021228768 
607 200 11 14 0.021190546 
825 169 28 33 0.021030076 
527 120 11 15 0.020991294 
854 231 34 35 0.020922877 
661 274 13 21 0.020837553 
438 158 10 12 0.02073237 
816 101 9 13 0.020583939 
929 609 34 57 0.020515481 
701 138 13 16 0.020388601 
188 231 14 22 0.020332482 
598 140 18 23 0.020237997 
723 173 21 28 0.020071914 
851 257 25 36 0.020017948 
