11_Meeting_Meeting_11_Meeting_Meeting_11_560
103
669 412 25 33 0.9985032 
559 400 26 32 0.9984823 
324 428 34 42 0.9984553 
194 574 46 67 0.9979741 
607 414 22 30 0.99055743 
743 395 22 30 0.9890364 
399 409 22 28 0.98903465 
78 453 32 39 0.9889522 
444 417 22 28 0.98716134 
759 431 35 51 0.98332083 
525 417 23 31 0.98123634 
2 462 32 49 0.9791173 
198 419 28 34 0.9778466 
461 395 20 29 0.9680282 
90 503 39 51 0.96521854 
642 397 21 27 0.96087986 
240 409 22 28 0.9467243 
829 437 40 54 0.94612336 
488 401 20 29 0.9329852 
701 413 19 24 0.9323534 
357 419 21 32 0.9085193 
79 688 44 65 0.9037443 
180 512 38 40 0.8272362 
354 390 24 31 0.789324 
500 385 18 23 0.7699523 
236 459 24 31 0.7188603 
304 661 55 48 0.5465257 
542 387 18 22 0.44842175 
411 387 21 26 0.31581002 
492 393 22 29 0.30533808 
818 385 17 22 0.28030458 
162 517 36 39 0.25998184 
154 522 24 36 0.13009912 
405 397 22 29 0.120225094 
40 691 55 65 0.11442165 
688 487 34 47 0.09609387 
265 703 35 41 0.0955467 
239 469 27 33 0.09412686 
630 397 13 18 0.08839728 
298 653 33 39 0.08410228 
461 390 16 20 0.07184582 
472 400 21 29 0.07167991 
813 382 16 19 0.067030326 
210 415 29 34 0.062321395 
629 400 25 31 0.060093455 
779 425 29 39 0.05918739 
310 593 37 40 0.055693965 
253 334 42 58 0.052453518 
150 530 14 20 0.052282114 
395 695 67 70 0.052271023 
228 437 35 42 0.05140493 
5 189 8 10 0.051209874 
782 198 12 15 0.049693897 
751 439 29 37 0.048630696 
226 414 31 36 0.047404706 
39 207 14 16 0.04735845 
337 391 26 31 0.046996016 
674 463 26 35 0.046536528 
588 439 23 28 0.045716867 
92 445 16 21 0.044660885 
617 412 24 31 0.044571254 
212 388 12 15 0.043635856 
289 659 85 82 0.04237402 
546 393 27 33 0.042057306 
227 678 58 48 0.041357093 
675 476 28 39 0.03863643 
165 523 16 21 0.038181774 
0 727 27 44 0.03518769 
631 392 11 13 0.034647662 
131 76 13 17 0.03393773 
222 525 38 48 0.033312324 
356 403 19 26 0.032898337 
515 533 43 49 0.031960018 
21 202 11 14 0.030891525 
808 386 15 20 0.029324053 
176 453 23 27 0.028825853 
16 702 59 64 0.028509185 
700 480 35 48 0.02828478 
768 262 8 10 0.028214801 
825 381 15 21 0.02813336 
13 203 11 13 0.027759098 
718 433 16 20 0.026948756 
498 382 13 16 0.026921336 
648 550 24 42 0.025523594 
333 393 17 22 0.025360353 
251 510 18 26 0.025223421 
239 678 36 31 0.025163827 
354 669 92 92 0.024615906 
98 687 45 67 0.024598742 
2 -38 451 472 0.024258068 
239 521 28 39 0.023998061 
215 444 28 36 0.02394325 
347 400 35 48 0.02383708 
317 576 50 46 0.023544122 
741 201 11 12 0.023033513 
190 522 45 53 0.022724057 
95 456 18 25 0.022673283 
766 419 30 35 0.022541285 
206 549 45 65 0.022503022 
303 692 34 42 0.021231424 
281 625 44 57 0.021184942 
270 676 65 59 0.020710621 
486 397 17 21 0.020361343 
