11_Meeting_Meeting_11_Meeting_Meeting_11_206
79
801 215 36 50 0.99876946 
90 320 43 65 0.995769 
475 256 34 45 0.99396557 
188 365 45 85 0.9934477 
301 279 34 44 0.98906493 
616 235 33 44 0.9854966 
51 191 14 20 0.9758505 
141 186 16 22 0.96893185 
315 185 15 18 0.9552602 
958 305 41 74 0.8949333 
870 306 40 71 0.85290515 
220 187 16 23 0.5672146 
275 191 15 20 0.42462027 
332 210 16 21 0.28587994 
893 245 48 49 0.25829053 
838 237 31 38 0.2354908 
283 190 15 19 0.21547028 
92 210 14 22 0.20701167 
95 205 13 18 0.17664073 
85 215 17 21 0.11971558 
566 265 31 36 0.0823884 
534 456 52 61 0.07365159 
846 310 46 67 0.070153154 
188 274 40 47 0.06473377 
191 355 32 56 0.0634198 
348 179 13 16 0.06242472 
191 187 12 17 0.060626373 
574 208 30 36 0.060578514 
245 191 10 14 0.058581807 
590 439 31 55 0.054176077 
284 180 14 19 0.0515109 
878 269 51 72 0.050794367 
31 221 11 13 0.05006074 
291 187 11 18 0.049542017 
949 280 47 73 0.0482233 
265 190 20 27 0.04436409 
361 248 13 18 0.0437327 
405 236 11 14 0.041764718 
148 300 40 50 0.041093368 
561 458 50 57 0.04081311 
59 346 27 46 0.040319137 
832 250 37 43 0.0402533 
611 208 24 26 0.040041987 
901 310 52 74 0.039833292 
77 218 18 20 0.038694337 
906 257 54 70 0.03570481 
261 224 13 17 0.035663992 
271 227 24 34 0.03447841 
761 497 33 36 0.034384023 
592 417 29 47 0.03426172 
164 286 37 46 0.033802226 
205 184 21 27 0.030123357 
613 224 29 37 0.028864115 
320 181 15 19 0.027670173 
325 172 12 17 0.02739296 
425 190 10 14 0.026907323 
199 339 47 68 0.026670394 
824 330 61 75 0.025394848 
246 269 32 46 0.025115684 
806 333 99 116 0.025026213 
318 176 12 16 0.024555618 
449 193 12 15 0.024225831 
214 197 16 19 0.023802768 
975 308 47 76 0.02370572 
68 209 16 20 0.023383621 
934 319 60 82 0.022869071 
320 481 64 77 0.022779698 
220 210 14 17 0.022557579 
277 182 15 18 0.022372587 
135 188 16 21 0.021693802 
325 168 10 12 0.021597905 
274 450 104 128 0.021539573 
428 192 13 17 0.021381384 
613 206 14 18 0.021160392 
195 182 12 16 0.020547088 
158 204 13 16 0.020378545 
97 214 15 21 0.020363824 
320 387 47 61 0.020211015 
132 221 12 15 0.020010207 
