11_Meeting_Meeting_11_Meeting_Meeting_11_26
258
250 260 15 18 0.96059203 
218 273 18 23 0.92505217 
310 253 12 16 0.91512346 
179 282 15 26 0.8835612 
782 269 15 19 0.84031284 
341 239 13 16 0.79714954 
829 293 20 27 0.78792346 
153 306 23 33 0.75294983 
807 278 18 22 0.74467117 
273 254 10 15 0.7330882 
198 237 16 21 0.6499729 
764 315 11 13 0.59446156 
403 237 8 10 0.5463403 
203 287 14 18 0.45411137 
378 236 10 12 0.44298068 
729 251 9 13 0.41440073 
165 234 10 13 0.37687007 
677 239 7 11 0.33182463 
732 248 9 12 0.3053892 
287 240 10 12 0.2881368 
293 252 10 12 0.26710588 
291 245 11 14 0.25795814 
271 352 87 137 0.25110692 
706 246 8 10 0.24506444 
750 253 10 12 0.24374913 
693 246 8 10 0.22852951 
161 277 28 32 0.20969866 
265 201 7 8 0.1780896 
298 269 9 12 0.15536137 
423 232 7 10 0.15498753 
655 237 9 10 0.15131408 
442 231 9 10 0.14574967 
232 239 10 12 0.13112451 
158 293 24 35 0.12802213 
920 336 24 31 0.123263426 
611 228 9 12 0.122263245 
710 239 8 10 0.120982744 
1010 354 14 23 0.11037387 
758 263 8 11 0.10820304 
724 312 10 10 0.10457744 
867 322 17 21 0.1019439 
626 507 95 145 0.10162054 
745 334 11 12 0.101001754 
366 265 9 11 0.09834631 
182 235 9 13 0.09388872 
295 263 9 11 0.09386878 
75 328 31 38 0.09222838 
704 277 8 11 0.09150632 
711 301 9 11 0.08881162 
267 307 14 16 0.08854675 
766 270 9 11 0.08483471 
727 300 10 12 0.082709245 
348 10 16 23 0.081603594 
249 223 10 12 0.07950493 
821 287 20 27 0.0793997 
749 278 10 12 0.07594384 
272 250 10 12 0.072927915 
958 527 52 69 0.07271393 
736 319 9 12 0.07135532 
176 235 9 12 0.07090606 
204 271 20 26 0.069932655 
325 285 9 11 0.06977747 
760 267 9 12 0.06865195 
279 247 9 12 0.067278005 
862 315 14 22 0.06668351 
689 241 7 9 0.065694116 
369 246 9 12 0.06416638 
460 229 7 11 0.0628009 
950 518 76 127 0.06279791 
405 233 8 11 0.059991203 
745 248 9 11 0.058929924 
931 298 18 21 0.05832258 
977 353 13 16 0.057693414 
457 410 17 19 0.056021813 
160 268 18 18 0.05408269 
308 303 13 14 0.053973995 
771 292 11 15 0.05215438 
732 295 11 14 0.05212038 
916 324 25 31 0.05013898 
293 308 13 14 0.049365398 
673 241 9 12 0.048679005 
995 378 12 16 0.048383627 
57 344 43 53 0.04836325 
817 280 15 19 0.047204934 
798 339 14 18 0.047124125 
747 307 13 14 0.047001027 
204 233 12 15 0.04616401 
924 303 26 30 0.044493504 
603 45 31 32 0.04425655 
811 324 15 18 0.04422722 
721 287 8 10 0.04383787 
753 257 10 14 0.04356056 
759 325 10 12 0.04309266 
285 284 10 13 0.04247758 
231 303 14 19 0.04228906 
922 315 25 31 0.04222711 
742 327 11 12 0.04194583 
418 231 8 10 0.041551117 
37 340 48 66 0.041337 
328 294 10 12 0.040801242 
45 201 41 53 0.04034199 
693 252 9 11 0.040248867 
632 232 9 11 0.03974466 
341 271 8 10 0.039443027 
694 242 7 9 0.039401006 
210 241 11 17 0.039385818 
751 271 8 11 0.03924154 
413 398 13 14 0.038854692 
700 285 9 11 0.038456865 
270 205 8 10 0.037261907 
281 382 106 164 0.037186015 
182 274 23 28 0.037080046 
709 278 7 10 0.036971916 
361 270 8 9 0.036964856 
728 271 10 12 0.036903813 
868 305 16 22 0.036481738 
767 301 11 14 0.0364766 
694 263 8 10 0.036329906 
719 294 10 12 0.036151033 
190 264 22 27 0.036056608 
342 234 11 13 0.036007382 
630 236 10 12 0.03593701 
987 231 15 18 0.03506504 
719 302 9 12 0.034851506 
673 233 7 10 0.03446938 
283 239 9 11 0.034453105 
929 330 16 21 0.034339156 
220 262 16 18 0.034236297 
377 47 9 10 0.034088727 
236 237 10 13 0.03377494 
771 316 13 15 0.033565298 
262 214 10 12 0.032786842 
384 223 9 10 0.03277153 
705 250 9 11 0.03257479 
192 235 13 17 0.032337718 
200 267 16 19 0.03213047 
458 224 9 11 0.032037742 
790 341 13 16 0.031906895 
238 245 10 14 0.031754687 
67 424 37 41 0.03142498 
750 283 10 13 0.031283684 
696 286 10 11 0.031211214 
728 243 18 23 0.031204663 
638 232 8 10 0.031095805 
149 307 17 26 0.030934785 
300 293 11 13 0.030854128 
239 252 10 13 0.030720765 
756 253 10 14 0.030663807 
256 206 10 11 0.030458469 
337 272 9 12 0.030041639 
458 235 9 11 0.029982723 
367 252 10 12 0.029920336 
41 491 46 57 0.02990972 
269 200 8 10 0.02967832 
726 316 11 14 0.02963802 
336 289 8 10 0.029410541 
704 295 8 11 0.029278224 
182 266 13 17 0.02925503 
311 287 9 11 0.029208556 
835 286 16 21 0.029102843 
90 404 31 46 0.028677026 
389 221 9 11 0.028477233 
262 254 11 15 0.028215896 
48 372 52 73 0.02821169 
749 315 12 14 0.028125376 
207 318 23 29 0.028071249 
760 309 19 22 0.027762951 
415 246 8 9 0.02764154 
749 328 11 13 0.027632346 
182 260 12 14 0.027534802 
872 325 26 29 0.027522262 
287 341 61 87 0.02742516 
288 301 12 15 0.027343415 
650 236 9 11 0.027055554 
900 307 12 17 0.027026175 
314 258 11 13 0.026634535 
1004 203 11 14 0.026430795 
603 55 17 23 0.026374944 
952 279 11 13 0.026366534 
961 569 36 54 0.025640907 
408 256 9 11 0.025456196 
295 293 12 15 0.025430292 
809 280 38 47 0.02536887 
840 297 15 20 0.025228772 
574 0 48 43 0.025210667 
245 246 12 14 0.025188748 
162 339 42 58 0.025093816 
158 292 15 18 0.024977174 
304 247 10 13 0.024884695 
-39 44 357 457 0.024876034 
774 324 13 14 0.024755761 
171 293 14 24 0.024526078 
694 270 8 9 0.024512185 
592 6 50 47 0.024419526 
66 568 16 20 0.024369514 
295 273 12 15 0.02404403 
786 263 14 18 0.023934916 
623 118 10 11 0.023877762 
285 234 17 23 0.023831597 
728 241 9 10 0.023754867 
745 272 9 11 0.023702543 
744 241 9 10 0.023610745 
766 251 11 14 0.023589328 
255 212 10 13 0.02355075 
670 233 19 24 0.023309037 
161 316 30 48 0.023201983 
161 231 18 22 0.023153307 
649 232 7 10 0.02307433 
780 342 15 17 0.022962041 
9 189 49 66 0.022906078 
732 351 12 15 0.022874549 
155 403 54 78 0.022855941 
759 344 10 11 0.02270181 
757 302 12 14 0.022598224 
686 279 9 10 0.022586621 
757 358 10 13 0.022557387 
642 48 23 32 0.022526061 
408 242 9 12 0.022423528 
986 659 33 37 0.022386659 
354 272 8 10 0.022313673 
303 301 13 15 0.022307847 
302 288 10 12 0.022254756 
709 251 9 11 0.022251789 
169 305 14 23 0.022026392 
778 317 14 17 0.0219827 
293 312 17 18 0.021895315 
722 252 10 12 0.021894896 
868 305 38 46 0.02188456 
982 216 26 35 0.02182897 
277 290 13 16 0.021752093 
288 261 10 13 0.021688757 
678 233 8 9 0.021683808 
374 243 11 13 0.021640643 
441 225 8 11 0.02142558 
341 287 9 11 0.021296563 
384 255 9 11 0.021270221 
717 239 9 10 0.021266602 
805 332 13 15 0.021211935 
938 293 15 18 0.021121247 
416 238 8 10 0.021068752 
375 231 18 22 0.021025926 
902 372 30 33 0.020937141 
1 156 21 39 0.02089939 
805 379 21 31 0.020868996 
399 232 17 22 0.020820849 
141 301 15 19 0.02075463 
259 259 11 16 0.020710574 
608 134 9 10 0.020619962 
656 243 9 11 0.020595316 
277 301 12 14 0.020587888 
981 227 16 21 0.020552535 
721 246 8 11 0.020505844 
153 345 30 43 0.020413589 
594 57 32 34 0.02032185 
187 346 17 22 0.020274902 
340 3 18 19 0.02026317 
671 222 8 11 0.020203834 
149 440 14 19 0.020004647 
