11_Meeting_Meeting_11_Meeting_Meeting_11_71
29
82 268 72 87 0.9972784 
451 138 38 46 0.9960257 
349 136 42 58 0.9959632 
301 169 50 61 0.9954235 
773 196 73 99 0.9944845 
21 49 37 49 0.9924585 
738 155 47 62 0.9912452 
604 142 42 53 0.9754925 
231 211 45 66 0.9449395 
831 311 82 167 0.9058403 
777 164 38 48 0.38308525 
525 465 47 62 0.15836413 
207 228 57 61 0.09830907 
437 371 14 18 0.05786431 
436 378 14 19 0.05356673 
559 444 27 33 0.043297287 
312 444 12 15 0.041425448 
53 115 47 62 0.03769477 
24 145 59 73 0.03408326 
843 352 122 157 0.033913106 
548 392 48 59 0.032215696 
395 469 11 14 0.031440575 
752 172 58 77 0.028031534 
67 139 48 69 0.027198385 
677 361 42 50 0.026021162 
192 248 48 40 0.024529785 
690 358 38 37 0.02315791 
244 196 24 49 0.020919451 
147 304 30 49 0.020414839 
