11_Meeting_Meeting_11_Meeting_Meeting_11_574
341
711 320 32 38 0.9953751 
957 331 35 44 0.99533397 
850 295 28 33 0.99432784 
639 285 24 31 0.9932086 
347 301 22 28 0.9931601 
261 297 21 29 0.99238294 
197 290 23 29 0.9885401 
532 243 16 21 0.9832318 
355 256 18 24 0.9813973 
453 218 16 22 0.97732747 
802 267 20 26 0.9691808 
509 237 14 19 0.96839887 
494 224 14 18 0.9652125 
354 236 16 20 0.96499723 
972 290 30 34 0.9619316 
435 216 13 19 0.9596743 
303 256 18 24 0.9528016 
483 260 17 23 0.93050563 
514 208 15 19 0.9250582 
687 261 19 27 0.9096199 
122 294 22 28 0.90856266 
42 333 43 77 0.90675026 
804 237 13 16 0.8917304 
728 241 16 18 0.86173266 
864 241 19 22 0.8443783 
873 214 15 18 0.8142247 
399 274 19 25 0.805941 
752 218 13 16 0.76312935 
741 290 24 27 0.73421943 
591 231 12 15 0.7268513 
589 192 10 13 0.7075004 
567 199 10 12 0.6821683 
399 249 15 20 0.634766 
130 320 27 32 0.63026613 
468 243 15 19 0.6221377 
919 192 11 15 0.5554702 
785 208 8 12 0.5517559 
706 250 16 22 0.5495894 
704 187 10 14 0.53636396 
770 207 11 14 0.47870335 
927 218 14 18 0.44550845 
624 220 11 15 0.44027832 
413 237 15 18 0.43604577 
950 258 20 27 0.43300435 
820 190 9 12 0.4171836 
833 198 10 12 0.39579663 
613 202 10 13 0.3868918 
526 206 12 15 0.38419157 
941 234 14 17 0.36155134 
569 213 11 14 0.3518516 
608 197 10 13 0.34834546 
556 199 12 14 0.3283605 
551 232 15 19 0.28945652 
824 208 11 14 0.28035507 
787 251 13 16 0.27949622 
658 206 9 12 0.27789164 
782 260 18 23 0.27068028 
880 195 11 14 0.25995314 
226 321 20 27 0.25732252 
698 255 18 26 0.24323234 
957 240 14 16 0.24091165 
830 205 11 14 0.23139776 
646 220 10 12 0.22699265 
462 270 16 21 0.20002869 
766 261 15 18 0.19386636 
730 284 25 28 0.18773316 
672 224 11 13 0.18578655 
690 306 21 27 0.16988194 
607 193 9 12 0.16827804 
791 199 8 10 0.16559206 
543 223 10 13 0.16259693 
759 245 12 15 0.15596603 
637 190 8 10 0.15456283 
648 197 9 11 0.14630042 
584 215 9 12 0.14352171 
621 247 11 14 0.13696752 
616 226 11 15 0.13104136 
680 191 9 11 0.12804392 
694 194 10 13 0.12709369 
562 273 14 17 0.12256823 
930 203 14 17 0.120836094 
822 250 13 16 0.120491855 
128 284 27 31 0.11990921 
928 212 15 17 0.11865656 
599 215 10 13 0.11475433 
663 198 9 12 0.11388259 
948 236 13 16 0.113456994 
625 269 16 22 0.1105137 
665 191 9 10 0.10887431 
884 193 8 11 0.100363106 
676 243 14 19 0.09986575 
584 220 10 14 0.099796884 
875 204 14 17 0.09383455 
907 211 11 15 0.092903 
729 163 9 12 0.08990117 
125 58 19 28 0.08834323 
632 173 9 11 0.0868367 
694 173 8 11 0.08533888 
921 367 27 34 0.08402393 
440 297 18 22 0.0830843 
908 205 10 14 0.0824931 
676 238 13 15 0.07962275 
815 195 11 14 0.07947166 
638 244 14 18 0.0793484 
886 292 15 21 0.0792851 
902 365 13 19 0.07839594 
621 237 11 12 0.076832384 
549 221 12 15 0.07679543 
838 192 8 10 0.07554648 
787 210 10 13 0.07068447 
615 234 12 13 0.06799243 
695 230 12 15 0.067769535 
954 251 16 20 0.066176385 
746 259 14 18 0.06592256 
848 206 9 12 0.064671114 
733 229 14 17 0.06412396 
789 322 28 34 0.06332196 
670 207 10 11 0.06313961 
627 216 12 15 0.06283555 
724 284 19 24 0.06186107 
526 298 16 18 0.060719572 
817 185 9 10 0.060401395 
603 219 12 15 0.0599425 
533 275 16 21 0.059830733 
679 182 10 12 0.059004102 
588 283 15 19 0.058688596 
660 210 10 13 0.058016345 
881 619 53 55 0.056942564 
477 250 15 19 0.056562193 
827 244 14 18 0.05653549 
806 221 11 13 0.056491267 
923 195 13 16 0.055943172 
446 216 16 23 0.055825956 
798 218 11 15 0.055614643 
799 206 9 12 0.05545966 
949 319 25 35 0.055214286 
291 154 32 50 0.054814328 
616 251 13 17 0.054593492 
717 306 27 38 0.054592803 
835 229 13 15 0.053962484 
724 274 17 21 0.053548444 
904 250 13 17 0.053229377 
882 219 13 15 0.05270602 
804 212 10 12 0.052666802 
557 219 11 14 0.05208936 
588 213 11 13 0.052014492 
654 200 9 11 0.051671837 
896 213 9 12 0.049714565 
526 225 12 16 0.04938953 
807 207 9 12 0.04919772 
687 189 10 13 0.049070965 
571 204 11 14 0.046405252 
712 229 12 16 0.04618457 
809 241 14 17 0.04567532 
583 278 14 17 0.045662478 
735 225 10 12 0.045523997 
815 204 9 13 0.045467436 
820 266 15 19 0.044884387 
663 222 10 13 0.04471322 
629 226 11 14 0.044335853 
613 184 9 11 0.044159133 
930 222 19 24 0.043678336 
782 232 14 16 0.043296102 
426 368 20 26 0.0425844 
50 328 26 49 0.04255832 
709 195 9 12 0.04247072 
814 224 11 14 0.042417347 
908 218 12 15 0.041953593 
638 174 9 11 0.04085118 
154 315 21 30 0.040576868 
406 247 19 24 0.040481746 
771 260 19 24 0.040476095 
699 233 12 15 0.0392385 
717 233 12 16 0.0385873 
726 298 27 35 0.037992205 
673 213 10 12 0.03793403 
689 195 10 12 0.037748665 
631 196 9 13 0.037719112 
856 228 12 16 0.037665337 
821 225 11 15 0.037629664 
436 259 15 21 0.03759172 
640 220 10 12 0.037439037 
904 240 20 24 0.03743172 
772 219 12 14 0.03717597 
376 50 43 57 0.037038274 
581 258 13 17 0.03701049 
533 226 14 16 0.036806703 
805 374 20 30 0.036726393 
686 183 9 12 0.036275577 
874 223 15 18 0.036185782 
552 215 10 12 0.03587486 
639 194 10 13 0.035749916 
629 205 10 12 0.03570931 
627 277 22 28 0.035547208 
545 282 15 19 0.03531914 
795 259 20 25 0.03518773 
600 194 10 13 0.035169158 
984 294 29 35 0.0348316 
586 188 16 21 0.034697138 
870 227 14 17 0.03464385 
853 211 11 14 0.03457719 
975 226 13 16 0.034177907 
668 197 9 11 0.0341437 
549 252 13 17 0.034141757 
845 200 9 12 0.034095198 
646 225 12 16 0.033767782 
947 318 16 23 0.03358759 
743 253 12 17 0.033477295 
722 290 25 31 0.03346359 
622 203 10 13 0.033268433 
649 203 10 12 0.03301918 
758 259 14 19 0.03294001 
466 257 16 22 0.03261044 
785 200 8 11 0.032481056 
885 226 13 17 0.032472957 
637 228 11 14 0.032460213 
531 210 11 14 0.032416675 
835 203 10 14 0.032402515 
925 362 17 20 0.03219826 
562 282 16 20 0.03175637 
718 220 10 14 0.031699404 
637 237 13 15 0.0314551 
583 246 11 13 0.031306755 
983 284 20 22 0.031264722 
656 184 9 10 0.031209672 
833 193 9 11 0.031128293 
863 214 10 14 0.0309433 
702 321 23 34 0.030793136 
15 337 52 75 0.03075562 
473 238 14 17 0.030742597 
583 206 10 13 0.030695911 
687 228 11 14 0.030532598 
550 269 10 13 0.030506356 
743 205 9 13 0.030499259 
689 173 9 13 0.030312682 
890 628 31 36 0.030188737 
677 207 10 12 0.030175755 
516 249 14 18 0.030157568 
562 235 12 16 0.03008283 
503 196 12 17 0.02991903 
561 200 18 22 0.029888626 
424 213 12 16 0.029312707 
571 217 12 15 0.02915468 
905 298 15 21 0.029074406 
831 234 14 17 0.028801173 
903 197 12 14 0.028548278 
913 196 10 15 0.028395472 
858 602 96 111 0.028325854 
857 233 20 27 0.028076272 
663 186 9 10 0.028040048 
644 250 13 17 0.027830975 
451 291 16 20 0.027779419 
585 227 12 16 0.027729576 
531 267 15 18 0.027668552 
762 250 15 18 0.027588552 
118 339 25 28 0.027526215 
549 240 13 17 0.027455142 
977 333 27 38 0.027447466 
838 185 8 9 0.027296074 
664 227 11 15 0.02722858 
446 243 13 18 0.02720313 
695 315 22 30 0.027032934 
700 184 18 21 0.02687627 
571 259 15 17 0.02682787 
718 211 10 14 0.026811963 
863 221 10 14 0.02677826 
67 329 48 66 0.02662389 
685 238 11 14 0.026477484 
113 349 26 29 0.02646826 
820 194 12 14 0.0264155 
124 285 18 22 0.026051695 
873 293 23 30 0.02604034 
612 190 10 13 0.025917266 
442 307 17 22 0.025833096 
616 269 21 28 0.025684964 
563 262 22 26 0.025675848 
638 184 9 11 0.025534574 
175 257 430 400 0.025507081 
894 626 17 20 0.025240162 
555 236 16 20 0.025228221 
110 353 16 20 0.0250887 
629 244 13 17 0.025035819 
854 235 14 21 0.02494385 
595 308 15 19 0.024907976 
198 149 10 13 0.024779428 
465 276 17 22 0.024750201 
633 184 8 11 0.024743404 
597 261 13 15 0.024584325 
711 211 10 14 0.024535708 
539 279 15 20 0.02421755 
614 210 11 16 0.024146901 
917 226 14 18 0.02411198 
685 212 11 13 0.023900518 
872 237 15 19 0.023895692 
450 305 16 21 0.02385535 
723 308 16 20 0.023784684 
606 192 18 23 0.023745567 
619 258 14 17 0.023711747 
713 255 17 22 0.02368719 
727 222 9 13 0.023595164 
884 202 13 16 0.02358467 
557 192 12 13 0.023398127 
893 196 11 14 0.023329804 
685 221 11 15 0.02326709 
538 237 14 18 0.023257768 
231 264 20 27 0.023249472 
418 249 14 20 0.023020549 
457 288 16 21 0.023002898 
815 184 19 23 0.022894897 
662 134 9 11 0.022822449 
831 221 10 13 0.022789555 
772 226 13 17 0.022745322 
701 176 12 15 0.02228738 
646 258 14 18 0.022257218 
850 206 12 15 0.021807615 
793 193 7 10 0.021791762 
797 199 8 11 0.021739956 
570 274 14 17 0.021724056 
541 223 18 23 0.02167576 
470 329 15 18 0.021461943 
943 211 11 15 0.021404287 
834 182 8 10 0.021330053 
857 222 10 13 0.021323638 
411 255 17 23 0.021193683 
477 227 12 15 0.021067843 
132 340 17 21 0.021055555 
557 260 14 16 0.020992381 
292 284 23 25 0.020970294 
706 181 10 15 0.020929484 
662 236 10 13 0.020892154 
703 247 15 17 0.020847926 
799 191 8 10 0.020793613 
462 235 14 18 0.020783955 
670 218 20 23 0.020737171 
366 300 21 27 0.020687932 
468 202 12 16 0.020659337 
629 236 10 14 0.020616796 
655 191 8 10 0.020460935 
749 291 26 33 0.020281168 
760 175 8 10 0.020163212 
966 282 22 34 0.02004835 
