11_Meeting_Meeting_11_Meeting_Meeting_11_663
106
242 217 51 65 0.9981883 
38 506 13 17 0.9635668 
101 479 12 15 0.8764961 
131 481 12 17 0.87420446 
59 510 13 16 0.4863335 
81 508 11 14 0.43007937 
15 511 11 13 0.39956623 
31 526 12 15 0.33171645 
52 484 12 16 0.31907696 
82 479 13 15 0.2980143 
48 490 12 15 0.24836622 
102 516 13 14 0.24452217 
55 480 9 11 0.22828332 
1 510 10 16 0.17345956 
106 532 9 12 0.15893751 
959 335 11 13 0.15800269 
116 499 11 13 0.15616238 
918 334 9 10 0.1334087 
6 513 11 15 0.1289762 
102 524 12 14 0.124549404 
6 486 9 11 0.113245316 
912 332 10 12 0.11187778 
64 483 11 14 0.11064314 
35 529 13 15 0.098893605 
925 289 12 15 0.09722361 
15 487 10 13 0.09310433 
5 533 12 18 0.08644294 
973 271 8 10 0.08098865 
940 344 10 12 0.07955389 
49 479 9 11 0.078994796 
83 513 13 16 0.07184218 
906 327 8 10 0.062939085 
62 503 11 15 0.061720833 
69 479 9 12 0.06111026 
19 486 11 14 0.06088805 
12 532 11 15 0.060675845 
54 500 11 14 0.05765353 
947 291 12 14 0.057532735 
43 502 11 16 0.05730885 
37 486 11 14 0.057220515 
117 509 11 15 0.056975476 
25 525 9 14 0.056615856 
108 511 12 14 0.055880133 
66 515 11 13 0.055879287 
113 496 10 13 0.055356413 
68 508 11 15 0.054446183 
121 478 9 12 0.054025322 
67 524 11 14 0.052151427 
964 339 12 14 0.050653312 
120 531 11 13 0.049401548 
911 349 12 14 0.049177956 
14 503 12 15 0.04906051 
7 490 11 15 0.048227753 
84 503 11 16 0.047713008 
992 268 11 11 0.04724155 
81 532 9 12 0.0410856 
31 485 10 13 0.04018071 
997 267 11 13 0.038921017 
119 515 12 15 0.038696498 
40 479 8 11 0.037275646 
926 347 11 14 0.034269825 
987 339 15 17 0.034102973 
86 531 10 12 0.033840813 
924 335 9 10 0.033796474 
98 482 10 15 0.03324066 
21 516 10 13 0.032823034 
102 504 11 13 0.032068953 
44 513 11 14 0.031754937 
67 501 12 15 0.030386772 
120 472 9 12 0.030345414 
22 541 10 12 0.029759873 
125 524 11 14 0.029608214 
10 506 19 23 0.029183196 
247 22 448 536 0.028800549 
959 294 9 12 0.028775776 
0 504 8 12 0.028557438 
93 507 13 17 0.028160278 
95 522 11 16 0.02809813 
84 523 13 17 0.027583499 
67 532 10 13 0.026981134 
954 334 11 13 0.026829677 
31 517 11 15 0.026804328 
12 523 13 17 0.026751934 
736 288 10 12 0.026596813 
932 291 12 15 0.026379824 
102 506 19 23 0.026350874 
32 502 13 17 0.02555144 
967 296 9 11 0.025515612 
13 486 21 25 0.025253834 
125 517 12 15 0.02519791 
67 489 13 16 0.024793204 
2 481 8 11 0.02418824 
927 277 10 12 0.024106052 
958 331 21 24 0.023913015 
8 501 11 14 0.02340664 
734 293 13 18 0.023299553 
43 530 12 16 0.022980593 
108 446 12 13 0.02143404 
43 194 14 18 0.020986244 
933 343 19 22 0.020862056 
40 490 10 15 0.02060223 
869 311 8 11 0.020439599 
0 508 17 26 0.020425063 
0 556 10 18 0.020389657 
91 449 12 14 0.020346217 
887 325 7 9 0.02004974 
