27_Spa_Spa_27_851
61
860 157 34 48 0.992706 
451 143 28 43 0.99188316 
722 144 32 45 0.9374402 
475 352 22 32 0.70457387 
12 41 64 134 0.5840631 
745 144 33 38 0.20594141 
447 132 25 35 0.17641033 
546 337 15 18 0.14958 
497 294 20 23 0.13773482 
267 275 14 15 0.104675055 
911 139 25 40 0.09231056 
529 336 14 19 0.08630667 
448 370 12 14 0.06816041 
480 140 25 37 0.060160387 
544 345 14 18 0.046524744 
20 230 42 51 0.04651121 
49 285 16 24 0.041483883 
181 353 14 16 0.040211342 
959 269 12 17 0.039694004 
448 132 13 24 0.03927041 
260 269 13 17 0.038974732 
1007 416 9 12 0.038609996 
148 335 16 19 0.037972014 
266 330 12 15 0.036084753 
1015 367 7 12 0.035306167 
185 388 11 15 0.033586487 
531 342 15 21 0.032936886 
232 303 27 32 0.0317491 
360 252 10 12 0.030586405 
140 330 19 21 0.030116083 
636 265 406 476 0.029323032 
905 151 28 43 0.027862642 
722 191 23 31 0.027338317 
516 324 11 14 0.027178893 
439 216 10 12 0.027105067 
211 301 12 16 0.0270764 
428 147 10 13 0.025905559 
675 430 35 42 0.025308695 
120 145 8 10 0.025046507 
33 85 35 67 0.024685519 
397 371 12 14 0.023625426 
425 142 9 12 0.0234802 
75 315 19 22 0.02346357 
116 396 14 18 0.022734024 
119 306 23 26 0.022636162 
429 372 10 12 0.022581555 
963 276 12 15 0.022371318 
128 387 52 60 0.022285175 
371 263 7 11 0.022107784 
329 231 9 10 0.021939399 
350 279 9 10 0.021863522 
2 23 56 97 0.021785103 
450 123 17 23 0.02114962 
124 261 13 17 0.021006513 
876 138 30 42 0.020903705 
429 190 10 12 0.020844063 
721 138 19 29 0.020754525 
515 331 13 17 0.020393658 
493 305 24 30 0.020353302 
477 350 15 19 0.02029967 
192 367 24 27 0.020204468 
