28_Sports_Fan_Sports_Fan_28_590
119
765 461 36 38 0.99667346 
597 608 37 38 0.9939248 
549 167 29 37 0.9907039 
49 38 30 37 0.9840497 
32 268 22 34 0.9812444 
195 292 26 44 0.95377904 
917 212 29 34 0.3185923 
350 474 37 40 0.2448221 
314 400 22 38 0.23362793 
118 298 37 56 0.16502573 
585 175 16 21 0.1542105 
924 222 16 20 0.15162794 
669 182 17 21 0.13904817 
900 242 12 16 0.13583866 
540 311 27 32 0.11649839 
339 456 46 47 0.10827594 
577 312 17 19 0.10612813 
927 2 16 18 0.10207655 
619 287 25 29 0.097980954 
687 13 13 17 0.09658423 
197 331 400 385 0.094461635 
660 97 16 21 0.09438371 
256 254 26 29 0.087544985 
772 334 29 33 0.08318571 
910 210 48 59 0.07348937 
910 274 13 18 0.07214706 
436 345 16 19 0.06150411 
36 54 26 35 0.05653835 
799 457 24 33 0.052584898 
327 122 456 542 0.051131304 
487 260 24 29 0.050433498 
735 48 9 11 0.04867688 
953 218 12 18 0.04765798 
699 594 15 18 0.04622573 
562 165 28 36 0.04391803 
660 185 16 20 0.04269847 
188 295 44 61 0.041581206 
719 75 16 18 0.040290035 
725 10 15 21 0.039873213 
784 459 30 36 0.038919467 
915 -1 29 31 0.03675211 
945 211 27 35 0.03647079 
485 266 14 18 0.036108114 
652 186 16 20 0.035855625 
743 348 25 29 0.03500271 
416 441 40 39 0.03430592 
557 309 26 31 0.034192722 
885 274 15 21 0.032471813 
909 240 12 16 0.03234897 
35 67 17 22 0.03232464 
709 411 11 14 0.032218203 
917 234 15 17 0.032121778 
802 381 27 31 0.032066114 
687 547 29 33 0.03195798 
435 401 108 118 0.031303074 
740 82 12 17 0.031043561 
558 387 12 15 0.030848255 
488 248 24 29 0.030423636 
213 516 11 14 0.030291054 
415 339 11 12 0.029764224 
729 47 10 13 0.029681247 
684 8 21 27 0.029623535 
493 250 14 18 0.029266028 
403 441 62 67 0.0290897 
900 265 23 30 0.029050764 
752 33 101 133 0.02852463 
718 0 11 12 0.028515512 
135 433 13 17 0.02839747 
945 222 45 72 0.027762275 
897 250 11 13 0.027435083 
732 374 14 18 0.026395615 
898 234 21 26 0.02629458 
293 514 29 43 0.025943784 
908 183 25 31 0.025715405 
750 437 41 51 0.025655963 
724 5 14 16 0.025605205 
244 536 16 22 0.025269108 
725 1 11 11 0.025112595 
717 399 23 27 0.025069816 
961 247 28 44 0.024503749 
680 11 11 16 0.024448633 
208 511 10 13 0.024432277 
994 477 27 36 0.024367856 
929 205 32 42 0.023971222 
680 140 38 45 0.023704927 
709 28 12 16 0.02366315 
328 408 17 26 0.02305541 
935 199 47 64 0.023045283 
995 277 29 44 0.022881757 
752 362 15 18 0.022843495 
336 484 34 36 0.022784607 
300 501 30 38 0.022715973 
527 278 13 17 0.022645686 
906 226 25 30 0.022214733 
330 469 33 41 0.021934412 
755 398 25 30 0.021811483 
69 46 29 34 0.02177389 
66 1 20 16 0.021738628 
711 0 12 12 0.021546656 
551 314 18 22 0.021455305 
871 340 13 16 0.021332571 
714 8 24 31 0.021252666 
0 88 57 87 0.021236654 
485 252 14 18 0.021199023 
20 10 55 66 0.021172605 
899 197 78 97 0.021011608 
903 231 47 58 0.020912394 
934 259 12 17 0.02085202 
540 215 16 21 0.020587057 
734 373 22 27 0.020582769 
497 263 27 30 0.02057475 
806 370 28 31 0.02053698 
697 597 24 31 0.020506548 
347 492 36 37 0.020241797 
661 588 26 32 0.020180618 
578 247 25 26 0.020112323 
744 384 27 33 0.020072961 
726 439 14 18 0.0200656 
204 436 49 42 0.020032847 
