28_Sports_Fan_Sports_Fan_28_751
67
524 234 59 73 0.99854964 
194 129 47 60 0.9980385 
16 154 42 54 0.9897169 
130 4 32 37 0.78697395 
938 0 29 23 0.6034704 
91 181 15 18 0.49570495 
857 467 61 75 0.4013152 
679 22 40 48 0.3631817 
172 139 25 39 0.32266572 
101 0 25 25 0.21370319 
620 65 26 33 0.15329374 
933 45 32 40 0.118688144 
922 424 22 23 0.109380856 
409 354 49 67 0.08782902 
431 358 29 40 0.0846168 
975 403 28 33 0.0805279 
444 1 29 30 0.07186135 
964 413 27 31 0.065168 
323 477 40 48 0.063174345 
907 0 19 16 0.053846125 
212 0 16 14 0.052619383 
674 393 97 147 0.050141685 
108 92 40 48 0.048417445 
363 318 43 51 0.046326205 
406 341 32 36 0.046004094 
799 -1 18 14 0.045038898 
714 25 42 52 0.04409419 
275 385 15 19 0.041792776 
290 31 50 56 0.04162729 
21 46 15 20 0.041423254 
389 352 81 107 0.035483256 
985 367 15 18 0.03519364 
144 5 35 33 0.0342595 
391 343 50 56 0.034030262 
899 0 28 29 0.033666924 
303 360 10 12 0.03317498 
406 327 50 65 0.032493934 
170 -1 20 15 0.031880926 
92 166 21 27 0.031828653 
442 361 16 23 0.0318223 
457 0 21 21 0.030593958 
444 -6 46 52 0.03013743 
201 78 11 14 0.02995643 
697 34 31 38 0.027282361 
169 48 30 37 0.027180595 
882 16 24 31 0.026296513 
96 158 17 23 0.025351357 
596 3 31 35 0.025250558 
371 341 31 35 0.024817387 
191 61 44 52 0.024053397 
387 347 32 37 0.024019253 
466 264 50 69 0.023795985 
158 1 34 32 0.023710005 
403 345 19 22 0.023701904 
933 0 20 20 0.023067204 
980 385 29 39 0.022922145 
701 -2 33 31 0.022805065 
124 45 14 18 0.022712074 
13 50 16 21 0.022582736 
642 17 24 30 0.022250934 
203 53 12 17 0.021451961 
635 31 43 51 0.021318488 
709 -1 19 15 0.021094853 
785 391 86 113 0.02075001 
380 321 49 56 0.020569209 
951 -1 31 27 0.020443968 
644 13 17 21 0.020045612 
