28_Sports_Fan_Sports_Fan_28_866
23
453 128 109 157 0.99990225 
861 123 16 20 0.26699334 
117 386 44 53 0.26609865 
863 387 29 32 0.19492324 
242 199 486 478 0.08158921 
973 335 34 34 0.068269975 
876 237 56 77 0.03382427 
899 156 23 28 0.032580502 
858 128 22 27 0.032111544 
885 393 15 20 0.029096086 
749 538 25 31 0.027569292 
850 179 42 51 0.027270239 
883 194 16 19 0.025177548 
859 176 26 28 0.024646899 
853 126 17 22 0.024360046 
866 191 20 22 0.02301951 
951 420 42 51 0.022002922 
869 117 23 30 0.02196468 
892 195 14 18 0.021869885 
867 136 16 21 0.021691697 
868 146 14 17 0.021310879 
1 348 10 14 0.020866828 
879 114 25 31 0.020117769 
