28_Sports_Fan_Sports_Fan_28_7
1552
471 644 112 151 0.9999186 
873 1126 103 151 0.9998766 
945 851 68 92 0.9959435 
653 580 22 36 0.9957384 
146 671 54 61 0.9953088 
586 631 38 45 0.99372673 
979 664 33 42 0.9909887 
197 559 33 36 0.99034435 
840 539 24 28 0.9834922 
6 566 37 43 0.97552615 
537 597 40 43 0.9725978 
876 131 13 17 0.9694933 
295 432 25 30 0.96690726 
871 220 16 20 0.9668872 
587 92 13 15 0.9646833 
631 52 13 16 0.9645211 
168 525 25 34 0.9619666 
923 234 15 17 0.9609219 
972 296 14 19 0.9590257 
187 407 31 34 0.958299 
87 564 37 49 0.9553158 
73 856 81 110 0.9537638 
9 73 14 20 0.952226 
207 661 39 47 0.9518977 
258 341 26 33 0.94897085 
809 810 39 45 0.9476233 
940 169 13 16 0.9453629 
806 415 21 23 0.9372187 
958 200 15 18 0.9321033 
865 351 16 20 0.9249495 
140 212 12 14 0.92299795 
245 30 13 16 0.91930234 
804 138 13 16 0.9176421 
553 28 12 15 0.9144048 
819 119 13 15 0.91425306 
61 785 43 47 0.91358036 
923 313 14 16 0.90555656 
351 101 12 14 0.9050786 
200 131 13 16 0.9041231 
782 117 14 17 0.8978738 
705 109 16 19 0.8874096 
882 402 14 19 0.8818618 
940 275 18 22 0.8804173 
684 63 13 15 0.87437683 
221 223 13 17 0.87417185 
749 111 12 15 0.8638442 
774 7 9 12 0.8630684 
356 45 12 16 0.8596007 
270 226 16 19 0.8595408 
660 40 13 16 0.8572245 
142 262 16 19 0.8559867 
843 458 15 18 0.85472494 
303 107 14 17 0.85378104 
519 37 12 16 0.85156417 
111 39 14 19 0.8495159 
25 294 19 22 0.84820676 
5 194 15 20 0.84397095 
894 173 12 17 0.83659345 
854 236 13 15 0.82242703 
75 236 16 19 0.80436975 
819 541 18 20 0.8028182 
309 633 53 72 0.8024788 
923 168 13 16 0.79841465 
986 275 13 17 0.78633976 
884 69 10 13 0.7861724 
190 307 25 28 0.7835906 
113 358 25 30 0.7748758 
983 51 10 13 0.76405436 
605 49 12 16 0.76213145 
82 281 18 21 0.7591429 
170 92 12 16 0.75424534 
212 298 21 28 0.75122726 
203 236 14 19 0.7476767 
88 16 13 17 0.736803 
918 188 13 17 0.73570585 
143 869 56 81 0.73249584 
847 47 10 13 0.73236495 
621 82 11 13 0.7255008 
246 404 26 33 0.7251465 
916 384 15 19 0.7249589 
88 200 16 21 0.72461146 
289 274 16 23 0.7175623 
913 69 11 12 0.71303636 
180 34 12 16 0.7100998 
484 66 11 15 0.7091216 
125 11 12 15 0.7066765 
508 58 13 15 0.7053522 
834 324 15 18 0.68748003 
55 266 16 19 0.68672335 
789 24 10 12 0.6808063 
335 -1 13 12 0.6771809 
996 199 13 14 0.67303896 
139 76 17 19 0.6720613 
931 114 12 15 0.6677726 
615 122 14 17 0.6662624 
939 127 15 18 0.6550804 
199 301 22 28 0.6486861 
778 381 14 18 0.63545567 
841 145 11 14 0.6352793 
456 4 10 13 0.63005126 
901 141 12 15 0.6285438 
884 151 13 16 0.6276504 
955 107 11 15 0.6246077 
561 6 10 11 0.62126637 
73 46 11 16 0.6204915 
388 79 13 18 0.6202206 
202 98 14 17 0.6187169 
710 541 26 33 0.6163631 
46 222 20 25 0.6144405 
448 65 11 14 0.60841674 
20 19 12 15 0.60770893 
645 111 14 18 0.6024039 
886 299 15 18 0.60026675 
130 126 16 19 0.59841084 
318 51 13 16 0.5953746 
262 98 15 19 0.5948479 
284 37 12 14 0.5872402 
860 71 9 13 0.5853471 
47 5 13 15 0.58497643 
254 154 17 21 0.5828745 
182 64 13 17 0.5702026 
124 229 14 17 0.5701163 
105 376 25 30 0.5675373 
836 8 9 12 0.56592643 
778 278 13 16 0.56508213 
737 91 12 15 0.5630548 
893 487 13 19 0.5603116 
374 45 12 15 0.5505288 
901 87 10 13 0.54504764 
335 26 14 17 0.5420699 
786 422 16 20 0.53902125 
163 218 12 14 0.5376758 
950 71 10 11 0.5372188 
176 244 13 17 0.5323337 
360 126 11 14 0.5298532 
700 87 12 15 0.5278891 
828 46 9 11 0.52219987 
915 150 11 14 0.52162814 
798 262 14 17 0.51838416 
574 49 11 14 0.5142635 
30 381 26 35 0.51286113 
1007 339 14 19 0.5122653 
861 172 12 13 0.51061714 
430 63 14 17 0.4988119 
441 14 10 13 0.4970429 
959 233 15 18 0.49682325 
836 119 11 14 0.49435917 
143 18 13 15 0.49430048 
403 56 12 16 0.4911638 
888 241 13 16 0.48974842 
836 510 12 17 0.4778808 
935 346 15 18 0.47733915 
1006 370 16 19 0.46996808 
204 199 13 19 0.46843114 
209 360 26 28 0.46721792 
591 10 11 14 0.46639162 
930 76 10 12 0.46604016 
71 20 11 15 0.46539745 
966 125 12 15 0.4583145 
604 509 22 25 0.45333225 
547 119 14 18 0.45198342 
820 185 14 18 0.4455744 
443 546 14 17 0.4445817 
465 38 11 13 0.44212386 
86 85 12 16 0.4375307 
917 546 14 22 0.436885 
50 172 15 19 0.42323524 
906 31 8 10 0.42102513 
208 75 11 14 0.4207422 
37 127 15 19 0.4167564 
997 580 26 39 0.40974814 
855 189 9 12 0.40302333 
628 106 14 18 0.39942566 
476 9 12 15 0.3990378 
981 79 10 14 0.39540607 
832 231 13 15 0.39277357 
321 44 14 17 0.3875179 
212 93 14 18 0.3858758 
873 92 12 14 0.3773137 
916 283 17 19 0.3745494 
740 85 12 15 0.36442074 
814 188 14 18 0.36261785 
761 83 12 15 0.35844707 
605 5 10 12 0.35720608 
67 164 15 19 0.3552714 
321 616 97 125 0.35381955 
492 582 29 37 0.3521069 
978 38 9 11 0.33987415 
979 523 19 31 0.3390465 
1011 301 11 15 0.33889368 
972 126 12 15 0.33712378 
636 23 9 11 0.335297 
918 44 8 11 0.32355437 
374 5 14 15 0.32177117 
686 4 9 11 0.31445888 
492 38 11 14 0.31257004 
817 16 10 12 0.30187967 
429 25 12 15 0.30171016 
23 273 13 18 0.30003545 
467 44 11 14 0.2961191 
60 503 27 35 0.29113322 
605 30 9 12 0.29094717 
1005 234 15 21 0.28889024 
801 61 11 14 0.28832343 
709 49 12 15 0.28777128 
824 64 9 13 0.28772977 
347 139 13 15 0.2823871 
551 550 24 30 0.2799067 
671 89 16 19 0.27742016 
757 16 9 12 0.27657214 
921 649 32 40 0.27458942 
619 114 15 19 0.2726994 
292 207 14 18 0.27060315 
413 19 10 13 0.2685363 
103 137 13 17 0.2682253 
101 70 16 19 0.26456198 
-1 137 10 20 0.26373175 
1004 434 15 19 0.26352736 
638 5 9 10 0.26115584 
59 564 18 23 0.25950876 
299 338 33 41 0.25931796 
740 59 12 14 0.25789306 
1012 442 11 16 0.25625533 
467 52 10 14 0.2511142 
953 61 9 12 0.24950887 
766 104 9 12 0.24520072 
544 2 10 13 0.24489239 
547 53 12 15 0.24466115 
838 282 14 20 0.24454893 
744 77 13 15 0.243779 
944 2 8 10 0.24125952 
614 42 12 15 0.23407954 
927 691 43 50 0.23145998 
989 124 12 15 0.23113057 
1009 514 12 16 0.22974294 
0 859 39 72 0.22897983 
877 9 10 11 0.22859398 
400 40 9 11 0.22590142 
292 55 14 17 0.22579649 
206 230 13 17 0.22529507 
800 133 13 16 0.22452489 
885 268 14 17 0.22443159 
855 276 15 20 0.22425984 
281 98 11 14 0.223046 
756 37 11 13 0.22136605 
207 0 10 10 0.22073282 
846 65 9 12 0.22050983 
286 187 16 18 0.21940868 
445 17 10 14 0.21799715 
520 11 10 13 0.21657196 
265 93 12 15 0.21630606 
452 46 9 12 0.21463315 
820 20 9 13 0.20971164 
179 6 11 13 0.20911217 
853 122 12 15 0.2040932 
962 124 10 14 0.20325491 
453 113 14 19 0.20312612 
213 265 17 20 0.20173317 
966 22 10 13 0.20106418 
990 177 12 15 0.20032966 
768 44 11 13 0.2000117 
829 507 14 18 0.19857779 
821 506 13 17 0.19700675 
905 16 7 10 0.19474441 
719 87 11 15 0.1941692 
904 55 8 11 0.19321713 
716 556 17 21 0.19221495 
139 330 14 19 0.19181359 
220 92 15 18 0.19096893 
157 119 17 19 0.1905026 
846 163 9 13 0.19046684 
447 53 12 13 0.1876863 
588 36 10 13 0.18709922 
518 538 28 37 0.18632105 
792 93 11 13 0.18554978 
926 526 11 16 0.1845112 
133 44 11 15 0.18434556 
910 1 8 8 0.18317881 
637 28 11 13 0.18222937 
396 564 17 20 0.1803541 
271 84 12 15 0.17888026 
733 31 9 13 0.17713502 
799 66 12 15 0.17688079 
278 406 32 39 0.1765954 
269 47 12 15 0.17502038 
911 131 12 16 0.17401344 
951 56 9 11 0.17388701 
517 92 10 12 0.17364252 
181 388 33 38 0.17337438 
17 181 17 21 0.17220789 
983 142 13 15 0.17176478 
649 108 15 17 0.17171496 
39 378 37 50 0.17167786 
501 1 10 11 0.16832978 
228 326 24 30 0.16656303 
901 425 16 19 0.16569784 
117 377 26 30 0.16492578 
910 88 10 12 0.16469438 
410 114 11 16 0.16457425 
683 134 14 18 0.16264918 
498 586 51 54 0.16263087 
985 229 14 18 0.16206929 
1003 495 15 20 0.16195709 
391 517 13 17 0.1619026 
329 97 14 18 0.16186808 
977 81 11 15 0.16145249 
56 35 14 17 0.16108419 
877 626 11 16 0.15898672 
480 56 9 12 0.15861507 
422 0 9 8 0.15559225 
862 124 10 14 0.15548825 
729 35 10 13 0.15527898 
276 79 10 14 0.15486526 
263 228 14 17 0.1547915 
383 32 11 13 0.15435216 
794 157 14 16 0.15376206 
126 313 15 18 0.15210149 
693 67 12 15 0.15200844 
388 70 11 14 0.1514838 
258 402 26 36 0.15134253 
968 676 48 50 0.15124284 
321 71 11 14 0.15087004 
920 215 12 15 0.14933752 
224 10 12 16 0.14877194 
866 47 8 10 0.14842571 
856 163 10 14 0.14784238 
245 114 10 14 0.14769107 
40 117 18 21 0.14749765 
92 67 14 19 0.14605759 
338 30 16 19 0.14592263 
438 44 10 12 0.14586654 
904 385 12 16 0.1456668 
836 253 10 13 0.14558509 
583 6 10 11 0.14550388 
296 140 14 19 0.14478387 
996 163 11 15 0.14350282 
440 90 11 13 0.14310814 
987 211 15 19 0.14290342 
909 54 9 10 0.14280157 
816 250 11 15 0.14238252 
684 31 11 13 0.14184965 
617 13 9 12 0.14156736 
185 216 15 19 0.14151704 
336 62 10 13 0.14143871 
4 199 20 29 0.14132777 
175 268 12 17 0.14111032 
178 381 26 31 0.14065537 
648 100 14 18 0.1385838 
925 371 15 17 0.13758303 
988 514 12 16 0.13697726 
970 282 16 20 0.13660228 
392 5 10 12 0.13655113 
743 69 12 14 0.13605863 
582 29 11 13 0.13594167 
134 38 11 13 0.13552468 
214 225 13 17 0.13424188 
469 20 11 13 0.13374522 
127 271 15 21 0.13243878 
494 93 13 15 0.13080764 
848 426 11 13 0.12830634 
77 337 15 22 0.12790349 
902 60 9 11 0.12704484 
976 31 8 11 0.12678576 
618 39 11 14 0.12628506 
27 1112 113 118 0.12603387 
815 228 11 14 0.1257868 
481 61 12 16 0.1253131 
977 292 14 18 0.12514105 
477 119 14 18 0.12475199 
798 126 10 13 0.12464004 
847 25 7 9 0.12430615 
957 466 16 20 0.12367232 
468 29 11 13 0.1222836 
752 55 9 12 0.12208329 
862 257 14 18 0.12088749 
1014 56 7 11 0.117911376 
87 186 16 18 0.11772355 
663 124 12 16 0.11613374 
404 45 10 12 0.11599778 
868 272 15 18 0.1150866 
1013 29 9 13 0.114309475 
853 424 11 14 0.11413078 
681 4 10 12 0.11412129 
284 367 25 30 0.1133813 
353 49 10 15 0.11281692 
887 39 9 12 0.112521194 
727 738 36 53 0.11251708 
522 101 15 18 0.1122816 
887 45 10 12 0.112176225 
0 230 11 15 0.111902304 
151 231 14 17 0.111576505 
588 70 11 13 0.1113639 
367 98 13 16 0.110958986 
180 248 14 18 0.110530786 
759 52 10 13 0.11038948 
52 612 32 50 0.110321514 
841 64 9 11 0.109810196 
724 12 12 15 0.10932343 
267 121 13 17 0.109150365 
96 242 14 19 0.10714137 
701 70 11 13 0.10698996 
134 265 17 23 0.10681473 
888 1 8 7 0.106631935 
599 7 9 13 0.10620005 
830 69 10 12 0.1061456 
841 29 9 11 0.10607618 
655 21 10 13 0.10563769 
989 591 26 33 0.10509079 
950 149 12 15 0.104960404 
602 45 11 15 0.10474163 
864 1 8 8 0.10433386 
965 16 9 11 0.10431265 
910 16 8 10 0.104205154 
272 396 27 34 0.104056805 
237 11 12 14 0.10389507 
711 72 10 12 0.10372032 
303 6 13 15 0.10340754 
671 539 13 17 0.10253937 
949 31 8 12 0.10239474 
1006 1 8 9 0.10231186 
909 117 13 14 0.101727016 
11 187 14 20 0.10170248 
847 99 12 15 0.101252556 
446 6 10 12 0.10101436 
220 182 13 15 0.10049824 
984 22 9 11 0.10032523 
741 141 14 17 0.09975419 
91 276 15 22 0.09924219 
545 59 11 14 0.09917598 
99 0 12 11 0.09854655 
284 94 12 15 0.09846418 
950 36 9 12 0.097949274 
445 39 12 14 0.097919196 
839 68 11 12 0.09736871 
114 289 16 19 0.09706989 
976 43 10 13 0.09703027 
753 18 10 13 0.09573543 
319 155 15 17 0.095372416 
283 407 42 58 0.09512857 
425 27 10 13 0.0947669 
577 23 10 12 0.094339214 
147 328 14 21 0.093890354 
325 90 15 19 0.09366955 
75 1150 103 87 0.09355321 
217 355 18 22 0.09334734 
991 204 14 16 0.09315641 
371 94 14 16 0.09264119 
883 194 14 18 0.09260084 
873 586 13 18 0.092576504 
26 20 14 17 0.09199051 
877 86 10 13 0.091761984 
664 6 9 11 0.09103781 
748 59 11 13 0.090986855 
29 124 14 18 0.09098472 
4 122 17 21 0.09088027 
201 0 9 9 0.090303965 
906 140 13 16 0.09016074 
963 450 16 19 0.09009515 
995 172 13 16 0.089520514 
22 3 13 14 0.089366496 
544 605 48 57 0.08927884 
139 315 13 18 0.08893685 
913 593 22 32 0.08829545 
948 86 11 14 0.08786271 
183 72 14 18 0.08733039 
873 8 8 11 0.08720223 
830 51 10 13 0.08581722 
82 207 22 27 0.08559528 
821 193 14 18 0.085288644 
331 82 13 19 0.08480681 
115 404 25 32 0.08468235 
938 619 18 23 0.08460787 
309 331 44 56 0.08418417 
407 514 14 17 0.08347088 
1000 388 22 31 0.08317662 
101 259 13 18 0.08307736 
205 61 14 16 0.08295352 
930 14 8 10 0.08285957 
324 39 12 15 0.08221032 
248 337 45 50 0.08216705 
665 36 13 15 0.08200951 
501 35 12 15 0.08191995 
210 84 15 17 0.08172952 
700 597 15 19 0.08168234 
300 324 26 37 0.0816268 
953 476 13 15 0.081543356 
41 326 18 21 0.081524506 
299 210 11 15 0.08116806 
843 275 19 25 0.08106492 
752 42 11 15 0.08096846 
794 416 20 26 0.080731645 
956 453 16 19 0.079901546 
937 45 10 11 0.0795787 
291 566 22 28 0.07946822 
957 63 9 11 0.07928249 
85 75 15 19 0.07925085 
945 72 9 11 0.07918084 
84 734 16 22 0.078957886 
427 107 24 28 0.07895032 
168 35 13 17 0.078858174 
59 164 17 22 0.07866875 
976 162 11 14 0.0786569 
615 8 9 12 0.07865125 
942 652 28 41 0.07847901 
119 153 15 18 0.07801208 
933 403 12 16 0.07757634 
226 90 13 18 0.07707679 
661 32 12 13 0.07685887 
441 9 9 10 0.07684152 
534 543 33 37 0.07676382 
908 390 23 29 0.0766785 
291 360 40 50 0.07633173 
657 27 11 13 0.076066695 
308 33 13 16 0.07606544 
186 252 13 17 0.075861596 
213 290 18 23 0.07578343 
575 515 13 16 0.07576529 
543 66 12 15 0.075668685 
845 29 9 10 0.07538636 
424 53 8 11 0.075350665 
91 22 14 18 0.07508061 
85 52 15 17 0.0750122 
484 57 10 13 0.07493979 
968 277 14 16 0.07482435 
361 14 10 12 0.074703865 
548 47 12 14 0.07468347 
228 6 12 15 0.074470714 
825 41 10 13 0.07417068 
279 274 17 20 0.07382857 
870 24 10 12 0.07377437 
20 277 20 24 0.07373117 
176 68 12 15 0.073673666 
130 50 11 15 0.07324667 
702 77 10 12 0.07316004 
814 164 13 15 0.07310215 
999 118 11 13 0.07310014 
570 51 10 13 0.07297158 
86 58 16 20 0.07293734 
510 5 10 12 0.07293257 
548 0 10 11 0.07275812 
959 38 10 12 0.07264778 
100 59 14 19 0.07254449 
872 127 12 15 0.07223664 
582 75 13 15 0.07215321 
912 37 9 12 0.072141774 
974 190 11 15 0.071900725 
99 275 14 20 0.071849294 
92 263 16 22 0.07124796 
578 4 9 12 0.071156204 
831 91 14 16 0.07100784 
595 92 12 15 0.07083557 
0 327 22 30 0.0705192 
876 268 17 19 0.07051736 
896 54 8 11 0.070290156 
702 13 10 13 0.0699501 
91 257 14 19 0.06941002 
61 29 13 16 0.0692725 
669 512 14 17 0.06910759 
96 383 24 31 0.06903975 
409 16 10 12 0.06900701 
284 172 16 19 0.06892615 
157 227 13 18 0.06877889 
861 142 9 13 0.0685428 
143 310 12 16 0.06852702 
197 293 15 19 0.06850652 
80 202 15 18 0.06830049 
38 152 15 18 0.0683 
638 34 11 14 0.06827824 
934 24 9 11 0.06815469 
701 20 10 13 0.06774837 
930 409 13 16 0.067746185 
756 44 13 15 0.06736167 
913 46 9 11 0.06735773 
828 572 13 17 0.06732558 
129 385 16 20 0.06729665 
389 37 11 14 0.06661605 
622 21 8 11 0.065476716 
893 45 9 12 0.06542626 
42 839 83 107 0.06535169 
285 52 15 18 0.065344304 
921 219 15 18 0.065159574 
323 76 13 16 0.065030955 
895 15 8 10 0.06491171 
527 67 9 13 0.064717926 
312 53 12 15 0.06462466 
929 29 9 12 0.06460538 
260 106 21 26 0.06459527 
912 64 9 12 0.06448887 
904 100 10 12 0.064075395 
881 75 9 12 0.06390322 
366 13 12 13 0.06369208 
627 84 13 15 0.06336336 
24 121 12 18 0.06272122 
895 427 14 18 0.062704474 
833 259 9 13 0.06268923 
942 89 11 14 0.062504694 
876 98 10 13 0.062393118 
966 59 10 13 0.062183782 
672 631 25 36 0.062147263 
1012 323 12 17 0.061937027 
563 94 12 15 0.061896946 
44 160 21 25 0.061562065 
999 16 8 10 0.061549928 
19 705 17 21 0.06152947 
796 27 9 12 0.06147317 
548 75 14 18 0.061185863 
603 76 12 14 0.060918417 
890 292 14 19 0.060733914 
192 0 10 9 0.06071455 
996 123 12 14 0.060556307 
241 108 12 16 0.06050233 
59 370 40 49 0.060497113 
248 156 14 16 0.06037023 
604 94 12 14 0.06035599 
1002 0 8 8 0.060198847 
713 519 11 13 0.05992157 
1002 502 19 27 0.059918586 
727 509 24 31 0.059791084 
163 223 15 19 0.05937652 
805 299 14 17 0.059255823 
988 48 9 12 0.05924195 
109 568 35 42 0.05919968 
22 61 14 19 0.059101738 
956 303 14 18 0.058912784 
905 21 8 10 0.058823373 
377 49 14 16 0.058774866 
665 13 10 12 0.058440957 
0 203 13 21 0.058313992 
774 102 11 14 0.058214832 
299 53 11 15 0.058028344 
919 651 15 22 0.058008086 
703 45 11 15 0.05787037 
277 59 13 16 0.0576468 
280 178 13 15 0.05763017 
885 64 10 13 0.05760914 
147 308 12 14 0.057276588 
302 234 13 16 0.05723459 
237 5 11 13 0.057104047 
1012 397 13 21 0.057043657 
671 0 9 7 0.05693639 
616 63 10 12 0.05675668 
48 397 35 43 0.056619737 
229 250 13 18 0.05647235 
670 54 10 13 0.056470018 
892 396 14 19 0.05640384 
500 98 12 15 0.056249987 
590 31 9 13 0.056249175 
804 182 16 18 0.056120824 
779 6 10 13 0.056014214 
170 658 50 60 0.055858914 
660 48 14 16 0.055608843 
585 12 10 12 0.055468153 
524 10 11 15 0.055421453 
22 144 15 19 0.055337213 
820 156 11 14 0.055195026 
958 68 8 11 0.055142444 
829 63 9 12 0.055073164 
282 364 18 21 0.055003725 
765 22 11 13 0.05493625 
453 75 10 13 0.054787554 
783 62 11 15 0.054467574 
901 454 21 24 0.054194037 
956 115 13 15 0.054189224 
41 10 13 16 0.05409552 
798 43 10 14 0.05385675 
870 203 13 16 0.053840302 
735 565 13 17 0.05374743 
121 349 17 25 0.053703275 
982 123 13 16 0.05343986 
779 698 15 18 0.053255975 
76 18 12 16 0.053240135 
649 14 10 12 0.053231247 
59 41 14 17 0.053162683 
-1 82 9 16 0.053147893 
935 7 9 10 0.053064182 
288 11 11 15 0.05304279 
333 596 58 71 0.053026434 
764 770 30 43 0.0529415 
981 30 9 11 0.052856524 
648 522 19 19 0.052615177 
134 322 15 20 0.052430913 
576 77 10 14 0.052351035 
752 31 10 13 0.05220182 
791 69 11 14 0.05211788 
919 21 7 10 0.052087642 
930 622 30 40 0.052035816 
718 18 13 15 0.051901996 
670 78 12 14 0.051691506 
981 279 16 20 0.0516887 
975 210 12 16 0.05153397 
136 549 25 40 0.05148772 
885 161 14 16 0.05143858 
322 148 14 17 0.051365606 
597 85 11 15 0.051268186 
281 346 40 50 0.051261183 
1010 227 13 22 0.051174253 
5 537 51 63 0.051083524 
0 76 12 17 0.05102109 
45 204 14 16 0.050993312 
760 101 11 14 0.05095871 
550 14 9 12 0.050808497 
220 190 14 20 0.050651718 
18 355 15 20 0.050595514 
806 56 10 13 0.050548736 
881 40 8 10 0.050397076 
976 15 9 11 0.050325472 
21 1023 27 44 0.05026576 
868 501 21 24 0.050209086 
60 252 16 19 0.050179638 
921 377 17 20 0.049954455 
155 53 12 15 0.049914386 
962 28 10 12 0.049882673 
221 113 13 15 0.049692877 
697 43 11 15 0.049547106 
977 72 9 11 0.049379375 
26 703 22 29 0.04935551 
747 132 13 16 0.0490594 
238 316 27 32 0.049046528 
876 616 21 29 0.0489223 
28 256 17 20 0.048897628 
512 43 11 14 0.048777938 
922 536 16 24 0.048772827 
281 386 41 53 0.04873493 
294 7 11 13 0.048664752 
910 4 9 10 0.048619807 
849 188 11 14 0.048615854 
124 554 29 39 0.048579596 
617 109 13 16 0.0485762 
670 103 16 19 0.04850817 
993 209 16 20 0.04849831 
954 528 17 19 0.048480548 
983 56 11 14 0.048400667 
764 51 12 14 0.048345722 
635 84 13 16 0.04832434 
375 38 13 17 0.048225958 
656 -1 9 8 0.048161358 
119 20 11 14 0.04812547 
787 645 22 30 0.04811602 
597 21 10 13 0.048115034 
726 0 9 10 0.04811176 
764 72 10 12 0.048110347 
825 182 13 17 0.048082966 
854 131 11 15 0.047919407 
848 117 11 15 0.047910716 
855 675 41 52 0.047901608 
159 13 12 14 0.047866594 
253 286 12 14 0.04783596 
364 43 12 17 0.047794692 
181 0 10 11 0.04770467 
995 555 17 21 0.047658045 
943 16 9 11 0.047490437 
77 225 22 27 0.047476437 
941 103 11 13 0.04745397 
799 56 10 12 0.04740477 
891 623 25 30 0.047393743 
889 100 10 13 0.04728637 
718 6 12 13 0.047195688 
204 371 30 38 0.04711276 
467 125 28 33 0.04697357 
329 324 30 37 0.04687401 
981 190 11 15 0.046728443 
84 326 23 33 0.046704266 
578 509 18 21 0.046697218 
1007 346 20 29 0.046581425 
918 16 9 10 0.0465805 
847 107 12 15 0.046523973 
637 108 12 16 0.04639828 
835 810 27 45 0.046357546 
889 154 12 15 0.04625156 
714 75 13 16 0.046217516 
368 6 14 15 0.046199854 
553 115 14 18 0.046141867 
856 0 9 9 0.04614161 
386 568 29 36 0.046116035 
917 370 16 20 0.04611373 
16 3 12 13 0.04606788 
675 76 15 17 0.04601184 
839 452 14 19 0.04600428 
535 116 12 16 0.04594339 
663 0 9 9 0.04583907 
895 79 9 12 0.045740318 
766 29 12 13 0.04572342 
4 278 16 23 0.045674082 
710 84 12 16 0.04566752 
464 58 11 14 0.04560326 
865 6 8 10 0.04539711 
968 54 10 13 0.045337413 
1014 92 11 15 0.045215003 
436 28 10 13 0.045127466 
893 101 10 13 0.045117233 
132 12 11 14 0.04489723 
874 403 14 17 0.044854593 
888 14 8 11 0.044795334 
379 1 13 12 0.044568773 
984 218 13 19 0.044551548 
199 316 19 23 0.044503786 
532 21 11 14 0.044313896 
920 194 15 17 0.044274576 
195 189 17 21 0.04415812 
221 338 24 33 0.044071835 
887 52 10 12 0.044025112 
782 102 10 13 0.043976303 
780 13 10 13 0.043919675 
1007 157 12 13 0.043905172 
167 42 11 13 0.043852396 
974 418 11 17 0.04383743 
887 7 8 11 0.043756574 
280 43 12 15 0.043676086 
719 0 10 9 0.04364575 
1002 202 12 16 0.0436455 
885 516 13 16 0.0435366 
230 170 13 16 0.043530516 
288 163 13 16 0.043491576 
395 82 11 16 0.043389402 
966 188 13 16 0.043315552 
770 38 12 15 0.0432702 
684 75 13 15 0.04326718 
236 249 13 20 0.04325822 
916 126 11 16 0.04325101 
821 113 12 14 0.04311448 
564 628 36 45 0.043104447 
251 308 18 23 0.04301055 
480 106 16 18 0.042990558 
887 643 12 17 0.042948928 
116 307 13 18 0.0428985 
987 258 15 17 0.042843506 
967 46 9 10 0.042630654 
944 36 9 13 0.042601462 
10 273 19 26 0.04256895 
870 629 44 50 0.04246582 
600 38 10 12 0.042459764 
204 291 22 29 0.04240531 
1005 213 13 18 0.042360574 
438 51 12 13 0.042349707 
447 73 12 15 0.042329878 
833 123 11 14 0.042283066 
973 22 9 12 0.042251613 
452 39 11 13 0.04220954 
296 375 19 23 0.04212808 
937 117 14 16 0.042015176 
934 104 11 14 0.041892834 
863 52 10 11 0.041892067 
712 647 99 118 0.041655783 
996 375 25 32 0.04161041 
695 515 12 15 0.04148811 
905 7 8 9 0.041474197 
832 75 11 13 0.041440845 
272 352 23 31 0.041291125 
916 87 10 12 0.04124596 
814 233 13 17 0.04120579 
945 164 13 17 0.041204758 
452 541 13 19 0.041094657 
222 251 13 16 0.040987086 
286 128 13 17 0.040979944 
77 245 16 20 0.040935323 
982 513 23 29 0.04089818 
579 45 12 15 0.04087999 
695 75 12 14 0.040577386 
683 125 14 16 0.040559195 
847 40 9 11 0.04050765 
181 271 14 18 0.040433407 
893 261 12 16 0.040224455 
995 568 25 34 0.040191308 
929 9 9 10 0.040120196 
109 30 16 18 0.040118326 
363 38 11 15 0.040111966 
997 71 11 13 0.040075734 
921 297 19 22 0.03999225 
376 30 10 13 0.03996601 
634 5 9 11 0.039921492 
270 275 14 18 0.039873976 
886 93 10 13 0.039690934 
852 109 12 15 0.039675906 
934 394 13 18 0.039469443 
621 87 16 18 0.039414797 
170 154 16 21 0.039395846 
1000 429 13 17 0.039389398 
798 253 14 17 0.0392946 
869 167 10 13 0.03929326 
384 512 22 29 0.039123263 
34 684 29 35 0.039077055 
430 97 25 28 0.03903921 
38 332 24 32 0.039032534 
893 149 11 14 0.038955193 
42 123 21 27 0.038864274 
888 634 23 31 0.038693167 
432 38 10 13 0.038683124 
918 64 9 12 0.038583115 
894 328 15 21 0.03857927 
1004 419 15 19 0.038472585 
898 627 14 18 0.038464185 
454 30 10 12 0.03839157 
459 1 11 12 0.038332984 
830 285 21 25 0.038324215 
755 108 11 15 0.038225006 
235 327 33 37 0.038097966 
299 17 16 18 0.037931472 
881 44 9 12 0.0379192 
981 72 11 13 0.03781787 
423 92 10 12 0.037745964 
935 91 10 12 0.03763816 
839 156 12 15 0.03762669 
897 91 10 13 0.03757943 
1010 59 10 14 0.037574846 
155 403 18 23 0.037574366 
1011 218 11 17 0.037554376 
1004 487 15 19 0.037512347 
836 245 12 15 0.037487045 
559 10 11 13 0.037392225 
854 63 10 12 0.03737163 
759 89 13 16 0.037332356 
839 52 9 12 0.03733121 
940 135 15 17 0.03732789 
257 233 13 16 0.037261266 
888 22 9 10 0.037225116 
373 88 11 13 0.0372171 
715 115 11 15 0.03717926 
781 79 11 13 0.037175745 
895 8 8 9 0.03711236 
290 154 15 19 0.03710435 
276 51 13 16 0.03704927 
263 89 12 14 0.036969062 
187 43 12 14 0.03689539 
821 234 11 15 0.03686484 
701 39 10 12 0.036802486 
626 53 11 14 0.036789723 
990 645 29 47 0.036762957 
341 16 11 14 0.03672558 
647 59 10 12 0.036714803 
980 157 14 16 0.036678277 
935 39 9 12 0.036642656 
724 5 11 14 0.036614023 
432 15 9 12 0.036603738 
781 136 12 15 0.036599595 
770 657 51 56 0.036498126 
998 439 14 18 0.036425486 
427 93 12 14 0.036421623 
910 112 10 12 0.036375035 
350 572 49 60 0.03631986 
835 515 17 23 0.036185447 
93 250 15 19 0.036137123 
903 47 9 11 0.036086977 
725 90 11 15 0.036055643 
156 58 13 16 0.03603883 
417 0 10 10 0.03600233 
947 126 11 14 0.035950553 
891 371 13 15 0.03590988 
866 254 15 18 0.03588283 
89 397 25 34 0.035866793 
942 22 10 11 0.03570545 
448 1 9 10 0.03570123 
330 -1 12 11 0.03569563 
140 58 14 17 0.035648245 
893 285 11 15 0.035551254 
828 157 12 15 0.03546929 
911 374 11 14 0.03546353 
421 3 11 12 0.035438888 
807 191 15 18 0.03534755 
775 688 26 31 0.03528919 
195 393 32 36 0.035284918 
886 311 15 19 0.03520391 
443 110 22 25 0.035202503 
633 2 9 10 0.035178866 
791 6 9 12 0.035135727 
582 2 9 10 0.035072356 
1007 314 14 20 0.03502862 
842 25 8 10 0.03491243 
926 62 10 12 0.03487629 
397 13 9 11 0.034861494 
349 37 10 14 0.034791395 
403 111 19 26 0.034781758 
909 442 15 17 0.03477343 
114 72 13 16 0.034736704 
301 328 16 23 0.034640472 
417 93 9 12 0.03454787 
613 607 12 16 0.034405056 
83 264 19 22 0.034390092 
952 201 15 18 0.034365572 
613 93 11 15 0.034338683 
894 40 8 11 0.03433269 
701 564 12 15 0.03429022 
598 70 10 13 0.034289423 
187 28 12 17 0.03428417 
959 44 9 11 0.034262925 
832 283 12 18 0.034242913 
861 267 15 20 0.03419709 
803 615 24 28 0.03417843 
964 434 16 20 0.03410766 
559 99 12 15 0.034038946 
364 18 14 15 0.03400506 
544 22 10 13 0.03393436 
630 91 13 15 0.03390229 
936 280 14 19 0.03388971 
82 247 20 24 0.033888537 
819 1230 60 81 0.033886235 
975 110 9 11 0.033879314 
269 399 17 23 0.033857882 
979 418 13 15 0.03384635 
186 274 16 17 0.03374885 
50 201 16 17 0.033746146 
991 158 13 16 0.033745624 
880 64 18 22 0.033742927 
229 404 31 34 0.033683058 
834 702 48 48 0.03365509 
917 200 14 16 0.033590697 
150 114 15 20 0.03348961 
932 204 13 16 0.03340081 
886 84 10 13 0.033342805 
965 38 9 12 0.033337776 
308 19 14 17 0.03333175 
821 163 12 15 0.033260822 
230 29 10 14 0.03322856 
1000 563 16 19 0.033222046 
229 583 16 21 0.033220544 
748 529 14 19 0.03317232 
853 53 10 12 0.033130817 
130 279 15 19 0.033086423 
910 21 8 10 0.033033166 
662 21 10 13 0.03297579 
185 298 24 28 0.032961953 
105 819 18 23 0.032924175 
846 135 11 14 0.032909594 
323 59 13 14 0.032857735 
824 51 11 13 0.032691132 
877 513 13 16 0.032598946 
860 298 12 15 0.032595444 
900 259 13 16 0.032574397 
103 391 25 33 0.03257395 
891 516 16 18 0.032545757 
997 369 17 20 0.03252387 
227 179 13 17 0.032517314 
786 19 17 21 0.03247016 
772 3 17 21 0.032346435 
865 13 9 11 0.032331996 
769 12 11 12 0.032302577 
777 68 10 13 0.03227471 
703 103 14 18 0.03226384 
838 133 11 13 0.03224204 
909 382 14 18 0.032233458 
243 12 11 15 0.03217233 
105 264 16 20 0.032109864 
35 27 14 17 0.032067835 
1013 34 10 14 0.032038335 
61 359 28 32 0.032032758 
647 0 9 8 0.031984963 
211 194 13 18 0.03197724 
826 5 8 11 0.03196098 
622 102 15 18 0.031909212 
819 364 12 18 0.031906538 
502 20 11 13 0.031897765 
123 289 14 18 0.031728055 
893 109 11 13 0.03163438 
938 1 9 9 0.031628083 
609 524 17 21 0.031612214 
711 7 10 13 0.03159006 
900 211 12 15 0.031581428 
182 305 17 20 0.031534784 
631 35 13 15 0.03148524 
854 250 14 18 0.031465113 
950 142 11 14 0.031464383 
211 0 11 11 0.031458843 
576 83 12 16 0.031419978 
1007 292 19 27 0.03137421 
524 92 14 17 0.031355176 
229 0 12 13 0.03132871 
502 42 12 15 0.03129494 
427 100 15 17 0.031290676 
146 313 15 20 0.031196095 
77 266 15 19 0.0311926 
791 645 13 18 0.031171186 
42 110 15 17 0.031147746 
209 723 32 44 0.031121638 
820 259 11 14 0.031048995 
696 14 10 13 0.031019107 
589 125 13 15 0.031014174 
168 24 20 24 0.03100868 
811 299 16 18 0.030973354 
845 1230 31 54 0.030951338 
991 36 10 13 0.030904688 
858 241 14 17 0.030893994 
518 66 11 14 0.030881844 
59 554 39 54 0.030792052 
949 1 9 10 0.030782707 
996 228 16 20 0.030777685 
986 289 15 20 0.030748688 
997 192 13 15 0.030671531 
981 48 18 22 0.030609941 
9 338 23 30 0.030599006 
855 140 10 12 0.030574186 
644 30 11 14 0.030570865 
813 223 10 15 0.030559495 
365 118 12 17 0.030552892 
389 21 10 12 0.030522082 
920 529 13 19 0.030486446 
716 521 11 15 0.030463476 
839 98 12 15 0.030449558 
976 139 12 15 0.030437741 
811 619 14 19 0.030405192 
271 0 10 9 0.0304011 
341 54 12 15 0.030353557 
34 575 17 22 0.030324277 
952 46 9 11 0.030268146 
620 69 12 14 0.030264942 
484 102 14 16 0.030161873 
544 11 11 15 0.030122805 
294 133 12 17 0.030102193 
386 1202 222 217 0.030014316 
246 0 10 11 0.029977638 
862 147 10 14 0.029964656 
276 122 13 17 0.029931016 
925 346 15 19 0.029917793 
12 118 13 18 0.029911047 
803 250 14 17 0.029873328 
140 23 14 18 0.029863957 
302 44 12 16 0.029821577 
43 135 16 20 0.02976338 
7 14 12 15 0.029753488 
841 328 15 21 0.029739926 
323 140 13 17 0.029633727 
987 385 27 32 0.029629216 
377 10 13 15 0.029519146 
425 60 13 18 0.029518956 
902 636 44 49 0.029517952 
790 15 10 13 0.029505797 
625 78 13 15 0.029498609 
295 0 10 11 0.029430775 
716 28 11 14 0.02942012 
991 30 9 11 0.029419698 
916 269 14 18 0.02940152 
701 29 10 12 0.029374788 
-1 91 8 15 0.029257169 
559 139 13 16 0.029253026 
70 38 13 18 0.02924118 
787 112 13 16 0.02923302 
687 139 16 18 0.029219637 
913 450 13 16 0.029198425 
613 99 12 16 0.029025797 
590 63 10 13 0.029018514 
973 226 14 18 0.0290085 
134 57 13 16 0.029004969 
768 2 10 11 0.028986992 
653 123 13 16 0.028968567 
991 441 13 16 0.028954446 
231 7 20 23 0.028915849 
901 391 14 20 0.028895494 
556 110 11 14 0.02883478 
696 28 9 12 0.028781408 
880 188 12 15 0.028736914 
372 17 14 16 0.028733583 
397 65 12 16 0.028720737 
865 28 9 12 0.028716912 
318 115 14 17 0.028697174 
48 323 16 19 0.0286348 
35 706 25 34 0.028608829 
142 0 10 9 0.028582098 
108 283 16 20 0.028572286 
865 622 24 30 0.028570402 
855 287 14 19 0.028520375 
224 0 11 11 0.028478544 
958 525 25 28 0.028441697 
109 355 19 21 0.02840854 
532 90 12 17 0.028373774 
642 672 42 46 0.02837192 
882 53 9 11 0.028365888 
951 15 8 11 0.028352506 
855 259 13 17 0.02828077 
909 65 19 22 0.028221423 
392 12 10 13 0.028205607 
894 527 22 26 0.02820049 
319 83 14 18 0.028164458 
610 50 12 16 0.028127259 
509 564 46 56 0.028049206 
244 256 15 21 0.028041152 
884 507 13 17 0.028024258 
334 141 13 16 0.028020753 
182 257 14 19 0.027997639 
875 652 31 35 0.027938066 
202 188 19 26 0.027907165 
423 47 8 12 0.02788782 
512 37 12 14 0.027878042 
69 346 23 31 0.027847856 
462 14 11 13 0.027835479 
755 732 15 16 0.027830679 
416 5 10 11 0.02778882 
661 108 10 15 0.02773404 
929 603 25 31 0.027666595 
264 44 12 16 0.027656179 
191 367 27 29 0.027655527 
883 137 12 16 0.027631167 
200 67 12 15 0.027609223 
1006 510 20 29 0.027603734 
137 35 14 17 0.027570285 
700 589 16 18 0.027550487 
187 82 12 15 0.027476335 
940 474 11 15 0.027375996 
235 50 13 16 0.027319321 
341 142 16 18 0.027263176 
981 206 13 17 0.027255684 
50 138 15 19 0.027192298 
929 24 9 11 0.027158549 
606 10 10 13 0.027077593 
966 426 14 17 0.0270648 
934 454 13 16 0.027049746 
887 460 12 15 0.027026124 
981 131 13 16 0.027021695 
485 592 41 45 0.027010523 
894 459 12 17 0.026930872 
670 19 10 12 0.026852403 
557 85 11 16 0.026844295 
69 226 19 26 0.026776066 
4 181 15 19 0.02675645 
323 133 13 15 0.026753515 
495 32 11 13 0.026750872 
789 36 12 14 0.02669969 
774 93 11 14 0.026673842 
856 66 17 22 0.026670165 
983 509 13 18 0.026642602 
694 51 11 14 0.026586035 
263 37 11 14 0.026564475 
76 56 15 19 0.026530677 
1009 429 15 20 0.026515268 
258 93 12 16 0.026458075 
203 -6 21 22 0.026427992 
685 56 13 15 0.026420137 
844 42 18 22 0.02641515 
990 58 9 12 0.026328908 
285 583 16 20 0.026325148 
928 308 15 18 0.026298046 
894 135 12 16 0.026294021 
928 84 12 14 0.026284175 
910 313 14 18 0.026202688 
930 419 14 17 0.026200132 
296 569 29 39 0.026176943 
154 329 16 21 0.026152043 
991 493 23 29 0.026141802 
795 86 11 15 0.026103139 
134 218 12 16 0.02603668 
725 702 57 84 0.026030235 
680 80 20 25 0.02598751 
788 276 14 16 0.025967488 
575 71 10 13 0.025956905 
944 61 9 11 0.025886832 
790 42 12 15 0.025833635 
247 584 32 34 0.025831547 
951 232 15 19 0.025828555 
773 19 12 14 0.025784448 
171 218 12 15 0.025780626 
898 337 14 18 0.025756838 
603 38 12 15 0.025706092 
972 486 14 19 0.025703229 
869 819 12 19 0.02563782 
912 275 15 19 0.025613017 
789 61 11 14 0.025601761 
252 290 15 18 0.02559815 
291 37 10 13 0.025594773 
801 154 14 16 0.025577256 
800 187 13 17 0.025568243 
1015 179 11 14 0.025560183 
685 22 10 13 0.02554905 
848 450 16 21 0.025460063 
136 207 13 16 0.02545281 
381 22 12 13 0.025450112 
800 649 16 20 0.02541389 
643 139 14 17 0.025378598 
338 588 139 199 0.025361586 
87 235 20 23 0.025348948 
695 570 13 15 0.02534771 
127 37 11 14 0.025333282 
166 7 11 13 0.02531467 
290 579 19 24 0.025291272 
66 246 19 25 0.025283884 
1012 149 10 14 0.02525598 
806 45 10 12 0.025239613 
782 411 15 19 0.025181193 
28 60 21 26 0.025175191 
837 75 11 13 0.02510812 
699 623 27 34 0.025085038 
414 531 23 32 0.025034592 
182 20 12 15 0.024998542 
877 292 17 19 0.024985045 
833 275 11 18 0.024965988 
945 55 9 11 0.024953222 
680 34 10 14 0.024886321 
50 115 15 21 0.02486386 
929 228 15 19 0.024861062 
747 122 14 18 0.024749514 
795 166 15 18 0.024745079 
157 336 24 31 0.024714602 
592 17 12 15 0.024710558 
207 223 13 16 0.024693685 
994 132 12 15 0.024673961 
422 15 11 13 0.024669647 
982 458 14 18 0.024629354 
926 68 18 22 0.024624495 
835 267 21 28 0.024595695 
367 107 12 16 0.024552807 
276 67 13 16 0.0244424 
327 106 13 16 0.024422228 
870 258 21 24 0.024411295 
776 62 10 13 0.024345772 
235 83 13 16 0.0243426 
701 631 15 21 0.024320863 
708 58 13 15 0.02429647 
686 12 10 12 0.024279486 
972 533 18 24 0.024279185 
937 630 32 45 0.02425032 
98 209 15 21 0.024236193 
406 30 9 12 0.0242218 
846 7 9 10 0.024220342 
431 7 9 11 0.024210574 
839 36 9 11 0.024141738 
775 131 15 18 0.024140501 
122 392 25 35 0.024110392 
1009 36 8 12 0.0240781 
903 852 54 70 0.024075245 
141 138 13 16 0.024050206 
10 1027 51 76 0.024047684 
16 74 14 18 0.024043469 
803 126 12 14 0.02401761 
948 258 14 16 0.02400987 
83 341 14 22 0.02398599 
35 553 29 39 0.023973983 
925 203 13 14 0.023946958 
925 520 19 25 0.023935318 
776 120 15 18 0.023929402 
904 581 41 49 0.023844466 
263 0 10 9 0.02382358 
898 82 17 22 0.02380855 
982 16 8 11 0.023796119 
126 30 11 14 0.023774914 
447 30 10 12 0.023770755 
-2 218 19 27 0.023770595 
668 116 15 19 0.023715338 
989 430 13 14 0.023704039 
0 15 9 13 0.023694525 
825 1 8 10 0.0236917 
302 28 15 17 0.023671243 
22 369 26 38 0.02363172 
566 35 10 13 0.023618102 
1009 22 18 26 0.02360745 
334 54 10 15 0.023590589 
823 75 11 14 0.02356669 
441 531 24 32 0.023561308 
378 97 15 17 0.023520034 
63 13 12 14 0.023508634 
430 53 12 13 0.023507886 
294 659 55 74 0.023488553 
159 93 12 16 0.02343583 
966 551 14 21 0.023415696 
833 267 10 15 0.023413992 
155 533 31 33 0.023408603 
390 62 11 15 0.023352047 
359 4 13 14 0.023341676 
923 277 14 20 0.023285363 
718 35 11 14 0.023274662 
857 811 24 38 0.023249613 
1007 439 21 28 0.023200396 
798 148 14 16 0.023170942 
53 47 16 19 0.023165276 
837 87 11 14 0.023156885 
955 256 16 19 0.023140036 
901 537 21 27 0.02313913 
166 160 21 28 0.023113111 
546 28 10 14 0.023095833 
21 182 22 29 0.023062775 
542 73 13 17 0.023058182 
430 86 10 12 0.023033572 
975 52 10 13 0.02302537 
45 15 13 17 0.023007233 
472 2 9 10 0.023001758 
1005 407 15 22 0.02299988 
199 229 14 19 0.022966107 
704 8 10 12 0.022963071 
686 115 13 15 0.022939144 
85 8 14 16 0.022928672 
627 118 14 18 0.022903346 
930 377 14 19 0.022890853 
604 606 24 28 0.02285809 
981 534 25 30 0.022843476 
576 14 10 12 0.022784526 
882 663 18 21 0.022748353 
601 1 9 10 0.022694943 
772 52 10 13 0.022679064 
535 62 10 13 0.022672798 
483 7 11 13 0.022659183 
996 513 16 21 0.022644667 
975 6 7 10 0.02262399 
710 37 13 14 0.02260109 
970 546 15 20 0.02258996 
827 200 11 16 0.022559332 
633 15 9 11 0.022557214 
861 63 9 12 0.022547143 
693 5 8 11 0.022529678 
149 57 13 16 0.022513984 
92 5 15 15 0.022495117 
405 84 11 13 0.022494601 
896 31 8 10 0.022461921 
853 22 8 11 0.02245768 
197 1335 8 10 0.022447297 
236 164 11 14 0.022442074 
350 0 12 12 0.022433428 
951 516 26 29 0.022431359 
797 73 11 14 0.022383023 
839 421 12 15 0.022337748 
234 529 27 30 0.022324786 
901 24 19 24 0.022289112 
997 35 10 13 0.022287037 
884 498 14 18 0.022286793 
813 514 13 16 0.022275217 
80 580 34 43 0.022265052 
126 117 15 21 0.022229556 
1013 141 10 14 0.022200547 
557 0 19 23 0.022189092 
188 21 12 15 0.022147829 
600 0 18 23 0.022126729 
507 588 87 106 0.02212656 
679 650 39 54 0.022093125 
391 498 24 29 0.022076849 
849 236 12 16 0.022071088 
413 1230 151 121 0.022070862 
155 98 15 18 0.022067873 
985 128 19 21 0.022054292 
14 377 41 54 0.022033129 
107 143 14 18 0.02201294 
923 176 15 19 0.022011986 
893 646 26 34 0.022010038 
900 410 15 20 0.021997364 
293 18 14 17 0.021992454 
701 63 10 13 0.0219825 
7 635 25 34 0.021976817 
144 105 12 17 0.02194363 
933 62 11 12 0.021869756 
807 224 12 17 0.021842673 
598 59 11 13 0.021805704 
299 134 12 16 0.02179896 
302 2 12 12 0.021728454 
939 107 12 15 0.021726923 
226 186 16 19 0.021706894 
896 21 7 10 0.021702493 
330 28 11 14 0.02169143 
283 260 25 32 0.021687098 
198 28 11 15 0.02168197 
184 315 26 28 0.021675516 
180 239 12 17 0.021670654 
1013 65 11 15 0.021665998 
906 433 15 20 0.021659344 
1000 339 14 17 0.021653641 
879 573 13 18 0.021640498 
390 99 12 13 0.021623814 
247 829 119 150 0.02162236 
685 374 14 15 0.021603579 
292 45 12 15 0.021575173 
940 388 12 18 0.021538092 
512 87 11 14 0.02150676 
18 173 16 19 0.021499623 
371 573 33 41 0.021482332 
791 0 8 9 0.021468675 
243 295 25 30 0.02142778 
530 107 14 17 0.021419553 
860 421 12 16 0.021418702 
343 30 19 25 0.02141741 
816 26 11 14 0.021394618 
868 695 19 23 0.021339716 
665 43 11 14 0.021326892 
956 189 16 18 0.021293154 
49 146 15 19 0.02128942 
941 260 14 16 0.021264806 
495 89 19 23 0.021228034 
858 168 18 22 0.021219661 
309 400 17 20 0.021184456 
915 139 12 17 0.021176528 
117 273 16 20 0.021161934 
777 419 22 30 0.021159148 
247 1090 39 47 0.021129038 
456 534 23 28 0.021125033 
909 651 16 22 0.021098847 
891 407 13 18 0.021060772 
59 218 15 21 0.02102024 
786 656 26 35 0.021016344 
115 873 62 86 0.020998066 
515 52 12 15 0.020990128 
821 566 22 26 0.020981638 
832 2 17 22 0.020974537 
696 38 11 14 0.020960713 
214 33 13 17 0.020958887 
137 130 14 19 0.020955807 
666 126 15 18 0.02094314 
646 8 8 10 0.020941127 
279 30 13 17 0.020936279 
981 91 11 14 0.020930933 
989 24 8 9 0.020908605 
872 40 8 11 0.020839442 
988 75 11 15 0.02083477 
1011 49 18 25 0.020820597 
982 401 15 19 0.020793576 
35 251 14 21 0.02079176 
805 273 14 18 0.020770155 
295 235 12 16 0.020736901 
222 28 11 17 0.020735897 
305 378 17 23 0.02072548 
163 19 14 18 0.020703271 
106 273 14 19 0.020681025 
564 29 10 14 0.020680014 
604 69 12 15 0.02064809 
994 398 25 31 0.020639746 
504 547 43 50 0.020638697 
928 90 11 13 0.020601906 
598 96 12 15 0.020573976 
774 85 11 13 0.020573601 
512 12 11 13 0.020556375 
136 29 11 15 0.020548487 
62 728 26 29 0.020545 
398 100 9 12 0.020531423 
883 385 16 19 0.02052395 
502 567 30 43 0.02047179 
1009 23 9 10 0.020463122 
721 539 16 21 0.020461695 
11 513 47 54 0.02045627 
863 108 10 13 0.020448653 
25 134 21 24 0.02041512 
854 83 11 14 0.020411689 
751 562 14 17 0.020400906 
780 683 17 21 0.020394944 
96 287 17 21 0.020363597 
136 70 15 18 0.020363424 
96 136 14 19 0.020356588 
975 39 18 23 0.020317864 
623 59 10 14 0.020310104 
69 305 15 21 0.020307152 
931 218 15 19 0.020304503 
238 236 11 16 0.020290675 
902 109 11 13 0.020284737 
874 579 20 29 0.020269725 
971 118 14 16 0.020245051 
92 386 16 22 0.020236962 
52 107 14 19 0.020215949 
814 238 19 24 0.020198626 
18 528 17 20 0.02019257 
674 628 15 20 0.020162307 
175 2 18 21 0.020157125 
875 281 17 18 0.020135788 
0 1106 18 30 0.02013121 
370 -3 23 21 0.020126361 
333 627 39 51 0.020099089 
330 283 15 20 0.020067163 
212 56 11 13 0.020060267 
870 53 8 11 0.020056358 
603 83 11 15 0.02005481 
472 123 14 17 0.020031866 
629 646 13 16 0.020031562 
646 119 15 18 0.020023273 
368 86 10 13 0.0200201 
