28_Sports_Fan_Sports_Fan_28_265
105
494 85 233 333 0.99963224 
95 157 266 360 0.99953616 
1011 317 7 10 0.09947304 
912 316 8 11 0.080984734 
976 523 37 62 0.079171695 
922 326 8 11 0.07110077 
941 319 8 10 0.06709666 
974 207 7 10 0.06493124 
1014 261 8 11 0.05893377 
935 281 8 9 0.0557677 
919 319 8 10 0.052275844 
991 230 8 9 0.051366467 
949 335 9 11 0.04574735 
887 305 7 8 0.045141675 
942 312 7 9 0.04464181 
516 429 148 214 0.042584553 
934 286 8 9 0.042525236 
993 208 7 8 0.040598087 
992 288 8 11 0.039790995 
985 270 8 10 0.039666947 
990 184 9 10 0.039339587 
1010 264 7 10 0.03560041 
1009 191 9 11 0.03531135 
989 270 8 9 0.034797877 
999 288 7 9 0.034415293 
926 383 15 21 0.033892386 
921 302 8 9 0.033397984 
897 293 7 10 0.033386506 
968 289 7 9 0.03248075 
970 239 8 9 0.032232754 
928 313 7 9 0.032201536 
1001 240 8 9 0.03202548 
996 468 26 39 0.031529207 
897 289 8 9 0.030686622 
912 297 8 9 0.03055106 
968 264 7 9 0.030518886 
977 319 7 9 0.030322835 
1000 207 7 9 0.028524261 
954 310 8 9 0.028369043 
960 328 6 9 0.028063979 
999 458 14 20 0.028058039 
903 326 7 8 0.028034844 
968 225 7 9 0.027855912 
920 296 8 9 0.027773121 
918 313 8 9 0.027323022 
1013 454 10 17 0.02715977 
1006 208 8 9 0.02696823 
905 304 7 9 0.0269616 
975 248 7 8 0.02692947 
950 288 8 10 0.02664035 
974 487 24 37 0.026432352 
991 224 8 11 0.026239837 
986 231 7 8 0.026097115 
972 493 39 65 0.025900837 
936 296 8 9 0.025838662 
986 239 8 9 0.025642855 
994 280 6 8 0.025510201 
898 311 7 9 0.025393158 
993 199 7 9 0.02506956 
991 254 7 9 0.025014589 
926 302 8 10 0.02496247 
951 237 9 10 0.024828125 
1002 271 7 9 0.024794308 
969 231 8 9 0.024662899 
985 224 7 9 0.024537794 
1001 279 7 10 0.024525747 
944 295 8 9 0.024500886 
952 207 7 9 0.024315486 
385 349 443 438 0.024144396 
973 233 8 9 0.023931496 
904 319 7 11 0.023908803 
889 336 8 10 0.023884296 
983 207 7 9 0.023765642 
998 223 8 9 0.023346579 
967 311 8 9 0.02315318 
975 202 8 9 0.023080101 
927 268 9 10 0.023038963 
1014 196 8 11 0.02301208 
977 280 8 9 0.022483554 
951 263 8 9 0.022278331 
1008 270 7 10 0.022176277 
905 271 8 10 0.021958578 
928 297 6 8 0.021948727 
1008 231 7 10 0.021932645 
975 264 8 10 0.021824688 
-27 575 176 285 0.02180444 
1008 182 8 10 0.02173628 
1006 213 8 9 0.021736087 
1008 254 7 10 0.021705508 
985 292 8 10 0.021546224 
911 336 8 10 0.021487655 
928 247 8 9 0.021393752 
821 293 9 10 0.021148387 
984 200 7 9 0.020919932 
1002 311 8 10 0.020846505 
926 331 10 11 0.020640967 
336 128 65 65 0.020524234 
1002 246 6 8 0.020517467 
983 305 8 9 0.020258665 
968 329 7 8 0.020230003 
1001 263 7 10 0.020169392 
1008 278 8 11 0.020142043 
918 279 8 9 0.02007984 
983 288 9 10 0.020051014 
896 319 9 10 0.02005033 
