28_Sports_Fan_Sports_Fan_28_868
44
682 29 46 63 0.99856997 
511 246 34 47 0.982473 
869 172 42 51 0.75403595 
580 315 37 48 0.06107807 
134 283 14 19 0.058205027 
889 191 32 35 0.052046057 
40 461 33 41 0.047624 
126 269 12 15 0.046578374 
184 410 53 82 0.044124708 
492 253 42 44 0.040717077 
846 170 44 53 0.038602773 
821 316 12 16 0.03808324 
20 2 16 20 0.037615385 
135 261 13 17 0.03755755 
387 3 16 16 0.036840446 
124 283 15 20 0.033148885 
78 318 12 16 0.03205226 
996 251 13 20 0.03155408 
383 571 13 15 0.03110422 
81 62 14 20 0.031072529 
750 10 15 20 0.030772671 
141 255 11 14 0.030296193 
601 283 27 36 0.029296944 
202 318 11 15 0.02923844 
8 1 28 40 0.029129492 
749 8 24 33 0.028842231 
13 383 12 17 0.026886312 
995 375 22 37 0.02655852 
90 280 95 124 0.025639145 
36 443 50 76 0.025094127 
138 384 99 137 0.024932541 
120 287 13 18 0.024521755 
139 0 27 26 0.023811918 
820 49 101 128 0.022855578 
131 267 101 138 0.022569891 
709 92 15 18 0.021906845 
820 173 43 52 0.021846648 
984 10 15 20 0.021805294 
812 68 14 18 0.021355474 
509 5 16 16 0.021031918 
912 351 29 38 0.020784993 
120 277 12 15 0.020744886 
737 81 60 68 0.020157663 
990 252 22 31 0.020016626 
