28_Sports_Fan_Sports_Fan_28_487
218
824 493 36 50 0.99921083 
668 156 33 40 0.9990361 
161 144 36 42 0.9989643 
796 0 35 36 0.9987072 
910 449 37 47 0.998594 
132 446 33 43 0.9985814 
674 275 36 44 0.99849 
329 63 34 42 0.9982722 
971 284 33 42 0.99819154 
622 95 30 38 0.99805874 
339 556 34 35 0.99787843 
938 146 35 40 0.9978696 
570 341 34 44 0.99766695 
512 435 36 44 0.99757713 
109 265 36 46 0.9974848 
617 318 32 37 0.99748033 
991 103 32 43 0.99744475 
713 106 32 39 0.9973435 
558 243 29 37 0.9972735 
549 506 36 40 0.9971283 
674 8 32 37 0.99690056 
668 78 32 43 0.99612266 
416 259 33 43 0.9961164 
884 307 37 43 0.9953485 
963 482 39 52 0.99481285 
430 67 28 34 0.9945015 
554 567 38 43 0.9939247 
915 529 41 50 0.99326706 
603 181 37 47 0.9931753 
784 78 35 43 0.99286807 
211 108 33 41 0.9927604 
708 322 40 48 0.9923923 
163 2 25 32 0.99207157 
406 583 40 48 0.99204046 
873 165 35 40 0.99143034 
956 353 38 42 0.990642 
733 283 35 46 0.98945355 
818 276 39 48 0.98930293 
858 422 40 48 0.9888243 
460 509 42 52 0.9884496 
464 205 37 45 0.9876452 
859 241 35 39 0.98743814 
993 335 29 43 0.9870265 
798 401 33 44 0.98557645 
454 285 39 46 0.98500395 
598 440 31 36 0.98232657 
726 590 34 42 0.9798783 
47 445 39 52 0.979871 
787 217 37 43 0.9782431 
751 562 31 39 0.97814935 
469 35 31 40 0.9727653 
665 493 39 52 0.9713354 
957 210 37 42 0.97063905 
158 272 34 41 0.96568966 
56 382 39 51 0.9638461 
424 194 30 37 0.9630641 
345 0 32 35 0.96007353 
483 257 32 35 0.95965725 
15 221 30 36 0.94521827 
593 386 35 38 0.9442103 
821 562 40 50 0.9432953 
407 29 30 35 0.94320023 
735 240 39 42 0.9348912 
603 1 29 30 0.9313767 
146 229 26 31 0.92562574 
207 15 23 30 0.92069006 
220 194 35 39 0.9184498 
619 532 38 46 0.91561246 
261 553 42 59 0.915481 
489 376 41 52 0.91214925 
1 461 33 49 0.9000232 
0 341 21 35 0.833819 
1003 416 23 47 0.80847126 
187 390 33 39 0.80298465 
428 472 42 48 0.78617734 
546 12 26 33 0.7496033 
40 97 31 42 0.7277622 
147 28 17 24 0.7096869 
754 0 32 28 0.6979611 
199 309 33 38 0.6760977 
840 352 33 40 0.6506448 
771 195 27 32 0.6412398 
350 478 26 32 0.61580175 
169 500 42 48 0.61559206 
517 233 27 34 0.5167521 
50 108 32 43 0.4471424 
795 170 28 32 0.24586634 
845 -1 29 25 0.22190279 
891 2 35 24 0.2075379 
32 83 30 35 0.20424938 
696 455 34 44 0.20109403 
213 475 39 45 0.16165389 
735 259 32 42 0.13377017 
722 298 40 52 0.12408666 
62 119 28 35 0.113116525 
50 1 23 29 0.10921539 
476 -2 25 18 0.102630645 
400 470 25 31 0.09516322 
140 392 26 33 0.08870733 
4 407 29 42 0.08737597 
334 505 16 20 0.08322197 
805 222 27 35 0.08264717 
23 447 40 53 0.08141384 
93 103 26 32 0.07831788 
366 488 24 29 0.0762249 
606 480 26 30 0.07350977 
897 272 24 26 0.070590526 
677 402 27 35 0.0694765 
114 138 16 22 0.06541311 
230 486 31 35 0.062735945 
842 336 29 37 0.060024586 
977 95 27 38 0.05955562 
750 252 32 40 0.058125913 
916 428 27 29 0.05696725 
1001 221 22 33 0.054677602 
410 479 16 20 0.053601377 
408 453 53 64 0.05213878 
623 406 29 34 0.05112047 
739 570 29 34 0.050287347 
44 78 32 39 0.049278732 
100 103 14 18 0.046492632 
421 49 28 36 0.04608406 
388 2 26 28 0.045954105 
100 -2 26 23 0.045403447 
348 122 31 34 0.044858944 
406 516 16 20 0.043798413 
22 207 31 41 0.04354193 
48 82 20 23 0.042124234 
620 429 29 34 0.041829783 
67 197 26 32 0.03992916 
336 494 24 29 0.039137013 
199 404 20 24 0.038219057 
836 14 42 43 0.037597284 
133 233 40 49 0.03698752 
682 351 26 34 0.03661868 
16 74 39 50 0.035501312 
599 399 33 39 0.035335574 
419 479 30 35 0.03501241 
451 126 25 37 0.034469314 
830 262 41 53 0.034110248 
796 570 25 35 0.034031365 
689 399 28 34 0.034009323 
147 55 18 24 0.03380355 
653 458 14 18 0.03364432 
806 568 32 40 0.03355811 
593 420 29 32 0.033091746 
595 526 23 29 0.032714684 
656 76 30 40 0.03181281 
508 241 35 45 0.03105502 
177 518 37 47 0.030965649 
-1 423 32 42 0.030154621 
124 269 36 46 0.02948282 
791 230 39 50 0.02927119 
648 504 40 51 0.028641086 
348 490 20 27 0.02843872 
614 398 29 34 0.028309613 
398 0 29 29 0.028303418 
362 128 29 29 0.027833693 
780 180 31 36 0.027411565 
607 394 22 23 0.027397724 
610 417 31 37 0.026855601 
249 498 16 20 0.026726568 
411 507 17 22 0.026601057 
147 515 30 39 0.026521908 
385 462 31 38 0.026460549 
257 391 24 33 0.026386978 
758 241 29 35 0.02638391 
47 129 27 38 0.026247518 
441 558 25 33 0.025911722 
446 17 24 30 0.025900852 
412 471 28 33 0.025613558 
635 415 26 32 0.025557237 
157 511 45 55 0.025220154 
463 138 27 38 0.025145013 
203 491 37 39 0.025091818 
992 424 26 35 0.024694934 
14 400 42 52 0.024544256 
341 7 21 24 0.024480999 
466 266 41 53 0.024146197 
627 519 33 41 0.024051152 
1001 322 24 30 0.02401063 
76 115 26 36 0.023742158 
671 412 26 37 0.023729574 
803 323 25 30 0.023625536 
607 516 42 51 0.023539267 
176 262 23 33 0.02309296 
422 33 19 23 0.023051823 
770 4 33 33 0.022937026 
35 199 26 34 0.022622371 
409 3 28 31 0.022617042 
793 197 32 40 0.022578917 
90 1 19 20 0.022460703 
527 235 31 39 0.022372788 
191 501 36 39 0.022345152 
-2 434 41 57 0.022336656 
207 293 35 47 0.022118531 
440 481 44 56 0.021995682 
558 17 20 24 0.021982638 
8 46 24 28 0.021951325 
417 477 16 20 0.021945007 
151 147 30 36 0.02191618 
684 465 28 33 0.021819424 
770 230 26 35 0.021738734 
38 108 17 25 0.021667425 
403 36 21 26 0.021636505 
92 119 17 24 0.021633722 
891 280 29 33 0.021394264 
730 579 28 34 0.021315966 
251 438 29 38 0.021098113 
77 96 38 49 0.02093752 
512 61 37 54 0.020719033 
43 77 18 21 0.020695182 
537 336 27 33 0.020309815 
146 384 17 20 0.02024282 
201 334 31 34 0.020233775 
168 405 24 28 0.02019473 
541 232 37 46 0.020170378 
390 451 46 56 0.020037537 
