28_Sports_Fan_Sports_Fan_28_126
192
311 249 75 90 0.99838126 
458 203 85 101 0.99741346 
420 385 60 67 0.99099827 
404 296 25 33 0.9739468 
70 310 13 17 0.9586129 
126 284 10 13 0.8373973 
102 278 8 11 0.5551652 
41 287 9 11 0.46712348 
174 286 8 10 0.2607248 
125 289 13 17 0.20417447 
781 342 8 11 0.17575407 
854 254 9 11 0.12394639 
841 296 8 9 0.11142491 
889 336 7 11 0.10296486 
855 319 8 11 0.10289724 
953 342 7 10 0.099091515 
657 291 10 13 0.08187058 
775 302 7 9 0.08004798 
0 270 8 13 0.07642353 
47 342 10 14 0.075605616 
487 157 10 11 0.07041392 
823 350 8 10 0.07016074 
840 349 10 11 0.06852727 
1005 304 7 9 0.06835829 
824 296 7 9 0.06686049 
822 313 8 10 0.065747425 
55 346 10 13 0.06402559 
861 351 7 10 0.06372523 
830 342 7 11 0.0628774 
91 300 13 16 0.062520005 
845 351 9 11 0.06198674 
39 330 11 15 0.061547108 
65 279 7 9 0.060199235 
937 303 7 9 0.059961762 
817 315 9 12 0.05903503 
864 336 8 11 0.057007268 
521 159 9 12 0.056948274 
1001 309 9 11 0.056789834 
919 303 8 9 0.056760523 
800 312 10 11 0.056596246 
169 301 10 11 0.053686813 
845 344 8 10 0.05328837 
44 290 9 13 0.053280737 
817 303 7 8 0.052911676 
846 297 6 8 0.052392513 
601 292 42 55 0.051618103 
776 322 10 13 0.05106936 
993 334 7 10 0.050786752 
806 295 7 8 0.050754394 
127 352 8 11 0.05073895 
13 329 11 15 0.0506449 
518 465 34 39 0.050175805 
911 312 8 10 0.04777841 
910 317 8 10 0.047299422 
832 288 8 10 0.04720696 
109 278 8 11 0.04694099 
93 305 14 16 0.045432005 
402 163 10 13 0.045403037 
65 272 7 9 0.044356305 
977 341 8 10 0.044142056 
60 346 12 13 0.04397088 
133 340 9 12 0.04368104 
997 334 9 10 0.04329018 
148 300 10 13 0.04323756 
145 294 9 11 0.04322606 
173 292 10 13 0.043177996 
840 356 10 11 0.04255641 
825 344 8 10 0.04212004 
199 150 11 14 0.04194464 
814 279 9 12 0.0413466 
63 283 9 11 0.04078734 
775 337 9 11 0.040672854 
870 337 8 10 0.04059714 
864 303 7 9 0.04048371 
65 309 13 16 0.03934403 
73 349 9 12 0.03909326 
791 351 7 9 0.038563523 
238 150 11 14 0.03844571 
841 301 8 9 0.037792906 
144 287 8 11 0.03743392 
821 357 9 12 0.037212256 
801 304 9 9 0.03718911 
906 317 8 11 0.03681325 
4 346 12 19 0.036601696 
0 302 8 12 0.036377292 
840 344 9 11 0.036165062 
857 335 8 10 0.035368994 
150 309 11 13 0.035291206 
62 302 11 14 0.03457119 
870 302 7 10 0.034022775 
942 320 8 10 0.03397941 
1013 328 9 12 0.033743575 
965 295 8 9 0.033582576 
881 329 7 9 0.03315726 
834 325 8 10 0.03314902 
962 296 7 10 0.033011854 
839 312 8 10 0.032754738 
8 324 12 17 0.0326823 
870 287 8 10 0.03260294 
952 304 6 8 0.032295402 
858 343 9 11 0.03209933 
98 283 11 13 0.031915247 
851 318 8 11 0.03178718 
152 315 10 12 0.031755522 
122 280 10 13 0.031736527 
800 360 9 11 0.03169065 
776 346 10 13 0.031187898 
125 356 9 13 0.030999599 
42 331 13 16 0.030922499 
879 342 8 10 0.030562675 
880 334 8 10 0.03047547 
5 301 9 13 0.030145971 
77 356 10 13 0.030014709 
166 359 8 10 0.029999018 
805 350 8 9 0.029677091 
845 357 10 11 0.029672453 
937 320 8 10 0.029559296 
982 296 8 9 0.029461693 
69 278 8 9 0.029295668 
792 318 9 10 0.029237237 
23 318 11 14 0.029181635 
894 340 8 11 0.029085249 
978 296 8 10 0.02844786 
865 288 8 10 0.028388653 
881 295 7 10 0.02816921 
871 296 8 9 0.028124666 
98 313 13 16 0.028032443 
831 336 8 11 0.02775094 
817 298 7 9 0.027611667 
392 605 34 39 0.02758968 
22 323 10 14 0.027435005 
792 357 8 10 0.02740295 
118 310 9 13 0.027177464 
838 319 7 9 0.027175106 
807 344 8 10 0.026970794 
131 297 12 15 0.0268601 
40 282 8 10 0.026810974 
783 312 7 9 0.026793906 
906 313 7 10 0.026738735 
79 269 8 10 0.026589822 
240 146 9 10 0.026351769 
781 319 9 12 0.026294872 
815 344 8 9 0.026288027 
97 273 9 12 0.026221905 
101 299 11 15 0.026169615 
943 304 7 8 0.026106369 
934 343 8 11 0.02607009 
774 296 9 10 0.026047688 
101 292 10 14 0.026038121 
94 294 11 14 0.025776457 
68 341 10 15 0.025568476 
190 439 12 17 0.025413996 
929 342 8 10 0.025254782 
727 -14 207 227 0.025183143 
0 294 8 12 0.025134178 
87 307 10 13 0.025054844 
110 237 9 10 0.025025453 
0 361 11 22 0.024619464 
961 312 7 9 0.024586435 
847 336 9 9 0.024435734 
152 339 10 12 0.024223829 
897 324 8 11 0.024220852 
13 319 10 12 0.024203274 
769 319 9 13 0.0241302 
368 580 106 117 0.024091495 
856 296 7 8 0.024042966 
968 342 7 9 0.024036746 
782 347 9 11 0.023642998 
181 294 9 13 0.023601059 
968 336 8 11 0.023596851 
832 294 7 9 0.023569375 
957 343 7 10 0.023064561 
532 165 17 21 0.02302623 
920 296 8 10 0.022799833 
490 156 14 15 0.022532593 
769 350 8 11 0.022072727 
990 295 7 9 0.021942733 
57 308 10 14 0.021838477 
0 282 8 14 0.02177837 
904 335 7 10 0.021719774 
79 363 9 13 0.021651728 
54 260 9 11 0.02154906 
854 200 9 10 0.0214174 
832 319 8 10 0.021239074 
387 306 30 35 0.02099529 
194 443 14 19 0.020819187 
508 161 14 17 0.02075578 
977 264 8 9 0.020755235 
571 113 15 20 0.02053969 
172 307 9 12 0.020530876 
859 302 6 9 0.020161957 
802 294 8 10 0.020073678 
