28_Sports_Fan_Sports_Fan_28_118
127
638 312 91 108 0.99925846 
1 369 81 104 0.9975981 
94 125 31 37 0.9942841 
47 79 31 41 0.9920019 
11 193 69 98 0.9597875 
710 204 39 55 0.9487727 
325 159 38 54 0.9361962 
489 324 85 119 0.91548145 
549 225 34 48 0.7554458 
319 301 41 45 0.73860586 
161 35 68 86 0.63241965 
529 135 23 28 0.57558364 
852 454 52 60 0.4897671 
1 90 22 29 0.41963977 
37 46 15 21 0.28791323 
432 341 40 59 0.2389444 
482 10 13 16 0.19782808 
840 47 17 22 0.1516011 
922 108 17 22 0.14490087 
125 42 14 20 0.13381603 
662 179 26 31 0.1278462 
889 49 15 21 0.12164737 
611 224 30 44 0.11469798 
406 252 42 55 0.10836966 
1 13 10 16 0.10620792 
307 277 49 55 0.09484263 
359 24 15 19 0.091599844 
984 3 12 14 0.09098068 
102 126 40 47 0.089570075 
778 33 15 19 0.08720917 
2 19 15 19 0.08714808 
37 48 23 31 0.08446736 
30 33 24 32 0.07576284 
3 14 24 30 0.061230164 
11 28 12 17 0.06024003 
12 34 15 18 0.059814353 
231 203 24 31 0.057716828 
372 140 29 35 0.055224117 
290 267 41 50 0.054912016 
372 92 17 19 0.053505782 
0 188 50 84 0.05231311 
858 1 20 19 0.04964724 
20 20 25 32 0.049437594 
730 211 43 58 0.04920818 
118 20 23 29 0.048445225 
41 61 27 34 0.0481508 
642 60 12 15 0.047452237 
724 73 11 15 0.046479546 
745 12 19 22 0.04579996 
882 466 46 57 0.045203485 
112 138 42 54 0.04392478 
0 53 19 31 0.043362495 
911 30 10 12 0.041320883 
431 326 85 100 0.040753737 
403 341 44 63 0.039625213 
814 46 11 15 0.039205775 
135 145 29 40 0.03892208 
368 96 28 29 0.038796134 
960 10 12 16 0.038726293 
294 254 27 33 0.036726467 
670 173 12 16 0.035713118 
447 171 99 130 0.03406002 
1001 120 21 29 0.03394059 
403 273 45 61 0.033633355 
118 157 45 62 0.033048276 
835 88 41 49 0.032984596 
15 33 23 28 0.03254082 
380 342 40 62 0.032223564 
733 2 13 14 0.031691816 
602 193 46 66 0.03150725 
194 199 34 43 0.030933456 
106 26 15 21 0.03078111 
105 32 25 34 0.03075971 
405 206 88 112 0.03004485 
842 4 26 25 0.028958255 
4 123 35 47 0.028706135 
140 42 52 67 0.02854701 
240 208 25 35 0.028272046 
119 11 15 16 0.028219812 
635 174 43 54 0.027684847 
593 346 47 65 0.027649693 
496 161 28 39 0.027645981 
110 24 39 53 0.027388757 
819 93 10 14 0.027270524 
741 0 13 11 0.027212622 
680 8 10 11 0.026911318 
844 37 25 31 0.026776385 
836 11 16 18 0.026745168 
686 0 10 9 0.02647713 
11 9 29 33 0.026341995 
172 50 14 18 0.02625502 
918 0 12 11 0.026148077 
337 15 10 12 0.02588644 
308 135 51 70 0.025498854 
113 8 26 30 0.025301602 
853 28 28 32 0.025089525 
301 5 9 12 0.025063898 
339 19 11 15 0.024841322 
409 29 11 12 0.024656901 
0 61 25 37 0.02459352 
919 54 10 13 0.024478426 
773 37 14 18 0.024094174 
770 19 28 33 0.023960726 
336 348 30 46 0.023783935 
116 38 24 31 0.023141498 
274 336 49 57 0.023108868 
213 194 32 41 0.022849848 
516 121 41 46 0.0228461 
911 33 13 17 0.022710476 
1004 13 12 16 0.022297518 
308 150 29 39 0.022151932 
414 256 55 71 0.021959152 
385 28 10 14 0.021884209 
849 32 48 55 0.021772578 
719 13 10 13 0.021701254 
830 434 90 95 0.021613386 
577 53 10 12 0.021507975 
585 219 39 57 0.021409037 
27 34 16 21 0.021201782 
569 239 28 39 0.021200659 
940 0 14 10 0.021112328 
347 345 42 61 0.02074103 
207 42 65 80 0.020711217 
907 475 26 44 0.020158798 
1000 4 10 13 0.020145413 
557 250 31 42 0.020096432 
570 247 15 23 0.020078054 
