28_Sports_Fan_Sports_Fan_28_2
258
624 219 149 181 0.9995148 
215 340 119 129 0.9966581 
968 510 26 27 0.40676153 
109 311 11 13 0.3863582 
17 288 8 10 0.33622348 
76 319 8 11 0.26291773 
134 291 9 11 0.24920657 
57 334 9 11 0.23164248 
94 324 8 10 0.22852455 
106 310 9 12 0.19122902 
87 271 9 11 0.15642571 
97 357 9 12 0.14042723 
24 278 7 10 0.11589315 
110 286 8 10 0.108311854 
414 361 8 10 0.1076277 
97 288 7 9 0.10424555 
126 328 8 10 0.10413127 
446 390 8 9 0.10360704 
9 263 8 11 0.10357783 
122 301 8 9 0.101982415 
6 303 8 10 0.09617932 
110 280 7 10 0.0941545 
21 286 9 11 0.092870034 
122 296 7 9 0.09016272 
57 329 8 10 0.09006477 
47 271 8 10 0.090045504 
13 269 8 11 0.08956583 
29 333 12 14 0.088186175 
526 437 12 15 0.08781392 
416 407 10 13 0.08457602 
148 393 46 61 0.08358724 
128 331 9 11 0.082498945 
127 295 8 10 0.07549834 
103 287 8 10 0.074815944 
121 326 8 10 0.071478516 
495 428 10 12 0.07061637 
126 302 7 9 0.070583336 
7 310 8 11 0.068274274 
80 336 7 10 0.065682426 
1012 468 9 15 0.06544206 
103 304 8 9 0.06446568 
14 264 8 10 0.06376455 
63 310 7 9 0.06315259 
963 488 33 38 0.06267686 
530 400 7 10 0.06254203 
956 499 50 53 0.06219664 
455 399 8 9 0.061618492 
480 374 7 9 0.06128435 
110 305 8 10 0.061161213 
476 428 9 11 0.06074869 
413 398 9 11 0.0603781 
472 399 9 12 0.060273815 
38 278 8 10 0.057833795 
74 324 8 10 0.057812568 
447 400 8 9 0.057704095 
2 316 8 12 0.0571434 
61 304 8 10 0.056753427 
105 280 8 9 0.056746982 
145 301 9 13 0.056550387 
74 293 8 11 0.05525915 
536 398 8 11 0.05460804 
57 304 8 10 0.053921994 
89 321 9 11 0.053569343 
489 439 10 14 0.053505823 
19 374 10 12 0.053024467 
502 429 9 11 0.05162764 
87 336 8 9 0.051619433 
64 279 7 9 0.051233362 
129 287 8 10 0.05102771 
141 308 10 15 0.050758228 
138 311 8 11 0.05029903 
81 272 8 10 0.049997125 
32 277 8 10 0.049770772 
88 288 7 9 0.0494652 
424 389 8 10 0.04926615 
2 300 8 11 0.047677554 
462 399 8 10 0.046888072 
6 257 8 9 0.046588853 
292 136 417 489 0.046104103 
441 399 8 9 0.046052158 
111 349 9 10 0.04601822 
920 73 14 16 0.04516338 
479 345 7 8 0.045081276 
2 261 8 11 0.04457145 
38 334 8 12 0.04453919 
6 317 8 11 0.04433733 
1 255 8 11 0.043776512 
119 272 8 9 0.04356074 
576 356 382 410 0.043295078 
118 343 9 9 0.043132078 
8 287 8 9 0.042183705 
497 392 7 10 0.042082828 
413 391 8 10 0.041605998 
116 318 10 11 0.04133836 
46 321 7 9 0.041127004 
8 324 8 13 0.040788487 
73 287 7 9 0.04017308 
113 345 8 10 0.040076934 
465 366 8 9 0.039903905 
510 430 8 10 0.039489176 
120 278 8 9 0.039464787 
419 411 11 14 0.0392953 
471 423 11 13 0.038978394 
454 337 8 10 0.038854286 
1000 55 9 11 0.038722422 
494 444 11 13 0.038717784 
39 326 8 10 0.038664147 
95 263 8 9 0.038321674 
47 325 7 10 0.03830987 
48 334 8 11 0.037854373 
98 294 8 9 0.037339304 
79 288 7 9 0.03729449 
25 249 7 9 0.037165273 
61 326 8 11 0.0370023 
520 367 7 9 0.03638369 
81 253 8 10 0.03637466 
410 385 7 9 0.036354676 
410 359 8 11 0.03623096 
102 328 8 11 0.036059365 
6 294 9 12 0.035748903 
511 436 9 12 0.035747793 
468 441 13 19 0.03569176 
433 343 7 9 0.035653416 
24 272 8 10 0.03518114 
438 359 7 9 0.035159986 
102 353 9 11 0.03476487 
918 502 28 35 0.03466561 
71 334 8 11 0.034598716 
14 325 8 12 0.0344904 
453 431 23 34 0.03442311 
417 342 8 9 0.03424393 
493 436 11 14 0.034198094 
0 280 8 10 0.0340606 
443 392 7 9 0.03309786 
488 377 7 9 0.03303103 
47 294 7 9 0.032774873 
24 253 7 10 0.032757938 
446 385 8 10 0.032568254 
415 384 7 9 0.03178354 
63 319 7 9 0.031727985 
505 375 8 9 0.03161194 
32 272 8 10 0.031607755 
131 332 10 13 0.031419892 
31 286 9 10 0.031353027 
528 357 7 10 0.03132113 
527 367 7 9 0.03100868 
127 279 7 9 0.030984433 
441 375 8 9 0.030653678 
46 253 9 10 0.03064808 
98 302 9 10 0.030376215 
433 359 8 9 0.030322248 
489 428 11 13 0.030269245 
61 339 10 12 0.0301786 
70 245 9 11 0.030072577 
112 292 8 10 0.02991578 
931 498 19 23 0.029904824 
6 341 10 12 0.029759515 
938 469 15 17 0.029588595 
1013 513 11 17 0.029407395 
42 321 7 10 0.029227246 
424 384 8 10 0.028892023 
215 237 9 11 0.028890327 
40 272 8 10 0.028749535 
0 246 6 9 0.028302805 
487 398 8 9 0.028260691 
111 271 8 9 0.028129917 
12 318 9 12 0.028122528 
424 310 8 9 0.027932478 
38 287 8 9 0.027772903 
125 342 10 11 0.027736435 
511 383 7 9 0.02737591 
27 406 12 17 0.027200466 
432 400 8 9 0.027110824 
422 398 9 11 0.026996022 
990 463 11 13 0.026849233 
25 338 12 15 0.026845241 
489 360 7 8 0.026736604 
6 332 11 13 0.026545295 
120 334 8 10 0.02652679 
428 426 44 47 0.02644023 
16 279 8 10 0.026292643 
932 476 13 17 0.026155788 
438 328 7 9 0.026044862 
497 352 7 8 0.025971947 
918 477 26 34 0.025840454 
119 287 8 10 0.025685214 
450 337 8 10 0.02535079 
56 254 8 9 0.025306096 
16 247 7 8 0.025285251 
78 293 8 10 0.025269063 
545 361 7 8 0.025147576 
940 540 15 20 0.025053505 
26 239 8 8 0.025045278 
456 359 7 9 0.025029069 
0 349 9 13 0.02496361 
471 367 7 9 0.02495111 
934 482 85 91 0.024874212 
0 341 8 13 0.024835298 
109 125 12 13 0.024675164 
974 467 13 15 0.02465218 
955 479 26 33 0.02462699 
197 208 9 10 0.024434304 
513 451 12 16 0.024357667 
72 279 8 9 0.024180816 
472 392 7 9 0.024150807 
982 463 11 14 0.024047803 
518 442 14 17 0.023976939 
422 359 8 10 0.023836337 
496 398 7 9 0.023776267 
22 264 7 9 0.023761638 
127 310 8 10 0.023630662 
477 399 10 11 0.02339747 
206 238 9 10 0.023393381 
41 246 8 11 0.023387196 
496 359 7 9 0.023315227 
9 239 7 9 0.023265481 
446 167 7 9 0.023162773 
49 288 8 10 0.023145486 
120 367 11 12 0.023088511 
136 272 7 8 0.022653174 
125 350 10 13 0.022508949 
57 263 7 9 0.022489995 
955 513 30 34 0.022225467 
104 332 7 10 0.022207906 
111 263 8 10 0.022175768 
1 322 9 14 0.022159267 
430 391 7 8 0.022076713 
64 263 8 9 0.021936657 
939 500 13 17 0.021887628 
71 313 18 23 0.021874303 
529 352 8 10 0.021585 
85 340 9 10 0.021561366 
118 312 9 11 0.021542639 
70 265 8 9 0.021536436 
645 187 23 26 0.021514786 
78 312 8 10 0.021428296 
48 265 7 9 0.021288443 
991 40 8 10 0.021201171 
73 271 8 10 0.021057315 
89 264 8 10 0.021014076 
522 376 7 9 0.020955093 
527 415 8 10 0.020811165 
47 309 9 11 0.020795163 
104 262 8 10 0.020790301 
488 380 7 10 0.020739302 
513 359 6 9 0.020727588 
362 372 25 33 0.020727124 
7 279 8 10 0.020561747 
496 406 8 9 0.020538187 
95 279 8 9 0.020455735 
14 331 9 14 0.02045268 
71 340 8 11 0.020390777 
442 383 8 10 0.0203838 
95 332 8 10 0.020357033 
438 352 8 9 0.020240074 
477 437 10 14 0.02015721 
986 45 8 10 0.020088598 
503 352 7 9 0.020074889 
