28_Sports_Fan_Sports_Fan_28_267
152
352 224 19 24 0.9686493 
626 281 20 22 0.93669724 
358 256 19 21 0.9347853 
346 325 20 27 0.92595565 
633 343 19 24 0.9255338 
502 342 21 27 0.9134601 
420 243 18 20 0.9066827 
634 197 19 22 0.90209544 
405 203 16 20 0.82546586 
327 275 17 19 0.78653795 
668 255 16 21 0.7343965 
562 370 14 17 0.5816817 
443 224 17 24 0.53638333 
310 215 19 25 0.4928079 
597 403 15 19 0.48820263 
289 261 17 20 0.4729117 
467 47 56 52 0.44106418 
682 240 14 18 0.43489116 
339 197 13 16 0.42218304 
469 205 14 18 0.38864377 
406 303 27 32 0.3376684 
664 200 22 29 0.32184023 
504 325 17 18 0.149896 
590 279 12 15 0.13719095 
598 275 12 15 0.13380344 
461 201 16 19 0.13379581 
605 309 20 25 0.12509578 
552 699 9 12 0.0788435 
114 605 17 21 0.076999284 
426 252 17 22 0.07679701 
297 265 13 15 0.0702788 
822 613 11 13 0.06982905 
346 196 13 16 0.067439325 
476 335 22 26 0.06589649 
529 205 16 18 0.061788633 
762 615 8 10 0.060471848 
442 709 10 12 0.0599983 
416 287 27 33 0.056271203 
388 230 10 14 0.05606503 
454 690 10 13 0.055597026 
586 251 13 17 0.055154268 
364 212 14 18 0.053677678 
943 109 9 12 0.052411206 
622 328 15 19 0.051686525 
355 213 15 18 0.051461328 
410 197 17 21 0.050120868 
405 306 17 22 0.049653333 
574 307 14 19 0.049406387 
697 711 9 12 0.04777692 
584 703 9 12 0.045487236 
441 387 16 20 0.045303013 
492 197 17 19 0.044262893 
498 202 15 17 0.04291497 
456 201 14 17 0.04254397 
487 337 22 27 0.04233359 
659 293 14 18 0.041890025 
282 607 10 13 0.04075707 
445 237 13 19 0.04019092 
599 237 11 16 0.03924395 
424 306 18 21 0.03907644 
413 388 30 33 0.038747296 
636 226 12 16 0.038510177 
547 199 17 21 0.038435433 
348 201 15 18 0.038073216 
617 315 16 18 0.037829008 
317 210 20 27 0.037611295 
445 704 9 13 0.036440358 
494 239 11 13 0.036295287 
316 706 13 17 0.03608643 
418 309 28 31 0.035759237 
480 283 12 16 0.03539368 
448 687 10 13 0.035327792 
584 243 13 17 0.035050932 
674 263 14 20 0.034967642 
587 229 12 15 0.034682624 
417 300 18 24 0.03436126 
457 210 24 29 0.034263734 
448 219 17 22 0.033250783 
543 292 11 14 0.032981217 
639 699 13 16 0.032469314 
332 211 15 19 0.031993 
997 574 9 12 0.031966895 
884 176 29 34 0.031955138 
604 252 11 15 0.031788204 
587 235 13 18 0.031530075 
736 705 7 9 0.03129705 
569 370 14 18 0.031226235 
496 669 11 13 0.031022869 
482 300 14 16 0.030644579 
647 197 22 28 0.030242236 
513 666 11 13 0.030030722 
584 281 15 18 0.028938705 
596 357 11 16 0.028897457 
623 204 13 16 0.02859589 
709 550 17 21 0.028405473 
404 291 15 18 0.028348375 
475 294 25 28 0.028013298 
568 707 10 12 0.027850676 
317 694 12 14 0.02713229 
485 201 15 18 0.027060753 
402 290 26 35 0.026963685 
429 236 19 26 0.026866576 
803 694 14 18 0.026517754 
581 257 15 18 0.02623428 
621 297 16 19 0.025842663 
549 275 11 15 0.025710417 
684 268 12 17 0.025598329 
639 190 24 29 0.025387801 
370 271 510 487 0.024960313 
549 610 13 14 0.024945652 
587 261 21 26 0.024768507 
383 233 13 16 0.024464184 
644 266 15 20 0.024217218 
293 599 10 13 0.024157358 
581 370 13 17 0.023907907 
669 394 12 15 0.023838134 
550 365 11 16 0.023419866 
517 699 10 13 0.02331402 
502 687 10 12 0.023307942 
76 610 10 13 0.023265855 
579 238 22 29 0.023110744 
414 225 13 17 0.022938972 
574 702 10 13 0.022937125 
759 708 9 11 0.02289144 
605 202 14 18 0.022614494 
370 258 16 20 0.022477606 
211 701 11 13 0.022377187 
467 214 16 20 0.022232356 
468 234 12 14 0.021926431 
603 243 11 15 0.021872588 
580 225 22 26 0.021823142 
465 709 9 10 0.021675082 
478 270 10 12 0.021629263 
696 325 9 13 0.021389648 
483 290 14 18 0.02127053 
417 195 15 19 0.0212306 
620 306 15 18 0.021065973 
337 201 22 26 0.020907186 
582 220 14 16 0.020791642 
717 703 8 11 0.020759696 
190 545 19 21 0.020706484 
472 703 8 12 0.020703385 
432 314 18 23 0.020548066 
620 211 14 19 0.02054421 
581 266 12 15 0.02053666 
483 278 12 15 0.020492272 
539 343 15 19 0.020472383 
637 313 15 17 0.020455686 
533 740 11 14 0.02034968 
433 247 15 21 0.020327903 
497 718 9 12 0.020033594 
507 304 17 18 0.020016896 
