28_Sports_Fan_Sports_Fan_28_711
25
429 59 177 246 0.8760218 
48 88 174 248 0.2422685 
-57 420 410 457 0.22861512 
80 132 111 147 0.134457 
232 267 87 109 0.11136182 
11 544 227 341 0.08164267 
777 48 213 250 0.06760639 
632 532 20 22 0.06153984 
354 288 347 480 0.048994794 
766 227 116 128 0.04330823 
420 157 120 152 0.038882133 
817 167 109 137 0.038237732 
391 376 11 13 0.03668355 
912 294 88 129 0.032486666 
395 376 10 11 0.03008388 
41 393 223 300 0.029014826 
510 467 135 170 0.028261017 
78 204 115 154 0.027070466 
116 151 71 85 0.023889398 
111 719 58 62 0.023536758 
118 733 34 38 0.023216175 
522 527 379 461 0.02226987 
724 272 198 251 0.022085723 
649 209 404 472 0.02134892 
222 365 343 489 0.020069987 
