28_Sports_Fan_Sports_Fan_28_244
84
892 313 24 30 0.88564116 
952 289 30 36 0.59800375 
53 204 22 26 0.32696533 
930 276 25 31 0.32515982 
592 83 46 59 0.3233722 
64 242 18 21 0.20054112 
331 66 35 50 0.19799617 
155 119 28 36 0.18846619 
932 8 21 28 0.18177344 
688 337 30 40 0.1788481 
240 212 57 81 0.13354099 
738 0 30 27 0.12029426 
662 296 46 77 0.10806071 
940 278 30 37 0.10013788 
152 440 16 23 0.09553926 
226 126 46 57 0.09153928 
926 50 25 32 0.0907635 
1 152 19 32 0.09072971 
879 270 23 28 0.08660065 
793 259 32 40 0.077936165 
338 51 57 77 0.069327414 
60 148 17 21 0.066903204 
385 72 46 73 0.062102873 
362 349 30 39 0.061999124 
0 230 19 29 0.061582353 
20 269 16 21 0.06022376 
180 207 41 51 0.059332527 
969 293 29 34 0.058746345 
974 16 15 20 0.05752845 
100 104 21 29 0.05750058 
258 134 49 70 0.056570135 
810 20 27 32 0.054577965 
409 335 18 22 0.05234704 
116 278 16 21 0.051427923 
1010 233 13 20 0.04957529 
962 78 16 21 0.049151015 
205 90 54 61 0.047960304 
137 252 18 25 0.046640035 
20 329 16 21 0.044193935 
644 274 52 78 0.044183318 
223 157 53 69 0.042434227 
754 0 34 34 0.042284966 
823 270 14 17 0.041524958 
44 26 24 30 0.038618103 
762 12 29 35 0.038243867 
205 158 40 42 0.03788405 
255 174 61 85 0.037589964 
1011 376 13 24 0.037365697 
410 403 45 50 0.036073662 
20 81 22 27 0.03572951 
867 252 16 20 0.034156602 
227 432 15 19 0.0323475 
674 327 48 66 0.03217236 
211 137 40 46 0.03035154 
861 256 31 35 0.02885042 
370 357 18 23 0.028642574 
269 329 477 444 0.028595394 
861 270 40 47 0.027878594 
1004 -1 17 17 0.027562946 
882 6 24 28 0.0275059 
690 0 30 24 0.027167922 
925 283 19 24 0.026952343 
230 178 53 85 0.02682627 
881 315 38 47 0.026626827 
525 12 27 33 0.025871575 
985 299 17 22 0.025647746 
433 525 30 44 0.025491841 
766 324 23 30 0.025425015 
217 429 24 35 0.024339067 
585 547 29 36 0.024295298 
851 152 17 21 0.02357448 
355 110 55 74 0.023459774 
204 99 76 92 0.023005722 
0 145 11 21 0.022994982 
395 113 43 51 0.02279313 
1001 87 24 37 0.022004135 
325 83 52 76 0.021951377 
871 98 29 36 0.02189829 
355 78 49 67 0.021610547 
52 245 24 26 0.021592285 
581 116 35 42 0.02120507 
108 211 25 34 0.021053862 
430 412 27 33 0.020834386 
20 65 25 30 0.020660521 
