58_Hockey_icehockey_puck_58_384
156
224 204 33 34 0.98699737 
607 227 27 30 0.98465884 
425 495 24 30 0.9324063 
529 440 35 39 0.8397004 
850 25 14 18 0.77320087 
552 300 25 32 0.7582303 
600 195 20 26 0.68738437 
281 456 28 34 0.65486157 
347 573 35 40 0.42184138 
629 72 23 25 0.2331952 
818 4 26 31 0.22135223 
474 207 15 18 0.20985141 
136 534 40 32 0.20845272 
-3 494 44 60 0.19008371 
671 67 19 28 0.18824482 
232 492 31 28 0.15917188 
768 58 28 32 0.15519716 
738 123 25 32 0.12905784 
537 254 26 31 0.12632132 
249 488 21 23 0.11190033 
550 258 18 21 0.10777552 
929 17 13 17 0.1028059 
274 628 62 50 0.094359465 
466 203 26 27 0.090628855 
600 178 26 34 0.0756844 
751 63 37 41 0.071853146 
331 343 57 58 0.06580458 
253 618 16 20 0.06306936 
537 295 29 35 0.06062194 
518 284 26 35 0.058550496 
459 243 13 15 0.058261227 
602 200 28 31 0.05769238 
425 359 26 32 0.05710475 
403 271 44 49 0.055492166 
834 75 45 67 0.053478587 
525 260 31 38 0.05293261 
503 334 33 37 0.05262603 
845 66 13 17 0.05015611 
70 429 58 59 0.048705883 
850 14 23 26 0.047116235 
214 494 26 29 0.04710939 
212 497 15 22 0.046934385 
351 476 22 34 0.04641681 
403 247 53 56 0.045992065 
435 247 30 31 0.04424313 
494 176 31 38 0.04364124 
463 288 37 47 0.04339992 
279 456 15 23 0.043123785 
557 259 27 30 0.042813204 
894 8 55 64 0.04274155 
395 290 37 36 0.04204951 
678 67 27 31 0.041839764 
582 164 49 58 0.041804843 
559 315 22 25 0.040718965 
254 638 39 38 0.040494233 
645 233 23 32 0.03944602 
611 180 18 23 0.038718697 
659 186 25 29 0.038235214 
634 77 28 30 0.037414737 
596 332 13 16 0.037324484 
735 79 50 60 0.036854602 
489 341 32 34 0.036660206 
731 115 25 32 0.036404807 
657 69 27 34 0.035892673 
156 533 49 47 0.03515512 
723 106 26 34 0.035127003 
526 160 16 22 0.035038188 
616 79 27 30 0.034974605 
2 505 18 21 0.03478779 
0 493 24 42 0.03452555 
419 279 43 50 0.034078896 
591 170 26 36 0.03359274 
839 25 14 20 0.03325181 
671 305 10 15 0.032795474 
419 290 18 22 0.03237403 
526 160 27 34 0.03233831 
573 261 28 32 0.03227453 
517 162 51 52 0.03148312 
256 482 19 23 0.031130081 
298 613 56 58 0.030945817 
274 439 31 43 0.030404255 
832 52 24 31 0.030341333 
828 54 15 21 0.030321714 
896 0 19 19 0.030170606 
511 418 14 19 0.029563796 
532 126 16 20 0.029538758 
521 325 44 42 0.029503858 
784 64 16 21 0.029037017 
807 17 30 36 0.029034594 
417 234 52 54 0.028749825 
307 457 15 19 0.028722553 
518 133 11 16 0.02869857 
449 248 18 19 0.02833094 
334 346 89 89 0.027391145 
644 122 18 20 0.027385542 
457 628 34 40 0.027328439 
511 250 33 41 0.027301578 
840 57 25 31 0.027103944 
465 243 13 16 0.026859934 
655 227 13 18 0.026845653 
350 477 13 20 0.026258908 
660 170 15 18 0.026115606 
867 17 15 19 0.025608348 
591 209 43 49 0.02546681 
694 152 45 63 0.025194285 
214 196 26 34 0.025043705 
659 168 25 32 0.025016448 
728 103 46 58 0.024612436 
480 288 38 46 0.024508646 
87 443 33 38 0.024464477 
877 17 12 17 0.024223965 
788 40 94 117 0.024144337 
321 599 59 72 0.023911426 
563 269 32 37 0.023796007 
621 72 16 22 0.023786183 
464 175 48 54 0.02373294 
833 11 22 29 0.023553893 
441 231 31 35 0.023503017 
126 537 29 35 0.022852063 
614 80 14 19 0.02280101 
634 114 30 33 0.022714572 
488 348 44 48 0.022654697 
273 466 30 38 0.022514043 
275 624 36 38 0.022442518 
458 246 51 62 0.022029951 
547 241 26 31 0.02202848 
507 339 46 46 0.021671837 
160 219 460 520 0.021600373 
754 89 37 40 0.02147427 
580 230 21 30 0.021446224 
726 50 82 95 0.021365061 
457 235 25 30 0.02135369 
824 29 49 56 0.02131865 
450 207 51 58 0.021165874 
539 317 34 37 0.021129511 
488 373 25 32 0.021123545 
856 4 12 14 0.021078987 
532 270 31 41 0.02106718 
571 269 17 21 0.021057006 
425 506 29 32 0.020865036 
450 249 28 30 0.02080899 
332 610 16 23 0.020784603 
267 606 99 94 0.020685542 
0 500 13 22 0.02064088 
398 583 29 43 0.020463202 
839 68 30 37 0.020332964 
661 199 18 21 0.020302115 
517 230 53 60 0.020274037 
515 154 26 35 0.020272413 
586 331 25 31 0.020263186 
706 107 31 43 0.02020764 
343 428 45 53 0.020069415 
255 487 26 33 0.020059066 
-20 479 69 99 0.020034853 
844 32 27 30 0.020021845 
869 44 12 15 0.02001481 
