58_Hockey_icehockey_puck_58_926
127
568 105 58 69 0.99944824 
350 16 56 67 0.9988589 
879 51 51 67 0.99824834 
217 218 60 70 0.9978399 
935 273 56 73 0.9956993 
397 323 56 67 0.9950636 
471 187 56 74 0.88816386 
603 380 67 74 0.8633798 
459 417 66 82 0.74554974 
464 204 36 56 0.3142216 
578 352 107 118 0.31029955 
889 363 87 110 0.29266474 
611 260 48 55 0.28092334 
396 228 50 62 0.27587426 
963 137 40 57 0.249077 
88 261 49 67 0.20148887 
814 390 44 67 0.18053451 
551 285 180 226 0.17661016 
690 495 50 62 0.17475468 
756 234 14 19 0.14018466 
651 477 45 56 0.1392229 
100 618 57 52 0.1295685 
774 484 25 30 0.12588647 
161 309 58 65 0.11722622 
275 95 142 126 0.112689056 
351 311 46 62 0.10956211 
806 233 54 59 0.10105518 
702 611 45 63 0.097859256 
680 374 47 57 0.094410904 
376 313 54 70 0.08889488 
761 477 42 49 0.087867156 
725 428 33 41 0.084576815 
527 465 47 61 0.083247714 
501 383 35 43 0.07248343 
547 256 34 42 0.071397066 
877 350 62 77 0.066293895 
435 414 65 73 0.06474617 
537 230 55 64 0.06406812 
481 384 51 63 0.062307276 
592 257 85 91 0.059917003 
505 447 50 69 0.059247732 
24 242 55 64 0.056288604 
502 193 89 102 0.0560675 
143 300 54 60 0.053211085 
664 230 43 60 0.052774128 
603 284 105 112 0.050655924 
49 235 47 59 0.049044758 
61 263 85 96 0.044764798 
125 255 53 63 0.04187644 
958 131 32 44 0.04175117 
566 233 52 58 0.041529674 
702 358 48 61 0.040436372 
530 246 96 110 0.039437607 
254 92 39 33 0.038627535 
630 259 37 41 0.03776879 
593 245 51 58 0.037686706 
771 500 47 54 0.037594557 
343 388 42 52 0.03692897 
140 267 57 68 0.03649214 
640 378 57 68 0.035997294 
403 256 60 73 0.035816185 
762 605 28 34 0.0352908 
830 299 200 262 0.03422614 
650 253 33 43 0.033530023 
699 371 29 38 0.033529248 
702 489 30 38 0.032925736 
98 245 52 61 0.03235211 
716 341 57 68 0.032220263 
73 438 18 22 0.03209253 
822 189 85 94 0.032070424 
662 330 53 65 0.03188156 
447 309 43 60 0.031009004 
104 285 59 68 0.03099177 
850 161 59 62 0.030958865 
336 255 48 59 0.03041707 
170 309 95 94 0.030035846 
704 504 51 71 0.029954553 
851 280 30 37 0.029865202 
566 640 25 29 0.029332982 
64 249 49 61 0.029071301 
203 51 229 218 0.028738445 
982 144 34 55 0.02872291 
409 294 57 74 0.027702715 
533 232 36 42 0.027698856 
788 315 46 61 0.027693147 
748 314 47 60 0.027513796 
830 374 86 108 0.027286973 
498 198 44 54 0.027263295 
348 274 56 72 0.027234852 
638 262 59 66 0.0271859 
871 380 65 82 0.0270447 
857 187 58 63 0.026583254 
625 321 65 69 0.026353879 
696 380 51 67 0.026350116 
475 407 42 53 0.026037114 
864 338 54 67 0.025782336 
189 249 32 37 0.025691131 
10 233 87 101 0.025085859 
652 355 88 107 0.024687786 
811 194 55 66 0.024558457 
538 313 115 139 0.024381928 
651 302 58 67 0.024103146 
871 324 39 46 0.0240682 
809 330 57 71 0.02389972 
845 290 43 54 0.023713112 
860 273 40 55 0.023352748 
343 410 36 47 0.023079677 
814 193 28 41 0.022985015 
807 314 35 43 0.022854151 
684 228 38 50 0.02263152 
357 405 36 45 0.02250387 
8 316 121 166 0.022468204 
576 258 62 72 0.022297159 
907 268 47 62 0.02193445 
822 361 57 80 0.021849083 
686 478 41 44 0.02162203 
728 495 50 64 0.021613609 
880 269 43 59 0.021169767 
840 167 36 40 0.021009495 
-29 292 324 387 0.020844981 
737 462 85 99 0.020765888 
634 484 45 58 0.020704279 
661 273 35 41 0.020516437 
818 416 59 80 0.020477973 
891 318 54 64 0.020334914 
375 239 59 67 0.02006666 
706 381 18 23 0.0200513 
