58_Hockey_icehockey_puck_58_671
72
307 241 23 29 0.97991633 
570 251 27 30 0.95954037 
271 256 28 47 0.9483098 
394 260 16 22 0.8577018 
413 259 14 18 0.1954967 
525 275 31 36 0.18027827 
628 326 25 33 0.1596745 
630 332 15 20 0.10638213 
596 245 12 17 0.10375546 
291 243 34 49 0.07305027 
282 249 25 40 0.06416232 
579 243 25 32 0.052961037 
623 320 41 54 0.05145783 
521 383 211 231 0.048876733 
1001 238 8 12 0.048542973 
782 149 78 133 0.039921623 
392 251 36 45 0.038888093 
668 201 16 18 0.03873524 
618 316 25 31 0.038596723 
645 317 47 57 0.038102742 
673 195 17 20 0.03376112 
414 414 53 60 0.03345907 
318 321 34 38 0.033274908 
636 221 24 29 0.032839514 
367 293 12 15 0.03230555 
524 286 17 20 0.031751957 
742 141 82 124 0.0308197 
659 144 14 17 0.030361388 
793 288 33 33 0.029255614 
633 324 17 21 0.0292305 
557 315 17 21 0.028200608 
386 436 56 54 0.02808692 
402 265 385 396 0.027610928 
621 335 27 35 0.02743729 
640 213 11 15 0.026855957 
481 223 29 32 0.026002286 
646 332 29 36 0.025801938 
465 219 10 15 0.025508346 
598 281 24 30 0.025359616 
676 189 13 16 0.025150925 
433 203 15 19 0.024930531 
629 14 22 23 0.024894606 
288 263 30 44 0.024759531 
588 271 25 35 0.02468832 
321 268 42 51 0.024453929 
372 351 61 55 0.024362132 
664 204 12 15 0.024315514 
630 245 12 16 0.024313856 
630 221 10 12 0.02401102 
624 338 12 17 0.023617385 
349 172 17 19 0.023280146 
937 391 9 11 0.023242593 
151 -14 126 123 0.023206376 
546 299 38 45 0.023153866 
465 277 26 32 0.022394603 
496 361 41 50 0.022221494 
546 249 17 22 0.022215135 
658 336 29 34 0.021745747 
321 73 56 87 0.021316897 
503 260 12 15 0.021102477 
634 233 24 30 0.021069739 
509 273 15 20 0.021025104 
338 284 16 20 0.020896621 
484 241 16 20 0.020865075 
306 0 48 41 0.020849869 
560 132 14 18 0.02074334 
869 414 9 11 0.020646373 
508 265 14 17 0.020632844 
340 189 15 17 0.020595629 
337 40 83 113 0.020585855 
491 226 19 20 0.02002521 
572 260 30 39 0.020012693 
