58_Hockey_icehockey_puck_58_835
75
310 412 35 44 0.997988 
164 398 36 47 0.99796814 
677 250 30 38 0.997806 
149 246 31 37 0.99761766 
444 239 32 38 0.99748516 
357 177 29 37 0.99743843 
515 243 30 36 0.9969068 
770 257 30 40 0.99675214 
246 245 32 40 0.99670714 
355 239 34 41 0.9966731 
439 410 37 50 0.996555 
852 407 37 47 0.99653095 
216 181 29 39 0.99643046 
876 306 32 39 0.99629587 
561 404 37 46 0.9953744 
702 404 36 43 0.9953068 
450 179 27 33 0.9944806 
600 247 30 36 0.9943416 
553 184 28 34 0.99412125 
290 174 29 37 0.9938438 
52 308 38 49 0.9927759 
626 197 25 32 0.98565555 
693 202 26 32 0.984718 
762 213 26 34 0.9843759 
573 270 11 15 0.22146317 
549 257 16 22 0.20170458 
663 180 13 18 0.17405398 
597 324 12 16 0.14088474 
406 446 14 17 0.10582256 
652 359 30 32 0.08484834 
621 326 12 16 0.08059187 
362 550 18 20 0.056562852 
799 347 12 17 0.048210457 
767 331 23 30 0.04238451 
968 224 7 8 0.041898344 
661 228 14 18 0.03741615 
532 247 23 31 0.036954664 
668 228 15 19 0.03491564 
276 193 13 20 0.033074144 
489 512 32 42 0.031708967 
657 228 12 16 0.031077089 
421 444 12 16 0.030982988 
627 431 23 30 0.030612871 
616 428 24 33 0.030380568 
256 540 26 33 0.030362649 
569 264 19 25 0.03027131 
558 256 22 27 0.029666776 
957 214 8 9 0.028121497 
392 360 28 32 0.027483491 
77 482 16 20 0.027219566 
676 328 12 17 0.027073158 
350 504 12 17 0.026632784 
575 329 11 14 0.02645794 
816 206 8 10 0.02634356 
647 443 13 16 0.025244124 
688 319 28 36 0.024788769 
701 191 26 30 0.024239197 
641 538 24 32 0.023975214 
205 493 11 15 0.023868024 
714 209 15 21 0.02376362 
905 553 30 32 0.023605041 
795 341 20 27 0.02341874 
831 207 7 9 0.0231268 
690 408 29 37 0.023087218 
841 206 7 10 0.022466457 
1000 213 7 9 0.022462206 
277 184 22 31 0.022254076 
269 194 14 19 0.022091778 
415 438 20 27 0.021713449 
301 422 28 36 0.021592354 
563 361 30 33 0.02142941 
704 206 24 32 0.021187197 
828 416 22 34 0.021152997 
525 222 11 16 0.021042714 
580 178 12 17 0.020959826 
