58_Hockey_icehockey_puck_58_592
35
182 330 16 22 0.96567076 
966 396 29 31 0.95774066 
542 350 25 28 0.9164098 
716 332 12 15 0.7643019 
692 356 15 17 0.49708316 
864 345 12 16 0.26028556 
179 372 14 17 0.07150491 
669 371 16 18 0.05453101 
177 314 12 15 0.04959367 
649 376 10 12 0.046287734 
853 347 13 16 0.04389771 
685 373 14 16 0.041022804 
677 390 12 13 0.03904745 
813 392 12 17 0.038099173 
457 488 11 13 0.037623014 
851 353 14 17 0.034954756 
702 390 9 12 0.03409325 
1001 298 16 18 0.031486075 
531 413 41 57 0.028184565 
877 346 12 17 0.027817678 
981 317 12 18 0.027326513 
427 212 388 440 0.027323764 
535 399 8 10 0.027119424 
691 371 13 16 0.02630927 
661 374 27 28 0.025056317 
697 388 10 13 0.024667993 
567 493 11 14 0.02344229 
471 383 8 11 0.023426255 
711 336 14 16 0.022338506 
692 379 11 13 0.02209592 
863 347 21 25 0.02200996 
968 484 13 15 0.02193851 
828 348 14 16 0.021732984 
633 384 9 11 0.02106903 
710 408 8 11 0.02051549 
