58_Hockey_icehockey_puck_58_244
32
706 469 31 38 0.99947697 
235 481 34 42 0.9994586 
494 416 26 30 0.99936765 
361 270 29 39 0.99927455 
402 470 28 35 0.99927455 
460 252 27 36 0.9992669 
588 464 24 31 0.9982286 
629 458 29 38 0.99735224 
451 453 27 34 0.9971311 
535 407 23 30 0.99691963 
799 482 33 37 0.9968811 
518 507 28 34 0.99647516 
455 502 28 34 0.9956666 
408 419 28 34 0.99440527 
673 437 26 31 0.99397695 
540 277 27 35 0.99284256 
569 593 12 17 0.49479684 
622 398 16 23 0.13317381 
569 555 12 16 0.09989221 
590 524 12 16 0.08078437 
517 302 15 21 0.07675777 
511 491 14 18 0.07504656 
556 448 18 20 0.04884687 
520 493 25 30 0.036852513 
188 544 45 54 0.029996792 
832 522 26 28 0.029928029 
495 555 13 20 0.027991869 
530 554 14 19 0.02481132 
120 278 11 15 0.024571236 
528 511 27 33 0.02181037 
357 593 17 18 0.021206615 
100 292 10 12 0.020089122 
