58_Hockey_icehockey_puck_58_692
34
444 68 61 73 0.99882907 
566 89 57 69 0.8509845 
592 108 57 61 0.18436728 
418 81 15 22 0.11336263 
250 51 41 62 0.09465426 
563 112 36 47 0.09094941 
138 46 38 48 0.0841322 
147 37 31 36 0.06881522 
413 72 26 39 0.06300243 
333 282 25 28 0.060504045 
389 89 14 19 0.055679083 
700 161 30 38 0.05524765 
321 101 30 33 0.05414966 
324 107 17 20 0.05111846 
394 70 40 56 0.050890334 
388 90 24 36 0.04886938 
707 171 33 36 0.04307738 
791 7 53 58 0.03611188 
394 252 17 23 0.03112683 
155 47 18 21 0.030771917 
107 61 28 35 0.030035201 
693 150 29 35 0.029037807 
582 67 64 85 0.028873553 
380 81 43 57 0.028385868 
613 46 63 82 0.027630731 
105 152 46 63 0.0266719 
318 114 16 20 0.025917444 
318 112 45 52 0.025471967 
386 75 27 36 0.02452903 
401 49 46 64 0.024035247 
123 55 39 50 0.023384226 
645 42 53 76 0.022802351 
376 258 33 39 0.022282794 
615 123 39 41 0.021383028 
