58_Hockey_icehockey_puck_58_785
79
481 340 32 38 0.99927944 
376 341 34 46 0.9992138 
447 354 34 42 0.9990846 
525 340 30 35 0.9990264 
130 328 37 44 0.9989636 
657 303 29 38 0.9986621 
793 307 33 41 0.9982016 
422 293 34 42 0.99817383 
625 360 31 40 0.99777466 
244 360 34 41 0.9973815 
729 336 33 42 0.9969188 
283 363 36 42 0.9966239 
684 336 33 39 0.99623114 
328 332 35 44 0.99494743 
280 308 35 40 0.99266887 
917 309 35 46 0.9911165 
609 326 24 32 0.9668609 
310 548 15 20 0.38660324 
710 464 32 35 0.3736981 
834 450 18 20 0.3245595 
757 475 16 20 0.296909 
541 583 12 13 0.2832965 
802 432 18 22 0.19425163 
284 506 23 30 0.16464926 
684 459 29 35 0.14004 
3 479 30 36 0.1187287 
567 528 12 16 0.10828846 
613 312 22 30 0.10424118 
872 471 10 12 0.090171166 
38 461 35 50 0.08992029 
139 710 15 20 0.08502438 
25 484 13 18 0.08228747 
616 307 16 20 0.08119216 
615 333 28 32 0.07537736 
19 488 15 18 0.05392298 
485 535 12 16 0.05360237 
367 556 23 31 0.053057905 
227 501 15 20 0.04108308 
793 334 30 41 0.038711455 
691 461 17 23 0.03767487 
276 553 13 15 0.037598662 
565 311 11 14 0.03527975 
135 660 9 14 0.034443337 
556 454 15 16 0.03354873 
984 511 16 21 0.033305645 
418 367 22 30 0.032763634 
799 441 14 18 0.0324014 
1012 435 10 17 0.03237188 
455 333 14 17 0.03216047 
283 292 31 38 0.031777937 
478 532 13 16 0.030960916 
861 493 11 14 0.029366048 
553 573 9 11 0.029241236 
545 296 9 11 0.028612075 
571 496 14 19 0.027797325 
538 586 11 14 0.026645811 
757 465 26 32 0.02620507 
725 325 29 36 0.02614489 
905 586 38 61 0.025562994 
260 361 39 44 0.025232283 
661 386 22 25 0.024660079 
773 319 27 35 0.024580527 
885 457 12 14 0.024579924 
528 290 10 12 0.02419466 
552 569 8 10 0.0240793 
570 295 8 10 0.024015412 
331 321 17 21 0.023633918 
461 308 14 18 0.023620918 
600 329 14 20 0.02353335 
245 337 38 47 0.02329993 
836 433 15 18 0.022289263 
410 301 30 37 0.021685045 
437 542 9 12 0.02097478 
662 366 12 17 0.020674007 
561 311 9 13 0.020665627 
237 506 11 16 0.02039929 
547 580 12 16 0.02029901 
862 464 11 13 0.020271668 
247 619 12 16 0.020096945 
