58_Hockey_icehockey_puck_58_245
60
612 196 30 37 0.99973077 
197 121 30 36 0.9997129 
811 54 29 36 0.99969745 
351 206 29 37 0.9996942 
380 103 29 36 0.999689 
281 77 29 38 0.9996834 
408 82 32 38 0.9996094 
676 54 30 39 0.99956554 
473 115 32 39 0.99951804 
198 226 33 39 0.99938965 
840 200 28 35 0.9993568 
734 63 28 36 0.99931157 
253 204 30 39 0.9992163 
527 98 31 40 0.9991339 
612 366 28 37 0.999014 
610 71 29 36 0.99896586 
678 290 29 37 0.99895096 
901 169 31 38 0.99881244 
103 95 32 38 0.9987109 
155 75 27 34 0.99865675 
884 48 28 33 0.99837565 
436 193 33 43 0.99661714 
98 189 33 37 0.99520564 
465 181 25 32 0.50584894 
774 247 16 24 0.21776333 
585 360 27 31 0.11929164 
346 113 15 20 0.09800267 
520 194 34 44 0.094433814 
721 87 15 21 0.065577485 
835 287 29 33 0.057610556 
557 75 22 27 0.055390187 
508 112 13 20 0.049843702 
388 230 26 31 0.045756448 
269 290 14 17 0.04459789 
418 141 16 21 0.044022452 
722 72 26 33 0.04205608 
610 291 23 29 0.041462842 
364 292 31 34 0.04037386 
726 264 22 30 0.037780575 
468 199 15 20 0.037054636 
157 262 30 32 0.036083344 
560 374 45 49 0.03105429 
725 195 12 14 0.029783338 
884 140 13 18 0.029645467 
899 349 16 24 0.02962878 
596 359 31 36 0.029401379 
978 314 24 32 0.02751983 
779 260 15 19 0.027330115 
726 279 15 20 0.02688101 
523 291 32 37 0.026763994 
285 169 17 19 0.02419844 
597 435 15 18 0.024189934 
756 206 24 28 0.024015408 
581 371 29 35 0.023621785 
185 180 483 412 0.022301538 
679 144 15 18 0.022265393 
157 157 21 28 0.021530574 
652 358 31 34 0.020933269 
528 263 40 49 0.020543419 
333 423 24 28 0.020433793 
