58_Hockey_icehockey_puck_58_753
47
887 376 54 99 0.99565154 
344 508 36 40 0.60576177 
561 300 27 32 0.60056394 
896 186 19 27 0.46512055 
177 543 51 71 0.43200257 
359 498 38 42 0.18814291 
765 159 12 17 0.16749638 
819 525 45 59 0.15914154 
558 288 23 35 0.13463058 
585 328 49 57 0.10769693 
530 396 27 32 0.103294946 
1003 158 17 25 0.08631087 
169 109 11 13 0.08033267 
328 487 42 57 0.07147215 
368 482 42 51 0.05209259 
455 122 11 13 0.04947191 
567 287 41 48 0.049004726 
91 -5 401 516 0.043822028 
502 622 129 131 0.038222797 
138 512 42 39 0.03611796 
830 500 30 49 0.035339117 
340 442 37 33 0.032958087 
825 237 17 20 0.032498952 
525 154 12 16 0.030359536 
937 149 25 30 0.030080521 
572 303 46 49 0.029220087 
313 591 25 30 0.028702373 
698 337 42 51 0.025707277 
676 331 41 51 0.025565498 
903 188 24 28 0.02547216 
815 238 27 32 0.024935018 
135 521 58 66 0.023970734 
301 597 26 34 0.023930758 
676 549 113 129 0.023110915 
593 323 32 40 0.02297144 
841 499 49 66 0.022848736 
315 585 17 20 0.02268427 
947 148 18 22 0.022648469 
407 249 367 461 0.022066116 
741 219 30 41 0.021930981 
809 218 85 121 0.02172718 
490 132 56 78 0.02162182 
172 112 11 14 0.021004982 
993 150 23 33 0.02078284 
709 355 27 30 0.020662194 
940 98 11 13 0.020440072 
520 384 45 52 0.020122036 
