58_Hockey_icehockey_puck_58_469
316
551 210 35 42 0.994562 
368 239 38 41 0.990328 
338 112 16 21 0.9727147 
88 2 17 21 0.96075386 
163 81 17 23 0.9547042 
304 55 17 22 0.9508897 
481 87 16 21 0.9343607 
24 82 20 26 0.93211573 
619 110 21 26 0.9294809 
67 92 19 25 0.9223701 
333 73 19 23 0.90963507 
414 24 19 24 0.90448576 
464 11 18 22 0.8880715 
101 83 18 23 0.8876718 
647 113 17 22 0.8873141 
571 105 19 21 0.8782743 
398 85 20 24 0.8400823 
499 22 14 19 0.8266332 
783 157 16 21 0.8139671 
4 45 20 28 0.78598166 
551 139 19 24 0.7622803 
215 58 20 24 0.7424532 
258 48 15 19 0.69699764 
828 118 16 20 0.6761812 
888 68 13 17 0.64942586 
721 22 16 21 0.6288871 
357 61 18 20 0.60821956 
739 134 14 18 0.6063741 
130 11 17 22 0.59542346 
684 26 13 17 0.55894005 
902 164 13 18 0.5329811 
926 154 14 18 0.50211865 
839 162 12 18 0.49237588 
701 170 23 28 0.44170254 
867 117 14 17 0.44058347 
478 0 14 19 0.42764756 
627 178 18 21 0.41259357 
524 164 15 20 0.40425527 
879 93 11 13 0.3596875 
622 0 13 13 0.34626183 
78 177 21 25 0.28973693 
264 69 12 15 0.27971375 
862 159 14 19 0.27034286 
1 111 22 29 0.26550594 
291 173 13 16 0.25242662 
111 179 16 20 0.24936973 
279 133 10 13 0.23208125 
949 75 14 18 0.2317513 
428 174 13 17 0.23119624 
372 90 13 18 0.21672414 
604 18 17 20 0.21335681 
924 124 11 14 0.21184549 
162 28 14 19 0.21110524 
856 186 14 17 0.20971836 
201 11 16 20 0.20166956 
0 59 19 32 0.20019491 
904 115 12 16 0.18457054 
823 70 13 17 0.16256094 
293 130 14 18 0.15874557 
856 18 10 13 0.1573606 
57 159 15 17 0.13442555 
581 -1 14 13 0.117530584 
916 176 14 16 0.11290723 
460 178 15 22 0.10779163 
16 76 21 30 0.10509684 
309 109 21 25 0.1050658 
158 184 23 27 0.10190285 
501 498 29 35 0.09672329 
908 170 13 17 0.08879575 
220 48 22 28 0.0879886 
633 110 21 26 0.086079404 
287 124 13 16 0.08595708 
912 87 9 11 0.085884914 
303 93 11 13 0.080972716 
877 22 11 15 0.080331855 
711 6 12 15 0.07512871 
150 49 13 16 0.073918484 
268 96 22 26 0.07321961 
108 147 10 14 0.0721782 
20 137 13 17 0.07153808 
542 35 15 19 0.071046926 
487 9 22 26 0.069223575 
588 0 14 12 0.06868662 
617 180 27 33 0.06862006 
601 265 51 67 0.06696661 
276 70 10 13 0.06691223 
915 95 10 13 0.064877905 
548 9 16 20 0.064284764 
480 3 22 28 0.063673764 
157 157 9 13 0.06289845 
619 100 18 21 0.062072635 
662 137 17 22 0.06122971 
91 200 15 17 0.06108613 
921 121 10 13 0.060207207 
852 146 15 19 0.060091015 
852 154 16 22 0.059608664 
235 104 17 21 0.059031397 
508 0 12 12 0.05894371 
137 16 14 19 0.058668856 
948 116 13 16 0.058198567 
521 213 23 28 0.057947073 
127 4 16 20 0.057077866 
222 289 12 14 0.057014715 
560 143 15 21 0.055841513 
366 180 16 20 0.055794947 
354 172 13 16 0.055620268 
51 182 16 18 0.055319298 
287 167 13 16 0.0550789 
832 162 13 18 0.055058915 
844 155 14 22 0.05411771 
827 149 14 18 0.053998586 
760 13 13 14 0.053386122 
181 193 13 18 0.052938357 
473 5 16 24 0.05279952 
240 151 12 13 0.051538374 
693 153 13 17 0.050895445 
182 126 11 14 0.050851908 
49 193 16 19 0.04776068 
309 120 16 20 0.046786312 
731 200 17 16 0.046587892 
726 306 15 20 0.046134543 
936 183 10 13 0.045385335 
1 75 16 24 0.04523293 
548 0 12 12 0.04481509 
534 43 14 17 0.04442262 
506 512 18 22 0.043655302 
296 122 20 27 0.043005187 
222 365 9 13 0.042284966 
729 301 38 47 0.042206813 
12 148 13 15 0.042063974 
576 0 13 12 0.041990444 
423 177 13 17 0.041538145 
237 33 13 16 0.040804937 
114 5 23 28 0.04070782 
126 98 13 17 0.040694952 
901 42 11 14 0.040533647 
510 162 12 16 0.040158954 
471 88 16 20 0.040155258 
502 146 15 19 0.03966845 
881 190 11 14 0.03955603 
323 109 20 25 0.03949954 
262 70 19 24 0.039132114 
782 90 15 17 0.038991522 
610 170 27 34 0.037648655 
401 -1 18 15 0.03751285 
858 14 13 15 0.03746404 
597 23 16 20 0.03694459 
931 149 13 16 0.036593694 
543 0 12 11 0.03652676 
521 520 22 29 0.036464617 
151 157 12 14 0.036337867 
233 49 16 19 0.035992306 
502 0 16 19 0.035954427 
210 18 15 20 0.03561513 
497 10 20 26 0.035546526 
220 0 13 11 0.035425782 
906 109 12 16 0.035240725 
237 162 14 18 0.03510107 
380 463 41 36 0.035067894 
945 94 10 14 0.03495396 
268 62 10 14 0.0345793 
10 38 15 18 0.034188867 
919 161 15 18 0.033674564 
499 58 16 19 0.033670317 
143 51 12 16 0.03350559 
531 59 16 19 0.033111677 
277 164 11 15 0.032905035 
533 2 15 16 0.032774743 
707 159 26 31 0.03255647 
875 44 11 14 0.03222185 
21 145 13 16 0.032187656 
505 19 14 20 0.032103594 
934 143 11 13 0.032060523 
12 352 166 217 0.031883914 
6 130 13 19 0.031799078 
547 52 16 21 0.03171303 
805 248 15 18 0.031617854 
10 123 20 28 0.03137166 
230 332 11 14 0.031347748 
682 176 13 18 0.030910881 
939 147 12 15 0.030703466 
728 190 27 28 0.03039171 
104 142 11 15 0.030340465 
501 165 13 16 0.030067127 
261 56 13 16 0.029705565 
583 105 14 20 0.029562829 
667 195 14 19 0.029525705 
979 220 13 16 0.029425187 
156 181 17 20 0.029362874 
782 98 15 19 0.029257834 
601 25 23 27 0.029213013 
171 200 15 17 0.029178549 
949 175 11 14 0.029099053 
610 13 16 20 0.029064244 
951 157 10 14 0.029048687 
328 165 10 12 0.029011361 
492 140 13 17 0.028846176 
883 99 11 13 0.028680494 
922 179 12 15 0.028502282 
327 78 17 21 0.028480818 
230 291 12 15 0.028354649 
927 144 10 13 0.028335938 
160 306 95 125 0.02828866 
417 1 17 18 0.028286524 
822 51 11 13 0.028255189 
302 103 22 27 0.02805991 
873 28 12 15 0.02800283 
665 5 15 19 0.027976448 
84 162 16 18 0.027936513 
118 150 14 16 0.027867058 
428 162 17 22 0.027848126 
131 21 16 21 0.027725225 
714 306 24 29 0.027671661 
881 68 12 16 0.027550256 
147 185 23 31 0.027492013 
133 82 15 18 0.026956456 
405 139 13 16 0.026687859 
293 118 12 16 0.026603535 
454 28 20 26 0.026588874 
896 39 11 14 0.026485065 
132 97 14 18 0.02645503 
934 102 11 15 0.026272349 
532 49 15 20 0.026267216 
368 172 17 20 0.026255276 
151 90 13 16 0.02624086 
163 38 15 20 0.026230238 
844 38 11 13 0.026096039 
866 187 11 15 0.025987146 
207 5 25 26 0.025949728 
507 153 15 20 0.025876787 
741 0 13 12 0.025865577 
107 8 17 20 0.025863366 
398 149 11 14 0.025862321 
974 148 11 14 0.025803335 
945 71 12 16 0.025701413 
935 83 10 14 0.025599532 
904 103 11 14 0.02554594 
911 99 12 15 0.025476195 
853 0 14 13 0.025341852 
168 186 19 23 0.02503155 
543 142 18 22 0.024819871 
188 74 13 16 0.02455804 
488 71 21 26 0.024444988 
637 0 14 13 0.024400877 
462 89 14 18 0.024347184 
150 26 13 17 0.024308976 
829 52 10 12 0.024259094 
237 28 21 29 0.024098461 
452 156 13 14 0.024019308 
296 90 12 16 0.023891333 
155 49 14 17 0.02373872 
350 63 19 24 0.0236902 
615 2 13 15 0.023572894 
787 104 14 19 0.023369176 
369 60 17 21 0.023244528 
165 199 15 17 0.02320716 
156 41 15 19 0.023205679 
620 294 30 34 0.023181478 
164 229 30 40 0.023037931 
98 7 16 19 0.023031704 
365 86 15 19 0.022931956 
302 207 10 13 0.022914765 
820 44 11 15 0.02287241 
812 165 11 14 0.02284347 
818 36 12 15 0.022784702 
296 212 12 15 0.022776412 
265 44 15 19 0.022768555 
46 200 14 17 0.02276097 
738 190 29 32 0.022755068 
459 20 18 23 0.022736102 
546 26 17 21 0.022723017 
787 45 14 18 0.022663416 
301 117 14 17 0.022640573 
829 62 11 15 0.02256255 
906 121 13 15 0.022531306 
847 13 11 14 0.022529993 
526 45 13 16 0.02252566 
246 51 10 15 0.022494506 
540 0 21 23 0.022427842 
730 297 23 32 0.022123452 
173 86 21 27 0.022094175 
447 153 12 15 0.022062443 
871 137 11 15 0.021945704 
517 157 15 20 0.021928031 
507 169 15 18 0.021776058 
243 40 19 27 0.021714132 
740 297 15 20 0.021689355 
877 137 11 15 0.021683559 
279 188 14 16 0.021503601 
885 113 13 16 0.021444619 
410 0 17 14 0.0214112 
931 125 11 14 0.021373993 
928 42 11 14 0.02137206 
143 186 12 17 0.021316819 
218 3 18 19 0.021271136 
202 75 14 17 0.021207506 
727 -1 14 12 0.021031896 
537 52 20 27 0.020948155 
453 163 14 16 0.02083553 
899 130 15 19 0.020699395 
623 213 26 29 0.020677947 
856 71 10 12 0.02062114 
83 187 22 25 0.020602137 
495 68 21 25 0.020517437 
117 17 13 18 0.020507788 
282 92 12 15 0.020439731 
628 488 22 27 0.020423764 
326 173 11 13 0.020404207 
574 93 22 27 0.020391501 
882 20 11 14 0.02031043 
158 22 15 19 0.02027681 
236 293 13 16 0.020208774 
194 97 16 22 0.02011122 
902 189 13 15 0.020109398 
996 177 14 18 0.020081423 
516 0 13 12 0.020024177 
