58_Hockey_icehockey_puck_58_880
61
642 275 19 25 0.8826413 
393 312 24 27 0.80105364 
615 316 23 29 0.6944837 
921 277 23 31 0.3996339 
735 302 15 21 0.3328465 
339 327 17 19 0.33129922 
716 315 24 28 0.14936607 
910 402 13 17 0.1142921 
946 280 31 35 0.10897676 
776 93 13 15 0.07138943 
725 304 21 26 0.06881643 
388 319 20 22 0.06194763 
677 322 12 14 0.05623093 
327 326 25 28 0.055206373 
933 275 32 35 0.05406106 
679 309 10 13 0.053324614 
384 323 13 17 0.050106373 
1012 283 12 20 0.048229344 
743 296 21 32 0.04709621 
665 350 9 12 0.046061117 
328 339 12 14 0.044537883 
601 328 28 29 0.040986206 
807 95 11 13 0.03993455 
717 308 15 19 0.03973896 
1006 372 16 21 0.038268205 
668 343 10 13 0.037780896 
753 92 14 17 0.03634836 
497 139 10 11 0.03398239 
604 322 18 21 0.03162096 
388 324 29 30 0.031063717 
971 287 16 22 0.030969473 
331 337 25 26 0.030174047 
648 366 10 12 0.029801577 
663 354 10 13 0.028666925 
961 288 18 22 0.028472861 
918 266 40 51 0.028386159 
639 271 15 20 0.027371934 
674 318 11 15 0.027203321 
673 303 10 13 0.026853662 
901 410 14 18 0.02634147 
602 347 16 16 0.026320606 
416 366 9 11 0.025091762 
683 311 10 13 0.024860285 
332 354 14 16 0.024749022 
438 403 11 13 0.024693659 
327 347 14 17 0.024091931 
327 327 13 16 0.02364694 
664 134 13 16 0.02358216 
620 311 15 19 0.023309207 
551 166 11 13 0.023135265 
342 319 12 16 0.02269358 
718 294 12 16 0.0223575 
723 299 36 46 0.022317773 
903 398 13 18 0.02145308 
801 93 11 14 0.021378072 
596 329 18 19 0.021328155 
683 317 11 14 0.02131163 
940 394 11 14 0.021099994 
595 325 48 45 0.020869063 
830 95 10 13 0.020587835 
657 350 11 12 0.020234453 
