58_Hockey_icehockey_puck_58_680
596
839 208 33 40 0.99895954 
563 328 35 43 0.99823356 
773 342 38 46 0.99762255 
671 356 33 38 0.99722904 
470 320 38 43 0.9966966 
330 238 36 44 0.9962818 
562 244 36 40 0.99611205 
368 321 38 43 0.9949864 
789 124 15 19 0.99079305 
893 367 37 39 0.98760134 
751 216 35 39 0.9862921 
225 199 35 38 0.984751 
548 192 34 39 0.9808926 
434 226 34 41 0.97905844 
258 174 28 33 0.97436464 
739 118 14 18 0.96237314 
948 224 31 35 0.9550491 
927 79 13 17 0.9540379 
804 150 14 19 0.9537139 
702 153 15 19 0.953379 
259 346 33 38 0.9505368 
670 2 13 17 0.9438169 
301 138 13 16 0.943273 
626 56 13 17 0.9413698 
623 253 33 37 0.9257996 
643 142 15 18 0.92188096 
790 52 11 14 0.9211935 
341 31 11 15 0.909951 
702 25 11 14 0.90994716 
981 24 13 17 0.905029 
703 119 13 17 0.89932376 
369 103 15 19 0.8961315 
580 132 12 16 0.89369756 
888 135 14 19 0.88415414 
581 2 13 16 0.8824635 
674 59 13 16 0.88125914 
956 124 13 18 0.87074125 
834 126 16 19 0.851746 
579 93 13 16 0.8412636 
544 147 13 18 0.83418894 
950 60 11 15 0.82916605 
624 140 13 17 0.81795573 
1002 45 12 15 0.81571764 
513 111 14 18 0.80816025 
500 28 14 18 0.7995188 
377 131 14 18 0.78537494 
831 39 14 17 0.7592557 
694 235 34 39 0.74272937 
230 83 12 15 0.7202585 
974 139 14 17 0.70273525 
895 60 12 15 0.69977295 
772 21 12 15 0.6814183 
291 333 26 32 0.6767625 
638 190 17 20 0.66285574 
246 133 13 16 0.6625827 
450 17 13 16 0.661685 
983 173 13 17 0.6581411 
526 46 9 12 0.6503429 
936 166 13 16 0.64326805 
686 186 17 22 0.61826617 
485 152 12 15 0.5834953 
918 20 13 16 0.5791825 
417 36 12 15 0.55917084 
116 79 12 15 0.5452436 
20 101 12 15 0.539841 
588 60 11 15 0.5211678 
614 191 14 20 0.49480644 
447 95 11 14 0.4933431 
425 111 13 16 0.4851936 
709 50 13 16 0.4804766 
736 370 41 54 0.46475756 
559 25 12 15 0.45224565 
348 135 15 18 0.448191 
362 26 10 13 0.43212116 
106 45 14 18 0.42531055 
435 133 12 16 0.4000794 
624 0 13 12 0.39570796 
731 63 10 12 0.38681707 
300 80 12 14 0.38668507 
213 14 10 15 0.3712146 
887 103 13 16 0.3477717 
307 17 13 16 0.3378651 
876 43 10 13 0.33447447 
538 114 14 17 0.33373824 
517 1 12 12 0.33126813 
525 68 11 13 0.30527046 
587 45 12 14 0.29556373 
392 21 10 12 0.29223156 
13 265 66 87 0.28787255 
176 51 10 13 0.28354463 
737 141 12 16 0.27498928 
466 112 14 18 0.27252564 
465 37 10 12 0.25794393 
589 39 10 13 0.25079834 
720 21 10 13 0.2505414 
734 189 14 19 0.24836977 
599 0 11 10 0.24302165 
945 101 11 15 0.22701547 
731 68 12 15 0.22487792 
870 153 13 18 0.22024767 
313 192 16 20 0.2171455 
504 56 11 14 0.21467279 
341 161 13 17 0.2128931 
142 288 42 51 0.21126257 
404 5 12 13 0.21104087 
923 11 13 17 0.19645894 
627 221 12 15 0.1947259 
915 100 12 14 0.1904487 
835 26 14 18 0.18654278 
520 69 11 14 0.17087588 
925 6 12 14 0.16877791 
273 135 9 11 0.16843425 
854 0 16 13 0.1683438 
325 105 10 13 0.16778775 
851 180 15 19 0.16670248 
735 0 9 9 0.16502845 
703 85 12 16 0.15783252 
49 38 14 16 0.15700884 
232 12 11 15 0.15678409 
365 59 10 14 0.15359367 
615 74 13 17 0.15304886 
703 49 12 16 0.1443307 
314 170 17 23 0.14311488 
394 91 13 16 0.14310418 
283 265 27 37 0.13821009 
963 154 12 15 0.13780797 
471 62 11 12 0.13769543 
533 118 16 21 0.13601504 
673 105 15 17 0.1358149 
320 156 10 11 0.13289003 
587 52 13 17 0.13216929 
528 87 11 14 0.12977266 
403 77 12 14 0.12968026 
446 117 10 13 0.12609369 
597 354 18 21 0.12094416 
276 339 32 37 0.118689016 
894 89 14 17 0.11763724 
371 245 15 20 0.11711638 
335 141 13 17 0.11628727 
407 83 11 15 0.11452786 
284 156 12 16 0.11036544 
359 209 15 19 0.10969708 
502 1 11 11 0.10854868 
724 15 11 13 0.10818548 
408 92 11 15 0.10733582 
796 68 16 21 0.106401175 
558 35 14 18 0.103293665 
480 81 11 15 0.10321635 
396 219 15 19 0.10294043 
683 129 13 17 0.10214217 
900 229 15 18 0.100498796 
865 28 11 15 0.1003993 
868 75 13 16 0.100296244 
429 167 11 14 0.09610576 
732 21 11 13 0.095688425 
696 50 12 16 0.09355575 
309 106 9 12 0.09219157 
319 0 11 10 0.091898195 
342 138 13 18 0.08924316 
773 47 13 19 0.08788593 
468 165 13 15 0.08653477 
639 256 29 39 0.081610955 
702 75 12 16 0.079828165 
279 159 13 18 0.079045236 
706 27 11 15 0.07816853 
238 172 15 18 0.07802438 
997 64 13 18 0.07626238 
36 61 15 18 0.07607637 
31 65 14 16 0.075813964 
559 61 12 16 0.07552378 
960 162 12 16 0.07480996 
827 348 29 36 0.07476943 
627 153 12 16 0.074498825 
996 74 14 17 0.07340974 
757 62 15 17 0.07232024 
709 361 15 21 0.07194892 
305 102 9 12 0.071821794 
1013 244 9 14 0.07083472 
968 11 12 17 0.07063052 
396 0 14 11 0.07061286 
511 94 10 13 0.07008728 
622 225 14 17 0.06870316 
348 35 13 17 0.068386964 
116 115 22 29 0.06723216 
396 83 14 16 0.06607806 
740 161 16 21 0.0658018 
667 77 12 16 0.06560776 
241 197 27 34 0.06511689 
4 71 12 15 0.06358478 
93 42 11 13 0.06350522 
223 0 10 10 0.06256924 
250 138 14 15 0.061464928 
262 198 16 22 0.061369658 
892 34 11 15 0.06086332 
916 204 11 16 0.06076222 
289 187 11 15 0.060177874 
341 51 10 13 0.059290107 
755 99 14 18 0.05925848 
925 0 12 12 0.05892152 
455 207 10 14 0.057168398 
38 56 11 13 0.056955595 
302 375 23 32 0.056805458 
459 82 13 16 0.056704108 
31 64 26 29 0.05647965 
685 318 30 34 0.05644926 
437 34 11 13 0.056063667 
110 130 11 14 0.055146426 
272 40 10 12 0.054572687 
661 21 11 14 0.05379794 
517 73 11 14 0.053368196 
583 219 13 15 0.053358547 
55 68 10 12 0.053156815 
447 27 12 15 0.05308211 
994 189 22 30 0.052577533 
292 180 13 19 0.052335452 
218 125 11 15 0.052242238 
421 330 28 30 0.051951963 
959 138 10 14 0.05174431 
740 74 12 16 0.05077199 
317 19 11 15 0.050272506 
354 41 13 16 0.050118495 
303 28 10 14 0.05001872 
751 135 19 27 0.049869135 
707 357 25 34 0.049493846 
730 75 11 13 0.04871914 
916 56 14 19 0.048691012 
468 32 11 14 0.04849803 
430 30 11 14 0.048222147 
448 162 11 13 0.04810657 
437 109 12 15 0.04807749 
659 185 15 18 0.0476144 
846 185 15 18 0.047276422 
792 176 12 15 0.047130108 
365 35 12 14 0.046741482 
477 159 19 25 0.04643647 
941 229 19 22 0.045967616 
348 178 14 17 0.045958996 
885 28 15 19 0.045538098 
871 266 29 36 0.044674315 
650 265 25 32 0.04463398 
913 18 13 17 0.04450053 
44 62 10 13 0.04436341 
446 33 10 13 0.044181086 
105 71 10 12 0.044042785 
992 101 10 14 0.0436969 
485 79 10 14 0.043559775 
469 77 12 15 0.04302068 
164 3 12 14 0.0429752 
870 38 19 23 0.042487048 
496 1 12 12 0.042375416 
839 190 24 28 0.042354945 
709 36 12 14 0.042202756 
421 206 26 29 0.042116497 
934 160 12 16 0.041899733 
735 360 32 38 0.041774984 
593 60 13 17 0.041629564 
315 11 13 17 0.041443273 
807 12 11 14 0.04125129 
339 224 31 39 0.041191764 
565 111 11 14 0.041103534 
47 53 10 13 0.0410856 
715 46 13 18 0.04093843 
528 121 13 17 0.040632665 
782 90 14 16 0.040408093 
863 70 12 16 0.040300433 
344 214 26 30 0.040274937 
239 173 24 27 0.040238883 
249 182 29 36 0.04009415 
180 48 11 12 0.039985627 
440 114 11 14 0.039805137 
904 122 13 17 0.039740343 
778 203 15 20 0.039693877 
715 55 13 17 0.039619476 
824 139 12 16 0.039203938 
401 73 11 13 0.039146077 
995 108 12 15 0.038908932 
296 261 27 38 0.038830552 
706 71 12 13 0.038624503 
649 140 13 17 0.038541023 
794 59 15 18 0.038490206 
701 211 16 17 0.038478468 
414 79 9 11 0.037864707 
319 27 10 13 0.03780758 
677 237 12 15 0.037572462 
334 84 11 14 0.03742844 
54 63 9 11 0.03713392 
259 147 12 14 0.037065938 
916 198 11 14 0.036874674 
855 -3 24 23 0.036544964 
53 52 10 12 0.03636662 
405 117 11 14 0.03632216 
122 119 14 17 0.03622124 
727 227 10 15 0.035982534 
694 308 31 38 0.03589444 
88 169 40 51 0.035861038 
828 62 16 20 0.035782266 
254 165 13 16 0.03570853 
513 75 10 13 0.03570756 
391 26 10 13 0.035670243 
429 200 25 28 0.035637986 
450 98 12 15 0.03558211 
1000 244 14 16 0.03540142 
828 135 16 20 0.03505986 
392 99 12 14 0.03460786 
411 99 11 15 0.034600038 
326 211 14 19 0.034539502 
360 54 12 14 0.034284323 
716 91 12 15 0.034254923 
1007 28 13 15 0.034136504 
393 87 10 14 0.03408458 
766 189 15 16 0.03401503 
342 44 11 15 0.033904195 
971 155 12 15 0.033892605 
840 353 28 35 0.033878528 
21 94 20 25 0.033664454 
979 98 13 16 0.03358703 
216 140 11 15 0.03348756 
214 8 10 13 0.033467982 
389 138 10 13 0.033198368 
1012 92 12 17 0.033186454 
847 173 14 17 0.03289962 
774 70 10 13 0.03288325 
980 59 12 15 0.03263149 
353 69 11 13 0.03257311 
662 81 13 15 0.032312468 
505 32 13 18 0.03205768 
455 69 11 13 0.03178069 
926 105 10 14 0.031763483 
712 242 18 22 0.0316111 
33 78 24 30 0.03143469 
597 554 14 15 0.0313558 
209 477 36 45 0.031267025 
28 85 20 27 0.031241242 
774 38 14 18 0.031131286 
776 148 12 16 0.031062486 
274 44 12 13 0.03095145 
357 223 16 20 0.030911459 
149 254 39 37 0.030798273 
550 0 11 11 0.030781373 
360 231 23 31 0.030774217 
934 116 11 15 0.030636312 
679 156 11 14 0.030527387 
552 5 11 13 0.030488363 
540 126 14 18 0.030444736 
207 43 10 12 0.030360082 
397 138 9 13 0.02977258 
721 528 16 19 0.029749852 
734 25 12 15 0.029614598 
520 63 19 23 0.029580656 
476 188 13 16 0.029562427 
399 28 10 12 0.029507633 
367 42 9 13 0.029466799 
440 100 12 15 0.02945806 
326 324 22 29 0.02935724 
798 22 13 16 0.02928569 
468 41 11 15 0.029179592 
348 98 15 17 0.029168393 
396 243 14 18 0.029099016 
315 180 20 28 0.029074559 
930 4 13 15 0.028977906 
558 52 13 17 0.028880786 
841 125 14 17 0.028857667 
582 65 13 17 0.028855683 
72 166 40 51 0.028850606 
101 101 12 15 0.028808018 
118 128 13 18 0.028707903 
768 24 12 15 0.02866885 
139 260 47 59 0.028587773 
316 43 12 15 0.028378647 
188 215 25 31 0.02837194 
409 4 14 15 0.028369658 
407 29 11 15 0.028345212 
312 42 11 14 0.028303778 
341 176 14 19 0.028292041 
79 87 8 10 0.028072366 
499 219 20 30 0.028071627 
248 63 9 12 0.028069193 
573 10 15 18 0.028068598 
956 108 13 17 0.02797805 
793 45 14 17 0.027972745 
429 104 12 15 0.027916038 
929 170 13 18 0.027881548 
668 178 14 20 0.02787596 
1007 1 10 10 0.027761497 
949 94 12 15 0.027711203 
283 175 21 28 0.02754402 
643 227 15 18 0.027501812 
731 54 13 16 0.027434604 
641 263 18 22 0.027338412 
0 38 7 12 0.027280034 
467 102 13 18 0.027279446 
271 276 35 36 0.027217021 
277 126 10 12 0.02720522 
374 146 16 20 0.027184509 
332 211 17 20 0.027073836 
207 211 12 16 0.026988538 
389 222 17 21 0.026911983 
400 281 26 32 0.026829183 
621 -5 20 21 0.026712965 
445 87 12 15 0.026646392 
870 80 14 18 0.02663747 
546 130 14 17 0.026630925 
249 139 21 25 0.026620291 
189 46 11 13 0.02659506 
751 105 13 17 0.026497185 
588 0 13 13 0.026454303 
263 39 9 11 0.026390094 
796 78 15 18 0.026344543 
432 324 24 30 0.026298912 
557 4 11 14 0.026192416 
443 203 14 17 0.026157815 
521 49 12 14 0.026036575 
6 47 8 11 0.02603265 
620 67 13 16 0.026014442 
312 166 13 17 0.025974048 
451 216 15 17 0.02597228 
846 339 30 37 0.025889574 
693 130 12 17 0.025883393 
692 56 13 17 0.025858188 
860 22 20 26 0.02584888 
1006 9 12 17 0.025823858 
1012 34 11 15 0.025764218 
628 217 22 26 0.025760608 
188 38 11 13 0.025730994 
552 41 13 17 0.025671791 
438 212 24 30 0.025425369 
686 58 10 15 0.025424574 
263 45 9 12 0.025418874 
959 179 13 16 0.025328027 
973 163 13 17 0.025285648 
405 23 11 12 0.025254298 
756 356 32 45 0.025195422 
407 108 11 13 0.02519189 
317 3 12 15 0.025149032 
565 177 15 19 0.025148505 
967 1 11 11 0.025139425 
340 184 15 20 0.025102586 
307 24 14 16 0.025077391 
757 205 27 32 0.025045138 
235 327 16 21 0.024974402 
805 18 13 18 0.024923325 
699 364 26 34 0.024916053 
789 21 12 14 0.024860077 
521 2 13 14 0.0248446 
445 149 12 15 0.024786184 
709 90 12 16 0.024765346 
84 269 378 428 0.02473713 
934 148 12 16 0.024684807 
270 153 20 24 0.024665654 
392 61 10 13 0.024638437 
627 47 12 15 0.024532929 
878 28 12 17 0.024481442 
444 107 13 17 0.024458917 
702 143 14 17 0.02441653 
443 140 11 14 0.02441326 
427 21 13 15 0.024378777 
78 28 9 12 0.024286753 
276 38 11 14 0.02428439 
963 116 14 20 0.02421426 
223 174 26 29 0.024209654 
781 105 16 19 0.024178516 
193 266 15 19 0.0241561 
726 93 11 16 0.024122065 
950 117 14 19 0.023969408 
245 144 14 17 0.023898216 
944 55 13 16 0.023822263 
419 20 17 18 0.023820465 
773 57 11 15 0.023812508 
396 14 12 13 0.023803994 
942 112 11 16 0.023785243 
357 35 12 16 0.02378056 
464 251 23 28 0.023732597 
692 226 26 34 0.023712957 
464 43 10 14 0.023708515 
312 6 12 14 0.023699725 
536 195 11 16 0.023699058 
464 168 13 17 0.02367396 
910 103 14 18 0.023595147 
743 89 11 16 0.023467634 
217 120 9 12 0.023446882 
779 43 13 18 0.023437794 
930 11 12 15 0.023390599 
510 -3 20 20 0.023381298 
445 153 18 24 0.023359494 
534 328 17 20 0.023356382 
393 238 25 31 0.02335311 
324 11 13 18 0.02333041 
620 227 26 28 0.023285644 
962 129 14 18 0.02328162 
269 149 13 15 0.023277048 
246 407 238 267 0.023248378 
326 149 11 15 0.023235194 
306 78 13 15 0.023169337 
697 83 13 17 0.023157349 
998 0 10 11 0.023134679 
471 55 10 13 0.023095245 
790 27 13 15 0.02309034 
580 73 13 15 0.022994472 
19 30 14 16 0.022961207 
768 16 12 15 0.022937434 
233 331 26 32 0.022931268 
285 29 11 14 0.022808922 
725 24 11 15 0.022806909 
212 170 24 29 0.022718841 
1013 51 11 15 0.022684671 
506 22 12 16 0.02268212 
311 371 27 34 0.022635112 
368 66 11 14 0.022611506 
888 53 12 15 0.022468267 
701 177 11 16 0.02242613 
290 154 13 17 0.02239456 
558 181 23 31 0.02238822 
835 185 16 21 0.022261811 
702 361 15 21 0.022129493 
961 168 15 19 0.022114454 
562 205 27 33 0.022088442 
53 74 14 17 0.022074223 
324 29 10 13 0.022070508 
397 249 29 33 0.022067532 
327 37 9 12 0.022042725 
252 62 10 12 0.022032214 
266 164 23 30 0.02202871 
361 217 16 19 0.022026142 
614 258 27 35 0.022018733 
398 0 22 22 0.021990843 
930 164 12 15 0.021923978 
716 236 16 20 0.02192295 
398 35 12 15 0.021886759 
261 284 39 46 0.021868039 
525 87 19 24 0.021849424 
300 69 13 15 0.021828927 
183 39 10 11 0.02182643 
376 500 11 13 0.021810677 
624 478 11 13 0.021795064 
605 107 13 17 0.021790005 
363 247 24 30 0.021613821 
374 86 9 12 0.021597523 
443 220 16 18 0.021591125 
899 351 29 31 0.021566566 
852 42 11 15 0.021566248 
286 193 13 18 0.021559536 
207 8 19 26 0.021547208 
739 222 32 36 0.02153437 
611 459 14 18 0.021465257 
659 508 137 144 0.02144676 
812 17 13 19 0.021414919 
949 12 11 15 0.021339875 
300 53 13 16 0.02132443 
798 12 13 15 0.021283329 
309 372 15 20 0.02122607 
445 93 19 24 0.021183081 
531 70 10 13 0.021154104 
599 428 40 47 0.021116734 
578 214 22 25 0.021101683 
302 89 13 16 0.02108848 
614 100 11 16 0.021076206 
220 12 12 17 0.021022748 
627 164 14 17 0.021008233 
12 92 20 25 0.02099906 
977 171 13 18 0.020993298 
228 0 11 11 0.020986155 
312 157 11 12 0.020983975 
459 206 11 14 0.020971365 
199 133 9 12 0.02096404 
907 116 13 17 0.020949585 
510 99 12 15 0.020934196 
778 20 12 14 0.020931693 
453 207 21 28 0.020931566 
909 0 11 12 0.020926613 
662 100 12 15 0.02091658 
781 97 17 19 0.020838924 
570 200 15 20 0.0208346 
356 74 11 14 0.02081855 
48 32 12 14 0.020805016 
543 20 11 15 0.02074295 
757 29 12 14 0.020671962 
104 40 11 14 0.020625988 
638 84 13 16 0.020615574 
461 68 13 15 0.020604737 
255 177 15 20 0.020599885 
536 202 11 16 0.020587431 
916 189 11 15 0.020583186 
453 107 11 15 0.020558156 
1 45 9 14 0.020489436 
779 75 12 15 0.02048598 
275 139 11 14 0.020417687 
450 115 13 16 0.02040885 
262 134 11 13 0.020392887 
461 52 11 12 0.020348348 
370 211 11 15 0.020305635 
310 114 12 16 0.020213412 
240 137 12 16 0.020166771 
95 11 11 15 0.020134822 
171 52 10 12 0.02003291 
260 157 12 13 0.020014012 
677 76 11 14 0.020013237 
