58_Hockey_icehockey_puck_58_365
24
800 27 57 75 0.9953902 
478 211 64 72 0.9950488 
155 54 61 73 0.76801974 
230 13 35 41 0.2418471 
96 116 56 65 0.15246795 
460 203 54 70 0.10258466 
133 34 69 76 0.09202782 
182 72 38 47 0.084545724 
750 88 46 61 0.08381506 
629 855 430 515 0.04246089 
947 -1 45 42 0.03959303 
764 97 53 80 0.038109187 
197 817 436 509 0.037738223 
134 27 43 48 0.03650235 
328 112 57 55 0.03528097 
689 108 54 60 0.03368272 
115 144 38 46 0.03315532 
728 29 27 32 0.032752696 
461 167 13 13 0.027706021 
36 916 463 466 0.02574823 
112 48 82 109 0.024422806 
859 1 41 48 0.022948263 
707 97 61 68 0.022279153 
727 842 39 35 0.021293122 
