58_Hockey_icehockey_puck_58_94
49
686 164 46 54 0.9967801 
565 147 51 53 0.9939884 
440 116 35 50 0.99311876 
311 94 37 45 0.9789165 
759 118 40 52 0.97535306 
124 32 40 48 0.96816117 
817 235 43 47 0.95426154 
979 116 29 36 0.9174359 
58 14 29 47 0.47933826 
602 105 35 51 0.41533443 
855 90 23 33 0.2917056 
291 98 25 34 0.20760927 
582 115 48 61 0.16685799 
595 383 28 35 0.13541722 
500 33 39 48 0.089782886 
190 339 116 151 0.08366613 
685 263 33 36 0.08099866 
335 162 27 47 0.070744425 
1003 116 20 38 0.066496395 
291 99 15 23 0.051845882 
21 86 13 17 0.041282497 
302 292 211 267 0.03892421 
978 107 18 20 0.038123455 
503 154 15 17 0.036501832 
518 38 28 35 0.03365253 
1007 106 15 19 0.031455915 
1012 130 14 25 0.030262016 
531 225 54 68 0.029845495 
523 176 57 61 0.029064221 
391 165 31 35 0.029004041 
993 114 17 22 0.028281244 
1 50 15 18 0.027340077 
678 285 42 54 0.027122842 
143 31 29 42 0.027064752 
642 186 25 30 0.026658753 
238 384 65 97 0.02405867 
886 343 43 57 0.023085015 
941 105 14 20 0.022177206 
695 300 34 40 0.021730006 
604 373 32 41 0.021462083 
17 124 17 20 0.021400299 
1011 112 14 26 0.021114463 
107 41 26 32 0.021101644 
617 387 17 22 0.020846186 
65 10 18 24 0.020692443 
422 240 207 277 0.020288888 
502 146 22 29 0.020227574 
305 156 40 53 0.020096347 
56 537 51 64 0.020061588 
