58_Hockey_icehockey_puck_58_285
62
567 172 36 45 0.9942403 
287 146 36 39 0.9891649 
434 129 27 30 0.9772181 
568 95 19 23 0.95562345 
39 129 22 25 0.9063708 
964 262 48 52 0.83120203 
787 81 13 16 0.7332462 
607 169 23 30 0.3238564 
941 258 47 59 0.26630065 
315 117 18 23 0.25998774 
881 270 65 81 0.22882243 
69 176 40 37 0.16886385 
45 138 22 27 0.14829494 
315 109 15 19 0.114134535 
28 105 18 22 0.08534625 
856 64 8 11 0.06226357 
789 87 13 17 0.06141783 
29 113 24 29 0.060491383 
848 266 64 68 0.05131651 
789 118 11 14 0.041526753 
829 99 10 12 0.041279875 
888 70 10 12 0.040564205 
169 79 8 11 0.04048639 
847 280 36 41 0.04035013 
812 83 10 14 0.03964548 
794 82 13 17 0.03943444 
905 264 76 87 0.0371485 
893 68 10 12 0.03676315 
585 179 32 39 0.035119873 
841 77 10 13 0.033840608 
550 175 31 37 0.03303016 
797 116 12 16 0.03288181 
830 78 9 12 0.03263051 
555 152 43 56 0.032328427 
766 87 9 12 0.031392064 
197 223 382 497 0.030947926 
797 91 11 14 0.029961864 
541 178 25 30 0.02912255 
34 102 12 15 0.028836327 
558 86 10 15 0.02859309 
593 189 32 38 0.028544048 
49 145 25 30 0.028497273 
572 88 15 19 0.027635079 
134 -17 425 463 0.027188556 
319 94 11 13 0.026324987 
804 76 13 18 0.025992906 
419 129 19 25 0.02436644 
839 84 9 11 0.024053806 
805 101 11 14 0.024021525 
23 211 11 14 0.023852741 
964 80 13 17 0.023753466 
544 180 13 17 0.023728112 
30 96 10 13 0.023323078 
79 157 32 33 0.022910476 
846 71 9 12 0.022827204 
31 180 11 16 0.022150429 
901 330 38 43 0.021716313 
520 84 10 12 0.021545893 
387 195 354 472 0.020784386 
421 132 31 35 0.020777687 
314 124 27 36 0.020755714 
430 141 31 36 0.020689018 
