58_Hockey_icehockey_puck_58_475
32
568 235 34 47 0.9676325 
318 241 39 56 0.94974023 
681 428 17 22 0.17619406 
393 151 10 12 0.0808195 
782 290 45 51 0.07701122 
421 166 9 11 0.05576376 
152 153 7 9 0.049049053 
280 428 10 13 0.041757982 
795 402 16 22 0.040961724 
243 273 17 21 0.04002627 
300 420 10 13 0.039777186 
416 165 11 13 0.03788349 
423 139 9 11 0.037438534 
646 266 54 42 0.036518857 
168 306 11 14 0.033346813 
396 155 10 12 0.032828577 
223 282 14 16 0.031654775 
385 168 8 11 0.030117463 
415 136 10 11 0.02962509 
678 433 29 35 0.025567412 
885 148 45 55 0.025431434 
409 164 10 13 0.025160719 
637 269 96 92 0.02495975 
633 276 61 56 0.023980668 
308 261 35 47 0.022438696 
377 175 8 10 0.022355812 
622 268 51 50 0.02207466 
683 447 17 21 0.020613138 
408 159 9 12 0.02042966 
410 139 9 11 0.020331854 
145 157 9 11 0.020298073 
145 152 8 10 0.020139702 
