58_Hockey_icehockey_puck_58_493
142
653 54 33 41 0.99855155 
250 47 34 42 0.99830866 
110 14 30 41 0.9976857 
906 125 33 43 0.99673057 
600 -1 34 36 0.9966223 
111 130 37 47 0.9958847 
471 82 74 98 0.9943389 
227 0 30 31 0.9939751 
721 0 29 31 0.9928035 
608 138 37 48 0.9899216 
775 141 36 43 0.98763937 
1 0 37 36 0.98589677 
808 -2 30 35 0.9843568 
440 54 27 39 0.9809337 
237 107 40 50 0.96241575 
346 0 35 27 0.95504576 
483 -1 40 39 0.90851444 
750 61 27 35 0.8030794 
158 129 31 41 0.7768913 
318 179 61 65 0.7638652 
936 21 26 31 0.6945845 
308 0 18 22 0.5788639 
877 25 16 18 0.5180728 
-1 120 17 36 0.23443523 
373 86 24 29 0.19198878 
702 -2 25 27 0.16211835 
309 78 26 28 0.16053742 
829 90 17 21 0.14077418 
156 146 36 42 0.124923415 
725 80 17 23 0.116485015 
753 74 28 34 0.11307273 
308 12 21 28 0.11088521 
143 193 31 40 0.110222585 
284 53 21 28 0.10329111 
443 332 88 123 0.09702739 
827 102 22 28 0.087746456 
843 69 26 30 0.08403632 
992 198 24 33 0.07947487 
587 32 24 30 0.07418155 
433 104 19 26 0.06976213 
379 74 24 30 0.06913083 
755 48 27 32 0.059998758 
412 122 26 33 0.059972655 
850 63 31 30 0.05812533 
389 71 15 19 0.057516582 
301 4 18 23 0.050801918 
795 70 18 23 0.0499441 
770 73 18 22 0.049491312 
780 120 26 28 0.049182426 
385 96 16 20 0.04514103 
231 179 53 61 0.045081913 
161 208 42 49 0.04443382 
419 114 27 34 0.044059664 
871 70 24 27 0.043561842 
733 91 21 29 0.042772535 
825 1 25 32 0.041756123 
492 313 16 18 0.040771972 
784 74 23 28 0.040669136 
188 225 16 21 0.04048339 
341 87 26 29 0.040346954 
851 54 19 22 0.040321555 
537 -1 28 27 0.040270403 
873 10 25 29 0.039952032 
735 105 21 30 0.03987602 
907 103 24 28 0.038049996 
332 10 15 18 0.03732564 
836 79 26 29 0.037030574 
125 201 44 52 0.03555916 
752 60 16 21 0.03512077 
493 8 44 42 0.035042454 
882 75 17 21 0.034641363 
757 1 17 19 0.034195308 
558 111 42 55 0.032991745 
278 119 14 22 0.032896392 
860 107 18 20 0.03285139 
317 1 24 25 0.03267606 
305 107 24 30 0.032645103 
789 171 46 52 0.031943176 
61 203 33 44 0.03139684 
333 0 28 27 0.03136978 
35 207 38 54 0.03123369 
154 201 33 40 0.030976009 
778 78 16 22 0.03059158 
183 222 27 33 0.030388467 
414 193 52 70 0.030231854 
416 121 43 56 0.03014401 
29 137 23 28 0.029852271 
830 190 32 41 0.029553944 
394 6 23 28 0.028492862 
146 59 26 33 0.028010083 
320 12 23 28 0.0279882 
745 118 27 33 0.027882101 
327 194 75 79 0.027284069 
865 228 37 35 0.027227439 
571 95 385 473 0.02700838 
786 198 47 52 0.02676978 
53 177 25 29 0.02669098 
913 111 28 37 0.026079366 
1004 33 17 21 0.025992721 
229 506 33 39 0.025953203 
212 161 43 53 0.025732199 
323 156 60 61 0.025469633 
793 121 18 20 0.02533405 
313 71 18 21 0.025040273 
380 76 39 47 0.024816372 
827 29 17 22 0.02446328 
329 91 45 49 0.024440743 
314 85 27 33 0.02417139 
839 6 18 24 0.024102049 
336 112 19 23 0.024101526 
90 219 47 54 0.023864502 
862 81 30 32 0.023796517 
365 0 21 20 0.02373325 
551 110 29 36 0.02343008 
74 201 46 53 0.023388164 
523 348 14 18 0.023331642 
43 10 29 33 0.02305404 
735 72 25 33 0.023028916 
256 112 30 39 0.023004813 
896 61 26 29 0.022928169 
660 111 27 33 0.022901878 
1010 137 14 26 0.022822807 
946 131 21 28 0.022529436 
286 156 32 41 0.021862192 
25 2 32 35 0.021793896 
882 19 24 30 0.021395588 
28 181 25 31 0.021283705 
321 88 15 20 0.021080393 
12 163 21 29 0.020998606 
853 210 45 46 0.020936508 
567 107 27 34 0.020814266 
167 119 27 37 0.020676397 
878 167 27 32 0.020624427 
481 310 29 31 0.020590417 
750 38 24 28 0.020493953 
743 86 25 32 0.020462748 
865 65 21 23 0.02043929 
396 107 47 57 0.020263018 
590 128 42 53 0.020216573 
879 136 21 28 0.02020198 
0 168 12 21 0.020123163 
49 218 99 126 0.02006619 
