58_Hockey_icehockey_puck_58_262
848
383 238 12 16 0.9784676 
324 236 11 15 0.97728556 
269 319 13 17 0.97129446 
350 248 10 13 0.9689765 
567 213 11 14 0.9477408 
207 237 10 14 0.94149107 
550 226 11 14 0.941442 
49 329 14 18 0.8716857 
470 188 11 15 0.8590813 
429 203 10 14 0.83978355 
206 332 15 21 0.7061395 
467 254 13 16 0.69675624 
347 273 12 16 0.68778986 
324 330 11 15 0.65222806 
15 628 28 47 0.58454496 
423 47 13 17 0.5607054 
800 80 8 11 0.53873247 
538 245 13 16 0.53033614 
774 491 15 17 0.4978211 
320 413 10 13 0.43273807 
560 23 8 10 0.39179882 
295 324 14 18 0.36264172 
529 31 8 9 0.35977075 
831 76 10 12 0.35508442 
365 37 11 14 0.33920136 
723 45 8 10 0.33835712 
100 627 40 34 0.3366429 
836 7 8 10 0.3321271 
865 89 10 12 0.3176149 
24 46 11 15 0.3149549 
445 70 13 17 0.31312072 
775 84 9 12 0.2933765 
101 310 10 12 0.2832317 
479 7 9 10 0.26792476 
535 7 8 9 0.25098327 
777 23 9 11 0.24599719 
270 365 9 12 0.24321155 
789 47 9 12 0.23985904 
339 2 11 14 0.237061 
505 238 8 11 0.23015751 
754 20 9 11 0.2294269 
494 48 10 12 0.22257136 
558 45 7 10 0.21493739 
847 88 8 10 0.21233533 
46 47 9 12 0.21169738 
423 230 11 13 0.21151009 
2 29 8 11 0.19150023 
882 73 8 10 0.16989066 
565 22 8 10 0.16935506 
512 32 7 10 0.16544238 
485 8 9 10 0.16417563 
750 72 8 10 0.15264177 
756 16 9 11 0.14865772 
837 73 8 10 0.14812903 
579 32 7 9 0.14577818 
308 293 12 15 0.14529304 
230 25 8 10 0.14420773 
429 7 12 13 0.14292231 
324 0 11 12 0.14229031 
770 7 8 10 0.13951553 
591 22 8 10 0.13658445 
567 8 7 9 0.13658066 
452 197 14 16 0.13213965 
839 25 9 12 0.13005604 
436 238 11 14 0.12927966 
752 56 7 8 0.12845568 
421 235 10 12 0.1270025 
625 39 9 10 0.12393484 
323 316 13 15 0.123283885 
658 6 8 10 0.12225331 
567 14 9 11 0.11805037 
776 28 9 12 0.11669692 
352 311 8 10 0.1158944 
600 31 8 10 0.11551647 
737 15 7 9 0.11441934 
632 72 7 9 0.11232901 
440 308 10 12 0.111023895 
286 223 9 12 0.110280894 
438 92 9 12 0.10688567 
182 16 8 9 0.10535056 
461 220 8 11 0.10428332 
382 277 9 11 0.10333249 
473 5 9 13 0.10305092 
946 0 9 9 0.102883376 
180 48 9 11 0.10275075 
324 416 12 17 0.10233605 
502 22 8 10 0.10050853 
446 20 10 13 0.10003197 
766 37 8 10 0.09861546 
56 63 9 12 0.097444974 
374 315 11 12 0.09702737 
261 14 8 11 0.09679186 
508 240 9 11 0.09661439 
533 45 10 13 0.09643106 
553 15 7 9 0.095722094 
503 47 9 11 0.095666885 
336 286 9 11 0.095537975 
662 64 8 10 0.09264692 
333 357 12 15 0.091983065 
424 172 8 11 0.091678865 
369 343 9 12 0.09129618 
218 7 9 12 0.09045435 
433 238 9 12 0.089238256 
328 353 12 17 0.08856426 
768 33 7 10 0.08841761 
426 199 10 14 0.088380076 
695 52 8 10 0.08693082 
368 255 10 11 0.08613731 
782 14 9 9 0.08601943 
610 14 7 10 0.08575682 
37 64 8 10 0.08572918 
765 48 9 11 0.083920114 
926 30 10 12 0.08381822 
663 31 8 10 0.08290325 
303 346 10 12 0.081897944 
54 0 8 9 0.08094173 
33 17 7 10 0.07987925 
720 8 7 9 0.07917211 
375 269 9 12 0.079027094 
725 40 8 11 0.07847722 
673 5 7 9 0.07841087 
621 93 9 12 0.07836914 
104 72 9 12 0.07701249 
703 64 7 9 0.07644387 
417 262 8 11 0.076257974 
484 37 9 11 0.07602753 
215 32 9 11 0.07597824 
417 237 10 13 0.07585019 
487 13 9 11 0.075745255 
206 23 8 10 0.07552756 
678 31 8 9 0.07542973 
366 268 10 12 0.07514372 
793 29 8 11 0.07502891 
672 54 7 10 0.074736506 
980 0 10 12 0.07456437 
608 46 7 9 0.07447179 
616 80 7 9 0.07389564 
752 6 10 10 0.07314961 
336 341 9 13 0.07284323 
54 54 8 9 0.07210303 
447 14 11 15 0.07179863 
240 362 13 16 0.0717057 
769 13 8 11 0.071604535 
857 32 8 9 0.071327485 
15 40 8 10 0.070506126 
884 76 9 11 0.069813676 
903 88 8 10 0.06978812 
830 85 9 10 0.06914435 
158 56 9 11 0.06910996 
328 395 9 12 0.06890262 
496 23 8 10 0.068902194 
631 33 8 9 0.06866497 
77 54 10 12 0.06734392 
733 57 8 10 0.06713737 
48 7 8 10 0.06695577 
447 46 10 11 0.06687086 
318 271 9 12 0.06679821 
734 62 7 10 0.066686094 
120 70 10 11 0.06668351 
510 47 7 10 0.066571176 
786 69 8 9 0.06627185 
66 621 60 51 0.06613882 
570 217 12 14 0.06613018 
552 9 7 9 0.06611878 
289 366 10 12 0.06578277 
368 261 11 14 0.06563642 
785 64 8 10 0.06548944 
320 357 9 13 0.06539845 
729 1 7 7 0.065183654 
911 32 8 11 0.064835824 
727 8 8 9 0.06479169 
553 39 9 11 0.064688876 
248 0 12 12 0.06467596 
541 240 10 13 0.06457879 
45 41 9 11 0.063995205 
763 47 7 10 0.063481554 
607 70 7 9 0.06346866 
428 1 12 11 0.062857874 
105 76 11 14 0.06272801 
26 102 17 20 0.06217847 
477 1 9 9 0.061452042 
49 22 8 10 0.06144353 
659 32 7 9 0.061393443 
779 495 15 17 0.061226726 
386 339 10 13 0.061127175 
307 13 10 12 0.061123095 
366 277 8 11 0.061108638 
2 68 12 15 0.061018117 
743 31 8 10 0.06073306 
729 54 8 10 0.060657367 
770 84 8 11 0.060506526 
461 192 14 17 0.06013706 
399 270 10 12 0.060082182 
279 346 13 17 0.059999503 
353 408 10 13 0.05999626 
277 391 12 15 0.059903104 
565 242 10 12 0.059812497 
89 64 8 11 0.059786912 
41 47 9 12 0.059613142 
294 371 13 16 0.05944088 
210 324 19 22 0.05911813 
526 278 7 10 0.0589699 
640 30 8 10 0.05892808 
321 311 10 13 0.05841707 
310 243 10 13 0.058365114 
1000 0 9 9 0.058261603 
869 0 9 8 0.05817127 
327 268 12 15 0.05774342 
709 39 8 10 0.057397414 
800 56 7 9 0.0573154 
159 61 9 11 0.057213843 
6 635 24 42 0.057020843 
424 662 9 11 0.056703776 
206 374 8 11 0.056144822 
581 7 8 9 0.05603292 
502 233 7 10 0.055783357 
462 293 8 11 0.055782627 
607 65 8 10 0.055583317 
614 6 7 10 0.055406153 
863 24 8 11 0.055277325 
456 219 9 12 0.055274088 
680 56 9 10 0.05526746 
530 36 8 10 0.055217963 
554 222 12 15 0.055155635 
34 63 8 10 0.05506034 
790 70 7 9 0.05504229 
848 104 10 12 0.055011578 
512 13 8 11 0.05498928 
696 70 8 10 0.054941557 
582 229 11 13 0.054024275 
32 31 7 10 0.053302348 
196 260 11 15 0.053120006 
559 28 8 9 0.053110793 
648 55 8 10 0.05265782 
705 8 8 9 0.052545443 
624 33 8 9 0.05253591 
1 44 9 13 0.05240899 
898 39 8 10 0.052100245 
616 71 8 9 0.05182742 
253 3 11 14 0.05176514 
760 108 9 11 0.051617462 
585 289 7 9 0.051392257 
582 37 7 9 0.051373526 
446 203 13 15 0.051210362 
607 31 7 9 0.051095013 
766 96 8 9 0.050940793 
528 26 8 11 0.050795533 
560 8 8 9 0.050611183 
623 73 7 9 0.05050986 
622 79 7 8 0.050342623 
865 0 9 8 0.04990636 
633 55 7 10 0.049900256 
710 8 8 10 0.049835555 
31 52 9 11 0.049759038 
230 381 9 12 0.049746796 
327 275 10 13 0.049418695 
729 72 8 9 0.04941667 
687 55 8 9 0.04933935 
265 54 7 9 0.049332935 
472 2 9 9 0.049319368 
647 85 8 10 0.049156323 
372 347 9 12 0.04874027 
6 39 9 11 0.048564047 
805 86 9 10 0.048503503 
229 309 9 12 0.04847713 
622 22 8 10 0.048405167 
341 374 8 10 0.04767078 
18 45 10 13 0.047522366 
645 23 9 11 0.047496967 
639 9 8 9 0.047239065 
296 272 9 11 0.047222495 
444 7 10 12 0.04713101 
530 7 8 10 0.047086038 
761 39 8 9 0.04704734 
422 224 11 13 0.047046017 
177 350 8 11 0.046915825 
609 41 7 8 0.046761736 
416 29 9 12 0.04670941 
591 64 7 10 0.046681732 
278 40 10 12 0.046662755 
470 24 8 10 0.046379074 
992 20 10 11 0.04628559 
633 88 7 8 0.04626404 
392 262 10 12 0.046034858 
774 7 9 11 0.045977958 
424 168 9 11 0.045902383 
713 79 7 9 0.04583292 
672 47 7 10 0.045818176 
719 87 7 9 0.04572712 
416 243 11 14 0.045645878 
378 276 9 11 0.045462143 
533 40 9 11 0.045364868 
727 102 8 10 0.045241762 
665 48 7 9 0.045101706 
674 39 7 10 0.045031607 
849 1 8 8 0.04499551 
655 47 7 9 0.04496755 
749 94 9 11 0.0448332 
578 37 8 10 0.044628 
39 52 9 11 0.044607367 
790 94 9 11 0.044603165 
560 64 9 10 0.044554867 
617 23 8 9 0.044406094 
551 63 9 11 0.04428335 
782 7 9 10 0.04426273 
109 84 14 18 0.04414641 
263 41 9 10 0.043958675 
276 364 10 12 0.043679528 
610 1 8 9 0.043651927 
272 44 10 13 0.0433726 
579 252 10 12 0.04320973 
633 78 8 10 0.043202102 
373 253 9 12 0.042928196 
827 78 7 10 0.042888485 
403 276 11 13 0.042790756 
32 334 8 9 0.042734914 
689 15 9 11 0.042706367 
737 22 7 10 0.04267159 
208 28 8 11 0.04254409 
455 259 11 13 0.042540155 
664 24 8 10 0.042538524 
656 40 7 9 0.042485163 
854 103 8 10 0.042431545 
239 397 12 14 0.042413358 
690 39 7 9 0.042379327 
776 35 8 11 0.042330623 
156 4 13 16 0.042233028 
891 18 11 13 0.042069066 
577 47 7 9 0.041948237 
873 110 8 10 0.041931465 
178 14 9 10 0.04193111 
416 253 9 12 0.041926835 
340 293 12 14 0.041913994 
663 15 8 10 0.04162027 
563 213 9 12 0.041608784 
594 30 7 10 0.041539256 
493 84 11 14 0.041469097 
1 74 11 16 0.041468203 
800 25 8 10 0.041442987 
80 626 27 34 0.041433197 
689 306 13 16 0.04133325 
615 31 8 9 0.041244883 
448 190 9 12 0.04121709 
448 255 8 12 0.04115954 
177 7 9 12 0.0411152 
704 23 8 10 0.04103002 
631 15 8 10 0.040926535 
104 84 11 15 0.04089951 
830 94 9 10 0.040834464 
453 191 12 14 0.040799167 
299 320 12 14 0.04072009 
502 1 9 9 0.040637497 
440 212 11 13 0.04049731 
31 38 7 10 0.04045732 
736 1 7 7 0.04040201 
334 40 8 11 0.040296678 
497 29 7 10 0.040288977 
641 80 7 10 0.04024229 
78 60 10 12 0.04022995 
263 349 10 14 0.040202767 
62 333 9 13 0.040044755 
897 88 8 10 0.03991419 
808 93 9 11 0.03988718 
489 20 8 11 0.039825115 
519 47 8 10 0.039740704 
784 39 7 9 0.03970163 
437 6 12 14 0.039603204 
616 85 8 10 0.039535288 
377 242 11 14 0.03952739 
320 240 13 16 0.039521933 
534 11 10 11 0.039328195 
536 2 8 9 0.039326575 
890 116 9 12 0.0392155 
457 244 9 11 0.039186966 
783 1 8 8 0.038979135 
336 383 9 10 0.038954914 
1000 4 10 11 0.03886721 
719 63 7 10 0.038851753 
638 96 8 9 0.03877185 
887 1 11 9 0.038676087 
729 14 7 9 0.038497385 
689 48 8 10 0.03847956 
339 357 10 14 0.038321976 
785 53 8 10 0.038305644 
31 68 8 11 0.03822558 
296 337 11 15 0.03819908 
263 20 9 12 0.03817369 
753 62 8 9 0.03810533 
48 13 8 11 0.038077965 
775 70 7 9 0.037989113 
384 363 10 13 0.037935764 
479 21 8 11 0.037875727 
456 238 9 13 0.037858725 
263 357 11 14 0.03783236 
575 227 11 15 0.037719697 
798 74 18 23 0.037688427 
437 232 10 12 0.037631206 
517 7 9 10 0.037588626 
610 79 7 10 0.037357915 
730 62 7 10 0.037231993 
432 242 12 14 0.03718901 
777 54 6 8 0.03714502 
469 28 9 12 0.03712391 
303 298 11 15 0.037005328 
153 47 8 10 0.036918715 
637 102 9 10 0.036791824 
311 324 9 13 0.036640313 
439 187 10 13 0.036618795 
253 47 9 11 0.036577694 
856 38 7 9 0.036443282 
287 38 7 10 0.03620821 
639 13 8 10 0.036203664 
53 22 8 11 0.03619014 
594 39 7 9 0.036143884 
800 92 9 11 0.036103867 
504 30 8 10 0.03606455 
565 56 8 10 0.035931088 
289 370 12 15 0.0359247 
625 45 7 10 0.03586799 
198 254 10 14 0.035858717 
603 71 8 10 0.03581975 
943 4 10 11 0.03574305 
721 24 8 9 0.035729952 
696 32 8 9 0.03570251 
904 39 7 10 0.0355891 
466 312 9 10 0.035577986 
429 68 13 17 0.035522107 
184 1 11 11 0.035495847 
744 1 8 8 0.035484783 
54 5 9 11 0.035400733 
2 38 9 13 0.035391077 
153 54 10 12 0.035384096 
145 46 8 10 0.035125997 
541 6 9 11 0.035087038 
365 287 11 12 0.035047475 
622 89 8 9 0.034938123 
432 87 12 14 0.03490724 
798 29 8 10 0.034783054 
109 324 15 20 0.03473376 
758 63 7 8 0.03460157 
703 46 10 11 0.03459813 
614 55 8 10 0.03455537 
221 11 9 11 0.03454439 
765 102 9 11 0.03451516 
47 102 13 17 0.034514785 
760 31 8 10 0.034476686 
294 4 10 12 0.03443742 
229 314 10 15 0.034417845 
655 87 8 9 0.034398388 
471 312 8 10 0.034177195 
904 102 9 10 0.034176745 
16 303 8 10 0.034144003 
264 46 9 11 0.03411678 
72 83 10 12 0.0340938 
893 112 11 13 0.033919998 
568 2 7 7 0.033863574 
341 284 12 13 0.033789966 
649 41 7 9 0.033751927 
306 340 13 16 0.03374114 
760 86 8 11 0.033723336 
809 0 8 8 0.033662926 
857 119 8 11 0.03360057 
336 371 11 13 0.0335901 
555 22 8 10 0.033573594 
662 69 9 10 0.033460047 
302 239 11 14 0.03344505 
553 31 7 9 0.03323228 
436 205 11 13 0.033191655 
586 23 7 9 0.033152156 
769 64 7 9 0.03299036 
703 31 9 10 0.03284883 
303 7 12 13 0.032806724 
447 27 10 13 0.032785762 
285 79 9 11 0.03273025 
712 55 8 9 0.03267752 
1006 5 9 11 0.03263316 
879 47 7 9 0.032588676 
815 0 8 8 0.03258584 
673 31 8 10 0.032554608 
712 71 7 9 0.032471582 
784 96 8 10 0.032441847 
639 39 8 10 0.03243533 
905 69 10 13 0.03240383 
462 288 7 10 0.03237748 
599 23 8 10 0.032374043 
327 284 11 13 0.03232 
614 63 8 10 0.032312427 
795 79 8 10 0.03218294 
837 11 9 12 0.032046247 
153 39 8 11 0.03194758 
735 9 8 9 0.03190868 
311 48 9 11 0.031896573 
729 78 8 9 0.031776384 
680 61 8 10 0.03170122 
390 253 10 11 0.03169729 
927 6 10 13 0.031595137 
975 4 9 11 0.031570278 
910 87 8 10 0.03153578 
794 130 16 17 0.03144179 
790 124 14 15 0.031391125 
750 101 8 10 0.031340595 
278 356 10 13 0.031309225 
332 261 12 15 0.031287253 
358 277 8 11 0.031285547 
429 60 11 13 0.03123834 
599 16 7 9 0.031136967 
126 61 8 11 0.031045925 
632 46 7 9 0.030981649 
559 16 8 10 0.030937096 
226 23 9 11 0.030921029 
253 64 9 10 0.03091285 
415 268 8 11 0.030844456 
741 15 8 10 0.030767748 
695 8 8 9 0.030759389 
575 14 9 11 0.030720295 
381 272 9 11 0.030706353 
648 47 8 9 0.03064209 
733 71 8 10 0.0306318 
623 16 8 10 0.030569201 
439 48 9 11 0.030553365 
601 65 8 10 0.030551529 
422 263 10 12 0.030476535 
970 5 9 11 0.030459521 
63 7 10 11 0.030411283 
190 1 13 14 0.030405134 
761 95 8 9 0.030369136 
842 94 8 10 0.030297905 
654 54 7 9 0.03029104 
242 438 9 12 0.030243516 
935 5 10 11 0.030200437 
872 103 8 11 0.030145211 
774 14 8 11 0.030139884 
726 30 8 10 0.030135425 
608 23 7 9 0.03013144 
291 365 14 16 0.03012298 
77 79 12 15 0.03011983 
70 336 9 11 0.030101161 
591 286 8 10 0.030031899 
610 7 8 10 0.029988462 
423 41 12 14 0.029959943 
465 23 8 10 0.029831925 
457 286 9 10 0.02978772 
103 56 9 10 0.029712353 
671 23 8 10 0.029687567 
694 38 8 10 0.02937508 
250 54 9 10 0.02936844 
298 403 14 15 0.029266937 
758 2 8 9 0.029252391 
2 629 8 13 0.02924885 
117 622 13 14 0.029230313 
703 87 7 9 0.02917916 
742 23 8 10 0.02916123 
461 279 8 10 0.029135235 
53 15 9 10 0.0290204 
543 1 8 8 0.028994843 
582 0 8 9 0.028958583 
790 40 8 10 0.028952196 
464 4 10 13 0.028923064 
92 69 10 11 0.028791519 
752 39 7 10 0.028700167 
293 359 11 13 0.02867861 
786 101 9 12 0.028668873 
721 13 7 9 0.028621683 
463 248 11 13 0.028616408 
968 94 8 9 0.028609648 
448 39 9 11 0.028522514 
199 39 9 12 0.028443733 
825 71 8 11 0.028402075 
344 389 9 11 0.028327182 
865 63 8 10 0.028325247 
256 18 11 14 0.028300762 
705 13 7 10 0.028291242 
246 37 8 11 0.028257279 
858 23 8 11 0.028251996 
420 28 10 13 0.028238157 
424 10 12 15 0.028234921 
782 80 8 10 0.028225016 
815 78 9 11 0.028100383 
499 237 9 12 0.028088624 
746 55 7 9 0.028042937 
342 382 9 11 0.028027825 
184 19 9 11 0.027960349 
712 63 7 9 0.027932955 
319 363 9 13 0.027910728 
552 264 9 11 0.027886895 
280 21 9 12 0.02786194 
906 77 8 10 0.027838202 
436 197 11 14 0.027800571 
271 2 14 14 0.027735371 
441 19 11 14 0.027725173 
593 16 8 10 0.027698789 
49 70 9 11 0.027678512 
863 99 9 12 0.027677963 
124 55 10 12 0.027664172 
727 24 7 10 0.027630847 
703 69 7 9 0.027564326 
717 80 8 9 0.027562665 
339 364 10 12 0.02755285 
357 390 12 15 0.027508182 
1005 1 9 9 0.027498024 
560 245 10 12 0.027495682 
663 2 8 9 0.02745351 
120 628 31 33 0.027419219 
536 288 6 7 0.02739616 
332 333 11 14 0.027370166 
948 3 9 12 0.027316563 
490 52 9 12 0.027289733 
97 313 11 15 0.027273072 
611 84 7 10 0.027264005 
614 14 8 10 0.02724537 
853 0 9 8 0.027187074 
456 229 9 13 0.027152233 
141 62 10 12 0.027119625 
245 11 12 15 0.02710107 
327 253 10 13 0.02708926 
656 24 8 10 0.027075067 
574 301 8 10 0.027042277 
808 101 10 12 0.027034024 
504 17 9 11 0.02699686 
745 37 7 10 0.026992064 
21 325 10 13 0.026954826 
592 0 8 8 0.026952311 
770 20 8 11 0.026921745 
494 16 8 10 0.026903296 
287 217 9 11 0.026901934 
25 332 9 11 0.026733737 
422 23 10 12 0.026731258 
118 616 10 12 0.026655527 
647 15 7 9 0.026607838 
229 2 14 14 0.026588367 
639 46 7 9 0.026551716 
533 24 10 11 0.02653469 
110 61 8 10 0.026506178 
260 8 10 11 0.026500912 
277 384 10 13 0.026365027 
518 13 9 12 0.026356943 
405 271 9 12 0.026311422 
6 53 10 11 0.02628554 
559 338 10 13 0.026265586 
270 22 9 12 0.02620837 
371 620 11 12 0.026198698 
553 334 10 12 0.02618896 
425 267 9 12 0.026162442 
23 63 8 10 0.02612452 
536 261 8 10 0.026045417 
519 31 8 10 0.02601564 
689 21 8 10 0.025969295 
559 253 10 11 0.025931403 
528 12 9 11 0.025914315 
593 47 7 10 0.025903845 
221 315 13 17 0.025864443 
214 375 9 11 0.025835011 
106 309 14 18 0.025700271 
343 299 9 12 0.025644947 
444 310 9 12 0.025635429 
693 15 9 10 0.025610752 
599 1 8 8 0.02560414 
678 25 9 10 0.025594773 
720 1 8 8 0.025562422 
542 279 9 10 0.025473345 
17 78 10 13 0.025419435 
334 389 9 11 0.025397407 
370 310 10 13 0.02533076 
359 270 10 12 0.025326326 
243 639 13 14 0.02532585 
475 193 11 14 0.025306894 
677 38 9 11 0.025291005 
808 28 9 11 0.025279375 
418 173 9 12 0.025276758 
115 629 17 18 0.025267135 
297 348 10 12 0.02521836 
568 295 9 11 0.025199788 
242 31 9 11 0.02515721 
359 300 9 12 0.025128635 
703 0 7 8 0.025123378 
63 339 11 13 0.02511811 
656 81 7 9 0.025057998 
289 33 8 10 0.025004705 
679 46 8 10 0.024980774 
833 23 10 12 0.024947071 
39 333 10 12 0.024946345 
398 302 8 11 0.02493491 
624 616 9 11 0.024916643 
287 358 10 13 0.024879824 
330 237 10 14 0.024787404 
321 1 11 15 0.02478104 
253 357 10 14 0.024760144 
657 70 8 9 0.024728589 
600 6 8 9 0.024707625 
583 55 8 8 0.024662578 
429 171 9 12 0.024661329 
600 48 7 10 0.024597673 
809 15 8 10 0.02458742 
16 63 9 11 0.024574552 
845 23 8 11 0.024371423 
775 64 7 10 0.024360236 
229 375 10 13 0.024347419 
813 94 8 10 0.02434026 
872 24 8 11 0.024257999 
878 103 8 10 0.02424676 
351 84 10 12 0.024243476 
641 85 7 10 0.024190461 
41 39 8 10 0.024145423 
367 55 11 13 0.02413484 
623 7 7 8 0.024097502 
528 1 9 9 0.023949089 
445 217 12 15 0.023926262 
945 124 9 12 0.023863312 
665 96 9 10 0.023853574 
561 54 8 10 0.02383178 
219 357 13 17 0.023819454 
1006 34 11 15 0.023817696 
599 53 7 9 0.023748768 
511 36 8 10 0.023666907 
765 124 13 14 0.023591653 
486 32 9 12 0.02348395 
567 39 7 10 0.023454601 
646 81 8 10 0.023442106 
110 315 13 17 0.023386218 
422 107 11 13 0.023374021 
74 61 10 12 0.023356033 
709 46 9 10 0.023346247 
282 340 12 16 0.023318442 
807 23 9 11 0.023314834 
880 40 7 8 0.023308722 
671 78 7 10 0.02328777 
87 37 10 11 0.023236146 
38 349 10 12 0.023220962 
292 362 22 25 0.023178197 
950 119 8 12 0.023153402 
599 37 7 9 0.023140032 
73 49 10 12 0.023119368 
727 87 8 9 0.023108406 
439 27 11 15 0.02308123 
87 606 62 53 0.022957314 
575 23 7 10 0.022938937 
775 49 7 9 0.022901068 
443 93 10 13 0.02284334 
291 222 10 13 0.022824056 
70 640 27 37 0.022762205 
497 1 9 9 0.022723084 
768 119 10 13 0.022708492 
879 86 8 11 0.022706227 
47 358 8 10 0.022685884 
648 70 7 10 0.02267567 
36 341 12 14 0.02267113 
519 39 7 9 0.022666352 
647 62 8 10 0.022650585 
351 390 11 14 0.022635043 
53 48 9 11 0.022509763 
511 1 8 8 0.022496687 
583 293 8 10 0.022437144 
881 93 8 10 0.022432217 
887 94 8 10 0.022430051 
444 199 21 24 0.022416538 
245 32 9 11 0.022410018 
317 409 17 23 0.022398828 
790 64 8 10 0.022396492 
526 271 9 12 0.022374704 
105 90 11 15 0.02236453 
678 6 8 9 0.022321006 
794 85 8 11 0.022263506 
219 337 13 16 0.02225044 
709 31 8 11 0.022243964 
331 325 11 14 0.022215862 
593 279 10 11 0.02220393 
429 17 12 14 0.022195157 
162 328 7 10 0.022189911 
779 85 9 11 0.02208944 
575 269 10 12 0.0220833 
457 293 9 12 0.022045152 
104 61 10 11 0.022026133 
120 64 9 11 0.022022115 
24 384 9 12 0.022021143 
989 36 11 14 0.022018872 
122 45 9 12 0.022013547 
353 251 12 15 0.021994038 
164 55 8 11 0.021979501 
663 37 7 10 0.021953324 
319 647 9 11 0.021938125 
350 107 11 12 0.02193403 
249 63 8 10 0.021898817 
125 39 9 11 0.02187293 
489 47 9 12 0.021831814 
428 270 12 12 0.021828234 
209 239 14 17 0.021804065 
737 30 8 10 0.021784399 
672 73 7 9 0.021773385 
449 260 9 12 0.02172509 
345 309 9 12 0.02172357 
351 301 8 11 0.021675568 
56 359 8 9 0.021668162 
723 258 11 14 0.021666158 
275 399 16 19 0.02166176 
208 36 10 13 0.02162948 
935 1 10 9 0.021616876 
430 236 20 24 0.021577323 
418 231 10 12 0.021555858 
870 63 7 9 0.02151935 
722 30 8 10 0.021512846 
493 67 11 12 0.021454753 
367 247 10 12 0.021389741 
78 67 12 14 0.021384025 
846 29 7 10 0.02134459 
791 1 9 8 0.021344237 
897 93 9 10 0.02133173 
487 278 9 12 0.021267343 
727 96 8 9 0.021241583 
838 2 9 10 0.021198273 
886 63 7 10 0.021180201 
183 4 10 12 0.021154212 
272 383 11 12 0.021070832 
0 648 11 21 0.021033728 
245 357 21 27 0.021029688 
430 188 12 15 0.020965068 
448 317 9 11 0.020925539 
768 3 9 9 0.020904556 
418 49 14 17 0.020891609 
801 61 7 10 0.020874966 
425 161 8 11 0.020812914 
556 270 9 11 0.020770086 
849 40 7 9 0.020750584 
799 38 8 11 0.020729832 
376 363 10 14 0.020690138 
720 52 8 11 0.020624375 
432 5 20 24 0.020592466 
461 229 9 11 0.020549634 
786 238 13 15 0.020507986 
475 254 10 13 0.020486373 
824 63 7 10 0.020484114 
355 309 10 13 0.020433411 
746 75 10 11 0.02042567 
429 223 11 13 0.020416638 
577 2 9 8 0.020365681 
582 47 8 10 0.02035558 
862 83 18 23 0.020336296 
341 348 11 14 0.020320835 
776 607 12 14 0.020311173 
157 38 9 12 0.02028361 
324 302 12 14 0.020264998 
332 254 12 14 0.020262953 
601 78 8 10 0.020261694 
240 351 11 14 0.020257331 
775 91 9 11 0.020242006 
0 11 7 13 0.020210892 
864 69 9 10 0.020114817 
505 39 8 10 0.020081507 
240 12 10 13 0.020034939 
