58_Hockey_icehockey_puck_58_895
43
80 743 73 89 0.9895331 
615 293 375 500 0.9682248 
185 783 58 85 0.7919639 
377 818 27 32 0.7727902 
389 873 33 33 0.34781826 
319 811 27 35 0.3428842 
430 758 23 29 0.19194278 
392 779 27 29 0.1839552 
647 80 379 535 0.1807258 
297 806 40 49 0.14464587 
364 801 44 50 0.06344075 
375 772 46 53 0.0549803 
736 481 246 366 0.051782556 
431 769 26 34 0.050782483 
307 832 17 22 0.046984375 
331 783 18 19 0.045800585 
292 804 13 16 0.04383109 
69 415 34 43 0.043211445 
715 419 15 18 0.04084577 
442 763 15 18 0.040423073 
560 187 313 440 0.040028505 
547 -27 367 449 0.03967483 
374 418 30 39 0.03927973 
442 787 16 21 0.03907141 
444 518 102 142 0.035372376 
452 764 13 16 0.033294715 
278 799 10 14 0.032178346 
139 763 76 103 0.03192484 
-2 724 81 137 0.031427816 
389 784 18 20 0.029605534 
14 760 53 81 0.02853104 
365 779 14 16 0.027804958 
443 757 27 30 0.027658094 
340 800 48 52 0.026328092 
145 775 35 54 0.026018776 
467 875 27 30 0.025114333 
0 -31 429 502 0.02340605 
323 825 18 26 0.022396933 
441 784 28 35 0.02192546 
374 824 20 21 0.02173377 
847 530 202 322 0.021016821 
781 171 24 30 0.020576386 
391 823 16 23 0.020197067 
