58_Hockey_icehockey_puck_58_290
135
422 64 25 33 0.9977202 
743 32 23 30 0.9972785 
660 37 22 29 0.99672467 
491 63 22 30 0.9965653 
358 72 24 31 0.99208987 
62 19 25 33 0.9893087 
561 44 24 30 0.9884426 
808 18 23 28 0.9834901 
863 1 23 27 0.97764117 
302 81 21 30 0.97439504 
363 0 24 26 0.9743301 
124 24 22 26 0.95052224 
101 113 22 27 0.9465503 
603 40 19 29 0.9265351 
491 469 27 41 0.92121017 
180 16 20 23 0.9159962 
31 36 20 28 0.7110258 
915 0 20 21 0.67017543 
325 339 34 35 0.6070092 
44 179 19 25 0.5546934 
210 81 15 18 0.503287 
155 25 14 19 0.46447265 
856 202 18 21 0.44523594 
1 120 22 37 0.3427656 
250 57 13 16 0.2737053 
250 12 16 20 0.26503366 
391 168 14 18 0.2232299 
901 218 29 32 0.2176125 
162 89 18 21 0.2107581 
737 248 29 33 0.20826504 
245 20 24 29 0.20252074 
312 329 30 36 0.19899726 
741 1 18 20 0.19223917 
48 139 19 21 0.1607187 
778 87 16 21 0.15380146 
141 85 13 17 0.14981396 
74 94 17 20 0.14225477 
238 56 16 21 0.10472519 
453 139 13 15 0.104159854 
106 24 13 21 0.1029105 
894 208 47 53 0.09630403 
667 77 14 17 0.07927205 
680 0 20 15 0.07820601 
708 14 28 30 0.07682454 
200 79 21 26 0.074952334 
331 49 23 30 0.07340455 
170 97 15 18 0.07126162 
194 52 14 18 0.07092926 
380 23 16 21 0.06796467 
390 47 16 21 0.06700858 
715 315 33 32 0.06627622 
714 0 19 15 0.05870974 
265 65 22 26 0.056911588 
238 100 10 14 0.05690268 
690 346 14 18 0.055175316 
311 58 15 19 0.05390555 
335 350 20 22 0.053173188 
724 103 14 17 0.05187675 
681 3 28 28 0.05125707 
95 86 13 16 0.05027743 
441 159 16 21 0.048946656 
266 50 17 19 0.04805149 
572 2 25 26 0.04467855 
364 40 16 20 0.044538938 
704 464 35 35 0.044230994 
730 257 28 34 0.043475877 
769 28 23 28 0.04216536 
732 403 19 20 0.04170597 
20 37 25 32 0.041255515 
913 224 20 23 0.03985267 
126 7 13 16 0.039773475 
333 30 26 33 0.038428787 
258 55 22 26 0.038291857 
853 185 25 30 0.036908966 
772 95 17 21 0.036636163 
144 81 20 25 0.035630625 
314 172 14 19 0.035012316 
354 160 15 18 0.034612507 
182 1 12 12 0.034485135 
105 102 18 24 0.034454517 
213 25 17 20 0.0331369 
148 72 15 21 0.033007506 
686 344 22 29 0.03290622 
242 34 24 29 0.03222829 
165 21 11 16 0.03085181 
860 172 11 14 0.030632522 
243 7 19 21 0.02987638 
115 151 15 20 0.02940282 
742 262 29 33 0.02852278 
87 87 23 28 0.028352616 
180 98 13 18 0.028277377 
311 179 14 18 0.028101565 
108 38 14 19 0.02695917 
860 181 12 16 0.02689421 
255 383 13 14 0.02677891 
158 73 15 20 0.026654493 
239 27 14 18 0.02532845 
99 186 24 31 0.02522869 
376 8 16 23 0.024564626 
108 179 16 21 0.024447987 
636 130 14 19 0.024419602 
161 25 13 18 0.024256045 
953 238 11 13 0.024163138 
310 331 18 23 0.02415746 
239 15 16 20 0.02395484 
379 161 20 25 0.023872135 
164 58 13 16 0.02381649 
353 7 23 31 0.023786085 
236 44 15 18 0.023740554 
430 161 23 27 0.023717623 
695 9 30 33 0.023516575 
857 159 10 13 0.022986023 
30 27 16 21 0.02295472 
193 18 13 17 0.022464518 
848 200 16 20 0.022463629 
307 64 21 28 0.02238554 
76 84 23 28 0.022344923 
316 168 11 13 0.022329243 
378 153 14 18 0.022203248 
845 258 31 36 0.02210912 
173 1 16 17 0.02206606 
109 145 17 22 0.021632634 
189 45 14 17 0.02160219 
116 138 16 22 0.021529844 
869 181 12 14 0.0214505 
140 75 17 21 0.021445764 
126 154 14 21 0.021395162 
186 4 14 19 0.021143807 
274 70 17 23 0.020972246 
298 16 16 21 0.020948702 
74 200 17 21 0.0207825 
264 72 13 18 0.020629982 
135 26 16 21 0.02023477 
232 59 14 17 0.020176075 
338 21 21 27 0.020137466 
