58_Hockey_icehockey_puck_58_248
62
494 187 39 42 0.97786444 
566 68 22 27 0.91480947 
85 44 18 19 0.61599493 
407 239 35 43 0.5467997 
384 240 45 51 0.5393386 
81 129 9 12 0.27112442 
337 523 55 68 0.26585135 
365 241 39 51 0.16867654 
449 220 14 18 0.15975337 
244 491 56 50 0.1587102 
554 194 17 23 0.15864754 
409 463 26 29 0.15592802 
497 146 17 19 0.14833678 
366 472 36 39 0.14707537 
487 282 15 20 0.1244467 
534 135 34 39 0.12302372 
225 34 12 15 0.10559114 
366 31 13 17 0.083943464 
431 214 26 35 0.05740576 
565 119 12 17 0.056477394 
350 517 100 86 0.055329613 
251 485 41 34 0.055155087 
566 37 12 16 0.04734408 
495 140 29 32 0.046432786 
327 53 12 14 0.044884518 
575 0 359 415 0.044126485 
541 186 27 35 0.04175035 
417 248 22 26 0.03883931 
316 27 16 20 0.038212344 
399 254 36 48 0.037475467 
422 223 32 41 0.036859248 
417 428 29 34 0.03636156 
495 142 15 17 0.03436603 
499 323 25 30 0.03394667 
487 274 25 33 0.032822557 
573 103 11 15 0.030720722 
559 120 13 18 0.030568609 
408 415 27 34 0.030122912 
407 537 39 32 0.030096814 
308 27 17 19 0.028723728 
412 433 17 20 0.027520029 
11 108 10 13 0.026800243 
532 111 42 51 0.025704421 
677 36 23 33 0.024316613 
548 102 26 33 0.024168283 
690 18 13 17 0.023954598 
221 31 20 25 0.023777379 
508 197 47 54 0.023519319 
711 22 47 62 0.023356088 
577 79 15 19 0.02306831 
549 100 13 15 0.022691337 
566 107 14 20 0.02213742 
407 405 22 30 0.02191409 
529 209 48 59 0.02185253 
387 224 40 44 0.021791756 
596 131 13 14 0.021460433 
594 447 31 31 0.020993846 
670 33 41 56 0.020933894 
344 494 64 70 0.020892896 
226 474 92 84 0.02069174 
84 52 16 21 0.02062928 
555 132 13 16 0.02012181 
