58_Hockey_icehockey_puck_58_553
55
913 231 25 29 0.9879935 
480 210 20 26 0.92680216 
565 166 14 17 0.7315006 
88 198 28 32 0.64628106 
140 179 17 23 0.603888 
559 200 21 34 0.3854076 
854 187 10 13 0.2500121 
152 177 16 21 0.21189362 
22 243 12 16 0.06337313 
593 197 25 35 0.057011675 
572 201 26 30 0.05001706 
81 185 26 33 0.045519996 
198 202 13 18 0.04455626 
603 207 14 22 0.043296617 
938 159 8 11 0.042780288 
41 305 14 19 0.04246618 
846 204 12 17 0.041356865 
73 191 24 31 0.041094832 
463 -3 426 477 0.040338747 
915 188 14 15 0.037958942 
568 206 17 24 0.037582774 
830 172 11 12 0.037525605 
53 280 28 29 0.034956377 
71 195 12 20 0.034886893 
565 173 14 20 0.03272754 
553 206 19 33 0.03194762 
37 234 15 18 0.0305939 
849 183 10 14 0.030090438 
838 173 8 10 0.030066472 
826 172 9 12 0.02976384 
18 -4 500 470 0.029666912 
580 189 16 20 0.0282738 
477 206 15 24 0.028119298 
892 174 10 12 0.027898664 
91 437 14 18 0.027062697 
958 160 7 10 0.027023021 
902 231 17 22 0.025978932 
847 197 12 15 0.025916409 
877 166 9 12 0.025503032 
565 191 24 31 0.025289739 
38 243 13 16 0.024134686 
582 192 27 33 0.024122199 
877 244 13 17 0.023763968 
84 187 15 18 0.023578811 
59 242 15 16 0.023572952 
109 187 14 19 0.023372205 
94 168 10 12 0.023316659 
863 140 7 10 0.023102943 
569 143 9 10 0.023016514 
242 460 9 12 0.022004286 
599 87 8 9 0.021784535 
569 147 11 12 0.021773737 
126 449 15 18 0.02158504 
937 163 10 13 0.020564156 
17 236 12 16 0.020410737 
