58_Hockey_icehockey_puck_58_17
123
69 78 66 82 0.9961332 
447 493 25 31 0.9521729 
37 325 71 98 0.9468515 
165 499 42 46 0.73379225 
851 71 44 55 0.47907537 
596 197 39 45 0.4100296 
218 331 40 44 0.35885116 
375 236 23 27 0.21466982 
273 448 29 32 0.18230703 
434 493 24 30 0.17332308 
420 495 22 28 0.12717436 
387 493 15 18 0.11640971 
89 173 57 76 0.11197934 
397 343 24 28 0.106265895 
325 486 12 14 0.105886176 
411 478 16 20 0.09840663 
64 342 78 100 0.08594142 
405 476 15 18 0.08514307 
61 178 64 77 0.07897235 
119 368 57 83 0.07275673 
444 561 12 15 0.06916858 
696 205 50 60 0.062275577 
494 450 53 62 0.05939242 
930 166 17 21 0.05742864 
520 428 47 56 0.05643721 
571 221 52 65 0.054493908 
106 158 62 80 0.053880993 
367 475 14 17 0.05362405 
278 411 29 34 0.05289055 
138 348 46 63 0.050555218 
382 411 43 52 0.04920526 
366 468 24 29 0.048848096 
863 348 35 42 0.048025377 
342 439 28 36 0.04611335 
394 490 14 17 0.044894274 
396 483 16 19 0.042459015 
201 374 16 21 0.04000099 
378 228 18 22 0.038549665 
862 261 33 38 0.037447356 
207 476 34 38 0.037348725 
381 532 10 13 0.036724806 
250 439 31 39 0.036509734 
565 190 186 246 0.035731334 
289 414 16 19 0.03561644 
348 457 23 28 0.035138614 
425 485 43 47 0.033635955 
419 477 26 30 0.03323316 
704 232 38 39 0.03319068 
400 476 13 15 0.033004813 
382 495 14 18 0.032692935 
706 197 34 43 0.031914618 
319 480 20 25 0.031545773 
313 434 26 30 0.031423002 
157 348 43 55 0.031272255 
335 504 12 16 0.030930184 
293 346 48 57 0.030729061 
509 455 17 19 0.030531492 
915 329 42 52 0.030321825 
115 337 50 68 0.030163255 
258 438 47 52 0.03001641 
372 481 23 28 0.029892072 
265 350 29 39 0.02975526 
277 462 17 20 0.029387154 
418 476 16 18 0.029372612 
354 459 13 18 0.029328596 
882 223 25 31 0.029314782 
294 484 12 16 0.02823467 
333 493 12 15 0.028021596 
413 471 13 16 0.02796562 
404 488 12 16 0.027853576 
266 418 25 28 0.02757791 
318 442 15 17 0.027528089 
432 333 47 56 0.02751774 
200 334 42 51 0.02746613 
353 415 43 50 0.027325444 
416 429 11 13 0.027100075 
324 478 14 16 0.026770588 
426 508 17 21 0.026643135 
499 461 32 39 0.026539184 
278 437 33 36 0.02612447 
866 60 43 49 0.025989603 
10 443 50 61 0.025816385 
272 426 33 35 0.025376806 
298 445 14 16 0.025113685 
358 453 26 30 0.024845967 
302 485 12 16 0.024431204 
266 463 30 35 0.024236146 
2 314 49 62 0.024026658 
343 350 25 30 0.023843063 
691 233 59 65 0.023726406 
911 267 16 21 0.023466514 
932 362 48 64 0.023406861 
285 334 93 104 0.02319751 
438 553 22 28 0.022741245 
1 329 25 41 0.02268019 
344 359 47 52 0.022643633 
379 390 29 32 0.022556508 
501 443 14 15 0.022519892 
406 430 11 13 0.022358626 
305 477 20 28 0.0222049 
461 467 16 17 0.02220229 
354 353 14 17 0.022121541 
339 500 13 15 0.022014191 
545 541 12 14 0.021976463 
327 486 21 27 0.02179263 
231 333 57 63 0.021570554 
307 483 12 16 0.021417808 
29 240 59 72 0.021235466 
350 515 16 18 0.0211989 
708 219 55 64 0.021176908 
326 518 10 12 0.020961758 
174 339 41 49 0.02081599 
402 462 42 49 0.020767735 
359 477 12 15 0.020721762 
389 442 24 28 0.020654682 
503 449 28 29 0.020550782 
435 482 14 18 0.02054084 
417 336 35 40 0.020529678 
367 224 26 32 0.020472268 
366 460 13 17 0.020399533 
332 494 21 26 0.020213371 
862 200 25 32 0.020113308 
371 355 25 30 0.020079654 
