43_Row_Boat_Canoe_43_276
25
509 213 25 32 0.9987993 
4 266 17 22 0.10361764 
37 271 16 19 0.089906655 
994 90 11 14 0.08212845 
888 85 10 13 0.07088339 
854 120 10 13 0.062490467 
811 102 11 12 0.04860265 
945 91 12 14 0.034670226 
93 264 14 16 0.029911272 
1 139 17 22 0.028854948 
960 89 11 14 0.027937189 
5 213 11 13 0.026518153 
302 134 127 146 0.02592991 
892 78 10 14 0.0259032 
861 82 10 12 0.025537973 
846 135 8 10 0.024727605 
856 83 10 12 0.023827558 
167 102 485 432 0.023651326 
977 87 9 12 0.023545567 
906 102 8 10 0.023051402 
905 95 9 11 0.022280512 
36 187 16 20 0.022268424 
838 111 8 10 0.021982277 
885 77 21 27 0.020355267 
948 86 12 15 0.020330025 
