43_Row_Boat_Canoe_43_438
34
423 349 21 30 0.98936903 
758 349 22 27 0.5208129 
723 397 36 36 0.21761452 
938 103 10 12 0.11269888 
380 183 9 12 0.10551677 
392 262 10 13 0.09132578 
594 166 9 11 0.074196525 
747 348 18 24 0.07312413 
991 112 9 11 0.05862787 
456 200 9 11 0.055993166 
1014 165 9 15 0.047506742 
906 173 11 14 0.04099588 
795 45 36 41 0.034784283 
382 252 8 11 0.034186646 
936 174 10 12 0.033414636 
455 401 14 16 0.029223647 
391 191 12 15 0.028501581 
933 118 10 12 0.028489282 
471 287 10 11 0.028463982 
375 208 8 11 0.027942747 
991 82 13 16 0.027441826 
431 200 9 11 0.0237133 
594 161 8 10 0.023325033 
415 297 9 10 0.023323305 
942 97 8 10 0.022606567 
613 198 9 11 0.022288028 
940 205 10 11 0.022125294 
449 207 8 10 0.02166516 
441 215 10 12 0.021302568 
1000 110 9 12 0.021164907 
768 354 18 23 0.021037348 
372 303 11 13 0.02101223 
413 216 8 10 0.020708151 
392 257 9 11 0.020352565 
