43_Row_Boat_Canoe_43_429
44
344 315 20 28 0.9652626 
405 297 16 19 0.17668474 
440 298 11 14 0.13046116 
469 278 11 12 0.07318011 
654 385 11 15 0.06964397 
614 370 10 12 0.064916104 
429 309 12 16 0.06361126 
661 371 9 12 0.06255259 
397 297 16 19 0.062174145 
423 308 13 16 0.05907595 
653 276 9 11 0.052400008 
657 373 9 11 0.04206217 
1 749 10 14 0.037836783 
614 359 10 12 0.037055984 
63 558 8 10 0.03533007 
383 303 10 12 0.0350853 
413 304 13 16 0.0348144 
608 373 9 11 0.032966163 
391 301 12 15 0.032459676 
621 373 10 11 0.029784998 
605 382 10 11 0.029702872 
599 376 7 9 0.027234958 
546 359 8 10 0.027149951 
609 367 11 13 0.027097296 
547 277 27 32 0.026939413 
485 283 12 14 0.02652905 
399 212 411 482 0.025547141 
464 284 10 12 0.025537979 
549 365 7 10 0.0250372 
663 269 9 11 0.024961276 
260 307 12 13 0.023482291 
574 267 11 13 0.023425432 
580 268 10 12 0.023388209 
444 294 11 16 0.023321938 
648 273 9 12 0.023104528 
478 283 13 16 0.022441018 
318 306 11 12 0.022409942 
672 264 8 10 0.022192057 
430 301 14 17 0.021110937 
72 566 9 10 0.020836331 
137 590 8 10 0.02071352 
455 307 11 14 0.020587817 
880 309 9 11 0.020302238 
97 117 475 489 0.020179138 
