43_Row_Boat_Rowboat_43_563
19
615 106 49 56 0.9676248 
202 396 60 77 0.12270954 
0 439 8 11 0.09191884 
85 398 9 11 0.034317832 
109 390 9 12 0.034241397 
152 416 8 11 0.03354091 
9 430 7 10 0.03144085 
46 388 9 11 0.03034663 
6 399 8 12 0.028370712 
974 546 35 40 0.02757621 
82 399 8 10 0.027405947 
40 383 10 12 0.027099863 
87 376 8 11 0.02660277 
211 386 94 102 0.022565743 
13 387 10 12 0.02206175 
58 398 9 11 0.020849966 
14 380 11 15 0.020606495 
899 569 23 32 0.02046454 
32 382 9 11 0.020168604 
