43_Row_Boat_Canoe_43_757
33
517 198 47 59 0.99603784 
482 35 16 20 0.4744912 
617 56 18 20 0.39470747 
994 233 27 49 0.22463964 
462 35 15 19 0.12832525 
513 51 17 22 0.11570574 
531 78 15 20 0.11569053 
557 139 13 15 0.09760331 
736 417 12 16 0.066125095 
486 145 20 29 0.054419164 
455 172 28 36 0.0527367 
453 3 23 25 0.05235471 
348 144 17 20 0.04945806 
539 7 14 20 0.044306383 
552 41 13 17 0.043167725 
511 46 13 17 0.04047928 
196 312 14 19 0.040002123 
359 75 15 19 0.035655852 
976 294 41 55 0.033512756 
931 345 44 52 0.029919975 
498 84 17 20 0.02803682 
465 34 22 24 0.027001698 
406 91 15 20 0.026566274 
386 26 16 19 0.026228804 
1005 214 20 34 0.025935894 
435 426 49 57 0.02471577 
487 112 26 33 0.023585295 
443 177 37 49 0.022283435 
378 34 25 31 0.022112234 
386 298 31 29 0.021823065 
482 44 17 20 0.021621203 
427 17 23 28 0.021070052 
492 88 18 21 0.020070586 
