43_Row_Boat_Rowboat_43_907
27
407 146 22 29 0.9861704 
497 147 23 27 0.9548893 
800 156 23 28 0.95370966 
195 161 20 22 0.87800294 
814 184 25 33 0.40569597 
459 37 139 155 0.28350687 
366 137 35 42 0.21579549 
663 63 423 469 0.07540107 
366 119 37 42 0.07050124 
454 100 30 36 0.06733146 
512 115 31 34 0.06568916 
938 197 12 15 0.06514517 
493 180 13 16 0.060863446 
385 136 40 46 0.044154983 
811 152 24 30 0.03806153 
110 -10 57 63 0.033795632 
608 85 36 53 0.03209542 
627 80 49 62 0.030477684 
208 305 12 15 0.029379772 
797 164 39 49 0.025817972 
503 131 30 35 0.025312716 
690 99 55 73 0.023926597 
800 186 28 36 0.023784447 
825 186 27 36 0.023336304 
74 19 417 477 0.022814764 
7 320 12 17 0.02217456 
644 85 58 66 0.020009317 
