43_Row_Boat_Rowboat_43_839
58
532 260 76 99 0.9955949 
52 925 232 315 0.8997725 
354 244 14 18 0.8129224 
865 359 8 9 0.21621831 
384 340 9 12 0.13444123 
969 338 7 10 0.09038624 
800 367 7 9 0.07321874 
968 381 8 10 0.06441097 
523 554 388 409 0.05664953 
852 385 10 15 0.053633418 
953 304 8 9 0.04799772 
604 624 456 465 0.047985237 
60 606 428 459 0.04354049 
697 352 10 12 0.04202157 
974 342 7 9 0.041053865 
697 357 11 16 0.040678564 
973 381 8 10 0.03976016 
822 359 10 14 0.037154727 
829 365 13 16 0.035885654 
843 413 12 15 0.035473265 
1001 279 7 10 0.035370804 
817 360 21 27 0.034963593 
649 391 30 40 0.033248655 
1009 310 10 14 0.033088665 
886 346 10 12 0.032896902 
697 373 11 15 0.03261405 
951 375 9 11 0.031340957 
960 336 9 11 0.030953296 
334 299 9 13 0.030849267 
794 404 12 13 0.029206725 
958 305 8 10 0.029179089 
864 362 9 12 0.027323183 
575 330 18 20 0.026727509 
92 368 394 489 0.026578857 
666 613 18 21 0.026110997 
946 365 8 10 0.025351675 
835 370 13 15 0.025120236 
960 320 8 10 0.024804356 
935 383 8 11 0.024653897 
1001 373 9 13 0.024280384 
843 247 185 252 0.024028292 
361 248 13 17 0.02395143 
-3 793 364 530 0.023926754 
974 337 8 10 0.02376385 
400 312 8 10 0.02338311 
824 367 24 30 0.02335943 
784 375 9 10 0.023044202 
951 368 8 10 0.022781257 
81 336 116 146 0.022550812 
1002 379 9 13 0.022432541 
356 445 17 18 0.02214517 
400 317 8 10 0.022055311 
384 346 9 11 0.021299643 
992 343 8 9 0.02088919 
828 378 25 30 0.020759577 
688 615 229 278 0.020641107 
869 364 9 11 0.02020791 
820 380 15 19 0.020029927 
