43_Row_Boat_Canoe_43_1048
239
437 281 53 66 0.99949586 
762 227 54 71 0.99939954 
665 268 54 68 0.99938715 
334 240 54 73 0.9993315 
209 217 58 72 0.99917275 
566 248 54 78 0.9991586 
1009 400 8 10 0.18627575 
57 401 7 9 0.14327972 
992 396 8 10 0.11128944 
868 214 17 20 0.106196605 
1012 366 8 11 0.1012846 
88 367 7 9 0.09786479 
141 365 9 10 0.09645018 
927 397 7 10 0.0960435 
65 448 8 10 0.09025818 
926 375 8 11 0.08926892 
949 368 8 10 0.08891353 
926 174 12 14 0.08818295 
1007 350 10 12 0.08462778 
48 345 7 9 0.081222385 
77 382 8 10 0.081035055 
42 352 8 9 0.079112716 
20 124 12 17 0.07738439 
101 398 8 10 0.07439771 
855 244 24 34 0.071692266 
1 327 6 10 0.070095286 
146 440 7 9 0.06840259 
952 421 10 12 0.06812988 
78 327 7 10 0.06773653 
931 184 14 20 0.06434446 
61 137 14 20 0.061593615 
949 373 8 10 0.059970606 
89 384 7 9 0.05893627 
96 392 8 9 0.057329234 
1009 356 9 12 0.056376945 
977 407 8 10 0.05636529 
1015 389 8 11 0.055654537 
121 409 7 8 0.05560797 
65 391 7 9 0.0546316 
121 367 8 9 0.054499358 
991 364 8 11 0.054146603 
952 464 8 10 0.05327709 
953 416 7 9 0.052821394 
994 429 8 10 0.052758902 
984 447 8 10 0.05240702 
910 147 14 18 0.05212201 
1014 341 9 12 0.051262222 
61 126 15 20 0.05109503 
976 453 7 10 0.050678313 
6 396 10 14 0.0497924 
950 439 8 10 0.04935911 
71 390 8 9 0.04885554 
0 403 9 13 0.04818204 
1 397 10 15 0.048085738 
960 342 9 11 0.04794389 
976 439 7 9 0.047687065 
15 324 9 12 0.04722825 
992 424 8 11 0.04719765 
1001 438 8 11 0.04665414 
144 384 9 11 0.04520184 
149 439 7 9 0.04511736 
967 399 7 9 0.045034558 
105 488 9 11 0.04441097 
66 336 7 10 0.04431426 
985 351 8 10 0.044082236 
105 360 7 7 0.04357274 
983 399 8 9 0.042868853 
998 429 8 11 0.042858426 
0 356 6 10 0.042537455 
13 398 9 10 0.041577306 
73 384 9 10 0.041529655 
174 407 7 10 0.041396014 
985 422 8 10 0.041242264 
14 418 13 17 0.041222394 
317 261 20 35 0.04102878 
1000 343 7 9 0.04083811 
39 408 8 11 0.040734407 
999 414 8 9 0.040608272 
63 360 7 9 0.04037787 
136 376 8 9 0.040214293 
141 360 9 10 0.038893245 
978 448 7 9 0.038793053 
1014 439 8 11 0.0387373 
977 391 7 10 0.038429275 
18 127 21 30 0.038382478 
990 359 10 11 0.038319107 
959 440 6 8 0.038291268 
977 400 7 9 0.038116664 
967 447 8 9 0.03804345 
120 359 8 9 0.037955176 
985 358 9 11 0.03745176 
47 348 8 11 0.0374323 
183 468 7 10 0.03736819 
945 353 8 10 0.037114576 
900 165 10 14 0.037071977 
22 319 8 11 0.037037663 
59 115 16 24 0.03631292 
7 454 9 11 0.03589771 
958 423 8 10 0.035885993 
168 445 10 13 0.035626087 
989 448 8 10 0.035312634 
975 341 8 10 0.034973998 
86 408 8 10 0.034388635 
58 360 7 9 0.03400508 
126 408 7 9 0.03397127 
121 381 7 10 0.03389782 
53 345 7 10 0.03326161 
870 216 24 31 0.033218686 
998 424 9 11 0.03303252 
97 440 7 10 0.03288176 
136 383 9 10 0.032626763 
62 398 8 11 0.032583494 
80 400 6 7 0.032418296 
994 406 8 11 0.032285232 
129 432 8 9 0.031826064 
120 375 8 10 0.031589 
999 408 8 10 0.031522926 
31 360 7 9 0.03132414 
989 351 9 10 0.031087894 
809 231 24 41 0.031077554 
27 136 16 21 0.030912247 
921 367 7 9 0.030858679 
17 319 9 12 0.0308388 
966 423 8 10 0.030834416 
79 377 7 8 0.0308194 
866 248 17 24 0.030660236 
967 376 8 10 0.030594928 
921 374 9 11 0.0304891 
41 356 8 10 0.03041736 
32 321 7 8 0.030264229 
8 368 7 10 0.03021523 
169 452 8 10 0.030211527 
152 525 10 10 0.030152103 
53 125 25 32 0.030141145 
70 448 7 10 0.03006772 
1013 404 8 11 0.030048009 
78 352 7 9 0.02995095 
78 343 7 9 0.029818725 
940 194 12 17 0.029710252 
960 428 8 11 0.029431041 
138 457 6 8 0.029041251 
74 376 7 9 0.028890591 
177 468 8 10 0.028694913 
103 376 7 10 0.028591791 
318 259 14 18 0.028333854 
984 375 9 10 0.028309928 
16 351 7 9 0.02819636 
73 461 8 10 0.028140655 
144 457 7 9 0.028063126 
968 441 8 9 0.027997555 
14 405 9 11 0.02786941 
975 359 7 10 0.027779019 
876 209 13 17 0.027698033 
7 445 8 11 0.027554486 
54 455 9 11 0.027456822 
1014 336 8 11 0.027415039 
966 455 8 10 0.027315097 
1014 383 8 12 0.027289 
960 384 7 9 0.026987342 
922 183 22 32 0.02689929 
103 407 7 9 0.026775852 
967 405 7 10 0.026716089 
67 122 13 19 0.026483694 
934 366 8 10 0.026460148 
89 426 9 10 0.026324024 
967 364 9 11 0.026184894 
1015 420 8 12 0.026179692 
90 390 8 9 0.026093138 
1002 381 8 10 0.025948124 
54 325 8 11 0.02572166 
1007 441 9 10 0.02548158 
976 352 7 9 0.025470983 
933 415 9 11 0.025399424 
47 319 7 10 0.02499072 
1015 414 8 12 0.024963085 
136 423 8 11 0.02479852 
953 408 7 9 0.024696805 
884 216 14 20 0.024672376 
88 373 8 9 0.024506213 
982 407 7 9 0.02447094 
837 234 34 47 0.024432115 
78 424 8 10 0.024388734 
87 439 9 11 0.024380764 
998 365 8 11 0.024101777 
78 332 8 11 0.02404124 
24 439 9 11 0.023981119 
49 374 7 9 0.023837091 
992 414 8 10 0.023831788 
1007 382 9 11 0.023790589 
917 406 8 11 0.02373742 
921 171 22 30 0.023563629 
910 381 9 12 0.0235027 
157 374 11 14 0.023444474 
73 320 8 9 0.023442129 
959 406 8 10 0.02342804 
945 463 8 10 0.023259763 
144 461 6 9 0.02318477 
40 369 7 8 0.023167964 
49 422 8 10 0.022935178 
999 456 8 11 0.022896005 
94 425 8 10 0.022839619 
1000 336 7 10 0.022816086 
72 455 8 10 0.022712048 
142 374 9 10 0.022609044 
961 447 7 8 0.022590248 
81 358 8 10 0.02257273 
142 351 9 10 0.022527559 
984 464 8 9 0.022422567 
919 170 13 16 0.022406958 
10 343 7 10 0.022242257 
111 390 8 10 0.022176791 
40 374 8 9 0.022163229 
916 165 12 16 0.021974776 
716 280 16 24 0.021907844 
913 407 9 12 0.021854494 
935 358 8 10 0.021805802 
162 445 8 11 0.021765774 
983 390 8 11 0.02172882 
983 415 8 9 0.021520559 
957 480 8 10 0.021507123 
983 440 7 10 0.021470597 
986 365 9 11 0.021377604 
1015 431 8 11 0.021354962 
64 385 7 9 0.021209752 
48 369 7 8 0.021121437 
106 430 8 9 0.020938417 
75 429 8 11 0.020930689 
30 342 7 10 0.020912873 
990 344 8 9 0.020836938 
102 413 8 10 0.020805655 
102 439 8 11 0.02074513 
112 385 7 8 0.020633353 
31 366 7 9 0.020592278 
1000 375 8 11 0.020549987 
136 350 8 9 0.02034378 
182 455 8 10 0.020169578 
214 345 17 21 0.020093746 
984 344 8 10 0.02003199 
50 399 9 10 0.020007906 
