43_Row_Boat_Rowboat_43_301
21
720 258 28 36 0.9833278 
289 278 34 43 0.63068324 
505 259 24 31 0.22993463 
516 294 31 32 0.11179328 
414 147 23 27 0.055120256 
522 304 18 20 0.047651775 
513 261 15 19 0.040112134 
302 268 27 37 0.036501814 
313 276 16 20 0.032086466 
710 302 21 26 0.029735457 
464 320 8 10 0.027222076 
503 257 42 52 0.026796019 
525 294 15 18 0.02522651 
540 280 14 19 0.023062628 
527 275 26 32 0.021496207 
540 289 13 17 0.021078669 
2 2 17 18 0.020973975 
67 43 15 18 0.020854317 
524 250 12 15 0.020852959 
384 179 29 36 0.020821042 
517 252 13 15 0.020639218 
