43_Row_Boat_Canoe_43_81
59
280 121 36 45 0.9853098 
-16 247 566 453 0.81969494 
445 145 16 21 0.17135368 
383 207 458 533 0.1286255 
407 159 25 29 0.08532242 
692 220 16 20 0.07174326 
627 196 12 15 0.071425244 
618 191 23 28 0.059605382 
461 140 13 18 0.058347017 
692 213 13 15 0.050709084 
677 207 11 14 0.049037173 
707 221 13 15 0.04695475 
549 205 12 15 0.038485978 
728 200 8 10 0.037549604 
588 226 13 18 0.037132166 
-20 1 362 429 0.036910895 
395 142 41 46 0.035189983 
450 140 21 27 0.03443168 
550 199 11 13 0.03302419 
439 145 15 20 0.032645576 
656 189 10 12 0.032139532 
661 228 16 19 0.029603356 
646 198 10 12 0.029441383 
390 149 25 34 0.028872538 
583 188 13 19 0.02868875 
527 155 12 14 0.028435953 
662 197 10 12 0.028115308 
535 175 8 10 0.027719857 
622 202 14 17 0.027560577 
700 223 15 19 0.027528888 
410 154 18 21 0.027433682 
656 198 10 12 0.026171895 
662 190 10 12 0.02591009 
559 180 9 12 0.025862547 
673 205 11 13 0.025590995 
532 213 12 15 0.02544365 
868 270 27 30 0.024914892 
693 208 11 13 0.024762196 
560 176 9 11 0.023854706 
675 229 14 16 0.023768133 
581 187 22 33 0.02367623 
518 184 10 13 0.02360515 
630 181 11 14 0.023466619 
687 223 14 18 0.022893528 
467 140 12 16 0.022744076 
535 167 8 9 0.022738202 
475 186 15 17 0.022379981 
610 199 28 31 0.022227064 
622 210 12 14 0.022099016 
580 217 23 32 0.021849623 
564 181 11 12 0.021772832 
229 98 401 502 0.021469137 
407 146 14 19 0.021265283 
628 211 11 14 0.020971201 
669 197 10 13 0.02091146 
669 191 9 10 0.020691026 
567 175 9 11 0.020389726 
670 173 10 11 0.020153755 
570 194 42 53 0.020115037 
