13_Interview_Interview_Sequences_13_867
139
387 265 243 334 0.9997404 
284 399 34 51 0.99406046 
881 429 22 29 0.97711337 
214 453 22 33 0.94111955 
998 369 14 20 0.9113074 
173 418 20 28 0.90764934 
21 456 22 30 0.86625373 
92 54 80 108 0.86205065 
240 415 23 29 0.85489094 
920 468 21 31 0.8160858 
11 439 17 22 0.48309833 
846 448 10 12 0.3668775 
0 419 12 17 0.33521363 
883 327 19 22 0.32853112 
12 446 24 31 0.2565328 
557 71 8 11 0.2450827 
877 471 13 16 0.23010479 
1004 365 15 21 0.17012116 
984 437 10 12 0.15952492 
1011 365 11 18 0.15929495 
943 361 15 20 0.1570605 
598 64 12 14 0.15484782 
174 598 10 13 0.14814836 
107 386 17 20 0.14603785 
937 435 11 15 0.12547012 
972 384 15 17 0.114965364 
116 385 16 21 0.10702873 
488 96 9 12 0.09441247 
756 7 10 11 0.09285485 
869 64 16 20 0.08989891 
830 438 11 13 0.08497573 
945 408 14 18 0.084760696 
228 422 22 29 0.08394373 
577 73 8 11 0.07795785 
978 382 12 15 0.077502824 
397 174 10 12 0.07039771 
875 414 41 48 0.0702147 
960 309 30 38 0.06819371 
861 395 13 14 0.06699331 
829 6 11 12 0.0646529 
806 23 9 11 0.06295969 
249 420 24 33 0.061566662 
2 424 14 18 0.058889776 
945 474 17 19 0.05815405 
772 2 15 16 0.055770375 
982 356 11 13 0.054321516 
955 386 12 16 0.05365905 
7 434 15 22 0.053187907 
437 351 379 472 0.052071236 
125 450 12 17 0.051333852 
453 111 8 11 0.05119667 
947 281 53 70 0.05017092 
780 4 11 12 0.04975703 
808 4 9 10 0.048201486 
923 462 15 22 0.04765239 
62 304 14 17 0.047525346 
882 420 19 26 0.046532355 
596 315 367 438 0.04645053 
987 354 11 13 0.045518875 
820 23 12 12 0.045147903 
22 284 13 17 0.043666013 
836 0 12 12 0.04357783 
182 421 18 23 0.0433461 
398 125 14 17 0.042446468 
29 418 15 17 0.040792264 
714 362 219 269 0.040435754 
817 28 10 11 0.040175103 
555 116 11 13 0.03853286 
27 290 12 14 0.03847825 
826 438 10 12 0.036904406 
332 153 14 18 0.03685357 
750 11 11 15 0.036183003 
312 403 24 32 0.035831258 
416 141 11 14 0.03483593 
628 41 11 12 0.03410377 
248 64 13 18 0.03392081 
718 24 11 13 0.033181835 
931 465 26 29 0.033086393 
519 70 10 13 0.033004668 
168 421 16 24 0.03256097 
204 398 17 20 0.032284196 
379 139 11 14 0.032165077 
575 115 9 12 0.031811118 
977 362 14 17 0.03101716 
469 96 9 12 0.030858282 
262 46 9 11 0.030631257 
518 97 14 17 0.029858159 
189 527 10 13 0.0298061 
822 469 11 13 0.029585445 
977 357 12 14 0.029280635 
843 443 18 22 0.028687965 
493 95 9 11 0.028618025 
771 67 13 17 0.028507628 
78 452 14 17 0.028453225 
456 126 9 11 0.027801692 
983 461 12 15 0.027775798 
966 380 15 19 0.027488569 
4 531 12 14 0.026872378 
223 431 14 20 0.02643642 
391 131 11 13 0.026365558 
959 354 12 15 0.026164412 
815 6 9 11 0.025835952 
867 320 30 34 0.025587082 
755 240 137 176 0.025449686 
525 60 13 14 0.025231319 
788 7 10 12 0.025089486 
524 69 14 17 0.024936175 
910 457 43 48 0.024750115 
822 457 11 12 0.02444328 
133 392 14 22 0.024440175 
883 3 13 14 0.024010763 
125 382 20 29 0.024000425 
375 135 12 14 0.023952369 
943 394 21 25 0.023724912 
970 371 22 28 0.023503302 
853 438 11 12 0.023468569 
791 325 110 139 0.023160266 
821 11 14 14 0.022608781 
206 456 39 44 0.022517858 
15 424 22 28 0.022515371 
513 71 9 11 0.022504281 
530 71 14 17 0.022294229 
260 389 11 14 0.021941409 
965 444 10 12 0.021877173 
31 458 19 26 0.021779988 
969 323 18 23 0.021711888 
925 265 90 112 0.021661427 
191 607 11 12 0.021589894 
257 416 17 24 0.021534445 
629 -5 104 109 0.021512162 
823 463 10 13 0.021371165 
519 106 11 15 0.021286795 
809 436 8 11 0.021209475 
835 437 11 12 0.021044025 
862 51 28 37 0.020493342 
480 114 10 13 0.020410428 
14 420 10 14 0.02028704 
36 285 11 14 0.020237135 
983 440 14 16 0.020000784 
