13_Interview_Interview_On_Location_13_521
46
896 12 114 139 0.999892 
880 213 34 41 0.99783796 
702 44 94 147 0.99599886 
177 220 37 48 0.9920765 
75 340 64 73 0.3933332 
605 327 10 13 0.22887099 
111 287 12 15 0.14727837 
635 324 11 13 0.10525083 
7 255 32 39 0.07977596 
418 77 96 136 0.06598865 
98 349 39 46 0.06420613 
528 305 12 16 0.05868617 
644 269 9 13 0.045059483 
330 247 429 476 0.044542585 
536 272 7 9 0.043953925 
574 317 8 11 0.039951324 
481 327 9 10 0.03801195 
599 294 9 11 0.03587469 
590 278 9 11 0.033152428 
638 287 9 11 0.031326916 
550 302 10 14 0.029761216 
456 310 10 12 0.028649025 
497 312 9 12 0.028570477 
593 294 9 11 0.028212503 
342 400 101 134 0.027721724 
519 222 9 11 0.026427004 
524 299 22 27 0.025502486 
501 312 11 13 0.025160825 
713 341 28 35 0.02405463 
518 280 9 11 0.023782732 
633 264 7 9 0.023662688 
108 285 20 24 0.023126831 
549 412 42 51 0.022685258 
457 303 9 11 0.022452984 
640 265 8 10 0.022217907 
606 293 9 10 0.021869509 
689 278 8 10 0.021601083 
430 310 11 12 0.021398745 
539 219 12 15 0.021108693 
425 285 9 11 0.021040834 
591 327 9 11 0.020877725 
590 344 9 11 0.020780118 
211 225 15 21 0.020671688 
590 214 9 11 0.02051296 
585 261 8 10 0.020488678 
543 307 10 13 0.02017552 
