13_Interview_Interview_On_Location_13_313
123
829 336 25 31 0.9991217 
219 444 28 35 0.9990784 
772 332 24 31 0.99871933 
451 496 28 36 0.9986168 
598 370 25 34 0.9984225 
878 318 25 34 0.998302 
177 371 24 31 0.99676347 
309 347 22 29 0.996576 
295 476 27 33 0.99590576 
801 364 23 30 0.99577373 
623 340 22 29 0.9952951 
739 332 23 31 0.9941466 
590 477 23 31 0.99285346 
659 338 24 30 0.9927736 
38 353 30 35 0.99181646 
561 363 22 29 0.98169154 
264 355 21 27 0.97944206 
656 477 29 32 0.97494966 
962 348 24 33 0.9710887 
363 349 23 29 0.96289796 
212 361 22 30 0.95872766 
155 355 19 26 0.95660084 
116 348 23 26 0.95270723 
414 365 21 27 0.95187426 
494 362 24 29 0.95043105 
932 346 23 28 0.94979775 
519 362 20 27 0.942277 
807 321 21 26 0.8992616 
53 355 29 34 0.8837066 
595 300 14 17 0.69445974 
441 358 22 28 0.56781584 
729 301 11 14 0.54283476 
207 346 25 31 0.5394649 
196 349 15 19 0.52459794 
392 358 18 23 0.4885054 
92 335 15 21 0.36999783 
704 330 11 15 0.33816198 
638 322 20 24 0.31288505 
706 293 12 16 0.30967435 
654 288 14 16 0.2301962 
708 362 17 24 0.21465163 
204 347 17 22 0.17547335 
284 332 22 27 0.16459017 
-1 331 21 32 0.16106531 
117 496 15 21 0.11919426 
65 354 19 24 0.1137745 
211 342 17 18 0.11149494 
539 307 14 17 0.10421055 
993 396 23 27 0.09390756 
547 292 12 15 0.08936442 
450 366 17 22 0.089238144 
65 362 23 31 0.08792598 
205 341 15 18 0.08537025 
479 450 14 18 0.08158697 
672 480 26 28 0.07833167 
454 385 15 18 0.07508983 
448 372 23 28 0.071815304 
282 348 20 28 0.06648223 
540 298 16 19 0.06634075 
338 364 13 17 0.065657526 
507 480 19 23 0.06455086 
195 331 16 19 0.06301065 
271 345 20 27 0.062882796 
73 375 14 19 0.062825516 
787 126 15 17 0.060906854 
732 297 12 15 0.059122697 
531 321 22 29 0.05890672 
515 488 17 23 0.055650696 
194 338 20 25 0.05357326 
172 336 15 18 0.050954282 
95 327 13 19 0.046219286 
196 326 13 16 0.04536944 
361 434 15 17 0.04523821 
863 567 8 9 0.04305956 
239 353 15 21 0.039272476 
165 427 20 29 0.037877683 
325 338 13 18 0.03749909 
23 360 16 19 0.037314106 
85 340 17 22 0.037190832 
238 322 21 26 0.03481105 
456 353 21 26 0.032322373 
262 347 19 22 0.032153536 
775 619 13 18 0.032059636 
355 432 24 30 0.031970747 
286 403 20 26 0.031903856 
726 299 19 23 0.031567115 
943 335 12 15 0.031223005 
535 314 15 20 0.030597903 
49 329 16 17 0.030194137 
34 340 14 17 0.029879212 
0 343 12 21 0.029624172 
532 301 22 29 0.029501913 
819 574 10 12 0.029373877 
375 354 22 28 0.029325427 
857 567 9 11 0.028854612 
281 516 27 29 0.028762506 
389 510 27 36 0.028665943 
704 289 10 14 0.027780926 
659 469 16 21 0.027602032 
926 352 19 23 0.026600745 
255 350 23 30 0.026225599 
699 334 21 29 0.025934171 
696 330 15 18 0.025326021 
224 346 15 21 0.025236465 
666 466 29 34 0.025054235 
69 344 24 29 0.024797352 
532 334 17 22 0.024665056 
951 459 10 15 0.024015019 
757 366 13 17 0.023766713 
556 289 11 16 0.023713514 
508 333 14 16 0.02324546 
269 481 15 16 0.023044208 
217 333 17 19 0.022984276 
223 388 25 29 0.02262649 
457 368 16 21 0.022374604 
836 555 11 15 0.022131179 
638 339 22 29 0.021502076 
835 385 21 25 0.021295346 
175 334 22 26 0.020907735 
968 579 12 15 0.02056461 
541 287 21 24 0.020405605 
439 359 38 44 0.020329565 
785 128 21 26 0.020181201 
