13_Interview_Interview_2_People_Visible_13_743
35
153 -3 59 73 0.9995459 
855 48 44 61 0.98994327 
541 11 45 61 0.9759871 
935 49 35 39 0.67623556 
718 147 9 11 0.39830616 
664 71 12 14 0.38998175 
836 62 12 16 0.1754255 
714 164 13 16 0.11117946 
6 271 33 29 0.10100771 
717 199 10 13 0.057451893 
14 275 16 16 0.052911453 
-2 270 65 55 0.04401648 
51 309 16 21 0.043569807 
450 203 135 161 0.040888287 
944 65 20 27 0.036351234 
228 181 151 195 0.03630279 
121 -2 38 44 0.035919208 
669 81 15 20 0.035375454 
522 0 16 18 0.034520093 
941 24 31 49 0.030846147 
714 142 11 14 0.027985929 
657 68 21 26 0.025820294 
534 7 32 47 0.025276707 
674 76 15 18 0.024647266 
711 161 12 14 0.023940945 
244 172 84 115 0.02357351 
562 25 36 51 0.023569664 
279 220 35 41 0.023408579 
-9 253 94 97 0.022538712 
8 274 14 16 0.022373503 
832 60 20 29 0.02218126 
376 125 11 14 0.021607166 
835 94 27 42 0.021215132 
23 539 57 66 0.020395821 
30 539 21 30 0.02018479 
