13_Interview_Interview_On_Location_13_605
25
597 73 94 120 0.9996 
202 231 81 101 0.9956547 
418 154 83 101 0.9945133 
846 247 17 20 0.8935302 
72 21 12 16 0.086487286 
861 432 11 13 0.059864085 
892 254 15 20 0.05043608 
891 107 14 16 0.04446779 
889 200 15 19 0.043202184 
486 79 40 54 0.038100503 
27 105 13 18 0.036907285 
176 24 18 21 0.033665176 
694 414 26 31 0.03258564 
257 134 10 14 0.0293751 
981 483 12 14 0.028938109 
42 73 12 17 0.02671433 
888 267 15 19 0.026505651 
27 10 15 17 0.026373835 
75 12 14 17 0.0262906 
43 55 15 20 0.026156107 
847 318 14 19 0.024645641 
38 137 13 20 0.024010707 
465 45 102 121 0.02315258 
260 137 13 17 0.02226794 
533 574 98 142 0.021396456 
