13_Interview_Interview_Sequences_13_3
208
177 39 350 466 0.9996605 
830 359 26 31 0.6215382 
846 12 55 67 0.5661446 
617 267 13 17 0.42479917 
862 398 24 29 0.3416864 
898 419 25 37 0.33778143 
650 387 18 22 0.27810654 
648 278 10 13 0.2136346 
959 72 15 17 0.21090539 
682 234 16 20 0.19463699 
583 277 13 17 0.16762799 
889 427 35 51 0.14965957 
724 235 10 13 0.13957909 
920 532 32 40 0.13033667 
852 20 33 43 0.119835466 
734 185 13 17 0.10536514 
731 399 17 20 0.104897685 
972 129 15 19 0.1009224 
736 306 12 16 0.0929361 
848 383 39 52 0.08730715 
855 156 16 21 0.08360292 
947 110 15 19 0.07745307 
813 204 14 18 0.07562135 
710 394 23 29 0.07374079 
829 372 32 40 0.07364277 
699 514 14 17 0.06938839 
725 439 25 32 0.0682656 
720 229 11 16 0.06688253 
686 277 11 14 0.066617 
838 398 25 34 0.0651919 
659 322 22 27 0.06496229 
638 309 10 14 0.06179025 
759 124 11 13 0.061541334 
703 370 14 18 0.061528943 
690 236 12 15 0.060167655 
677 189 9 12 0.059658736 
720 434 42 51 0.05721092 
988 470 23 34 0.05607374 
880 24 31 44 0.05564741 
1002 69 16 22 0.055108376 
584 243 12 15 0.05383661 
834 490 17 23 0.051340364 
694 369 24 29 0.051214 
684 267 13 16 0.050822806 
678 275 12 15 0.050125837 
694 259 13 18 0.049803622 
631 260 11 14 0.0496104 
775 381 22 29 0.04905219 
675 325 11 15 0.04779953 
679 305 11 15 0.046497528 
702 400 16 21 0.044908565 
894 282 13 16 0.044650428 
790 419 44 51 0.044580482 
949 124 15 20 0.044350788 
692 241 13 17 0.043574877 
563 42 16 19 0.042467073 
843 423 15 20 0.042177618 
910 92 13 17 0.040836357 
733 254 11 12 0.040277537 
75 553 13 16 0.040032446 
997 256 16 21 0.03989872 
848 409 24 34 0.039743707 
946 247 26 33 0.038628124 
577 269 10 14 0.03826239 
707 366 13 16 0.03773398 
631 243 12 15 0.03765642 
732 437 16 20 0.037251614 
765 394 12 16 0.037196953 
583 271 11 15 0.03711406 
790 180 12 15 0.036813438 
638 385 25 29 0.036066562 
763 386 24 32 0.035772856 
917 391 23 31 0.035711553 
728 253 10 12 0.035074975 
689 396 26 30 0.035044096 
747 312 29 35 0.03485083 
656 245 11 13 0.034345534 
614 343 24 30 0.034261785 
717 223 10 14 0.034175213 
627 346 16 20 0.03405309 
631 251 12 17 0.033710465 
1011 255 12 21 0.033116065 
613 325 11 13 0.03307193 
975 430 13 17 0.03293024 
644 305 14 18 0.032924835 
792 347 25 28 0.032699265 
897 436 20 28 0.032487743 
650 282 12 14 0.032481708 
866 399 39 52 0.031744495 
719 245 11 14 0.031250667 
797 253 12 16 0.03119542 
998 452 15 18 0.030591113 
639 438 29 35 0.030581377 
636 150 11 17 0.030511769 
994 452 25 31 0.030332152 
693 304 15 19 0.029998908 
557 38 27 30 0.029870804 
965 471 16 22 0.029735465 
625 30 11 14 0.029684462 
867 24 57 71 0.029666899 
604 5 23 27 0.029647106 
620 352 15 18 0.029630492 
1007 103 12 16 0.029487722 
653 328 15 20 0.029296447 
841 366 28 34 0.029264282 
692 274 13 19 0.029043248 
585 124 11 14 0.028891174 
648 332 12 16 0.028619314 
843 348 44 57 0.02859795 
632 307 12 15 0.028415462 
859 412 20 26 0.028407205 
828 355 19 23 0.028388474 
987 252 22 27 0.028173737 
667 251 12 16 0.028128076 
834 458 14 18 0.027632803 
836 395 19 24 0.027501702 
655 378 27 33 0.02729545 
985 460 38 59 0.027215788 
795 173 10 13 0.026974972 
646 270 12 16 0.026940074 
0 140 9 12 0.026543755 
724 243 12 15 0.026419938 
876 308 10 12 0.026414813 
672 364 29 32 0.026358083 
909 428 27 43 0.026175417 
634 413 44 54 0.026173055 
719 388 26 31 0.025982456 
893 426 17 23 0.025929436 
848 158 13 16 0.025812337 
884 343 15 18 0.025812212 
676 356 42 51 0.025762748 
718 324 15 19 0.025754474 
607 250 13 16 0.02561303 
605 286 13 17 0.025610482 
637 293 11 14 0.025381628 
991 253 12 17 0.025347741 
892 387 23 29 0.025250142 
973 477 16 23 0.025220696 
759 393 14 18 0.02519039 
691 377 17 22 0.025162982 
134 399 16 23 0.025151148 
730 183 11 15 0.025001286 
805 424 26 31 0.02492489 
717 389 14 18 0.024696471 
636 260 20 25 0.024644136 
734 239 11 13 0.024330948 
700 243 11 15 0.024288796 
685 242 105 123 0.024148986 
650 315 24 30 0.024109978 
701 238 10 13 0.023980808 
737 393 17 22 0.023959009 
626 392 27 32 0.023871413 
608 214 10 12 0.02376561 
613 352 15 19 0.023730487 
569 221 10 12 0.023695242 
10 198 26 40 0.023677211 
890 16 31 41 0.02365271 
710 235 13 17 0.023618607 
572 133 9 13 0.02351889 
740 388 24 31 0.02348371 
834 346 30 38 0.022965191 
671 275 13 16 0.022883484 
693 251 13 17 0.022871317 
711 243 12 15 0.022835923 
768 190 11 14 0.022830533 
686 377 44 47 0.022813477 
633 339 16 20 0.022776164 
819 190 13 17 0.022756107 
812 134 10 12 0.022652963 
824 419 25 32 0.022502372 
854 27 14 20 0.022407511 
736 246 11 13 0.02225277 
621 259 20 26 0.022212677 
666 369 17 21 0.022200909 
749 308 13 16 0.021967378 
577 243 11 14 0.021828435 
690 262 21 28 0.021790814 
661 244 12 16 0.021700576 
729 183 22 27 0.021675415 
748 388 13 17 0.02162561 
739 183 14 16 0.02156544 
866 344 17 22 0.021477189 
711 213 9 12 0.021437071 
646 290 15 18 0.021336215 
898 25 18 24 0.02127316 
991 427 13 17 0.021256233 
674 269 21 26 0.021112362 
640 285 10 12 0.021105947 
668 331 24 29 0.021082971 
714 405 96 122 0.020952528 
623 326 26 33 0.020926595 
924 95 43 58 0.020913 
675 238 23 28 0.020869572 
847 173 11 14 0.020743582 
652 315 40 50 0.020721994 
885 387 42 55 0.020690918 
903 87 48 60 0.020677121 
860 11 15 18 0.020584837 
649 368 27 34 0.020557037 
696 190 10 12 0.020510836 
677 351 27 32 0.020427734 
879 178 12 15 0.020411633 
641 276 11 14 0.0203563 
676 397 28 33 0.020336997 
768 356 42 49 0.020321198 
601 159 10 13 0.02028217 
869 337 25 32 0.02010994 
736 299 20 26 0.020029074 
