13_Interview_Interview_Sequences_13_103
23
448 29 207 232 0.9998398 
215 14 37 49 0.78278244 
682 212 60 72 0.54184544 
986 112 39 82 0.14147685 
961 -3 58 52 0.076210625 
210 197 43 61 0.07380559 
731 314 46 47 0.06318516 
43 261 41 56 0.039470028 
731 304 87 111 0.039086297 
759 365 58 60 0.038422763 
226 16 44 61 0.03208612 
545 90 140 150 0.029675074 
724 217 64 73 0.029236497 
197 24 54 63 0.02846309 
661 220 39 54 0.02843526 
666 164 93 101 0.027121684 
653 217 73 84 0.024506062 
698 176 57 64 0.023945156 
224 53 46 59 0.023822648 
1 128 48 92 0.023811752 
513 308 118 158 0.023404405 
337 549 51 47 0.022970874 
16 283 54 65 0.022835448 
