13_Interview_Interview_2_People_Visible_13_325
91
290 124 39 50 0.99652845 
368 632 33 38 0.8635977 
227 519 12 15 0.8177014 
179 525 10 14 0.6172338 
88 508 8 11 0.560201 
498 581 15 17 0.4881452 
456 572 11 14 0.43829325 
102 524 8 11 0.3789222 
67 487 16 21 0.37181813 
149 64 42 51 0.27948382 
103 520 9 11 0.26066265 
257 65 34 44 0.24324822 
160 526 7 9 0.21598126 
424 571 8 10 0.19167814 
197 533 8 10 0.15399547 
110 513 8 10 0.12558326 
153 8 27 32 0.11821945 
-2 237 415 456 0.11579481 
138 526 8 10 0.10998681 
243 13 17 21 0.10676575 
439 564 9 12 0.07679438 
177 521 10 12 0.07621756 
411 619 15 18 0.072999515 
428 567 10 12 0.07010254 
109 517 8 11 0.065482065 
486 604 13 15 0.060785055 
141 520 8 10 0.05859395 
439 573 8 10 0.056651384 
70 479 14 18 0.055082027 
91 509 10 12 0.052239224 
126 552 8 10 0.04935278 
122 550 8 11 0.042540483 
62 494 16 20 0.041579373 
86 514 10 14 0.04073125 
235 47 14 18 0.040176462 
653 406 10 12 0.03799178 
662 391 8 10 0.03754633 
194 528 8 11 0.03616147 
154 527 8 10 0.03599525 
453 567 18 23 0.035571452 
160 531 9 11 0.034595087 
408 613 13 17 0.03410163 
645 413 11 13 0.033974156 
105 513 9 11 0.033347797 
80 516 11 14 0.033217758 
63 336 279 269 0.033146184 
407 618 25 33 0.032541566 
260 22 17 20 0.032133244 
83 14 33 43 0.03173349 
372 653 31 37 0.031684767 
418 624 16 20 0.031158358 
458 639 10 13 0.029703949 
92 505 9 11 0.028939731 
449 580 12 15 0.028197642 
294 582 12 17 0.02818863 
655 398 10 12 0.028185857 
450 573 10 12 0.028036658 
455 644 13 16 0.027832797 
50 44 31 39 0.026672887 
137 532 9 11 0.026411217 
428 629 11 14 0.026032478 
191 519 8 11 0.026002849 
96 519 10 13 0.02557364 
273 73 18 25 0.025188828 
487 584 14 18 0.024413321 
223 529 13 15 0.024259774 
126 510 9 10 0.024160653 
268 67 16 23 0.024159612 
125 504 9 11 0.023949806 
134 552 8 10 0.023925506 
119 544 9 11 0.02337089 
128 556 8 10 0.022827692 
91 34 37 43 0.022565277 
280 550 9 11 0.022351926 
472 612 11 13 0.022223879 
231 10 29 33 0.022138152 
82 509 10 11 0.021666225 
253 23 16 19 0.021653868 
697 366 10 12 0.021143237 
152 534 8 10 0.020969417 
279 34 46 54 0.020963902 
207 526 9 12 0.020781675 
489 576 22 26 0.020596813 
503 614 10 12 0.020474546 
102 530 10 12 0.020470113 
406 623 16 20 0.020439621 
117 533 8 10 0.020391142 
111 526 8 11 0.02035191 
87 44 51 63 0.02015964 
71 471 12 15 0.020087559 
119 510 8 10 0.020071272 
