13_Interview_Interview_2_People_Visible_13_1001
98
123 366 18 23 0.98686635 
816 314 23 32 0.9832938 
473 350 20 29 0.96256924 
188 353 18 22 0.9583768 
957 332 16 22 0.9501748 
294 144 16 19 0.90702707 
577 338 18 27 0.9018078 
297 359 17 23 0.8990121 
726 342 15 20 0.83252597 
627 324 20 27 0.70735985 
213 145 18 24 0.63269824 
203 328 16 20 0.54731303 
212 371 13 19 0.5182205 
95 341 9 14 0.39278033 
725 41 57 80 0.37621275 
378 150 12 15 0.35785705 
662 335 16 20 0.26643148 
348 302 18 24 0.17004523 
639 284 14 19 0.16607603 
327 166 10 13 0.14008623 
119 398 22 29 0.1385789 
982 402 15 17 0.106452726 
148 284 14 17 0.10402631 
207 363 13 21 0.09620378 
467 401 21 30 0.09337197 
240 148 10 15 0.09004569 
89 341 11 16 0.07249595 
463 141 13 17 0.07117715 
140 331 15 19 0.06825901 
668 386 16 20 0.06646231 
156 376 17 20 0.06445058 
502 159 9 11 0.060796116 
739 81 38 45 0.05654361 
217 374 15 19 0.052038625 
675 338 13 19 0.04951682 
168 282 13 17 0.049004838 
132 330 16 20 0.048689812 
177 401 19 22 0.046548173 
413 152 9 11 0.04444895 
643 315 16 20 0.043645337 
710 360 10 12 0.042866096 
480 161 11 15 0.042373963 
227 147 14 18 0.04189423 
647 218 12 16 0.04177852 
782 299 14 18 0.041107293 
253 340 13 18 0.041022327 
674 381 13 16 0.04077523 
636 320 21 27 0.040748272 
205 184 15 18 0.040327895 
925 296 13 17 0.03949503 
916 290 16 20 0.03769727 
97 338 13 18 0.036159556 
218 365 15 19 0.03483124 
155 284 13 15 0.03476305 
726 83 33 44 0.03476111 
580 325 15 19 0.03472172 
172 280 10 13 0.034038514 
116 284 14 17 0.033228308 
294 351 13 20 0.03251094 
278 170 11 15 0.032382894 
175 302 9 12 0.03072496 
643 280 12 16 0.030616065 
957 385 17 19 0.030453455 
916 277 13 16 0.028978216 
957 409 15 17 0.028024219 
276 198 14 18 0.026735127 
117 308 9 12 0.026246708 
151 370 14 19 0.026237044 
738 46 36 45 0.025864184 
230 276 10 14 0.025331218 
303 364 18 22 0.025328523 
247 336 13 18 0.025272736 
245 164 11 15 0.025063056 
117 394 16 21 0.025053259 
255 281 10 12 0.025051141 
237 152 12 17 0.024644936 
294 173 15 18 0.02446232 
135 283 12 16 0.023874585 
319 170 13 18 0.023520324 
931 298 12 16 0.023265654 
196 187 22 30 0.022924269 
309 170 13 17 0.022855192 
729 348 16 21 0.022596825 
301 208 13 17 0.022463271 
396 168 9 11 0.022358835 
468 310 14 18 0.0222468 
143 280 12 15 0.02182308 
392 167 9 11 0.021633482 
143 301 10 14 0.02147929 
243 170 13 17 0.021455364 
196 334 17 21 0.021354115 
228 362 13 18 0.021335477 
221 170 13 16 0.021128688 
203 173 13 17 0.021122381 
234 210 13 16 0.020969152 
239 164 12 16 0.020359667 
143 289 12 15 0.02030941 
162 382 16 20 0.020108957 
