13_Interview_Interview_Sequences_13_2
100
636 242 54 74 0.99903286 
491 169 52 65 0.998609 
264 188 55 73 0.9981653 
918 218 38 49 0.99509794 
549 201 31 40 0.99461657 
742 288 75 96 0.9932929 
326 28 30 42 0.991959 
944 19 53 59 0.9912423 
644 147 29 36 0.98787826 
655 25 37 47 0.9822551 
120 269 54 62 0.9789097 
235 29 38 45 0.97185993 
569 29 40 46 0.97144306 
314 139 25 33 0.8852662 
0 26 23 42 0.81973225 
225 187 32 48 0.7950358 
6 238 26 33 0.74650353 
52 148 14 17 0.50758344 
52 171 21 27 0.46409935 
677 166 29 34 0.38835043 
372 170 22 29 0.30471918 
941 291 63 69 0.23900944 
25 152 22 28 0.14195262 
0 138 11 24 0.12578696 
374 149 15 18 0.124324955 
424 514 14 21 0.12039535 
188 73 20 26 0.09997827 
693 376 30 39 0.097221635 
117 1 36 23 0.09587829 
318 224 30 39 0.09251237 
0 224 41 54 0.08331854 
710 188 25 30 0.08083766 
343 156 24 30 0.08081262 
325 222 39 53 0.06958786 
234 101 17 21 0.06931651 
333 371 36 45 0.067561686 
690 334 42 54 0.061710536 
966 4 52 63 0.061295405 
831 231 10 13 0.059614267 
998 115 17 20 0.055410247 
519 607 41 49 0.054735206 
319 32 52 61 0.050995912 
315 19 104 114 0.047576085 
21 241 24 32 0.046867404 
426 510 13 16 0.046763554 
573 526 17 23 0.04549645 
48 143 13 18 0.044552535 
145 265 44 58 0.044428315 
764 188 42 47 0.044277053 
448 0 34 23 0.04278192 
468 612 31 42 0.04239883 
891 175 16 18 0.04182048 
236 177 47 62 0.04166514 
410 172 38 46 0.039702516 
373 151 23 28 0.03958525 
561 102 23 27 0.0395492 
610 110 16 21 0.039464206 
713 157 18 22 0.03837505 
50 205 24 31 0.037964687 
22 160 16 21 0.03771635 
305 121 40 59 0.03702224 
859 294 44 59 0.036669638 
674 505 68 63 0.036372036 
13 165 24 33 0.035533413 
745 617 56 64 0.0332775 
809 300 45 65 0.031996805 
516 70 24 32 0.031222178 
692 248 34 60 0.029747497 
323 132 15 18 0.029562399 
299 430 28 37 0.029363098 
103 210 13 15 0.026876738 
69 268 44 57 0.026219433 
668 181 30 34 0.025993396 
0 22 46 66 0.02567204 
297 -2 36 31 0.02529938 
705 386 17 21 0.02493476 
30 440 35 31 0.02427141 
526 535 28 37 0.024248594 
99 202 46 49 0.024008406 
406 172 24 30 0.023044296 
997 248 12 17 0.023041064 
57 151 14 18 0.022971928 
99 203 26 31 0.022729125 
378 178 27 34 0.022599088 
592 184 41 54 0.022537744 
202 75 16 20 0.021802701 
32 241 27 41 0.02167624 
343 10 65 69 0.02140899 
213 197 31 40 0.021249017 
535 197 31 40 0.021211425 
49 129 18 20 0.021010974 
936 26 14 20 0.020878155 
676 430 16 22 0.020854658 
560 29 12 17 0.02078274 
258 557 14 15 0.020756103 
885 178 23 27 0.020544967 
807 -2 36 29 0.020485858 
199 155 15 19 0.020260302 
178 224 43 57 0.020219436 
-6 10 84 118 0.020161163 
