13_Interview_Interview_On_Location_13_56
18
469 203 98 131 0.99984646 
749 16 138 153 0.3386009 
562 153 252 323 0.31574824 
357 11 84 97 0.22716834 
75 142 80 131 0.1457035 
682 244 15 21 0.029393937 
705 154 14 16 0.029381191 
783 477 29 43 0.02815033 
889 682 29 46 0.02642399 
731 56 103 126 0.026347555 
576 -43 354 471 0.026156511 
925 706 51 57 0.02589843 
783 539 26 34 0.022557821 
733 89 13 16 0.022112917 
162 84 134 182 0.021658324 
711 199 9 12 0.0209224 
109 107 111 165 0.020679856 
944 513 28 44 0.020207763 
