13_Interview_Interview_2_People_Visible_13_252
124
619 27 62 85 0.99879456 
870 9 65 89 0.9986878 
865 523 30 41 0.9985201 
33 29 51 66 0.9970482 
579 509 32 40 0.9964463 
110 554 46 58 0.9954788 
805 274 32 40 0.99494743 
226 16 29 34 0.9930924 
84 287 28 33 0.99273807 
327 559 44 57 0.98730356 
435 15 22 27 0.93697995 
503 282 24 29 0.90348434 
273 269 20 23 0.80474275 
21 262 24 29 0.6973886 
28 331 21 25 0.61013395 
304 362 24 30 0.4119443 
340 315 13 17 0.2139559 
385 297 16 21 0.16888271 
462 283 14 17 0.16436172 
988 321 17 19 0.16304645 
86 340 21 26 0.14592645 
548 349 13 16 0.13582696 
985 396 22 26 0.1140893 
723 304 22 28 0.10488321 
979 374 16 19 0.089446336 
161 355 12 14 0.086971976 
120 8 29 33 0.08234452 
37 328 22 28 0.07774061 
987 329 16 19 0.07543465 
721 76 22 36 0.07455418 
53 327 24 31 0.06909106 
369 306 12 17 0.06804889 
745 305 15 20 0.06535417 
219 347 13 16 0.06439434 
199 277 11 14 0.06340111 
273 346 16 21 0.06322358 
348 370 15 18 0.062321424 
766 266 27 40 0.06040469 
217 139 17 22 0.060306672 
460 287 20 25 0.05941031 
413 370 15 20 0.056167547 
596 394 18 20 0.05557939 
93 336 26 33 0.05522178 
97 59 27 36 0.055171043 
343 370 13 17 0.051498856 
25 323 18 21 0.051368322 
24 314 18 20 0.050866745 
247 345 13 17 0.05017565 
559 269 13 18 0.047883395 
484 381 15 17 0.046241038 
915 362 15 19 0.04578356 
999 337 14 17 0.043844286 
537 411 17 20 0.03982393 
542 351 23 28 0.03944254 
106 337 27 36 0.03859007 
318 363 21 31 0.036659177 
176 340 11 15 0.03607182 
162 277 10 13 0.035784937 
558 409 15 18 0.03571838 
141 344 20 28 0.034222562 
982 404 15 21 0.0331701 
83 62 28 37 0.032563295 
580 301 12 15 0.032312874 
185 336 25 28 0.031785913 
26 303 18 20 0.031050833 
730 297 15 20 0.030892825 
609 294 10 13 0.030741831 
347 314 12 16 0.030578269 
179 380 12 14 0.030504573 
725 317 16 20 0.029135646 
970 306 10 13 0.029054098 
772 338 30 40 0.028511703 
923 363 12 16 0.027767284 
995 399 21 26 0.027727619 
549 372 14 17 0.027619684 
710 88 34 38 0.027073849 
231 388 27 35 0.026742462 
645 298 17 20 0.02667849 
563 439 16 18 0.026597703 
204 282 10 13 0.026514046 
980 309 40 52 0.026474267 
589 333 10 13 0.026056828 
152 239 9 12 0.025957247 
340 294 23 28 0.025879623 
959 403 23 28 0.025808241 
331 370 13 18 0.025716355 
350 440 10 12 0.025533244 
543 331 11 13 0.025377192 
408 257 29 42 0.02534012 
189 76 13 17 0.025255023 
876 339 15 21 0.025187353 
147 341 13 19 0.024923515 
541 402 17 22 0.024765123 
171 338 23 28 0.024554042 
646 326 11 13 0.024365084 
220 152 14 18 0.024201231 
625 297 28 31 0.024069525 
623 315 13 15 0.023852108 
978 378 23 29 0.023849823 
1011 338 13 18 0.023816867 
804 355 49 50 0.02368376 
372 296 20 26 0.023653658 
550 314 13 14 0.023601614 
293 371 30 30 0.023601513 
285 264 21 26 0.023310654 
153 118 32 33 0.022962874 
997 344 16 21 0.02263673 
568 75 25 33 0.022590438 
326 401 12 13 0.022589227 
933 319 24 32 0.02256168 
252 256 14 18 0.022540506 
358 324 10 13 0.022348193 
393 34 15 19 0.02198715 
910 358 15 18 0.021875225 
115 44 35 47 0.021795597 
546 618 26 31 0.021730157 
970 401 21 28 0.021707816 
281 301 22 29 0.021686355 
34 325 16 20 0.021572104 
119 327 43 54 0.02111733 
444 250 15 19 0.020926656 
950 339 12 16 0.020722577 
291 299 22 28 0.020359192 
324 353 14 20 0.020179506 
