13_Interview_Interview_Sequences_13_268
18
516 194 73 95 0.9970759 
95 606 39 54 0.07744755 
726 528 36 47 0.060428955 
754 577 36 47 0.048052285 
777 9 50 63 0.042785756 
613 -1 32 36 0.03615867 
647 540 60 102 0.033184025 
546 2 72 65 0.030784383 
150 597 36 48 0.03070989 
667 -3 32 34 0.02760397 
997 623 24 36 0.026924087 
786 4 36 41 0.025555331 
77 548 39 50 0.024379183 
719 66 43 65 0.022998467 
724 -2 32 28 0.022783909 
102 41 375 530 0.021341866 
976 302 31 43 0.020950982 
994 463 29 46 0.020586692 
