13_Interview_Interview_Sequences_13_55
47
613 136 160 319 0.99973994 
542 370 56 78 0.9991542 
628 428 24 40 0.36022466 
995 448 26 38 0.21144798 
23 278 14 21 0.20615809 
59 262 17 20 0.12804617 
52 435 21 33 0.12601358 
297 455 30 35 0.11681933 
0 428 45 56 0.09884604 
21 274 25 33 0.0807112 
632 293 111 157 0.06317443 
937 256 89 182 0.06309686 
259 575 15 18 0.060482297 
307 631 14 14 0.057099886 
622 411 40 69 0.0567051 
350 92 198 235 0.055679258 
0 289 13 20 0.053525314 
10 207 43 51 0.04979982 
145 338 42 55 0.042229507 
315 465 13 18 0.03884962 
479 349 44 57 0.03753775 
9 256 42 56 0.03474967 
46 266 11 15 0.034315754 
119 284 20 30 0.03389946 
446 344 23 35 0.03202226 
173 195 29 32 0.031769924 
636 499 114 122 0.03147717 
27 270 15 18 0.029656488 
71 211 50 61 0.029335111 
461 388 42 58 0.029147426 
444 106 202 279 0.028531099 
117 557 120 112 0.027834876 
481 411 29 41 0.027270457 
11 272 23 32 0.026000828 
757 138 151 259 0.024818925 
855 141 150 278 0.02425544 
983 455 32 37 0.023652252 
1009 459 14 26 0.023547715 
84 231 30 36 0.023501016 
527 364 49 72 0.022295747 
351 594 12 19 0.021915749 
140 584 74 72 0.021605907 
105 283 42 52 0.021544158 
52 284 14 17 0.02138654 
58 252 27 35 0.021211129 
927 139 94 198 0.020633614 
405 446 12 16 0.020179747 
