13_Interview_Interview_On_Location_13_401
31
415 111 46 59 0.99930274 
218 82 50 64 0.99915934 
659 91 37 47 0.9980161 
571 65 37 48 0.9963426 
343 228 45 61 0.99602306 
533 157 45 57 0.9952775 
791 149 41 53 0.99445325 
483 61 37 50 0.98916084 
830 84 42 56 0.98527074 
374 71 36 45 0.9845174 
643 278 42 54 0.970821 
350 151 41 45 0.96617895 
719 141 12 17 0.1672503 
386 46 16 19 0.10429858 
443 304 26 33 0.059620444 
133 314 11 15 0.056420285 
127 310 11 16 0.04743813 
78 327 15 19 0.046541225 
198 365 60 63 0.037964724 
150 319 52 73 0.037734617 
499 201 23 31 0.029602932 
387 44 25 32 0.0284749 
712 140 21 28 0.027553532 
141 202 12 15 0.026698519 
379 37 40 58 0.026043592 
440 300 40 57 0.025888033 
411 268 32 39 0.025678981 
437 291 12 15 0.025187025 
736 36 8 11 0.022035163 
72 326 11 14 0.020221036 
313 63 29 34 0.020158157 
