13_Interview_Interview_2_People_Visible_13_668
177
598 468 16 20 0.91590387 
936 453 18 23 0.78399956 
415 470 13 16 0.40463674 
126 714 13 17 0.38503608 
716 627 15 19 0.33737436 
292 468 13 17 0.31693038 
106 693 12 13 0.24363711 
85 684 11 15 0.21843274 
220 720 20 29 0.17674944 
5 683 12 16 0.16957164 
39 721 13 16 0.16640235 
246 735 22 27 0.16614892 
527 488 13 16 0.15339954 
290 745 14 17 0.13985166 
90 732 14 17 0.13185368 
706 625 22 26 0.12510292 
30 746 16 18 0.12356512 
176 649 9 10 0.12166887 
692 493 24 27 0.11963521 
521 479 11 12 0.094659105 
437 525 15 20 0.0896594 
118 713 15 17 0.08924162 
499 485 11 14 0.08914902 
691 503 17 21 0.088031165 
174 722 15 18 0.08686038 
323 746 17 19 0.083978705 
63 700 12 15 0.08236736 
28 686 13 16 0.08130413 
80 685 12 15 0.08033086 
28 670 12 13 0.07972684 
339 737 17 19 0.07969494 
69 37 340 482 0.07683799 
55 691 11 14 0.07257602 
132 710 13 17 0.07080197 
17 590 11 13 0.06860559 
480 470 10 14 0.065471545 
222 711 16 22 0.064430945 
205 709 14 17 0.06329407 
150 714 15 18 0.06324455 
705 477 25 30 0.06282601 
534 470 9 12 0.062160347 
532 474 13 17 0.06094642 
568 427 12 16 0.060274273 
707 496 16 20 0.059704687 
533 449 11 14 0.05811227 
135 700 12 15 0.058027525 
67 705 13 17 0.05561065 
45 582 11 14 0.055507924 
925 453 24 29 0.051906385 
55 573 11 14 0.05189746 
27 552 11 15 0.051864553 
2 677 10 13 0.050313745 
591 497 15 19 0.05019238 
484 557 11 15 0.049815886 
68 737 15 18 0.047673203 
154 708 14 17 0.047163166 
60 694 11 14 0.046510942 
27 675 14 15 0.046376836 
528 471 9 13 0.04603338 
128 660 10 12 0.04567353 
714 283 223 269 0.04552273 
677 609 44 56 0.04549504 
158 692 11 13 0.04436293 
635 504 11 15 0.04210966 
209 727 23 28 0.041343357 
345 732 15 19 0.041342914 
330 744 18 19 0.041259732 
71 728 20 25 0.04113512 
78 656 10 12 0.04057605 
609 468 14 17 0.040490597 
109 582 10 13 0.03934116 
6 712 14 18 0.039253537 
380 740 17 20 0.0391587 
420 492 13 16 0.038969934 
702 477 14 20 0.0386297 
197 701 14 15 0.038606755 
781 347 30 33 0.037676416 
156 701 12 15 0.037489746 
174 700 11 13 0.037444472 
22 726 11 15 0.03720124 
211 713 22 29 0.03691659 
230 725 22 27 0.036850568 
157 655 9 10 0.03671005 
500 530 11 17 0.035852976 
30 725 12 15 0.03448948 
596 492 23 26 0.034190573 
102 696 15 17 0.033528294 
198 739 14 17 0.032692492 
213 708 14 18 0.032568436 
317 741 16 19 0.032545336 
516 488 21 26 0.03209909 
133 660 9 11 0.031874273 
90 592 17 17 0.03184118 
687 624 29 33 0.03152165 
132 720 12 16 0.03139562 
152 668 11 14 0.031026794 
611 493 16 17 0.030922532 
199 714 14 18 0.02938406 
620 492 12 14 0.02890751 
180 701 11 14 0.028518526 
66 745 17 18 0.02832292 
693 477 12 17 0.028280605 
204 721 15 18 0.028046178 
297 747 14 16 0.02794305 
156 720 13 17 0.02732666 
56 698 12 16 0.027276136 
165 716 12 17 0.026716746 
139 740 14 18 0.026346521 
59 723 14 16 0.026308434 
275 736 25 29 0.026094643 
170 645 10 12 0.02599416 
44 707 12 15 0.025928115 
47 690 13 16 0.025771864 
204 737 16 18 0.025750216 
174 669 10 12 0.025717795 
256 737 17 21 0.025642183 
152 663 10 12 0.025633017 
203 702 13 15 0.02554403 
686 453 12 18 0.025360642 
150 746 12 16 0.025195176 
551 427 10 13 0.02511596 
552 452 11 15 0.02508763 
540 491 13 15 0.02501061 
497 480 10 12 0.024913898 
70 691 13 15 0.024492048 
695 384 10 12 0.024482958 
525 496 15 20 0.02424457 
180 707 12 15 0.024098884 
964 490 17 23 0.023959132 
70 684 14 16 0.02391013 
628 613 11 13 0.023718705 
590 428 9 11 0.023667878 
420 482 15 17 0.023664296 
191 708 11 15 0.023518156 
629 512 16 20 0.023512077 
252 724 15 17 0.023477139 
559 436 11 15 0.023361856 
69 726 12 16 0.023352642 
516 498 14 18 0.023330837 
656 426 11 14 0.023327176 
479 550 12 16 0.023315893 
428 490 12 16 0.023304425 
623 429 8 11 0.02300208 
78 208 96 139 0.022838434 
64 559 9 13 0.022648381 
580 372 14 19 0.022526853 
486 462 10 14 0.022517197 
95 583 12 13 0.022403479 
38 709 13 15 0.022292336 
510 494 11 13 0.022241719 
197 619 13 15 0.022204304 
558 427 12 16 0.022143157 
78 679 13 15 0.022096343 
35 685 11 14 0.021928828 
86 476 16 17 0.021868017 
174 660 9 13 0.021810874 
703 489 26 31 0.021804579 
286 752 17 18 0.021804126 
700 627 18 22 0.021652915 
53 558 11 13 0.021572849 
637 706 16 17 0.021412263 
110 587 11 14 0.021279585 
61 730 15 18 0.021277519 
140 694 10 13 0.021185009 
117 590 10 13 0.021168057 
688 477 11 15 0.021147884 
102 583 11 13 0.021109711 
118 610 12 15 0.02093064 
171 737 16 18 0.020761732 
685 428 11 13 0.020747516 
180 652 10 12 0.020607768 
484 473 10 14 0.02052635 
157 662 9 12 0.020503085 
528 445 13 15 0.020446768 
167 698 12 15 0.020386353 
60 714 14 18 0.020314092 
700 452 12 18 0.020193728 
