13_Interview_Interview_Sequences_13_864
29
555 99 49 54 0.809918 
609 134 43 48 0.7683612 
538 93 45 54 0.46575898 
739 235 51 53 0.16431542 
316 124 41 49 0.114552066 
514 93 49 57 0.07690458 
788 128 15 19 0.072663374 
587 118 49 58 0.066438735 
727 244 38 41 0.06009041 
748 235 30 35 0.056855682 
722 254 62 73 0.04342766 
389 387 49 50 0.035875097 
576 116 33 46 0.033432312 
784 119 10 12 0.033204444 
518 607 51 55 0.032342777 
523 520 39 57 0.031628553 
789 118 12 14 0.03032965 
-32 -49 453 482 0.030152759 
733 230 13 17 0.028630145 
517 84 33 42 0.02792125 
16 275 10 14 0.027699497 
406 391 11 13 0.025127528 
552 619 43 50 0.024976762 
736 232 26 34 0.024264693 
784 124 12 17 0.023975432 
899 129 106 154 0.023493364 
109 419 14 21 0.023121202 
863 0 44 49 0.023062112 
533 80 36 46 0.020056572 
