13_Interview_Interview_On_Location_13_246
31
226 408 586 637 0.99998176 
217 224 491 560 0.70509785 
403 73 14 18 0.66717637 
360 84 17 19 0.27002463 
255 53 450 482 0.18505278 
216 974 123 194 0.15752405 
749 992 106 175 0.14605318 
617 1191 211 271 0.102805875 
262 947 447 470 0.09660765 
392 695 443 510 0.08769644 
454 1466 12 16 0.07776314 
264 997 112 194 0.06951054 
386 103 16 20 0.06521059 
583 1063 336 453 0.062759474 
397 1413 12 16 0.055054337 
353 89 26 28 0.053239897 
622 13 438 492 0.046136357 
248 624 393 557 0.037080977 
360 80 13 15 0.03677585 
412 1430 15 20 0.035342142 
77 879 363 427 0.034869477 
696 472 350 531 0.032745823 
155 387 383 521 0.032588962 
40 1071 449 497 0.029248675 
205 191 16 20 0.026598107 
339 1122 207 359 0.026042985 
654 1346 16 18 0.025035536 
210 186 16 20 0.02256916 
242 935 86 153 0.021712516 
535 1464 12 14 0.020728365 
608 1227 142 172 0.020216668 
