13_Interview_Interview_Sequences_13_717
95
301 171 169 217 0.99855524 
623 154 84 107 0.99262625 
130 304 20 27 0.95404524 
845 278 20 25 0.9026673 
73 308 18 23 0.8903527 
680 449 17 22 0.83557296 
604 408 23 29 0.8159277 
649 463 24 35 0.43885505 
164 420 16 22 0.4120586 
171 378 22 24 0.2879796 
806 402 24 28 0.25782445 
498 386 30 31 0.17001554 
339 472 26 39 0.16857377 
907 308 13 16 0.153811 
831 460 24 40 0.1484696 
688 450 16 20 0.11028915 
380 622 9 11 0.109961994 
299 144 17 20 0.108842716 
320 628 12 17 0.10166114 
388 409 18 20 0.09081376 
355 629 10 13 0.08128446 
926 327 13 15 0.0771336 
902 323 17 20 0.07636391 
849 354 16 19 0.07511569 
574 136 12 16 0.07501596 
697 451 15 18 0.07427392 
644 134 13 16 0.07302925 
700 444 13 18 0.06745946 
639 382 32 35 0.06606621 
905 314 15 19 0.063150324 
946 325 10 12 0.061375413 
206 313 16 18 0.05603834 
687 358 15 18 0.05241887 
260 444 11 13 0.051098295 
844 180 11 16 0.050444856 
941 300 9 14 0.049633335 
382 629 10 11 0.049356177 
392 616 9 11 0.048547987 
390 637 12 14 0.045892093 
938 362 14 21 0.04554194 
352 624 10 11 0.045168515 
395 621 10 12 0.044418294 
927 343 12 13 0.04433373 
693 438 13 16 0.043872245 
831 389 10 13 0.043579604 
144 394 18 20 0.043199144 
315 624 21 26 0.039047774 
868 358 11 16 0.038921792 
324 623 11 15 0.03846452 
62 307 16 20 0.03816077 
878 338 13 16 0.03657124 
650 463 16 20 0.035611916 
163 404 14 17 0.03497703 
68 301 19 22 0.034741644 
916 76 10 13 0.034576524 
259 256 16 21 0.033822306 
85 145 31 35 0.03219087 
264 -9 401 459 0.031450123 
128 387 13 17 0.03138533 
616 416 16 20 0.031165896 
918 323 12 17 0.03088096 
57 332 15 17 0.0307158 
862 357 12 18 0.03013119 
854 309 12 16 0.030112473 
352 615 10 12 0.029708065 
156 108 21 27 0.029210638 
654 471 28 35 0.028192036 
945 331 10 13 0.027645195 
567 139 12 17 0.027380792 
205 313 26 31 0.027326813 
200 315 13 16 0.026324732 
830 308 13 15 0.026047133 
431 614 9 12 0.025582325 
667 490 15 19 0.025576977 
824 206 11 15 0.02492224 
383 618 8 11 0.02401758 
761 205 10 15 0.024002608 
170 410 23 33 0.023937602 
835 460 15 23 0.023691181 
782 185 10 15 0.023245443 
668 454 23 29 0.02318227 
877 162 15 19 0.023061687 
702 463 13 17 0.023033943 
861 370 15 20 0.022417262 
461 598 9 11 0.0223847 
157 403 14 17 0.021899972 
68 353 24 25 0.021568833 
944 341 10 13 0.021175545 
915 318 12 16 0.02096321 
280 139 12 17 0.020836776 
871 315 12 15 0.020633353 
487 608 10 14 0.020624693 
110 335 16 20 0.020338152 
82 142 62 79 0.02010829 
709 473 16 21 0.02008084 
