13_Interview_Interview_On_Location_13_636
145
187 38 57 78 0.99936384 
800 115 31 41 0.9961396 
724 110 32 44 0.98124367 
332 42 25 30 0.074646845 
674 104 8 11 0.0695986 
696 119 11 14 0.064053416 
802 89 14 17 0.06187502 
690 64 9 10 0.055105276 
820 92 14 18 0.052679908 
455 28 13 15 0.04793459 
623 69 9 11 0.046794754 
752 147 21 28 0.046728812 
726 20 9 12 0.044790808 
711 141 11 16 0.042469766 
693 148 14 18 0.041839242 
694 140 11 14 0.041676052 
61 598 26 32 0.04058403 
686 123 10 13 0.040453825 
671 63 9 11 0.037805248 
678 70 8 10 0.037790313 
881 600 7 10 0.037789006 
718 64 8 10 0.03671551 
680 39 7 9 0.036388226 
721 38 7 10 0.03621737 
698 123 13 16 0.035236917 
642 94 7 9 0.035161182 
463 78 10 13 0.034986798 
695 131 11 13 0.03492617 
664 62 9 11 0.034696 
649 80 7 9 0.03449494 
654 70 9 10 0.03424855 
560 23 9 10 0.0337542 
677 103 9 11 0.033611402 
676 139 12 15 0.033382114 
657 39 8 10 0.03329401 
697 55 8 10 0.032139238 
690 69 9 11 0.03205199 
593 55 9 10 0.031911965 
705 78 8 11 0.031884085 
689 76 9 11 0.031422783 
669 138 13 17 0.03117498 
638 78 8 10 0.031165715 
721 21 9 11 0.031110078 
608 71 8 10 0.030286111 
679 64 8 9 0.030255275 
608 30 9 11 0.03018641 
440 28 12 14 0.030151749 
664 80 8 10 0.030119482 
665 56 8 9 0.029333118 
657 104 8 10 0.029253853 
664 139 11 15 0.02909089 
647 15 8 11 0.028786974 
672 47 8 10 0.028692244 
624 45 8 10 0.028670141 
674 70 8 9 0.028620802 
583 14 8 10 0.027842902 
613 30 8 10 0.027794838 
624 6 9 10 0.02768302 
444 6 11 11 0.027674401 
679 124 10 13 0.027540484 
711 21 9 11 0.027167771 
694 118 20 27 0.027163045 
568 7 9 11 0.02711516 
798 585 11 12 0.02703272 
681 54 9 11 0.02662626 
711 5 11 12 0.026623478 
886 600 9 10 0.02661984 
650 71 8 10 0.026565805 
608 24 9 11 0.026511606 
518 86 8 10 0.026381887 
671 80 7 9 0.026196083 
662 38 7 10 0.02600341 
686 148 14 17 0.02584869 
657 46 8 10 0.025651775 
686 47 8 10 0.025594812 
727 14 10 13 0.025536655 
456 21 12 14 0.0253969 
430 101 22 26 0.025368907 
879 86 11 13 0.025354326 
640 15 9 12 0.025280608 
560 14 8 11 0.025135394 
666 86 7 10 0.025044095 
703 94 8 10 0.025035344 
641 39 8 10 0.025021834 
876 147 11 13 0.024993595 
543 14 10 13 0.024787035 
505 115 11 16 0.02463089 
528 70 9 11 0.024456607 
933 288 29 33 0.024444863 
575 23 8 10 0.024207463 
744 54 8 10 0.02417169 
461 117 14 17 0.024019748 
646 93 8 10 0.023932021 
956 2 14 15 0.023887593 
850 55 8 9 0.023880037 
735 38 9 11 0.02380137 
665 133 11 15 0.023756739 
655 108 9 12 0.023728732 
624 77 9 12 0.02369279 
632 55 7 10 0.023664461 
650 62 9 11 0.023657257 
869 348 15 18 0.023644703 
686 30 8 9 0.023589078 
623 64 9 10 0.023169033 
696 39 8 10 0.02316684 
686 132 12 15 0.022805238 
811 89 19 24 0.02259852 
799 595 9 12 0.022559375 
469 54 10 13 0.02235303 
719 16 9 11 0.02223082 
852 77 10 13 0.022160595 
728 72 8 10 0.022075089 
683 126 22 26 0.022052387 
648 87 7 10 0.022010608 
710 15 10 11 0.021868791 
881 55 8 10 0.021780938 
598 22 9 11 0.021741837 
892 328 18 22 0.021638736 
680 45 9 11 0.021543501 
815 12 9 12 0.021528838 
645 133 10 13 0.021424493 
624 15 8 11 0.021405995 
680 88 9 10 0.02137925 
807 607 9 11 0.021303382 
664 29 9 12 0.021212757 
703 140 20 28 0.021174086 
767 54 10 12 0.021169957 
695 109 11 13 0.02116538 
581 152 22 26 0.021162754 
785 53 9 12 0.021161241 
699 140 13 16 0.021095544 
583 47 8 10 0.020998253 
648 31 8 10 0.020990266 
681 94 9 11 0.020886403 
653 87 8 9 0.020863468 
676 145 15 16 0.020837832 
536 7 8 10 0.020804122 
585 31 8 11 0.020623026 
696 47 8 9 0.02061278 
238 7 45 56 0.020606553 
543 8 9 10 0.020596923 
669 30 9 10 0.020344865 
593 22 8 10 0.020269144 
974 12 24 31 0.020055762 
695 104 9 11 0.02003601 
