13_Interview_Interview_Sequences_13_5
30
480 28 86 117 0.99847525 
107 291 37 50 0.8300709 
75 343 45 56 0.30019456 
630 77 32 35 0.2400331 
245 213 55 64 0.16755688 
73 291 32 47 0.07497035 
76 278 61 68 0.072891295 
581 53 39 53 0.064027086 
728 129 46 57 0.06301011 
707 167 28 26 0.059542883 
588 6 21 31 0.057974197 
65 235 28 27 0.055998933 
152 373 66 67 0.055497017 
673 102 25 33 0.050157454 
68 245 18 23 0.043229472 
592 48 25 39 0.04231409 
748 124 29 39 0.040036473 
629 91 26 33 0.038794667 
237 243 60 74 0.03568775 
705 152 56 51 0.032003306 
683 107 18 23 0.030897168 
73 275 38 43 0.029245282 
618 103 21 33 0.024089646 
340 116 13 16 0.022875875 
639 77 14 17 0.0225677 
143 355 51 65 0.02121289 
481 325 73 61 0.020942375 
837 8 214 226 0.020863028 
629 103 15 22 0.020676065 
249 189 79 113 0.020023344 
