13_Interview_Interview_Sequences_13_937
29
214 338 551 628 0.999966 
731 811 200 276 0.48869616 
818 613 90 101 0.42053792 
462 337 370 476 0.23453827 
232 194 419 519 0.1462665 
942 642 28 41 0.09467094 
688 19 179 246 0.087163135 
870 75 149 235 0.081345566 
581 134 375 481 0.07294989 
774 132 217 340 0.07290144 
730 49 35 39 0.06581078 
720 54 118 127 0.064549126 
845 640 104 99 0.05261033 
650 736 336 424 0.043807644 
518 -67 425 481 0.04254094 
95 589 465 419 0.041015957 
723 52 64 65 0.037343152 
922 640 46 62 0.028884148 
856 608 63 82 0.028164096 
36 881 14 18 0.028044319 
919 39 102 152 0.025786169 
790 497 165 212 0.025308013 
704 34 102 104 0.024353718 
880 632 53 67 0.023968985 
890 148 162 242 0.023674788 
752 59 63 69 0.02237917 
618 1065 217 233 0.022189131 
13 938 27 33 0.021553136 
806 32 153 235 0.020836739 
