13_Interview_Interview_Sequences_13_495
60
538 71 42 50 0.9768436 
494 120 27 31 0.9558019 
431 142 33 36 0.9461938 
351 126 26 32 0.86539966 
411 144 26 31 0.8014773 
401 117 26 33 0.6824063 
109 123 23 29 0.5685274 
305 128 26 31 0.42122328 
340 308 13 18 0.121899195 
592 98 14 19 0.10698088 
0 118 24 41 0.08747317 
179 133 13 16 0.08066291 
363 81 16 20 0.07743164 
409 138 20 27 0.07702885 
109 41 15 22 0.07416553 
119 127 16 22 0.07406449 
369 80 19 22 0.06718012 
53 116 31 38 0.05632074 
2 105 41 59 0.053154733 
155 100 12 16 0.050162878 
188 138 15 20 0.046697468 
195 140 14 19 0.046140157 
383 173 27 31 0.043729372 
427 150 23 25 0.04287414 
370 84 26 30 0.04109595 
582 89 23 32 0.039526135 
103 44 23 31 0.03889526 
103 132 25 34 0.03189618 
397 124 18 23 0.031307913 
73 129 17 21 0.030811584 
383 103 22 27 0.030675134 
48 87 28 34 0.030532314 
91 171 17 22 0.030056164 
123 124 22 29 0.029569156 
367 67 24 29 0.028581595 
132 122 14 17 0.027510898 
103 114 14 16 0.02499038 
108 146 24 30 0.024712866 
106 152 15 20 0.02468156 
370 98 26 29 0.024570322 
98 110 40 51 0.023972964 
46 84 45 59 0.023819175 
20 116 28 34 0.02292252 
179 144 16 20 0.022342997 
97 168 18 22 0.022095395 
203 141 13 18 0.021899104 
503 114 20 26 0.021741953 
392 106 25 32 0.021712942 
690 267 15 17 0.021478137 
654 96 39 59 0.021446304 
327 260 10 13 0.021354659 
94 139 12 16 0.020875346 
185 154 17 20 0.020750199 
175 137 15 18 0.020708675 
407 151 18 23 0.02067222 
343 119 25 33 0.020581258 
115 258 23 32 0.020431874 
102 130 17 21 0.020331923 
86 98 23 29 0.020317633 
285 104 22 28 0.02030848 
