13_Interview_Interview_Sequences_13_868
155
286 87 35 45 0.9973506 
908 46 15 17 0.47005218 
690 38 13 16 0.3240535 
880 44 13 17 0.31381965 
875 241 14 19 0.27598366 
915 263 26 35 0.21653147 
735 544 10 13 0.15575448 
414 544 11 13 0.15456548 
727 561 11 15 0.13983195 
947 308 13 15 0.13657732 
680 495 9 11 0.11300742 
905 545 12 16 0.1069971 
930 549 13 16 0.10598631 
778 247 14 16 0.09697398 
911 275 14 19 0.09665499 
358 37 13 18 0.0943316 
902 36 16 19 0.08649788 
731 61 13 16 0.08065093 
717 238 10 12 0.074818976 
398 551 9 11 0.067975216 
728 30 9 11 0.06559525 
792 7 11 12 0.06531552 
574 283 46 60 0.064342156 
851 286 10 12 0.06048991 
944 517 9 11 0.060221303 
861 492 13 15 0.05904396 
712 243 10 13 0.057083197 
353 524 11 15 0.056704152 
882 38 13 17 0.056514412 
524 229 16 20 0.05441908 
364 293 12 14 0.053764954 
727 66 12 14 0.052431505 
749 57 32 39 0.050455168 
887 525 9 13 0.05039962 
393 521 8 11 0.04818321 
928 265 29 33 0.045816872 
543 564 10 13 0.04532831 
720 30 8 10 0.044450447 
924 545 23 27 0.043489553 
726 53 14 17 0.042947244 
861 300 12 14 0.04276525 
573 545 11 15 0.042648744 
853 499 13 16 0.042644087 
718 76 13 17 0.042567223 
376 552 9 12 0.041186564 
755 252 28 32 0.04117885 
702 44 11 14 0.04114275 
757 531 110 135 0.04106249 
945 511 9 11 0.04105179 
546 41 18 21 0.04099564 
701 525 10 12 0.039687578 
391 30 9 10 0.038807545 
404 293 10 12 0.038648423 
890 36 24 28 0.03788202 
766 256 16 20 0.03786506 
716 523 11 14 0.037192993 
696 525 9 11 0.036568347 
769 246 23 27 0.036408488 
776 512 9 11 0.036061674 
549 565 8 11 0.035229072 
903 284 13 16 0.034922473 
874 44 12 16 0.034886636 
694 236 11 14 0.03475049 
737 278 50 59 0.034716997 
873 227 23 31 0.034432188 
719 231 9 13 0.03437531 
696 261 10 13 0.034268536 
754 517 8 11 0.033831082 
905 263 45 51 0.033533193 
725 542 21 29 0.033458907 
367 239 11 14 0.03335847 
361 238 11 13 0.032839227 
1014 475 9 15 0.03238059 
458 520 8 10 0.031708054 
414 32 34 42 0.03145847 
738 547 13 16 0.031287037 
872 39 22 27 0.03064204 
374 521 8 10 0.030479712 
793 510 9 11 0.030426787 
930 556 16 20 0.030168327 
741 61 12 14 0.029874831 
505 268 11 15 0.029544033 
931 46 25 29 0.029401517 
650 290 12 14 0.029316872 
724 555 20 26 0.029241161 
349 37 14 17 0.028829977 
738 542 12 14 0.028540798 
949 517 8 10 0.028438352 
910 543 24 26 0.02813988 
907 256 26 35 0.027969096 
704 62 12 15 0.027639562 
761 64 16 20 0.027351858 
242 68 484 514 0.027344834 
925 278 15 18 0.026781222 
820 43 47 64 0.026237777 
935 525 8 10 0.026050685 
780 48 12 14 0.025924565 
882 524 9 13 0.025773762 
903 536 12 15 0.025753465 
696 566 9 11 0.02570257 
562 272 29 41 0.02561359 
903 276 12 14 0.025431067 
917 555 14 16 0.02537051 
902 282 25 31 0.025134243 
727 545 12 17 0.025055261 
636 518 9 11 0.024964908 
623 286 10 12 0.024799695 
959 37 10 12 0.02458616 
927 44 11 15 0.024476936 
662 62 9 11 0.024461376 
957 549 11 14 0.0243028 
939 304 26 30 0.024040807 
1013 302 10 16 0.024030183 
559 559 10 13 0.023986628 
400 558 9 10 0.023820931 
575 261 14 16 0.023624167 
644 255 10 11 0.02361544 
424 517 8 10 0.023482118 
395 523 10 12 0.023466451 
373 268 10 13 0.023246028 
688 526 8 11 0.023100168 
702 244 11 13 0.023038045 
721 562 12 16 0.022967683 
393 548 10 12 0.022948476 
381 556 8 10 0.022914415 
1007 52 10 15 0.022860987 
867 489 12 15 0.022804921 
927 520 8 10 0.022784844 
700 237 12 13 0.022422995 
927 286 27 34 0.022294851 
368 525 9 11 0.022267606 
687 63 8 11 0.021992067 
712 231 11 13 0.021920932 
696 299 12 15 0.021875737 
383 545 7 9 0.021631489 
374 263 10 12 0.021596171 
830 519 8 10 0.021587009 
832 32 35 44 0.021560181 
687 50 10 13 0.021534959 
701 38 9 13 0.021478161 
380 551 8 11 0.021434162 
875 239 25 29 0.021337107 
867 297 10 15 0.021327827 
890 291 44 59 0.021270975 
1006 293 9 12 0.021223228 
713 31 8 10 0.021025142 
696 255 11 13 0.02094711 
938 273 16 18 0.020862952 
668 326 10 11 0.020717045 
986 303 14 18 0.02070852 
701 254 10 11 0.020644119 
732 30 9 11 0.020466596 
262 396 15 19 0.020329727 
892 526 9 11 0.020221323 
606 262 13 15 0.02013544 
