13_Interview_Interview_On_Location_13_426
23
306 291 89 114 0.9947977 
130 42 403 533 0.13027962 
273 316 342 449 0.12356729 
277 287 14 17 0.08248234 
456 297 13 19 0.08037484 
118 282 197 249 0.054394145 
407 388 214 293 0.054070696 
975 383 9 13 0.05096514 
861 408 9 10 0.046294678 
52 282 14 17 0.04026258 
-10 109 352 500 0.036203433 
212 380 100 128 0.03370357 
474 508 65 64 0.028779004 
58 295 26 28 0.028120246 
937 424 8 11 0.027639262 
274 325 16 20 0.02501061 
215 408 63 80 0.024562547 
377 270 17 19 0.023989532 
51 280 26 31 0.023731858 
429 468 134 137 0.022928819 
25 84 233 321 0.02213196 
5 495 30 41 0.021051297 
390 292 31 44 0.02103947 
