13_Interview_Interview_Sequences_13_373
66
486 183 74 97 0.99520516 
327 49 15 18 0.19020343 
355 52 14 21 0.16623713 
668 565 17 20 0.09828677 
557 450 29 30 0.07894329 
536 462 42 38 0.07194883 
360 399 24 30 0.063517444 
368 110 10 14 0.050644334 
708 107 33 43 0.050421 
632 228 22 28 0.04315345 
817 558 8 10 0.04284819 
865 368 9 11 0.04279613 
280 132 12 15 0.04130844 
864 568 7 9 0.040619787 
832 552 7 9 0.035373952 
854 550 8 11 0.03526607 
1012 373 9 13 0.03518267 
872 573 8 10 0.034416538 
775 558 10 12 0.03402678 
318 36 38 47 0.033878814 
914 566 8 9 0.033851165 
815 590 9 12 0.033173207 
335 49 25 29 0.032260433 
897 565 8 11 0.030205773 
880 566 9 10 0.029857576 
319 50 14 16 0.029481033 
909 600 8 10 0.02919386 
582 446 13 16 0.029189093 
822 560 8 9 0.029155623 
902 583 7 10 0.028573481 
913 318 8 11 0.027792972 
357 20 11 14 0.027669776 
917 559 9 11 0.027526533 
857 576 8 10 0.027347617 
210 244 19 23 0.0272374 
898 583 7 9 0.027044777 
839 568 7 8 0.026315236 
340 51 13 16 0.025305094 
629 478 34 45 0.025265193 
341 76 25 37 0.025203807 
804 582 10 13 0.025008388 
342 107 12 17 0.024940226 
856 558 8 9 0.02487178 
540 454 66 53 0.024393188 
806 535 7 9 0.024282264 
837 527 8 10 0.024170153 
294 102 11 13 0.024164109 
777 544 9 10 0.024141502 
662 556 28 33 0.024071634 
774 552 10 11 0.023685811 
841 558 7 9 0.02209344 
742 517 10 13 0.021811346 
251 76 13 18 0.021743106 
402 378 14 15 0.021581601 
896 560 8 10 0.021298263 
838 575 7 9 0.02106958 
886 289 8 10 0.020907896 
263 88 26 34 0.020763405 
855 528 7 9 0.020677734 
858 566 8 9 0.020526657 
572 460 65 66 0.020515185 
777 563 10 13 0.020334529 
453 13 9 12 0.020203892 
789 535 9 10 0.020119345 
286 239 26 30 0.020069329 
873 558 8 10 0.020002455 
