5_Car_Accident_Car_Crash_5_773
30
325 411 17 22 0.9184386 
394 425 17 22 0.9180451 
686 439 15 18 0.87720454 
630 444 14 17 0.84586054 
550 426 16 21 0.8028476 
465 434 16 20 0.51421 
720 478 12 16 0.116755016 
3 452 25 31 0.107126385 
493 472 8 10 0.099396385 
658 297 12 16 0.059161045 
731 448 16 18 0.056354724 
514 285 12 14 0.05119307 
583 450 11 14 0.048144475 
570 409 14 19 0.036446378 
604 449 11 15 0.030152593 
491 475 9 11 0.027254619 
653 447 10 13 0.026938591 
670 374 12 15 0.02635514 
937 468 23 33 0.02476241 
379 434 15 17 0.024180468 
1005 188 15 19 0.023768254 
727 443 14 19 0.02230784 
299 460 11 16 0.021735586 
614 454 11 12 0.021505278 
531 436 11 13 0.021306634 
655 373 9 12 0.021046827 
712 483 13 16 0.020899804 
633 549 9 12 0.02088421 
757 447 16 23 0.020734495 
399 449 23 29 0.020026833 
