5_Car_Accident_Accident_5_34
52
762 65 25 32 0.99143934 
691 51 18 24 0.95984185 
607 61 21 28 0.9467913 
526 69 14 19 0.8171309 
94 76 12 15 0.15200378 
448 242 35 46 0.11911371 
635 9 15 16 0.08886476 
564 4 17 20 0.08060227 
702 34 39 48 0.07262423 
69 189 373 425 0.06474435 
717 54 27 34 0.060171846 
526 95 9 11 0.056845266 
651 74 12 14 0.0481241 
41 64 19 28 0.04716929 
217 273 220 257 0.045899194 
710 24 31 33 0.044280462 
610 2 16 18 0.043792643 
982 7 15 18 0.042434778 
710 58 13 16 0.041635506 
985 3 25 30 0.038207464 
612 56 12 15 0.035394628 
679 37 8 10 0.034724675 
643 3 15 16 0.034136426 
1005 236 12 16 0.03331307 
886 5 22 31 0.033112373 
359 71 9 11 0.031191764 
247 116 45 58 0.03090693 
892 1 12 12 0.030280404 
157 33 12 15 0.028847015 
619 34 13 15 0.028257627 
836 58 18 21 0.02757426 
888 4 12 15 0.027502466 
563 211 103 136 0.026187234 
620 3 14 16 0.025673855 
453 238 18 26 0.025529474 
1000 244 11 14 0.024401287 
708 64 14 18 0.02418227 
706 52 24 29 0.023937501 
760 35 12 14 0.02390853 
990 70 25 42 0.023682034 
218 254 482 471 0.023410339 
717 56 15 18 0.022800786 
422 255 48 63 0.022647025 
737 73 14 19 0.022645168 
644 69 21 25 0.022315187 
729 63 22 32 0.02171581 
972 7 16 18 0.021623513 
878 26 14 19 0.021569217 
530 62 14 19 0.021123767 
651 82 16 19 0.020577548 
408 57 11 13 0.020168874 
151 34 13 16 0.020049056 
