5_Car_Accident_Accident_5_66
42
21 239 32 40 0.9942774 
948 227 18 22 0.34865397 
648 159 18 22 0.30170268 
257 237 18 20 0.18082774 
683 203 37 39 0.14242795 
746 131 33 36 0.094076306 
799 271 44 61 0.07785771 
1 149 15 19 0.062478527 
457 143 10 11 0.05296899 
225 235 13 15 0.046190247 
202 167 16 19 0.045933638 
417 161 48 57 0.040557306 
815 167 34 38 0.040081635 
592 142 10 12 0.038456738 
733 116 50 59 0.03813018 
715 83 378 433 0.03661604 
398 193 26 32 0.03399833 
151 137 12 14 0.032853905 
842 182 36 41 0.030423187 
405 136 9 12 0.029328624 
701 248 60 62 0.027897047 
172 139 11 14 0.02779775 
184 151 11 14 0.02764167 
908 245 14 16 0.027390389 
806 246 45 63 0.027010215 
175 184 24 29 0.026965952 
685 212 15 17 0.026873115 
252 235 31 32 0.025879798 
802 189 13 17 0.025768302 
923 226 15 17 0.025360987 
828 226 41 52 0.024900198 
817 291 32 49 0.024807405 
461 142 14 16 0.023582479 
654 140 22 27 0.02311765 
607 142 8 10 0.022374641 
759 140 19 24 0.02169833 
714 107 51 61 0.021536194 
309 89 107 119 0.021466443 
663 141 12 16 0.021082794 
790 149 47 56 0.02091712 
19 227 27 35 0.020158505 
352 193 35 37 0.02005736 
