5_Car_Accident_Car_Crash_5_279
61
339 6 33 36 0.98998547 
663 349 28 39 0.5550334 
967 444 13 15 0.12897511 
267 505 89 117 0.110784315 
249 18 24 30 0.086197175 
170 262 85 109 0.074549265 
210 251 94 106 0.07274204 
104 185 34 51 0.07150585 
2 340 13 18 0.055240035 
718 251 14 19 0.051012725 
701 254 37 51 0.049787614 
659 322 15 21 0.04941884 
717 248 25 30 0.04711705 
468 407 54 74 0.039260745 
463 138 110 136 0.039139003 
408 161 67 79 0.039018955 
319 32 10 12 0.03869696 
234 284 96 108 0.0381605 
994 470 27 45 0.03790999 
667 368 20 28 0.03659419 
790 357 15 15 0.036026716 
963 438 22 27 0.03469393 
19 278 64 69 0.032653023 
748 316 11 14 0.03241051 
346 32 19 23 0.03233662 
655 331 30 37 0.03228664 
534 76 13 15 0.031157661 
105 176 58 75 0.030988358 
708 266 16 21 0.030428585 
767 304 55 60 0.029145041 
171 646 25 35 0.029143842 
11 242 26 34 0.02895119 
775 360 33 38 0.028521335 
54 191 31 38 0.027773496 
438 154 176 207 0.026817065 
763 342 52 63 0.026715409 
260 268 67 77 0.026647199 
235 434 37 39 0.025992025 
420 135 107 124 0.025863953 
716 301 48 66 0.0248652 
620 209 31 34 0.024526328 
645 313 25 34 0.024305718 
0 335 22 31 0.02421129 
728 382 11 14 0.02419783 
285 107 18 20 0.0241513 
92 146 96 124 0.023943419 
729 250 15 18 0.02389641 
710 268 49 66 0.02302958 
915 477 29 38 0.022724634 
740 414 15 16 0.022449227 
882 389 51 65 0.022424886 
696 268 27 34 0.022318773 
793 362 15 17 0.02230811 
734 291 49 62 0.022052225 
659 336 16 21 0.021812862 
176 649 10 16 0.021605795 
152 152 103 125 0.021337418 
469 367 93 98 0.021269532 
683 271 26 32 0.021066371 
672 346 19 26 0.020388925 
176 248 59 78 0.020254979 
