5_Car_Accident_Accident_5_202
53
990 73 19 23 0.8620297 
822 76 15 20 0.78123873 
743 90 17 19 0.5979747 
898 84 14 18 0.51898575 
760 83 13 17 0.46205702 
923 71 27 34 0.44955668 
399 349 23 27 0.17645685 
793 80 8 10 0.14602911 
966 150 10 13 0.14402275 
969 68 15 19 0.13974525 
727 206 106 128 0.087437004 
712 86 9 11 0.07654248 
417 -4 367 465 0.07055775 
570 105 8 9 0.063935466 
862 261 10 14 0.0637522 
-1 405 24 36 0.061149232 
750 84 20 22 0.056221366 
789 99 14 16 0.052195508 
696 93 8 10 0.04884305 
573 108 8 10 0.04791075 
971 77 15 19 0.04597912 
964 144 11 14 0.043661445 
936 79 15 20 0.043490633 
975 65 21 27 0.04227541 
918 79 15 18 0.04214631 
474 168 30 35 0.04036361 
567 126 10 13 0.038691603 
8 106 27 38 0.03757498 
705 88 8 10 0.037281148 
566 120 9 11 0.03438998 
989 87 17 20 0.033314385 
960 141 12 14 0.031422734 
498 171 196 259 0.031233637 
729 89 8 11 0.03104704 
925 94 23 30 0.029451901 
828 71 11 15 0.029184047 
314 111 16 21 0.026173018 
917 60 10 12 0.026165921 
883 101 11 13 0.025884185 
809 94 10 14 0.02553194 
296 144 431 422 0.024113081 
941 48 15 18 0.023953242 
794 84 12 14 0.023901442 
724 278 13 16 0.023163864 
973 62 39 49 0.022404375 
958 145 22 28 0.021823552 
549 134 10 14 0.021810696 
860 95 16 17 0.021476379 
562 119 9 11 0.020756286 
856 197 52 73 0.020602994 
555 215 62 57 0.020503776 
928 142 11 12 0.020389419 
481 235 20 16 0.020078195 
