5_Car_Accident_Accident_5_244
97
839 202 26 37 0.981605 
648 204 21 29 0.9803728 
997 183 27 67 0.93676084 
799 194 20 27 0.9329829 
468 301 28 30 0.90435266 
707 186 20 27 0.88890064 
918 186 16 28 0.84954315 
490 210 22 26 0.68507916 
636 313 41 43 0.61094034 
569 186 16 21 0.518729 
507 206 17 22 0.43492633 
487 586 58 53 0.32121816 
762 208 15 20 0.27758124 
597 192 23 27 0.2671882 
856 205 32 34 0.19919941 
722 187 16 23 0.18171637 
914 219 15 22 0.18114446 
622 315 34 43 0.17864124 
572 190 21 28 0.1625262 
247 277 37 46 0.13832478 
612 185 16 25 0.12761171 
765 200 21 27 0.11935493 
765 219 27 34 0.11906157 
546 289 17 25 0.11768864 
477 557 65 54 0.105466604 
491 222 17 19 0.10390086 
894 201 16 24 0.09636079 
962 201 34 50 0.07509512 
461 304 21 23 0.07243381 
148 0 16 14 0.06100179 
878 206 23 30 0.060660094 
663 206 18 23 0.06026194 
221 301 25 38 0.056379225 
628 183 15 21 0.053163044 
21 199 11 12 0.04441856 
413 338 47 53 0.04381749 
834 185 21 33 0.04245552 
978 103 13 18 0.041504137 
265 276 15 21 0.03963777 
710 214 15 20 0.03956171 
479 290 25 36 0.038433976 
472 266 12 14 0.037704818 
41 124 11 13 0.03701597 
750 203 12 17 0.036549386 
151 325 97 134 0.034096207 
897 194 16 24 0.033938088 
586 187 26 31 0.03371225 
614 300 27 43 0.033575144 
764 215 15 22 0.031735998 
179 205 11 14 0.031659562 
489 579 91 82 0.031459074 
594 547 65 62 0.031366143 
233 298 45 49 0.030530227 
28 205 11 14 0.030225825 
556 214 21 28 0.029280514 
756 196 13 17 0.02921553 
69 195 43 61 0.02901171 
494 221 26 31 0.028592825 
59 119 15 20 0.028225683 
509 225 15 16 0.028073136 
956 195 27 44 0.027743261 
141 180 52 70 0.027719408 
567 199 22 31 0.027240353 
499 206 18 23 0.027204257 
702 10 35 42 0.02698464 
751 198 10 14 0.026972998 
755 186 14 18 0.026555661 
970 107 9 13 0.026539898 
264 272 11 15 0.026539555 
758 222 43 59 0.026184816 
884 193 22 34 0.02545055 
740 200 15 19 0.025427539 
940 100 12 15 0.025368104 
893 141 10 13 0.025357826 
537 294 30 40 0.025191385 
340 365 441 463 0.025144193 
229 232 13 18 0.025041379 
775 200 17 21 0.024550717 
937 187 15 20 0.024317596 
552 219 12 17 0.02402082 
486 551 40 34 0.023932267 
621 182 12 19 0.023887886 
643 185 15 19 0.023738956 
655 303 32 47 0.023054803 
176 175 10 12 0.022801895 
493 231 14 17 0.02277552 
499 540 67 49 0.022687895 
667 187 15 18 0.022107244 
767 225 15 22 0.02197501 
635 186 15 19 0.021807048 
927 189 18 23 0.021720171 
714 209 17 22 0.02139474 
841 195 18 28 0.021332104 
746 199 203 231 0.020767203 
232 284 29 39 0.020648621 
515 232 15 18 0.02050524 
512 173 10 13 0.020474756 
