5_Car_Accident_Accident_5_735
42
624 315 90 86 0.9210708 
974 340 15 17 0.7349437 
994 353 13 15 0.24293202 
858 180 17 22 0.17826696 
668 22 16 18 0.13537416 
897 403 16 19 0.081550024 
828 189 15 20 0.06526179 
801 145 17 22 0.062964365 
929 131 13 17 0.0620528 
979 353 14 17 0.055482358 
819 162 39 51 0.053367857 
642 197 430 545 0.051684484 
836 153 17 19 0.051000994 
829 155 14 16 0.048348792 
807 145 25 32 0.046031058 
820 153 15 19 0.043677952 
784 138 24 31 0.040108442 
719 134 13 15 0.040093213 
843 151 12 15 0.038443238 
171 210 21 30 0.035384007 
246 295 416 462 0.033057388 
859 396 15 20 0.032873612 
814 160 14 19 0.030938696 
749 139 14 17 0.029603604 
826 151 25 30 0.029568538 
841 172 27 33 0.029505912 
907 398 23 27 0.029488113 
548 135 10 13 0.02942702 
819 171 13 17 0.029320318 
703 136 9 11 0.028993487 
657 465 40 46 0.028550897 
779 139 18 20 0.028095353 
963 356 13 15 0.0263376 
801 270 30 30 0.023794826 
334 56 15 18 0.022807812 
512 73 17 22 0.021757176 
747 129 24 30 0.021264002 
270 86 14 16 0.020637926 
542 465 14 19 0.020635156 
967 347 12 15 0.020614032 
989 342 11 14 0.020278923 
814 160 27 34 0.020110607 
