5_Car_Accident_Accident_5_510
169
277 272 34 42 0.95619 
579 463 37 55 0.94528335 
389 239 26 34 0.9444542 
195 291 36 42 0.9412149 
343 210 28 32 0.9336232 
51 244 40 57 0.76849616 
242 251 27 32 0.76250666 
317 281 29 35 0.7231782 
563 679 351 445 0.50735104 
416 239 31 36 0.28832468 
433 241 28 37 0.20890306 
342 999 11 14 0.18877448 
85 234 45 58 0.18843867 
88 276 35 41 0.17297825 
377 1017 10 13 0.16968934 
439 449 49 70 0.16357869 
237 239 26 32 0.14115256 
419 254 23 29 0.12617692 
360 989 10 11 0.114685565 
687 776 210 293 0.10617386 
515 228 17 20 0.10401945 
4 813 10 12 0.1032605 
450 457 445 456 0.10026863 
540 244 15 17 0.093851864 
353 383 15 20 0.09269247 
542 958 13 15 0.08231372 
380 436 110 155 0.07380887 
104 716 69 77 0.06779339 
372 244 24 32 0.06682776 
376 237 12 17 0.066523835 
289 256 25 32 0.06615751 
305 276 29 37 0.06534021 
420 237 20 23 0.06463194 
352 288 16 23 0.06156902 
287 1009 11 13 0.06147937 
508 557 50 57 0.06093694 
526 974 11 13 0.060691476 
577 530 221 331 0.059216615 
475 252 27 46 0.058259737 
574 451 11 16 0.057454154 
218 1163 46 65 0.05705675 
113 232 40 51 0.057018355 
268 276 26 33 0.05570341 
701 269 15 17 0.053525362 
47 604 13 17 0.052146014 
549 964 10 11 0.051225495 
45 44 11 15 0.047650002 
672 451 50 57 0.047230184 
188 619 189 229 0.046845432 
537 958 10 12 0.04672139 
366 1223 9 11 0.046536207 
507 224 28 32 0.04645816 
490 459 39 52 0.045961212 
74 255 32 49 0.045109123 
293 984 105 150 0.044989925 
577 294 361 448 0.04338412 
301 -22 401 448 0.04219719 
725 256 12 15 0.039832897 
762 228 22 25 0.03981441 
190 243 17 20 0.039073564 
876 1081 16 20 0.037664972 
575 455 29 42 0.036437277 
1006 726 11 16 0.03631775 
887 827 30 35 0.03512928 
884 1220 24 30 0.035099044 
274 256 24 31 0.03479535 
205 230 12 14 0.03464789 
306 262 19 21 0.034600507 
700 246 10 14 0.03443926 
332 256 23 25 0.03431508 
261 283 15 20 0.033950973 
416 459 66 98 0.03394578 
535 952 9 10 0.033693448 
452 242 39 49 0.03355504 
335 1015 9 12 0.033309575 
509 159 20 27 0.03306405 
365 254 25 32 0.032286633 
594 466 46 56 0.031990115 
73 718 60 66 0.03169123 
612 940 12 13 0.031454727 
68 1253 15 21 0.031435333 
0 10 11 16 0.031273223 
4 4 13 17 0.030995559 
440 645 55 60 0.030472454 
36 1292 12 16 0.030233108 
882 779 51 59 0.030224456 
111 704 110 126 0.030200636 
506 1004 8 10 0.029078983 
445 238 30 39 0.029045383 
427 295 20 22 0.028664984 
299 249 26 30 0.028245898 
365 256 16 20 0.028031286 
559 1093 10 12 0.027907014 
15 790 12 15 0.027838157 
158 261 13 18 0.027802596 
574 861 16 18 0.02754056 
533 972 13 15 0.027284576 
282 248 24 29 0.026883459 
999 734 11 14 0.02686185 
306 273 18 24 0.026360506 
152 254 41 49 0.026071943 
247 271 28 34 0.025790961 
628 78 26 30 0.025664482 
423 1216 6 8 0.025260666 
300 237 25 28 0.025238724 
419 1002 24 29 0.024847792 
382 300 20 27 0.024791433 
13 877 9 13 0.02466867 
554 1008 11 14 0.024652217 
47 31 10 12 0.024305956 
302 235 16 18 0.02415075 
372 233 23 28 0.024110112 
263 252 24 32 0.023965625 
262 643 125 146 0.023896724 
700 263 25 29 0.023865346 
965 1084 14 20 0.023834007 
411 318 30 45 0.02375982 
478 245 12 16 0.02366987 
911 1084 12 15 0.023631994 
242 228 27 29 0.023372661 
636 461 47 55 0.02320546 
446 221 12 15 0.023099516 
1013 713 11 17 0.022936009 
354 222 26 33 0.022874152 
627 1148 238 251 0.02280321 
237 252 18 24 0.022783175 
18 718 25 30 0.022778567 
342 1216 7 8 0.022732254 
805 1000 25 33 0.022629222 
528 951 9 9 0.022486588 
103 283 37 37 0.02210678 
480 93 12 14 0.022056855 
348 1003 9 12 0.022043295 
999 703 20 33 0.022002395 
568 965 12 12 0.021946209 
559 434 48 66 0.021890925 
280 298 27 32 0.021723613 
102 881 15 20 0.021709306 
748 920 31 39 0.021685183 
91 541 10 12 0.021682039 
615 461 44 56 0.021651274 
388 229 16 19 0.021588234 
140 478 341 461 0.021580217 
178 243 23 28 0.021557441 
399 1206 7 9 0.02126126 
396 274 14 21 0.02122956 
236 235 18 21 0.02121406 
548 236 14 16 0.021182468 
302 307 13 18 0.021089558 
509 1000 11 13 0.02106705 
285 309 16 20 0.020960297 
218 292 29 37 0.020848308 
895 1216 27 32 0.020775156 
276 251 15 18 0.02070411 
303 1005 9 12 0.020680113 
473 982 411 492 0.020672336 
394 264 25 33 0.020467084 
410 261 28 32 0.020368341 
710 258 23 30 0.020280313 
595 654 17 22 0.020226875 
267 282 16 22 0.02022312 
924 1099 12 17 0.020152492 
67 233 29 46 0.020150049 
457 260 54 51 0.02013747 
291 244 16 19 0.020118596 
374 1010 20 24 0.02011837 
535 964 14 16 0.020069668 
768 809 18 18 0.020041207 
492 544 88 98 0.020031046 
