5_Car_Accident_Accident_5_937
63
882 0 34 33 0.23462786 
749 0 32 28 0.21602197 
492 106 20 24 0.20720308 
153 0 9 11 0.15205126 
499 348 12 14 0.115638204 
651 44 17 22 0.105353504 
408 0 26 31 0.09525928 
594 106 14 19 0.09228875 
490 353 25 30 0.08712585 
663 208 11 15 0.08314545 
538 48 16 20 0.07802796 
644 594 32 29 0.07537994 
514 48 17 21 0.06903218 
171 16 29 34 0.062875554 
111 63 8 10 0.061730456 
175 5 10 12 0.055743374 
507 347 12 15 0.045635346 
573 105 13 16 0.045314733 
156 7 27 33 0.04325658 
352 0 11 11 0.042516682 
155 3 14 17 0.041260496 
175 1 9 9 0.0411255 
589 85 11 13 0.039973296 
589 207 9 13 0.037274852 
648 3 24 28 0.03702475 
356 4 10 12 0.03665818 
199 0 12 11 0.034540758 
357 14 9 12 0.03438661 
751 -4 50 47 0.033429928 
689 -1 18 16 0.033239905 
494 343 14 17 0.032648697 
126 71 11 14 0.031366207 
732 131 40 48 0.029515434 
688 51 16 21 0.029079406 
488 356 14 18 0.028871695 
122 71 21 28 0.028631404 
541 -1 17 15 0.028593842 
435 389 25 34 0.028199038 
453 102 15 19 0.027708111 
624 462 11 14 0.027395643 
133 80 16 20 0.027172774 
503 401 23 30 0.02668921 
503 13 26 31 0.026239287 
126 51 11 13 0.024923848 
642 410 10 13 0.024751443 
884 6 20 23 0.024477992 
682 99 27 36 0.02436721 
404 403 33 34 0.023509735 
937 97 26 32 0.023392778 
105 64 10 11 0.023287747 
149 1 24 31 0.02297056 
105 69 9 12 0.022843823 
781 10 31 32 0.022545667 
389 119 10 13 0.022320736 
0 108 10 16 0.022261212 
500 50 13 15 0.021967221 
839 -13 167 229 0.021692926 
502 454 60 67 0.021663316 
17 15 207 256 0.021056186 
507 397 14 17 0.020383859 
671 63 11 15 0.020129673 
426 5 13 17 0.020051776 
190 3 12 12 0.020007009 
