5_Car_Accident_Accident_5_234
459
657 487 21 27 0.9685158 
450 338 17 21 0.84298384 
581 537 17 21 0.7429007 
472 329 17 19 0.7397162 
885 289 12 14 0.71558654 
808 235 10 13 0.70853204 
867 352 15 18 0.6713246 
421 508 17 22 0.6379617 
417 402 18 20 0.60759974 
812 235 12 13 0.49775505 
806 315 18 20 0.48962095 
775 232 10 13 0.40249893 
800 257 13 16 0.3805886 
347 427 16 19 0.35646304 
852 191 13 18 0.35426116 
270 390 17 20 0.35316196 
226 410 15 17 0.3429012 
430 588 23 32 0.3405088 
380 318 10 14 0.3391189 
355 377 18 21 0.32094038 
598 564 20 28 0.3109496 
18 574 25 27 0.308527 
414 316 11 14 0.30719653 
728 42 12 14 0.27325255 
410 347 13 16 0.2717748 
467 180 12 16 0.27146542 
242 384 16 21 0.26358974 
163 421 20 29 0.25777972 
199 394 14 17 0.2418732 
783 293 13 18 0.2289241 
820 235 10 12 0.20331328 
496 167 8 10 0.17807907 
343 335 11 13 0.17501087 
913 107 11 13 0.16942057 
868 268 13 17 0.16780123 
560 150 8 9 0.16591951 
791 103 10 11 0.16347313 
782 208 9 11 0.1616669 
822 545 43 48 0.14799337 
595 551 24 29 0.1469653 
774 192 8 11 0.13734534 
178 424 21 28 0.13432735 
792 187 11 13 0.13422267 
552 169 10 12 0.13122182 
341 286 11 13 0.13064235 
757 220 10 14 0.12663126 
321 433 18 21 0.12619767 
205 401 12 16 0.12158571 
770 173 8 11 0.120081104 
73 563 24 30 0.11908915 
352 414 25 33 0.116706245 
324 327 10 12 0.11663405 
425 271 10 14 0.1137373 
649 161 8 10 0.112559706 
585 127 9 11 0.11180175 
873 347 14 20 0.11107872 
774 276 16 19 0.10859557 
275 398 16 19 0.107062966 
855 236 10 14 0.10682926 
588 540 24 27 0.10495731 
339 372 12 15 0.10484609 
405 352 17 18 0.10364057 
501 166 8 11 0.10188792 
407 340 14 18 0.10094566 
894 348 15 17 0.10032129 
340 345 13 18 0.0935393 
802 645 24 30 0.09258907 
239 378 16 19 0.09257239 
121 478 21 34 0.09223211 
246 418 13 17 0.08891894 
870 260 14 17 0.08753695 
439 168 10 13 0.08582857 
761 204 9 12 0.08368174 
797 205 10 12 0.08215478 
367 327 12 14 0.08195227 
83 450 18 21 0.08179642 
496 162 8 9 0.081257455 
382 438 15 23 0.08115924 
666 127 7 9 0.08023747 
663 428 43 45 0.08004255 
560 145 7 9 0.079563424 
356 363 15 19 0.07944032 
350 278 9 12 0.07922829 
356 309 11 14 0.07765411 
641 127 7 9 0.07259323 
375 360 11 13 0.07234001 
377 313 10 12 0.072303765 
810 77 9 11 0.07181291 
69 563 17 22 0.070229955 
420 430 17 21 0.06967858 
730 491 39 51 0.06922913 
814 277 10 14 0.066953026 
330 406 13 16 0.06644088 
672 114 6 9 0.06632953 
822 530 31 44 0.06617059 
397 349 12 15 0.06543398 
769 190 9 12 0.065208755 
490 168 8 9 0.06394963 
502 161 7 9 0.063650705 
360 293 9 12 0.06331412 
359 273 10 12 0.063273564 
768 155 9 12 0.06297854 
422 372 12 14 0.062517464 
806 278 11 13 0.06212573 
581 158 8 10 0.061895184 
783 84 9 12 0.060755953 
338 353 14 18 0.060618594 
765 113 8 10 0.060261462 
771 648 28 32 0.060023855 
264 560 24 32 0.05915541 
305 480 19 24 0.0590389 
190 395 13 16 0.058407206 
413 322 12 15 0.05824127 
798 210 11 15 0.05823886 
773 181 9 12 0.05815183 
552 144 7 9 0.058058806 
213 403 11 16 0.057959836 
126 476 13 20 0.05780179 
797 562 16 22 0.057123996 
804 537 13 19 0.05706895 
795 524 23 40 0.05695813 
415 377 12 16 0.056929916 
426 500 18 23 0.056838706 
334 348 14 17 0.05624121 
413 286 9 12 0.05574651 
749 332 16 18 0.055072103 
239 391 15 20 0.054107897 
768 150 8 12 0.054075487 
417 406 24 32 0.053957313 
625 127 6 8 0.053506874 
135 539 27 30 0.053211655 
88 456 20 20 0.05306018 
576 143 7 9 0.052679747 
771 265 16 18 0.052262284 
626 175 9 12 0.052209176 
792 196 12 14 0.05202271 
646 126 8 9 0.05177283 
368 348 9 12 0.051361814 
546 150 8 10 0.05136089 
846 216 9 12 0.050856754 
859 368 13 17 0.05071609 
145 416 16 20 0.050369285 
777 213 10 13 0.050338615 
855 185 10 13 0.04985863 
544 145 7 9 0.049408294 
375 322 10 15 0.049399287 
400 354 12 15 0.049001034 
812 259 12 17 0.048919506 
867 291 12 14 0.048020624 
777 101 8 11 0.04734877 
518 184 8 11 0.04726454 
204 381 11 13 0.046734113 
753 215 9 13 0.04671459 
751 120 8 10 0.046689227 
860 236 11 15 0.04600746 
804 515 37 49 0.045942146 
122 441 18 24 0.045684002 
338 363 14 18 0.045678418 
798 173 10 11 0.04564496 
334 312 10 11 0.045250755 
784 103 9 12 0.044954304 
608 164 10 12 0.044766128 
618 625 27 47 0.04462886 
789 85 10 12 0.04416216 
421 378 12 15 0.044133656 
370 422 23 33 0.043470625 
341 378 12 16 0.04343176 
354 465 17 20 0.043403544 
22 562 28 33 0.043259792 
186 421 17 20 0.043203443 
405 290 11 14 0.04311924 
850 236 10 15 0.043089714 
768 230 11 15 0.043086525 
720 354 15 17 0.04287041 
429 342 12 14 0.042795222 
753 79 6 9 0.042793583 
593 533 16 20 0.042635024 
550 150 8 11 0.04243104 
767 198 9 11 0.04232769 
679 118 7 9 0.042210516 
778 87 8 10 0.04173242 
876 333 12 15 0.041709583 
400 287 11 12 0.041403346 
862 111 11 11 0.041398358 
788 342 25 29 0.041374613 
682 126 8 11 0.041270174 
846 176 8 10 0.041252863 
768 136 7 9 0.04100148 
769 259 13 17 0.040669713 
263 388 15 18 0.040660303 
320 328 11 16 0.040161245 
791 203 11 14 0.039955527 
899 353 14 18 0.0399099 
395 315 13 16 0.03970844 
445 168 8 11 0.039673418 
783 190 9 12 0.03956095 
778 207 9 12 0.039342884 
455 168 7 9 0.039288588 
102 482 27 37 0.0388794 
275 380 16 19 0.03874936 
803 263 15 18 0.038730744 
711 528 27 37 0.03850264 
486 362 16 22 0.038303528 
121 424 20 26 0.038145605 
411 332 14 17 0.03771195 
796 320 19 21 0.03766658 
904 285 10 13 0.037614126 
393 347 11 15 0.037602734 
260 449 22 25 0.037553515 
409 325 9 13 0.037360195 
464 176 11 14 0.037263054 
513 184 9 11 0.037165288 
350 327 9 12 0.03690564 
840 176 10 12 0.03687844 
794 181 13 15 0.036855306 
809 72 9 11 0.036573596 
790 210 11 15 0.036490075 
262 567 43 53 0.036207862 
795 548 24 38 0.035911635 
686 80 7 9 0.035851363 
779 272 23 28 0.035716537 
53 433 21 27 0.03570279 
799 168 8 10 0.035628486 
618 127 7 9 0.03557094 
336 291 10 14 0.035303198 
337 366 21 25 0.03522089 
697 112 7 9 0.035219915 
747 491 39 55 0.034917362 
426 367 16 19 0.0346461 
856 112 10 12 0.03457937 
92 490 38 50 0.034373514 
745 56 9 12 0.034334887 
147 421 24 29 0.034214262 
820 177 187 228 0.034020904 
821 182 8 10 0.033763926 
792 174 9 11 0.03343278 
845 159 8 11 0.033396076 
372 332 11 15 0.033372607 
744 135 8 10 0.033368673 
241 474 24 30 0.033342704 
833 197 9 11 0.03330328 
687 62 8 11 0.033187203 
759 103 7 9 0.03301597 
731 250 12 18 0.0329233 
408 402 14 19 0.032765184 
810 83 13 15 0.03259629 
837 197 9 12 0.03258303 
613 159 11 13 0.03239648 
863 105 10 10 0.032324877 
346 340 11 16 0.032315556 
870 243 15 17 0.03207425 
398 244 11 13 0.031968568 
427 279 15 18 0.0318188 
795 101 11 13 0.0317873 
583 142 8 10 0.03176056 
806 241 12 16 0.031738307 
545 157 8 9 0.03167639 
577 151 8 10 0.031620696 
547 576 42 45 0.031409994 
251 385 13 19 0.03131762 
528 174 8 11 0.031291615 
602 160 9 11 0.031221503 
866 283 14 17 0.031178713 
847 181 9 11 0.031088054 
351 372 15 20 0.031058053 
753 104 7 9 0.030923316 
790 354 15 22 0.030831655 
12 576 18 24 0.030780654 
250 411 15 20 0.030704157 
331 322 13 15 0.030664269 
788 290 24 29 0.030407332 
229 396 14 18 0.030321445 
396 324 13 16 0.030245818 
544 193 8 9 0.030069986 
434 168 9 11 0.030022033 
520 159 7 9 0.03001169 
542 489 15 20 0.029858945 
544 173 10 14 0.029798647 
833 192 8 10 0.029589826 
179 491 38 47 0.029394723 
728 95 7 9 0.029238448 
601 541 16 19 0.029224658 
670 127 7 10 0.029144423 
629 614 25 37 0.028987572 
774 137 8 9 0.028935712 
608 568 17 24 0.028796867 
712 39 9 10 0.028771153 
77 447 17 21 0.028712241 
275 408 15 21 0.02863005 
356 356 13 18 0.028586991 
430 264 9 12 0.028505886 
797 389 11 16 0.028460441 
360 407 26 36 0.028359948 
490 161 7 9 0.028260171 
642 552 13 17 0.028057177 
204 408 14 19 0.027930917 
270 410 13 18 0.027866451 
567 144 6 9 0.0276441 
768 180 9 12 0.027642796 
872 252 17 20 0.027619831 
377 272 9 12 0.027548974 
772 155 11 13 0.027534906 
760 191 8 11 0.02752597 
421 175 8 10 0.027516494 
772 167 9 12 0.027429702 
388 302 11 13 0.027359087 
839 265 12 16 0.027328257 
759 224 12 18 0.027076637 
425 398 17 23 0.026906347 
873 96 8 10 0.026846899 
422 340 12 16 0.026782377 
347 346 13 18 0.026614567 
798 158 8 11 0.026601257 
726 246 13 17 0.026575131 
65 482 17 26 0.026563896 
697 47 8 10 0.02655678 
704 55 8 10 0.0265519 
571 523 15 19 0.02649176 
366 339 13 18 0.026475208 
234 411 14 19 0.026404263 
793 151 8 10 0.02629842 
863 298 12 16 0.02623916 
719 507 37 46 0.02621073 
773 656 15 22 0.026151597 
878 96 9 11 0.02613334 
863 134 9 11 0.025996797 
117 446 17 21 0.025974555 
245 213 27 33 0.025951644 
635 535 21 27 0.025906367 
420 331 13 16 0.02587075 
136 420 24 30 0.025837071 
308 227 12 13 0.025829094 
791 191 19 25 0.025785642 
375 302 10 11 0.025673132 
776 143 8 10 0.025670279 
502 171 8 11 0.025626866 
334 301 10 11 0.025540398 
265 444 18 19 0.025477838 
299 413 13 17 0.025409944 
112 414 21 26 0.025361292 
194 426 15 19 0.025330804 
425 265 9 12 0.02529824 
390 325 11 14 0.025044963 
838 191 9 12 0.025020657 
400 271 8 11 0.024984438 
626 111 7 10 0.024980314 
457 330 19 25 0.024944093 
760 167 8 10 0.02492727 
798 86 12 14 0.02491223 
36 591 27 38 0.024840781 
744 120 8 9 0.024810905 
527 159 7 9 0.024746241 
428 356 13 16 0.02473928 
752 183 8 10 0.024697036 
364 272 10 12 0.024417838 
596 525 15 17 0.024407962 
416 278 10 13 0.024392765 
360 286 10 13 0.02439038 
590 131 8 10 0.024193197 
774 220 13 17 0.0241372 
587 237 23 27 0.024128096 
865 254 11 14 0.02410576 
746 79 7 9 0.02406365 
581 152 8 10 0.024018308 
560 564 42 45 0.02397954 
635 547 22 28 0.023916464 
772 255 12 15 0.023890514 
707 506 31 42 0.023842739 
131 476 24 38 0.023822207 
761 118 9 11 0.023778578 
350 473 13 18 0.02377404 
774 71 8 10 0.02359301 
821 520 15 23 0.023584342 
427 378 13 16 0.02355578 
874 205 14 15 0.023542266 
58 426 17 20 0.023374714 
631 119 8 11 0.023362083 
752 124 7 10 0.023330927 
912 95 10 12 0.023265634 
360 331 11 14 0.023253402 
665 164 9 11 0.023235213 
799 79 9 11 0.02323294 
886 261 12 15 0.023221977 
763 662 28 34 0.023195427 
865 260 12 17 0.02319177 
196 419 16 20 0.02317171 
336 333 11 15 0.02313586 
577 135 8 10 0.023066893 
803 323 18 23 0.023047812 
695 136 7 9 0.023019198 
812 521 15 23 0.022997992 
895 268 11 13 0.022985594 
782 198 10 12 0.02296095 
211 419 14 19 0.022915429 
728 102 8 10 0.022863578 
780 150 8 10 0.022830596 
781 91 11 14 0.02279026 
230 375 12 15 0.022763705 
409 316 10 15 0.022757974 
884 346 14 20 0.022700403 
760 127 7 9 0.022688113 
713 70 8 10 0.02265276 
805 88 14 18 0.02257534 
998 688 14 16 0.022565158 
663 628 26 34 0.022471515 
779 520 24 39 0.022467092 
649 470 38 46 0.022446956 
752 206 9 13 0.022441732 
837 206 9 12 0.022425238 
582 552 40 45 0.022416309 
353 304 18 23 0.022397405 
36 559 23 32 0.022291169 
37 521 26 33 0.022241976 
812 252 13 16 0.022184005 
793 329 25 31 0.022154067 
220 397 15 18 0.022115445 
429 495 14 17 0.022082727 
460 404 15 20 0.022014374 
205 418 13 19 0.021981182 
725 36 19 24 0.021947594 
774 150 10 11 0.021806575 
747 518 25 33 0.021762919 
791 94 11 14 0.021719506 
655 127 7 9 0.021701898 
251 451 25 31 0.02168816 
758 80 7 9 0.02168643 
374 590 11 17 0.021681352 
457 182 8 11 0.02167929 
672 95 7 10 0.021563198 
862 125 11 12 0.021522522 
656 451 33 38 0.021373445 
813 241 14 16 0.021351982 
62 560 16 22 0.021198351 
197 409 16 20 0.02119357 
703 582 38 55 0.021175317 
632 126 7 10 0.02109556 
485 190 11 13 0.021068197 
687 134 8 10 0.02105096 
566 150 7 9 0.021035893 
796 276 13 17 0.02102445 
749 59 10 12 0.02100566 
720 45 9 12 0.02099637 
185 397 12 14 0.020977056 
811 534 13 21 0.020960815 
868 299 13 17 0.020960767 
776 79 8 9 0.020945136 
346 283 12 14 0.020799197 
928 112 10 12 0.020734385 
158 429 16 23 0.020661348 
31 541 28 34 0.020650687 
744 191 9 12 0.020649644 
231 389 12 15 0.020529121 
840 214 9 12 0.0205259 
830 246 10 13 0.02040313 
437 268 14 17 0.020319274 
354 323 100 116 0.020152958 
728 88 6 8 0.020070981 
879 102 10 11 0.020052161 
760 159 8 10 0.020051502 
