5_Car_Accident_Car_Crash_5_451
47
684 157 22 27 0.40580246 
784 133 9 12 0.30193818 
452 257 29 34 0.25321776 
322 144 8 11 0.21624237 
865 125 11 13 0.12405588 
105 358 143 132 0.11264068 
684 150 16 22 0.10520507 
633 137 9 11 0.0965698 
700 148 16 20 0.086064674 
908 189 10 12 0.06474389 
870 129 12 14 0.06095493 
124 386 88 73 0.058538765 
635 139 11 12 0.056079503 
954 154 18 19 0.053675134 
752 190 8 10 0.044909798 
571 205 13 14 0.04375955 
1006 161 16 20 0.039682336 
695 160 18 20 0.038853243 
802 183 8 11 0.037597887 
74 362 40 47 0.037122875 
800 188 10 12 0.03709878 
964 161 15 18 0.036907915 
51 322 223 220 0.034327127 
951 157 29 33 0.033760928 
842 143 8 10 0.032489322 
648 217 45 57 0.032458495 
865 121 9 12 0.031571385 
814 149 7 9 0.030408759 
710 182 12 15 0.030262249 
992 157 9 12 0.029540725 
936 157 11 14 0.028598059 
459 245 43 46 0.028215438 
908 192 13 17 0.027365914 
806 187 9 12 0.026680367 
952 151 44 53 0.025141193 
514 341 65 58 0.025046593 
787 157 13 17 0.02487495 
876 126 11 14 0.024112301 
458 253 17 19 0.023867302 
830 183 8 11 0.023757435 
690 167 26 28 0.023713935 
911 223 39 57 0.023508448 
463 238 11 13 0.023197226 
997 154 27 32 0.021398293 
90 350 31 43 0.02102061 
440 261 32 36 0.020985875 
872 205 9 10 0.02028089 
