5_Car_Accident_Accident_5_641
71
92 266 30 34 0.95452195 
183 236 14 18 0.13323109 
837 95 20 28 0.09469599 
625 157 18 22 0.09186745 
304 246 9 12 0.09032857 
838 240 121 152 0.079607844 
143 235 11 13 0.075584695 
502 144 26 31 0.069145165 
29 316 43 46 0.068400584 
938 152 17 21 0.06574563 
950 182 12 14 0.06014161 
845 95 16 20 0.057050724 
560 147 33 39 0.055780392 
699 416 16 18 0.050520573 
579 198 14 17 0.049485713 
290 277 15 18 0.047184672 
45 312 33 35 0.046194527 
822 82 13 17 0.045287818 
800 108 11 15 0.0449199 
-2 435 131 137 0.043299705 
492 406 14 17 0.040953998 
100 243 11 13 0.040807303 
556 206 10 12 0.040648732 
105 264 23 28 0.03700999 
354 348 37 49 0.035976987 
605 346 14 18 0.03448172 
764 177 184 208 0.034171548 
629 279 11 14 0.033686273 
632 154 15 19 0.032330867 
1013 153 10 17 0.030619606 
863 97 12 17 0.030389028 
804 105 15 19 0.030064218 
116 260 15 19 0.029804612 
735 404 13 15 0.028900195 
206 253 11 14 0.027476666 
616 292 11 14 0.027141329 
956 176 11 13 0.026576152 
835 83 15 19 0.02604057 
941 404 12 14 0.02499063 
146 245 28 34 0.024769127 
171 241 14 18 0.024447246 
199 251 11 14 0.024443584 
529 315 13 16 0.024439365 
195 243 13 16 0.024219615 
158 241 24 30 0.024161108 
722 421 14 17 0.024010487 
621 181 14 18 0.023571106 
308 250 11 14 0.02327458 
185 232 21 26 0.022886338 
92 262 18 22 0.022698127 
907 389 22 27 0.022611815 
176 246 24 35 0.022252064 
693 130 24 29 0.022122748 
625 278 10 13 0.021979835 
394 266 12 16 0.021965468 
173 234 21 26 0.021881431 
618 166 27 33 0.021784794 
325 277 14 16 0.021642169 
853 112 13 16 0.021478835 
780 107 13 15 0.021277225 
832 208 54 66 0.021163745 
95 239 11 14 0.02112188 
799 219 13 18 0.021050656 
446 396 9 11 0.02096336 
825 87 22 31 0.020927528 
1005 198 13 16 0.020827135 
496 272 27 31 0.020704314 
494 391 45 49 0.020443292 
816 91 11 16 0.020303423 
606 321 12 14 0.020131385 
615 142 42 48 0.02006862 
