5_Car_Accident_Accident_5_203
54
787 289 21 31 0.90552294 
621 236 11 14 0.7257347 
582 264 14 16 0.08293888 
455 297 9 11 0.07821671 
487 211 9 11 0.078155294 
713 300 9 12 0.076209135 
791 287 13 17 0.07459355 
91 190 14 17 0.07156694 
126 201 13 15 0.063965105 
617 231 10 13 0.06337625 
964 171 11 12 0.05105294 
384 9 446 518 0.046820987 
1009 344 14 19 0.044383015 
462 301 10 11 0.040030982 
722 273 7 9 0.039872456 
589 236 10 12 0.039077576 
697 284 9 11 0.034403585 
423 233 8 10 0.034268964 
990 7 10 11 0.03407708 
957 372 9 12 0.033033147 
717 296 9 11 0.032893352 
116 178 13 15 0.031623203 
523 272 13 14 0.03129325 
1013 187 9 14 0.030828552 
98 194 13 16 0.030579574 
469 300 9 12 0.030412259 
3 204 22 29 0.03039552 
700 279 10 11 0.02941803 
629 231 10 14 0.028871695 
673 208 9 12 0.028680157 
414 285 8 11 0.027836293 
605 236 11 13 0.027445652 
621 230 18 23 0.027268868 
628 256 13 14 0.026835956 
760 311 9 11 0.026022138 
666 279 7 10 0.025619796 
712 277 8 10 0.024957867 
587 261 11 14 0.023918068 
596 237 11 13 0.02324145 
725 271 7 10 0.02320216 
720 277 7 10 0.022764767 
71 60 27 29 0.022675283 
432 236 8 9 0.022151567 
791 280 11 14 0.022022195 
118 196 14 16 0.021862354 
767 104 7 8 0.021843806 
441 280 9 12 0.021660656 
93 184 12 15 0.021536363 
632 222 10 12 0.021515723 
876 422 9 10 0.021507135 
985 13 10 12 0.021392092 
969 376 38 55 0.021068748 
423 262 9 12 0.020965708 
752 252 10 12 0.020371454 
