5_Car_Accident_Accident_5_340
167
40 219 27 35 0.9986964 
196 234 22 30 0.9983163 
103 211 25 32 0.99175686 
268 215 17 21 0.9705868 
344 220 13 17 0.9476093 
168 205 17 23 0.9410651 
690 68 23 27 0.9144125 
986 33 24 33 0.8286561 
952 96 31 35 0.6331489 
295 218 12 16 0.61867976 
886 52 16 22 0.51867783 
507 228 32 39 0.50972056 
188 205 11 13 0.38668516 
310 242 10 13 0.33603117 
0 205 10 15 0.29006928 
850 112 18 23 0.22987522 
201 298 16 19 0.20164628 
221 219 17 20 0.19216667 
300 215 11 14 0.19006851 
1 275 32 38 0.16252305 
197 168 14 17 0.14260979 
375 165 9 11 0.13294879 
220 173 13 14 0.13098069 
708 255 47 65 0.115268104 
254 220 11 15 0.11479721 
333 165 9 11 0.114601746 
121 219 16 21 0.11191224 
890 84 14 18 0.106529795 
251 210 13 17 0.102381654 
710 84 11 15 0.09090871 
514 218 47 57 0.08873641 
220 213 15 17 0.08007903 
323 220 11 13 0.07660198 
247 221 11 14 0.07010747 
268 402 51 55 0.069876544 
335 276 11 14 0.06873929 
255 174 9 11 0.06799653 
304 283 12 15 0.06783868 
183 204 12 15 0.06391062 
246 228 9 13 0.062721506 
556 101 13 16 0.06250728 
349 238 11 14 0.05921158 
230 166 14 16 0.058635186 
297 200 9 11 0.056442603 
888 61 17 21 0.054105822 
325 283 13 15 0.053111672 
953 104 38 50 0.052517466 
869 88 12 15 0.051639188 
309 213 10 13 0.051293626 
168 169 9 11 0.051189676 
353 256 8 10 0.050130107 
327 291 12 13 0.049691286 
230 288 16 19 0.049662933 
377 171 10 13 0.049185526 
345 71 9 11 0.047296014 
307 220 12 15 0.045180462 
285 293 13 16 0.04454637 
48 234 24 31 0.04442541 
277 263 11 14 0.043671213 
353 260 9 12 0.04349998 
333 302 11 14 0.042435754 
148 212 14 18 0.04228042 
305 239 11 14 0.042253446 
300 205 11 13 0.041853562 
319 213 13 15 0.04133889 
239 212 13 16 0.039396048 
14 209 12 19 0.03929384 
268 208 14 17 0.03783006 
336 255 8 10 0.03718966 
335 308 12 16 0.036625616 
285 225 13 17 0.0364793 
4 202 13 15 0.036359392 
276 286 14 16 0.036243152 
495 94 9 10 0.03608771 
238 228 13 16 0.0358168 
350 208 9 10 0.035799135 
19 208 16 23 0.03565485 
373 139 11 13 0.035194665 
244 234 11 14 0.035109874 
263 166 12 13 0.03492478 
356 292 10 13 0.034886956 
308 226 12 15 0.034795556 
357 167 8 11 0.034021612 
184 199 19 24 0.03379377 
10 204 13 19 0.033080492 
353 301 10 13 0.03234716 
172 171 10 13 0.032076605 
575 398 35 32 0.032008257 
335 259 10 13 0.03197237 
339 269 12 15 0.03165106 
542 224 32 39 0.031453058 
255 168 10 12 0.030811623 
381 166 9 10 0.030270021 
248 266 13 17 0.030144498 
167 179 13 15 0.029797953 
292 237 12 14 0.02971769 
0 259 13 20 0.02905651 
802 111 9 11 0.02888358 
304 262 10 12 0.028772714 
118 447 9 12 0.02863065 
829 149 14 18 0.028448168 
392 160 9 10 0.027841048 
123 258 25 32 0.02750451 
398 163 10 11 0.027371105 
849 142 11 13 0.026691997 
880 120 10 12 0.026638186 
320 282 12 15 0.026598526 
236 235 13 16 0.026510362 
197 304 16 17 0.026122317 
444 162 13 15 0.025952091 
344 164 10 11 0.025852622 
308 278 12 16 0.025829948 
449 601 28 31 0.025776114 
221 228 16 23 0.025761576 
248 178 12 15 0.025760934 
0 235 13 20 0.025700027 
321 83 10 12 0.025668303 
345 245 9 11 0.025661627 
273 223 14 19 0.025591075 
834 141 12 16 0.02543171 
470 663 10 13 0.02542717 
711 89 12 17 0.025266418 
326 228 10 12 0.025265565 
423 163 11 14 0.025159081 
148 202 14 18 0.02486852 
284 234 14 18 0.024465654 
254 212 21 27 0.024329647 
250 172 10 13 0.024328608 
303 289 13 15 0.024012161 
21 176 13 16 0.023845444 
62 219 25 33 0.02369686 
310 261 9 11 0.02361964 
789 122 11 14 0.02349888 
366 79 9 11 0.023484934 
304 208 20 24 0.023442395 
288 217 21 26 0.023425104 
350 166 9 10 0.023407843 
383 160 9 11 0.023192054 
324 79 12 13 0.023128236 
288 220 12 16 0.022938427 
330 307 22 28 0.022790557 
211 224 20 27 0.022719938 
804 133 11 12 0.022532267 
981 18 39 55 0.02252824 
238 220 13 16 0.022130784 
131 218 14 20 0.021956729 
422 178 12 13 0.021917926 
639 82 11 14 0.0218603 
341 254 9 10 0.02160973 
329 299 11 14 0.021594005 
-1 202 18 28 0.021532107 
672 92 11 15 0.021502659 
352 269 10 13 0.021358997 
490 618 16 18 0.021318598 
329 260 10 12 0.020969847 
339 314 11 14 0.020793043 
352 117 11 13 0.02056142 
165 269 15 18 0.020558665 
405 136 9 12 0.020361332 
487 132 10 13 0.020348338 
301 332 9 14 0.020330895 
270 230 13 18 0.020291181 
148 301 11 13 0.020248195 
846 101 11 14 0.02019544 
270 260 23 27 0.020154482 
294 268 11 14 0.020104213 
57 248 16 20 0.020020045 
