5_Car_Accident_Car_Crash_5_866
47
246 109 51 64 0.75672895 
355 83 71 61 0.56884044 
384 223 46 47 0.25671577 
485 86 35 44 0.22411892 
66 92 60 79 0.15404882 
702 439 40 44 0.12499507 
739 9 56 54 0.08758749 
468 106 84 114 0.08630667 
454 304 89 114 0.07018353 
376 81 42 42 0.06794164 
626 136 33 42 0.05755589 
452 89 45 64 0.049367078 
671 174 18 22 0.043652307 
801 0 41 47 0.040613875 
643 153 13 18 0.03525594 
438 51 85 110 0.034936663 
333 91 64 61 0.034811508 
363 103 40 43 0.033287764 
371 214 42 45 0.033112593 
438 312 77 72 0.029983558 
665 163 26 29 0.02949405 
404 85 54 64 0.0293881 
333 122 52 56 0.028966583 
465 390 36 38 0.028857952 
503 123 79 106 0.028381618 
437 113 48 67 0.02830644 
72 227 43 56 0.02777052 
112 84 50 64 0.02708623 
501 87 27 34 0.026904212 
731 206 24 30 0.026444316 
464 71 50 65 0.024678333 
7 253 28 39 0.024312867 
780 6 47 53 0.023610393 
383 200 42 42 0.023566583 
250 65 57 67 0.02354875 
630 451 68 65 0.023387436 
646 481 64 64 0.023355767 
194 349 48 71 0.02316557 
118 180 54 66 0.02289601 
605 419 48 55 0.02250215 
685 272 52 58 0.021872127 
229 86 51 70 0.021520456 
707 282 32 36 0.021096848 
512 89 17 23 0.020627283 
295 93 33 42 0.020212801 
235 137 34 40 0.020126522 
305 175 39 54 0.020076498 
