5_Car_Accident_Car_Crash_5_365
64
275 161 37 36 0.9900682 
930 143 17 20 0.38815916 
827 194 15 17 0.35749468 
222 122 13 15 0.2650108 
923 181 28 30 0.18597965 
914 146 26 33 0.17727108 
513 352 58 79 0.13807213 
935 155 27 28 0.117500246 
688 33 9 11 0.08063869 
703 18 11 14 0.07986137 
228 119 11 13 0.073988244 
661 26 9 11 0.066221915 
603 10 19 22 0.063771255 
221 165 11 15 0.061101 
575 0 20 18 0.054312687 
667 298 23 25 0.05134867 
207 383 35 33 0.050738137 
821 195 26 27 0.05045743 
924 164 32 35 0.049430806 
693 36 10 13 0.049381383 
489 352 107 126 0.043462925 
756 476 12 13 0.04260206 
586 34 16 21 0.041574672 
700 290 43 51 0.04122421 
231 114 8 10 0.040747676 
843 531 20 19 0.039360277 
541 0 11 11 0.036693484 
770 259 55 71 0.035770852 
619 2 14 15 0.034266494 
288 117 12 16 0.03393862 
534 -1 12 11 0.03373975 
937 168 21 22 0.033158425 
749 447 12 13 0.03149234 
722 22 8 11 0.02977075 
677 66 385 466 0.029630627 
830 580 22 30 0.02962905 
613 18 15 20 0.028760027 
203 385 57 48 0.02810953 
213 148 13 17 0.027967528 
687 302 43 48 0.02765086 
617 44 27 33 0.027100982 
897 221 26 30 0.026154077 
700 38 12 14 0.026132237 
220 145 13 17 0.025657639 
912 154 13 19 0.025575347 
217 119 12 15 0.025340455 
837 613 14 21 0.024419185 
566 0 17 17 0.024223419 
611 3 17 17 0.023686768 
448 313 50 55 0.023360427 
527 -1 13 11 0.022820821 
695 309 14 18 0.022219008 
935 177 22 24 0.021849286 
727 438 13 14 0.021689609 
584 2 19 19 0.021230323 
204 150 13 17 0.021158863 
559 652 11 12 0.02099179 
225 128 16 17 0.020311961 
697 20 11 13 0.020281153 
277 199 15 17 0.020149156 
587 20 26 31 0.020134695 
691 34 22 27 0.020076293 
207 149 23 31 0.020025715 
917 184 19 22 0.020021683 
