5_Car_Accident_Accident_5_633
82
242 278 16 25 0.93705434 
490 276 33 44 0.93171704 
103 78 57 108 0.8025471 
451 458 82 72 0.68231785 
617 298 43 54 0.5726907 
323 826 16 21 0.44759434 
161 284 18 24 0.39274314 
667 368 38 39 0.3508712 
815 319 9 12 0.2873532 
297 831 18 21 0.2524739 
510 436 54 61 0.17138687 
535 507 95 116 0.166668 
641 217 33 48 0.13480042 
919 345 23 28 0.12851606 
504 271 39 49 0.12736668 
82 122 69 81 0.12378895 
552 263 22 31 0.12183427 
302 805 10 13 0.108973585 
801 327 8 11 0.10333894 
255 468 41 52 0.09755001 
161 409 14 15 0.08594296 
291 841 469 584 0.08267336 
432 809 54 70 0.08263114 
821 338 11 15 0.07899644 
894 351 14 19 0.0598895 
805 328 8 11 0.05797366 
0 145 12 23 0.05309967 
345 819 11 15 0.051787805 
308 971 66 56 0.050506778 
386 298 12 14 0.05031795 
523 268 29 43 0.045479555 
534 264 29 39 0.042632207 
562 269 16 23 0.039047755 
477 432 80 86 0.038977776 
323 938 58 59 0.038401205 
572 483 107 131 0.03649939 
220 249 12 17 0.035405356 
471 399 94 85 0.03485158 
305 828 15 20 0.034727324 
854 327 11 11 0.0344821 
56 76 82 118 0.034358904 
486 256 30 47 0.03216388 
943 566 63 81 0.03122232 
255 883 15 22 0.03095673 
592 282 45 62 0.030848477 
294 806 23 27 0.030819956 
299 820 15 18 0.0294052 
492 274 17 25 0.028141627 
654 526 23 28 0.028083539 
613 289 33 42 0.027973235 
635 289 29 47 0.027260605 
285 830 14 17 0.027105644 
783 331 9 11 0.027037824 
444 372 70 55 0.0269411 
534 439 84 106 0.026846027 
942 369 35 39 0.026612876 
906 347 24 29 0.026586063 
820 345 14 18 0.026267191 
218 259 14 20 0.026103819 
793 318 8 10 0.025748566 
546 552 67 85 0.025158616 
198 846 56 63 0.025014443 
386 604 18 23 0.02486516 
469 456 103 118 0.024166722 
271 329 15 18 0.023856195 
319 822 14 19 0.023752116 
541 262 39 52 0.023512036 
571 273 13 19 0.022746123 
307 1092 58 74 0.02272818 
150 289 15 19 0.022643674 
663 279 38 58 0.022593763 
849 327 10 11 0.022411799 
855 320 9 11 0.022241367 
318 909 67 67 0.021853475 
148 284 25 34 0.021447647 
323 39 108 140 0.021245087 
92 155 39 44 0.021135584 
440 861 52 66 0.02086772 
799 321 8 10 0.020703191 
330 823 14 19 0.020603426 
516 390 65 77 0.020345636 
235 638 56 67 0.02014064 
