5_Car_Accident_Accident_5_607
34
244 29 24 30 0.6970764 
107 17 24 31 0.2455899 
468 381 52 64 0.1715357 
76 38 31 34 0.15379392 
534 410 61 77 0.10719866 
217 0 19 19 0.099832274 
339 477 75 58 0.07343109 
431 386 49 62 0.07247581 
509 391 58 78 0.05371536 
489 389 53 69 0.051662307 
238 42 15 18 0.03953293 
119 32 27 39 0.038510785 
691 153 61 87 0.037518486 
326 459 70 59 0.036080446 
555 404 99 85 0.03477591 
94 23 48 64 0.034526024 
440 39 114 142 0.030684285 
21 -56 460 481 0.029430091 
427 396 29 49 0.028839238 
446 -1 440 514 0.027876308 
335 437 31 27 0.027644632 
206 -1 24 22 0.027112294 
653 117 105 148 0.02685689 
489 400 33 42 0.025173683 
597 405 67 49 0.023326848 
7 134 43 79 0.023252996 
203 52 14 18 0.022863308 
254 34 16 21 0.022754679 
453 383 38 49 0.022549566 
510 375 41 56 0.022304304 
460 384 103 102 0.021694288 
410 400 67 71 0.020711046 
622 -37 438 522 0.020658027 
186 0 16 13 0.020298092 
