5_Car_Accident_Car_Crash_5_133
33
235 228 16 20 0.6641827 
344 165 31 40 0.22707236 
712 102 11 14 0.10726362 
339 153 26 29 0.08814048 
230 185 34 41 0.06763634 
-3 97 350 440 0.05091946 
227 432 130 160 0.042619977 
368 138 93 103 0.039760657 
773 91 13 18 0.038740404 
224 167 30 37 0.035838567 
244 340 12 16 0.03211699 
722 62 10 13 0.031332936 
361 175 16 22 0.031274132 
758 102 11 15 0.030315954 
358 169 31 35 0.028386 
921 108 11 14 0.027592562 
764 81 17 20 0.026598984 
246 330 12 15 0.02659511 
869 102 16 21 0.026590738 
848 59 13 18 0.026326904 
482 421 47 60 0.026288737 
3 257 25 28 0.025124377 
473 389 54 68 0.024994554 
617 502 106 88 0.024722794 
332 81 162 194 0.024312718 
271 387 10 13 0.024241483 
519 148 35 47 0.023423709 
577 42 124 151 0.022792378 
49 230 217 278 0.021967394 
147 280 45 51 0.021642072 
334 162 27 35 0.020897847 
759 92 22 27 0.020147262 
461 343 15 18 0.020028006 
