5_Car_Accident_Accident_5_388
29
135 159 21 26 0.9707407 
211 266 20 22 0.9263892 
55 124 24 28 0.68330497 
250 248 19 21 0.4701883 
64 130 23 26 0.34668395 
215 270 24 28 0.17961188 
137 150 18 20 0.120993055 
31 160 27 33 0.10426773 
892 286 22 27 0.05075586 
218 282 27 36 0.03832779 
256 254 19 20 0.0365252 
877 273 14 17 0.035751924 
552 130 18 20 0.035146095 
109 158 10 14 0.034652688 
880 165 9 11 0.031886138 
453 200 8 12 0.031489607 
701 255 44 54 0.028568413 
73 141 17 21 0.025853863 
220 285 16 22 0.025179414 
507 168 61 67 0.024812942 
226 295 27 36 0.02367605 
490 177 55 70 0.02280916 
229 304 15 21 0.022405082 
481 206 57 78 0.021772407 
477 226 11 16 0.021395778 
77 154 14 17 0.021264728 
301 275 16 21 0.021023925 
533 158 16 19 0.020741202 
11 268 40 62 0.0206433 
