5_Car_Accident_Accident_5_796
18
688 324 124 116 0.9997887 
404 156 68 94 0.99931777 
222 116 67 92 0.99854004 
56 115 77 95 0.9959431 
321 237 446 389 0.16470987 
701 96 48 64 0.0889528 
170 491 14 19 0.06954983 
640 249 160 222 0.059824806 
886 314 115 158 0.048031244 
692 299 81 98 0.03235247 
297 541 139 114 0.025070032 
983 135 9 11 0.024489257 
292 483 19 22 0.02406644 
951 241 10 12 0.023641665 
-31 211 418 434 0.023555674 
686 304 39 48 0.02155367 
59 337 20 22 0.02138703 
741 253 177 216 0.021256555 
