5_Car_Accident_Accident_5_77
188
885 57 28 35 0.99978584 
757 33 26 34 0.999345 
627 60 23 31 0.9990922 
654 59 22 30 0.99883014 
574 65 24 33 0.9987116 
930 48 37 46 0.99786574 
812 53 25 32 0.997414 
717 65 24 32 0.99670035 
377 61 22 28 0.9914888 
693 69 23 30 0.9861704 
290 77 21 27 0.9851967 
231 68 20 26 0.9825507 
437 54 23 29 0.96721226 
539 77 20 26 0.96700704 
489 67 20 26 0.9663549 
185 78 21 24 0.9562413 
113 89 19 24 0.95350313 
588 43 20 26 0.93553424 
517 37 19 22 0.92182547 
982 47 18 25 0.92100346 
710 8 14 17 0.9193143 
445 83 23 27 0.90446204 
391 0 12 12 0.72768295 
739 25 12 15 0.6615692 
903 57 25 34 0.49547723 
80 57 22 41 0.44336566 
658 461 129 132 0.42946777 
733 367 183 196 0.4075001 
793 22 13 15 0.4009381 
794 54 19 23 0.37375453 
873 60 11 15 0.37161946 
77 220 438 488 0.33422875 
679 27 11 14 0.27853283 
475 0 11 12 0.24938819 
995 267 18 21 0.23556858 
919 53 28 39 0.23135772 
706 64 23 32 0.20450206 
716 32 14 18 0.16776581 
559 347 25 32 0.16613442 
440 69 24 30 0.16029274 
638 29 12 16 0.15694252 
737 50 14 19 0.14257199 
655 438 33 40 0.12964949 
206 3 13 13 0.111534216 
326 76 12 16 0.107743844 
290 101 16 20 0.103177875 
161 369 258 320 0.09963445 
965 44 23 29 0.09793727 
563 0 16 18 0.09499496 
32 9 12 15 0.0934199 
481 38 16 20 0.09148301 
771 90 24 28 0.08931286 
615 0 11 11 0.08138629 
525 2 17 19 0.08062729 
790 27 19 26 0.07530311 
700 44 23 29 0.07528591 
376 27 10 13 0.075228885 
315 180 15 19 0.07314448 
189 95 16 18 0.071242526 
686 0 9 10 0.067875005 
172 13 15 20 0.0673135 
7 127 45 70 0.06468804 
3 0 12 14 0.06285819 
380 24 10 13 0.058338363 
71 8 28 39 0.057293586 
709 34 20 25 0.057080608 
71 290 127 159 0.056897614 
389 6 14 17 0.056120068 
319 0 10 9 0.055914328 
672 26 13 15 0.053902827 
26 51 24 39 0.053319834 
686 417 155 156 0.052127965 
563 8 18 23 0.051069517 
450 93 23 31 0.05016651 
872 53 23 30 0.048096437 
639 11 12 15 0.047627848 
637 62 24 31 0.047439575 
168 100 11 13 0.04714456 
16 43 25 39 0.044654623 
511 4 25 26 0.044474233 
1 34 37 61 0.04404958 
318 77 13 17 0.04396587 
860 495 121 126 0.0434574 
309 178 15 19 0.043320406 
2 37 23 37 0.04279071 
413 45 13 18 0.04264031 
325 26 17 22 0.04220814 
426 214 24 34 0.041773114 
882 45 14 16 0.04137492 
676 434 28 37 0.0409165 
915 53 13 18 0.03979535 
639 19 13 19 0.039354634 
766 22 13 17 0.039175816 
747 68 15 20 0.03894315 
393 64 16 20 0.038759448 
573 239 349 445 0.038250856 
532 6 16 20 0.038156796 
609 57 16 22 0.037972163 
655 364 30 37 0.03789188 
389 -3 20 20 0.03718963 
185 137 40 53 0.0366464 
765 64 15 18 0.03540257 
324 0 10 11 0.03538277 
66 64 31 38 0.034405336 
0 108 10 18 0.033981234 
580 315 11 14 0.03389416 
652 1 12 11 0.033553522 
439 84 17 21 0.033201102 
323 4 13 14 0.0331964 
722 28 14 20 0.032984607 
747 39 26 33 0.03274197 
724 264 41 44 0.032382555 
677 3 14 16 0.032329887 
700 37 16 20 0.032184597 
569 17 14 20 0.03189946 
262 158 15 17 0.03188428 
685 77 25 32 0.031864665 
991 269 25 35 0.03108513 
611 407 22 32 0.030892882 
729 342 31 35 0.030125218 
538 10 16 20 0.030118326 
737 67 22 28 0.029636454 
246 97 14 16 0.029624268 
467 227 14 19 0.029299809 
-1 151 24 58 0.029229673 
55 8 46 61 0.029018627 
547 227 12 15 0.028951244 
502 9 16 20 0.028838864 
548 0 23 24 0.028598089 
792 38 20 28 0.028372841 
993 12 14 17 0.028229255 
442 45 16 19 0.028083082 
591 26 13 17 0.027651297 
947 46 30 38 0.027542822 
699 326 27 31 0.027314326 
310 43 15 18 0.027241543 
150 116 13 17 0.026730515 
592 57 23 30 0.026414607 
869 71 15 21 0.026230928 
431 62 15 22 0.02585204 
612 334 15 18 0.025846047 
458 223 27 33 0.025461901 
262 59 14 17 0.025260212 
987 9 22 27 0.02522165 
812 0 12 11 0.025026597 
775 30 21 31 0.0246885 
663 2 13 16 0.024590595 
660 216 17 23 0.02441497 
806 372 177 246 0.024037652 
802 55 22 25 0.023968749 
228 98 14 18 0.023639861 
620 15 12 14 0.023532627 
550 0 15 14 0.023295576 
636 419 31 34 0.023273105 
585 65 25 32 0.023207126 
36 187 195 281 0.023075685 
243 3 11 13 0.02300059 
674 23 19 24 0.02296065 
429 210 40 50 0.022821885 
403 39 23 28 0.022665959 
644 5 13 15 0.022546427 
159 0 13 11 0.022523116 
137 78 9 11 0.02246318 
237 0 14 13 0.022462178 
916 99 17 22 0.022332208 
412 257 362 473 0.022213936 
223 93 12 16 0.022125904 
807 18 11 16 0.022085624 
944 330 28 38 0.022084508 
156 110 13 15 0.022064084 
682 457 12 17 0.021859296 
205 104 14 18 0.021828549 
76 133 53 68 0.0217947 
684 400 27 38 0.021658666 
729 55 21 27 0.021585535 
985 336 16 22 0.021548899 
688 423 29 45 0.021518556 
817 426 119 141 0.021172032 
186 99 24 25 0.021082291 
395 8 14 16 0.02086669 
20 22 15 18 0.0208269 
450 53 15 20 0.020768464 
710 348 36 37 0.02048681 
14 48 40 63 0.020436848 
420 193 41 51 0.020417811 
699 27 15 17 0.020314846 
183 37 11 14 0.020156184 
645 351 34 38 0.020148944 
