5_Car_Accident_Accident_5_515
26
924 476 35 45 0.9799601 
128 380 42 52 0.73955905 
826 215 30 43 0.43626973 
469 208 28 32 0.42986614 
841 216 39 50 0.40715575 
452 208 46 52 0.13748808 
352 595 126 132 0.09769218 
856 237 28 33 0.08716604 
475 194 24 35 0.07529867 
500 209 13 19 0.0746799 
466 191 45 52 0.06261137 
490 197 20 33 0.04767171 
844 201 35 38 0.046329033 
478 192 16 21 0.045088623 
745 589 29 31 0.03246631 
856 201 18 19 0.02981763 
561 523 57 85 0.028691538 
620 460 18 22 0.02764488 
457 202 29 36 0.025723811 
323 428 34 37 0.024817957 
911 468 30 41 0.024708755 
162 482 28 31 0.022717265 
96 391 51 60 0.022171902 
830 217 16 24 0.021854322 
174 489 15 18 0.020569177 
730 202 53 55 0.020456005 
