5_Car_Accident_Accident_5_177
251
906 160 16 19 0.973317 
749 184 17 21 0.9670751 
696 197 18 24 0.95926625 
989 188 16 22 0.9449955 
597 129 15 19 0.9398671 
394 208 17 21 0.93680364 
834 217 22 25 0.93124545 
301 209 20 23 0.9057814 
892 215 18 22 0.8919359 
808 271 24 32 0.87780356 
870 254 23 28 0.8499272 
639 232 14 23 0.72934043 
973 210 21 28 0.6584237 
912 242 17 23 0.62426084 
852 337 34 48 0.54005283 
879 257 22 28 0.49782315 
797 131 11 14 0.4872787 
832 325 23 35 0.4432711 
881 181 14 18 0.4225187 
675 207 19 22 0.41475624 
671 125 14 18 0.36916825 
682 179 13 17 0.2808502 
685 199 21 26 0.2781184 
799 183 25 28 0.25793633 
886 259 25 34 0.24902585 
797 215 16 24 0.22223797 
672 216 22 30 0.21398336 
644 233 19 24 0.19001871 
795 289 26 35 0.18011 
377 284 11 14 0.16263749 
623 97 11 15 0.14877728 
788 216 20 28 0.14423126 
834 328 38 48 0.14253223 
899 192 18 20 0.13679807 
765 223 22 28 0.12888469 
771 252 14 18 0.118009396 
437 392 17 18 0.10740677 
893 265 29 39 0.1041986 
691 420 10 13 0.103578135 
743 225 13 18 0.098607294 
775 222 23 28 0.098117605 
760 186 14 18 0.09686687 
348 267 10 12 0.09546253 
794 241 16 21 0.09405884 
618 276 15 19 0.084592864 
368 194 13 16 0.08385644 
261 148 13 15 0.08188041 
977 203 16 22 0.08056025 
231 142 10 11 0.0743679 
545 352 21 32 0.07254116 
781 180 11 16 0.0706903 
678 79 7 10 0.06940573 
888 184 20 25 0.06822203 
696 118 8 11 0.06654419 
896 203 21 26 0.06548011 
354 242 15 18 0.064858645 
688 431 9 10 0.0631877 
691 177 12 17 0.06112946 
233 148 10 12 0.059657577 
787 230 21 26 0.05868332 
675 117 15 18 0.05832124 
248 131 11 13 0.057854887 
773 238 22 26 0.05768145 
757 221 20 27 0.05733177 
923 277 23 29 0.057330362 
805 268 16 25 0.056381203 
999 188 15 19 0.055720955 
663 125 11 15 0.05415416 
650 186 15 18 0.053396456 
733 436 19 21 0.05211332 
725 187 15 20 0.050832707 
904 251 24 30 0.05043944 
340 220 11 15 0.049733605 
457 200 24 27 0.049327638 
493 332 14 19 0.048800245 
979 213 23 32 0.048770558 
254 130 13 14 0.047812752 
352 295 11 16 0.0475788 
591 105 12 15 0.0472581 
255 136 24 29 0.047208577 
621 78 9 11 0.04633038 
568 277 11 13 0.04524423 
905 265 17 23 0.04432343 
772 407 25 35 0.044117965 
672 71 9 11 0.043578018 
521 318 18 22 0.043187357 
883 189 16 21 0.042919457 
996 270 18 23 0.042573325 
680 165 12 15 0.04101681 
236 122 38 50 0.040843744 
906 266 27 34 0.04064615 
632 218 24 32 0.04064557 
341 215 12 14 0.04031445 
614 106 13 17 0.039859224 
865 350 19 29 0.039784767 
647 558 12 12 0.039574903 
993 193 17 23 0.039412633 
466 219 12 16 0.038470205 
464 210 14 16 0.03836222 
587 251 13 16 0.03831115 
542 351 14 19 0.0383073 
675 493 20 21 0.03747774 
890 180 14 17 0.03726301 
674 82 11 15 0.037032966 
590 200 13 15 0.03697735 
906 200 16 23 0.03653814 
667 180 14 20 0.036487192 
658 234 14 20 0.036373913 
259 133 13 16 0.03609521 
615 324 15 20 0.035639383 
635 181 15 17 0.035571784 
667 194 16 20 0.035400152 
703 282 12 15 0.03523966 
450 387 15 18 0.034585964 
428 394 16 20 0.033891734 
670 224 15 23 0.033711925 
93 96 10 12 0.033536654 
905 211 16 22 0.03307426 
628 116 10 14 0.032439638 
831 258 23 32 0.03200836 
831 344 51 60 0.0319937 
61 6 10 11 0.031899016 
342 423 11 15 0.03189423 
-24 165 456 517 0.031727895 
679 73 7 9 0.03171552 
825 275 23 31 0.031539917 
792 250 22 31 0.031444997 
687 582 32 30 0.031327706 
678 110 12 14 0.03117762 
532 364 28 38 0.030913016 
581 252 14 19 0.030683592 
304 193 22 28 0.030589176 
601 194 15 16 0.03057818 
269 140 11 14 0.0305346 
677 195 17 22 0.030513577 
208 136 7 9 0.03037963 
614 240 20 28 0.030340292 
430 233 14 18 0.030262249 
277 140 8 12 0.029897865 
514 237 14 17 0.02987076 
758 209 13 18 0.029641317 
510 257 14 18 0.029463165 
236 142 9 13 0.02923767 
792 128 12 15 0.028976105 
379 287 15 18 0.02876898 
371 313 57 65 0.028683728 
661 184 15 20 0.028666424 
133 66 10 11 0.028255662 
311 358 10 12 0.028009236 
919 246 18 23 0.02772399 
595 102 11 14 0.027535498 
996 226 27 34 0.02739169 
672 205 14 17 0.027361104 
288 152 9 12 0.027075164 
88 96 10 12 0.026808605 
629 109 9 14 0.026682744 
733 551 18 21 0.02655661 
898 224 21 28 0.026552845 
646 181 13 16 0.026512673 
779 248 14 19 0.026493728 
912 322 42 50 0.026443947 
724 200 14 18 0.02618201 
671 164 10 14 0.026097178 
510 317 15 19 0.025962176 
849 314 41 51 0.025921056 
829 322 17 27 0.025898019 
897 348 44 54 0.025811376 
701 116 9 13 0.025795894 
423 305 38 43 0.025778288 
645 77 8 11 0.025606062 
643 219 18 22 0.025522051 
640 193 27 32 0.025480893 
237 127 9 11 0.025461918 
616 212 21 29 0.025451142 
680 230 17 24 0.025375517 
798 276 16 25 0.025301825 
263 254 11 15 0.025079222 
734 644 14 17 0.02499116 
584 248 10 13 0.024925688 
919 288 24 33 0.024876602 
888 283 31 36 0.024875687 
549 363 25 32 0.024766458 
642 78 7 10 0.02474019 
228 126 21 27 0.024696661 
630 234 19 28 0.024587967 
729 191 16 22 0.02452521 
661 203 12 17 0.024433728 
365 221 13 17 0.024378335 
481 212 13 16 0.024315897 
615 94 20 25 0.024299242 
320 234 13 17 0.024270503 
798 136 13 16 0.024146724 
245 139 13 16 0.023964927 
646 174 12 14 0.023761345 
762 211 15 19 0.02347164 
622 105 12 17 0.023470975 
353 237 11 16 0.02345291 
323 196 13 18 0.023406563 
588 194 25 27 0.023370625 
632 186 13 16 0.02335051 
702 422 11 12 0.023333376 
1001 276 20 24 0.023269434 
626 153 15 16 0.023255136 
226 140 8 10 0.02317404 
587 332 11 15 0.023086818 
629 589 15 17 0.023072593 
650 229 16 20 0.023066226 
695 122 10 15 0.022912903 
687 249 13 16 0.022861438 
244 125 24 28 0.022833267 
809 181 18 21 0.022725105 
486 335 16 19 0.02249219 
631 185 26 30 0.022476375 
575 197 10 14 0.022394938 
401 203 18 22 0.022258647 
797 194 23 29 0.022198778 
687 414 11 15 0.022139546 
334 224 14 18 0.02209413 
575 188 11 13 0.021940973 
323 524 13 18 0.021939002 
278 156 11 13 0.021805303 
314 192 21 27 0.021745034 
764 413 25 38 0.021711377 
561 253 10 13 0.02167265 
128 93 9 11 0.021558024 
498 436 58 105 0.021510951 
582 231 10 13 0.021493671 
983 224 26 34 0.021376139 
485 321 24 31 0.021353506 
287 347 12 17 0.02124267 
279 276 12 15 0.021200256 
679 167 22 28 0.021083277 
388 501 11 13 0.021069443 
733 427 33 37 0.020974578 
914 202 14 21 0.020919895 
499 262 31 35 0.02091195 
821 329 28 41 0.020899633 
551 307 13 17 0.020739224 
440 389 23 26 0.020705057 
118 127 10 13 0.020640703 
128 68 12 12 0.020639751 
156 119 422 481 0.020503113 
269 330 16 19 0.020458747 
508 302 28 34 0.020376258 
231 127 10 14 0.020336729 
682 122 12 19 0.02030563 
686 117 10 14 0.020298548 
615 71 12 15 0.020287508 
576 330 12 15 0.020240966 
654 187 24 28 0.020127203 
420 279 15 16 0.02002182 
