5_Car_Accident_Accident_5_474
110
553 136 17 22 0.9851891 
347 141 16 23 0.9819841 
240 119 22 27 0.97073394 
801 143 18 22 0.58194613 
618 141 21 25 0.44824776 
707 134 21 26 0.39624566 
795 107 42 50 0.367865 
610 145 20 25 0.35807022 
622 128 16 19 0.33793196 
586 153 15 21 0.27301377 
307 148 11 15 0.2707232 
797 129 31 37 0.20384833 
142 105 11 15 0.1706627 
298 172 17 22 0.15379848 
326 198 17 21 0.1184375 
540 162 14 19 0.11761416 
595 148 19 27 0.115485266 
630 136 19 24 0.1117749 
604 150 17 23 0.108200386 
501 121 15 20 0.09559332 
302 144 12 16 0.09238927 
795 96 33 40 0.089810796 
284 141 10 11 0.08920112 
109 291 17 19 0.08510388 
266 179 16 24 0.074648395 
637 132 16 21 0.07361324 
617 263 10 13 0.06865585 
296 148 12 16 0.066393584 
767 260 13 19 0.06502643 
160 92 43 47 0.06404266 
379 163 14 17 0.05940245 
581 139 22 27 0.05914467 
454 283 22 26 0.056787513 
702 130 18 21 0.05203098 
496 124 22 33 0.050870046 
460 76 27 33 0.04618021 
126 293 13 17 0.045473095 
400 143 9 13 0.042350788 
297 142 11 14 0.041485965 
830 94 31 42 0.040689867 
506 130 13 19 0.039963156 
539 283 12 16 0.03955537 
100 617 27 39 0.038943075 
552 270 11 13 0.03886857 
333 72 18 22 0.038333576 
960 189 8 11 0.038207073 
139 101 20 27 0.037928984 
696 139 12 17 0.037528086 
287 149 11 13 0.036970627 
318 162 12 16 0.036227215 
406 148 9 11 0.034962922 
545 225 22 31 0.03477945 
97 293 26 29 0.034472223 
838 139 16 18 0.03252272 
830 103 46 56 0.03184006 
134 112 15 21 0.031348936 
452 74 24 28 0.03130097 
903 224 10 13 0.031079523 
-2 436 51 81 0.030578187 
146 101 11 15 0.03047464 
172 99 18 19 0.02991802 
567 210 22 29 0.029501354 
301 142 20 26 0.029014658 
876 250 21 27 0.028714804 
200 260 11 15 0.028015234 
804 85 50 61 0.027702453 
469 81 16 21 0.027325684 
633 359 9 12 0.027227381 
314 147 14 18 0.027092962 
494 127 15 23 0.0270543 
649 336 10 11 0.027020803 
94 306 16 19 0.02701573 
164 113 33 37 0.02680864 
186 188 24 31 0.02598437 
300 166 13 18 0.025855253 
252 177 17 23 0.025657693 
340 10 32 39 0.025028745 
373 143 10 12 0.024829824 
605 322 11 17 0.024825055 
65 160 31 38 0.024790378 
454 73 11 15 0.024705157 
499 195 17 21 0.024318313 
244 185 16 19 0.024120102 
703 340 12 15 0.0232288 
804 119 49 60 0.023137104 
594 222 22 28 0.02258144 
814 46 15 17 0.022549376 
124 106 13 16 0.022548167 
490 253 444 508 0.02248849 
483 122 25 36 0.022481592 
286 176 14 20 0.022400022 
377 170 14 17 0.021853633 
555 233 12 18 0.021646213 
406 119 8 11 0.0214319 
835 40 29 35 0.021335792 
836 95 20 25 0.021161797 
314 66 448 507 0.021111256 
817 107 16 18 0.021011671 
837 124 26 33 0.02092931 
246 183 26 30 0.020925354 
174 261 15 17 0.02091705 
88 281 46 52 0.020736804 
500 139 16 22 0.020645956 
637 366 8 10 0.020541845 
322 189 29 31 0.020521455 
145 98 9 13 0.020459646 
325 139 13 18 0.020281278 
951 201 9 11 0.020166252 
203 110 26 35 0.020146161 
839 340 13 16 0.020042509 
