33_Running_Running_33_786
197
506 127 31 34 0.99936193 
503 459 35 41 0.9952129 
522 238 30 34 0.9936837 
130 375 26 31 0.99346936 
732 454 29 42 0.9907804 
917 450 21 31 0.98502594 
314 374 16 19 0.9793703 
943 352 14 19 0.9552163 
901 119 12 16 0.8766705 
953 113 15 20 0.87306106 
47 465 12 15 0.8354525 
883 337 15 20 0.7646573 
91 456 12 16 0.7210249 
333 255 16 18 0.69826454 
339 461 16 21 0.61123574 
979 342 13 18 0.5553627 
144 463 10 14 0.52895176 
181 370 17 22 0.38821357 
962 152 28 30 0.3859132 
73 102 30 38 0.3068125 
887 153 16 18 0.2366003 
919 134 9 11 0.23279512 
511 340 9 12 0.21527806 
112 247 9 12 0.19955018 
877 341 15 19 0.18242916 
992 365 12 14 0.17630234 
848 137 7 10 0.17395681 
712 354 23 31 0.1727868 
534 399 11 13 0.17141826 
350 113 31 37 0.16520928 
804 137 13 16 0.1595049 
278 229 15 17 0.14729062 
77 383 15 22 0.13611655 
927 143 11 14 0.13096671 
84 383 15 21 0.13020886 
985 346 13 16 0.11759713 
444 331 10 13 0.106388286 
949 131 12 16 0.10511122 
367 334 11 15 0.10137928 
946 155 12 17 0.0991641 
712 332 17 20 0.09461129 
951 117 23 28 0.08491006 
58 387 25 28 0.07813719 
989 370 15 18 0.075542115 
913 133 8 12 0.07431055 
870 149 10 13 0.07311064 
117 246 10 12 0.07068863 
101 378 15 20 0.07063878 
236 469 14 20 0.07033064 
7 267 9 13 0.06906755 
47 237 10 13 0.06853045 
956 373 10 12 0.062612936 
945 162 14 19 0.062408168 
297 270 11 14 0.062203605 
879 141 11 15 0.062052563 
370 253 11 15 0.060701236 
109 237 10 12 0.058723938 
247 455 11 13 0.05807241 
946 139 14 18 0.057843275 
89 378 20 28 0.05410981 
930 146 11 15 0.052067824 
215 252 27 35 0.05203098 
709 337 21 26 0.051696427 
947 146 14 19 0.051129263 
896 131 12 15 0.04896554 
548 338 11 14 0.04879647 
944 133 12 15 0.04733215 
906 123 11 15 0.04717012 
502 397 12 14 0.04626469 
299 276 10 12 0.045853842 
272 334 9 13 0.04461668 
857 513 9 11 0.043205496 
642 289 19 21 0.042997964 
894 139 13 16 0.042939667 
699 120 29 35 0.04286436 
507 336 10 12 0.0414596 
975 335 10 15 0.040370278 
883 140 13 17 0.039786115 
160 251 12 13 0.03968952 
982 398 16 22 0.03942982 
136 247 7 10 0.039357156 
920 139 11 14 0.03815137 
919 148 10 14 0.038120534 
412 178 14 19 0.037629656 
95 181 24 27 0.037496217 
43 273 14 17 0.03718814 
872 339 13 18 0.03717001 
87 106 30 37 0.036925096 
105 234 10 13 0.0368704 
989 357 13 16 0.036378987 
106 246 10 13 0.03597995 
924 155 13 17 0.03544436 
925 134 9 12 0.035318602 
762 233 17 19 0.034794755 
927 506 11 15 0.034667064 
66 376 23 27 0.03450672 
884 135 10 12 0.034473248 
49 233 9 12 0.0344621 
531 396 10 13 0.034341767 
872 144 10 12 0.034171093 
962 110 14 18 0.03406675 
965 391 9 12 0.033656098 
179 379 18 22 0.033530626 
293 252 23 28 0.033519838 
443 348 17 23 0.033032604 
551 397 10 13 0.032083385 
1005 400 11 13 0.031856164 
72 113 13 17 0.031765435 
13 270 8 11 0.031725157 
869 154 10 14 0.03147979 
59 365 24 28 0.03114901 
512 237 26 31 0.03113351 
47 448 21 27 0.031006705 
981 150 25 31 0.03097495 
48 430 25 29 0.030487683 
422 163 12 15 0.029825788 
849 151 8 10 0.029209746 
899 138 12 14 0.029094474 
42 244 13 18 0.028678944 
662 162 34 41 0.028646093 
639 234 13 16 0.02855415 
143 457 18 24 0.02842273 
950 132 24 29 0.028378872 
992 378 14 18 0.027984396 
994 145 24 33 0.027902374 
963 118 22 26 0.027820194 
431 413 11 14 0.027771806 
42 458 20 26 0.027492689 
559 526 12 14 0.027290056 
125 246 8 11 0.026835864 
990 335 11 13 0.026746161 
933 134 10 13 0.026566816 
416 174 23 31 0.026412578 
356 125 18 21 0.026256561 
1008 284 8 13 0.02615732 
670 121 16 21 0.026044302 
883 108 12 16 0.026028313 
247 449 10 12 0.026019081 
886 520 10 11 0.025975458 
925 142 20 24 0.025771985 
119 241 10 13 0.025509562 
623 215 42 49 0.025504585 
616 294 12 16 0.025502237 
955 132 40 45 0.025373971 
956 367 10 13 0.025164627 
413 405 8 10 0.024941288 
105 384 16 22 0.024923062 
876 380 10 13 0.024880316 
322 448 39 53 0.024802703 
687 327 13 15 0.02476354 
988 130 13 17 0.024667602 
930 498 16 21 0.024525613 
94 384 25 31 0.024521973 
970 324 9 13 0.024205662 
7 212 11 15 0.024146494 
286 225 10 13 0.024143772 
484 415 11 12 0.023822872 
637 96 15 18 0.023778828 
51 373 24 31 0.02373861 
721 338 17 21 0.023582716 
861 293 11 12 0.023498751 
921 326 9 11 0.023484875 
627 291 14 16 0.023301102 
690 331 13 15 0.02324226 
999 402 11 15 0.02323856 
420 182 14 18 0.023232773 
627 278 39 44 0.023128532 
982 107 13 17 0.023121864 
1008 279 8 11 0.02246297 
329 253 14 16 0.022377385 
983 363 10 13 0.02229746 
970 116 14 18 0.022227686 
518 408 8 12 0.022029849 
911 139 10 13 0.021845186 
529 392 9 11 0.021527292 
865 151 9 11 0.021466551 
496 398 12 14 0.021197839 
75 101 18 23 0.021130858 
293 246 15 16 0.021125048 
49 418 26 29 0.020817239 
964 103 12 15 0.020808477 
324 368 10 13 0.020780554 
714 251 16 21 0.02076332 
238 461 13 18 0.020752633 
991 328 9 10 0.020708272 
975 216 11 14 0.020686146 
698 102 34 37 0.020650178 
442 158 43 50 0.020588888 
933 154 11 16 0.020451294 
572 414 13 15 0.020415206 
972 108 12 16 0.020239187 
242 454 9 12 0.020218337 
13 276 9 11 0.02020157 
98 113 18 24 0.020185813 
971 223 18 19 0.020166479 
974 324 9 12 0.020165943 
16 425 27 34 0.020041497 
