33_Running_Running_33_286
53
479 291 53 72 0.9989208 
70 342 11 14 0.11108366 
23 485 9 12 0.091063924 
148 485 9 11 0.086390965 
661 471 8 9 0.075508766 
865 477 7 9 0.07362905 
848 472 9 11 0.06873763 
823 485 8 10 0.061105393 
656 479 9 11 0.047770284 
873 476 8 10 0.044930704 
606 472 6 10 0.042896803 
920 472 7 9 0.042887233 
696 478 9 11 0.041883666 
818 472 7 9 0.038265973 
162 488 8 9 0.036383327 
889 471 8 9 0.035974044 
674 479 9 10 0.034137327 
1005 368 13 19 0.03399005 
716 476 10 13 0.033946816 
71 493 8 10 0.032924175 
818 479 7 10 0.032784715 
166 488 7 10 0.032394767 
677 473 8 10 0.031689588 
432 477 115 129 0.030633591 
853 472 8 10 0.030529654 
597 429 10 13 0.030123536 
657 465 7 9 0.029924624 
873 392 8 10 0.029901698 
638 472 8 9 0.029323643 
612 432 9 11 0.029274441 
855 592 11 14 0.027906733 
711 473 10 12 0.027341865 
792 471 7 10 0.026886687 
608 430 9 12 0.026802395 
696 576 10 12 0.025733743 
702 475 11 13 0.025581209 
54 493 8 10 0.025305862 
1008 407 10 13 0.025121357 
647 481 8 11 0.024900967 
85 486 8 10 0.024896894 
744 590 9 13 0.024670757 
806 479 8 9 0.024314953 
689 600 8 10 0.023925193 
733 480 8 10 0.023602983 
818 484 9 11 0.023472587 
674 471 8 11 0.023368787 
831 472 8 9 0.022137027 
866 409 8 10 0.021901391 
640 479 8 11 0.021768756 
703 575 9 12 0.021524835 
1010 988 9 13 0.021517843 
230 387 11 13 0.020366266 
661 479 8 10 0.020333549 
