33_Running_Running_33_316
135
858 204 44 58 0.9978581 
760 153 48 65 0.9974438 
627 183 45 57 0.9972831 
404 186 44 55 0.9971329 
218 168 41 56 0.99500054 
154 186 39 54 0.9927159 
525 221 42 54 0.9908194 
853 114 14 19 0.9897558 
261 171 39 52 0.9756296 
326 173 26 35 0.97142845 
353 176 39 51 0.95008904 
894 122 13 17 0.9489174 
573 130 14 19 0.9247381 
693 152 19 24 0.91625625 
547 124 13 16 0.91389596 
428 125 15 18 0.912654 
477 232 38 41 0.88334316 
914 133 12 16 0.8710136 
666 132 15 20 0.7893143 
426 161 32 39 0.7764623 
819 114 14 16 0.7410155 
718 138 14 19 0.7251652 
285 103 13 18 0.7173675 
183 131 16 20 0.6164894 
459 121 12 14 0.5124032 
786 123 14 17 0.4674882 
35 114 13 16 0.39214233 
648 113 17 20 0.3416888 
103 159 11 14 0.24849674 
475 131 12 16 0.22588335 
780 121 23 28 0.19207914 
41 174 9 13 0.16593549 
511 139 11 13 0.14549573 
268 125 14 19 0.14033948 
771 311 22 27 0.12502225 
500 224 40 51 0.11742314 
472 127 11 15 0.110824205 
410 109 9 12 0.10188232 
815 118 14 19 0.10090795 
475 138 14 19 0.09668336 
674 62 10 12 0.09377282 
649 136 20 27 0.07777114 
652 125 16 21 0.07720022 
44 113 12 14 0.07677744 
324 135 13 18 0.07663476 
823 130 12 15 0.07642458 
383 99 8 10 0.06914917 
73 176 10 11 0.0683285 
138 206 15 23 0.06635017 
341 171 35 44 0.06563564 
480 101 11 14 0.06535696 
72 179 13 18 0.06448795 
365 137 14 16 0.0623367 
516 135 10 13 0.060840882 
502 90 14 17 0.057480488 
415 154 29 32 0.05707174 
614 326 38 43 0.055758182 
279 148 31 36 0.053337134 
98 158 9 13 0.04929498 
376 95 8 11 0.04845284 
468 217 34 40 0.04777333 
593 123 12 16 0.04421937 
147 195 29 42 0.04152964 
898 391 16 20 0.041294545 
472 144 13 18 0.04113916 
647 144 13 18 0.0394652 
660 126 15 20 0.03812476 
96 208 11 13 0.03781414 
641 108 12 17 0.037536714 
505 139 12 15 0.03744354 
392 110 9 11 0.037321962 
925 227 26 33 0.036731165 
366 103 8 10 0.03652124 
51 111 11 14 0.036121264 
397 111 9 11 0.03611258 
326 107 11 14 0.035865117 
318 128 22 29 0.033988073 
118 156 11 15 0.033515934 
670 142 14 18 0.03337431 
103 170 11 13 0.032573204 
466 118 12 15 0.032343708 
376 114 11 13 0.03233913 
63 94 10 12 0.031123864 
818 118 19 25 0.0309338 
752 279 26 30 0.030819187 
110 173 9 12 0.029903313 
799 123 39 55 0.029481415 
505 163 23 27 0.028708713 
596 118 11 15 0.028596925 
512 128 10 13 0.02853075 
361 134 22 26 0.027987925 
697 30 10 14 0.027808161 
381 111 10 11 0.027467087 
216 103 10 14 0.027418794 
274 129 15 18 0.027131222 
493 99 12 14 0.026701467 
611 181 32 42 0.026687514 
757 0 13 11 0.025685709 
645 104 15 17 0.025578551 
460 215 24 32 0.025254184 
388 101 9 11 0.02450726 
683 207 25 29 0.024494167 
888 386 22 27 0.024357565 
469 86 9 11 0.024194987 
441 153 18 22 0.02389676 
464 86 10 12 0.023864513 
412 103 10 14 0.023441462 
952 165 10 13 0.023253575 
54 181 10 13 0.023221377 
397 116 9 12 0.023030235 
910 129 13 16 0.0229754 
947 235 13 16 0.022857696 
314 170 17 22 0.022702295 
508 84 13 19 0.022572167 
685 46 8 10 0.02224152 
316 164 13 17 0.022219405 
473 101 11 15 0.022068294 
467 202 32 37 0.02189738 
702 30 9 13 0.021810615 
702 37 9 12 0.021488452 
938 224 25 34 0.021289904 
454 128 12 16 0.021098305 
664 40 8 10 0.020963574 
43 177 12 16 0.020915393 
480 95 9 13 0.020739846 
647 32 8 9 0.020587351 
100 154 19 24 0.020567758 
496 92 13 16 0.02055367 
331 108 12 14 0.020494057 
407 94 8 10 0.020470653 
826 111 12 15 0.020276666 
897 123 17 22 0.020220242 
32 120 13 15 0.020194072 
675 65 12 14 0.020110274 
112 92 10 12 0.02003281 
