47_Matador_Bullfighter_Matador_Bullfighter_47_636
17
81 114 114 68 0.88288033 
612 89 435 430 0.0908902 
322 173 357 453 0.07662171 
152 141 179 214 0.070409425 
109 116 70 41 0.064950705 
60 110 207 168 0.054130577 
197 242 134 119 0.047328886 
249 178 141 148 0.044239093 
379 22 448 528 0.041671317 
901 145 130 185 0.04104304 
72 123 45 39 0.03447805 
127 107 46 35 0.032385774 
93 123 60 41 0.031451475 
337 506 138 94 0.029155048 
108 158 54 40 0.028737282 
208 165 223 245 0.02726603 
761 493 30 37 0.026524048 
