47_Matador_Bullfighter_matadorbullfighting_47_72
20
636 7 23 29 0.99564785 
508 11 28 33 0.9754505 
750 5 23 29 0.97169757 
687 -1 24 28 0.9617064 
572 9 24 29 0.86183506 
914 6 26 30 0.81323564 
327 59 55 63 0.7963233 
227 2 25 26 0.72355115 
974 13 21 26 0.6115323 
832 421 82 131 0.43998593 
783 414 103 143 0.12885639 
998 20 16 19 0.10068339 
311 125 498 469 0.041176192 
975 8 13 16 0.035593472 
915 19 19 24 0.033354286 
325 82 34 39 0.032131672 
565 23 25 31 0.026188955 
706 29 17 21 0.025188385 
372 317 40 35 0.022642627 
850 373 113 170 0.020767245 
