47_Matador_Bullfighter_matadorbullfighting_47_354
20
920 425 18 22 0.08220905 
649 339 26 36 0.06864938 
283 288 47 41 0.06538111 
664 389 50 83 0.044744883 
19 287 360 475 0.040686756 
269 262 73 60 0.035737365 
792 384 58 99 0.03551752 
152 224 392 410 0.034467354 
241 257 68 62 0.033222623 
484 291 381 474 0.032395434 
624 369 26 29 0.03217127 
280 358 245 233 0.025060905 
245 281 118 103 0.024599925 
665 323 84 126 0.024282489 
909 447 10 12 0.024135616 
772 494 37 40 0.023791915 
898 419 17 23 0.021521859 
672 329 51 79 0.021352123 
292 245 431 471 0.021246227 
646 378 88 133 0.02123676 
