47_Matador_Bullfighter_matadorbullfighting_47_300
97
817 339 32 32 0.99783045 
225 545 34 31 0.9924549 
839 98 27 32 0.9863468 
12 156 24 34 0.9821499 
927 359 30 39 0.97726554 
10 0 23 26 0.77283466 
93 476 31 37 0.6954569 
531 349 33 37 0.26573917 
173 -1 76 69 0.26287755 
442 117 139 120 0.24162048 
37 264 22 26 0.20198458 
125 546 34 27 0.18177013 
858 556 18 19 0.17574807 
827 16 27 32 0.16004655 
50 305 19 29 0.15089428 
996 298 25 35 0.145726 
75 248 15 22 0.13876277 
122 303 19 22 0.11824552 
302 178 32 49 0.114650354 
900 436 13 17 0.10875161 
549 402 10 13 0.095048524 
615 389 31 40 0.09312925 
380 336 35 39 0.08075131 
233 1 54 45 0.06998983 
174 537 22 27 0.067038454 
60 345 17 23 0.06622916 
35 167 18 21 0.06612101 
144 555 17 19 0.06473116 
832 3 30 29 0.062209643 
638 49 62 59 0.05955704 
262 158 57 63 0.05789387 
943 357 31 36 0.056269303 
21 162 26 33 0.053866323 
41 315 22 28 0.052692715 
394 55 199 227 0.051361684 
123 175 45 70 0.04746216 
949 385 27 31 0.046053257 
18 392 15 21 0.045838695 
471 139 89 69 0.04393932 
128 299 17 19 0.043316036 
491 288 36 43 0.041765425 
890 71 24 32 0.036244016 
45 373 16 19 0.03623907 
576 448 39 40 0.035693876 
24 2 15 18 0.035570584 
234 187 48 58 0.034729943 
819 9 15 18 0.03425736 
628 41 93 99 0.03425244 
885 9 17 21 0.03368885 
942 373 28 31 0.032693245 
5 137 27 39 0.031334355 
376 202 52 63 0.03115076 
249 5 21 25 0.03045026 
134 535 47 44 0.029806513 
3 100 24 34 0.029481774 
10 104 16 20 0.029348722 
4 145 39 54 0.029331509 
123 130 53 61 0.029104343 
846 90 20 26 0.028571667 
903 19 57 62 0.028047103 
134 143 30 36 0.027607981 
165 161 54 73 0.027558211 
136 121 94 108 0.027556574 
334 374 25 40 0.026742486 
615 350 44 53 0.026114894 
17 148 19 26 0.0260743 
211 -21 351 424 0.025888389 
307 332 89 105 0.025838636 
587 0 44 48 0.02541784 
805 7 32 33 0.02525099 
28 318 25 27 0.025249254 
926 367 17 23 0.02475271 
178 532 17 20 0.024060411 
552 440 52 60 0.023850776 
173 135 59 69 0.023189893 
790 13 34 35 0.022876294 
363 185 51 64 0.0227476 
889 424 23 30 0.022686834 
250 176 54 63 0.022604272 
962 387 16 22 0.022499012 
1007 305 15 22 0.022388414 
892 7 56 52 0.02226713 
45 353 26 31 0.02226144 
899 433 23 28 0.021812862 
44 327 16 21 0.021702604 
47 271 17 21 0.021448659 
287 183 52 67 0.021444095 
888 11 32 30 0.021272797 
666 61 37 44 0.021203477 
822 103 16 20 0.02111798 
644 70 40 43 0.021096637 
8 204 27 41 0.0206299 
73 476 27 33 0.020618236 
71 490 45 42 0.020584049 
104 464 28 43 0.020538816 
44 258 22 27 0.020392224 
341 381 12 18 0.020231983 
