47_Matador_Bullfighter_matadorbullfighting_47_777
17
585 79 218 272 0.9999261 
232 550 94 133 0.08285603 
498 176 19 22 0.08230086 
58 -7 374 474 0.053239338 
791 408 248 252 0.040409986 
808 115 100 154 0.03611746 
905 485 128 169 0.034338307 
471 117 94 120 0.034002963 
790 97 199 252 0.031624664 
756 318 398 412 0.031599514 
21 360 175 220 0.028736407 
472 185 29 32 0.02528373 
518 152 31 41 0.024038281 
270 529 102 134 0.023597522 
427 281 106 135 0.021561472 
355 484 50 65 0.020576132 
-2 467 89 156 0.020009037 
