47_Matador_Bullfighter_Matador_Bullfighter_47_631
48
732 83 38 61 0.98598206 
92 48 15 20 0.6691795 
982 66 20 27 0.22072667 
368 46 47 65 0.14223687 
944 0 28 32 0.09751349 
150 54 15 20 0.08873216 
765 3 24 26 0.0746726 
124 -2 17 15 0.07411643 
881 15 17 20 0.0714409 
557 56 18 23 0.067918025 
390 342 232 268 0.063812606 
618 456 119 129 0.052910797 
644 56 15 18 0.045009352 
564 221 373 493 0.043867376 
456 397 142 151 0.040736154 
246 290 56 71 0.04072994 
75 111 17 21 0.040595174 
249 -1 18 19 0.03786516 
156 116 14 18 0.03277657 
725 16 16 22 0.032157663 
782 164 32 33 0.032124363 
69 83 17 22 0.031912226 
383 180 367 417 0.031169306 
516 377 113 143 0.03075797 
125 140 16 22 0.030406313 
974 108 24 28 0.03024966 
649 476 63 74 0.030148406 
358 69 64 68 0.028961554 
571 1 17 20 0.028748922 
165 254 433 479 0.028557438 
581 435 92 132 0.027852278 
496 1 19 21 0.02764499 
693 518 16 21 0.025917616 
368 134 48 42 0.025736216 
518 353 186 254 0.025138132 
84 164 14 18 0.025099022 
611 0 16 20 0.025050275 
234 262 90 117 0.024993714 
661 131 14 18 0.024855305 
29 49 14 19 0.023806954 
201 57 20 22 0.022941217 
342 126 115 123 0.022570081 
802 188 14 16 0.022419013 
179 0 17 18 0.022036957 
251 317 34 43 0.021201164 
289 0 21 18 0.020726396 
792 180 26 27 0.020567577 
689 86 17 22 0.02025686 
