47_Matador_Bullfighter_matadorbullfighting_47_236
235
388 276 93 107 0.9987801 
67 196 17 21 0.9633439 
35 191 16 22 0.9058496 
828 126 25 28 0.89032656 
750 48 14 19 0.863668 
155 140 16 19 0.8499004 
112 195 17 21 0.83599 
388 188 25 31 0.826799 
717 108 19 22 0.8171364 
124 180 15 17 0.7544168 
351 195 20 26 0.7518225 
160 179 16 19 0.69066316 
387 138 17 21 0.6358893 
681 42 13 18 0.6196122 
265 206 19 23 0.6124507 
87 108 15 20 0.5991756 
603 191 17 20 0.5720482 
591 126 19 22 0.49586082 
795 117 15 19 0.49516538 
54 210 15 19 0.47375458 
993 97 18 22 0.47229216 
436 128 16 19 0.42502016 
365 178 21 28 0.42457464 
94 185 13 16 0.40925384 
417 122 15 20 0.40681863 
414 974 244 298 0.3828444 
945 48 15 19 0.352322 
548 204 15 20 0.34791556 
160 175 12 14 0.343949 
279 119 18 21 0.34246835 
357 189 21 26 0.29848754 
729 184 15 18 0.23997468 
225 256 9 12 0.21290661 
777 100 14 17 0.2099701 
854 156 13 17 0.20110966 
232 204 17 19 0.20084998 
156 257 11 15 0.17534639 
638 171 11 15 0.15031295 
638 185 12 16 0.14855492 
101 212 12 16 0.13851044 
85 148 10 12 0.13076097 
517 109 23 27 0.12515591 
645 169 13 16 0.12453164 
376 181 22 29 0.11708618 
80 147 10 13 0.10848799 
384 144 15 20 0.10704797 
97 157 10 13 0.10627049 
414 192 15 19 0.09524094 
121 175 13 14 0.09211498 
59 170 13 15 0.08953449 
795 127 16 19 0.088371344 
296 806 399 462 0.08613327 
929 86 10 13 0.08452459 
216 207 11 13 0.08395454 
129 185 13 16 0.08198395 
713 209 12 15 0.0815087 
706 178 13 16 0.08114108 
118 159 9 12 0.08018377 
424 122 20 25 0.077889614 
839 129 18 20 0.07267127 
263 182 40 47 0.07189838 
991 79 27 33 0.06808736 
238 118 12 16 0.065490775 
186 238 8 10 0.062075745 
164 203 14 18 0.061232824 
621 178 15 19 0.058267124 
443 126 12 17 0.05523227 
72 142 10 14 0.055227444 
342 198 16 22 0.052837797 
597 177 38 46 0.05199061 
876 92 40 53 0.05164767 
963 82 12 16 0.050843533 
419 189 12 16 0.050646104 
102 150 10 12 0.049716104 
437 150 12 16 0.04826827 
70 171 12 15 0.047833983 
322 200 17 20 0.047123034 
454 185 23 28 0.047110744 
815 165 13 17 0.046791248 
62 201 16 20 0.046657175 
400 193 17 22 0.046428278 
289 198 24 30 0.0463884 
682 69 12 16 0.046208248 
455 162 13 17 0.04615402 
384 132 16 20 0.046124507 
181 184 9 12 0.045747966 
152 188 10 14 0.04504799 
610 175 22 28 0.04490691 
112 156 11 14 0.044366878 
64 149 9 11 0.04421901 
629 194 12 14 0.042643424 
153 133 13 17 0.042272493 
283 179 27 29 0.042007156 
89 185 12 16 0.041604564 
414 138 15 19 0.04152509 
628 171 14 19 0.041287757 
95 150 10 12 0.041105594 
392 143 16 20 0.040585015 
125 157 11 14 0.039695166 
109 148 11 14 0.039111644 
436 160 16 21 0.03908497 
113 163 11 13 0.039038304 
120 194 16 19 0.038650136 
155 186 23 26 0.037816618 
458 181 16 19 0.03689756 
824 130 16 19 0.036815796 
583 123 14 20 0.036481768 
562 141 15 19 0.036308877 
0 189 8 13 0.035708982 
515 118 17 23 0.03547798 
153 119 8 10 0.03532705 
542 105 14 19 0.03531302 
86 157 10 14 0.034693096 
444 147 13 16 0.034638185 
740 90 17 19 0.03424427 
227 182 22 25 0.033799846 
230 191 22 26 0.033771515 
386 204 18 24 0.033509843 
307 108 15 17 0.033248413 
162 131 14 18 0.033154998 
582 138 23 28 0.032746013 
173 187 11 15 0.032551333 
748 210 13 14 0.032418452 
753 90 15 18 0.032206573 
157 128 14 17 0.03204009 
80 157 10 13 0.031845257 
143 133 10 12 0.031624828 
381 186 43 49 0.03125563 
775 123 13 16 0.031201111 
529 119 17 21 0.0311827 
682 188 13 17 0.031087132 
87 165 9 11 0.03104056 
326 169 13 17 0.030765403 
94 163 11 13 0.030734625 
4 265 12 15 0.03029618 
219 211 11 13 0.03016214 
612 186 25 28 0.030117048 
191 129 11 15 0.029717596 
108 141 12 15 0.029635686 
76 171 12 15 0.029319912 
487 284 12 16 0.029257704 
701 173 20 25 0.02924784 
190 110 9 12 0.02921619 
639 175 19 25 0.029174227 
608 497 27 32 0.029165497 
974 42 12 15 0.029124688 
438 132 21 26 0.029093951 
652 216 13 16 0.02903739 
980 94 25 33 0.028843869 
94 175 13 15 0.028742423 
724 205 15 17 0.028631868 
484 160 12 15 0.028467603 
702 203 10 15 0.028379513 
65 143 9 12 0.02821843 
580 148 15 18 0.028066449 
903 140 24 28 0.028006364 
751 205 10 12 0.027897744 
995 85 17 19 0.027739549 
152 126 10 13 0.027601507 
698 180 10 14 0.027391996 
223 126 12 14 0.027391741 
667 492 27 34 0.027250819 
372 216 15 18 0.027215296 
905 146 14 16 0.026946155 
779 128 13 16 0.026769333 
601 130 14 19 0.026476858 
119 150 10 13 0.026452068 
670 506 14 17 0.02638909 
433 882 379 472 0.02629577 
375 146 14 19 0.026273489 
764 162 13 17 0.026065411 
631 477 26 32 0.025966214 
635 167 19 24 0.025950564 
480 162 12 15 0.02577053 
725 194 15 17 0.025599137 
683 183 11 14 0.02498808 
152 251 19 24 0.024906266 
347 174 21 29 0.024859149 
802 92 14 16 0.024847008 
216 133 12 14 0.024299534 
781 117 21 26 0.024113603 
731 209 13 15 0.024099661 
226 130 15 18 0.024012027 
522 299 10 13 0.02399133 
77 178 12 16 0.023956336 
825 119 39 48 0.023461148 
290 123 13 17 0.023337217 
110 172 11 13 0.023294833 
670 481 24 28 0.023171157 
392 133 15 18 0.023112552 
124 163 14 15 0.023032296 
251 180 15 19 0.022874499 
434 144 21 28 0.022833657 
1000 99 17 23 0.022827076 
956 78 21 26 0.022620764 
381 209 14 19 0.022393974 
268 73 14 17 0.022294948 
143 139 12 15 0.022109734 
171 201 14 19 0.022072587 
718 76 12 14 0.022044033 
773 200 9 12 0.022015702 
228 122 14 17 0.021932093 
106 201 21 24 0.021712206 
358 363 53 72 0.02160543 
616 164 24 30 0.021575294 
654 99 12 15 0.021538785 
938 124 29 33 0.02151868 
143 187 11 15 0.0214785 
0 195 9 15 0.02144452 
741 182 12 15 0.02142511 
589 182 24 29 0.021393312 
453 162 22 27 0.021337682 
356 201 22 28 0.02131259 
157 168 12 14 0.021256506 
943 76 43 49 0.021222338 
171 570 17 17 0.021173364 
587 185 15 19 0.021112505 
599 246 14 18 0.021062845 
483 197 14 19 0.02105902 
625 181 20 26 0.021011425 
173 131 11 15 0.021001041 
158 119 9 11 0.020932682 
341 171 14 18 0.020928869 
349 171 13 19 0.020794787 
1006 131 16 20 0.020752825 
99 207 20 26 0.020741565 
192 161 12 16 0.020717934 
489 75 12 14 0.020716412 
957 46 11 15 0.020625088 
682 174 8 11 0.020580156 
655 482 15 19 0.020459086 
214 173 12 15 0.020262927 
616 489 28 32 0.020072637 
128 595 36 43 0.020065984 
139 147 14 16 0.020058924 
