47_Matador_Bullfighter_matadorbullfighting_47_42
32
221 96 44 59 0.9953107 
159 95 35 45 0.39738166 
527 0 25 22 0.33613816 
270 101 32 42 0.25245166 
97 -1 18 15 0.11567684 
637 -1 19 14 0.07371005 
805 -1 26 19 0.07267185 
791 28 24 26 0.07078751 
419 0 53 51 0.06592963 
942 1 41 34 0.05854451 
424 53 12 14 0.050117325 
84 0 26 22 0.04840718 
250 149 23 31 0.04613043 
530 12 18 21 0.045352273 
661 678 10 12 0.042735517 
707 -1 20 14 0.038780574 
741 48 17 18 0.03456101 
350 19 12 12 0.034454357 
124 0 16 13 0.03227243 
272 75 42 58 0.030712025 
373 52 11 14 0.030434668 
317 13 14 14 0.03037097 
129 0 17 18 0.029486524 
423 91 14 17 0.029292729 
153 -1 28 23 0.029098272 
795 511 49 47 0.02610967 
220 6 16 21 0.024499305 
852 341 117 138 0.023819856 
964 525 30 38 0.022450088 
198 4 27 33 0.02238044 
172 42 47 62 0.022294644 
426 57 15 16 0.020303352 
