47_Matador_Bullfighter_matadorbullfighting_47_779
38
783 254 39 50 0.9844313 
803 117 35 48 0.98070896 
784 388 37 48 0.97272485 
976 731 15 19 0.17718995 
47 306 21 32 0.13736324 
987 150 15 19 0.13114662 
941 146 11 17 0.11018123 
1012 287 11 18 0.054423753 
925 546 11 16 0.047730282 
0 49 13 23 0.039163783 
942 583 10 13 0.039039884 
981 489 12 15 0.03788482 
885 677 10 12 0.03626458 
954 142 21 26 0.036079016 
1007 148 13 19 0.034620155 
945 141 19 27 0.034088444 
949 153 13 18 0.03258826 
412 662 25 34 0.031497285 
978 744 14 18 0.03083037 
995 148 14 19 0.030361691 
0 316 39 66 0.02982412 
116 562 26 37 0.02978143 
981 669 11 14 0.029601205 
913 133 17 20 0.029172888 
974 148 12 15 0.027594494 
135 537 28 32 0.025438124 
2 405 23 35 0.025210276 
405 671 25 32 0.02406441 
981 533 24 35 0.023515023 
987 712 14 17 0.023234826 
962 145 16 20 0.022615109 
54 380 13 19 0.022595296 
982 547 11 16 0.021790303 
1013 143 10 15 0.021421064 
949 162 14 18 0.021404425 
976 547 11 15 0.021130256 
931 547 12 18 0.02071678 
967 740 13 17 0.0204722 
