47_Matador_Bullfighter_matadorbullfighting_47_511
1386
411 265 14 18 0.5977487 
991 97 7 9 0.5901673 
143 39 7 10 0.57787704 
764 273 10 12 0.49198318 
441 6 7 9 0.453879 
782 63 7 10 0.44610745 
429 17 7 10 0.43501154 
289 45 7 10 0.40481138 
239 575 11 14 0.38920978 
815 561 14 16 0.3575183 
69 566 12 16 0.3561917 
769 546 12 15 0.33918247 
690 8 408 451 0.33334202 
996 475 10 13 0.33293137 
972 133 9 11 0.32655326 
959 116 9 11 0.318268 
276 580 14 17 0.31700903 
320 61 8 11 0.31296033 
307 84 8 12 0.3114812 
293 46 8 9 0.29400152 
918 497 11 16 0.29391804 
951 151 8 9 0.27363732 
5 73 8 10 0.26857913 
224 89 7 8 0.25425345 
746 64 6 9 0.24303879 
306 79 8 11 0.23479761 
833 563 11 16 0.23006666 
472 47 6 8 0.22813225 
967 63 7 9 0.21811439 
69 80 8 10 0.21659307 
0 115 8 12 0.21631862 
600 54 9 12 0.21563627 
405 24 8 11 0.2143666 
390 36 8 10 0.21119153 
961 94 9 10 0.20675562 
121 71 8 10 0.20663694 
846 56 7 10 0.20561571 
931 492 12 17 0.20519924 
728 68 8 10 0.20486414 
554 64 7 9 0.20428768 
431 589 10 13 0.20427047 
958 72 7 10 0.19639556 
175 56 7 9 0.1947731 
698 23 8 11 0.19475624 
33 70 8 10 0.19134182 
176 86 7 10 0.19126014 
940 572 13 17 0.1881448 
863 524 12 16 0.18580922 
383 48 7 9 0.18545765 
535 32 7 9 0.18313597 
63 15 7 9 0.18209024 
570 96 9 12 0.18146451 
834 88 7 9 0.18003687 
976 22 8 10 0.17991309 
949 500 14 17 0.17967446 
637 296 9 11 0.17810012 
786 507 14 17 0.17397721 
1004 126 9 13 0.1734156 
660 57 8 10 0.17243077 
159 72 7 10 0.17090134 
889 31 7 10 0.16800642 
19 593 13 18 0.16624899 
984 78 6 10 0.1645795 
502 37 7 10 0.16227658 
206 89 8 10 0.15994947 
196 568 15 17 0.1582587 
912 46 7 9 0.1576336 
215 77 7 9 0.15479162 
89 23 7 8 0.15434203 
918 111 7 9 0.15377486 
1004 613 16 25 0.15074302 
137 128 9 11 0.15012906 
718 79 7 9 0.14779058 
754 94 8 10 0.14749943 
412 255 10 12 0.14728889 
807 64 8 10 0.14718828 
298 54 8 10 0.14580818 
611 488 13 16 0.14373276 
161 77 7 9 0.1436712 
266 8 7 8 0.14348936 
155 69 6 10 0.14340095 
33 125 10 11 0.14326881 
248 7 7 9 0.14294639 
845 517 15 19 0.14279367 
872 119 8 10 0.14207307 
967 39 6 8 0.14114128 
936 576 12 17 0.14034893 
57 50 8 9 0.14007314 
622 7 7 10 0.13971144 
254 62 7 9 0.13935627 
183 604 15 20 0.13880813 
882 48 7 8 0.13831826 
361 32 8 10 0.1382178 
125 70 8 11 0.13783965 
853 116 8 12 0.13695802 
89 54 6 8 0.1356765 
338 88 7 9 0.13528371 
416 8 7 10 0.13464281 
141 128 8 10 0.13451695 
111 554 11 13 0.13379557 
855 31 8 10 0.13355492 
566 36 8 10 0.13355373 
244 565 10 13 0.13328959 
943 54 7 10 0.13262722 
345 62 8 10 0.13248466 
521 38 7 9 0.1318285 
896 128 8 10 0.13124235 
113 6 7 9 0.13067502 
700 575 12 14 0.13055785 
953 77 8 10 0.1304234 
12 587 16 21 0.12980902 
913 144 7 9 0.12890936 
801 30 7 9 0.12860928 
808 89 7 9 0.1281975 
131 606 16 19 0.12806094 
147 579 12 16 0.12687846 
590 1 8 9 0.12546478 
912 531 11 15 0.12530337 
742 587 10 12 0.12469586 
30 14 8 11 0.123903416 
566 121 8 12 0.12371895 
593 76 9 11 0.12363658 
472 65 7 9 0.12272084 
22 104 8 11 0.12241224 
426 55 7 9 0.12202189 
31 53 7 10 0.121562846 
449 48 6 9 0.121027336 
850 112 8 10 0.11981023 
78 69 8 10 0.11917965 
593 6 8 9 0.11892901 
935 80 9 9 0.11887608 
295 2 6 8 0.118436396 
904 84 8 10 0.11790799 
103 22 7 9 0.11745 
305 72 7 9 0.11735054 
358 88 9 10 0.117287464 
763 588 12 15 0.11706917 
151 570 12 17 0.11668118 
97 151 8 10 0.115758255 
406 85 8 9 0.11540755 
6 586 14 19 0.1143032 
871 39 8 10 0.11369202 
353 87 8 10 0.11348883 
296 589 12 15 0.11336048 
725 32 8 9 0.11322695 
873 77 8 10 0.113171734 
824 6 7 9 0.11310758 
13 54 7 10 0.112488054 
912 41 7 9 0.111327745 
760 533 9 12 0.11072167 
387 39 8 9 0.11030824 
935 110 7 9 0.11020893 
166 23 6 8 0.10977108 
1001 86 7 10 0.10971836 
937 37 8 10 0.10910624 
697 72 7 9 0.10834319 
429 55 8 9 0.10749456 
934 87 10 12 0.1071991 
702 46 7 8 0.1064409 
751 23 8 10 0.10640902 
784 33 7 10 0.105710685 
321 21 7 9 0.10564259 
726 571 13 14 0.105197005 
609 30 8 10 0.1051814 
614 589 12 14 0.10466861 
456 38 8 10 0.10457183 
178 40 7 9 0.10379652 
122 77 8 9 0.10261474 
798 24 8 10 0.10215303 
308 104 10 12 0.10195183 
906 55 8 10 0.10182127 
878 507 9 12 0.101276375 
601 50 7 10 0.10083759 
670 14 8 10 0.100579984 
1002 536 9 12 0.0999864 
216 7 7 9 0.09986395 
910 56 8 10 0.0996983 
768 661 11 13 0.09941988 
958 172 8 10 0.09894999 
134 106 8 10 0.098596826 
322 17 7 9 0.09855219 
166 574 12 15 0.09852882 
456 77 8 10 0.09849881 
770 103 7 10 0.0983371 
759 56 8 9 0.097826146 
496 7 7 9 0.097454265 
650 579 17 19 0.09724135 
990 31 8 9 0.09632886 
494 572 16 19 0.09578936 
337 15 8 9 0.09524406 
183 45 7 9 0.09480269 
836 569 13 17 0.094538294 
858 97 7 9 0.09382807 
69 108 8 10 0.09378409 
246 33 7 9 0.09225391 
793 87 6 8 0.09164583 
737 619 17 20 0.09153938 
80 32 7 9 0.09139711 
727 37 7 9 0.09081345 
271 36 8 10 0.090744145 
576 77 8 10 0.08965646 
802 7 7 9 0.089584805 
888 95 8 10 0.08957869 
968 484 12 15 0.08951889 
934 17 8 10 0.08864359 
250 62 7 9 0.088331185 
962 15 7 10 0.08786347 
210 71 8 10 0.08726431 
498 62 8 9 0.08668706 
341 88 8 9 0.086571634 
57 142 8 11 0.08569869 
0 38 8 12 0.0856968 
866 517 13 17 0.08549284 
963 64 7 8 0.08482563 
38 102 8 11 0.083846755 
123 407 13 16 0.083717205 
378 585 13 15 0.08371235 
183 86 7 10 0.083549224 
798 108 8 11 0.08326517 
575 72 8 10 0.083177984 
878 73 8 10 0.082383 
713 95 8 9 0.08201158 
553 105 8 9 0.08200017 
238 69 8 9 0.08192433 
198 5 7 9 0.08147403 
823 38 7 8 0.08122277 
855 587 13 16 0.08102769 
638 112 8 10 0.080909535 
336 31 6 9 0.080872275 
281 16 7 10 0.080858536 
553 15 8 10 0.080835894 
782 56 7 10 0.0807616 
160 8 8 9 0.08030367 
287 21 8 9 0.08016486 
485 119 8 10 0.08000952 
457 32 9 10 0.07965029 
608 17 8 10 0.07928478 
713 39 6 8 0.07876623 
552 68 8 10 0.07863917 
337 54 8 10 0.078003325 
33 96 8 10 0.07783172 
574 52 8 10 0.07782113 
457 16 7 9 0.077452466 
895 38 7 10 0.07698052 
921 32 7 8 0.07674577 
851 522 13 17 0.07665737 
498 37 7 10 0.07643681 
479 13 7 9 0.07631451 
1005 87 7 9 0.076310426 
774 128 7 9 0.076068714 
763 2 7 8 0.07552429 
886 5 8 9 0.07520624 
609 22 8 10 0.07503876 
270 6 8 9 0.07500631 
105 61 7 10 0.07485117 
224 92 8 10 0.07468728 
950 132 8 11 0.07433657 
216 1 8 8 0.07417211 
296 5 7 9 0.07405613 
345 68 9 11 0.073656335 
887 55 8 10 0.07364888 
6 118 8 11 0.073614016 
761 61 8 9 0.07339097 
62 49 8 9 0.073255226 
301 55 8 9 0.073187895 
507 588 15 18 0.07312687 
79 557 11 16 0.073118724 
101 151 8 9 0.072820164 
902 518 9 12 0.07252022 
744 6 8 9 0.07242667 
243 7 7 9 0.07226267 
886 111 8 10 0.072194144 
265 69 9 11 0.07189664 
366 104 8 9 0.07153945 
839 86 7 10 0.0714844 
664 91 9 11 0.07132338 
245 579 12 14 0.07128554 
396 594 14 17 0.07085225 
576 6 9 11 0.07056892 
961 89 8 10 0.07055407 
842 646 13 14 0.07042906 
842 38 8 9 0.07019685 
368 6 7 9 0.07009203 
557 62 8 10 0.06998528 
759 89 7 9 0.0699823 
911 60 9 12 0.06990367 
182 39 8 10 0.069765925 
13 49 7 9 0.06942095 
677 6 9 9 0.0693887 
312 32 7 10 0.06921385 
745 68 8 10 0.06904601 
105 551 9 12 0.068713374 
969 168 7 9 0.068367 
750 69 7 10 0.067853734 
869 508 11 14 0.067757875 
696 77 8 10 0.06772695 
56 94 8 9 0.06762733 
558 14 8 10 0.06757668 
557 104 7 10 0.06750598 
668 89 9 11 0.06746352 
103 159 8 9 0.067413636 
432 38 7 9 0.06696925 
6 152 9 10 0.06637399 
337 47 8 10 0.06612936 
671 8 9 10 0.06603844 
937 104 7 10 0.06592805 
501 58 8 9 0.06580573 
240 132 8 9 0.06576721 
954 111 8 11 0.06563952 
936 141 8 10 0.06558058 
33 101 9 11 0.06555944 
343 121 9 10 0.06554701 
70 558 13 18 0.06533925 
343 56 7 10 0.06522028 
489 54 7 9 0.06516511 
520 46 7 9 0.06491645 
551 604 12 15 0.06490218 
74 63 7 10 0.064629875 
234 69 7 9 0.0645056 
68 -57 385 444 0.06441739 
687 40 6 9 0.0643195 
336 9 8 10 0.064266786 
82 539 14 16 0.06411443 
144 15 6 8 0.06365012 
846 37 7 9 0.063649744 
622 13 8 10 0.06358698 
23 33 8 9 0.06358567 
468 584 14 16 0.063076 
144 585 12 15 0.063042626 
666 13 7 10 0.063014366 
95 558 9 13 0.06275725 
17 109 9 11 0.062363964 
830 8 7 9 0.062126543 
942 33 7 9 0.061907906 
104 80 7 8 0.06189819 
943 497 13 17 0.06189445 
85 559 11 13 0.061738536 
416 13 7 10 0.061356544 
401 80 8 11 0.061307915 
242 32 8 10 0.06121589 
270 64 8 11 0.061171837 
831 49 7 8 0.06105871 
846 80 8 11 0.06102511 
848 32 8 10 0.06028392 
224 135 7 8 0.059892844 
520 581 11 14 0.05975337 
33 160 8 9 0.059749916 
901 548 8 12 0.05973845 
502 32 7 9 0.059659004 
464 72 7 9 0.059583347 
941 492 12 16 0.059482016 
103 86 8 10 0.059443947 
37 72 8 10 0.05940062 
342 14 8 10 0.05917515 
8 30 7 10 0.05909648 
625 40 8 10 0.059034668 
687 88 7 9 0.058866307 
797 589 13 16 0.05881356 
10 47 7 9 0.05879341 
568 8 7 10 0.05879091 
865 45 8 9 0.05867101 
472 7 7 9 0.05862787 
673 72 8 9 0.058606796 
461 585 14 18 0.05855497 
22 136 8 10 0.058412813 
924 571 13 19 0.058381625 
47 29 8 11 0.05835177 
177 46 8 10 0.058251675 
950 95 8 10 0.058133002 
677 70 9 11 0.058025062 
896 16 7 9 0.05794203 
920 39 7 9 0.057889342 
624 71 7 10 0.057859745 
711 581 12 14 0.057482086 
886 2 7 7 0.057230853 
112 103 7 10 0.05680647 
361 92 9 11 0.05674967 
749 64 7 9 0.05644649 
362 103 8 10 0.05623012 
847 587 10 14 0.056186456 
910 79 8 11 0.05611595 
703 72 6 9 0.055931862 
105 57 7 8 0.055783346 
181 31 8 10 0.055776656 
878 39 8 9 0.055683367 
681 116 9 11 0.05562835 
728 2 7 7 0.055505216 
825 54 7 8 0.05542685 
926 495 13 17 0.055365443 
216 14 7 10 0.05527527 
167 609 13 18 0.055080008 
223 38 7 8 0.054958586 
171 87 7 9 0.054846983 
586 111 8 9 0.054714616 
265 14 8 10 0.05467723 
30 32 7 9 0.054649077 
831 54 6 9 0.05459221 
930 92 9 11 0.054529883 
504 24 7 8 0.054527827 
414 56 7 10 0.0542889 
208 47 7 9 0.054239847 
957 76 8 10 0.054135203 
324 61 8 11 0.054035317 
560 8 8 10 0.05397001 
806 32 7 9 0.053867016 
97 7 8 9 0.05383975 
584 0 9 10 0.0537093 
521 34 6 8 0.05363872 
807 56 7 8 0.053597257 
120 158 8 10 0.05354825 
591 111 8 9 0.053420383 
167 73 7 10 0.05337349 
928 144 6 9 0.05327654 
986 39 7 8 0.05326011 
985 53 8 9 0.053224057 
734 64 7 9 0.053127907 
998 52 8 10 0.053117592 
31 120 10 10 0.053052686 
101 17 8 9 0.05294977 
896 79 7 9 0.05288797 
194 1 8 9 0.052878205 
278 54 8 10 0.052837886 
824 23 7 10 0.052822392 
193 6 8 10 0.052676614 
263 79 9 10 0.05238599 
861 101 8 10 0.052182794 
880 111 7 9 0.05210641 
1002 121 8 9 0.05201687 
119 46 6 9 0.051875092 
918 144 7 9 0.05166883 
985 48 7 9 0.051648013 
266 32 7 10 0.051634546 
321 7 7 9 0.05163175 
543 48 7 9 0.051577944 
444 6 8 9 0.05144924 
86 594 14 17 0.05141435 
714 80 7 9 0.05139566 
964 118 7 10 0.051319476 
135 0 7 7 0.051260825 
896 523 11 15 0.05105189 
649 85 8 11 0.051028565 
720 573 10 13 0.05102629 
606 60 9 11 0.050990548 
357 434 10 14 0.05092992 
1006 33 7 9 0.050918784 
352 8 9 11 0.05074075 
599 15 8 9 0.05072784 
474 30 8 10 0.05064334 
925 556 11 15 0.05043647 
103 555 9 13 0.050365403 
896 22 7 9 0.050355505 
63 53 7 9 0.05031855 
216 103 8 9 0.050267972 
312 581 10 12 0.050245203 
591 15 9 10 0.04991796 
110 2 8 8 0.049815506 
117 479 15 17 0.04977528 
232 24 6 8 0.049654778 
24 48 8 9 0.0496337 
863 137 7 9 0.049544547 
382 53 9 10 0.049514376 
295 583 12 14 0.04948887 
882 2 7 8 0.049381908 
913 70 7 9 0.04922537 
304 6 7 9 0.049160648 
638 70 11 12 0.04904968 
303 63 8 10 0.04902403 
844 579 11 16 0.049007192 
192 46 7 9 0.048991688 
96 156 8 10 0.048964284 
48 110 8 10 0.048897415 
116 555 10 13 0.04888464 
58 8 8 8 0.048882313 
825 47 7 9 0.04878415 
761 594 12 15 0.0487107 
783 68 7 10 0.048648227 
23 37 7 9 0.048569173 
384 78 7 10 0.048533387 
119 151 9 11 0.048526127 
496 56 7 9 0.048498444 
318 123 9 11 0.048407942 
325 56 8 10 0.04840675 
654 118 8 9 0.048294477 
577 2 9 10 0.047974873 
438 87 8 9 0.047882527 
806 37 7 9 0.047862966 
96 481 16 18 0.047825646 
669 576 13 15 0.0477819 
38 559 14 19 0.047718626 
609 36 9 10 0.04754585 
1000 49 7 9 0.04754186 
529 80 7 9 0.047300078 
605 55 9 11 0.047283567 
822 2 7 7 0.047169883 
119 169 7 9 0.047165535 
425 48 7 9 0.047050826 
879 17 7 9 0.047031928 
867 40 7 9 0.046917357 
836 538 13 17 0.04691335 
127 28 8 10 0.04690056 
871 5 8 10 0.046888612 
798 524 11 13 0.046867203 
290 1 8 8 0.046857785 
641 64 9 10 0.046789397 
678 57 7 8 0.04675602 
695 0 8 8 0.04675173 
941 37 8 9 0.0465983 
699 46 6 9 0.046587035 
632 46 8 10 0.046565235 
23 142 9 11 0.046542656 
568 79 8 11 0.046525344 
700 27 8 11 0.04636001 
127 66 8 9 0.046339955 
802 64 8 10 0.0463335 
776 48 7 9 0.046310693 
32 64 7 10 0.046284914 
173 572 10 14 0.04627687 
873 21 8 10 0.04608739 
478 64 7 9 0.046013102 
278 1 7 9 0.045880247 
254 7 7 9 0.04586851 
754 90 7 9 0.045839824 
537 48 7 9 0.04568062 
919 117 8 10 0.04548423 
612 594 13 15 0.045461703 
728 46 7 9 0.045314524 
534 80 6 8 0.04525634 
177 125 7 9 0.04509589 
777 54 7 10 0.045007892 
31 9 8 10 0.04475296 
869 561 16 18 0.04467047 
76 567 13 19 0.044660695 
542 600 12 17 0.044649232 
365 32 8 9 0.044634346 
943 135 9 10 0.044573266 
64 19 8 10 0.04450964 
96 21 7 10 0.04449831 
776 1 7 8 0.044462148 
511 15 7 10 0.04445696 
360 36 8 10 0.044452593 
600 104 8 10 0.04444545 
625 45 8 10 0.044426672 
632 104 8 10 0.044364803 
925 564 11 15 0.04429464 
882 104 6 9 0.04426045 
597 73 10 12 0.044189736 
989 39 7 8 0.04386686 
253 578 13 17 0.043765698 
224 32 8 10 0.043693908 
170 55 7 9 0.043593876 
102 94 8 10 0.043515634 
85 650 14 19 0.04347227 
856 78 8 10 0.043377183 
616 15 7 10 0.043341793 
599 109 7 9 0.043332994 
338 92 8 10 0.043301772 
750 127 8 9 0.04329862 
996 501 9 11 0.043129127 
875 524 11 16 0.04311515 
933 117 10 13 0.04311315 
975 55 7 8 0.04308269 
136 167 8 10 0.043058675 
97 16 8 10 0.04305073 
790 15 8 9 0.0428904 
379 606 12 16 0.042887487 
769 96 7 9 0.042763792 
250 22 7 9 0.04270502 
928 6 7 9 0.04270295 
986 32 7 9 0.042655744 
737 47 7 9 0.04259494 
966 16 7 10 0.04216943 
737 80 8 9 0.042098686 
431 0 7 8 0.042064484 
969 57 7 9 0.04193559 
454 47 8 9 0.041693524 
1006 94 9 10 0.041691884 
717 95 8 10 0.041679878 
928 2 7 8 0.041673508 
641 56 8 9 0.0415702 
904 8 7 9 0.04156859 
888 15 8 9 0.04135881 
161 14 8 10 0.041332453 
807 1 7 7 0.041306622 
175 61 8 9 0.04124564 
498 32 7 9 0.04123063 
360 2 7 8 0.04112625 
1005 142 8 11 0.041053016 
873 17 8 9 0.04096666 
47 159 10 12 0.040878955 
912 32 7 8 0.04081107 
797 571 14 17 0.04077796 
101 143 9 11 0.040735114 
630 586 12 14 0.04047095 
408 40 7 9 0.04043449 
744 47 7 9 0.040297873 
529 31 8 9 0.040280003 
14 60 8 11 0.040265977 
383 17 8 10 0.04024953 
596 6 9 10 0.04024795 
402 29 8 10 0.04022948 
490 48 7 9 0.040214986 
62 143 9 10 0.040203966 
984 73 7 9 0.040155977 
191 104 8 9 0.040075682 
728 5 7 9 0.04007013 
426 61 7 9 0.03997308 
808 109 8 10 0.039947864 
734 96 7 9 0.039933074 
682 87 7 9 0.03993128 
379 48 7 9 0.03990844 
442 80 7 9 0.039875433 
713 87 7 10 0.039800398 
792 81 6 8 0.03979401 
138 7 7 9 0.039690554 
583 15 8 10 0.039627675 
703 40 6 9 0.03953774 
87 112 8 11 0.03953584 
802 37 8 9 0.039516587 
313 611 16 19 0.039459538 
38 107 9 11 0.039346542 
221 6 8 9 0.039344095 
337 564 10 13 0.039281815 
519 71 8 10 0.039190426 
42 31 8 10 0.039182924 
896 6 8 9 0.039087083 
174 70 8 10 0.03904231 
409 61 8 10 0.038991164 
786 14 7 10 0.038892634 
161 152 8 10 0.03881678 
111 25 7 10 0.038787972 
606 48 8 9 0.038787972 
889 36 8 10 0.038711593 
87 17 8 10 0.038627982 
817 0 8 7 0.038515963 
954 168 9 11 0.038497794 
65 83 8 11 0.03841878 
590 31 8 10 0.038283013 
834 92 7 10 0.038280763 
746 142 7 10 0.038200006 
160 159 8 9 0.03810071 
789 38 7 10 0.038012262 
791 8 8 9 0.038012117 
173 608 14 21 0.037983388 
856 73 6 8 0.037977472 
416 638 8 10 0.03795165 
624 77 8 10 0.03784675 
121 29 7 9 0.037844233 
0 159 9 13 0.037842087 
391 5 8 10 0.037803177 
598 575 12 14 0.037788834 
896 2 8 7 0.037787028 
1004 148 9 11 0.037651584 
129 0 8 8 0.03760598 
350 630 13 17 0.03745105 
414 61 7 10 0.037408177 
721 73 7 9 0.037389975 
746 23 8 10 0.03737359 
445 593 13 16 0.037257187 
353 436 10 14 0.037241526 
602 126 8 10 0.03723614 
541 619 9 12 0.037235774 
326 103 8 11 0.03716359 
486 595 10 13 0.037161037 
136 70 8 10 0.037133053 
736 55 7 9 0.037110776 
250 14 7 10 0.037068933 
48 24 8 10 0.036969285 
767 88 7 9 0.036916055 
751 16 8 10 0.03691377 
628 484 12 15 0.036893185 
463 16 6 8 0.03685504 
352 1 9 9 0.03681149 
840 516 13 17 0.036804102 
487 125 8 10 0.036761716 
89 50 8 9 0.036696102 
730 137 7 10 0.036619186 
74 483 14 16 0.03660916 
542 563 10 13 0.036607917 
590 21 9 10 0.03660346 
960 101 9 10 0.03658344 
38 76 8 11 0.036544815 
474 14 7 9 0.036502983 
461 31 8 10 0.036493383 
656 47 7 10 0.03642385 
908 473 11 14 0.03637863 
655 79 8 11 0.036314905 
199 116 8 10 0.036284734 
990 47 8 9 0.03622267 
945 569 14 17 0.03620357 
952 145 8 11 0.0361427 
646 57 9 10 0.0361159 
240 54 8 11 0.036090992 
95 48 6 9 0.03602969 
832 79 8 11 0.03601478 
88 63 7 10 0.035903543 
639 116 8 11 0.03569513 
505 15 7 9 0.03569286 
751 39 8 9 0.035667002 
431 7 7 9 0.035626154 
729 88 7 9 0.035588827 
549 559 11 14 0.035545148 
520 77 8 10 0.035488877 
272 47 7 10 0.035470616 
175 0 7 8 0.035455484 
46 62 8 10 0.035373725 
102 7 8 9 0.03536382 
58 15 7 9 0.0353498 
568 14 7 9 0.035262797 
73 603 12 17 0.035261925 
857 55 7 10 0.0352199 
752 556 11 13 0.03508408 
639 5 8 9 0.035062596 
434 87 8 9 0.035050265 
447 22 7 9 0.035039976 
288 109 9 10 0.03501084 
664 38 8 11 0.034997743 
859 592 14 16 0.0349967 
221 1 8 9 0.034988005 
77 546 13 18 0.03475475 
188 614 14 18 0.034729462 
157 65 8 10 0.034708135 
298 61 7 10 0.03466095 
277 591 13 18 0.03463366 
12 595 18 23 0.034624435 
441 55 7 9 0.034561787 
697 40 7 9 0.034559526 
792 31 7 9 0.03448798 
513 592 16 19 0.034311563 
289 94 9 10 0.034307435 
247 56 9 11 0.03430243 
816 103 8 10 0.034301396 
505 120 8 9 0.034298304 
954 506 12 15 0.034197852 
734 141 8 9 0.034147494 
158 141 8 10 0.03414281 
425 588 10 13 0.03401413 
32 110 9 10 0.03398425 
919 94 8 10 0.03397151 
477 32 8 9 0.033966724 
63 73 7 10 0.03395662 
514 47 7 8 0.033894714 
281 48 8 9 0.033788517 
530 24 7 9 0.033771336 
441 72 7 9 0.033634245 
537 36 7 10 0.0336324 
38 96 8 9 0.033602938 
241 80 7 9 0.03354873 
987 96 8 10 0.03345489 
83 570 14 18 0.03345093 
67 105 7 10 0.033444032 
968 172 9 11 0.03342745 
472 24 7 9 0.033419874 
499 564 14 17 0.033363592 
447 78 8 10 0.0333559 
176 80 9 11 0.03335527 
74 70 7 9 0.033329297 
655 71 9 11 0.033306945 
15 149 9 12 0.0332683 
987 100 9 11 0.0332379 
448 53 7 9 0.0332218 
279 61 8 10 0.03320265 
103 71 7 9 0.033198673 
622 486 10 14 0.033151917 
783 0 7 8 0.033121284 
344 9 8 11 0.033100847 
1007 103 8 10 0.03303848 
130 105 8 10 0.033037305 
144 22 8 9 0.03297766 
760 151 8 9 0.032937724 
166 78 7 9 0.03293197 
633 109 7 10 0.032929216 
919 62 7 10 0.032906726 
881 52 9 11 0.03284661 
199 559 12 16 0.032804444 
889 24 7 9 0.032770485 
1007 4 8 10 0.032740366 
709 573 12 15 0.03273397 
734 137 8 9 0.03272709 
687 45 7 10 0.032713164 
650 117 8 10 0.032657553 
968 69 7 10 0.03257618 
448 73 8 10 0.03256654 
928 118 9 11 0.032541074 
583 77 8 10 0.032498788 
505 104 8 11 0.032484043 
869 529 13 15 0.03247775 
740 547 11 13 0.032456703 
701 112 8 10 0.032429356 
561 79 9 12 0.03242597 
157 136 9 10 0.03238794 
81 117 8 11 0.032387372 
721 36 8 10 0.032373246 
965 89 8 9 0.032331962 
817 31 7 10 0.03230059 
210 7 8 9 0.032258004 
481 80 7 8 0.03223252 
992 25 8 10 0.032231234 
761 5 7 9 0.032169774 
696 7 8 9 0.032147653 
966 32 7 9 0.032114137 
108 543 10 12 0.032074235 
143 71 7 9 0.032070898 
979 79 7 9 0.03200555 
832 14 6 9 0.031966414 
497 24 7 9 0.031911153 
40 37 8 10 0.031858105 
729 94 7 9 0.031825796 
325 22 7 9 0.03181723 
960 31 9 11 0.031813707 
257 80 8 10 0.031753063 
711 14 8 10 0.031748746 
292 103 9 11 0.031684972 
644 301 10 12 0.031682122 
320 68 9 10 0.03159176 
734 70 8 10 0.031589568 
767 55 8 10 0.031581562 
342 23 8 9 0.03152416 
690 16 6 9 0.03151017 
711 8 8 10 0.03143342 
466 7 6 8 0.031392824 
87 30 7 9 0.031371847 
799 580 13 15 0.031369496 
662 47 9 11 0.031355478 
778 31 7 10 0.031321622 
6 84 9 11 0.031277284 
192 55 7 10 0.03124065 
823 31 8 10 0.031223085 
919 79 7 9 0.031131603 
248 164 8 10 0.031106345 
424 32 7 9 0.03109641 
856 188 9 11 0.031075563 
359 6 7 10 0.031065956 
563 119 8 11 0.031036275 
368 108 8 10 0.030990763 
937 136 9 11 0.030898148 
260 575 10 14 0.03089173 
863 25 6 8 0.030839935 
562 125 9 11 0.030829014 
750 143 7 10 0.030799512 
193 566 11 15 0.030769506 
494 47 7 9 0.030695388 
432 33 7 9 0.030690609 
95 551 9 12 0.030670797 
519 8 7 9 0.030663451 
544 15 7 9 0.030632297 
903 110 6 9 0.03063087 
742 80 8 10 0.030596139 
896 111 7 9 0.030576242 
862 55 8 11 0.030548027 
918 46 8 9 0.030398106 
929 15 9 10 0.030343557 
533 561 12 15 0.03032653 
623 2 7 8 0.03030225 
951 102 8 10 0.03028129 
599 484 13 17 0.030279389 
563 32 7 11 0.03027441 
40 5 8 10 0.030220445 
1001 80 7 10 0.030174311 
677 2 9 8 0.030166632 
673 56 6 8 0.030150646 
510 22 8 9 0.030134197 
153 161 7 9 0.030130887 
477 587 12 16 0.03012034 
104 48 7 9 0.030075416 
248 586 12 15 0.030061398 
525 39 7 9 0.030051215 
118 7 7 9 0.0299412 
496 14 7 9 0.029919213 
808 104 7 10 0.02990371 
143 34 7 9 0.029889043 
427 20 8 10 0.029868905 
305 37 8 10 0.029863767 
392 78 7 10 0.02985197 
160 129 7 8 0.029837336 
575 121 8 11 0.029800642 
82 16 6 8 0.02979038 
461 78 8 9 0.029778928 
746 135 8 10 0.029706292 
84 142 9 11 0.029677205 
441 14 7 10 0.029635591 
80 37 7 10 0.029625142 
326 15 7 10 0.029621186 
584 64 7 10 0.029615114 
37 633 15 18 0.029603316 
134 580 13 16 0.029542623 
121 65 8 10 0.02953744 
234 127 7 10 0.029534873 
970 488 14 18 0.029496944 
888 59 9 12 0.029464718 
425 1 8 8 0.029449731 
721 0 7 8 0.029423757 
336 39 7 9 0.029408537 
5 156 10 12 0.029345244 
110 572 12 16 0.029297786 
727 24 7 8 0.029292375 
542 33 7 9 0.029258784 
555 599 12 15 0.029231766 
233 119 8 10 0.02918777 
194 110 8 11 0.029174495 
623 88 8 10 0.029154401 
942 117 9 11 0.029152747 
882 95 7 10 0.029105682 
169 121 8 9 0.029069168 
808 47 8 10 0.029059103 
209 15 7 9 0.02904706 
456 369 35 36 0.028999457 
678 62 8 10 0.028994534 
96 2 8 9 0.02899299 
695 64 8 9 0.0289874 
695 16 8 9 0.028973171 
944 94 8 11 0.02895394 
308 91 10 12 0.028949637 
310 70 7 10 0.02893921 
897 120 7 9 0.028936325 
424 9 7 9 0.028915714 
553 21 8 9 0.028905923 
936 190 8 11 0.028730541 
576 15 7 9 0.02856423 
117 632 14 18 0.02853162 
542 120 8 10 0.028511014 
265 47 7 10 0.028500844 
821 103 8 10 0.028459387 
311 37 7 9 0.028434413 
655 86 8 10 0.028402314 
552 48 7 9 0.028358262 
159 102 8 9 0.02834881 
907 48 6 8 0.028347509 
112 109 8 10 0.028336056 
111 57 7 9 0.02832664 
947 151 8 10 0.02829249 
382 103 9 9 0.028252231 
719 16 7 9 0.028247138 
1001 31 7 10 0.028193155 
768 106 9 12 0.028148124 
558 55 8 9 0.028146265 
313 63 8 10 0.028106986 
785 80 7 8 0.028087413 
927 62 7 9 0.028076524 
839 48 8 9 0.028064448 
182 81 8 10 0.028045725 
247 559 10 14 0.02803404 
665 32 7 9 0.028009325 
943 49 8 9 0.027992064 
929 111 8 10 0.027959278 
113 29 7 9 0.027958704 
384 72 8 10 0.02795664 
456 586 13 18 0.027916785 
678 78 8 10 0.027866011 
807 15 7 9 0.027838048 
765 62 8 9 0.027765846 
606 125 8 10 0.02773859 
904 13 8 10 0.02773655 
841 23 7 8 0.02772815 
903 23 7 9 0.027713839 
910 8 8 10 0.027684018 
273 2 8 9 0.027658116 
809 558 12 14 0.027647102 
431 61 7 10 0.027622497 
111 135 8 10 0.02759269 
792 505 15 18 0.027579457 
920 24 7 9 0.027527833 
542 38 7 8 0.027524438 
16 31 7 10 0.027489195 
920 1 8 8 0.027465668 
520 65 7 9 0.02745533 
216 95 8 10 0.02745303 
954 491 14 17 0.027450858 
2 524 16 19 0.027449088 
470 2 8 8 0.027425986 
197 602 13 18 0.027414476 
773 269 11 13 0.027397059 
752 532 11 15 0.027365586 
751 6 7 9 0.027325267 
600 30 7 10 0.02730221 
65 39 7 9 0.0272886 
851 511 11 14 0.027245637 
848 24 8 10 0.027241783 
403 596 11 15 0.027205 
223 436 11 14 0.027153572 
13 125 10 11 0.02711789 
766 71 7 9 0.027106022 
463 23 7 9 0.027100189 
689 80 8 9 0.027088622 
585 38 7 9 0.02706978 
311 2 8 9 0.027060287 
533 592 21 25 0.027043222 
632 2 9 9 0.027040645 
143 159 7 9 0.027028332 
704 7 9 10 0.027025584 
886 100 9 11 0.027018877 
927 38 7 10 0.02701599 
397 614 12 16 0.026974937 
745 15 8 9 0.026967641 
338 61 8 10 0.02693004 
558 21 8 10 0.026854204 
696 87 8 9 0.026846841 
231 30 7 10 0.026846575 
177 25 7 8 0.026832905 
721 47 7 8 0.026832614 
630 40 8 10 0.026828552 
253 22 8 10 0.026798131 
856 25 8 10 0.026754592 
999 207 13 15 0.026737336 
75 595 15 18 0.026706498 
753 55 6 9 0.026694495 
800 87 6 9 0.026691342 
713 23 7 9 0.026631758 
143 144 7 10 0.02663051 
608 96 7 9 0.026590984 
730 565 14 17 0.026574083 
873 113 7 9 0.026571214 
968 21 7 10 0.026546182 
583 71 8 11 0.026455536 
915 527 11 13 0.02643498 
181 564 12 15 0.026429951 
153 141 9 11 0.0264181 
848 6 7 9 0.02640884 
28 636 24 29 0.026354557 
592 105 8 9 0.026350627 
17 134 8 10 0.026348086 
341 102 8 10 0.026342954 
153 166 9 10 0.026259404 
838 136 8 10 0.026215328 
951 32 7 9 0.026198527 
969 128 9 12 0.026193503 
746 126 8 9 0.026185878 
166 586 11 14 0.026182357 
919 105 7 9 0.026179451 
934 124 8 10 0.026119873 
304 15 7 10 0.02611609 
943 61 8 11 0.026084498 
286 32 8 10 0.026049342 
386 33 7 9 0.026040107 
337 23 7 8 0.026008615 
959 484 12 15 0.025943179 
870 572 13 15 0.02594252 
942 86 8 10 0.0259374 
14 118 10 12 0.025882112 
736 102 8 10 0.025866454 
264 2 8 9 0.02584815 
893 94 8 10 0.02582302 
840 80 9 11 0.025809597 
634 299 11 14 0.025763182 
840 71 7 9 0.025739133 
96 112 8 9 0.025707716 
478 38 7 9 0.025701566 
610 584 20 23 0.025681205 
951 155 8 11 0.025677558 
777 24 6 9 0.025672283 
254 543 11 14 0.025627034 
293 94 9 11 0.025626067 
553 55 7 10 0.025624426 
357 80 8 10 0.025611231 
68 573 15 21 0.025540067 
1003 37 8 9 0.025533587 
822 582 14 16 0.025527433 
176 7 7 9 0.025474438 
879 32 8 10 0.025463989 
415 71 8 10 0.025440507 
759 15 8 10 0.025435645 
151 128 8 9 0.025432382 
301 583 10 13 0.025399731 
208 40 8 9 0.025393842 
784 503 12 15 0.025374047 
120 41 6 8 0.025364248 
816 48 7 10 0.025325768 
8 123 10 13 0.025312835 
357 15 8 10 0.025303084 
832 110 7 9 0.025300534 
436 588 12 16 0.02529682 
777 88 8 10 0.025281256 
966 102 7 10 0.025278684 
26 65 7 9 0.025276087 
886 145 9 11 0.025269758 
102 626 12 17 0.025256509 
745 40 7 9 0.025207639 
390 16 8 10 0.025199495 
239 23 7 8 0.025198054 
760 144 8 10 0.025187563 
721 55 7 9 0.025154095 
592 63 8 10 0.02510472 
902 511 11 13 0.025094567 
766 4 8 11 0.025061136 
4 597 17 22 0.025027905 
881 5 8 10 0.025018867 
390 72 7 11 0.02501449 
368 583 9 13 0.024985583 
735 86 7 9 0.024958152 
527 46 8 10 0.024957167 
41 1 9 10 0.024868643 
457 22 8 10 0.024845077 
31 166 10 12 0.0248277 
20 548 11 15 0.024819976 
184 8 8 10 0.024802728 
223 71 8 9 0.024801478 
794 516 13 15 0.024800139 
743 85 8 9 0.024795948 
26 69 7 10 0.024776617 
713 101 7 8 0.024774589 
466 64 7 9 0.02471394 
802 2 7 9 0.024676314 
991 53 8 10 0.024676055 
492 578 22 26 0.024673346 
37 159 9 11 0.024655532 
159 97 7 9 0.024651492 
496 69 8 10 0.024633003 
266 22 7 9 0.024628201 
973 168 7 9 0.024626726 
702 78 7 9 0.024623645 
111 159 7 9 0.024583148 
53 30 8 10 0.024552701 
208 53 7 9 0.02455151 
761 71 8 10 0.02451856 
94 427 13 14 0.024513703 
543 53 7 9 0.024502752 
105 2 7 8 0.02447634 
353 572 10 13 0.024388371 
283 593 13 17 0.024365587 
383 85 8 9 0.024352385 
127 8 7 8 0.024340017 
175 567 11 13 0.024331244 
657 93 8 10 0.024321815 
944 102 8 10 0.02426878 
305 32 9 10 0.02424394 
937 47 8 10 0.0242097 
329 31 7 9 0.024190418 
417 47 7 9 0.024160327 
81 8 6 8 0.024144378 
349 63 7 10 0.024128227 
481 87 7 9 0.024127914 
929 80 8 9 0.024124298 
889 78 7 10 0.024056654 
17 142 9 11 0.024050621 
927 32 8 9 0.02402316 
295 575 10 13 0.024016239 
232 541 10 13 0.023992684 
909 518 9 12 0.023982113 
12 555 12 15 0.02398021 
210 78 8 10 0.023958778 
992 228 14 17 0.023906276 
30 20 8 11 0.02388041 
823 111 7 8 0.023879657 
315 605 15 17 0.023826087 
357 564 10 13 0.02382262 
202 87 9 11 0.023785582 
942 111 9 10 0.023755169 
41 24 7 9 0.023749331 
327 8 7 9 0.023745215 
872 86 9 11 0.023711313 
751 29 8 9 0.02369511 
177 15 6 8 0.023646686 
991 134 9 11 0.023643142 
943 80 7 9 0.02362046 
936 73 8 9 0.023612149 
919 87 9 11 0.023587167 
336 101 9 11 0.023583535 
430 48 7 9 0.023562264 
116 571 12 15 0.023558633 
894 57 8 10 0.023525607 
637 76 11 12 0.023487357 
557 109 8 10 0.023478298 
233 55 8 10 0.023437945 
33 548 11 14 0.023427285 
751 47 7 9 0.023424843 
884 508 11 13 0.023406567 
104 166 7 9 0.02340503 
599 558 10 13 0.023399483 
974 173 9 10 0.023342103 
943 505 14 17 0.023322068 
377 16 7 9 0.023317788 
342 79 8 10 0.02331003 
192 454 10 12 0.023286007 
89 157 9 11 0.02326986 
807 563 12 15 0.023264008 
687 94 8 9 0.023249852 
84 547 13 17 0.023215408 
825 63 7 9 0.02319901 
137 149 8 10 0.023193285 
681 47 8 9 0.023190822 
613 23 8 10 0.023177367 
797 494 11 14 0.023151891 
50 118 8 10 0.02314602 
136 144 8 10 0.023134146 
201 22 7 10 0.023116738 
744 120 8 9 0.023090474 
23 147 10 12 0.023086824 
962 38 7 9 0.02306414 
210 2 7 8 0.023050843 
228 437 13 17 0.023011778 
778 38 8 10 0.022995178 
441 47 8 9 0.022969171 
425 40 7 8 0.022965651 
524 586 11 15 0.02294034 
528 85 8 10 0.022874404 
519 54 8 9 0.022838727 
731 141 7 9 0.022833146 
39 63 8 9 0.022829842 
184 92 9 10 0.022814423 
975 18 8 10 0.022800358 
239 14 8 10 0.022753928 
598 478 11 14 0.02274992 
169 48 7 9 0.022745952 
998 94 7 10 0.022745317 
984 126 7 10 0.022710126 
254 57 8 10 0.022678185 
969 46 7 9 0.02266083 
790 160 8 11 0.022651276 
191 572 21 26 0.022630313 
735 1 7 7 0.022625754 
570 47 8 10 0.022621214 
735 24 7 9 0.022614794 
409 8 7 10 0.022599911 
56 89 8 9 0.02257986 
842 32 7 10 0.02255981 
984 120 7 9 0.022539852 
96 81 6 8 0.022530602 
835 559 12 15 0.022512488 
833 137 7 10 0.022497948 
27 52 8 10 0.022398122 
768 48 8 9 0.022391483 
161 31 7 9 0.022379806 
825 70 8 10 0.022378258 
39 388 107 131 0.022376312 
905 59 9 12 0.022373 
763 534 11 13 0.022363467 
272 576 12 15 0.022323973 
222 15 7 10 0.02231051 
455 65 8 8 0.022305073 
993 175 8 10 0.022302503 
790 46 8 10 0.022261169 
720 23 8 9 0.022255326 
841 119 7 9 0.022250814 
677 576 8 11 0.022233084 
1000 111 8 10 0.02222918 
456 96 9 11 0.022226728 
278 5 7 9 0.022222942 
33 75 9 11 0.022219082 
424 584 10 12 0.022218646 
447 16 7 9 0.022186404 
931 561 20 27 0.022185903 
448 64 7 9 0.022183675 
517 601 13 16 0.022167116 
560 134 9 11 0.02214208 
350 69 8 10 0.022135684 
649 45 9 11 0.022109993 
720 7 8 9 0.022109486 
567 85 8 10 0.02210494 
282 586 12 16 0.022083113 
581 5 10 11 0.02208145 
977 87 8 9 0.022075737 
365 88 8 10 0.022074588 
921 559 20 28 0.022073563 
216 32 8 9 0.022064615 
996 183 10 11 0.022060024 
423 80 8 10 0.021992406 
561 96 8 10 0.021985136 
826 15 7 9 0.021977559 
776 144 8 10 0.02196572 
56 2 8 8 0.021940744 
109 645 12 16 0.021940315 
201 16 7 9 0.0219275 
897 86 7 10 0.021915715 
523 551 22 25 0.02188399 
729 158 8 10 0.02187884 
733 539 15 16 0.021865558 
962 20 8 10 0.021865113 
392 96 8 11 0.021862792 
977 518 9 12 0.02185722 
971 618 15 20 0.02184782 
828 580 13 16 0.021842713 
194 610 15 20 0.02183678 
39 143 9 10 0.021820009 
357 556 13 15 0.021814222 
921 15 7 10 0.021806985 
88 151 8 10 0.021805605 
569 52 9 11 0.021805538 
142 9 7 8 0.021751592 
873 32 8 10 0.021739455 
80 148 9 11 0.02173697 
358 120 9 11 0.021723295 
782 521 15 17 0.021716546 
235 601 15 19 0.02170413 
113 151 7 9 0.021696752 
319 31 7 9 0.021689503 
432 81 8 9 0.021642618 
734 579 13 16 0.021574892 
830 645 15 17 0.021566711 
110 61 7 9 0.021560494 
92 590 11 15 0.021557014 
97 103 8 9 0.021515654 
711 71 7 10 0.021500507 
800 81 6 8 0.021492446 
198 468 12 15 0.021482136 
510 104 7 10 0.021452852 
793 105 9 10 0.021439282 
415 80 8 10 0.021421758 
855 528 12 17 0.021421043 
448 103 8 10 0.021413784 
731 134 308 238 0.021407014 
733 157 9 10 0.02138224 
703 119 7 8 0.02137585 
353 38 8 9 0.021365961 
439 32 8 10 0.021300169 
378 54 8 10 0.02129712 
569 297 29 35 0.021290863 
431 572 11 14 0.021235812 
601 97 8 9 0.02123169 
183 24 7 9 0.021217 
819 568 15 16 0.02118746 
439 38 7 9 0.021182835 
728 629 11 15 0.021163229 
71 22 7 9 0.02115607 
400 62 8 10 0.02110603 
840 1 8 9 0.021091081 
248 2 7 8 0.02108672 
441 655 9 10 0.021085918 
286 63 7 9 0.021080684 
861 573 12 15 0.021076899 
773 277 9 12 0.02106851 
61 556 15 18 0.0210628 
84 515 11 15 0.021058261 
54 101 9 11 0.02105232 
155 567 12 15 0.021047998 
752 149 8 11 0.021036914 
30 561 14 18 0.021010872 
760 135 8 10 0.021007901 
1006 109 9 10 0.020930115 
416 86 7 9 0.020915901 
987 609 23 34 0.020892499 
830 30 8 10 0.020892398 
170 578 12 15 0.020877374 
669 38 8 10 0.020857265 
408 45 8 9 0.020855112 
767 553 14 15 0.020797303 
86 137 8 10 0.020791 
988 90 17 23 0.020786894 
123 627 14 17 0.020781666 
991 494 11 15 0.020771468 
110 626 13 18 0.020746518 
120 25 7 9 0.020744901 
760 583 13 15 0.020742342 
45 1 9 9 0.020694694 
143 573 12 18 0.020670285 
1000 618 21 39 0.020654047 
191 41 7 9 0.020628624 
282 20 7 9 0.020618688 
535 64 8 9 0.020615857 
421 629 10 13 0.020591643 
326 111 8 10 0.020579163 
514 78 8 10 0.020547275 
833 103 8 9 0.020531077 
839 15 7 10 0.020509675 
888 89 7 9 0.020508068 
930 22 8 10 0.02046501 
564 555 12 14 0.020456502 
793 144 9 11 0.02045449 
116 643 14 16 0.020447247 
352 104 9 10 0.020442547 
775 6 7 9 0.020418204 
322 109 8 11 0.020416524 
47 150 9 11 0.02037293 
976 94 8 10 0.0203653 
449 31 6 10 0.020358462 
506 109 9 10 0.020357389 
151 56 7 8 0.020350255 
76 608 13 17 0.02031408 
637 47 9 11 0.020275936 
632 71 8 11 0.020268446 
959 8 8 10 0.02024148 
194 117 7 10 0.020224797 
96 70 7 9 0.020205714 
905 30 7 10 0.02019318 
743 111 7 9 0.020142712 
187 599 15 19 0.020141356 
247 69 8 10 0.020139236 
559 47 8 10 0.02013758 
316 576 11 13 0.020124754 
94 54 7 9 0.020121442 
466 47 6 9 0.020109432 
760 267 17 22 0.020100033 
695 16 17 25 0.020096747 
379 596 12 14 0.020093314 
119 173 8 10 0.020091916 
973 63 8 10 0.020080036 
834 641 23 24 0.020067193 
783 88 7 9 0.020060763 
