47_Matador_Bullfighter_matadorbullfighting_47_731
1276
424 169 20 22 0.9520079 
577 136 20 24 0.94917214 
679 115 12 15 0.92653745 
326 142 12 16 0.9086641 
835 110 10 12 0.8582639 
64 116 10 13 0.8466722 
360 118 9 11 0.8357011 
341 5 11 14 0.8328199 
142 77 11 13 0.7747139 
20 135 13 15 0.77281106 
38 124 15 18 0.770867 
645 119 11 14 0.7601258 
908 133 10 13 0.73636293 
312 19 10 12 0.7345611 
438 129 12 14 0.72425747 
7 116 12 15 0.7126356 
871 112 12 14 0.7121216 
565 121 12 15 0.7081032 
872 93 9 11 0.7069085 
0 147 11 15 0.7018397 
686 59 11 13 0.68832403 
974 34 12 14 0.6830481 
303 135 9 12 0.66756403 
950 111 13 17 0.65751034 
678 90 10 12 0.65527254 
516 70 10 14 0.6464029 
1014 86 8 12 0.62646425 
600 115 12 16 0.62642586 
922 87 11 15 0.622372 
536 108 10 13 0.6036489 
924 46 10 13 0.5916637 
523 126 11 13 0.59042716 
774 9 10 11 0.5820473 
308 76 10 13 0.5816962 
403 32 11 12 0.57919425 
183 91 8 11 0.57794505 
853 95 10 12 0.56750005 
996 127 14 16 0.56467485 
397 62 9 12 0.552585 
205 79 9 11 0.55206394 
99 87 11 13 0.5506908 
913 109 11 14 0.5425454 
767 100 10 12 0.52588594 
961 72 11 14 0.52419645 
59 22 11 12 0.5239311 
986 106 12 15 0.5212295 
86 100 11 13 0.5186347 
494 63 10 12 0.5169265 
103 135 11 13 0.51364076 
628 111 10 14 0.51306313 
141 12 10 12 0.506527 
720 135 11 13 0.50420886 
540 108 11 14 0.5026418 
476 70 10 12 0.4970406 
908 58 10 13 0.49491194 
611 47 10 13 0.4906654 
717 48 9 12 0.48619974 
388 147 12 15 0.4851498 
830 54 8 10 0.48343098 
973 139 13 15 0.47988415 
158 144 7 10 0.4612436 
838 86 10 13 0.45810863 
454 120 10 12 0.45243204 
752 85 10 13 0.44984123 
85 23 9 11 0.44903228 
144 133 9 12 0.4480047 
556 64 10 11 0.44721806 
501 137 14 18 0.44046885 
947 45 11 13 0.43946025 
969 90 12 15 0.43124747 
622 129 12 15 0.42173162 
83 124 11 13 0.41778204 
757 70 10 12 0.4116348 
587 86 11 14 0.41075608 
30 78 9 10 0.40995628 
495 109 13 15 0.40925342 
641 92 10 12 0.40814698 
445 67 9 12 0.40791062 
776 64 9 11 0.4013721 
905 85 12 13 0.39703614 
121 150 12 13 0.39105567 
403 133 12 15 0.38625404 
944 52 11 14 0.38510224 
375 95 11 13 0.3801442 
693 39 8 11 0.36349183 
103 120 9 11 0.36121705 
461 146 11 13 0.3594555 
67 94 10 12 0.35588905 
252 7 9 11 0.35540915 
598 60 10 12 0.35022286 
888 103 10 13 0.35005933 
664 39 12 15 0.3492099 
559 81 11 14 0.3478759 
602 20 9 11 0.3474115 
478 84 9 12 0.3464501 
917 40 10 12 0.3454667 
855 55 10 13 0.341487 
113 12 9 13 0.3409615 
287 86 9 11 0.3350552 
913 39 9 12 0.3347579 
637 40 10 12 0.33101103 
282 103 8 10 0.3289826 
406 109 11 13 0.3279288 
126 103 8 11 0.32168955 
976 5 10 11 0.31798762 
911 13 9 11 0.3177973 
303 93 9 13 0.3177862 
15 87 10 12 0.3170137 
782 81 10 11 0.31485197 
883 127 11 14 0.31451133 
166 124 8 11 0.311967 
502 43 12 14 0.31102967 
324 4 10 12 0.31097412 
644 149 11 13 0.3102718 
535 134 10 12 0.30987367 
1005 5 9 11 0.30560485 
415 102 10 12 0.3053934 
83 133 11 14 0.30311552 
873 62 9 11 0.3026805 
708 128 10 13 0.30107698 
640 24 10 12 0.2956244 
712 40 8 10 0.2940146 
71 149 12 15 0.29346314 
543 77 10 12 0.29181072 
269 86 8 11 0.28773794 
152 102 9 11 0.28270695 
713 78 10 12 0.28080449 
29 153 12 14 0.27865717 
512 7 8 11 0.27841938 
653 14 9 11 0.2717346 
617 24 9 12 0.27160168 
455 142 11 14 0.27054954 
467 177 12 15 0.2684604 
684 155 10 14 0.26676807 
107 140 9 12 0.26598844 
536 5 10 12 0.265553 
791 186 15 17 0.26153624 
767 30 9 10 0.25622472 
334 162 12 14 0.25387 
341 87 10 12 0.25370052 
801 116 9 11 0.2534033 
649 63 8 10 0.24964811 
191 141 8 11 0.24904476 
111 79 9 11 0.24780585 
544 114 10 14 0.2468138 
17 91 10 13 0.24680941 
713 109 9 12 0.2465379 
673 91 9 12 0.24350697 
360 12 11 12 0.2410494 
969 51 10 13 0.24006999 
789 29 9 10 0.23831172 
12 170 13 15 0.23823717 
801 79 8 11 0.23370613 
164 6 10 12 0.23357645 
209 102 9 11 0.2332905 
167 160 8 9 0.23182516 
230 93 8 10 0.23170762 
447 7 9 10 0.23030277 
51 82 10 13 0.2276873 
1013 51 9 13 0.22691165 
582 56 8 10 0.22648968 
230 117 7 11 0.22551803 
740 60 10 12 0.22055414 
199 85 8 10 0.22000882 
253 84 9 12 0.21971421 
761 39 8 10 0.21726525 
742 32 8 11 0.21557815 
344 103 11 12 0.21414761 
736 55 9 12 0.21076632 
408 164 13 16 0.21022248 
279 144 10 13 0.20993647 
265 135 8 11 0.20795807 
786 24 8 11 0.2052083 
947 39 11 12 0.20334005 
831 128 10 12 0.20083703 
903 77 12 14 0.20077018 
247 55 8 10 0.20028327 
224 89 9 10 0.19983621 
694 23 11 13 0.19963929 
604 15 9 11 0.19736952 
973 46 10 13 0.19726065 
581 6 9 11 0.19706412 
598 110 11 16 0.196486 
246 129 10 11 0.19576326 
952 15 9 12 0.19504265 
871 33 8 10 0.19347979 
726 103 9 11 0.19337822 
110 105 9 11 0.19184652 
506 227 16 19 0.19132611 
83 79 11 13 0.1856132 
888 53 9 12 0.18528138 
183 71 8 10 0.18347877 
60 63 9 10 0.17927209 
167 79 9 11 0.17852874 
818 63 7 10 0.17842989 
411 155 12 15 0.17783527 
806 93 8 11 0.17708662 
818 158 9 11 0.17669576 
988 78 12 14 0.17655896 
568 63 9 11 0.1748176 
0 80 7 11 0.17440428 
709 64 8 11 0.1736745 
583 61 8 11 0.17298459 
837 28 8 11 0.17295308 
758 91 9 12 0.17239442 
780 140 11 13 0.17026792 
523 149 11 15 0.17020984 
136 7 10 13 0.16951181 
101 79 10 12 0.16905181 
336 117 9 11 0.16842188 
825 30 7 10 0.16765852 
332 77 11 12 0.16646756 
805 8 9 10 0.16528146 
47 36 10 14 0.1646015 
504 52 10 12 0.16100104 
95 153 10 12 0.16006397 
477 78 10 12 0.15907708 
983 64 10 12 0.15851964 
393 92 9 11 0.15772253 
848 46 7 9 0.15760441 
102 125 12 15 0.15582472 
736 30 10 13 0.15580128 
591 108 11 12 0.15567973 
366 154 13 15 0.155101 
979 31 11 13 0.15498704 
864 76 8 11 0.15427876 
262 69 9 11 0.15243936 
45 7 11 13 0.15233356 
647 40 10 12 0.1520313 
767 56 8 9 0.15007374 
958 150 13 16 0.15004876 
303 4 10 11 0.14921717 
725 70 8 11 0.14731686 
663 64 9 11 0.14598493 
452 101 11 13 0.14583577 
440 64 10 12 0.14557737 
596 103 10 12 0.14491017 
23 1 9 10 0.14309138 
628 79 10 13 0.14279777 
558 15 8 11 0.1427371 
545 43 10 13 0.14238052 
809 31 8 10 0.14151093 
0 6 8 12 0.14149392 
767 126 10 13 0.14131309 
480 110 10 13 0.14046435 
441 109 10 13 0.1393592 
174 104 7 10 0.1389765 
59 175 10 12 0.13889103 
273 8 8 11 0.13762069 
349 109 9 11 0.13720055 
650 6 9 11 0.13687284 
726 13 8 11 0.13524044 
182 5 9 12 0.13502763 
970 29 11 14 0.13490024 
33 96 10 13 0.13433947 
296 119 9 11 0.13401456 
751 47 8 11 0.13287646 
342 91 12 13 0.13144122 
660 135 11 14 0.12969506 
69 155 12 14 0.12954028 
878 53 10 12 0.12917578 
496 104 11 12 0.12905179 
62 1 8 9 0.12904894 
129 6 9 11 0.12897758 
912 9 8 10 0.12881225 
444 125 11 15 0.1263152 
481 48 9 12 0.12577426 
878 6 8 10 0.12568554 
861 128 11 13 0.1249486 
644 22 11 12 0.124289334 
943 59 11 12 0.124014564 
626 7 8 10 0.12387181 
537 54 9 12 0.12322336 
445 108 10 13 0.12243639 
265 91 11 14 0.11992074 
24 23 9 12 0.119171984 
177 4 9 12 0.118409924 
199 135 7 10 0.1178855 
653 63 9 11 0.11779298 
153 142 9 10 0.11738483 
801 54 8 11 0.11703682 
485 111 10 13 0.116480045 
561 37 9 12 0.116148904 
440 6 9 11 0.11569511 
72 68 9 11 0.11564224 
632 55 9 11 0.11512336 
952 92 11 12 0.114384174 
329 72 10 12 0.11435447 
391 71 9 11 0.11345688 
226 71 9 11 0.11221886 
329 110 9 12 0.11171981 
214 153 8 11 0.11167764 
531 182 11 13 0.11134752 
863 16 8 10 0.11082758 
718 109 9 12 0.10994023 
823 62 9 11 0.109172046 
170 103 8 10 0.10840743 
770 7 9 11 0.108304486 
752 32 7 9 0.10782816 
783 14 9 11 0.10781209 
719 70 11 13 0.10769876 
407 79 9 11 0.10689427 
208 96 9 11 0.10680494 
157 101 8 10 0.10663974 
62 27 10 12 0.10437279 
230 112 7 10 0.10404776 
816 188 10 12 0.10402603 
430 107 10 13 0.1039055 
477 64 10 12 0.10313275 
917 13 8 11 0.10303778 
836 23 8 11 0.1023889 
40 13 11 13 0.10211252 
198 165 10 13 0.10101315 
711 68 9 12 0.099828 
363 163 15 17 0.09963401 
297 92 8 11 0.09955877 
57 16 10 13 0.09928402 
665 22 9 11 0.098658845 
703 16 8 11 0.09828739 
743 8 7 10 0.09827017 
421 94 9 11 0.097955465 
921 69 10 13 0.09781563 
124 144 9 11 0.09725723 
544 150 12 15 0.097177126 
191 10 9 12 0.09708492 
943 0 8 9 0.09678929 
631 61 9 10 0.09659962 
232 136 9 12 0.09608472 
233 103 7 9 0.09591137 
78 142 11 13 0.095289655 
541 55 11 13 0.094735764 
348 5 9 11 0.09456752 
801 84 9 12 0.09424415 
1014 148 8 13 0.09354457 
768 25 8 10 0.0934569 
721 14 9 11 0.09316535 
1015 62 9 12 0.09280058 
782 45 8 10 0.092416234 
756 64 10 11 0.09213437 
855 89 9 11 0.092102595 
879 31 9 11 0.09192613 
744 12 8 11 0.09181783 
333 111 10 12 0.09181689 
517 8 8 10 0.09073383 
654 43 10 12 0.08979694 
464 95 8 11 0.089760154 
385 35 9 12 0.08918718 
607 86 9 12 0.089071214 
97 5 9 11 0.08898753 
865 36 10 12 0.0889581 
503 86 8 11 0.08892469 
664 92 9 11 0.088745035 
815 14 8 10 0.088269554 
264 99 9 12 0.08787558 
20 128 12 14 0.08760888 
177 87 9 11 0.0874816 
199 161 8 11 0.08710233 
375 12 9 12 0.08693096 
184 116 8 10 0.08573297 
391 6 10 11 0.085582204 
217 14 10 12 0.08537887 
413 77 10 12 0.085090905 
777 44 9 11 0.08508461 
177 133 9 11 0.08478396 
692 56 10 12 0.08448353 
695 92 8 10 0.08415611 
582 45 8 10 0.083982326 
735 13 8 11 0.08390672 
990 53 10 12 0.083810665 
710 104 10 14 0.08332426 
193 136 9 11 0.08275866 
753 23 9 10 0.08260325 
720 7 9 11 0.08218254 
381 79 10 12 0.08199183 
590 6 8 9 0.08194222 
142 139 9 12 0.08155758 
747 232 94 82 0.08147571 
642 28 11 12 0.08094453 
232 7 9 11 0.08088533 
69 164 11 12 0.08060653 
144 111 9 11 0.08038348 
149 158 9 11 0.08003061 
399 87 9 11 0.07996288 
161 120 8 11 0.07962908 
634 45 10 12 0.07954652 
264 139 9 11 0.07919322 
177 128 8 10 0.078954555 
856 15 7 10 0.0788821 
834 16 7 9 0.07811236 
824 70 9 11 0.07785162 
225 112 8 11 0.07735843 
807 54 7 10 0.07703224 
353 72 9 11 0.07691245 
836 105 11 12 0.07663317 
637 54 11 13 0.07528683 
160 84 9 11 0.07528372 
46 32 10 11 0.073793866 
903 128 12 15 0.072920546 
841 143 9 12 0.07261946 
577 39 9 12 0.071930215 
905 37 9 12 0.071779534 
753 128 7 11 0.07166776 
358 71 9 11 0.07129516 
622 103 11 13 0.07090219 
737 8 9 11 0.07088114 
406 186 12 14 0.07084786 
950 101 14 17 0.07050677 
970 166 15 19 0.07014612 
842 149 9 11 0.07014103 
863 151 10 13 0.069996096 
623 96 10 11 0.0699693 
143 116 8 10 0.069887765 
310 111 9 12 0.06980301 
720 63 9 11 0.06979611 
150 108 9 12 0.06978278 
340 117 9 13 0.0697151 
365 111 10 13 0.069678456 
671 109 11 14 0.06941146 
287 80 9 11 0.06920286 
510 170 13 16 0.06903459 
685 87 10 12 0.06896493 
393 13 10 12 0.06895592 
115 79 10 12 0.0686375 
578 11 9 12 0.068500005 
14 80 9 12 0.06841766 
200 6 9 12 0.06836271 
871 47 8 11 0.068278134 
408 149 13 15 0.068208314 
568 22 8 10 0.06812498 
556 136 13 15 0.06809676 
157 96 9 11 0.06804231 
574 60 8 11 0.06765471 
496 95 10 12 0.067474395 
518 153 13 16 0.067063004 
208 73 9 10 0.06685563 
10 70 9 10 0.066660576 
98 134 9 12 0.06638469 
655 78 9 11 0.066360734 
423 108 9 12 0.06616454 
218 134 8 11 0.06610892 
765 38 8 10 0.06596808 
919 78 12 16 0.065954916 
793 128 8 11 0.065499425 
42 119 13 15 0.06538195 
174 108 9 11 0.065254085 
850 21 8 11 0.06513739 
846 151 9 11 0.06494543 
204 5 9 11 0.06453595 
674 115 12 15 0.06418551 
567 56 9 11 0.06416216 
55 3 10 13 0.06415678 
858 131 9 12 0.0634467 
807 12 8 10 0.06343195 
1014 69 9 13 0.06312861 
829 71 9 11 0.06310098 
850 157 9 11 0.063086376 
136 117 8 11 0.06308046 
15 5 9 10 0.06306127 
30 83 11 13 0.063043125 
1006 78 10 13 0.06277656 
62 45 9 12 0.062206484 
479 290 63 62 0.061918836 
815 55 7 10 0.06137416 
982 95 12 14 0.061351147 
713 20 8 11 0.060789812 
463 84 9 11 0.060456064 
408 104 10 13 0.06039409 
905 30 9 11 0.060368374 
577 57 8 11 0.06016067 
792 70 8 10 0.06012274 
256 71 10 12 0.059974395 
720 129 10 12 0.059902444 
37 98 12 14 0.059536636 
376 7 9 11 0.059328675 
510 157 12 17 0.059071463 
575 23 8 10 0.058672763 
687 42 10 12 0.058555912 
12 111 10 14 0.058430843 
270 118 8 9 0.058271173 
905 22 9 11 0.05793223 
161 80 9 11 0.05792685 
497 39 11 13 0.057888564 
728 31 10 12 0.057857078 
494 8 9 11 0.057842214 
316 15 11 13 0.057667527 
807 72 9 10 0.05751733 
143 150 9 12 0.057021093 
181 129 9 10 0.056955498 
250 10 9 12 0.056846272 
761 119 7 9 0.056786362 
212 71 8 10 0.056746148 
454 96 9 12 0.056446623 
802 111 10 12 0.05624621 
534 87 9 12 0.056217268 
104 108 10 11 0.05612266 
713 6 8 9 0.055511978 
596 138 13 16 0.05523803 
574 29 8 10 0.055230778 
925 64 9 11 0.05516105 
816 68 9 11 0.05506431 
819 162 12 15 0.054912884 
71 12 9 12 0.05485711 
412 54 10 13 0.054810055 
367 20 8 10 0.054725595 
270 80 8 11 0.054550733 
473 76 10 13 0.054211386 
558 20 9 11 0.05412624 
825 47 8 10 0.05405611 
293 87 10 13 0.05402187 
106 103 9 12 0.05401463 
752 53 7 10 0.053963337 
302 117 9 12 0.05393873 
552 21 10 12 0.053768035 
856 152 9 12 0.053595398 
364 7 10 12 0.0535837 
831 50 8 9 0.053297423 
136 111 8 11 0.053268243 
402 80 8 10 0.05314392 
206 120 8 10 0.052989792 
903 72 10 12 0.05291842 
285 107 8 11 0.052831266 
736 24 8 10 0.052541662 
448 95 9 11 0.052527893 
776 150 11 13 0.052405823 
338 90 10 13 0.052117288 
791 54 8 10 0.052071787 
751 79 11 13 0.051697295 
574 78 9 12 0.051631063 
917 8 9 11 0.05135349 
390 1 10 11 0.051336285 
512 64 9 12 0.05126256 
48 62 8 11 0.050914206 
823 153 9 11 0.05091275 
147 78 10 13 0.05038166 
128 11 9 12 0.050352003 
288 13 9 10 0.050270714 
81 82 9 12 0.050253157 
640 60 8 10 0.050148524 
317 30 10 11 0.049996186 
213 174 10 11 0.049897537 
719 20 8 10 0.049882386 
530 108 10 14 0.049878523 
832 28 9 11 0.049787436 
161 10 9 12 0.049779348 
845 6 8 10 0.049771983 
633 23 8 11 0.04975424 
690 7 8 10 0.04953263 
842 2 7 8 0.04941581 
976 11 10 12 0.049241647 
805 86 9 11 0.048964962 
194 88 8 10 0.04892976 
677 14 9 11 0.0486976 
501 92 10 12 0.04862872 
792 48 7 9 0.048534613 
209 156 9 12 0.04851823 
264 152 9 11 0.048446313 
499 59 11 14 0.048419688 
625 61 9 11 0.048358716 
968 23 9 11 0.048336357 
20 87 10 13 0.04828628 
276 6 10 12 0.048231866 
403 125 14 18 0.0481224 
272 112 8 10 0.0480827 
768 77 8 11 0.048060622 
496 56 10 11 0.047908664 
781 40 9 10 0.04784819 
849 54 9 11 0.047763888 
452 108 12 13 0.04774282 
730 36 9 11 0.047729567 
656 68 9 11 0.047704604 
191 174 12 14 0.047696028 
752 38 8 9 0.047584932 
906 15 9 11 0.04749634 
218 129 7 10 0.04748418 
445 48 9 11 0.04747465 
840 48 8 9 0.04742079 
417 96 10 12 0.047161654 
169 153 8 11 0.047070928 
769 61 8 12 0.047070403 
460 154 13 17 0.047007166 
335 103 9 11 0.04700053 
678 79 9 11 0.046931796 
826 127 9 11 0.04690989 
998 78 10 13 0.046765372 
7 22 10 14 0.04658735 
406 4 8 10 0.046504945 
565 78 10 13 0.046487167 
153 97 9 11 0.04637922 
678 68 11 13 0.046332296 
59 115 10 13 0.046264287 
293 70 9 11 0.046219043 
584 67 9 12 0.045972835 
151 151 9 11 0.04587356 
889 15 7 10 0.045709148 
838 54 7 11 0.045687 
491 163 15 17 0.045580987 
631 70 10 11 0.045526005 
746 85 8 11 0.04552112 
453 6 9 10 0.04547757 
773 95 9 13 0.045362756 
48 196 13 14 0.04533765 
524 118 13 16 0.045333136 
0 182 10 15 0.045311786 
448 117 10 14 0.04523405 
604 133 10 13 0.04513026 
16 1 10 10 0.0450825 
848 16 9 10 0.044991903 
888 22 8 10 0.044873893 
600 28 10 12 0.04465114 
65 151 10 13 0.044596177 
549 56 10 12 0.04446894 
614 93 8 10 0.044275686 
789 16 9 11 0.044205643 
629 12 9 11 0.044006333 
816 47 7 10 0.04388393 
532 127 12 14 0.043765772 
119 109 9 10 0.043749277 
377 84 11 14 0.043694578 
350 1 9 10 0.043629557 
79 43 9 12 0.043536145 
654 18 10 12 0.04352529 
731 225 78 65 0.043519814 
781 68 9 10 0.04348651 
186 141 8 11 0.043169435 
505 6 9 11 0.043168582 
128 119 8 11 0.043164767 
489 9 8 10 0.043113574 
439 54 9 11 0.04311327 
845 1 8 8 0.043081157 
362 157 10 13 0.043064807 
568 29 10 13 0.042825054 
805 123 9 12 0.04281528 
454 162 13 17 0.042806383 
4 152 13 15 0.042685904 
478 91 10 13 0.042642396 
397 92 9 11 0.04258283 
840 6 8 10 0.042542055 
815 88 8 11 0.04207684 
704 45 9 12 0.041907966 
559 109 10 14 0.0418929 
951 6 9 11 0.041891653 
81 95 9 12 0.041865695 
810 37 8 10 0.041844614 
726 2 8 8 0.041742273 
815 39 8 9 0.0417419 
228 45 9 11 0.04173539 
184 76 8 10 0.041707564 
304 86 10 14 0.041707046 
620 27 10 13 0.041560642 
326 162 13 16 0.041411135 
750 15 9 11 0.04139519 
160 60 9 12 0.04121572 
272 55 9 10 0.041190773 
757 22 9 11 0.041045133 
144 165 12 14 0.041043922 
70 36 9 12 0.04102166 
439 2 8 9 0.040975224 
280 86 9 11 0.040958486 
498 197 24 27 0.040921047 
644 88 10 12 0.040668167 
846 186 11 13 0.04065375 
703 54 9 11 0.040590387 
761 6 8 10 0.040557608 
31 117 11 14 0.040477682 
118 53 9 11 0.040451694 
802 12 8 11 0.04039519 
735 48 8 10 0.040354736 
398 56 9 12 0.040354047 
240 133 10 13 0.040201362 
72 144 11 13 0.040108833 
594 55 10 12 0.040034745 
2 116 10 15 0.03984181 
792 38 8 10 0.039833095 
761 112 8 10 0.039692257 
801 93 10 12 0.039561383 
694 6 8 11 0.039525528 
837 133 8 10 0.039302208 
390 76 9 11 0.039201148 
195 169 13 16 0.03919254 
586 109 10 12 0.039149422 
319 162 12 14 0.038919542 
665 109 9 12 0.03889895 
711 115 10 13 0.038895525 
725 63 8 11 0.038879756 
250 79 9 12 0.0387636 
691 22 10 11 0.03874234 
6 62 10 13 0.03873286 
966 61 11 13 0.038646225 
836 127 9 12 0.03857519 
856 8 7 8 0.038483825 
169 108 9 11 0.038473707 
70 8 9 11 0.038468856 
445 86 10 11 0.03843193 
570 123 13 17 0.038419448 
192 147 9 11 0.0383346 
798 261 38 48 0.038312428 
28 158 14 17 0.038292218 
824 76 9 12 0.03828312 
772 127 9 10 0.038263354 
943 15 10 12 0.038236406 
937 0 10 9 0.038182877 
256 118 8 11 0.038129486 
584 1 8 10 0.038072236 
29 132 12 15 0.038062736 
149 128 8 10 0.037917346 
5 6 9 11 0.03790085 
879 2 9 9 0.037820872 
552 27 9 13 0.037819404 
121 102 9 12 0.037701894 
909 20 9 12 0.037645873 
181 133 10 13 0.037642892 
713 141 11 12 0.037624516 
625 55 8 12 0.03751383 
93 60 10 12 0.03751228 
68 31 10 12 0.037372354 
264 65 9 11 0.037338912 
214 94 9 11 0.037202153 
974 62 10 13 0.037166618 
830 59 8 11 0.037142746 
484 53 9 11 0.037127595 
558 31 10 12 0.037103243 
602 121 12 16 0.03708747 
759 32 8 10 0.037083287 
861 54 8 11 0.037061907 
64 99 11 14 0.03696819 
833 174 8 11 0.03695718 
800 150 10 12 0.036938705 
102 5 9 11 0.036868542 
605 8 9 10 0.036807027 
892 106 10 12 0.03678133 
318 72 9 11 0.036539096 
951 194 12 14 0.03651448 
758 15 8 10 0.036417857 
681 55 10 12 0.03641734 
95 175 9 11 0.036310483 
86 174 12 13 0.03630332 
869 88 19 23 0.03628483 
942 20 10 12 0.036207996 
242 55 9 11 0.036197055 
209 107 7 10 0.03599252 
873 55 9 12 0.035704747 
773 30 8 10 0.03564744 
151 84 9 11 0.035548892 
214 168 10 12 0.035539746 
4 189 10 14 0.03553226 
700 21 10 12 0.03549872 
200 128 8 9 0.03547442 
439 104 9 12 0.03545248 
924 149 12 15 0.035416283 
433 131 11 13 0.0353705 
2 195 12 15 0.035327464 
958 4 10 11 0.035327315 
777 135 9 11 0.035304576 
358 113 17 22 0.035250254 
782 90 11 13 0.035162166 
223 39 9 10 0.035151005 
222 134 9 11 0.03512222 
504 2 9 10 0.03505509 
138 142 9 11 0.035028387 
1008 71 10 12 0.035011034 
771 3 18 22 0.034949575 
490 63 9 11 0.034918018 
979 144 13 16 0.03452679 
547 111 11 14 0.034244157 
909 31 9 11 0.03396651 
86 149 9 12 0.033934098 
263 79 10 12 0.033911534 
25 149 12 14 0.03390816 
237 13 9 10 0.033896744 
354 116 9 12 0.033876378 
589 79 11 14 0.033875123 
984 82 11 14 0.033867452 
886 37 9 10 0.033807617 
504 307 31 30 0.03379131 
479 39 8 11 0.033766054 
776 79 9 12 0.033740595 
147 103 8 11 0.03371983 
694 43 9 11 0.03371059 
804 100 10 12 0.03358737 
760 144 10 11 0.033574108 
943 4 10 11 0.03352874 
857 173 9 11 0.03329255 
241 127 9 11 0.033096153 
902 100 11 13 0.03300725 
232 125 8 11 0.033006687 
772 266 67 60 0.032794535 
462 6 9 9 0.032746892 
907 90 11 15 0.03274087 
42 20 9 11 0.032733608 
222 169 11 12 0.032713532 
349 173 11 14 0.03270096 
497 85 10 12 0.03266147 
826 25 8 10 0.032631565 
864 0 7 7 0.032627642 
528 103 10 13 0.032530017 
766 150 10 11 0.03249433 
872 66 9 13 0.032484163 
895 86 10 12 0.032431107 
797 173 13 13 0.03242806 
640 6 8 11 0.032390233 
591 2 7 9 0.032312594 
62 68 10 11 0.032254238 
866 155 10 12 0.03215974 
878 140 11 13 0.032046717 
980 1 9 10 0.03202188 
667 138 12 16 0.03201987 
1002 2 10 11 0.031912487 
31 198 12 15 0.031896822 
799 124 10 12 0.031778034 
82 26 10 13 0.03168657 
637 71 9 11 0.031651612 
1015 153 9 14 0.031631198 
253 166 11 14 0.03158969 
178 93 8 10 0.031537443 
461 134 12 14 0.03149121 
197 150 9 11 0.031482548 
529 92 10 12 0.03147376 
368 30 10 12 0.031442523 
957 19 10 13 0.03141758 
864 166 10 13 0.031415176 
66 111 12 14 0.03139813 
662 146 11 14 0.031352136 
73 172 10 12 0.031241886 
815 153 10 12 0.031119607 
766 120 8 10 0.031102074 
945 114 13 16 0.031092219 
433 61 10 14 0.031081147 
63 37 10 12 0.031029375 
997 118 14 17 0.030981155 
799 103 11 12 0.030944444 
602 138 13 16 0.03086608 
887 149 12 14 0.030861244 
695 0 7 9 0.030716976 
671 104 10 12 0.030691562 
447 2 10 10 0.030662574 
372 140 11 14 0.030645955 
766 1 8 8 0.030636637 
281 95 8 11 0.03062441 
800 141 10 12 0.030573387 
172 79 9 10 0.03054057 
815 32 7 10 0.03052554 
799 48 7 10 0.030514324 
967 1 9 10 0.030502655 
766 46 8 10 0.030479738 
55 178 11 12 0.030458838 
714 51 9 12 0.030436916 
654 55 9 11 0.030372268 
543 29 9 11 0.030362552 
977 134 14 17 0.030277707 
672 124 10 12 0.030208413 
160 55 8 11 0.03007767 
799 23 8 10 0.03006413 
712 32 7 10 0.030056419 
893 22 9 11 0.030044287 
761 1 8 9 0.030036619 
102 175 10 12 0.029916922 
564 103 11 13 0.029883882 
562 44 9 12 0.029873045 
431 6 9 10 0.029866459 
871 100 12 14 0.029748576 
120 135 8 11 0.029715955 
648 66 9 12 0.029710392 
239 151 10 11 0.029697997 
216 31 9 12 0.029675322 
612 87 10 12 0.029670743 
645 112 11 14 0.029638533 
177 180 9 10 0.029619243 
309 16 18 21 0.029614795 
793 102 8 12 0.029597644 
659 570 27 31 0.029422008 
116 6 10 13 0.029408107 
717 83 9 11 0.029340817 
384 6 8 10 0.029331686 
3 179 14 16 0.029302863 
220 19 10 12 0.029293813 
745 233 43 45 0.029284274 
223 128 8 10 0.029262926 
774 24 8 10 0.02914939 
305 14 10 13 0.029146435 
780 8 9 11 0.02903915 
102 72 11 13 0.02902817 
150 6 9 12 0.029026125 
1012 79 17 25 0.028996753 
416 165 20 25 0.028992118 
591 14 8 10 0.028955374 
800 72 8 11 0.028867252 
840 39 8 10 0.028829437 
308 84 10 13 0.028824992 
221 6 9 11 0.028794698 
801 2 8 9 0.028763793 
14 124 11 14 0.028757166 
392 19 11 13 0.028733907 
61 54 10 11 0.028724201 
201 119 8 10 0.028696707 
601 7 8 10 0.02864566 
15 98 11 14 0.028639905 
908 147 13 15 0.02863981 
26 140 12 14 0.028578855 
336 2 11 12 0.028535202 
191 113 9 10 0.02852657 
832 105 17 21 0.028495578 
854 21 8 10 0.028454142 
583 80 10 12 0.02844369 
608 40 10 12 0.02838785 
599 79 10 13 0.028371338 
918 150 12 14 0.028351303 
276 12 9 11 0.028339626 
95 71 10 12 0.028333051 
566 16 8 11 0.028309142 
239 119 9 11 0.028301405 
248 2 8 10 0.028288674 
233 11 9 12 0.02826327 
849 97 10 14 0.028257802 
894 14 8 11 0.028252408 
128 96 8 10 0.028252317 
792 64 8 10 0.02822559 
416 4 9 10 0.028224567 
951 71 10 12 0.02820064 
845 87 10 11 0.028182091 
440 48 9 11 0.028151525 
820 189 10 12 0.028041136 
457 138 17 21 0.028020842 
584 81 17 22 0.02800786 
13 15 9 10 0.028002499 
920 64 9 11 0.027990267 
838 173 8 9 0.027971625 
915 36 17 21 0.027958637 
39 110 12 14 0.027951846 
511 106 11 15 0.027943764 
702 159 9 12 0.027931679 
69 87 11 12 0.027929092 
605 62 9 12 0.027899643 
392 55 9 12 0.027875714 
766 107 10 12 0.027807273 
647 57 9 12 0.027803252 
712 147 10 13 0.027801545 
598 65 12 15 0.027780937 
704 40 8 10 0.02767072 
679 163 12 15 0.027643142 
86 17 10 11 0.02763088 
518 65 10 13 0.027615895 
44 109 12 13 0.027611898 
689 13 9 11 0.027598063 
967 16 9 11 0.02757591 
495 28 10 12 0.0275757 
760 125 9 12 0.027553553 
263 110 8 10 0.027546627 
294 14 9 10 0.027513143 
525 62 10 12 0.027510336 
445 285 110 96 0.027504183 
825 110 9 11 0.027457828 
199 110 7 10 0.02743666 
46 181 10 11 0.027431756 
563 109 14 17 0.027368577 
786 54 8 9 0.027359443 
390 31 9 12 0.027349046 
934 77 11 13 0.027308187 
795 109 8 12 0.027288055 
705 103 10 12 0.02722996 
877 124 19 23 0.027227137 
431 141 10 12 0.027195742 
160 175 9 11 0.027181085 
47 68 8 10 0.02717781 
948 30 11 14 0.02716208 
176 141 9 11 0.027144095 
360 170 13 16 0.027132034 
424 4 8 10 0.027086487 
216 88 9 10 0.027047593 
272 62 9 11 0.027026022 
78 14 10 13 0.027015982 
365 71 8 9 0.026968598 
663 29 11 14 0.026963012 
397 5 10 11 0.026908994 
855 182 10 13 0.02687743 
7 1 8 9 0.026850106 
974 97 12 15 0.026805867 
309 1 10 11 0.026716877 
70 196 13 15 0.026671253 
405 59 11 13 0.026597342 
759 44 9 10 0.02657429 
831 78 9 11 0.02655836 
182 65 9 10 0.026545579 
373 110 11 13 0.026532436 
648 2 10 10 0.026508 
695 16 9 11 0.02647128 
599 93 10 12 0.026415236 
43 99 12 14 0.02639161 
77 62 9 12 0.026371889 
496 77 10 13 0.02632036 
405 84 10 12 0.026292427 
807 173 9 12 0.026204664 
215 109 8 10 0.026173394 
896 76 10 13 0.026130315 
753 65 19 22 0.026123963 
864 47 9 11 0.026103517 
0 110 10 14 0.02609348 
829 158 9 10 0.025953235 
137 147 10 13 0.025946895 
52 38 10 13 0.025930837 
663 127 9 11 0.025929919 
295 23 9 12 0.025827553 
825 117 9 10 0.02581615 
263 6 8 11 0.025813641 
689 30 11 14 0.02576889 
679 151 18 23 0.025675133 
958 84 11 14 0.02566703 
56 66 10 13 0.025654076 
860 142 11 13 0.025616128 
652 125 10 13 0.025587562 
615 15 8 11 0.025576834 
624 106 18 22 0.025574837 
660 76 10 12 0.025571143 
200 62 9 10 0.025537087 
816 109 9 11 0.025499323 
640 15 8 11 0.025459887 
264 118 9 11 0.025449708 
527 14 8 10 0.02540912 
56 44 10 12 0.025404058 
895 8 8 10 0.025403095 
449 141 9 12 0.025364863 
13 156 11 13 0.025320554 
649 79 8 10 0.025318142 
671 70 9 11 0.025298519 
987 60 11 13 0.025298297 
705 67 10 12 0.025267052 
805 2 8 9 0.025202578 
480 103 10 12 0.025143392 
380 100 8 11 0.025053302 
431 2 9 9 0.02505265 
287 8 9 10 0.025052458 
278 62 8 10 0.025044713 
118 47 9 11 0.025029292 
1003 114 15 17 0.025013814 
807 24 9 10 0.024953563 
39 85 10 12 0.024946716 
373 30 10 12 0.024841089 
704 78 10 12 0.024822507 
225 65 8 11 0.024796834 
168 96 8 11 0.024780594 
617 1 9 9 0.024705166 
301 129 18 23 0.024683718 
502 79 9 11 0.024643924 
800 61 8 10 0.024640689 
140 73 17 22 0.02463879 
207 64 8 10 0.024612507 
41 28 9 11 0.024611922 
470 94 10 12 0.024597118 
295 112 9 11 0.024590822 
22 109 10 12 0.024584875 
159 136 10 11 0.024582874 
7 13 9 11 0.02457029 
53 141 12 14 0.024567865 
424 87 9 12 0.024550537 
348 86 10 13 0.024545752 
717 130 18 22 0.024535114 
272 45 8 11 0.02453314 
118 20 9 11 0.02450765 
159 70 9 11 0.02442297 
338 10 10 12 0.0244156 
151 117 9 11 0.024377074 
28 1 9 10 0.024339424 
733 156 9 12 0.02432065 
238 7 9 10 0.024270315 
806 189 11 13 0.024246646 
319 35 10 12 0.024245642 
396 148 11 15 0.024242977 
617 130 11 15 0.024226949 
822 183 9 11 0.024172718 
264 127 9 11 0.02414676 
137 4 18 22 0.024140378 
894 47 9 12 0.024137076 
590 67 12 14 0.024130227 
249 171 10 13 0.024067529 
553 67 10 13 0.024061624 
591 114 12 16 0.024018886 
638 87 18 23 0.024015937 
257 111 8 10 0.024014836 
678 31 9 12 0.023995524 
305 112 8 11 0.023986086 
830 151 9 10 0.023981124 
761 149 9 12 0.023970015 
551 139 13 15 0.023969855 
399 1 10 10 0.023916077 
853 50 18 23 0.02390586 
847 42 7 9 0.023884038 
138 73 9 12 0.023771185 
141 173 12 13 0.023768209 
400 27 17 22 0.023763392 
559 55 9 12 0.023738412 
365 179 13 14 0.023661332 
720 103 10 13 0.02364165 
614 63 10 11 0.023634132 
759 56 9 10 0.023620514 
605 28 10 12 0.023529314 
601 84 10 13 0.023492863 
185 11 9 11 0.02344636 
54 168 11 13 0.02344475 
201 73 9 11 0.023411168 
742 112 8 10 0.02340688 
903 44 9 12 0.023404425 
21 102 10 11 0.02335921 
847 72 9 11 0.023305098 
885 30 9 11 0.023276156 
797 134 10 12 0.023239333 
904 109 10 13 0.023234587 
524 143 11 13 0.023223542 
136 19 11 12 0.023216296 
528 86 11 13 0.023198763 
849 90 18 23 0.023198687 
588 135 20 25 0.023172997 
385 0 9 11 0.023171818 
134 86 9 11 0.02314058 
161 160 9 11 0.02312959 
168 73 8 10 0.023105968 
936 22 9 12 0.023089845 
455 135 11 13 0.023087613 
110 174 12 14 0.023066483 
934 85 10 14 0.023049721 
751 103 8 10 0.023040473 
548 40 10 12 0.023019016 
473 84 10 12 0.023012321 
835 82 20 23 0.022996379 
303 62 9 11 0.022952996 
705 123 17 21 0.022938868 
481 12 8 11 0.02289066 
952 150 10 14 0.02287729 
905 196 11 15 0.022850541 
820 214 24 37 0.022774523 
253 127 9 11 0.02276613 
7 78 9 12 0.022762433 
904 54 18 22 0.022755008 
460 125 11 13 0.022723416 
622 1 9 10 0.022708109 
370 163 13 16 0.022604764 
535 10 9 11 0.02255082 
272 141 9 12 0.022511456 
313 26 11 13 0.022491183 
933 47 10 12 0.022385957 
671 15 10 12 0.02237777 
247 159 8 11 0.022343058 
527 6 9 11 0.022342522 
790 78 9 11 0.022322528 
300 150 11 14 0.022318147 
988 71 11 12 0.02228405 
41 61 9 12 0.02227519 
308 5 10 12 0.022233 
847 77 9 11 0.022194222 
400 133 20 23 0.022183841 
311 102 9 11 0.022167774 
257 143 8 10 0.022165297 
128 173 12 13 0.02211365 
863 93 9 12 0.022083016 
720 2 8 9 0.022077285 
868 151 13 14 0.02203921 
841 61 7 10 0.022023307 
554 559 47 51 0.021973716 
861 61 9 12 0.021965684 
79 7 9 11 0.021918114 
1015 212 8 12 0.021917038 
272 2 9 10 0.021855827 
359 85 11 13 0.02185429 
823 38 8 9 0.02184686 
509 92 9 11 0.021798527 
339 157 12 15 0.021746414 
247 1 17 23 0.021737987 
877 102 11 13 0.021714076 
573 70 8 10 0.021704232 
1015 22 9 13 0.021652205 
393 56 19 23 0.021647153 
583 116 13 15 0.021607904 
832 9 8 10 0.021586712 
661 15 10 12 0.021546029 
175 12 9 11 0.021535994 
177 71 8 11 0.021505684 
991 215 8 10 0.021505062 
217 7 9 11 0.021497423 
667 63 9 11 0.021483408 
133 94 9 11 0.021467682 
469 202 15 18 0.021437688 
637 77 9 11 0.02143625 
744 80 10 12 0.021405045 
382 228 50 66 0.021388518 
936 54 10 12 0.021384079 
921 41 16 22 0.02137484 
777 83 10 13 0.02137174 
599 9 19 23 0.021362003 
0 202 9 15 0.021350827 
887 163 10 13 0.02129712 
871 124 12 15 0.021271173 
423 133 10 12 0.021269465 
240 158 9 12 0.02126621 
695 157 9 12 0.021217695 
428 161 12 15 0.021205733 
207 167 9 12 0.021194968 
64 78 9 11 0.021186471 
343 80 9 10 0.021171471 
577 2 9 10 0.021141617 
848 165 9 12 0.021121943 
249 77 18 24 0.021121323 
742 2 8 9 0.021103155 
655 148 11 13 0.021092657 
886 156 12 14 0.021078622 
13 150 10 13 0.021072611 
764 95 19 24 0.02105177 
675 85 17 21 0.021048702 
343 171 11 14 0.021032117 
160 118 18 24 0.021024033 
905 7 9 10 0.020993587 
514 178 13 16 0.020961339 
216 140 9 11 0.020881847 
35 151 10 13 0.020880131 
750 150 9 11 0.020876085 
288 22 9 12 0.020874672 
774 155 9 11 0.020854631 
669 30 11 13 0.02085189 
709 34 19 24 0.020842798 
302 127 10 12 0.020840112 
326 10 10 12 0.020810585 
540 181 12 14 0.020804336 
24 17 9 10 0.020789389 
978 124 14 16 0.020762375 
412 38 10 11 0.02075486 
371 171 11 14 0.020752534 
192 129 7 9 0.020711098 
875 87 11 13 0.020700432 
939 157 12 13 0.02066179 
718 116 10 12 0.020648342 
430 12 9 11 0.020645758 
719 29 9 11 0.020586599 
471 39 9 11 0.02057177 
70 77 9 12 0.02056281 
174 23 8 9 0.020550314 
439 115 13 15 0.020549852 
644 99 12 14 0.020528167 
412 98 18 22 0.020502258 
96 45 9 10 0.020484611 
743 68 9 11 0.020461988 
95 110 9 11 0.020459035 
937 60 10 12 0.020457285 
130 87 8 11 0.020450162 
750 8 9 9 0.020440761 
886 0 9 8 0.020419925 
246 138 10 12 0.020380821 
166 2 11 11 0.020380085 
449 118 18 23 0.020368833 
400 102 9 13 0.0203546 
969 135 11 14 0.020352762 
13 28 9 12 0.020336788 
809 48 7 10 0.02032575 
541 218 23 27 0.020321177 
862 86 10 12 0.020314513 
430 85 8 11 0.020308593 
412 132 12 15 0.020301668 
255 2 9 10 0.020295676 
782 158 9 11 0.020273939 
1009 41 18 25 0.020270221 
943 35 18 21 0.020267053 
412 113 11 14 0.020249156 
479 164 12 14 0.020246768 
334 134 10 12 0.020236203 
623 71 10 12 0.02022996 
880 12 8 11 0.020206572 
304 71 17 22 0.020189056 
736 2 9 9 0.0201853 
198 140 9 11 0.020181287 
725 76 8 10 0.020172346 
39 181 10 12 0.020164974 
513 313 17 19 0.020161044 
45 92 12 14 0.020153197 
216 1 9 10 0.020130275 
767 71 8 11 0.020117406 
841 183 9 12 0.020116968 
773 58 18 22 0.02011564 
880 164 10 12 0.020112755 
670 132 11 14 0.020108841 
230 63 8 11 0.020084875 
