47_Matador_Bullfighter_matadorbullfighting_47_443
135
821 205 14 17 0.5987971 
973 195 13 20 0.5550711 
859 166 13 16 0.5216875 
350 198 13 17 0.50239927 
315 204 12 16 0.40629283 
902 203 14 18 0.301325 
583 202 12 15 0.28840625 
460 327 26 30 0.24829146 
827 208 14 17 0.21420483 
195 251 18 23 0.19250523 
779 228 18 22 0.18748724 
836 205 11 14 0.17834468 
832 265 14 17 0.14746389 
670 265 14 17 0.13381612 
422 219 14 17 0.12701398 
828 259 23 29 0.12668389 
952 258 13 16 0.12317344 
538 254 25 32 0.10935441 
491 296 18 22 0.100766376 
538 252 17 22 0.09824646 
765 222 10 13 0.08954768 
816 204 12 17 0.08237821 
806 202 11 14 0.08087299 
74 179 27 30 0.076738514 
190 249 28 38 0.07366323 
780 207 10 12 0.07339244 
896 211 13 16 0.07102206 
687 261 11 14 0.07054182 
863 198 11 12 0.06711159 
313 199 11 16 0.06549214 
797 202 13 15 0.065327115 
507 247 19 23 0.06302203 
905 198 13 16 0.061075095 
563 310 10 14 0.060916293 
468 250 14 16 0.060196217 
510 338 24 31 0.059242774 
462 260 13 16 0.05850152 
371 214 12 15 0.058412522 
408 190 10 12 0.05784037 
579 226 15 17 0.056758855 
359 221 12 16 0.054966882 
385 228 12 15 0.054206453 
757 226 12 15 0.054194994 
792 204 12 14 0.05312269 
555 313 15 19 0.052468427 
749 225 12 16 0.052353147 
931 253 11 14 0.05211128 
428 174 11 11 0.05182556 
766 227 12 17 0.04846627 
21 309 434 328 0.047873884 
294 204 10 14 0.047532417 
872 252 13 19 0.044412 
581 206 15 19 0.04323036 
495 286 13 17 0.043202974 
790 223 11 14 0.043100506 
427 215 13 16 0.04263636 
614 214 14 17 0.041080493 
313 209 10 14 0.040780474 
423 187 12 14 0.040236164 
781 224 13 17 0.039406944 
757 259 13 18 0.039313197 
388 224 11 13 0.039121035 
408 196 11 14 0.038447436 
345 197 11 15 0.03770881 
765 224 21 26 0.037493758 
820 242 39 49 0.037156552 
373 194 12 14 0.03671583 
294 211 9 11 0.036422208 
545 306 25 31 0.035355248 
516 243 23 30 0.03449617 
775 211 11 14 0.03423941 
412 188 11 14 0.034174547 
500 273 13 16 0.03392719 
844 206 10 13 0.033067074 
473 243 16 19 0.03303043 
392 308 12 15 0.032601494 
794 195 21 24 0.03210916 
390 244 15 19 0.031841166 
862 202 14 16 0.031627983 
674 257 20 27 0.031075057 
572 225 25 29 0.031040253 
467 256 15 18 0.030940097 
476 256 14 17 0.030472565 
774 222 13 16 0.030176677 
552 259 19 22 0.03016748 
884 214 12 14 0.029754639 
451 221 13 17 0.029100154 
881 220 11 13 0.028360752 
567 228 12 15 0.028199287 
427 181 14 17 0.028033622 
52 198 15 18 0.027803045 
933 199 10 13 0.02763008 
536 267 29 34 0.027319832 
421 196 10 13 0.027241163 
750 253 14 18 0.027227014 
918 203 12 15 0.027160011 
574 232 15 18 0.027128706 
532 243 16 23 0.026702924 
499 241 19 24 0.026446037 
926 197 11 14 0.026160987 
501 236 15 18 0.026159931 
861 210 16 18 0.02607968 
358 190 10 13 0.025865613 
943 242 11 14 0.02583384 
595 312 15 17 0.025563434 
494 290 25 34 0.02544914 
565 174 10 12 0.025269955 
935 203 11 13 0.02496876 
814 199 10 14 0.024444584 
454 237 11 14 0.024266498 
766 213 12 15 0.024185983 
437 283 14 17 0.023673536 
663 264 14 17 0.023563186 
745 222 21 25 0.023502033 
483 243 14 18 0.023434311 
892 181 12 15 0.023406208 
343 191 9 12 0.023166217 
575 212 11 15 0.023061264 
190 165 16 19 0.022874633 
787 237 14 19 0.022819879 
805 209 12 16 0.02252741 
757 232 15 19 0.022465058 
321 203 13 16 0.022284154 
324 243 13 16 0.021183746 
304 213 9 11 0.020995777 
862 232 13 17 0.020947823 
478 291 27 30 0.020868452 
357 212 12 16 0.020813012 
179 235 51 67 0.020479515 
706 353 15 19 0.020441433 
90 161 42 54 0.020334905 
797 235 12 15 0.02020268 
589 315 15 17 0.02016748 
990 182 14 17 0.020088049 
592 224 23 28 0.020059172 
