47_Matador_Bullfighter_matadorbullfighting_47_152
110
192 216 31 42 0.9979056 
779 275 28 45 0.9895717 
118 10 16 19 0.8505749 
467 0 21 21 0.7272503 
678 52 13 17 0.47335163 
426 2 20 18 0.4066543 
174 20 14 17 0.38721648 
658 73 16 20 0.34948546 
147 28 13 16 0.3176428 
972 52 28 29 0.20183197 
628 11 13 17 0.15324678 
312 8 17 20 0.13011637 
695 58 13 18 0.12977941 
622 60 13 16 0.11730882 
919 22 12 15 0.106590785 
683 57 14 17 0.093888454 
468 38 15 18 0.09033567 
467 46 18 19 0.082994744 
685 46 10 13 0.081252694 
671 100 11 14 0.075969316 
971 17 19 20 0.07502571 
452 30 11 13 0.0726648 
1013 6 9 12 0.0699286 
480 3 14 14 0.06337665 
419 5 22 21 0.060456064 
517 386 54 78 0.059534606 
477 421 95 130 0.05917747 
173 3 15 17 0.05826499 
703 43 10 12 0.054836173 
530 439 29 36 0.053831477 
967 20 14 17 0.052788164 
284 0 17 14 0.052577507 
624 7 21 27 0.05144285 
174 1 11 11 0.048185267 
613 53 12 14 0.04377783 
468 29 12 14 0.04335858 
338 517 46 33 0.041457396 
985 53 17 20 0.041054063 
681 40 9 11 0.039359428 
175 11 18 22 0.033363692 
187 47 13 14 0.031987354 
653 46 10 13 0.031522345 
673 58 10 14 0.031103985 
155 28 12 16 0.031009719 
381 29 14 15 0.030859806 
679 65 10 14 0.030567743 
463 49 13 16 0.029662315 
686 64 13 15 0.029370682 
381 0 12 12 0.028721176 
608 68 12 16 0.02841304 
462 22 12 14 0.02821288 
652 53 12 14 0.02805708 
758 103 21 27 0.028047502 
462 28 13 14 0.028026413 
974 16 29 30 0.027647952 
153 516 32 33 0.02764422 
694 76 12 15 0.027455026 
168 21 13 16 0.027382227 
515 421 52 78 0.027273322 
700 53 21 28 0.026929744 
305 96 29 36 0.026339823 
678 45 21 26 0.025974331 
915 46 13 15 0.025875527 
145 24 11 14 0.025865143 
491 22 15 17 0.025860757 
707 42 13 14 0.02552463 
166 48 10 12 0.02539304 
271 27 22 28 0.025153061 
136 516 33 27 0.025118696 
507 451 55 81 0.024855036 
649 60 11 14 0.02466414 
303 104 44 51 0.02406996 
438 38 12 16 0.024005936 
117 53 12 14 0.023990223 
464 36 13 15 0.023973195 
258 105 15 19 0.023950374 
447 23 22 25 0.023928685 
626 54 11 15 0.023047052 
531 401 17 20 0.022732625 
508 358 55 77 0.022658886 
614 55 19 24 0.02261852 
873 14 11 16 0.022606473 
566 4 13 13 0.022546832 
433 0 18 15 0.022545781 
694 40 10 11 0.022482473 
420 16 17 19 0.022373596 
307 40 26 31 0.022292333 
512 100 13 16 0.022269858 
467 7 26 28 0.022206299 
144 4 12 15 0.022027997 
167 0 12 11 0.021951776 
110 228 154 202 0.0218314 
416 3 14 16 0.021766717 
290 -1 25 24 0.021636413 
468 19 14 15 0.021370625 
278 0 14 12 0.021254662 
984 62 18 21 0.021154637 
211 214 26 38 0.021013081 
959 39 45 52 0.02085773 
506 544 15 18 0.020839179 
748 67 17 21 0.020804727 
876 13 101 121 0.02077029 
417 29 11 14 0.020683939 
483 60 13 14 0.020646337 
255 25 15 19 0.020624973 
265 106 25 32 0.020619256 
686 40 9 11 0.020525264 
165 26 14 17 0.020396369 
998 59 13 18 0.02020153 
106 87 23 25 0.02009469 
