31_Waiter_Waitress_Waiter_Waitress_31_358
50
308 279 63 74 0.9994566 
500 277 67 105 0.9961183 
804 170 80 86 0.99582785 
684 363 24 30 0.97865784 
174 309 42 62 0.96506715 
136 257 22 27 0.9495049 
359 358 53 70 0.5604878 
683 254 33 41 0.20806968 
618 418 12 15 0.15889974 
159 260 16 19 0.11023072 
660 247 48 58 0.07675154 
612 389 24 29 0.054616485 
580 365 16 20 0.04921252 
573 346 27 36 0.048529793 
148 311 58 78 0.043294493 
131 253 39 46 0.041653987 
629 400 16 21 0.041000057 
892 642 11 12 0.03958555 
365 16 448 547 0.03903808 
76 287 93 97 0.034585252 
606 376 25 31 0.031260543 
637 405 14 20 0.031232273 
412 304 48 65 0.030107109 
904 627 12 15 0.02920344 
615 407 20 26 0.028867224 
644 382 16 20 0.028002588 
674 404 18 21 0.02784241 
620 400 17 21 0.02700578 
698 344 9 12 0.026644047 
928 653 11 13 0.026435543 
154 278 50 68 0.02574905 
164 264 23 27 0.025502736 
944 618 12 13 0.025244363 
902 660 11 12 0.024879564 
790 605 31 39 0.024849903 
903 654 10 11 0.024555191 
161 279 25 36 0.024458405 
598 380 11 14 0.024084114 
631 357 11 14 0.023843955 
588 349 14 17 0.021441773 
202 253 13 16 0.021405224 
889 644 10 12 0.021329992 
956 638 10 12 0.021262668 
589 365 44 57 0.021075701 
450 302 31 51 0.020835102 
674 360 40 48 0.020580241 
691 405 13 16 0.020500012 
673 409 26 30 0.020197991 
892 654 12 13 0.020122008 
131 -14 519 442 0.020041868 
