31_Waiter_Waitress_Waiter_Waitress_31_351
64
301 161 140 192 0.99953926 
869 77 52 65 0.9965752 
147 146 35 43 0.9682085 
84 146 27 44 0.5182859 
134 146 29 42 0.2278309 
785 197 16 20 0.19422387 
538 164 368 468 0.12984331 
27 91 13 17 0.098803975 
529 137 17 23 0.07636873 
632 62 43 59 0.068362094 
195 124 29 33 0.0659305 
870 373 14 21 0.06089821 
621 77 9 11 0.05952291 
675 95 15 18 0.05899458 
23 183 23 36 0.053255495 
779 202 20 24 0.05036043 
740 362 12 13 0.049628437 
212 121 24 28 0.044785358 
485 170 12 15 0.04467264 
725 125 14 18 0.0446003 
21 247 22 41 0.043346535 
658 64 18 22 0.043052655 
91 140 38 53 0.040982746 
836 157 15 18 0.0387281 
734 180 11 12 0.03836861 
725 296 120 171 0.03618568 
538 176 13 17 0.03602038 
816 328 9 11 0.035385415 
183 104 47 58 0.033416495 
788 334 11 14 0.032606 
200 146 25 30 0.032153923 
479 132 26 34 0.031303674 
753 377 19 20 0.031227982 
78 159 25 39 0.03007244 
583 211 14 17 0.029618274 
832 158 12 14 0.028464062 
532 139 23 28 0.028353833 
545 146 14 18 0.028327113 
686 237 204 276 0.02815728 
166 152 28 34 0.026298547 
728 198 9 11 0.026193224 
448 135 26 38 0.026125526 
197 157 14 18 0.025610236 
971 73 23 33 0.02493805 
654 101 11 14 0.024389563 
501 180 10 14 0.024011903 
804 158 15 18 0.023965565 
849 202 26 30 0.023750972 
608 175 10 13 0.023652758 
25 26 10 14 0.023300925 
51 24 15 17 0.023298994 
939 96 30 37 0.022762513 
24 195 28 39 0.021954926 
956 190 40 54 0.021946546 
574 71 10 12 0.021940641 
596 19 407 466 0.021527544 
693 94 11 15 0.021064483 
94 58 15 20 0.020780306 
784 197 26 34 0.020578245 
786 190 15 18 0.02057359 
509 169 14 18 0.020485168 
733 187 11 14 0.020164058 
85 162 35 48 0.020090649 
821 216 14 17 0.020041715 
