31_Waiter_Waitress_Waiter_Waitress_31_915
39
463 195 113 164 0.99979407 
941 558 24 30 0.9639698 
619 215 219 296 0.11854425 
714 292 93 117 0.11329719 
114 513 16 18 0.10117059 
40 463 11 13 0.08897312 
37 475 14 16 0.081936635 
1001 640 21 34 0.07243747 
521 210 374 462 0.06590364 
981 554 16 20 0.059970498 
21 505 12 15 0.05383751 
56 487 9 11 0.05066973 
171 532 12 15 0.049263112 
118 494 9 10 0.044122253 
22 484 11 14 0.038727462 
20 461 11 14 0.037741132 
676 337 46 52 0.03319554 
124 515 16 16 0.03315223 
88 621 23 29 0.03135808 
581 361 26 33 0.0284442 
580 -1 190 241 0.027484542 
974 584 26 32 0.026969833 
562 609 18 20 0.026588636 
36 490 12 15 0.025423363 
971 579 16 20 0.025157982 
17 507 11 15 0.024837786 
711 320 57 71 0.024424307 
630 338 48 52 0.024116648 
30 482 13 16 0.023571813 
96 601 13 15 0.02267621 
29 501 12 15 0.022663267 
5 579 15 18 0.02262803 
13 566 11 14 0.022122776 
33 468 12 14 0.021729132 
47 559 10 13 0.021188332 
10 573 14 17 0.020679047 
61 572 11 14 0.020625608 
31 462 11 14 0.020551858 
1001 104 9 12 0.02046124 
