31_Waiter_Waitress_Waiter_Waitress_31_788
45
458 -2 58 62 0.99886924 
711 213 51 92 0.98762184 
165 190 50 78 0.9836939 
243 188 36 73 0.43546957 
362 181 42 58 0.35311446 
207 1 34 28 0.3049303 
263 4 29 35 0.24262163 
889 243 16 21 0.15522388 
54 224 73 74 0.083738424 
869 117 23 28 0.074650556 
208 195 49 81 0.07341193 
128 355 60 63 0.050646406 
141 196 58 84 0.044883054 
878 124 25 31 0.040768735 
202 134 14 19 0.04026239 
184 202 51 80 0.038105205 
309 1 18 15 0.03728633 
236 216 35 60 0.03705789 
892 121 26 34 0.03657777 
405 329 45 47 0.03646442 
849 279 18 20 0.035916 
509 261 238 276 0.035180386 
334 109 13 16 0.03438829 
890 253 17 22 0.033550583 
91 216 59 77 0.0322681 
299 2 27 24 0.030577706 
106 94 35 44 0.03044855 
81 3 29 34 0.029526856 
407 0 43 53 0.029176699 
684 230 63 83 0.028263701 
794 191 44 75 0.028024908 
248 0 36 30 0.027740479 
286 3 30 30 0.027114134 
506 7 47 52 0.026233962 
885 269 11 14 0.025713997 
882 167 27 34 0.024599172 
207 75 21 30 0.024515687 
303 431 14 19 0.021914849 
173 184 30 57 0.021808688 
889 289 31 44 0.021804338 
110 88 26 31 0.021774037 
930 243 28 34 0.021676062 
190 141 11 14 0.021274239 
354 0 34 33 0.020444112 
1008 214 11 13 0.020287741 
