4_Dancing_Dancing_4_715
276
487 470 37 45 0.9984145 
74 455 39 45 0.9975178 
417 444 31 35 0.9974476 
411 108 40 63 0.994021 
661 125 39 55 0.9840591 
295 464 31 38 0.9391677 
170 347 19 24 0.73593295 
627 451 32 39 0.68690324 
197 117 13 16 0.6641864 
424 12 16 18 0.5981535 
350 123 14 16 0.58702785 
153 453 29 38 0.5667162 
113 337 14 18 0.40763357 
141 388 16 21 0.31007954 
116 115 16 18 0.28901985 
241 45 10 13 0.26016942 
264 302 27 35 0.25672495 
862 675 14 18 0.2502247 
152 363 13 17 0.23100872 
199 98 10 13 0.2020654 
197 45 9 12 0.19749293 
525 661 39 44 0.1974341 
159 44 9 12 0.19648273 
298 654 41 48 0.1850973 
313 123 14 16 0.18358399 
260 111 10 12 0.1791349 
279 269 11 12 0.17272793 
159 3 10 11 0.17098671 
182 110 9 13 0.16871837 
194 344 13 16 0.16725104 
946 659 16 18 0.16347177 
920 642 10 12 0.16275588 
192 365 14 18 0.15999474 
635 253 17 24 0.15732187 
502 57 11 14 0.15456888 
518 1 14 18 0.15011087 
272 101 11 12 0.14658132 
464 14 15 17 0.14545374 
158 98 10 13 0.13881199 
268 277 29 35 0.13803327 
78 113 14 15 0.1363186 
613 397 61 79 0.13518281 
482 1 15 18 0.13296734 
115 397 21 27 0.13181403 
351 106 10 13 0.12262513 
556 6 15 18 0.11984036 
275 179 11 14 0.115268104 
120 96 9 11 0.1088143 
151 332 13 16 0.106828675 
841 28 13 15 0.10559595 
155 118 15 18 0.10535594 
142 107 11 15 0.100540295 
193 334 12 16 0.10006967 
276 229 11 13 0.099957116 
463 287 12 17 0.0975371 
389 8 14 15 0.09462924 
461 408 13 17 0.09255024 
575 109 11 15 0.09207002 
503 16 14 17 0.091912225 
313 158 9 12 0.09104935 
619 499 17 19 0.08924096 
124 397 22 31 0.08820371 
423 348 12 16 0.08392234 
499 0 12 13 0.08238744 
295 111 11 14 0.081764996 
899 651 21 28 0.08017876 
444 0 14 18 0.0780657 
814 630 11 15 0.07629002 
313 179 12 16 0.0755217 
934 647 12 14 0.073405385 
785 645 11 13 0.07272224 
390 52 11 14 0.07137313 
237 5 12 13 0.07030629 
723 725 17 19 0.068621136 
233 119 11 14 0.06734408 
425 412 11 15 0.06672732 
81 96 8 11 0.06577132 
728 296 161 251 0.06465931 
465 55 12 14 0.06278592 
310 4 14 13 0.06252618 
349 688 17 22 0.062143877 
497 432 16 18 0.06163782 
836 70 10 13 0.06099495 
535 474 13 16 0.060617313 
199 3 14 15 0.06058275 
236 177 11 16 0.060186986 
123 43 10 14 0.058722805 
865 661 10 15 0.058527976 
539 60 10 13 0.057001792 
268 301 17 22 0.056055345 
761 625 14 16 0.055849157 
887 692 12 13 0.053428426 
196 62 10 13 0.052391544 
28 455 16 22 0.052297156 
257 115 11 14 0.051435668 
74 338 12 16 0.05028473 
152 338 15 19 0.0489214 
274 120 15 17 0.048638914 
234 286 12 14 0.04837763 
352 6 13 14 0.04735264 
204 100 9 12 0.04733267 
854 681 10 15 0.047274135 
185 383 26 33 0.047237847 
904 646 10 13 0.046830866 
190 367 20 28 0.046661567 
543 184 10 12 0.04579947 
124 94 10 12 0.044814844 
153 356 14 17 0.0438398 
575 60 9 12 0.04352257 
351 46 12 15 0.042591184 
294 0 14 13 0.042572435 
768 23 12 16 0.042381182 
275 46 10 13 0.041584887 
466 109 10 13 0.041503586 
262 91 11 14 0.041227426 
822 199 9 12 0.040969025 
313 101 11 13 0.040655963 
271 106 11 13 0.039947096 
238 40 12 14 0.039909493 
111 362 15 19 0.039777674 
236 111 10 11 0.039753374 
286 242 14 17 0.0389154 
511 1 14 16 0.03887205 
116 304 15 17 0.038640734 
489 -1 20 23 0.038361534 
458 457 15 18 0.038058218 
275 274 18 23 0.03795015 
422 425 14 17 0.03780132 
334 113 11 16 0.037119914 
444 659 49 55 0.03710401 
372 656 49 60 0.03666982 
704 724 16 17 0.03649742 
426 53 11 15 0.036377113 
156 662 28 33 0.036156602 
206 111 9 12 0.036126025 
149 100 13 15 0.03573419 
118 151 9 12 0.03549926 
373 2 14 13 0.03542624 
157 112 12 14 0.034694564 
268 465 14 19 0.034616992 
275 261 14 18 0.034305338 
505 189 9 12 0.03427352 
115 391 15 19 0.034270365 
191 427 16 19 0.03419527 
464 235 11 15 0.03398181 
298 113 12 15 0.03367505 
189 0 9 9 0.033524577 
184 0 10 9 0.033500586 
34 338 12 16 0.033453774 
628 364 76 115 0.033242363 
268 687 23 31 0.03312318 
255 32 12 16 0.033026148 
196 289 12 15 0.032929458 
38 147 12 15 0.032751564 
767 729 13 13 0.032507505 
335 92 10 13 0.03238567 
924 644 11 13 0.03233644 
144 388 24 32 0.03231642 
897 659 12 17 0.03219883 
909 649 24 31 0.03218083 
892 199 11 14 0.03214695 
430 5 21 26 0.032101166 
425 123 46 66 0.03200532 
221 0 11 10 0.031939816 
723 24 11 13 0.0316596 
294 31 12 17 0.031373385 
763 437 11 14 0.031293698 
193 400 16 20 0.031185634 
152 95 11 14 0.031062597 
885 30 11 15 0.030804934 
758 454 12 14 0.030536354 
268 288 18 22 0.03033269 
234 155 13 17 0.029986175 
250 292 45 54 0.029519366 
181 660 11 14 0.029401418 
275 235 13 16 0.029296301 
954 660 14 16 0.029125553 
163 97 13 15 0.02911718 
155 342 21 25 0.02910078 
782 16 12 15 0.029035218 
275 96 12 14 0.028907375 
466 35 13 15 0.028882058 
249 474 15 21 0.028841108 
158 62 11 13 0.028803615 
578 165 9 13 0.02873778 
28 437 40 50 0.028707953 
215 662 50 56 0.028606065 
258 0 14 12 0.028571442 
296 87 10 13 0.028460044 
215 109 11 14 0.02830208 
276 109 11 12 0.028186133 
146 108 14 15 0.028011668 
236 102 10 11 0.027787171 
865 200 9 11 0.027758196 
273 251 12 15 0.027570328 
33 302 12 15 0.02738364 
257 85 10 14 0.027370568 
203 30 10 12 0.027032452 
175 340 20 25 0.027012998 
177 114 10 13 0.026798343 
826 659 16 18 0.026738876 
372 96 25 37 0.026630895 
580 190 10 13 0.026313419 
541 16 15 19 0.026305892 
534 489 15 18 0.026225803 
315 107 12 13 0.025852231 
355 674 27 34 0.02568785 
466 165 9 12 0.025683692 
234 225 13 17 0.025626758 
652 21 13 16 0.025497165 
636 246 30 41 0.02544329 
920 649 23 30 0.02529747 
295 125 11 14 0.024953501 
332 0 15 16 0.024755748 
220 109 11 14 0.024749061 
309 427 16 18 0.024747785 
543 166 9 13 0.024571626 
230 346 10 15 0.024537785 
27 259 24 33 0.024509415 
295 132 11 14 0.024220746 
155 282 13 17 0.024155963 
351 157 12 14 0.02414358 
492 703 15 18 0.024125379 
192 306 13 15 0.024023518 
578 195 13 17 0.023955746 
457 431 16 19 0.023928333 
770 68 12 14 0.023748755 
392 32 10 12 0.023652432 
574 1 13 12 0.023536954 
637 246 14 17 0.02352373 
719 714 25 27 0.023486646 
459 398 12 16 0.023380525 
548 7 21 25 0.023364296 
595 83 12 15 0.023317648 
818 634 12 16 0.023291811 
158 454 14 21 0.02310318 
79 173 12 16 0.023063658 
526 123 9 12 0.023010354 
216 84 11 15 0.022982841 
145 379 16 20 0.022977917 
189 355 14 18 0.022776019 
557 245 14 18 0.02263116 
274 5 14 15 0.022608096 
113 425 16 21 0.022499561 
910 646 11 14 0.02242263 
180 39 11 15 0.022406837 
230 31 12 14 0.022271905 
929 656 22 26 0.022151047 
171 378 12 17 0.022088269 
573 433 15 20 0.022039661 
509 79 11 12 0.02191204 
833 75 12 16 0.0218946 
126 29 8 11 0.021731868 
900 663 13 18 0.02168368 
224 28 100 128 0.021455841 
366 408 50 62 0.021440946 
133 397 26 36 0.02139157 
652 60 12 15 0.02130013 
245 101 12 15 0.02117444 
847 682 14 17 0.021116318 
667 627 13 17 0.020989694 
463 279 13 16 0.020933554 
191 98 12 15 0.020921182 
942 655 13 17 0.020903982 
24 460 28 40 0.020832853 
367 113 12 16 0.020799717 
248 461 24 34 0.020671014 
914 641 22 27 0.020665921 
652 228 39 50 0.020582484 
274 239 19 27 0.020450925 
176 38 10 14 0.020445663 
223 115 10 13 0.020421559 
173 419 26 31 0.020369252 
260 449 25 33 0.020263927 
379 4 24 25 0.020052822 
312 46 12 15 0.020013876 
