4_Dancing_Dancing_4_1026
68
99 113 116 149 0.99996173 
795 114 115 145 0.99993896 
469 146 104 128 0.999933 
602 89 103 140 0.9999294 
291 150 99 145 0.99971145 
893 136 77 118 0.7387793 
565 669 13 16 0.55934733 
536 643 12 16 0.47713748 
461 662 12 15 0.30370176 
436 691 12 14 0.21911989 
611 658 14 17 0.1365497 
899 697 28 34 0.13096645 
1012 86 10 14 0.12909247 
493 711 13 16 0.1004546 
550 662 12 15 0.09832391 
532 658 13 17 0.09523673 
1004 633 20 38 0.094548956 
580 693 16 17 0.09257865 
472 685 13 17 0.09094756 
504 692 12 15 0.08331214 
285 86 14 18 0.0765345 
534 696 17 19 0.07249312 
516 678 11 15 0.07231845 
994 172 21 29 0.068708785 
511 684 11 15 0.06475357 
458 666 10 13 0.057963114 
991 671 17 20 0.057766188 
942 91 11 14 0.055805396 
290 89 15 19 0.054554127 
976 78 11 16 0.05202032 
549 615 15 17 0.050283954 
499 664 15 17 0.04859516 
346 359 44 62 0.046737663 
580 639 19 21 0.044877343 
288 95 28 33 0.042484816 
528 649 14 16 0.040164974 
410 57 55 73 0.03994527 
926 183 40 55 0.039491363 
612 734 14 16 0.033779148 
997 57 13 18 0.033450443 
993 211 28 42 0.032943066 
991 58 13 17 0.03125894 
556 662 15 20 0.030784257 
369 58 16 21 0.030061355 
587 715 15 18 0.029943055 
390 51 94 123 0.029895766 
1005 147 11 15 0.0292771 
516 625 13 14 0.028588757 
1003 155 12 17 0.02742705 
1008 139 13 17 0.026525808 
612 740 17 18 0.025318747 
298 92 15 18 0.025200404 
494 631 14 17 0.024819849 
533 621 13 16 0.024387361 
554 101 107 126 0.024041334 
1001 151 11 14 0.023883816 
608 735 11 14 0.023401143 
557 82 15 20 0.023248233 
749 121 14 18 0.022717703 
630 621 15 17 0.022644773 
799 5 13 16 0.022058118 
525 624 13 16 0.022027692 
982 233 26 37 0.021813406 
496 691 11 15 0.021479566 
462 77 21 31 0.020702409 
1013 259 9 15 0.02053758 
566 715 15 19 0.020456417 
996 100 10 13 0.02040951 
