4_Dancing_Dancing_4_514
80
519 34 80 110 0.9975067 
379 109 77 108 0.9932806 
945 456 28 29 0.6176586 
1010 575 13 21 0.4191384 
952 548 19 23 0.39654672 
963 499 16 21 0.17932816 
841 604 14 17 0.16859251 
991 662 14 21 0.09570592 
908 485 18 26 0.08838668 
1011 660 13 20 0.08323387 
957 651 25 31 0.07742759 
940 645 15 19 0.07473902 
992 479 22 32 0.06995155 
1004 664 21 29 0.06729254 
815 630 11 13 0.061192732 
874 525 14 19 0.060228776 
839 631 10 13 0.058537353 
880 711 10 13 0.0529431 
714 521 15 19 0.052125424 
854 617 14 16 0.049086366 
836 649 13 16 0.04889424 
829 597 11 15 0.048243485 
999 547 25 31 0.04749666 
18 541 24 33 0.047372222 
105 139 421 492 0.04639924 
915 568 26 32 0.045156695 
942 537 23 29 0.04304454 
320 161 23 32 0.041801106 
1002 586 23 30 0.039909378 
938 574 25 31 0.03958296 
995 305 26 42 0.03852408 
983 651 14 20 0.03749651 
1014 520 11 17 0.037478495 
870 526 24 32 0.03666013 
928 578 26 33 0.035519805 
956 364 26 33 0.033705045 
998 602 25 32 0.032981034 
839 593 20 24 0.03194438 
934 390 22 26 0.031943105 
1006 556 20 30 0.03179552 
1013 626 14 22 0.03142396 
941 435 32 39 0.031269047 
839 590 11 14 0.030968076 
938 420 31 38 0.029821796 
1010 410 14 23 0.029683154 
963 568 23 29 0.02958023 
990 442 15 17 0.029494768 
846 584 12 13 0.029404346 
873 594 14 18 0.02898993 
484 581 117 151 0.02792484 
854 590 13 15 0.027598225 
76 544 27 34 0.02687814 
946 79 34 38 0.026874306 
131 301 27 36 0.026797445 
986 395 13 16 0.026029067 
1004 615 21 30 0.025244892 
990 590 23 28 0.024544979 
909 719 11 12 0.024049226 
997 75 26 42 0.024022719 
76 482 28 34 0.023698628 
329 157 32 41 0.023642048 
936 483 27 34 0.023623565 
896 737 8 11 0.023384485 
995 362 25 35 0.02308216 
952 489 25 30 0.022952134 
1001 540 18 21 0.022475494 
304 189 28 41 0.02237666 
670 -66 429 512 0.022305466 
865 669 10 13 0.02202346 
928 711 11 14 0.021964822 
319 170 14 18 0.021938713 
934 528 24 30 0.02191673 
827 597 21 25 0.021197809 
998 614 15 19 0.021154419 
944 547 36 48 0.02083092 
958 557 23 30 0.020642364 
845 599 22 24 0.020592783 
954 430 28 35 0.02014194 
830 590 13 16 0.020025406 
910 575 15 20 0.020015229 
