4_Dancing_Dancing_4_375
53
226 165 60 89 0.9976102 
557 306 98 64 0.9935156 
907 294 14 19 0.14847624 
796 312 15 19 0.13077639 
999 326 11 13 0.12046121 
845 298 16 19 0.106449895 
898 289 20 25 0.0894141 
778 300 14 16 0.08236182 
972 349 10 13 0.06842103 
984 336 10 12 0.067152224 
901 286 13 18 0.058230933 
511 295 12 14 0.056446537 
967 333 10 13 0.0553443 
943 350 12 15 0.05211258 
908 287 12 16 0.051624432 
991 334 10 13 0.051144022 
459 294 10 12 0.0485907 
969 341 10 12 0.042679105 
72 331 11 15 0.042016983 
511 298 16 19 0.037490364 
472 295 10 11 0.037207574 
528 291 12 15 0.034669217 
881 671 24 26 0.03354718 
19 331 14 17 0.030860208 
887 290 39 56 0.030198732 
16 329 9 12 0.029813003 
473 285 9 12 0.027778735 
459 297 12 16 0.026502239 
884 280 25 32 0.026237655 
525 297 13 16 0.025689248 
942 342 13 16 0.025466071 
901 303 15 18 0.02544556 
993 327 11 14 0.025440514 
93 305 11 14 0.02516252 
895 295 14 19 0.024921296 
14 330 22 28 0.024493665 
446 296 10 12 0.024236113 
580 290 111 101 0.024199273 
458 307 12 16 0.023712268 
886 314 11 14 0.023590676 
457 289 9 11 0.02328353 
116 396 25 31 0.022317065 
903 313 24 32 0.022154098 
453 324 11 13 0.02212875 
846 289 12 14 0.021395747 
9 332 10 16 0.021288594 
935 325 11 15 0.021205274 
902 317 13 18 0.020981353 
471 300 10 13 0.020873308 
908 316 14 18 0.020820865 
849 293 15 18 0.020813273 
941 333 12 14 0.020603487 
914 291 12 18 0.020490615 
