4_Dancing_Dancing_4_41
85
130 376 15 20 0.9910025 
601 113 48 61 0.98247164 
21 402 21 25 0.95372725 
58 363 14 18 0.9208343 
229 370 13 17 0.8891258 
198 395 14 17 0.81986845 
257 389 14 17 0.77732253 
38 381 17 23 0.7526639 
175 370 15 20 0.70564157 
546 103 40 68 0.6666226 
96 400 21 27 0.5601432 
150 399 17 21 0.49602547 
103 353 14 17 0.33675456 
474 96 45 67 0.19929595 
212 445 12 15 0.19242567 
202 390 13 16 0.17637359 
557 93 27 50 0.16303046 
476 125 32 52 0.14269793 
143 343 10 13 0.12639427 
526 111 36 58 0.114898644 
109 373 12 16 0.10727455 
533 82 45 59 0.094854884 
174 341 11 13 0.07862034 
309 323 10 13 0.074640945 
222 391 15 18 0.06934946 
228 388 13 18 0.067437276 
180 395 10 14 0.06651955 
231 440 10 13 0.05687564 
133 401 12 16 0.05584285 
87 402 15 17 0.0532912 
312 361 10 14 0.05274658 
191 331 10 12 0.05224692 
116 371 12 17 0.046966895 
120 397 13 16 0.045766912 
187 414 12 14 0.04370083 
98 437 17 22 0.04358725 
651 103 17 22 0.042043656 
218 443 13 16 0.041856874 
118 451 12 17 0.041268874 
85 409 14 18 0.041099958 
148 388 16 18 0.040646985 
235 390 11 14 0.038008038 
79 421 13 15 0.037642583 
305 378 8 9 0.036673676 
204 383 11 14 0.035523567 
105 377 12 16 0.034311388 
346 267 15 19 0.03428648 
614 112 70 68 0.03363343 
4 421 12 16 0.03254394 
-4 -14 455 479 0.032104924 
142 481 17 22 0.031773396 
36 375 16 18 0.03005223 
242 418 16 19 0.028088665 
47 408 15 21 0.027848197 
215 390 12 15 0.02701869 
491 76 53 62 0.02690352 
67 370 13 17 0.026539061 
89 312 8 11 0.026402669 
83 358 12 16 0.025916772 
210 139 14 17 0.025643427 
511 71 55 55 0.025602596 
576 196 42 55 0.025122501 
668 122 40 41 0.024972338 
816 538 37 32 0.02493422 
5 427 13 15 0.024261435 
42 391 13 17 0.024246048 
519 136 41 60 0.024074089 
260 445 14 14 0.024043897 
339 374 15 15 0.023824569 
108 362 12 16 0.023536505 
565 115 32 52 0.023395305 
453 275 54 60 0.02298309 
620 146 38 46 0.022859007 
358 165 34 34 0.022781035 
197 326 9 12 0.022645691 
198 426 13 18 0.022048833 
150 317 9 13 0.021949852 
142 401 13 18 0.02150784 
219 426 13 17 0.02133255 
602 105 28 46 0.020973388 
566 195 25 43 0.020853203 
58 386 15 18 0.020680573 
53 385 13 17 0.020277025 
146 346 11 14 0.020160936 
232 420 11 15 0.020091295 
