4_Dancing_Dancing_4_156
40
905 19 60 67 0.98862505 
157 9 39 50 0.9855892 
659 3 47 68 0.5082078 
459 120 54 67 0.34258652 
193 46 35 45 0.24139798 
863 45 100 141 0.22703755 
530 58 52 84 0.1678509 
103 4 27 36 0.14262007 
877 0 27 27 0.11631907 
628 1 65 86 0.11151024 
504 99 53 83 0.09890183 
556 53 56 90 0.09451283 
758 293 133 209 0.085389145 
80 10 42 56 0.07034129 
282 26 100 134 0.059096143 
224 5 41 51 0.057667125 
857 185 101 113 0.046776537 
763 7 26 26 0.045757845 
838 54 45 61 0.04463451 
1000 197 27 44 0.044427864 
879 202 61 63 0.044165645 
306 2 16 19 0.04348752 
177 28 40 51 0.035703793 
602 -9 71 78 0.035085507 
683 93 69 92 0.03337169 
301 202 28 30 0.032931358 
137 320 48 53 0.032666214 
512 108 27 48 0.032217693 
889 0 35 33 0.029530892 
788 171 190 278 0.029241107 
508 30 91 125 0.028442608 
984 302 40 93 0.028415948 
-17 -117 403 447 0.027426792 
496 81 93 131 0.026863255 
53 16 58 66 0.02463122 
245 11 27 36 0.022793924 
413 107 34 45 0.02170683 
623 33 51 82 0.021590399 
641 288 188 264 0.021284787 
109 515 23 28 0.02046761 
