4_Dancing_Dancing_4_53
18
288 192 73 85 0.99801826 
398 241 67 85 0.9965837 
562 280 70 89 0.9899573 
93 217 90 102 0.9103416 
454 45 432 534 0.2640896 
31 680 138 176 0.049280558 
252 234 32 46 0.049136117 
841 622 26 31 0.04697998 
313 258 49 70 0.042498883 
210 628 58 55 0.038886297 
244 415 129 153 0.037964758 
591 126 289 287 0.03190964 
493 270 57 74 0.024167012 
214 653 35 41 0.023944948 
183 631 53 57 0.02093715 
70 133 129 183 0.020723272 
421 625 27 32 0.020468215 
370 8 66 68 0.020341178 
