4_Dancing_Dancing_4_718
22
461 164 98 134 0.9996985 
506 1089 382 464 0.22496234 
23 1156 13 15 0.14407618 
-39 1020 435 512 0.1249458 
41 1150 11 13 0.08267283 
39 1143 11 12 0.082377 
635 1147 394 483 0.07735037 
512 1190 193 251 0.060373187 
41 1156 11 14 0.059766665 
1 1144 8 11 0.048391584 
294 642 398 527 0.04669437 
64 1158 11 14 0.033386506 
406 1057 154 160 0.032753255 
455 1424 35 35 0.029537745 
55 1149 8 11 0.026876662 
33 1144 9 11 0.025113435 
55 1157 9 12 0.024095006 
772 1161 224 313 0.023787547 
28 1151 11 14 0.023530621 
54 1144 8 11 0.021325389 
41 1165 11 12 0.021248465 
69 1159 10 12 0.020030871 
