4_Dancing_Dancing_4_84
76
478 135 38 50 0.9967656 
346 158 38 49 0.9966272 
852 108 38 49 0.9961874 
133 175 46 54 0.9936453 
274 137 16 19 0.99118537 
700 161 44 50 0.99109566 
536 198 30 46 0.98793167 
52 70 21 27 0.96268326 
605 83 19 24 0.9572586 
149 77 18 22 0.9440315 
221 72 19 24 0.9372522 
733 71 21 25 0.92932534 
790 67 19 21 0.8485121 
764 131 19 22 0.77250195 
452 140 17 22 0.718115 
675 0 15 14 0.67943954 
403 216 39 55 0.19612846 
694 3 14 15 0.17154804 
112 107 12 17 0.15822351 
547 549 18 21 0.12393821 
661 14 12 13 0.09237155 
716 3 14 14 0.085938595 
85 151 16 20 0.079421215 
792 147 24 29 0.07107263 
710 76 13 16 0.065162 
690 19 10 13 0.064917885 
732 6 12 13 0.06052922 
691 11 15 16 0.055675477 
591 138 15 17 0.051800624 
729 130 28 34 0.045547225 
230 210 12 13 0.045034148 
647 1 18 16 0.04383743 
755 72 17 20 0.03937571 
195 137 24 33 0.038387436 
746 72 15 19 0.03827754 
253 90 15 18 0.037649345 
189 124 12 15 0.03746656 
721 1 23 24 0.03639768 
683 1 14 17 0.03183536 
184 123 10 13 0.031514462 
610 204 24 34 0.030792976 
637 43 16 18 0.030266838 
662 25 13 15 0.030214295 
759 134 16 23 0.030131228 
199 83 12 14 0.029914523 
658 4 15 15 0.02981948 
744 135 27 32 0.029454023 
525 170 17 20 0.029101696 
797 4 16 18 0.02799789 
741 33 16 20 0.027862042 
882 120 26 33 0.02699259 
750 139 14 19 0.026518375 
529 178 16 19 0.025269508 
606 165 24 34 0.024692373 
639 36 14 17 0.024676127 
78 129 26 37 0.023923062 
240 133 10 13 0.023892922 
947 346 16 19 0.02316892 
765 0 11 10 0.023062067 
610 172 15 20 0.022819906 
116 113 11 16 0.02269536 
614 141 15 16 0.022604989 
520 558 9 11 0.022594202 
952 237 12 15 0.022567557 
713 11 11 14 0.022524318 
643 31 13 16 0.02209248 
149 107 13 15 0.02200881 
620 63 11 13 0.021954725 
205 147 12 18 0.02194204 
760 244 44 61 0.021691605 
788 274 27 43 0.021311207 
547 208 31 38 0.021189805 
661 40 16 20 0.020937946 
300 0 15 12 0.020913957 
198 150 15 19 0.020371933 
728 8 25 29 0.020203477 
