4_Dancing_Dancing_4_422
79
393 390 77 108 0.94959176 
500 86 77 119 0.8375741 
578 83 83 119 0.7892843 
255 29 348 460 0.7146517 
533 6 339 445 0.54453605 
318 401 70 97 0.50611997 
692 397 27 38 0.48568213 
352 387 79 115 0.35907343 
604 512 102 142 0.3509641 
170 432 296 304 0.26398218 
546 90 79 122 0.22806913 
420 700 14 19 0.15613762 
571 573 18 22 0.11831851 
636 619 18 21 0.117385104 
545 79 221 259 0.100115806 
424 381 81 116 0.08605836 
500 244 409 571 0.064501934 
971 614 16 21 0.06079888 
564 189 151 145 0.057411324 
598 65 132 176 0.05667411 
187 457 134 164 0.05015504 
406 71 101 139 0.04892281 
843 666 13 17 0.04716717 
844 440 18 21 0.04709129 
522 127 60 103 0.045095686 
605 564 14 17 0.044037107 
540 559 18 22 0.043347765 
599 522 67 96 0.040055435 
954 599 14 19 0.0374213 
579 677 28 29 0.03690032 
435 739 15 19 0.03668441 
434 725 17 19 0.036594346 
556 534 23 28 0.034870215 
597 678 16 19 0.03483523 
420 545 32 40 0.034729175 
563 610 14 17 0.034615684 
250 413 131 167 0.03440626 
440 699 13 17 0.033721715 
858 754 16 15 0.033653103 
708 399 24 34 0.033583656 
723 735 15 18 0.032116357 
483 617 17 23 0.031547163 
279 198 134 154 0.031347178 
253 667 14 16 0.031142866 
208 498 164 191 0.030693159 
647 531 78 93 0.029107623 
783 557 121 158 0.028908687 
523 591 18 22 0.027897472 
469 602 17 21 0.027536847 
548 182 38 59 0.027507436 
327 708 13 16 0.027146956 
668 611 16 21 0.026886966 
529 707 15 18 0.026842488 
965 613 27 35 0.026123784 
801 604 16 18 0.02578955 
741 392 13 15 0.025656642 
918 437 10 14 0.025554953 
673 401 28 35 0.02551468 
564 601 16 20 0.025071086 
486 65 181 248 0.024541158 
663 393 29 37 0.023586031 
678 641 39 49 0.023233334 
928 443 11 14 0.023024037 
330 661 18 18 0.022752104 
588 645 24 29 0.022693185 
569 683 26 30 0.022411441 
621 566 10 13 0.02237245 
781 679 15 20 0.022268923 
612 565 13 15 0.022203507 
529 78 67 101 0.022150796 
789 212 11 15 0.021986274 
514 662 17 20 0.021556249 
724 407 16 21 0.021385467 
743 659 13 16 0.020753846 
630 597 27 33 0.02059364 
546 513 16 17 0.020582663 
557 591 16 20 0.020487215 
540 736 15 20 0.020461336 
356 431 37 45 0.02010263 
