55_Sports_Coach_Trainer_sportcoaching_55_380
37
858 1 43 53 0.8979623 
574 289 22 27 0.886945 
27 194 30 32 0.76655537 
464 175 55 50 0.76366895 
459 172 36 39 0.28380552 
455 472 14 18 0.2556641 
613 43 89 132 0.14093943 
603 328 17 20 0.12433265 
596 420 13 17 0.11036815 
452 183 32 45 0.1050421 
211 219 17 23 0.07765873 
433 169 24 31 0.057655156 
430 161 61 55 0.04672449 
827 -4 42 57 0.046321575 
572 477 17 22 0.04227367 
624 455 9 12 0.041365888 
464 171 21 26 0.03915353 
683 119 96 124 0.035792153 
599 324 15 19 0.03473307 
461 404 12 16 0.03285775 
398 156 65 55 0.03205361 
462 499 11 12 0.03166197 
583 360 11 13 0.029879449 
218 213 15 21 0.029237255 
648 97 101 120 0.029137054 
512 496 11 13 0.028176991 
519 483 11 13 0.026013585 
503 470 8 11 0.024668923 
19 180 30 39 0.023611946 
527 483 9 12 0.023228267 
31 234 28 31 0.022451498 
502 465 7 10 0.022009864 
646 94 14 16 0.021872463 
533 485 10 13 0.02085514 
521 465 7 10 0.020406779 
489 279 25 33 0.020382583 
11 130 18 23 0.020118998 
