55_Sports_Coach_Trainer_sportcoaching_55_181
19
264 91 27 33 0.9965084 
771 152 25 31 0.99486005 
410 142 20 23 0.449749 
466 133 14 19 0.2022794 
406 157 24 24 0.16767037 
85 430 16 16 0.09970949 
706 269 39 36 0.03963456 
778 206 42 54 0.037779108 
595 33 343 426 0.034250766 
254 96 17 23 0.033183824 
274 86 16 25 0.030103086 
885 7 50 53 0.028389463 
320 194 11 16 0.026496962 
664 282 51 58 0.024876881 
371 164 16 20 0.023885325 
257 403 14 16 0.023729684 
416 157 26 27 0.021899268 
1001 476 10 14 0.021880278 
426 146 14 20 0.02166854 
