55_Sports_Coach_Trainer_sportcoaching_55_894
101
428 32 181 229 0.9995721 
26 333 12 16 0.36595985 
92 141 11 13 0.30518213 
693 241 61 76 0.22172543 
997 414 8 10 0.11554775 
958 406 7 9 0.11130432 
953 390 6 9 0.106828235 
960 425 7 10 0.101938024 
918 384 7 10 0.08677073 
661 254 71 80 0.07910548 
277 336 10 12 0.07679985 
1005 382 7 9 0.067196205 
944 401 7 9 0.06674692 
1014 357 8 11 0.06521123 
953 400 7 8 0.061267942 
1014 430 8 11 0.06100369 
1001 384 7 9 0.05976543 
902 421 8 10 0.059466403 
945 385 7 8 0.054653578 
643 252 26 47 0.05287276 
1002 441 8 10 0.0523421 
848 382 8 10 0.05029805 
976 384 7 9 0.04968362 
913 413 7 9 0.04855097 
47 364 11 15 0.048360076 
958 400 7 9 0.046836507 
952 385 7 9 0.046494294 
918 408 8 10 0.046336815 
329 389 10 12 0.04536373 
902 418 7 8 0.04525851 
274 340 10 11 0.04493258 
966 423 8 10 0.04442684 
985 399 6 8 0.04302391 
984 391 6 8 0.042038955 
2 348 12 14 0.041896097 
975 376 7 8 0.04118274 
998 408 8 10 0.041055568 
915 383 7 10 0.039573163 
645 249 53 72 0.039451573 
946 390 6 8 0.0387761 
905 368 7 9 0.038646642 
895 413 7 10 0.038415957 
272 364 10 12 0.038160164 
999 388 8 10 0.036226988 
953 405 9 10 0.035348173 
984 367 7 9 0.034696165 
857 437 9 12 0.034155615 
9 326 7 9 0.03334752 
967 368 6 8 0.03275055 
935 392 7 8 0.032581706 
1000 369 7 9 0.03161937 
993 408 8 11 0.031590994 
970 376 6 8 0.031209271 
994 385 7 8 0.030697983 
87 136 19 22 0.030632041 
977 389 7 9 0.03060752 
1015 423 7 11 0.030250015 
969 384 7 9 0.029849056 
880 372 7 8 0.029125396 
244 410 11 13 0.028795881 
1010 358 6 10 0.028788347 
937 399 7 9 0.02782772 
24 329 10 14 0.027672341 
969 416 7 10 0.027382115 
213 423 10 12 0.027217349 
982 385 7 9 0.027072307 
936 368 6 9 0.026989734 
257 334 8 10 0.026879057 
1007 400 8 9 0.026856193 
953 429 8 10 0.02610376 
893 408 8 10 0.02608455 
87 145 16 18 0.026058823 
952 424 9 10 0.025913563 
977 358 7 9 0.025845086 
914 389 7 10 0.02552372 
1013 305 10 16 0.025168983 
27 341 16 21 0.025115665 
259 374 13 16 0.025089407 
863 383 8 10 0.025033562 
968 390 7 9 0.02499619 
1005 439 8 10 0.024904007 
993 375 6 8 0.024739228 
856 383 8 10 0.024528189 
717 231 39 59 0.024434831 
16 341 10 14 0.024342071 
297 367 10 12 0.024220116 
944 440 7 9 0.02368823 
999 351 7 10 0.02316588 
991 399 7 8 0.023060588 
98 139 12 16 0.022674039 
903 383 7 9 0.022624064 
960 384 7 9 0.022548674 
984 360 7 8 0.022526693 
930 391 6 8 0.021961553 
918 414 7 9 0.021067547 
894 446 9 11 0.020614449 
960 375 7 9 0.020385936 
890 414 8 10 0.020323956 
766 240 9 11 0.020121895 
992 420 8 11 0.02011978 
1006 375 7 11 0.020071495 
