55_Sports_Coach_Trainer_sportcoaching_55_424
110
307 331 21 30 0.9929953 
972 353 14 24 0.9504943 
418 263 44 46 0.8886606 
645 373 13 18 0.83279556 
883 387 14 19 0.8258221 
930 383 14 21 0.8193906 
831 379 14 24 0.70034885 
158 417 16 21 0.55907065 
716 327 14 23 0.55151206 
125 409 15 20 0.39620072 
671 353 15 23 0.34607285 
623 382 12 14 0.3379378 
400 236 22 36 0.3330385 
202 398 21 37 0.31074178 
593 311 15 19 0.21213268 
712 367 18 26 0.18219948 
322 382 19 28 0.14972585 
2 530 12 18 0.13690421 
151 409 14 24 0.116828255 
420 478 35 40 0.11321683 
842 386 14 18 0.102849305 
936 385 15 19 0.10200696 
412 247 44 46 0.0988491 
118 412 17 19 0.09822682 
131 404 12 19 0.09595553 
740 320 15 22 0.079741515 
313 387 25 38 0.07621644 
624 375 11 14 0.06386518 
33 526 10 12 0.061614238 
210 402 24 38 0.058309887 
998 412 14 17 0.05584248 
574 136 45 69 0.053098254 
588 406 15 21 0.05135797 
28 541 12 14 0.051315 
134 428 11 15 0.04700104 
939 412 14 18 0.0468863 
117 405 16 17 0.046456248 
337 385 17 20 0.045446612 
351 428 39 59 0.0446627 
903 424 14 19 0.04404205 
891 382 14 18 0.042124785 
721 334 17 20 0.039601903 
241 403 28 42 0.03864743 
983 355 17 21 0.038160726 
577 397 39 49 0.037296306 
318 378 15 24 0.036550295 
1008 448 14 22 0.035700258 
888 391 17 19 0.035474814 
954 431 22 30 0.03424322 
290 468 13 18 0.0340998 
1013 389 11 17 0.033923645 
1004 425 17 20 0.033357054 
1012 436 12 20 0.03169203 
359 141 20 28 0.03151577 
330 379 17 20 0.031184876 
835 386 15 22 0.030999443 
396 238 42 54 0.030601362 
931 435 14 19 0.029364089 
589 408 42 51 0.028955735 
606 364 11 16 0.028726509 
227 404 27 38 0.02784971 
589 316 16 22 0.027795082 
31 521 10 12 0.027623726 
990 412 13 15 0.027294556 
122 502 10 12 0.027194275 
611 363 14 18 0.026884846 
358 228 13 16 0.026700053 
389 353 16 19 0.026439913 
171 403 15 20 0.026285185 
729 321 20 25 0.026209917 
124 423 17 20 0.025895996 
618 387 11 13 0.025818486 
101 421 11 14 0.025436597 
594 403 17 24 0.025313929 
762 374 18 22 0.024910193 
51 482 12 16 0.024414992 
814 510 14 16 0.02431316 
872 386 19 28 0.024129597 
381 234 11 15 0.023870293 
337 373 17 22 0.023868788 
154 421 25 28 0.02385515 
867 473 13 17 0.023804361 
123 397 17 22 0.023777524 
659 376 12 17 0.02376348 
960 490 25 42 0.02369415 
730 335 16 20 0.023679966 
717 357 12 15 0.023611335 
681 355 14 19 0.023555648 
139 409 20 28 0.0235406 
190 521 10 13 0.02330926 
1002 416 17 20 0.023284793 
392 389 12 17 0.02316148 
112 402 14 17 0.02289912 
156 407 15 20 0.022867545 
97 423 11 13 0.022797773 
130 415 15 22 0.022682827 
646 411 10 14 0.022329012 
971 473 14 20 0.022135552 
898 380 13 19 0.021994518 
41 477 11 14 0.021796148 
981 411 14 19 0.02177845 
160 404 21 26 0.021435501 
583 303 23 30 0.021232331 
962 426 15 20 0.020952156 
1007 388 18 28 0.020885171 
965 476 22 32 0.020580063 
982 405 12 16 0.020323273 
821 442 12 14 0.02012994 
397 233 16 27 0.020048616 
1000 401 21 30 0.020041233 
