55_Sports_Coach_Trainer_sportcoaching_55_867
40
507 265 35 41 0.9990061 
390 258 33 40 0.99597186 
233 285 23 26 0.97925663 
806 254 18 27 0.9467403 
560 287 24 30 0.92528164 
712 286 27 32 0.8270653 
54 306 26 29 0.793263 
1011 314 12 22 0.28328755 
691 288 22 30 0.18979469 
978 378 15 19 0.1662547 
683 291 17 24 0.13802435 
46 309 16 23 0.11135253 
700 291 19 23 0.08642965 
221 336 16 19 0.07690545 
640 298 11 15 0.065496504 
742 403 13 15 0.059159145 
592 391 16 18 0.04861518 
138 424 13 17 0.045738004 
228 250 11 13 0.041241348 
585 424 9 11 0.03607965 
72 306 16 22 0.034123138 
65 300 20 24 0.031697273 
461 435 52 61 0.031545557 
997 296 11 14 0.03137688 
635 248 20 28 0.02983503 
122 424 15 18 0.027932772 
608 416 9 11 0.026565641 
719 414 13 16 0.025677444 
41 294 28 36 0.024827305 
746 410 13 16 0.024368592 
91 418 18 22 0.02433849 
552 289 16 21 0.0229094 
739 396 24 27 0.022227129 
239 381 10 13 0.021023808 
158 398 32 46 0.02086405 
142 413 11 15 0.02083081 
207 390 44 55 0.020750515 
39 304 16 22 0.02063218 
224 287 16 20 0.020302419 
221 316 12 16 0.020148527 
