55_Sports_Coach_Trainer_sportcoaching_55_773
29
324 93 56 70 0.99942434 
386 80 47 72 0.9987275 
631 84 54 68 0.9950009 
640 153 44 69 0.9904749 
-1 135 39 77 0.98908615 
810 118 53 80 0.9890258 
470 115 44 67 0.98795545 
990 95 34 70 0.98716056 
328 204 37 67 0.9820082 
719 82 43 60 0.70450366 
712 75 31 50 0.39463404 
169 155 42 73 0.34231102 
540 296 97 148 0.28315723 
731 88 55 61 0.25493836 
157 164 35 58 0.12964462 
197 165 44 68 0.1171943 
791 93 55 82 0.08235117 
268 156 38 58 0.05909227 
910 480 41 49 0.04685476 
218 160 47 69 0.039541792 
422 85 45 67 0.039201524 
706 153 42 62 0.03370626 
639 114 57 77 0.025671532 
240 159 47 68 0.025459187 
864 139 39 51 0.024357863 
200 147 35 53 0.023913492 
759 95 54 70 0.021319125 
353 199 49 74 0.021274062 
614 176 46 64 0.020672906 
