55_Sports_Coach_Trainer_sportcoaching_55_809
23
692 638 48 94 0.99820304 
812 367 82 101 0.99557257 
377 547 75 96 0.9915121 
3 585 45 50 0.42997742 
154 617 17 21 0.1476477 
664 283 46 39 0.13477069 
136 612 29 31 0.08200854 
43 723 55 62 0.07182819 
124 613 25 29 0.06713385 
139 691 52 64 0.06342555 
147 703 30 39 0.05796206 
151 909 101 129 0.05667937 
146 898 37 38 0.049227677 
17 569 44 60 0.032393247 
206 1167 51 54 0.03226415 
719 286 39 48 0.030126054 
0 602 33 45 0.028496118 
133 680 85 105 0.026593411 
53 688 88 109 0.024287548 
610 950 10 13 0.022943838 
111 621 12 13 0.020359118 
312 860 26 30 0.020246565 
149 718 17 21 0.02023604 
