55_Sports_Coach_Trainer_sportcoaching_55_196
100
509 164 30 39 0.9772349 
795 38 44 72 0.9705418 
280 170 35 43 0.922411 
170 169 32 34 0.7850553 
535 193 29 36 0.7253366 
841 38 48 74 0.5212763 
470 171 26 37 0.47472987 
319 226 33 33 0.40371692 
748 157 33 44 0.33243668 
553 187 27 37 0.12604846 
165 177 16 17 0.09866622 
229 151 16 20 0.08439123 
125 172 26 34 0.079488195 
573 158 12 14 0.07893542 
453 176 38 50 0.07782886 
224 123 13 15 0.076245494 
283 181 21 24 0.074396566 
438 185 42 50 0.07238713 
264 139 10 12 0.06974501 
793 35 30 50 0.065564245 
108 165 31 36 0.06163776 
425 197 32 36 0.05862153 
226 155 26 31 0.053006604 
563 184 18 24 0.05273473 
342 352 13 19 0.052154474 
568 180 13 18 0.048940457 
725 148 10 13 0.04645575 
244 111 9 10 0.045625668 
945 21 9 13 0.044564623 
183 178 20 20 0.04426531 
373 141 10 12 0.043151416 
519 172 33 45 0.043072637 
149 180 10 14 0.042292006 
503 124 10 13 0.041682452 
523 126 9 11 0.040535424 
373 196 12 15 0.040441442 
132 179 15 19 0.040417325 
238 126 10 12 0.040000055 
140 180 12 16 0.038535494 
543 114 12 16 0.038518004 
107 161 17 20 0.037532665 
224 154 12 16 0.035357963 
756 45 9 11 0.034805637 
521 198 28 40 0.03429012 
428 202 18 20 0.03310029 
160 171 25 29 0.032845248 
313 235 35 43 0.032478347 
399 170 12 15 0.03106539 
743 60 9 11 0.030627122 
238 250 38 56 0.029279113 
242 154 31 37 0.028924419 
77 261 27 33 0.028638618 
516 219 14 19 0.028591488 
565 245 42 53 0.027904715 
266 134 12 14 0.027793208 
360 84 10 12 0.026965251 
448 132 10 11 0.026886867 
161 178 12 15 0.026808845 
520 111 9 11 0.02679234 
534 200 17 25 0.026746774 
555 144 12 16 0.026608616 
408 165 23 33 0.026465667 
186 157 41 47 0.02620428 
143 266 13 16 0.025672054 
522 102 10 11 0.02508347 
749 169 16 20 0.024987586 
727 175 8 10 0.0249183 
755 174 16 21 0.024661014 
855 13 41 66 0.024404772 
238 339 14 19 0.02428538 
487 159 24 36 0.02427783 
457 190 44 60 0.024237411 
176 226 39 49 0.02420725 
101 169 17 22 0.023911858 
786 60 36 57 0.023590706 
385 180 13 16 0.023168 
744 102 10 12 0.022846332 
338 345 23 30 0.022727815 
506 212 25 34 0.022523122 
192 176 16 19 0.02243768 
431 142 11 11 0.02236339 
158 173 52 60 0.021950364 
627 206 12 13 0.021786055 
756 111 9 12 0.021546071 
851 64 51 74 0.021538379 
569 162 11 14 0.021497723 
311 61 9 11 0.021369247 
462 107 11 13 0.021186449 
215 120 24 27 0.02110822 
1012 299 10 15 0.020871164 
709 190 9 11 0.0208525 
642 203 11 14 0.020838501 
520 117 9 11 0.020757236 
410 177 41 51 0.020723717 
756 39 9 12 0.020586565 
140 173 24 31 0.020477919 
298 190 15 21 0.02031498 
491 152 14 20 0.020268379 
305 116 10 13 0.020192573 
681 295 8 11 0.020008037 
