55_Sports_Coach_Trainer_sportcoaching_55_774
153
443 170 26 34 0.99940705 
846 59 56 81 0.99929106 
793 272 61 86 0.9982206 
750 122 62 83 0.99605006 
475 197 27 35 0.9937358 
603 146 27 33 0.9934366 
660 102 23 29 0.99326706 
125 263 42 53 0.9712811 
518 296 40 45 0.9620484 
329 78 20 22 0.918487 
381 72 14 19 0.8969419 
363 178 24 30 0.7772525 
384 6 11 13 0.65926665 
488 171 17 20 0.61026055 
420 42 12 13 0.5802091 
388 11 12 15 0.5689062 
420 107 14 19 0.40322235 
540 160 22 27 0.38196597 
341 98 23 30 0.3321468 
410 13 9 12 0.32297483 
673 13 9 11 0.27161634 
367 46 10 12 0.22150415 
321 18 11 14 0.20145568 
491 121 17 19 0.17062615 
413 73 11 17 0.1687589 
344 6 12 12 0.15788853 
361 164 16 19 0.14592445 
372 22 13 16 0.13978589 
413 60 10 13 0.13417181 
493 154 14 17 0.12061262 
376 52 9 11 0.108444974 
352 99 17 23 0.107391 
546 159 14 17 0.09905126 
166 269 11 16 0.0989092 
374 46 10 13 0.0917638 
406 88 13 17 0.08330468 
448 126 11 13 0.0779622 
416 31 9 11 0.070405245 
542 142 12 15 0.06498022 
330 88 23 32 0.06412561 
365 194 19 23 0.061749723 
397 209 17 22 0.061724793 
375 179 16 21 0.06081341 
406 69 20 27 0.059126094 
532 140 11 14 0.05828731 
413 52 12 14 0.057903726 
382 54 7 10 0.05575778 
585 150 23 31 0.05573531 
348 173 39 47 0.055657946 
408 20 10 12 0.05390869 
445 324 34 33 0.053249486 
416 102 11 16 0.052600224 
374 15 10 13 0.05249079 
391 53 9 11 0.052097723 
359 69 13 17 0.051479854 
425 114 13 16 0.050837044 
413 8 10 12 0.05058892 
538 146 23 30 0.049684476 
455 315 33 32 0.04876097 
363 158 13 15 0.04633335 
160 282 26 31 0.04494566 
587 141 13 18 0.044805914 
365 72 14 17 0.04213035 
359 13 9 11 0.04109509 
167 289 15 20 0.04108375 
880 0 36 47 0.04083672 
361 106 15 21 0.039410166 
528 147 11 14 0.03903407 
348 12 10 12 0.03853938 
365 63 11 14 0.036723237 
431 0 11 10 0.03651416 
425 15 10 12 0.03646509 
407 71 12 15 0.03645893 
455 0 11 10 0.036105078 
413 22 8 10 0.035815895 
469 137 23 26 0.0355233 
374 39 11 14 0.035207376 
325 84 17 23 0.03465735 
343 2 12 11 0.034372125 
363 127 18 23 0.034179073 
354 166 26 32 0.03358953 
480 180 26 33 0.033507578 
367 82 13 16 0.033006854 
320 98 13 19 0.03195828 
421 32 10 12 0.031665523 
408 55 11 14 0.03164104 
586 148 11 16 0.031618405 
348 94 16 22 0.031167349 
424 1 11 10 0.030901406 
677 8 11 13 0.030261682 
380 18 13 17 0.030257637 
371 128 14 20 0.029819984 
428 20 12 14 0.029533576 
402 83 20 27 0.029303938 
357 22 10 12 0.029275527 
329 101 25 35 0.029087646 
976 5 28 32 0.028373675 
444 6 12 12 0.028308209 
375 78 12 18 0.028307555 
392 48 9 11 0.02828967 
467 309 26 30 0.028171787 
156 266 26 38 0.02808969 
985 -4 36 50 0.028087933 
354 92 17 21 0.027960438 
444 126 20 24 0.027478104 
326 133 16 24 0.027117657 
15 413 12 16 0.026946705 
380 27 11 14 0.026876528 
348 61 13 15 0.02643202 
526 133 20 25 0.026400892 
403 206 11 15 0.025774516 
335 20 10 13 0.025357107 
361 45 12 15 0.025171723 
358 51 12 14 0.024869312 
552 168 16 20 0.024767563 
397 20 10 13 0.024703791 
427 43 11 14 0.024188038 
319 13 18 25 0.02410826 
765 73 25 31 0.024001407 
340 0 20 23 0.023929449 
506 210 14 18 0.023890844 
947 0 46 50 0.023852518 
375 59 11 13 0.02380291 
638 1 14 15 0.023457047 
971 47 49 65 0.023375109 
429 165 13 18 0.023149054 
581 138 21 29 0.023006793 
350 68 14 17 0.02285135 
429 122 11 15 0.02281773 
351 111 27 32 0.022718841 
419 46 14 17 0.022665655 
535 137 21 26 0.022643812 
557 129 15 19 0.022616303 
324 106 11 17 0.02258138 
394 13 11 13 0.02253376 
438 118 10 13 0.022470199 
418 72 13 18 0.022359574 
416 0 11 10 0.022056617 
354 146 18 20 0.022037568 
585 132 13 16 0.022034392 
342 19 9 11 0.021781202 
541 134 13 16 0.021522503 
539 170 18 24 0.021153353 
351 28 13 15 0.020911077 
546 148 12 15 0.020839326 
352 22 10 12 0.020761836 
528 155 11 15 0.020731779 
533 156 13 16 0.0203355 
530 144 21 27 0.020335114 
425 172 23 31 0.020321188 
407 165 12 16 0.0201829 
357 60 23 28 0.020177629 
383 62 10 14 0.020012975 
