55_Sports_Coach_Trainer_sportcoaching_55_179
23
128 280 35 43 0.48599797 
82 245 34 39 0.42079172 
227 9 54 49 0.3524194 
148 152 40 38 0.2578902 
189 89 32 38 0.19502401 
84 15 37 49 0.15350774 
320 0 42 29 0.10000909 
182 67 26 30 0.08802529 
67 250 53 58 0.083998844 
101 264 51 60 0.067717984 
242 28 37 39 0.045750722 
268 2 16 18 0.044643614 
193 70 14 17 0.039311 
96 255 27 36 0.039015077 
258 -2 28 28 0.032781817 
57 235 83 95 0.028281251 
175 67 42 52 0.026590364 
272 226 40 56 0.02638143 
127 159 59 57 0.026053898 
195 82 18 22 0.024384322 
26 -3 67 63 0.024200685 
228 3 38 32 0.020627972 
336 9 21 18 0.020155836 
