55_Sports_Coach_Trainer_sportcoaching_55_122
279
57 370 37 46 0.9982451 
812 273 31 35 0.99798054 
871 393 36 46 0.99721235 
345 287 26 34 0.9969559 
99 279 31 37 0.9956671 
25 218 26 32 0.99555063 
36 171 30 36 0.9906749 
864 300 31 40 0.9880244 
565 298 27 36 0.9876638 
724 372 39 48 0.9845005 
180 279 29 33 0.98153585 
259 271 27 32 0.98027337 
19 252 30 35 0.9789621 
966 222 33 38 0.9567067 
529 291 22 29 0.95562303 
631 267 24 29 0.919113 
384 266 22 28 0.86127824 
738 274 27 35 0.8367201 
619 175 16 20 0.808287 
768 262 29 43 0.7851098 
457 309 25 31 0.7271427 
693 279 25 36 0.70734483 
360 244 22 31 0.6882285 
806 183 14 20 0.622959 
670 301 24 30 0.61908036 
707 174 15 20 0.6162904 
118 272 26 31 0.5869682 
134 193 18 26 0.5618661 
604 257 22 28 0.52282995 
742 239 22 28 0.5142873 
806 322 36 49 0.4980974 
684 257 14 19 0.49057713 
781 319 22 31 0.46706697 
467 241 17 21 0.45826045 
374 204 14 18 0.43391058 
525 261 22 26 0.38399437 
288 274 14 19 0.37298945 
180 179 10 14 0.3414709 
621 212 23 29 0.32557273 
879 164 14 17 0.31584403 
772 192 17 21 0.29626194 
310 212 14 21 0.2882224 
419 278 16 22 0.28716236 
360 212 10 12 0.27590665 
740 323 22 27 0.2688994 
326 213 14 19 0.26508272 
587 198 16 22 0.2628218 
551 178 12 16 0.24553357 
537 183 10 13 0.24543028 
835 207 22 26 0.2243874 
433 276 20 27 0.21770461 
449 249 15 19 0.20521529 
211 191 16 22 0.18537073 
463 234 16 19 0.18537056 
170 265 24 31 0.17844723 
541 181 10 14 0.16398695 
328 191 14 18 0.1566985 
458 322 18 24 0.15427339 
367 206 13 16 0.13632655 
220 192 21 26 0.13500442 
329 180 12 14 0.13093802 
285 196 15 17 0.12815297 
427 279 16 22 0.1259522 
847 178 11 15 0.12569813 
284 206 19 24 0.12381353 
124 200 17 21 0.12331928 
248 260 23 30 0.11736649 
832 252 13 18 0.116108805 
565 194 10 15 0.113011695 
271 186 14 20 0.106849074 
565 179 10 13 0.10402709 
832 190 13 16 0.10255586 
504 234 14 18 0.10088101 
634 217 16 23 0.09957185 
691 192 17 22 0.095676154 
838 220 17 22 0.09532713 
340 233 15 20 0.093590334 
625 225 24 31 0.089994475 
694 182 22 28 0.08640711 
174 185 12 17 0.08412937 
830 257 25 32 0.083706014 
566 208 15 21 0.082663305 
596 294 21 29 0.08135106 
832 194 23 30 0.0791617 
228 198 17 24 0.0779617 
581 298 24 33 0.07476299 
699 276 17 22 0.068826854 
678 279 14 18 0.0674424 
462 165 41 58 0.06484851 
245 258 17 22 0.06314331 
569 216 15 20 0.063115485 
778 198 15 22 0.061966628 
540 292 23 29 0.06172071 
530 189 15 20 0.06154222 
169 187 12 16 0.061470874 
399 462 11 13 0.061293732 
667 216 17 19 0.06043724 
301 182 9 13 0.058547135 
659 257 13 17 0.05842855 
948 178 14 17 0.05832127 
185 233 25 32 0.0570907 
593 195 15 20 0.05682216 
519 241 12 15 0.056295402 
398 305 13 17 0.055401642 
315 204 16 20 0.054868437 
420 218 15 20 0.054515947 
670 286 29 35 0.053556554 
477 271 15 21 0.053310573 
44 281 22 28 0.05307353 
274 190 18 21 0.053064708 
388 202 12 16 0.05288178 
557 176 10 14 0.05262901 
710 352 26 38 0.05247916 
378 198 15 19 0.05240034 
341 258 14 18 0.051641803 
276 183 11 15 0.051261935 
783 306 14 21 0.048905052 
372 260 25 31 0.04753563 
427 151 16 24 0.04732239 
324 203 16 21 0.046920024 
340 265 21 26 0.04681564 
700 299 15 23 0.04574015 
507 257 14 19 0.045344736 
732 223 14 18 0.045205735 
404 269 20 29 0.043715216 
654 290 29 32 0.04345445 
688 262 23 32 0.043427978 
227 188 15 20 0.043161955 
765 188 15 22 0.042324774 
263 214 20 31 0.041761294 
288 281 20 27 0.041627098 
731 218 40 52 0.04137164 
559 236 11 14 0.04134952 
733 181 14 17 0.041045584 
213 184 13 17 0.040942654 
558 187 12 16 0.04065252 
491 227 13 17 0.04064339 
753 328 15 21 0.040491935 
318 249 15 19 0.039353203 
831 162 13 15 0.039145958 
470 248 21 29 0.039030954 
842 197 23 29 0.038948007 
437 269 14 18 0.03875404 
892 179 15 19 0.038660936 
518 180 10 13 0.03842692 
352 206 12 15 0.037935056 
299 205 20 29 0.037708372 
387 231 14 19 0.037645202 
742 315 16 20 0.03758524 
166 195 13 17 0.037481457 
463 247 15 20 0.03726739 
571 204 13 19 0.03713715 
310 205 13 19 0.03711726 
175 175 17 23 0.036684453 
807 175 11 14 0.036326732 
404 316 14 17 0.036298063 
300 187 13 19 0.0362948 
770 308 34 49 0.035876688 
704 167 10 13 0.035626125 
665 385 18 21 0.035488818 
511 181 9 15 0.035440866 
883 174 16 22 0.0353521 
876 225 34 47 0.0353518 
383 230 13 16 0.03520103 
849 569 44 36 0.03512269 
727 242 43 55 0.035100844 
555 292 25 32 0.035054483 
569 243 17 21 0.034871787 
932 343 22 32 0.0345501 
706 343 24 33 0.03422885 
363 473 11 13 0.033026855 
544 177 9 12 0.032942366 
834 247 25 30 0.03288295 
216 464 10 12 0.032718886 
699 199 16 20 0.032708712 
448 281 15 20 0.032590535 
733 223 24 32 0.032313127 
287 246 24 32 0.032261636 
509 188 11 16 0.032107685 
290 55 15 18 0.031893376 
91 206 24 26 0.031197153 
812 173 11 15 0.030889375 
694 179 14 18 0.030809661 
486 219 13 17 0.030473217 
146 215 16 22 0.030080331 
472 173 26 32 0.030073114 
263 292 17 22 0.029993555 
485 233 13 17 0.029899191 
467 179 15 19 0.029786745 
429 206 22 29 0.02977308 
656 171 10 12 0.029700823 
701 217 12 17 0.029383775 
274 206 23 32 0.029275471 
673 314 18 22 0.029193025 
173 192 11 16 0.02917578 
313 212 24 29 0.029147202 
172 259 17 21 0.029092435 
700 209 14 18 0.028910974 
839 180 12 17 0.028826449 
680 273 25 32 0.028514627 
786 195 12 17 0.028415173 
357 207 19 24 0.02802107 
124 215 14 20 0.027834924 
360 217 13 17 0.027768351 
454 236 13 16 0.027586715 
343 272 24 31 0.02705774 
360 179 11 14 0.026937652 
159 484 11 13 0.02685076 
192 470 10 12 0.026693156 
572 233 16 18 0.02659105 
456 133 82 120 0.026480203 
869 254 14 21 0.026235303 
536 177 19 24 0.026170148 
234 194 14 20 0.026164537 
889 163 13 18 0.026149824 
529 268 23 32 0.026062451 
947 264 24 29 0.025964929 
844 184 14 19 0.025864052 
537 177 9 12 0.025847415 
721 259 38 50 0.025794042 
145 195 14 19 0.025605032 
445 212 12 18 0.025590613 
558 209 14 20 0.0255131 
597 278 23 31 0.02550379 
474 238 12 16 0.025397828 
462 182 22 29 0.0253973 
330 254 23 30 0.025086142 
396 201 12 18 0.024804866 
183 471 9 10 0.024716496 
237 188 11 15 0.024553014 
961 377 32 41 0.024359666 
237 208 14 19 0.024128687 
556 489 14 16 0.024101654 
293 189 13 18 0.023783728 
940 222 24 30 0.023768464 
412 223 15 19 0.0237156 
1005 167 11 15 0.023687243 
872 163 14 17 0.02360468 
726 220 14 20 0.02354522 
157 203 14 19 0.023434808 
861 240 23 33 0.023372376 
331 224 15 20 0.02335946 
813 181 21 26 0.023251295 
641 218 14 20 0.023247896 
862 204 12 16 0.022951674 
316 254 20 29 0.02293083 
703 275 25 36 0.022899901 
308 196 12 15 0.022874018 
616 216 15 21 0.022659868 
817 346 20 26 0.022626234 
499 150 14 20 0.02258523 
394 261 14 18 0.022381514 
739 318 36 47 0.022381073 
182 326 31 44 0.022257548 
580 232 14 18 0.02219384 
386 209 14 18 0.02215312 
298 225 14 19 0.02206748 
776 288 24 33 0.02192812 
163 282 24 32 0.021793459 
321 227 23 28 0.02167411 
941 228 16 17 0.021612812 
558 228 13 17 0.021593593 
0 197 13 17 0.021490201 
572 188 10 15 0.021406794 
439 265 22 32 0.02112079 
746 252 17 21 0.021067811 
483 209 15 19 0.021014154 
68 176 17 23 0.020920245 
727 186 14 18 0.020815937 
130 203 18 24 0.020744948 
373 217 13 15 0.020666238 
406 219 13 21 0.020653684 
370 244 27 34 0.020477276 
414 213 13 18 0.020464098 
821 561 42 35 0.02043638 
348 245 22 29 0.020406503 
237 249 14 20 0.020232102 
689 251 16 22 0.020049147 
310 281 21 33 0.020031076 
