55_Sports_Coach_Trainer_sportcoaching_55_263
23
317 33 73 98 0.99659413 
156 150 12 16 0.2155933 
515 187 45 54 0.09271107 
265 104 28 31 0.07240943 
154 161 23 27 0.046504173 
126 99 14 19 0.041872714 
147 115 12 15 0.03570279 
142 262 12 16 0.034700125 
244 133 9 13 0.033241067 
150 150 20 26 0.029665304 
117 218 15 21 0.027485874 
158 300 12 13 0.026805395 
104 187 10 13 0.025097953 
262 106 42 52 0.024919888 
116 205 22 27 0.023346685 
106 183 9 12 0.023317952 
280 112 15 18 0.02319627 
116 104 25 31 0.023190789 
94 199 9 11 0.022727977 
235 108 13 16 0.022031382 
204 181 12 13 0.021493139 
74 245 12 15 0.020763313 
131 104 15 19 0.020189343 
