6_Funeral_Funeral_6_485
245
458 178 99 144 0.9998528 
905 140 79 101 0.98796767 
749 98 11 15 0.16046622 
309 56 8 10 0.15780517 
678 6 9 12 0.15040174 
819 329 14 16 0.14855292 
806 133 10 13 0.13283108 
168 89 12 16 0.12393977 
778 200 25 29 0.09643018 
621 20 10 12 0.092181996 
179 205 10 12 0.08746659 
661 16 11 13 0.08591792 
351 274 15 18 0.0826928 
654 77 8 11 0.081355974 
766 110 10 13 0.0799031 
801 87 9 11 0.078366145 
663 6 8 8 0.07258636 
645 7 9 10 0.07167594 
657 21 11 14 0.06988464 
133 85 13 18 0.069004945 
198 96 8 11 0.067459725 
708 88 12 14 0.06601454 
765 22 10 13 0.0637654 
801 118 9 10 0.063072145 
349 85 9 12 0.06237492 
800 93 9 12 0.060516946 
211 79 11 14 0.05970166 
293 83 11 15 0.05958543 
711 75 10 11 0.058290165 
198 87 8 10 0.05797657 
925 60 10 13 0.056968242 
806 312 13 16 0.056532517 
642 14 8 11 0.054913443 
766 77 11 11 0.0548983 
787 130 11 15 0.05436783 
286 24 8 10 0.05327263 
333 292 15 19 0.053138826 
702 71 9 12 0.052868664 
732 86 10 12 0.05211807 
821 135 8 10 0.050880313 
833 201 23 26 0.049078792 
179 221 12 14 0.04864851 
680 11 9 11 0.048442196 
878 134 9 11 0.047938045 
673 1 9 9 0.047531173 
333 282 25 32 0.047516353 
785 118 8 10 0.04734022 
843 296 15 19 0.046848506 
336 7 8 8 0.046357963 
805 119 9 11 0.04606329 
825 78 7 9 0.044459905 
177 227 13 16 0.04424487 
169 80 9 11 0.04358706 
789 77 10 12 0.04350688 
350 72 9 10 0.042727076 
185 76 10 12 0.042338725 
353 15 7 9 0.0415067 
838 262 11 12 0.04087023 
895 79 8 9 0.040199455 
725 64 9 11 0.039716493 
184 143 10 13 0.03942127 
932 101 13 17 0.03927444 
122 45 10 14 0.038816318 
800 100 9 11 0.03880418 
383 115 11 14 0.038714785 
785 86 9 10 0.038505983 
148 68 10 12 0.038466863 
697 124 11 13 0.03827826 
762 27 10 13 0.037847046 
413 15 12 14 0.037703324 
755 200 19 21 0.037528638 
800 112 9 10 0.03744165 
786 72 9 10 0.037111096 
143 121 12 15 0.03698165 
909 78 10 12 0.036441706 
216 111 9 11 0.03604111 
854 194 12 14 0.03570827 
800 80 8 10 0.035641775 
866 206 10 12 0.03518445 
664 75 10 13 0.035032254 
272 92 10 14 0.03452135 
719 75 10 12 0.034420848 
191 95 9 11 0.03439956 
343 277 23 29 0.034365427 
628 47 9 11 0.034316134 
784 43 10 12 0.03413794 
181 55 8 11 0.033808112 
364 95 8 10 0.033657245 
463 14 9 11 0.033578098 
397 8 9 10 0.03325967 
184 69 10 13 0.03309108 
767 55 9 10 0.032824874 
962 101 12 15 0.032455567 
772 78 9 11 0.03241382 
591 151 51 63 0.032318406 
350 77 10 13 0.03228594 
588 45 9 11 0.032257825 
632 86 10 12 0.03206258 
390 0 8 9 0.03200487 
822 142 7 10 0.03188368 
849 28 11 13 0.031809427 
984 94 9 12 0.031755824 
646 48 11 13 0.031703513 
166 5 8 9 0.031577595 
815 169 15 17 0.03119264 
127 7 9 10 0.031095652 
831 71 11 12 0.03096237 
768 84 9 11 0.030953906 
1003 102 16 22 0.030950706 
719 127 12 14 0.03094931 
765 71 11 13 0.030923929 
178 210 13 15 0.030841231 
135 70 9 10 0.03079189 
365 87 7 10 0.030775862 
271 70 8 10 0.030756839 
671 51 12 15 0.03060875 
182 62 10 12 0.030407978 
710 11 11 13 0.030326258 
465 9 8 9 0.030324476 
684 132 13 15 0.030266182 
882 78 8 11 0.029941142 
181 8 9 9 0.029862676 
813 323 21 26 0.029597592 
806 127 11 13 0.02955607 
732 38 9 11 0.029483378 
709 0 9 9 0.029385753 
837 78 9 12 0.029155798 
805 512 30 40 0.02897101 
814 119 9 10 0.02858245 
821 93 12 14 0.028486928 
699 118 11 14 0.02844896 
272 78 10 12 0.028342819 
448 40 9 10 0.028070766 
664 1 8 9 0.02799721 
659 26 12 14 0.027987486 
784 112 8 11 0.02793348 
247 91 13 17 0.02776125 
646 1 10 10 0.027515493 
264 121 13 16 0.027455548 
999 80 9 11 0.027401507 
929 78 9 10 0.026959745 
693 7 9 10 0.026576092 
706 9 9 10 0.02653297 
368 53 9 10 0.026502274 
726 78 9 12 0.02629946 
592 21 10 12 0.026185723 
912 6 9 10 0.026162554 
430 31 7 10 0.02602549 
788 119 9 10 0.026008952 
727 101 10 12 0.025979238 
805 156 8 11 0.0258941 
367 80 8 10 0.025800753 
973 79 9 11 0.025652187 
652 86 11 13 0.02555352 
645 22 8 11 0.02554669 
743 78 9 11 0.025472557 
177 45 9 11 0.025467664 
722 248 15 19 0.025442319 
833 125 11 13 0.025398055 
910 84 9 11 0.025330395 
345 89 10 12 0.025329476 
928 86 9 10 0.02528133 
160 6 8 9 0.025272613 
1007 79 9 12 0.02522719 
299 329 25 31 0.025180385 
346 72 8 10 0.025086896 
501 5 9 11 0.025065983 
192 102 9 10 0.02497543 
365 273 12 16 0.024900777 
758 201 26 29 0.024860827 
880 126 10 13 0.024848469 
805 21 9 11 0.024836272 
786 126 10 13 0.024835765 
349 103 9 11 0.024739182 
822 109 9 11 0.024578275 
312 7 8 9 0.024546249 
905 80 8 11 0.024545409 
725 197 25 30 0.024542987 
915 94 10 14 0.024473324 
748 107 11 13 0.024443174 
297 268 11 14 0.02425525 
823 88 9 12 0.024117509 
189 219 11 14 0.024069082 
377 85 9 11 0.024025064 
846 128 9 10 0.023901118 
333 275 12 16 0.023886705 
321 69 10 12 0.023858216 
344 238 11 14 0.023714101 
497 1 9 10 0.02369192 
821 34 10 13 0.0236427 
816 109 9 11 0.023443993 
709 255 26 30 0.023401596 
823 128 7 10 0.023368409 
294 112 10 13 0.023324905 
353 8 8 9 0.02320775 
304 59 10 13 0.02316756 
764 134 11 12 0.023122171 
288 71 8 10 0.023105886 
729 223 41 50 0.023050211 
805 310 22 26 0.022933431 
734 79 9 11 0.022923853 
910 72 10 12 0.022887515 
661 38 10 12 0.022850528 
180 20 9 11 0.02276175 
640 40 7 9 0.02273996 
275 84 11 15 0.022530321 
732 158 10 13 0.022411507 
548 160 49 73 0.022334604 
183 94 10 12 0.022312015 
415 275 56 86 0.02210869 
288 104 9 10 0.02196793 
839 1 12 12 0.021807496 
728 0 10 10 0.02177978 
340 6 9 9 0.021722049 
839 84 9 11 0.02169314 
845 2 10 10 0.021642383 
159 1 8 9 0.021592595 
784 54 9 11 0.02157153 
232 78 9 12 0.021548064 
191 122 13 16 0.021514248 
744 126 10 12 0.021468438 
927 32 8 9 0.02145675 
745 234 30 35 0.021455875 
750 116 9 12 0.021454584 
766 103 9 11 0.021420123 
990 79 10 12 0.021235054 
641 1 9 10 0.021217048 
245 301 11 13 0.021211376 
881 73 7 10 0.021205725 
806 102 9 10 0.021184962 
313 20 7 10 0.021011425 
630 41 8 9 0.020958237 
802 125 9 12 0.020905443 
214 102 9 11 0.020772643 
622 8 9 10 0.02074476 
654 72 9 12 0.020739216 
838 38 7 10 0.020655902 
862 197 10 13 0.020621046 
801 158 8 10 0.02054201 
721 342 14 18 0.020182852 
650 91 14 16 0.020171627 
728 4 10 12 0.020132128 
784 29 9 12 0.020115353 
320 83 10 13 0.020078102 
165 27 11 14 0.020004822 
