6_Funeral_Funeral_6_128
24
635 103 32 40 0.99961555 
533 80 29 37 0.9989127 
112 101 37 48 0.99841046 
172 71 36 49 0.99789447 
213 57 34 46 0.996232 
860 72 51 48 0.995738 
288 108 33 38 0.99539655 
792 75 36 43 0.9934608 
455 85 37 45 0.98621005 
751 124 25 33 0.96897817 
485 84 27 38 0.9547243 
96 43 13 16 0.13504529 
264 30 28 34 0.10587985 
268 49 16 21 0.056142475 
856 64 34 45 0.039599758 
396 107 10 13 0.03923367 
308 76 10 12 0.03205027 
519 366 9 13 0.024372367 
525 358 10 13 0.022022702 
824 78 16 22 0.022019466 
516 374 11 13 0.02194848 
310 81 13 16 0.020881481 
69 76 10 12 0.020621285 
449 256 40 32 0.020273851 
