6_Funeral_Funeral_6_759
158
691 50 29 38 0.9996253 
363 55 31 39 0.99962187 
497 30 29 38 0.9995695 
325 92 30 37 0.99938095 
777 214 32 40 0.9991923 
950 146 31 40 0.99919206 
604 81 30 35 0.99885917 
797 98 30 38 0.9987766 
316 0 30 32 0.99876297 
71 166 36 48 0.99862945 
850 274 27 37 0.9984956 
193 3 30 33 0.9983027 
127 92 33 40 0.9980369 
16 93 31 39 0.9977952 
385 15 25 33 0.9977738 
267 162 35 46 0.9976465 
452 3 26 31 0.99763477 
443 159 34 46 0.99756867 
683 11 28 36 0.99756444 
568 13 27 34 0.9975292 
197 158 34 40 0.99752384 
715 139 34 38 0.99752027 
898 284 38 52 0.9967409 
499 260 39 44 0.99641955 
911 43 33 40 0.995832 
652 184 37 48 0.99557894 
377 115 35 43 0.99542916 
726 63 35 40 0.9944621 
338 181 29 38 0.994335 
963 97 25 34 0.9931277 
96 75 31 37 0.99287146 
745 350 34 44 0.99270576 
958 216 32 41 0.99253935 
653 132 33 42 0.991823 
123 9 32 44 0.98932624 
801 30 24 32 0.98899174 
863 120 35 41 0.9844095 
313 274 42 49 0.9812231 
168 65 33 43 0.9803546 
633 25 26 34 0.9801364 
259 113 37 42 0.9780668 
109 271 39 52 0.9736546 
44 146 31 42 0.96864736 
434 72 24 35 0.9574243 
460 93 32 39 0.94726396 
776 13 27 36 0.93771595 
361 11 24 31 0.913505 
180 156 31 38 0.90257657 
251 80 30 38 0.89883626 
955 58 27 36 0.8486147 
277 62 26 32 0.80558026 
660 100 30 35 0.77052 
876 93 30 38 0.7487564 
62 312 22 28 0.7022957 
869 104 35 44 0.6797713 
233 62 31 39 0.6677861 
789 18 28 35 0.6642929 
974 330 38 41 0.65678304 
896 2 21 20 0.5654494 
46 133 26 29 0.55398536 
546 47 26 35 0.5360438 
551 175 33 34 0.49353504 
226 13 22 27 0.4151076 
28 307 15 20 0.3326984 
56 152 35 42 0.21470109 
500 3 26 28 0.19201684 
205 94 24 30 0.19097675 
512 3 26 29 0.17082983 
651 -1 19 19 0.16783573 
783 3 28 32 0.16060649 
495 3 16 18 0.15378585 
271 44 34 39 0.13509062 
25 161 15 21 0.13339992 
879 82 25 32 0.13307865 
547 34 18 24 0.13264297 
411 31 22 31 0.12231397 
773 22 18 24 0.11329881 
636 7 25 27 0.10964399 
230 54 26 29 0.106649704 
475 176 24 33 0.103053436 
459 66 27 34 0.094225995 
444 77 27 34 0.09382089 
915 0 20 18 0.08476795 
665 88 27 33 0.08366823 
494 13 27 29 0.07590137 
73 303 18 22 0.071069166 
804 10 26 31 0.067853495 
145 75 39 51 0.061238896 
524 6 25 26 0.05949938 
539 150 50 62 0.058376763 
884 1 28 29 0.055241443 
453 77 33 40 0.054882232 
227 2 23 26 0.054084226 
268 285 44 52 0.05263021 
61 306 18 22 0.05233423 
554 22 24 31 0.051431537 
733 163 33 47 0.047939245 
267 80 28 34 0.04627523 
265 64 28 35 0.04401349 
671 73 25 34 0.043170117 
966 294 49 65 0.043047015 
921 2 28 28 0.04296085 
560 54 16 23 0.04238767 
991 219 26 34 0.042369764 
782 3 17 19 0.041536815 
435 88 18 25 0.040605534 
427 144 30 37 0.03880649 
214 340 426 483 0.037198365 
710 330 38 52 0.03688133 
925 26 16 19 0.036020566 
262 51 27 31 0.033769973 
179 56 30 40 0.03305475 
696 377 27 45 0.032910865 
808 222 21 30 0.032673463 
298 282 45 51 0.032492094 
957 42 26 34 0.030434918 
67 143 31 37 0.029840289 
104 159 29 40 0.029218754 
883 74 18 21 0.028622983 
534 51 27 35 0.028533377 
461 168 31 41 0.028376443 
736 185 28 37 0.027950352 
80 297 16 21 0.027535006 
280 77 26 34 0.027161514 
428 159 14 18 0.026620401 
955 -2 39 35 0.026608348 
490 142 29 37 0.026591368 
442 421 25 28 0.026283942 
221 73 31 39 0.026197238 
364 6 17 19 0.026053347 
55 302 36 47 0.026027314 
966 64 19 23 0.025981251 
10 148 27 37 0.025618307 
390 6 27 30 0.025117798 
729 147 32 43 0.024993954 
876 11 24 31 0.024675319 
198 108 31 34 0.024227243 
328 72 24 28 0.024021393 
43 323 13 17 0.023856446 
25 307 24 33 0.023849756 
643 2 20 20 0.023791999 
379 98 32 38 0.023595823 
896 -1 44 44 0.0235037 
189 80 27 35 0.023363367 
733 329 42 58 0.02336194 
913 91 26 32 0.022731302 
651 113 30 38 0.0222054 
934 291 27 34 0.021639103 
288 66 25 31 0.021246921 
367 8 38 44 0.021125065 
512 -1 18 16 0.021117631 
1001 23 23 40 0.021036439 
801 2 18 20 0.020934803 
794 83 25 31 0.020882403 
947 220 27 38 0.020705123 
191 121 29 34 0.020459952 
10 460 15 18 0.020277927 
1014 415 9 14 0.020097764 
