6_Funeral_Funeral_6_109
113
122 216 31 40 0.9995116 
355 225 24 31 0.9986267 
388 311 27 35 0.9968766 
195 213 32 38 0.99670464 
716 293 22 29 0.9930936 
303 229 24 30 0.9919629 
778 229 17 20 0.9871997 
247 220 26 33 0.98704046 
423 238 22 29 0.9870235 
802 254 19 22 0.9824133 
459 224 22 29 0.9800417 
593 301 24 31 0.9783085 
303 197 21 27 0.9752891 
645 218 22 25 0.969327 
618 220 18 23 0.96615213 
547 221 17 21 0.9661184 
915 220 20 24 0.961529 
882 237 16 19 0.95868754 
411 205 19 23 0.95521617 
269 221 24 33 0.9503226 
520 232 20 25 0.9491086 
698 247 16 20 0.9437129 
369 204 20 26 0.9421203 
588 228 19 23 0.9387889 
568 210 16 20 0.924207 
455 303 20 25 0.9144381 
740 254 16 19 0.869971 
716 254 15 19 0.85623187 
836 241 16 19 0.806573 
486 215 20 23 0.7735108 
572 323 21 28 0.7514289 
660 300 20 23 0.72073805 
491 235 22 27 0.69850105 
564 238 12 16 0.60158646 
982 217 16 18 0.4659071 
489 247 18 22 0.39189768 
501 230 20 27 0.37777364 
678 251 13 17 0.31304052 
899 265 13 16 0.23035899 
334 219 15 20 0.21671185 
860 262 12 17 0.2158855 
548 325 12 18 0.20571686 
710 236 11 13 0.18734919 
704 248 18 23 0.18288524 
835 275 13 16 0.17944284 
84 140 14 16 0.17153142 
361 210 23 32 0.12964638 
635 389 15 20 0.115339994 
828 266 15 19 0.10573698 
86 134 14 16 0.09739176 
630 255 14 18 0.09111292 
798 225 17 19 0.0909001 
158 221 21 28 0.068218246 
332 231 16 21 0.06491071 
860 255 10 14 0.06403873 
672 230 12 15 0.061534286 
543 278 11 14 0.061396245 
558 234 14 17 0.057028186 
839 259 23 29 0.052130546 
444 193 17 18 0.050271936 
426 373 16 22 0.04586279 
751 383 13 16 0.04479577 
522 172 11 15 0.04137963 
441 201 22 25 0.040856723 
223 197 14 18 0.040498752 
625 250 15 19 0.04021003 
709 375 16 17 0.040094312 
303 213 27 36 0.03914505 
487 232 18 22 0.03791004 
712 259 20 28 0.03668753 
509 189 13 15 0.035595696 
481 271 16 20 0.033778798 
854 217 13 18 0.033171583 
822 259 14 20 0.03271296 
712 276 11 15 0.032668505 
81 145 14 19 0.0312661 
556 210 18 25 0.031264853 
318 230 21 27 0.03114688 
827 3 52 64 0.029528696 
855 244 10 15 0.029278854 
754 210 15 17 0.029125674 
836 229 16 19 0.029063754 
548 239 13 17 0.028906919 
569 234 14 18 0.028298859 
856 195 12 14 0.027946781 
503 202 13 16 0.02771894 
591 195 13 15 0.02636509 
507 196 15 18 0.025703048 
852 260 18 26 0.025061859 
674 235 13 15 0.024707431 
525 177 12 15 0.02463478 
564 227 15 19 0.024509849 
582 316 23 29 0.024453592 
900 422 11 15 0.02439863 
395 208 16 21 0.023740135 
55 159 11 15 0.023739824 
162 155 25 31 0.022694273 
36 147 12 13 0.022556797 
854 236 11 15 0.022535283 
792 439 11 15 0.022510933 
137 218 26 34 0.02218219 
841 247 14 19 0.022140114 
685 242 19 25 0.021925043 
705 363 26 32 0.021864329 
831 247 14 19 0.02177304 
399 319 17 23 0.02160886 
586 328 16 21 0.021504775 
570 224 16 20 0.021118272 
354 103 37 41 0.021058353 
562 242 17 23 0.021020101 
251 -3 61 54 0.020623194 
318 117 11 13 0.020565884 
836 256 15 21 0.020484237 
