6_Funeral_Funeral_6_241
27
465 192 109 149 0.9999136 
848 408 60 75 0.99736893 
788 463 22 30 0.9316037 
889 996 36 34 0.15414692 
112 471 14 17 0.088323265 
76 -11 353 466 0.073478624 
910 664 31 34 0.05499257 
107 342 14 17 0.04943986 
341 273 12 16 0.039041243 
531 1525 46 47 0.036462795 
521 0 17 14 0.036425106 
969 1557 16 19 0.033677116 
975 670 10 14 0.029600728 
163 1550 48 53 0.02891408 
854 90 53 63 0.028277509 
962 420 22 31 0.02726106 
246 114 12 17 0.026337385 
116 442 12 16 0.02575204 
267 120 15 16 0.02534926 
924 665 29 32 0.024932103 
497 7 19 19 0.023956576 
748 1544 49 55 0.02312424 
808 739 32 37 0.021835482 
106 278 17 20 0.021718824 
108 190 23 29 0.020672712 
828 1553 26 32 0.020467576 
268 27 11 16 0.020151138 
