6_Funeral_Funeral_6_760
47
211 123 99 127 0.99919194 
667 358 26 33 0.99462503 
962 161 15 19 0.8975717 
414 319 22 31 0.66012466 
755 161 17 24 0.5007991 
864 332 8 11 0.18959732 
674 427 17 23 0.17535813 
629 158 18 21 0.0798714 
620 325 30 34 0.06758394 
953 309 10 12 0.06752805 
846 191 59 78 0.051077023 
888 316 18 20 0.044621497 
644 361 42 45 0.04362789 
889 129 37 53 0.039025985 
733 192 37 57 0.038950678 
762 157 15 22 0.036464207 
576 354 10 13 0.035984598 
924 165 10 14 0.03251091 
703 301 38 50 0.029301982 
903 156 12 18 0.02872146 
741 170 16 18 0.028713925 
613 166 10 13 0.027826745 
613 367 14 19 0.026820375 
893 154 12 17 0.025698043 
601 356 10 12 0.02569021 
774 300 11 13 0.025688725 
128 273 410 459 0.025046567 
834 115 46 56 0.024723656 
745 165 24 30 0.024101997 
443 309 24 28 0.023906292 
858 332 10 12 0.023460971 
860 341 11 13 0.023271142 
691 203 14 17 0.023090972 
912 293 11 14 0.023070782 
861 160 14 18 0.023024486 
99 189 79 116 0.02278128 
908 323 11 14 0.02274088 
767 154 22 27 0.022569243 
893 147 13 17 0.022039302 
867 326 11 13 0.021894196 
899 172 12 14 0.021822901 
834 406 8 11 0.02152433 
655 234 12 18 0.021020522 
899 179 12 14 0.020974142 
896 260 12 16 0.020233829 
387 301 94 123 0.020215318 
735 186 13 15 0.020060377 
