54_Rescue_rescuepeople_54_531
32
363 125 206 299 0.9998981 
288 842 175 277 0.6596301 
644 983 44 71 0.47410297 
626 914 84 127 0.21564351 
614 133 55 55 0.13895454 
655 543 208 274 0.11394453 
384 542 54 71 0.088326655 
624 441 116 122 0.08259041 
287 382 101 114 0.07322178 
677 915 88 121 0.060070913 
311 434 58 72 0.05788125 
810 610 70 72 0.055828948 
262 704 358 484 0.048661824 
718 920 83 120 0.047478378 
683 481 118 141 0.045852892 
374 553 82 95 0.044830266 
662 459 70 75 0.04469579 
623 470 64 79 0.03913417 
284 868 415 507 0.0372554 
676 1124 98 110 0.034443248 
326 932 103 183 0.032614578 
315 451 36 46 0.03150814 
305 830 109 181 0.031185115 
749 591 126 106 0.031168856 
710 545 132 107 0.028728634 
584 404 43 46 0.02717852 
-4 242 182 290 0.026525363 
564 380 101 109 0.025734285 
610 912 65 96 0.024521023 
335 533 91 122 0.022660982 
299 34 134 129 0.021937331 
581 487 364 426 0.0204696 
