54_Rescue_rescuepeople_54_1006
22
244 245 38 60 0.99707544 
619 158 50 65 0.9956683 
426 280 33 42 0.99430627 
312 257 32 48 0.98314744 
580 389 10 13 0.25948563 
550 354 15 20 0.1250057 
262 249 35 55 0.09116687 
553 349 14 17 0.091032006 
287 250 29 44 0.089111246 
577 415 9 11 0.048681036 
454 331 14 20 0.038029023 
541 389 10 14 0.037349083 
676 372 29 37 0.03166774 
547 365 15 19 0.030322924 
560 347 16 17 0.02916518 
403 336 58 74 0.02715548 
663 462 13 15 0.025334349 
564 339 15 19 0.025058957 
542 427 10 13 0.02459502 
664 455 11 13 0.022019133 
576 467 13 16 0.022001257 
-17 76 175 295 0.02047763 
