54_Rescue_firemanrescue_54_814
18
385 155 119 112 0.9995278 
265 772 71 101 0.20822129 
136 627 10 13 0.06895971 
5 770 23 37 0.045057964 
37 790 11 13 0.034021452 
277 886 17 20 0.027413525 
736 169 134 147 0.026854029 
879 379 27 30 0.026553726 
292 757 62 78 0.026467195 
270 761 44 52 0.025585677 
162 1033 25 29 0.024670547 
145 615 8 9 0.023889985 
357 1165 9 10 0.022903847 
368 160 182 184 0.021869436 
452 142 104 122 0.021040995 
18 781 15 22 0.020322839 
327 1166 8 10 0.020223742 
417 1035 101 128 0.020048045 
