54_Rescue_rescuepeople_54_711
53
407 374 12 17 0.8630804 
485 308 13 17 0.8441543 
423 319 10 14 0.37948927 
438 349 8 11 0.33053544 
494 342 8 9 0.2504155 
428 323 9 13 0.23231736 
456 352 8 11 0.17069648 
495 334 9 12 0.10618465 
495 325 10 12 0.08822172 
424 312 10 14 0.07137344 
473 356 7 10 0.06872914 
497 368 9 10 0.0650108 
458 302 8 11 0.06177786 
542 284 15 17 0.06100432 
490 315 12 15 0.05511533 
480 335 10 12 0.05317187 
490 341 8 11 0.052667774 
512 295 9 11 0.051065993 
479 357 7 9 0.050687645 
475 386 13 15 0.044826422 
528 360 10 12 0.043669708 
421 317 19 24 0.043558452 
447 373 10 13 0.04321767 
463 367 8 11 0.040786352 
559 280 13 15 0.04009586 
507 213 44 59 0.03821874 
469 317 10 13 0.034375787 
446 369 9 11 0.032665424 
462 295 9 11 0.032307345 
488 294 9 10 0.030923417 
512 342 9 10 0.030352728 
445 343 10 11 0.028764086 
501 367 8 10 0.026485099 
469 324 9 12 0.026438428 
423 365 8 10 0.026196944 
488 337 9 11 0.026014907 
550 279 12 14 0.025934363 
444 419 14 15 0.024211178 
533 364 9 10 0.024155438 
437 356 9 10 0.023857716 
504 296 9 11 0.023769466 
461 308 10 12 0.023466438 
461 249 106 131 0.02244313 
446 349 10 12 0.022398712 
501 333 8 10 0.022128679 
422 358 8 11 0.02134168 
423 328 10 15 0.021237124 
537 336 8 10 0.02116601 
487 320 11 14 0.020612448 
527 327 9 11 0.02032721 
432 344 9 12 0.0203245 
575 283 12 16 0.020147247 
596 306 12 14 0.02004029 
