54_Rescue_rescuepeople_54_54
45
729 390 37 35 0.98989797 
793 410 28 37 0.4507704 
128 506 24 27 0.099491216 
809 412 32 34 0.09806705 
100 512 22 29 0.060599793 
464 70 49 74 0.06037046 
616 18 53 76 0.05925746 
679 368 23 29 0.055099722 
47 38 188 217 0.052443113 
613 505 63 62 0.05037694 
519 85 28 36 0.048135407 
734 372 31 40 0.04755769 
634 293 28 29 0.04566305 
125 512 15 20 0.04043912 
55 23 124 143 0.040137812 
676 1 57 65 0.03761167 
547 429 37 56 0.034211215 
538 691 18 23 0.03129929 
529 96 17 20 0.031222196 
420 69 14 16 0.02950586 
507 66 58 74 0.02605864 
526 691 25 31 0.025883064 
893 564 56 74 0.025768623 
391 14 51 62 0.025593216 
474 85 29 37 0.02458145 
272 -1 57 48 0.024429625 
113 510 24 30 0.02412731 
175 494 23 28 0.023538632 
823 416 19 23 0.023531575 
634 7 60 77 0.023372697 
94 25 12 16 0.022108205 
559 138 12 16 0.022099312 
820 307 14 15 0.022014415 
702 470 31 35 0.021762932 
856 537 88 119 0.02154861 
485 96 14 18 0.021510024 
462 19 27 34 0.021207552 
590 29 55 72 0.021087943 
93 61 72 88 0.021014756 
66 35 15 17 0.02083586 
132 517 16 19 0.020643253 
622 575 53 51 0.020449549 
606 271 10 13 0.020315861 
906 482 18 22 0.020286243 
903 468 14 17 0.020245513 
