54_Rescue_rescuepeople_54_328
22
556 128 135 200 0.99873394 
371 370 26 31 0.47031468 
365 372 40 49 0.1927258 
384 372 28 30 0.099318705 
361 400 28 32 0.08992657 
365 369 18 22 0.08364924 
336 458 17 20 0.06389774 
629 598 43 42 0.058371726 
403 427 17 21 0.053833697 
709 384 38 44 0.041351072 
698 573 30 33 0.039529998 
82 347 32 36 0.034341447 
463 614 49 59 0.032636598 
678 560 56 55 0.032313872 
369 394 20 24 0.031026917 
407 36 27 36 0.024404237 
585 627 34 38 0.023496954 
291 342 381 441 0.023283754 
427 448 14 19 0.023169195 
451 454 22 27 0.02265074 
83 372 31 37 0.022485053 
78 410 30 37 0.021267422 
