54_Rescue_rescuepeople_54_924
31
641 305 29 32 0.9783442 
838 254 23 29 0.883789 
472 249 28 34 0.61945814 
380 155 18 24 0.13059622 
873 248 20 31 0.065127924 
847 251 24 29 0.05779613 
636 403 11 12 0.05638952 
631 305 14 19 0.047298957 
567 93 10 11 0.04500651 
459 242 31 38 0.043629702 
463 257 42 43 0.043233473 
646 319 43 43 0.042779922 
639 108 16 19 0.038196478 
653 404 12 14 0.037978593 
573 378 12 17 0.0368886 
605 95 11 13 0.036468625 
653 338 35 40 0.036024168 
833 292 25 29 0.03385223 
567 394 12 18 0.028488917 
630 298 27 34 0.027203105 
971 460 11 13 0.026023252 
578 380 14 18 0.02509407 
458 224 27 29 0.024473017 
458 272 29 42 0.024408484 
471 233 36 38 0.023609612 
637 366 23 29 0.023384536 
648 420 13 16 0.02274251 
612 305 13 19 0.02225071 
651 415 24 28 0.02178424 
531 330 16 19 0.021480465 
463 226 16 18 0.021072652 
