54_Rescue_rescuepeople_54_191
40
809 254 55 66 0.999752 
931 275 38 46 0.9982864 
447 279 53 64 0.99743974 
663 276 37 39 0.99405307 
783 300 25 29 0.3761183 
85 362 15 18 0.2773253 
915 251 27 32 0.19857858 
1008 417 11 16 0.17025898 
662 493 53 44 0.12826042 
873 320 45 47 0.11203859 
780 308 32 40 0.07309331 
985 292 37 52 0.06704501 
586 202 413 455 0.058437526 
685 337 48 56 0.05074976 
932 202 25 28 0.049830608 
736 358 16 22 0.04518427 
979 290 27 34 0.04382956 
554 402 17 21 0.041923437 
643 376 16 21 0.040318284 
773 263 12 15 0.03989806 
708 301 17 21 0.03729726 
212 350 13 15 0.03690239 
663 365 25 30 0.03683258 
980 295 16 20 0.036805816 
892 224 13 17 0.034834605 
1003 294 20 26 0.0311352 
102 394 13 18 0.026606642 
568 540 11 15 0.026491085 
887 227 13 16 0.02470595 
495 289 13 16 0.024252513 
927 210 15 17 0.024091195 
1006 410 17 27 0.023920082 
499 192 28 35 0.0230078 
824 575 48 50 0.02260458 
997 311 29 42 0.022588106 
653 318 27 33 0.02200579 
892 306 34 39 0.0218546 
931 265 16 21 0.021213079 
701 346 30 34 0.02039883 
1000 277 22 34 0.020297145 
