54_Rescue_firemanrescue_54_939
60
158 109 77 105 0.99574393 
61 580 20 30 0.8586489 
578 599 15 16 0.3259555 
902 522 11 14 0.29690772 
421 475 35 51 0.22968104 
268 238 26 28 0.13413437 
924 562 15 18 0.12394065 
52 589 19 24 0.10678357 
627 542 15 20 0.102758355 
135 311 65 62 0.09911885 
133 608 26 32 0.09671134 
120 565 25 33 0.08623321 
898 525 10 14 0.081082575 
907 524 11 13 0.05875448 
127 574 29 34 0.043710977 
0 224 11 21 0.043021593 
704 30 33 44 0.04197499 
117 556 24 29 0.04127022 
945 561 12 15 0.03972433 
561 638 10 12 0.039544404 
471 619 9 11 0.038689613 
343 456 48 71 0.03699587 
900 530 13 14 0.03685571 
420 656 9 11 0.036651887 
917 524 11 13 0.035909712 
821 540 14 19 0.03557933 
941 513 11 15 0.033944543 
2 583 16 22 0.033727918 
651 9 45 57 0.033374555 
918 554 23 31 0.032179773 
5 605 16 21 0.031981062 
149 610 28 34 0.031712662 
562 631 9 11 0.029989796 
556 257 88 112 0.028854294 
159 669 25 31 0.0276736 
812 564 14 18 0.027489325 
367 109 32 38 0.027235031 
0 543 16 25 0.026341395 
581 593 13 14 0.02630188 
264 225 44 54 0.024663094 
182 690 12 15 0.02448387 
878 528 8 11 0.024314044 
901 518 19 23 0.023974564 
115 566 17 25 0.023892455 
704 646 7 10 0.023369731 
339 451 34 52 0.022968702 
691 482 116 155 0.022348141 
720 225 105 127 0.02228216 
533 678 9 12 0.021989368 
807 516 10 14 0.021684848 
628 530 15 19 0.021654949 
711 646 8 9 0.02161044 
418 659 9 12 0.021107383 
909 532 11 13 0.021070236 
7 624 22 29 0.021042522 
836 509 13 15 0.020936672 
907 153 113 167 0.02082551 
715 30 54 65 0.0206145 
730 663 7 10 0.02056287 
941 557 21 25 0.020517092 
