54_Rescue_rescuepeople_54_529
38
408 24 68 87 0.9982722 
828 165 65 82 0.98262674 
464 195 56 66 0.97856826 
301 228 62 81 0.96006346 
407 284 50 57 0.37949544 
845 195 59 81 0.31999645 
522 303 18 22 0.16518286 
571 162 27 29 0.13337989 
523 296 30 35 0.11874703 
584 74 435 437 0.10363013 
410 262 48 54 0.10192299 
403 298 36 36 0.081670485 
394 302 52 64 0.06843508 
389 257 84 92 0.052982945 
315 294 64 68 0.050130375 
715 220 41 51 0.0475485 
565 167 42 49 0.046690732 
649 139 239 250 0.04268179 
411 266 30 34 0.04032508 
533 295 35 40 0.039503124 
293 250 91 103 0.038212296 
482 130 44 54 0.03615518 
483 314 43 51 0.033060778 
476 162 51 64 0.032795474 
704 202 104 126 0.03188704 
417 299 55 66 0.029742343 
108 152 359 438 0.02796369 
433 278 50 61 0.026617521 
313 215 37 55 0.024674464 
665 160 19 21 0.023561845 
430 276 34 39 0.023256034 
606 361 27 39 0.02294975 
652 338 14 20 0.022719653 
797 173 59 77 0.02192733 
494 198 34 48 0.021872075 
414 249 34 38 0.021574836 
817 246 158 267 0.02144513 
457 208 43 43 0.021212794 
