54_Rescue_rescuepeople_54_208
37
249 21 115 225 0.99525875 
301 35 162 252 0.40375757 
632 98 14 18 0.10832885 
361 65 188 256 0.10047731 
184 440 30 41 0.079395786 
414 504 13 16 0.071198404 
1011 580 11 18 0.059325054 
617 68 10 13 0.048634686 
100 51 17 23 0.048534464 
151 373 13 15 0.04619663 
617 76 10 13 0.046120632 
197 595 10 13 0.04334114 
338 469 40 47 0.037373353 
964 14 63 79 0.036719266 
507 542 11 13 0.036179513 
508 534 10 11 0.035780095 
709 135 31 32 0.03541081 
448 518 10 13 0.03344523 
1003 610 14 17 0.031711616 
631 115 13 16 0.02931678 
509 548 10 13 0.028415082 
921 114 97 138 0.028318668 
474 498 24 29 0.028036704 
70 299 117 174 0.027870238 
505 528 8 11 0.026596509 
364 532 16 18 0.025610138 
0 0 29 24 0.025407113 
175 302 28 39 0.024974816 
112 371 12 15 0.024612732 
150 277 12 15 0.023772182 
108 63 14 18 0.02320518 
0 165 35 53 0.023021612 
312 451 209 213 0.022307819 
528 554 15 18 0.02082685 
470 549 10 14 0.020697422 
998 608 23 31 0.020294927 
194 591 10 12 0.020182079 
