54_Rescue_rescuepeople_54_526
67
472 24 68 64 0.99428165 
3 899 19 24 0.38612968 
40 1174 24 31 0.13817321 
982 814 13 17 0.12944621 
0 848 13 23 0.09576466 
0 865 13 21 0.08752598 
455 548 35 41 0.07793528 
995 808 15 21 0.07355102 
76 839 23 29 0.072600335 
1004 818 14 18 0.06514398 
762 226 31 41 0.06326221 
164 932 46 56 0.057397854 
684 419 16 21 0.053161953 
223 844 116 130 0.052588914 
13 1161 22 29 0.051749203 
353 804 123 169 0.050953776 
512 504 39 60 0.047540847 
0 1072 12 21 0.044621963 
196 738 198 247 0.044141017 
710 396 15 18 0.0435051 
18 1169 28 33 0.04303647 
185 917 46 64 0.041063983 
64 1038 18 25 0.04031626 
605 285 15 23 0.039704714 
69 824 26 34 0.039129518 
903 172 12 16 0.036173582 
60 920 14 20 0.034852292 
237 883 64 63 0.03389826 
19 1155 15 19 0.03340564 
63 884 11 14 0.032996707 
9 891 17 21 0.032658663 
496 3 60 66 0.032155145 
851 165 15 19 0.031988684 
715 410 25 28 0.03179754 
791 422 10 14 0.030601535 
228 965 390 486 0.029163744 
197 866 94 118 0.028745115 
738 421 14 17 0.028720908 
81 833 17 22 0.028288841 
2 1067 14 19 0.026872018 
1006 781 15 21 0.026224026 
894 501 27 32 0.025285555 
734 435 15 18 0.02495524 
9 897 24 29 0.024948783 
245 898 38 40 0.024901627 
668 379 12 16 0.024859566 
111 892 16 17 0.024727948 
663 372 10 12 0.024678187 
445 529 57 67 0.024420386 
0 1095 25 33 0.024295006 
712 398 25 28 0.024236226 
1 1196 11 18 0.023547016 
903 728 103 129 0.023157965 
18 1133 26 29 0.022891697 
119 693 62 57 0.022740677 
511 534 38 46 0.021799454 
39 1019 14 18 0.021743406 
418 867 83 120 0.021704419 
1012 644 10 14 0.021471689 
213 910 130 124 0.021448899 
51 912 21 30 0.021435931 
895 453 9 12 0.021386694 
115 1178 51 65 0.021129867 
14 1131 15 17 0.020995561 
18 1214 16 21 0.020861462 
72 842 15 21 0.020467436 
226 963 61 77 0.020168059 
