54_Rescue_firemanrescue_54_660
18
428 332 187 230 0.9994771 
830 127 77 95 0.9971194 
857 133 86 105 0.13482553 
926 213 85 142 0.115118854 
908 168 98 119 0.09235386 
694 28 82 98 0.08426492 
24 532 203 373 0.08369597 
176 9 47 56 0.080327764 
895 982 41 45 0.052938987 
644 16 93 116 0.050222125 
643 37 55 77 0.043515883 
124 555 41 52 0.037438806 
68 -5 78 60 0.027111683 
871 153 163 226 0.022346944 
678 191 14 18 0.021885209 
250 883 347 476 0.021279883 
893 132 94 116 0.021155415 
526 1141 131 153 0.020359559 
