54_Rescue_rescuepeople_54_135
217
874 480 63 78 0.9986155 
503 1 52 67 0.9913657 
868 208 28 50 0.9873059 
942 218 24 38 0.9668522 
329 46 34 50 0.93081677 
43 554 71 60 0.87049365 
997 230 24 32 0.47362423 
956 470 46 69 0.32896802 
962 367 36 44 0.30538124 
696 340 17 20 0.2300305 
434 369 27 40 0.21375947 
175 165 12 19 0.21095797 
452 0 45 51 0.20144741 
155 179 21 30 0.1913122 
73 229 27 32 0.18621936 
118 373 38 55 0.18343148 
453 378 16 24 0.17830525 
662 579 44 68 0.17819345 
148 210 15 21 0.17674123 
166 231 13 17 0.16294263 
29 579 70 58 0.16222064 
949 213 34 42 0.15119432 
176 57 16 22 0.14193742 
907 398 39 52 0.119367845 
643 28 10 13 0.11474733 
850 362 46 57 0.111589864 
1005 411 17 34 0.110688955 
743 44 10 13 0.09793634 
669 500 53 63 0.097706534 
75 184 15 21 0.092524365 
149 201 15 21 0.088812925 
831 351 51 60 0.087668695 
165 170 24 34 0.08675649 
603 266 23 32 0.08463646 
686 127 9 12 0.08439448 
155 63 15 20 0.08128016 
770 329 15 20 0.072458856 
968 370 48 60 0.06933709 
252 159 28 37 0.06860455 
66 224 22 34 0.06848362 
86 229 27 29 0.06762337 
587 271 25 36 0.067135796 
499 1 35 41 0.066924356 
984 228 37 55 0.06569762 
795 296 24 32 0.06565142 
795 586 54 62 0.0636784 
651 489 44 59 0.062296372 
100 171 13 17 0.06071947 
101 176 19 29 0.058530238 
877 383 44 53 0.058416493 
739 410 31 48 0.057761837 
700 432 22 30 0.056631383 
82 104 8 11 0.056275003 
793 377 55 65 0.056243896 
414 25 28 36 0.054025732 
907 427 45 56 0.053327307 
825 320 49 59 0.053295877 
862 165 11 18 0.05277482 
922 414 32 46 0.050792404 
525 351 10 12 0.049645543 
763 323 18 23 0.04886436 
284 144 16 18 0.04832263 
213 352 36 56 0.048099793 
665 530 63 85 0.047560796 
76 271 17 22 0.047179654 
628 559 25 38 0.046972815 
780 326 59 78 0.046659842 
900 200 26 40 0.046363078 
150 548 28 41 0.045772836 
329 413 41 54 0.045577645 
413 17 45 59 0.04522434 
701 44 9 11 0.04509645 
737 318 10 14 0.04503865 
45 598 44 37 0.044369444 
684 578 95 97 0.04331716 
876 168 15 18 0.042994346 
963 219 41 53 0.04260597 
597 33 12 14 0.04206897 
835 334 28 31 0.041924812 
7 260 29 38 0.04189095 
868 169 14 17 0.041535754 
16 248 25 36 0.040797353 
623 29 8 12 0.04035396 
120 188 21 28 0.038221933 
123 306 32 35 0.037982028 
113 181 21 30 0.037703127 
878 220 33 37 0.03723837 
925 381 48 59 0.037110183 
953 464 32 48 0.036664926 
77 110 22 31 0.036219843 
84 107 11 15 0.035419215 
95 167 13 16 0.035057276 
476 333 11 13 0.03497713 
64 125 10 14 0.03485478 
57 210 16 20 0.03426624 
791 296 48 60 0.0339337 
159 221 22 28 0.033360947 
855 163 13 19 0.033336315 
849 213 42 59 0.03317927 
52 382 27 39 0.032605145 
100 222 22 32 0.032568 
93 119 13 19 0.032556914 
742 319 9 12 0.032316927 
110 131 12 15 0.032186784 
811 340 86 98 0.031900596 
769 313 26 33 0.03151952 
159 177 12 15 0.031480465 
770 327 24 33 0.031377442 
923 276 38 60 0.03108106 
554 326 25 28 0.030739374 
925 209 33 51 0.030699467 
330 295 35 42 0.030687844 
282 23 48 63 0.030526245 
930 444 48 57 0.030352475 
0 309 40 59 0.030092137 
758 324 15 18 0.02986968 
112 139 11 13 0.029804612 
57 216 24 36 0.029650433 
71 166 11 16 0.029397024 
607 501 40 57 0.029157622 
991 391 32 49 0.029147403 
795 280 27 36 0.028915823 
36 359 45 61 0.028798265 
118 110 9 13 0.028258294 
811 297 51 63 0.027690219 
0 364 10 16 0.027450832 
149 211 24 31 0.027044475 
124 200 15 20 0.02701693 
134 250 23 27 0.026831111 
200 365 36 48 0.02661767 
779 334 29 43 0.026568592 
555 420 12 16 0.026515797 
804 401 47 59 0.026466893 
667 565 75 91 0.026320094 
947 362 79 94 0.026016038 
834 270 45 56 0.026000759 
132 209 27 31 0.025831116 
356 295 13 17 0.025731744 
298 136 26 30 0.025722489 
781 382 29 43 0.025624055 
127 197 23 27 0.025459161 
258 360 42 51 0.025402896 
233 169 45 54 0.02511308 
331 135 33 48 0.024983602 
60 260 15 20 0.024740648 
300 302 26 29 0.024668228 
846 385 47 64 0.024564907 
140 194 40 52 0.024407502 
276 125 48 54 0.024323355 
75 244 19 23 0.024207981 
748 317 12 15 0.024153154 
938 366 49 61 0.02412888 
71 247 28 33 0.024116317 
634 475 50 62 0.02405838 
167 394 30 35 0.02397935 
413 366 38 48 0.023963695 
595 281 15 21 0.023799578 
600 518 32 43 0.02377759 
688 234 32 33 0.023706688 
899 390 34 44 0.02370197 
899 458 54 71 0.02364806 
827 234 14 16 0.023644308 
1008 237 16 23 0.023592066 
787 306 15 18 0.023581985 
13 316 46 64 0.023483414 
83 130 13 14 0.023405587 
775 249 13 17 0.023304002 
11 586 58 60 0.023179159 
826 409 42 57 0.02307172 
578 266 23 36 0.023026666 
34 340 36 48 0.022836134 
973 394 34 48 0.022828937 
705 343 16 21 0.022813287 
252 154 46 55 0.022769403 
63 181 22 33 0.022700593 
500 0 20 20 0.022560045 
573 280 16 24 0.022239557 
202 170 44 55 0.022199804 
959 228 20 26 0.02217737 
175 163 29 38 0.022107366 
291 139 16 20 0.022055363 
556 325 16 18 0.021907547 
277 201 30 34 0.021611823 
934 491 52 70 0.021590257 
278 340 43 52 0.021520965 
776 305 27 33 0.02150438 
177 173 17 25 0.021462724 
860 198 14 19 0.021459991 
184 387 24 35 0.021391753 
780 281 47 59 0.021332571 
393 15 44 59 0.02132129 
67 115 21 28 0.021100517 
638 497 33 48 0.021071523 
922 405 18 27 0.021046981 
294 335 32 37 0.021001583 
516 416 17 23 0.0209997 
153 180 13 19 0.020922385 
76 169 12 16 0.020792304 
142 149 13 17 0.020761073 
346 294 24 32 0.02072777 
171 176 28 38 0.020616705 
117 139 11 15 0.020584807 
162 56 19 25 0.020564225 
344 364 36 50 0.020546503 
987 221 27 38 0.020530742 
796 249 25 29 0.020487128 
458 372 23 30 0.020352889 
397 21 26 36 0.020300793 
333 109 48 71 0.020289915 
0 300 26 46 0.020260215 
262 431 22 35 0.020222925 
239 411 41 57 0.020201419 
140 190 23 30 0.020081233 
976 359 29 41 0.020072632 
732 595 58 67 0.020072093 
54 204 14 20 0.020053247 
657 514 28 40 0.020007934 
