54_Rescue_rescuepeople_54_581
436
317 339 9 13 0.90828276 
1013 374 8 13 0.8785973 
287 190 9 11 0.87770796 
538 317 10 13 0.8584844 
436 182 8 11 0.8377152 
58 350 9 10 0.8346804 
624 185 10 13 0.83167315 
748 198 10 13 0.81755716 
973 422 13 14 0.79073745 
791 367 9 11 0.75128686 
507 181 9 12 0.73846525 
263 331 10 13 0.7384407 
691 373 9 12 0.7258593 
654 199 8 11 0.71534723 
841 367 9 12 0.6532156 
937 197 9 12 0.6529419 
959 195 9 12 0.6479404 
96 358 9 11 0.631872 
852 182 10 13 0.62882245 
691 190 10 14 0.6262168 
92 337 9 11 0.6254181 
406 180 8 11 0.6150396 
373 352 12 15 0.61140656 
167 352 11 13 0.60723156 
597 355 10 14 0.5814197 
383 188 9 11 0.56108856 
816 367 10 13 0.5603197 
882 197 9 12 0.5369022 
537 367 10 12 0.53274316 
886 352 11 14 0.5096025 
454 190 9 11 0.49034065 
908 370 10 12 0.46947697 
997 367 11 14 0.4668281 
918 315 9 11 0.40582043 
361 343 9 11 0.3968682 
887 312 9 11 0.38707137 
193 182 10 13 0.3802241 
399 175 8 11 0.38014138 
807 178 12 15 0.37363973 
912 201 8 11 0.3477169 
409 356 10 11 0.3467329 
482 355 9 13 0.33822176 
965 308 9 12 0.33116364 
812 179 12 15 0.32696205 
481 318 9 11 0.32583982 
305 191 8 10 0.3230061 
233 353 10 12 0.31135604 
209 331 10 12 0.30632144 
4 334 11 13 0.3031162 
709 182 10 12 0.2824483 
642 367 9 12 0.28058392 
323 199 8 9 0.27750194 
844 189 10 13 0.27676854 
741 373 10 12 0.2679737 
673 199 8 10 0.2670272 
421 332 10 11 0.26231083 
480 181 9 11 0.26013678 
105 193 11 14 0.25905424 
684 216 11 14 0.2579205 
879 374 10 12 0.23872423 
906 207 9 11 0.21759905 
395 176 8 10 0.21195936 
206 198 12 14 0.21028893 
333 357 8 11 0.2071793 
927 208 10 13 0.20588982 
360 358 11 13 0.20444015 
413 352 9 12 0.20253628 
979 367 10 12 0.19419391 
541 336 10 13 0.1900959 
428 205 9 12 0.18735376 
233 376 7 11 0.1789431 
966 189 10 13 0.174716 
883 369 12 15 0.15631066 
820 365 10 13 0.15046926 
366 356 13 15 0.14133833 
270 354 10 13 0.13750148 
925 416 8 11 0.13382518 
801 194 11 13 0.13178515 
805 192 10 11 0.1173675 
389 181 10 12 0.11718642 
88 355 10 13 0.11649608 
836 457 12 15 0.1125994 
484 395 12 14 0.11143365 
796 367 8 11 0.10704609 
387 189 10 13 0.10672277 
240 341 8 10 0.1065931 
449 360 10 13 0.101370014 
265 355 10 13 0.09908467 
868 335 9 11 0.09814299 
204 359 11 13 0.096763216 
698 357 9 11 0.09625881 
110 222 8 10 0.09606296 
249 188 9 11 0.09509836 
117 385 8 10 0.0944487 
477 188 10 12 0.0929611 
716 182 9 12 0.09139089 
549 182 9 11 0.08949613 
391 360 9 11 0.08908747 
12 190 9 10 0.08711748 
1006 394 11 14 0.08568311 
865 180 13 16 0.08441466 
908 407 9 11 0.0835486 
897 452 10 13 0.08346761 
452 364 9 11 0.08230512 
485 176 8 10 0.08130943 
848 178 9 12 0.081043996 
909 412 9 11 0.077895865 
1010 383 13 19 0.07515248 
864 414 8 11 0.07216627 
768 336 10 12 0.07190376 
841 193 11 14 0.06878179 
786 372 10 13 0.066659994 
408 341 9 12 0.066418886 
433 186 9 12 0.06597921 
191 175 20 25 0.06503227 
823 361 9 11 0.06413956 
337 375 9 11 0.06389592 
1009 369 17 24 0.063837335 
98 363 12 13 0.06328971 
969 185 9 11 0.06318335 
95 371 12 14 0.0623302 
975 199 10 12 0.061698012 
884 192 10 12 0.06163216 
529 387 10 12 0.06092571 
704 186 12 14 0.0603725 
783 391 10 12 0.05999833 
903 212 10 11 0.059407197 
407 335 7 10 0.05929444 
532 381 10 13 0.058873758 
474 192 8 10 0.058586124 
885 332 10 12 0.05842806 
593 364 10 12 0.057072233 
757 214 9 12 0.056970786 
843 371 10 13 0.05673283 
366 348 15 17 0.05650714 
34 184 9 12 0.055711184 
185 173 38 49 0.055408724 
60 346 10 12 0.05430588 
862 185 13 16 0.05311409 
1014 314 8 13 0.05161591 
915 199 10 12 0.051431075 
81 351 9 12 0.051206954 
431 318 9 10 0.050597277 
959 430 10 11 0.05056105 
236 195 9 14 0.05050248 
399 357 9 11 0.05014198 
286 351 11 14 0.050023586 
377 348 14 17 0.049851257 
320 205 9 10 0.04963752 
191 358 9 12 0.04804586 
455 333 8 9 0.047756124 
795 209 15 18 0.047304053 
470 341 9 12 0.047288228 
692 368 11 14 0.04706936 
918 205 9 11 0.04706436 
853 427 11 15 0.04688046 
972 538 23 27 0.046809647 
440 327 8 10 0.046738382 
842 182 11 15 0.04671294 
552 318 9 12 0.046255946 
202 363 10 12 0.045809865 
857 392 9 11 0.0457343 
245 336 8 10 0.045707565 
905 225 14 18 0.04559945 
230 334 9 11 0.045540992 
310 197 7 10 0.045416974 
894 335 9 10 0.04540414 
605 381 11 13 0.04448438 
423 349 9 12 0.044450726 
962 390 9 11 0.044432707 
864 195 11 13 0.04386458 
228 326 9 13 0.043829586 
473 197 8 10 0.04355727 
207 374 9 10 0.043147586 
848 177 17 23 0.042682424 
114 389 9 11 0.042329375 
245 342 9 11 0.042074032 
887 180 11 12 0.042011127 
424 213 8 10 0.041994248 
765 357 11 12 0.041702 
809 373 9 11 0.04142633 
486 313 8 10 0.04083666 
983 588 37 58 0.040585965 
893 316 11 13 0.040340014 
969 424 12 15 0.04025829 
978 387 10 15 0.040157072 
926 332 12 15 0.03997624 
617 357 10 13 0.039865248 
621 364 9 12 0.039821234 
456 328 9 11 0.039791636 
558 200 9 12 0.039645687 
255 344 9 11 0.03953532 
429 200 9 11 0.03951776 
11 332 11 14 0.039401874 
495 319 9 10 0.039141506 
593 351 12 14 0.039021857 
279 355 10 13 0.03850517 
60 355 10 11 0.03801209 
871 413 9 12 0.037502427 
318 344 9 12 0.0372919 
413 341 11 13 0.037158262 
761 366 10 13 0.036661778 
703 353 8 10 0.036437258 
884 202 10 12 0.036339395 
380 190 8 10 0.035881415 
909 398 10 13 0.03555096 
838 361 18 23 0.035416387 
673 373 10 13 0.03538733 
430 212 9 11 0.03525696 
874 376 10 13 0.035237424 
802 179 11 14 0.035094604 
919 332 12 17 0.035063155 
461 191 7 9 0.034987237 
188 334 10 12 0.034871288 
332 364 9 12 0.034866255 
333 381 10 13 0.03480607 
790 391 9 11 0.03471273 
921 419 10 12 0.03466395 
224 383 8 10 0.034577828 
719 186 9 12 0.03457603 
392 318 7 10 0.03456114 
662 415 7 8 0.034334067 
918 398 9 12 0.034268912 
797 192 21 28 0.034105625 
909 212 11 13 0.03390605 
432 176 17 22 0.03371834 
100 352 10 12 0.033406373 
422 339 10 12 0.033184696 
980 381 13 17 0.03289436 
991 358 11 13 0.03288121 
486 380 11 13 0.032846272 
429 350 9 12 0.032548264 
924 317 8 11 0.032441568 
745 193 16 22 0.03238663 
519 318 10 11 0.032133646 
495 389 10 13 0.03210967 
1005 366 12 15 0.032056365 
692 377 10 13 0.032049812 
433 177 10 13 0.032049004 
855 413 9 10 0.032033004 
453 342 9 11 0.03190588 
753 212 10 12 0.03186743 
510 341 11 13 0.031755075 
254 186 7 9 0.031696264 
414 215 9 11 0.031053327 
766 352 10 11 0.030889278 
855 367 9 11 0.03067483 
313 335 18 22 0.030587113 
358 342 20 25 0.030513396 
11 195 12 14 0.030341817 
747 366 10 11 0.030298546 
971 420 21 23 0.030283218 
24 188 10 11 0.030152014 
882 327 10 12 0.030085597 
1016 210 8 14 0.02994912 
1007 536 12 16 0.029922755 
535 359 12 16 0.029914856 
409 215 9 12 0.029886954 
245 347 10 13 0.029548401 
440 332 9 11 0.029547768 
964 195 10 13 0.02931903 
162 351 10 12 0.029315107 
970 188 12 13 0.02925735 
478 365 10 12 0.029233513 
954 190 9 13 0.029189005 
908 357 11 14 0.029105902 
701 371 10 13 0.029104877 
321 194 9 10 0.029073091 
593 372 10 12 0.028961584 
828 359 9 11 0.028837241 
782 380 10 14 0.028388914 
91 352 19 23 0.028377127 
284 185 19 23 0.028367689 
711 352 8 11 0.028347442 
809 367 10 11 0.02832927 
202 193 20 23 0.028167263 
477 196 8 11 0.02807847 
89 332 17 20 0.02806625 
669 228 11 14 0.02803825 
747 358 10 13 0.02791883 
954 196 10 13 0.027857099 
883 339 107 122 0.027676014 
791 362 9 11 0.027310215 
900 319 11 12 0.027287155 
847 211 12 14 0.027280841 
328 352 9 11 0.02716561 
507 349 13 15 0.027079187 
906 199 9 11 0.026789071 
777 388 10 13 0.026694711 
55 345 17 22 0.026690876 
599 382 12 12 0.026683807 
798 388 10 11 0.026548654 
737 378 11 14 0.026499163 
448 333 7 10 0.026242321 
657 415 7 9 0.02622425 
505 354 10 13 0.026101733 
592 240 9 11 0.026038595 
744 235 13 17 0.026027726 
773 339 11 13 0.025990132 
738 367 10 13 0.025928956 
999 342 9 11 0.025853045 
913 311 11 13 0.025790004 
399 352 8 11 0.025643969 
998 360 11 15 0.025600428 
543 385 14 16 0.025582159 
1003 483 14 17 0.025526075 
198 181 23 27 0.025480863 
903 348 11 13 0.025436196 
999 281 7 9 0.025363743 
621 183 17 21 0.025260054 
862 428 10 14 0.025234353 
391 196 9 11 0.025121126 
518 334 9 11 0.02503553 
846 205 11 13 0.025014808 
367 229 8 10 0.02500375 
982 343 8 11 0.02495561 
999 286 9 11 0.02493437 
862 373 10 13 0.024904823 
314 206 8 10 0.02477031 
808 390 10 11 0.02472839 
313 214 8 10 0.024724029 
967 439 12 13 0.024664655 
224 350 10 13 0.024600485 
788 362 18 23 0.024567703 
408 206 7 8 0.024529522 
797 371 10 12 0.024522427 
449 371 9 12 0.024458926 
199 196 14 16 0.024392104 
184 340 10 13 0.024341807 
549 439 8 10 0.024252113 
918 389 10 13 0.024214951 
673 192 9 11 0.024190767 
485 190 11 13 0.02419031 
495 381 10 13 0.024175992 
725 373 10 12 0.024133595 
894 339 10 13 0.024126878 
918 323 11 14 0.024107667 
202 373 10 11 0.024025105 
476 374 11 12 0.02393189 
373 344 14 16 0.023930784 
885 340 13 15 0.023918947 
329 383 9 13 0.02391355 
1000 298 11 14 0.023904022 
484 322 9 12 0.023893232 
991 351 10 12 0.023833452 
167 346 17 22 0.023819556 
998 350 9 12 0.02381924 
958 202 12 13 0.023792664 
825 342 9 10 0.023768015 
901 334 9 12 0.023623183 
918 212 10 13 0.023583807 
944 430 9 12 0.023512475 
3 327 20 24 0.023464471 
799 381 10 14 0.02345008 
774 349 10 12 0.02334296 
545 176 8 11 0.023301132 
369 199 9 11 0.023108626 
908 421 11 12 0.02308077 
602 356 10 12 0.02304265 
279 205 9 11 0.023026856 
928 196 11 14 0.02301993 
471 348 11 14 0.022981973 
877 397 11 12 0.022858806 
932 201 12 16 0.022812892 
872 374 20 24 0.022769377 
259 328 18 22 0.022758743 
709 195 10 12 0.022702588 
928 347 10 13 0.022652952 
385 318 8 10 0.022614615 
964 394 11 15 0.022612222 
783 359 9 11 0.022535712 
879 191 17 23 0.022535022 
680 210 18 24 0.022530625 
964 382 10 13 0.022425061 
565 199 9 12 0.022377912 
440 229 9 11 0.022372618 
470 335 9 10 0.022351518 
35 196 12 16 0.022321887 
678 191 10 11 0.0223029 
940 192 11 14 0.022179764 
550 177 8 10 0.02215185 
919 404 9 12 0.022124235 
708 175 19 25 0.022105051 
977 360 9 12 0.02209964 
448 215 8 11 0.02208013 
879 361 19 24 0.022059403 
798 359 10 11 0.022045378 
207 323 18 22 0.022039376 
897 214 9 11 0.022015775 
760 349 10 12 0.021945506 
406 328 9 11 0.02192812 
701 365 10 13 0.021914063 
375 198 8 10 0.021840565 
448 342 8 11 0.02177202 
495 375 9 12 0.021761505 
865 177 10 12 0.021748532 
633 383 9 12 0.02174539 
876 405 13 15 0.02174313 
201 177 15 19 0.021714399 
199 353 19 24 0.021702101 
925 190 13 14 0.02166934 
982 361 9 12 0.02154504 
14 214 11 12 0.021540193 
389 350 11 13 0.021512434 
293 344 9 11 0.021512153 
40 350 9 11 0.021508105 
805 358 10 11 0.021500926 
983 347 9 12 0.021476509 
819 180 11 14 0.021452442 
205 337 12 14 0.021373147 
494 215 9 10 0.021357793 
202 333 10 11 0.02132457 
764 363 14 15 0.021318104 
952 203 9 12 0.021164402 
678 373 9 13 0.021162665 
700 181 20 23 0.021104645 
291 194 11 13 0.021016853 
340 379 10 12 0.020901872 
104 215 10 11 0.020858979 
988 381 11 14 0.020851437 
78 335 9 11 0.020805083 
590 342 10 12 0.020756615 
335 343 8 10 0.020631084 
820 196 13 16 0.020586047 
501 390 8 11 0.020532554 
850 414 8 10 0.020478604 
566 204 8 13 0.020476097 
755 205 10 13 0.020455102 
976 361 17 23 0.02041079 
862 422 9 12 0.020405693 
931 339 12 16 0.020262515 
505 304 10 12 0.020147076 
621 348 12 15 0.020146918 
628 118 93 130 0.020118158 
903 366 18 23 0.020109672 
233 341 9 11 0.020080175 
