54_Rescue_rescuepeople_54_493
45
822 384 14 17 0.12364621 
703 319 10 12 0.09911754 
344 67 32 40 0.08920322 
406 84 10 13 0.08691145 
310 117 26 34 0.07108634 
713 310 8 11 0.0571156 
790 88 28 32 0.055140033 
1 64 17 36 0.051584907 
734 321 9 10 0.047307134 
680 502 21 34 0.046237808 
320 113 28 34 0.045698997 
53 200 12 15 0.043158017 
318 32 13 16 0.039928466 
687 383 11 13 0.03958181 
702 107 14 19 0.038083956 
804 413 13 16 0.036113124 
709 319 8 11 0.035814658 
62 201 13 16 0.033951584 
727 320 9 11 0.033071887 
716 310 10 11 0.03170811 
792 121 16 17 0.029737426 
710 325 8 11 0.029570498 
736 326 10 13 0.029487446 
875 86 34 34 0.028343149 
736 332 11 13 0.028041545 
726 383 9 13 0.027913556 
662 101 16 19 0.027740179 
718 320 9 10 0.027524093 
687 311 8 11 0.026329523 
306 122 15 21 0.025924744 
318 92 30 37 0.025507344 
697 302 9 11 0.025467727 
0 189 11 19 0.02512617 
431 151 22 29 0.025087316 
84 190 16 21 0.024774946 
667 285 11 13 0.023136795 
703 434 13 16 0.023132535 
724 342 9 11 0.021486122 
704 243 13 14 0.021167822 
702 296 9 10 0.021154946 
686 436 11 13 0.021134749 
353 121 25 37 0.02077886 
1 237 11 15 0.020767987 
65 -40 229 230 0.020706587 
0 212 10 16 0.020439444 
