54_Rescue_rescuepeople_54_431
696
570 459 30 42 0.9983625 
521 514 36 45 0.99830794 
757 455 29 34 0.9973984 
675 397 26 33 0.9970202 
820 376 29 31 0.9955165 
872 423 38 43 0.9953329 
625 552 39 45 0.99343854 
370 398 34 44 0.99310523 
532 380 21 28 0.9850021 
785 523 33 37 0.97710335 
742 403 22 29 0.9721738 
80 312 82 84 0.96787405 
664 356 21 27 0.9571004 
418 229 21 28 0.9304526 
693 315 17 21 0.9007638 
484 214 18 23 0.8936941 
554 191 15 19 0.8916093 
601 286 13 17 0.8863078 
607 317 18 22 0.8861398 
775 326 22 27 0.86862916 
509 168 14 20 0.83669674 
270 323 16 19 0.83417034 
751 301 13 16 0.80444354 
653 275 15 19 0.7737168 
729 449 19 25 0.7455696 
210 284 16 19 0.7177861 
517 258 15 20 0.7090499 
686 293 13 16 0.67256075 
753 331 15 20 0.65973604 
598 359 19 22 0.6531456 
211 355 18 24 0.6154315 
466 326 27 34 0.6126202 
572 316 18 22 0.60702014 
889 514 37 41 0.60006917 
239 315 14 18 0.59733784 
312 353 17 23 0.5913448 
300 281 14 17 0.58828485 
300 219 14 18 0.586951 
314 195 13 18 0.5559164 
91 221 34 52 0.55062914 
626 414 18 22 0.507034 
663 451 24 30 0.50448465 
317 190 13 16 0.45145115 
146 282 15 19 0.44559082 
380 205 14 16 0.43820697 
616 299 13 16 0.42992952 
294 197 10 13 0.39436036 
800 395 19 26 0.38995114 
207 277 13 18 0.37228817 
224 223 9 10 0.3697483 
391 187 13 15 0.3640759 
653 229 10 12 0.36023474 
331 208 15 18 0.35046345 
797 460 22 25 0.3494324 
446 212 12 16 0.3249986 
380 256 17 23 0.32055473 
348 184 14 17 0.3075815 
346 397 22 31 0.3040854 
584 274 12 16 0.2790986 
245 197 9 12 0.27248007 
570 424 17 21 0.27164635 
323 301 13 17 0.27061757 
323 186 11 14 0.26157102 
472 184 9 10 0.25270146 
678 222 8 10 0.24567334 
580 233 13 17 0.24137123 
672 181 7 9 0.24078436 
683 249 13 16 0.23593076 
917 141 9 13 0.23118283 
632 245 10 12 0.23067641 
688 217 7 10 0.22701779 
650 231 9 11 0.22639786 
635 368 15 18 0.22520143 
873 133 11 13 0.2241093 
632 240 9 11 0.21997587 
821 422 20 27 0.21665397 
280 188 10 12 0.21576934 
707 466 21 26 0.21063556 
246 192 9 11 0.21039727 
669 209 8 11 0.2081704 
696 175 7 9 0.20778777 
304 316 12 14 0.20709544 
361 394 30 38 0.19715463 
264 293 12 14 0.19367103 
215 289 17 18 0.17420419 
657 246 9 11 0.17401344 
715 394 16 19 0.17372473 
712 316 12 15 0.17128454 
728 379 14 19 0.16038746 
342 148 11 14 0.15389988 
662 230 9 11 0.153125 
656 252 10 12 0.15289867 
189 214 9 12 0.15173657 
617 176 8 10 0.1462506 
695 222 7 10 0.14432502 
650 236 9 12 0.14387582 
632 274 9 14 0.14261447 
253 183 11 13 0.14112392 
654 288 12 16 0.13519731 
495 325 15 20 0.13465182 
245 295 14 18 0.13101585 
285 187 9 12 0.13084087 
604 237 10 14 0.1301957 
617 394 21 25 0.12962416 
117 222 11 16 0.12928997 
669 350 14 17 0.12790482 
720 159 9 11 0.12516698 
383 527 33 44 0.12440956 
637 221 8 11 0.12342346 
641 260 9 13 0.12338457 
669 190 9 12 0.12325103 
647 341 14 16 0.12295093 
239 238 10 12 0.12285804 
296 276 13 18 0.1225537 
631 314 13 18 0.1218788 
195 329 18 20 0.12090152 
743 386 23 28 0.12075708 
213 248 11 13 0.11896543 
449 200 9 11 0.11700701 
448 206 12 16 0.115895696 
236 263 9 12 0.115643315 
621 220 9 12 0.11470687 
294 314 10 14 0.114390545 
294 192 9 12 0.11435109 
852 403 16 22 0.11371908 
769 166 7 9 0.11268294 
568 432 23 29 0.11249382 
644 270 13 16 0.11247991 
811 405 16 22 0.11208789 
388 194 15 18 0.11207841 
664 190 10 12 0.111499056 
244 239 10 13 0.11042723 
759 328 19 26 0.11021807 
778 409 17 22 0.10922128 
737 354 15 19 0.105578706 
721 176 8 9 0.10334636 
668 237 10 12 0.103235416 
647 274 14 18 0.10202954 
656 225 9 11 0.10174211 
213 230 8 10 0.10136868 
616 256 9 12 0.10112047 
186 221 9 10 0.1009211 
710 183 8 10 0.10083073 
277 354 14 20 0.10068645 
208 224 8 11 0.1004825 
26 398 19 21 0.10042542 
320 279 9 13 0.09945657 
414 201 13 15 0.0972378 
598 190 11 15 0.09680914 
710 176 8 9 0.09406636 
696 262 9 11 0.09340911 
851 534 26 37 0.09240664 
429 198 8 11 0.09230939 
310 385 14 19 0.09018889 
591 305 12 17 0.08982378 
661 252 9 12 0.08970641 
232 266 12 14 0.08813378 
712 190 8 9 0.087213986 
309 300 10 13 0.08712288 
326 205 14 18 0.08658252 
697 310 13 17 0.08566254 
684 260 11 13 0.08524896 
614 408 22 28 0.08511692 
638 254 9 12 0.08435279 
645 411 15 20 0.08323674 
708 407 17 22 0.08319033 
641 191 8 10 0.08292547 
727 181 6 9 0.08242783 
817 410 20 25 0.08146617 
308 293 11 15 0.08097314 
699 486 24 30 0.08013903 
170 281 14 18 0.07828078 
886 167 11 13 0.077437684 
617 221 8 12 0.07665983 
240 283 12 15 0.07656392 
333 318 13 19 0.07598273 
635 433 16 22 0.07576871 
231 230 10 12 0.07565127 
643 387 17 20 0.075441875 
721 457 22 28 0.075357 
293 269 13 16 0.075007856 
638 216 9 12 0.07493082 
597 229 11 13 0.07479261 
750 327 13 17 0.07470403 
197 302 12 16 0.07469279 
333 308 10 14 0.074686006 
260 285 14 18 0.0743598 
615 180 9 11 0.07385848 
784 142 6 9 0.07251431 
290 356 15 18 0.07161465 
290 199 9 12 0.07040031 
711 222 8 11 0.0701675 
214 214 8 11 0.06905051 
685 239 10 12 0.06847172 
148 252 13 16 0.06819457 
751 174 7 8 0.06802018 
513 175 14 19 0.06713159 
823 118 11 13 0.06689513 
192 293 11 14 0.06687855 
638 204 8 11 0.06686094 
668 441 17 22 0.066022255 
326 323 13 18 0.0659707 
404 211 14 18 0.06595921 
593 190 10 14 0.06594729 
241 242 10 13 0.06402653 
661 225 8 10 0.063619964 
148 203 9 13 0.06296654 
282 354 17 22 0.06291858 
399 205 11 14 0.06258033 
267 297 12 15 0.0624807 
687 230 9 11 0.062251132 
461 226 12 14 0.062176626 
816 151 9 10 0.062140133 
269 395 22 29 0.06158048 
395 183 11 12 0.061489724 
179 251 12 14 0.060827073 
148 259 14 16 0.06055814 
3 76 13 18 0.060350355 
633 295 10 12 0.059973426 
826 158 9 12 0.059558712 
515 232 14 18 0.05955264 
493 181 9 12 0.05940685 
386 200 13 18 0.059369635 
746 375 23 27 0.059272412 
255 240 13 17 0.059001315 
591 231 11 13 0.05877326 
620 259 11 13 0.058703806 
678 259 11 14 0.058667682 
612 306 14 20 0.057581007 
319 312 13 16 0.0572965 
585 282 12 15 0.05708251 
631 419 21 28 0.05660074 
647 256 10 12 0.055964023 
745 192 8 9 0.05542644 
632 442 15 20 0.055368636 
654 259 11 15 0.0552089 
657 189 8 10 0.055189647 
201 361 22 29 0.055101745 
633 199 8 11 0.0548382 
59 244 28 34 0.054833725 
587 235 11 14 0.054677315 
918 137 10 12 0.054378394 
298 406 23 29 0.05421184 
616 199 9 12 0.053774625 
199 376 14 19 0.052997783 
222 321 14 18 0.05287321 
237 232 9 11 0.052817483 
681 294 11 15 0.052765522 
369 204 12 15 0.05267933 
525 360 12 17 0.05254759 
667 176 7 10 0.05253806 
690 299 14 18 0.052338786 
233 234 10 14 0.052317 
536 195 10 13 0.052268445 
742 159 7 7 0.05196845 
542 182 11 15 0.05194774 
306 322 12 15 0.051864553 
670 282 12 15 0.051540818 
215 223 8 10 0.051396307 
681 216 9 11 0.05118508 
373 260 20 28 0.051037844 
301 196 11 15 0.050801437 
230 216 9 11 0.05063074 
657 185 7 10 0.050497588 
378 551 29 39 0.05012403 
242 308 15 21 0.05005831 
887 126 9 11 0.04990039 
422 198 11 14 0.049821787 
728 199 8 10 0.049178783 
933 129 8 9 0.04905882 
673 454 25 29 0.04888165 
178 304 17 22 0.048745792 
599 280 13 17 0.048580945 
289 243 11 15 0.04849704 
774 419 24 28 0.04823768 
632 216 9 12 0.048041895 
606 232 9 12 0.047951292 
746 300 12 15 0.04783403 
264 199 9 11 0.04752921 
206 272 12 15 0.047518007 
945 539 46 58 0.047265936 
465 188 8 11 0.046968043 
400 209 12 17 0.04696506 
635 299 11 14 0.04653007 
412 211 14 18 0.046032127 
636 389 20 26 0.04582735 
293 379 15 19 0.04571028 
716 312 13 15 0.045542374 
962 465 40 53 0.045480628 
550 443 21 29 0.045469552 
476 321 26 31 0.045449514 
374 207 16 18 0.045306522 
335 377 28 32 0.045258667 
625 240 8 10 0.045216702 
518 323 15 19 0.04505856 
528 295 12 20 0.044698235 
776 302 9 10 0.044544656 
191 298 12 18 0.04401291 
726 205 8 10 0.04368682 
630 191 8 10 0.043650907 
673 255 9 13 0.043375432 
679 277 10 14 0.042946108 
332 367 23 30 0.042919148 
300 249 11 14 0.042837564 
865 142 9 12 0.04247783 
294 248 13 16 0.04237682 
684 267 11 13 0.042219236 
599 242 12 15 0.042166542 
542 175 10 12 0.04215642 
694 460 22 28 0.042006828 
178 247 10 12 0.041390203 
253 293 13 17 0.04136503 
305 225 12 15 0.041309305 
360 536 40 52 0.041053217 
299 351 22 26 0.040939305 
672 169 7 9 0.040805057 
705 183 8 10 0.040754836 
639 176 8 9 0.040707286 
824 176 9 11 0.040640205 
641 183 8 10 0.04050924 
814 167 9 11 0.04033919 
712 206 8 10 0.040306177 
340 197 13 16 0.040185697 
902 149 9 13 0.04014223 
220 247 11 13 0.039958876 
872 523 40 45 0.039895613 
127 253 11 15 0.039874185 
610 433 14 18 0.03985076 
829 118 10 12 0.039823715 
256 270 10 13 0.03974466 
800 175 7 9 0.039713766 
308 278 13 17 0.03948823 
665 184 7 8 0.03931953 
303 289 13 16 0.039187815 
691 176 7 9 0.039133515 
992 144 8 11 0.039038282 
309 308 11 16 0.038922668 
705 189 8 10 0.038879827 
148 268 13 15 0.038766872 
503 233 12 15 0.03872099 
287 218 10 14 0.038697302 
324 314 14 19 0.03859466 
727 152 7 9 0.03853977 
466 183 9 12 0.03847417 
962 603 16 20 0.038375854 
640 269 11 14 0.03837052 
746 230 7 10 0.038044646 
245 203 9 13 0.038039226 
404 204 13 16 0.03786266 
812 180 10 12 0.037742846 
285 292 11 13 0.03767855 
685 278 10 13 0.037634533 
712 198 9 11 0.037566427 
287 238 11 15 0.037520748 
278 293 10 13 0.037464153 
755 297 10 12 0.037402205 
172 290 16 18 0.03737987 
733 567 49 60 0.03735157 
201 333 19 20 0.037331667 
159 373 29 30 0.037170593 
656 208 8 10 0.0371235 
861 543 34 35 0.03706747 
670 230 9 11 0.036868542 
190 231 9 11 0.036826033 
273 189 9 11 0.03673247 
704 223 7 10 0.036714736 
346 233 23 30 0.036709443 
688 183 8 9 0.03670101 
409 217 21 31 0.03670064 
718 191 9 11 0.036676504 
524 454 22 29 0.0366299 
337 204 14 18 0.03630724 
702 242 10 13 0.03622478 
625 245 9 11 0.03620165 
36 320 48 64 0.036162242 
174 297 17 20 0.036029067 
703 176 8 9 0.03599371 
227 329 14 17 0.03595343 
604 189 11 14 0.035822175 
32 90 14 18 0.035778612 
599 185 10 12 0.035605643 
646 191 7 10 0.035480294 
246 230 10 12 0.035288315 
830 151 9 12 0.035246562 
54 313 57 68 0.035210833 
647 197 7 9 0.03501345 
736 101 11 12 0.034802668 
231 312 18 24 0.034519356 
440 216 13 17 0.0344998 
823 151 9 11 0.034354284 
981 477 40 53 0.034265563 
606 310 15 18 0.034229383 
246 213 9 12 0.034174986 
79 333 100 118 0.034045797 
741 549 14 18 0.03399623 
697 64 30 38 0.033960924 
292 238 12 14 0.033951793 
259 277 12 16 0.03390706 
643 331 15 17 0.033900104 
793 159 8 9 0.033774298 
743 152 6 8 0.03371135 
100 204 14 17 0.033707175 
209 214 8 11 0.033497654 
945 150 9 11 0.033165004 
813 175 10 12 0.032764293 
347 192 15 18 0.03273032 
728 191 8 10 0.032686293 
658 270 13 17 0.032644123 
745 295 10 12 0.032624844 
929 133 8 10 0.03261429 
489 180 8 12 0.03256052 
801 141 9 11 0.032440674 
265 204 11 14 0.032404322 
201 275 12 16 0.03217491 
239 354 12 16 0.032151233 
191 236 8 11 0.032139458 
395 195 12 15 0.03211599 
365 263 22 31 0.03206803 
735 193 7 9 0.031847745 
761 160 7 8 0.03181983 
813 432 15 20 0.031801883 
613 287 11 14 0.03179176 
542 147 10 11 0.031755824 
254 196 10 11 0.03162328 
788 398 17 24 0.03162268 
617 246 8 11 0.031501785 
635 412 16 21 0.03140624 
349 173 12 15 0.031346627 
223 182 9 11 0.031337127 
768 161 7 9 0.031148177 
743 167 7 10 0.031078681 
680 207 8 10 0.031023126 
647 167 8 9 0.030977577 
622 482 15 20 0.030971507 
387 254 23 28 0.030844752 
1 260 25 28 0.03082688 
700 261 12 14 0.030789798 
825 299 11 15 0.030765038 
607 185 8 10 0.030688252 
135 276 26 30 0.03066137 
845 405 17 23 0.03049026 
190 209 9 11 0.03045058 
645 397 19 26 0.030370066 
2 71 22 31 0.030307796 
744 174 8 10 0.030099 
557 435 22 27 0.03003884 
291 182 10 13 0.029977893 
800 151 8 11 0.029814651 
734 198 7 9 0.029813714 
91 209 28 36 0.029663607 
217 306 16 19 0.029660627 
751 169 7 9 0.029660573 
208 209 9 11 0.029506885 
201 229 8 12 0.02942312 
320 324 13 17 0.029397799 
798 168 7 9 0.029380273 
288 175 9 11 0.029357914 
797 341 12 16 0.029190823 
584 189 8 12 0.029179227 
282 323 14 18 0.029174209 
877 129 12 14 0.029168108 
262 191 9 10 0.029154597 
199 215 8 11 0.02908222 
429 203 10 14 0.029079333 
404 260 14 20 0.028978556 
129 266 44 53 0.028710177 
979 582 44 75 0.028696805 
650 243 10 12 0.02864813 
318 295 13 17 0.028615667 
300 231 98 109 0.028494084 
559 445 25 31 0.028459113 
169 220 8 11 0.028301438 
686 207 8 10 0.028187422 
936 105 8 9 0.028135173 
314 392 14 19 0.02792987 
870 129 18 22 0.02790265 
736 135 8 9 0.027856905 
279 307 11 14 0.02772833 
711 216 9 10 0.02766267 
728 135 8 9 0.027626192 
338 321 13 18 0.02760774 
881 166 10 13 0.027580999 
214 393 30 33 0.027528556 
738 143 7 9 0.02746612 
738 158 8 9 0.027362155 
737 369 22 26 0.027234625 
169 214 8 11 0.0272102 
544 182 20 27 0.027199598 
302 329 16 18 0.02709254 
336 156 10 12 0.027063802 
143 270 12 15 0.027055096 
782 428 25 30 0.02703508 
882 413 30 32 0.027010381 
407 232 14 20 0.02700877 
290 193 18 23 0.026988896 
638 228 9 11 0.026955632 
731 329 13 16 0.026954269 
632 229 10 11 0.026932303 
580 386 17 21 0.026925206 
636 322 15 18 0.026922857 
794 153 7 10 0.026748596 
492 469 25 34 0.026699772 
188 325 16 21 0.026588924 
193 392 43 53 0.02653204 
886 160 9 10 0.02651286 
377 292 27 36 0.026334915 
397 173 11 14 0.026310217 
282 220 9 12 0.02629865 
736 175 8 11 0.026277402 
725 158 7 11 0.026232837 
175 214 8 11 0.026200667 
680 200 8 9 0.026174404 
168 208 9 11 0.026161838 
516 219 15 22 0.026099522 
152 287 15 20 0.025975145 
695 227 9 11 0.025956823 
201 223 9 11 0.025935352 
177 231 8 10 0.025833515 
801 440 24 30 0.025832653 
299 360 14 19 0.025826713 
820 213 10 13 0.025765741 
736 152 8 8 0.025730323 
696 181 8 9 0.025699172 
726 299 13 15 0.025679296 
218 348 17 22 0.025642566 
294 215 15 19 0.025591353 
839 132 9 11 0.025574101 
919 127 8 10 0.025559517 
156 261 10 15 0.025537724 
653 461 13 17 0.025523014 
686 309 14 18 0.025409732 
268 199 11 13 0.02540679 
880 159 9 11 0.025392361 
187 93 31 28 0.025233768 
337 150 11 13 0.025230557 
203 292 20 27 0.025212828 
711 168 8 10 0.025187341 
407 198 11 14 0.025159104 
794 352 16 19 0.025141569 
325 217 14 17 0.02509193 
985 184 9 11 0.024953848 
721 206 7 9 0.024948874 
774 151 7 9 0.024924496 
330 302 11 14 0.024860991 
783 191 8 10 0.024856335 
303 391 22 26 0.024777053 
591 243 10 14 0.024743259 
573 302 14 16 0.024702894 
808 151 8 11 0.024679776 
721 181 8 10 0.024660574 
804 135 10 13 0.024657395 
638 377 15 19 0.024651077 
808 176 9 11 0.02462567 
830 447 25 36 0.024520284 
770 151 7 9 0.024517128 
744 183 8 9 0.024508895 
499 443 12 15 0.024435991 
455 226 13 17 0.024364173 
463 308 28 33 0.024345217 
609 221 8 10 0.024241565 
821 144 9 11 0.0242362 
634 308 14 19 0.024212172 
45 185 28 33 0.024205735 
863 148 9 11 0.024195978 
488 326 24 31 0.02408279 
831 346 13 15 0.024081085 
586 323 12 17 0.024030792 
694 170 8 10 0.023993459 
413 204 21 28 0.023987371 
886 149 8 11 0.023908213 
499 226 14 18 0.02387599 
59 176 47 61 0.023804083 
254 354 15 18 0.023774343 
652 456 23 28 0.023714125 
296 331 24 31 0.023696918 
205 349 17 21 0.023676496 
145 236 9 11 0.023554945 
381 560 16 23 0.02343982 
607 420 21 28 0.023388773 
678 183 7 10 0.023387417 
616 227 9 13 0.023351934 
815 390 25 31 0.02331238 
969 127 8 9 0.023297869 
323 348 13 20 0.023292512 
798 182 9 11 0.023278715 
230 182 8 10 0.023124687 
249 314 14 20 0.023112873 
614 188 8 12 0.023038413 
190 387 24 32 0.022876086 
372 265 28 40 0.022868967 
648 224 7 9 0.022860626 
333 187 11 14 0.022842227 
301 312 20 26 0.022841819 
693 216 8 11 0.022828832 
349 247 13 17 0.022795185 
693 245 9 13 0.022783753 
181 258 11 15 0.022755953 
710 244 10 13 0.022689223 
880 150 10 11 0.022663256 
914 127 8 9 0.022634119 
675 520 27 34 0.022569979 
334 199 13 17 0.022544023 
208 338 16 18 0.022539804 
687 200 8 9 0.022513596 
633 176 7 9 0.022468518 
200 349 40 50 0.022468356 
645 183 8 10 0.022408374 
493 175 10 13 0.022356426 
711 554 43 52 0.02232489 
2 381 15 22 0.022281034 
202 305 14 19 0.02223525 
529 152 8 12 0.022233404 
292 368 16 21 0.022229984 
398 235 12 17 0.022203963 
944 156 10 11 0.022130229 
193 307 24 28 0.022124996 
621 204 9 12 0.022029284 
198 283 13 17 0.021922529 
760 167 7 9 0.021922413 
551 343 15 20 0.021914497 
344 360 24 30 0.02186682 
591 352 21 25 0.021860193 
476 186 10 12 0.02174765 
582 290 12 16 0.021719567 
322 195 13 16 0.021715535 
646 214 8 11 0.021668613 
365 259 15 20 0.021662649 
626 191 7 10 0.021656485 
106 224 24 32 0.021652926 
784 167 7 9 0.021652356 
269 305 13 17 0.021651095 
356 316 12 16 0.021613738 
602 439 21 28 0.02158633 
798 157 8 10 0.021582795 
240 191 18 24 0.021570712 
244 259 11 14 0.021503562 
661 259 11 15 0.021497922 
215 312 14 20 0.021458656 
727 323 13 16 0.02144903 
404 165 11 14 0.021444023 
672 244 9 12 0.021383043 
280 195 11 14 0.021380138 
858 473 27 33 0.021341598 
749 190 8 10 0.021327544 
630 262 11 15 0.02130904 
815 116 13 14 0.021245398 
511 262 16 21 0.021243226 
252 400 25 30 0.021220723 
198 375 23 31 0.021217406 
580 326 15 20 0.021206822 
470 443 12 17 0.021190606 
507 322 15 20 0.021167427 
743 322 12 17 0.02116616 
532 361 16 19 0.02116466 
945 144 8 11 0.02115988 
679 229 9 11 0.021102998 
639 256 20 24 0.020960234 
912 146 11 15 0.02095538 
654 296 12 15 0.020884711 
184 229 10 12 0.020849299 
308 363 20 26 0.02081427 
576 419 16 20 0.020805655 
662 342 14 17 0.020803558 
718 246 10 12 0.020784916 
596 250 13 16 0.020757845 
373 329 26 39 0.02075503 
285 301 11 14 0.020748833 
855 411 23 30 0.020737177 
816 112 23 27 0.02070707 
692 252 10 15 0.020574143 
622 199 8 11 0.020545812 
287 314 13 17 0.020529736 
712 541 29 37 0.020522233 
901 483 29 36 0.020492323 
807 464 16 20 0.02047936 
870 497 26 35 0.020450147 
510 181 13 18 0.020446444 
475 379 26 30 0.020436699 
150 212 8 11 0.020433921 
242 233 18 23 0.020425573 
678 285 11 13 0.02041392 
184 208 10 13 0.020409975 
773 167 7 9 0.020385021 
775 144 7 9 0.020351397 
656 486 21 32 0.020324407 
579 307 15 19 0.02031904 
714 459 17 22 0.020297274 
156 276 13 19 0.02026808 
744 270 10 13 0.020243054 
244 249 13 16 0.020215835 
829 179 12 14 0.020212106 
993 496 31 42 0.020154763 
-2 284 23 34 0.020113623 
821 334 11 14 0.020044252 
157 267 11 15 0.020021383 
239 253 11 14 0.020020628 
