21_Festival_Festival_21_218
71
541 211 31 42 0.9873245 
571 193 33 50 0.9849572 
304 117 32 49 0.9719856 
949 141 39 48 0.9699507 
858 116 42 58 0.9611952 
97 155 43 56 0.94962364 
318 190 30 42 0.6623252 
637 170 37 46 0.5465009 
433 255 18 19 0.40283322 
528 246 26 35 0.32001156 
785 170 58 86 0.2840888 
36 366 16 22 0.24362865 
649 181 39 57 0.19469084 
553 208 32 41 0.1789903 
797 220 35 45 0.1130532 
669 186 43 62 0.087851964 
715 147 98 106 0.08019974 
691 198 15 20 0.07681278 
469 345 51 88 0.07474089 
681 193 26 38 0.05994327 
401 231 27 33 0.05723316 
473 261 17 22 0.056884438 
533 229 28 38 0.05662369 
641 169 21 27 0.054507345 
967 144 32 38 0.054240678 
317 626 41 44 0.047469474 
419 244 14 17 0.047309287 
668 171 12 18 0.045150064 
433 239 27 30 0.04356959 
531 244 15 20 0.04348258 
466 222 37 49 0.04034004 
414 236 43 49 0.04018796 
830 244 92 125 0.03638472 
363 229 18 21 0.034860972 
322 187 22 22 0.03227226 
491 229 28 39 0.031853024 
461 230 26 37 0.03174112 
417 241 25 29 0.029843858 
36 360 41 67 0.029405098 
437 297 13 16 0.029092733 
448 231 27 34 0.027876692 
622 186 24 40 0.027392441 
190 108 46 62 0.027207358 
641 193 30 47 0.026984658 
146 194 18 21 0.02680982 
474 246 26 35 0.025992796 
460 238 16 22 0.02533612 
426 354 14 18 0.024893736 
45 40 24 34 0.024788873 
446 348 14 18 0.024625104 
288 125 36 48 0.024035098 
987 611 31 38 0.023885978 
246 71 24 31 0.023673635 
460 217 16 19 0.023058133 
506 329 16 21 0.022038607 
565 504 31 37 0.021968525 
630 171 26 35 0.021628734 
141 185 29 35 0.021521227 
986 154 17 21 0.021376826 
75 196 19 26 0.021296546 
470 289 15 20 0.021131208 
461 366 15 21 0.020985804 
79 176 31 44 0.020848393 
988 20 34 75 0.020847207 
6 367 44 66 0.02079183 
354 328 31 30 0.020596929 
0 434 35 75 0.02026016 
461 375 15 23 0.02023149 
427 -1 47 43 0.02022756 
404 246 17 21 0.02022191 
18 376 27 39 0.02011344 
