21_Festival_Festival_21_140
171
430 459 22 30 0.9357276 
517 494 46 52 0.77529484 
347 481 19 21 0.5329525 
342 475 15 20 0.2975963 
948 447 14 19 0.27644897 
796 660 95 125 0.21368636 
214 765 15 24 0.21096207 
305 445 14 18 0.16746123 
1003 513 22 42 0.13232788 
433 1221 62 75 0.13011165 
126 634 12 15 0.10432876 
424 446 22 31 0.09149635 
423 420 13 17 0.091195665 
120 721 9 11 0.09075439 
427 518 26 39 0.09064258 
693 720 39 50 0.09043386 
364 475 15 22 0.08906263 
22 754 11 16 0.07973735 
468 404 12 14 0.0710373 
435 420 16 19 0.069895394 
172 443 12 16 0.069766484 
820 650 54 88 0.067297496 
122 364 16 19 0.06663584 
54 643 10 12 0.06650557 
390 415 12 15 0.0655046 
338 439 16 20 0.0648068 
102 694 10 14 0.061703246 
462 428 13 15 0.060058437 
262 461 24 27 0.05980597 
347 471 17 20 0.05780667 
427 418 17 20 0.057543214 
124 355 15 17 0.05354679 
28 856 13 18 0.050574716 
391 584 11 15 0.049819745 
14 950 13 18 0.04872157 
46 655 12 14 0.04836137 
673 432 24 28 0.048283454 
725 427 10 13 0.046336487 
303 438 12 14 0.04606762 
629 667 13 18 0.045331404 
137 701 9 12 0.0452693 
123 724 10 12 0.044541474 
117 736 10 12 0.042917576 
48 619 7 11 0.042256128 
914 563 25 27 0.042196702 
301 460 11 13 0.041853715 
348 546 38 41 0.04144446 
319 445 11 15 0.041332357 
741 477 9 11 0.041085355 
142 696 9 12 0.04074336 
108 1241 14 18 0.04056458 
181 512 64 52 0.040370673 
486 1193 13 16 0.04023214 
910 572 23 27 0.04015266 
782 665 67 93 0.039926242 
95 734 8 12 0.03966822 
118 635 13 15 0.039269865 
295 529 12 17 0.03917578 
802 553 17 22 0.039054003 
337 477 13 18 0.037809845 
86 717 9 14 0.037775625 
849 564 26 31 0.03763355 
976 461 25 32 0.037311804 
477 426 13 17 0.036916856 
441 425 13 17 0.03658301 
883 555 13 16 0.03543354 
339 1155 32 32 0.034910776 
85 636 11 15 0.034198258 
389 434 14 17 0.034106165 
423 451 14 21 0.03405447 
334 826 10 14 0.0333068 
437 512 27 41 0.03327859 
982 1196 29 49 0.033081554 
425 429 24 30 0.03301014 
990 503 29 48 0.032627817 
196 694 13 16 0.032321148 
16 954 17 21 0.031344447 
483 429 14 19 0.031329572 
243 1240 43 41 0.03106793 
466 408 16 19 0.029937536 
108 366 40 50 0.02927428 
891 415 13 14 0.029194606 
876 558 15 16 0.029189073 
29 849 10 13 0.028632173 
385 510 17 22 0.028503494 
344 614 12 16 0.027787274 
791 491 9 12 0.027604628 
80 860 11 13 0.02749729 
79 870 11 14 0.027462253 
25 847 10 13 0.02734308 
85 710 11 14 0.027263157 
465 418 17 21 0.027220082 
80 812 10 14 0.02699373 
342 895 24 29 0.026844906 
754 509 10 11 0.026764374 
755 482 13 17 0.026693236 
768 507 9 12 0.026592715 
294 443 12 17 0.026184844 
415 428 10 14 0.026112901 
799 484 11 14 0.026022153 
619 402 14 16 0.026015157 
39 645 10 12 0.025507784 
908 585 18 22 0.025492499 
48 377 12 18 0.025265343 
385 583 11 14 0.025102653 
242 706 17 21 0.025070656 
325 512 16 21 0.025015546 
280 443 12 16 0.024794273 
756 490 10 14 0.024731372 
113 634 11 16 0.024625117 
556 446 43 55 0.02438692 
965 457 26 32 0.024383914 
150 707 11 14 0.024242057 
327 876 35 38 0.02423377 
743 473 9 12 0.024199605 
300 469 11 14 0.024181463 
318 439 11 14 0.024062673 
443 529 16 20 0.024025941 
818 561 15 19 0.024007432 
771 682 28 46 0.023983948 
130 630 13 16 0.023837091 
312 711 444 521 0.023575684 
852 579 29 31 0.02357061 
168 438 21 26 0.023343198 
803 568 17 21 0.023246344 
792 542 9 12 0.023101667 
288 804 11 16 0.023050178 
798 502 10 14 0.023008779 
440 456 25 31 0.022852428 
650 462 15 18 0.022785462 
652 453 12 12 0.022748258 
205 764 27 42 0.0227284 
130 364 12 15 0.022699524 
72 449 17 18 0.022629695 
967 455 40 51 0.022285879 
100 436 13 16 0.022157796 
796 558 16 20 0.022056865 
464 426 23 28 0.021831235 
187 824 24 29 0.021819865 
101 686 11 15 0.021738214 
280 829 10 13 0.02170897 
65 884 11 15 0.02163318 
300 843 12 15 0.021569211 
1006 1255 14 21 0.021542123 
668 435 18 21 0.021414626 
736 473 10 12 0.021389468 
295 438 9 14 0.021270927 
457 658 15 17 0.021223428 
169 743 81 103 0.021205984 
5 959 14 22 0.02103616 
621 654 23 32 0.021027813 
851 559 19 22 0.021004159 
800 468 11 15 0.020966697 
771 629 48 78 0.02093183 
96 692 13 18 0.020913713 
388 581 20 25 0.020889707 
752 477 12 14 0.020842513 
423 434 12 17 0.020803032 
110 718 12 14 0.020556306 
99 690 22 28 0.02048056 
454 521 42 48 0.020410279 
626 642 14 18 0.020230206 
507 498 37 39 0.020223958 
47 645 10 14 0.020202735 
805 468 10 13 0.020117082 
953 448 22 29 0.020109605 
294 444 20 28 0.020096343 
88 723 9 13 0.020053526 
418 421 11 14 0.02005241 
86 421 16 18 0.02003834 
389 974 28 30 0.020016886 
