21_Festival_Festival_21_491
31
464 543 182 238 0.99876 
625 1068 230 382 0.87912065 
137 349 263 291 0.54668987 
145 488 376 465 0.27500173 
444 148 345 456 0.09224402 
345 537 61 75 0.083715074 
248 504 114 142 0.06757149 
28 236 365 527 0.06123111 
212 644 218 325 0.05590169 
233 -70 422 547 0.051924873 
565 378 111 128 0.049454715 
512 459 16 20 0.046974663 
510 997 448 374 0.04195343 
529 306 189 266 0.04009984 
247 841 103 136 0.037330832 
549 518 30 50 0.036653854 
915 46 54 52 0.03480601 
115 966 154 120 0.032345496 
888 29 67 64 0.030672384 
935 52 33 32 0.030551359 
312 540 86 107 0.028701887 
224 468 177 229 0.027579412 
383 839 388 436 0.02685587 
95 106 446 466 0.024902359 
76 880 207 234 0.024496838 
714 598 210 255 0.023765875 
871 36 105 103 0.02297014 
185 942 109 136 0.022339571 
820 21 204 192 0.02165491 
387 479 31 39 0.021464016 
623 382 104 123 0.021218847 
