21_Festival_Festival_21_107
365
180 221 57 69 0.6995786 
597 188 44 54 0.68180597 
845 189 17 22 0.5452012 
1000 192 16 18 0.48308402 
942 262 20 26 0.44598308 
999 256 16 22 0.42003444 
603 243 44 55 0.41374215 
789 200 27 33 0.37850723 
920 185 17 21 0.32420424 
837 259 23 26 0.28044358 
476 199 50 60 0.27231812 
952 206 10 13 0.23482583 
948 188 12 14 0.2111586 
981 237 15 18 0.20523001 
908 173 11 14 0.18856266 
928 266 21 26 0.17883585 
965 196 12 15 0.17545621 
743 274 21 26 0.17475085 
970 217 13 16 0.1707813 
706 326 18 21 0.16402936 
690 226 31 39 0.16384886 
781 176 13 16 0.16229035 
917 238 14 17 0.16107436 
906 179 12 15 0.15389799 
970 256 16 19 0.1462777 
964 237 12 15 0.14502724 
636 264 29 42 0.1444622 
301 127 12 15 0.14278498 
966 270 12 17 0.12991205 
967 212 12 15 0.12298036 
197 530 46 59 0.11764428 
942 235 13 15 0.11525325 
956 208 13 17 0.11287163 
846 236 16 22 0.11229342 
827 227 17 20 0.11047921 
974 197 11 14 0.11019934 
1001 282 12 16 0.1070059 
654 275 27 37 0.10516063 
927 258 15 18 0.10344271 
198 109 13 17 0.10339206 
948 195 11 14 0.10177752 
862 218 14 18 0.100412436 
962 243 14 18 0.09879059 
564 226 26 33 0.097335085 
862 155 16 18 0.09421638 
966 249 15 18 0.093413696 
881 181 11 14 0.09313929 
832 368 13 16 0.09226524 
965 203 12 15 0.09019236 
904 186 11 15 0.088851325 
1010 260 10 15 0.08789489 
779 280 23 31 0.08679732 
975 204 11 14 0.08545371 
979 199 10 13 0.083965555 
400 366 37 48 0.08269763 
297 127 20 25 0.08051117 
898 154 17 20 0.08011044 
957 163 12 13 0.07937972 
726 315 15 23 0.07569758 
987 226 13 16 0.07510801 
87 243 54 75 0.07472467 
940 220 13 15 0.07396298 
785 172 14 17 0.07363484 
318 415 30 37 0.072161384 
938 228 15 18 0.07002087 
991 215 11 13 0.068849444 
1004 183 11 12 0.068224795 
1014 276 10 16 0.06593417 
907 212 14 18 0.06543609 
883 185 13 15 0.065075524 
990 220 13 16 0.06440925 
337 130 24 28 0.06440643 
778 237 16 21 0.06394635 
1014 157 9 14 0.063935064 
902 217 15 18 0.06389229 
1014 163 9 14 0.062917955 
240 105 15 20 0.0626802 
972 243 15 18 0.062042657 
816 201 13 20 0.061644554 
842 315 16 18 0.061321113 
1012 215 9 12 0.061306927 
761 336 15 21 0.05907771 
819 218 13 17 0.058752 
14 77 11 16 0.058582913 
0 152 12 21 0.05736623 
941 242 15 17 0.05734472 
1012 238 9 13 0.057103865 
140 539 40 47 0.056378048 
708 371 22 28 0.056376208 
94 122 13 16 0.056285147 
1005 242 14 17 0.055819843 
752 331 22 31 0.05544435 
947 252 15 19 0.055128243 
801 164 12 14 0.054061648 
763 572 13 15 0.05394829 
367 476 15 18 0.05368303 
891 273 15 18 0.05364479 
932 292 15 19 0.05363644 
176 83 90 120 0.05320784 
894 161 15 18 0.05282686 
1006 176 9 11 0.052239053 
925 212 12 15 0.052188043 
50 132 16 19 0.05160307 
1001 236 10 14 0.05110033 
969 265 15 18 0.051045857 
789 340 14 20 0.049824998 
586 236 44 54 0.048780173 
920 244 16 17 0.04838011 
768 329 27 32 0.048377063 
560 222 43 52 0.048196126 
1013 268 10 15 0.04751395 
859 201 13 17 0.04732594 
180 520 23 35 0.04707379 
1004 218 13 14 0.04704114 
812 238 13 15 0.046853606 
876 243 18 21 0.046250597 
609 279 38 49 0.046059676 
986 242 13 16 0.04581003 
833 155 18 21 0.045231793 
878 509 11 12 0.045029055 
679 284 24 31 0.04492248 
954 267 15 19 0.04442764 
990 264 14 19 0.044281553 
561 194 46 52 0.04358508 
925 203 13 16 0.043440085 
598 228 40 45 0.043014795 
723 242 23 30 0.04280578 
287 133 10 13 0.042407934 
667 287 26 34 0.04220219 
940 172 11 13 0.04203654 
942 250 14 17 0.04202541 
858 282 18 21 0.041819517 
702 300 14 17 0.04159439 
670 66 93 112 0.041432604 
319 114 14 17 0.041205283 
844 245 24 28 0.04107728 
933 171 12 14 0.040620673 
819 254 16 19 0.040044393 
691 291 14 19 0.039931465 
995 219 14 16 0.039758503 
69 421 38 32 0.03966307 
975 288 15 18 0.039409563 
831 293 14 19 0.039371945 
867 282 15 19 0.039117537 
888 220 12 15 0.03902494 
811 211 20 28 0.038773347 
1014 171 10 13 0.03813489 
951 157 11 14 0.0380065 
829 254 21 27 0.037910495 
886 196 13 15 0.03783189 
997 227 14 17 0.03759117 
869 172 12 13 0.037559625 
726 228 26 35 0.037059844 
926 172 15 16 0.036732826 
919 267 21 28 0.036609363 
704 283 13 16 0.036594808 
818 297 22 29 0.036533117 
971 275 12 14 0.03605789 
924 292 16 22 0.03579092 
55 6 40 53 0.035576116 
805 169 14 18 0.03556428 
300 119 11 13 0.035442803 
795 335 14 20 0.035352964 
652 284 16 24 0.03526901 
222 330 33 54 0.0351102 
727 257 14 16 0.03492549 
807 276 15 18 0.034692988 
837 187 16 20 0.034598365 
848 262 19 23 0.034360874 
850 190 20 25 0.03408105 
775 173 15 17 0.033898104 
878 173 11 14 0.03379192 
700 224 38 48 0.033741247 
908 181 20 25 0.033664938 
903 167 19 26 0.03355577 
931 251 14 18 0.033550117 
575 236 32 46 0.033527058 
804 307 13 16 0.033391356 
885 173 12 15 0.03323937 
631 285 28 42 0.033235956 
762 169 14 16 0.033165626 
833 234 24 27 0.033002373 
152 84 12 17 0.032719042 
549 214 33 44 0.032438666 
620 257 36 49 0.032435525 
204 102 56 74 0.032416403 
878 250 24 28 0.03229704 
965 228 13 16 0.032212086 
888 203 11 13 0.03199391 
7 171 27 36 0.03162231 
933 212 12 16 0.031454198 
732 279 23 27 0.03127695 
796 212 24 31 0.03103395 
892 180 12 14 0.030866636 
998 175 10 12 0.030850802 
931 196 11 14 0.030583153 
1011 94 11 15 0.030442957 
958 188 11 16 0.03044168 
971 190 12 15 0.030166283 
978 257 15 21 0.029912293 
851 231 21 26 0.029862883 
834 331 16 23 0.029857114 
860 297 15 19 0.029854214 
270 316 26 30 0.029809408 
909 167 10 14 0.029789306 
874 233 17 19 0.029776577 
456 174 81 99 0.02957602 
848 270 24 27 0.029107042 
998 180 20 25 0.029083041 
944 202 12 16 0.029070053 
980 180 11 13 0.02906444 
356 453 12 16 0.028854191 
700 292 15 19 0.028846623 
342 54 9 13 0.028779974 
800 159 10 13 0.02868248 
640 297 29 40 0.028617173 
718 234 11 16 0.028603105 
867 214 15 18 0.028596334 
983 222 11 14 0.028511962 
152 78 11 14 0.028491111 
179 517 46 62 0.028465569 
735 328 23 32 0.028394936 
767 240 14 19 0.028372932 
1006 249 19 28 0.028366454 
700 351 17 21 0.028345168 
944 184 19 23 0.028337974 
807 241 15 17 0.028200254 
227 196 16 20 0.02819614 
874 225 15 18 0.028173804 
611 13 13 16 0.028045725 
578 238 17 24 0.027971929 
958 217 13 16 0.027926877 
676 296 15 20 0.027886527 
393 329 17 20 0.027884584 
822 190 10 13 0.027860668 
917 126 13 13 0.0277988 
733 234 14 17 0.027796803 
963 163 11 13 0.02772655 
589 26 46 67 0.027689619 
454 154 29 36 0.027356487 
984 166 11 13 0.027085435 
907 298 15 17 0.026982471 
977 158 9 11 0.02687001 
881 222 22 26 0.026797697 
295 0 346 441 0.026779255 
720 90 13 17 0.026603905 
893 171 12 15 0.026591428 
313 394 29 31 0.02652448 
928 168 11 12 0.026444662 
973 247 21 25 0.026373163 
591 262 44 55 0.026269227 
911 241 15 17 0.026265774 
918 212 13 16 0.026260372 
845 183 14 17 0.02617422 
91 128 14 17 0.02613059 
904 195 11 13 0.026127443 
747 285 18 22 0.02605536 
978 297 13 17 0.025957573 
780 218 12 15 0.025926583 
324 109 13 17 0.02590603 
260 464 14 18 0.02587756 
967 193 18 22 0.025754409 
889 216 20 23 0.025737125 
45 564 12 14 0.025634857 
844 228 16 19 0.025603836 
724 321 21 32 0.025505627 
991 292 11 16 0.025448268 
744 270 13 16 0.025444126 
890 163 22 27 0.025440795 
988 251 22 28 0.025372844 
956 249 15 17 0.025353607 
385 378 34 37 0.025352458 
313 425 48 60 0.025346033 
85 132 14 17 0.025304 
786 138 16 21 0.025221162 
892 212 14 17 0.025198663 
226 536 49 62 0.025165526 
998 316 21 30 0.025133543 
705 285 23 25 0.025108678 
861 323 15 20 0.0249693 
955 60 27 33 0.024886176 
704 65 26 37 0.024854021 
989 169 12 15 0.02475165 
674 281 16 22 0.024674464 
620 300 29 40 0.024672301 
674 296 26 33 0.02466784 
1013 189 9 15 0.02456206 
757 323 16 21 0.024369955 
598 296 33 41 0.02434129 
835 170 14 15 0.024336416 
653 252 12 15 0.024302823 
354 462 28 34 0.024230992 
932 280 16 20 0.024122143 
1014 179 10 13 0.024000704 
324 120 12 17 0.023904435 
946 147 12 15 0.023842586 
889 244 15 19 0.02378893 
726 290 14 19 0.023770504 
971 226 13 17 0.02375137 
878 166 10 13 0.023704756 
127 85 12 15 0.023673242 
709 278 14 16 0.023488637 
837 307 17 22 0.02313044 
795 284 15 21 0.023093835 
780 139 14 20 0.02303865 
887 165 11 14 0.023032574 
821 233 24 27 0.02298618 
176 311 54 73 0.022985518 
932 177 12 16 0.022982303 
810 270 16 19 0.02280662 
97 62 180 210 0.022791715 
824 183 9 11 0.022618335 
698 241 18 22 0.022527914 
944 181 11 14 0.022480663 
82 139 14 16 0.022437943 
269 149 10 12 0.022413474 
214 103 15 23 0.022374798 
636 287 17 25 0.022351632 
765 230 24 32 0.022280399 
917 225 23 26 0.022178246 
901 242 12 17 0.022138892 
883 281 17 19 0.022052556 
887 174 20 25 0.022010986 
829 163 24 27 0.021996569 
836 285 15 18 0.021921944 
830 556 11 13 0.02187883 
860 259 14 17 0.021790583 
56 92 26 33 0.02174136 
896 494 11 12 0.02171033 
868 247 24 28 0.021699464 
941 154 13 15 0.021698892 
805 322 14 16 0.021667367 
933 204 11 15 0.021579742 
506 200 29 37 0.021528438 
833 220 18 19 0.02152662 
306 124 15 19 0.021516012 
775 220 26 33 0.021495266 
163 524 42 55 0.021419333 
14 9 23 37 0.021351453 
690 319 27 34 0.021282682 
916 172 11 14 0.021281034 
712 320 17 25 0.021246035 
567 202 27 34 0.021217966 
23 558 12 14 0.021181118 
645 402 33 50 0.021121707 
974 180 11 14 0.020962607 
866 148 17 21 0.020888751 
830 187 13 16 0.020834398 
981 212 10 13 0.020825414 
603 15 25 38 0.02077355 
795 195 18 23 0.020667804 
201 129 26 33 0.020665811 
908 206 12 15 0.020658132 
951 172 11 14 0.020450357 
753 290 17 21 0.020444417 
652 312 13 20 0.020428006 
804 314 14 17 0.020392638 
830 176 24 29 0.020389862 
957 171 11 13 0.020356834 
759 125 11 14 0.020264184 
761 193 17 21 0.020258427 
389 345 17 19 0.02014463 
809 302 24 32 0.020124938 
965 183 14 16 0.02004782 
760 335 25 34 0.020002114 
