21_Festival_Festival_21_219
415
560 278 84 114 0.99159664 
769 363 11 14 0.43297395 
718 344 8 10 0.31257898 
788 359 11 13 0.2571903 
794 335 8 10 0.24855818 
839 350 10 12 0.2086259 
868 406 15 19 0.20235182 
807 359 10 12 0.19967034 
711 381 9 10 0.1847715 
807 334 9 10 0.17669192 
768 340 11 14 0.17548735 
276 548 10 13 0.17220111 
12 559 9 10 0.16327268 
847 326 9 10 0.15153168 
838 242 11 14 0.14796893 
702 352 8 10 0.13417225 
832 351 10 12 0.13229933 
906 375 9 11 0.13140942 
718 348 9 11 0.1295996 
783 320 7 9 0.12784779 
294 563 10 13 0.12049479 
825 325 8 11 0.11975644 
317 540 8 10 0.11924239 
230 542 7 10 0.10974495 
706 380 8 11 0.109051086 
752 372 9 11 0.108912915 
822 302 8 10 0.10621525 
784 364 13 14 0.10239398 
774 182 8 10 0.10106635 
259 555 11 14 0.092722744 
831 320 7 9 0.091188475 
837 372 10 12 0.09115446 
800 169 12 15 0.091075055 
830 286 8 10 0.09093487 
797 335 9 11 0.09071178 
807 329 9 10 0.08910264 
753 342 10 11 0.08898858 
751 356 11 13 0.08855178 
806 342 11 13 0.08829501 
783 325 8 10 0.0879554 
812 349 11 13 0.08504972 
1012 316 10 14 0.084268115 
830 325 8 10 0.08211415 
806 349 12 14 0.08192595 
328 518 9 11 0.080064714 
734 166 10 13 0.08005353 
1014 278 8 11 0.079582624 
47 520 7 9 0.07566034 
841 296 7 10 0.07480995 
735 352 10 12 0.07468484 
982 271 9 10 0.07443936 
780 409 15 18 0.07431465 
807 318 8 9 0.07427592 
825 334 8 11 0.074211255 
272 544 9 12 0.07303271 
26 562 8 10 0.07286207 
798 403 13 17 0.07200953 
753 349 10 13 0.07188694 
145 544 8 11 0.07172618 
46 470 8 11 0.06954033 
792 328 8 10 0.068592764 
16 536 8 10 0.06831321 
785 371 11 12 0.06761491 
772 347 11 13 0.06750775 
334 524 8 10 0.067443274 
762 327 8 10 0.06733557 
823 349 9 12 0.06666171 
30 561 8 10 0.066007115 
765 326 9 9 0.06568913 
840 344 10 12 0.06557785 
703 357 8 10 0.06481501 
889 279 8 9 0.063043185 
0 524 8 10 0.06288244 
788 409 14 17 0.062299516 
842 326 8 10 0.062165253 
777 318 8 10 0.061721746 
128 542 8 10 0.06171104 
698 350 9 11 0.061679862 
824 342 9 11 0.061206937 
792 319 8 10 0.06116472 
314 537 9 10 0.060752735 
848 367 9 12 0.060618635 
31 527 8 9 0.060471088 
759 335 9 12 0.060415685 
182 536 7 9 0.05946829 
309 565 9 12 0.059317477 
177 534 8 10 0.059262052 
921 297 9 12 0.059125263 
840 300 9 11 0.05807292 
918 335 12 13 0.05741354 
746 327 8 10 0.05730389 
990 246 9 11 0.05694638 
757 340 9 13 0.056806356 
729 332 9 11 0.056132678 
801 348 10 12 0.05581031 
302 561 9 11 0.055577777 
726 351 10 12 0.054874405 
863 365 10 13 0.05481424 
848 332 9 11 0.054803137 
799 341 9 12 0.05450485 
208 549 7 9 0.05367043 
830 334 8 10 0.052937433 
865 335 8 11 0.051759604 
89 549 9 11 0.051420055 
811 355 11 13 0.050935246 
226 543 8 11 0.050904926 
712 349 9 10 0.05033854 
782 351 10 12 0.05029295 
94 548 8 11 0.04958801 
729 327 7 10 0.049059913 
799 362 11 13 0.0489161 
41 519 7 9 0.04891392 
722 356 9 11 0.048906066 
17 519 7 8 0.048725273 
878 336 9 11 0.048252374 
820 373 12 14 0.048212294 
1008 145 12 16 0.048156917 
239 559 10 11 0.047959413 
829 343 9 11 0.04792808 
832 239 9 12 0.047571696 
775 312 8 10 0.04726437 
87 567 10 12 0.047233813 
992 287 8 11 0.04688511 
600 220 482 562 0.04656955 
709 329 8 10 0.04650068 
740 351 11 12 0.04632543 
832 371 10 13 0.04631717 
844 350 9 11 0.046239637 
800 313 8 11 0.046090405 
466 460 17 20 0.045563877 
922 280 9 11 0.045271803 
918 380 11 12 0.04503571 
834 264 7 9 0.044644866 
7 520 7 9 0.044431053 
804 182 10 12 0.04425945 
831 311 8 11 0.04423421 
778 324 9 10 0.044131476 
1008 247 8 9 0.044120215 
976 144 9 11 0.04410612 
800 229 8 12 0.043541282 
745 333 9 11 0.04352404 
247 550 8 10 0.043523442 
193 533 8 10 0.043307677 
831 281 8 10 0.043084785 
751 335 10 12 0.042975396 
738 372 9 12 0.042812917 
94 568 9 12 0.04276793 
792 312 9 11 0.04274073 
121 374 10 13 0.042469636 
752 182 9 12 0.042406265 
925 299 9 11 0.042292174 
758 357 9 13 0.041741595 
841 320 8 10 0.0415854 
826 240 8 10 0.041536868 
301 627 14 13 0.041399438 
289 559 9 11 0.04100034 
767 320 8 9 0.040781945 
769 175 9 12 0.040671643 
69 399 9 11 0.04009309 
825 280 9 11 0.039833125 
302 536 8 9 0.039829448 
6 422 7 11 0.039735626 
906 310 8 11 0.03955501 
845 301 9 11 0.039364774 
89 544 8 11 0.038748257 
25 462 9 10 0.038565934 
815 312 8 10 0.038185246 
183 541 8 10 0.037612762 
868 270 10 12 0.03754967 
789 350 11 14 0.037539616 
1 429 8 12 0.037026048 
767 354 19 23 0.036707252 
13 553 8 10 0.036086448 
246 543 9 11 0.035895854 
773 337 11 12 0.03587804 
277 575 10 12 0.035807427 
768 200 9 12 0.03578429 
855 366 9 12 0.035521135 
263 542 10 12 0.035439603 
956 268 12 13 0.035190452 
721 320 8 9 0.035186253 
62 431 9 10 0.03512587 
713 390 10 12 0.035123717 
703 365 8 9 0.035123307 
903 303 7 9 0.035117712 
48 524 7 10 0.03507614 
983 264 8 10 0.03489012 
145 560 9 11 0.03462724 
873 340 10 12 0.034539357 
23 519 7 9 0.034513846 
1008 277 9 11 0.034421515 
311 560 9 11 0.03441208 
309 520 8 10 0.034398794 
935 405 12 15 0.03435386 
824 355 10 13 0.03432471 
838 199 7 9 0.034168568 
508 45 12 13 0.033903148 
128 537 7 10 0.03381525 
785 292 8 11 0.03358102 
435 438 18 19 0.033323027 
885 397 11 13 0.033151835 
73 377 7 9 0.03298231 
1000 261 8 11 0.032879073 
742 367 11 14 0.032870326 
200 545 7 9 0.032836974 
759 382 9 12 0.0327651 
781 340 10 12 0.032729637 
838 286 8 10 0.03268477 
709 184 14 16 0.03223765 
1009 270 9 11 0.032230016 
790 184 8 10 0.032207023 
845 342 9 11 0.0321532 
801 189 9 11 0.03212867 
17 440 8 11 0.032085244 
993 293 8 10 0.03207027 
1000 256 9 10 0.0317166 
815 318 7 9 0.03168816 
918 349 10 11 0.03160275 
71 567 8 10 0.031563997 
831 293 7 9 0.031563442 
40 463 8 10 0.03148558 
14 443 8 11 0.03139043 
698 356 9 12 0.031146785 
807 278 7 9 0.031018328 
830 303 8 10 0.030786261 
862 359 10 12 0.03067113 
902 398 8 11 0.030514592 
921 310 10 12 0.030493466 
517 451 11 14 0.030346846 
191 543 8 10 0.030297665 
985 311 9 11 0.030191993 
903 357 10 12 0.030162334 
784 286 8 11 0.030145012 
914 334 10 12 0.0301375 
352 527 7 10 0.030108705 
751 320 8 9 0.030088603 
65 552 7 9 0.02980164 
823 296 9 10 0.029778648 
706 333 8 10 0.02958086 
816 378 12 14 0.029478187 
872 335 9 11 0.0294117 
57 405 8 11 0.029163392 
87 513 7 9 0.029161144 
718 337 8 9 0.029139416 
838 262 8 10 0.029108481 
832 270 8 9 0.02904387 
742 180 10 13 0.029025834 
839 281 8 10 0.028976055 
208 528 9 10 0.028925037 
856 358 8 11 0.028906344 
72 521 7 9 0.028629536 
54 558 8 10 0.028356979 
23 431 7 9 0.028355492 
392 527 8 10 0.02831139 
813 342 11 13 0.028157458 
26 367 8 10 0.028151989 
783 183 8 11 0.028136712 
81 513 7 9 0.027912593 
709 357 8 10 0.027900929 
758 365 10 12 0.027897779 
744 342 10 11 0.027842334 
31 463 8 10 0.027827274 
1001 390 8 10 0.027803918 
13 563 10 11 0.0277439 
836 236 20 26 0.02772894 
910 351 10 11 0.027674664 
334 568 10 11 0.027647048 
789 244 8 12 0.02751521 
25 422 8 10 0.02744345 
217 551 7 9 0.027389677 
310 526 8 10 0.027352463 
79 537 8 10 0.027313393 
130 550 7 9 0.027126893 
817 394 11 13 0.027086446 
9 536 8 10 0.02694485 
1014 252 8 12 0.026910756 
97 439 8 10 0.026860278 
904 367 9 13 0.026812548 
481 427 12 15 0.026646892 
40 486 8 10 0.02656467 
118 520 8 10 0.02650304 
313 549 9 12 0.026457964 
710 333 8 10 0.026348952 
893 279 7 9 0.026175221 
326 511 9 12 0.02613677 
864 328 8 9 0.026119873 
945 240 8 11 0.02602659 
863 389 12 14 0.025970114 
88 495 9 12 0.025892429 
716 208 13 15 0.025818316 
908 318 9 10 0.025734168 
560 447 6 9 0.025688125 
703 422 9 11 0.025587115 
105 367 7 10 0.025586033 
1013 248 8 11 0.025473101 
63 377 8 10 0.025461923 
276 553 11 15 0.025435911 
772 370 12 13 0.025410865 
24 456 9 11 0.025389295 
24 542 10 12 0.025270235 
824 307 8 11 0.025178742 
897 295 8 10 0.02515948 
1007 263 10 11 0.02514815 
320 528 8 10 0.025115194 
209 532 9 11 0.025099471 
0 502 7 11 0.024988603 
784 334 9 11 0.024977028 
223 550 9 11 0.024974322 
80 541 7 10 0.024817592 
758 166 8 11 0.024806488 
785 254 9 13 0.024734978 
569 456 7 8 0.024723649 
713 396 10 12 0.024708549 
241 543 8 10 0.024464844 
961 406 10 12 0.02445615 
791 302 8 11 0.024437444 
74 542 7 10 0.024432717 
760 320 8 9 0.024420591 
840 166 8 10 0.024359876 
38 559 8 10 0.024251329 
702 344 9 10 0.024177892 
839 310 8 10 0.02415982 
32 521 8 9 0.024125893 
151 559 8 11 0.024054175 
906 150 8 11 0.024024177 
197 528 9 11 0.023875196 
528 437 8 9 0.023854788 
903 288 7 9 0.023832945 
945 142 9 12 0.023799019 
41 567 8 11 0.023798993 
775 303 8 10 0.023771718 
5 470 8 11 0.023760831 
1000 279 8 10 0.023701198 
1015 283 9 13 0.023628507 
733 328 8 9 0.023545561 
41 432 8 10 0.023391727 
757 183 9 11 0.023391442 
512 462 11 14 0.023260217 
263 564 10 12 0.023250824 
798 222 9 13 0.023228537 
517 398 10 12 0.023214879 
881 285 8 9 0.023161491 
902 350 10 12 0.022946933 
114 519 8 10 0.022913735 
81 569 8 11 0.022890406 
878 271 10 12 0.022724131 
822 367 12 13 0.022662349 
776 187 8 10 0.022641912 
533 437 8 9 0.022600764 
8 511 7 10 0.022594817 
193 527 9 11 0.022573635 
686 183 11 13 0.022546118 
899 341 10 11 0.022500487 
806 272 7 10 0.022483516 
38 367 8 10 0.022403732 
847 356 9 12 0.022397486 
990 189 9 11 0.022386122 
853 319 9 10 0.022318464 
135 544 8 10 0.022254458 
46 433 8 9 0.022165658 
787 382 12 12 0.02214191 
881 278 8 10 0.022138566 
97 365 7 10 0.022121271 
40 512 7 9 0.022120323 
998 134 9 12 0.022101967 
319 565 9 11 0.021996321 
897 287 7 9 0.021980656 
242 551 8 10 0.021895744 
816 295 10 12 0.021864595 
143 521 7 9 0.02181032 
807 380 11 14 0.02177826 
79 475 11 13 0.021762576 
454 458 24 27 0.021754121 
848 310 8 10 0.021702806 
902 295 7 10 0.021682454 
310 471 7 9 0.021656191 
88 476 8 11 0.021647323 
577 448 7 9 0.021620605 
766 336 18 23 0.02161609 
544 446 8 9 0.021603405 
824 129 7 8 0.021468451 
825 244 8 11 0.021412458 
782 354 20 23 0.021354174 
824 270 8 10 0.021294028 
330 438 9 10 0.021274192 
798 391 12 15 0.021215227 
949 346 14 15 0.02117289 
967 381 8 11 0.02116144 
98 399 7 8 0.021131512 
813 335 9 10 0.021032633 
82 550 7 11 0.021031562 
694 375 8 11 0.020984206 
687 211 13 16 0.020929867 
6 525 7 9 0.020869251 
47 438 7 9 0.020813534 
696 343 9 12 0.020782985 
770 311 8 11 0.020779606 
22 438 7 10 0.020729145 
923 327 15 15 0.02069778 
87 556 9 11 0.02065692 
329 567 9 11 0.020615939 
168 533 8 10 0.02060984 
545 442 8 8 0.020534202 
872 143 8 11 0.020461595 
271 566 10 13 0.02042176 
864 311 10 12 0.020409966 
976 319 11 12 0.02034689 
994 128 8 9 0.020328572 
232 520 9 10 0.020281516 
55 553 8 9 0.020260658 
112 479 7 10 0.020255001 
435 177 32 39 0.020173686 
801 395 14 18 0.020085063 
977 359 9 11 0.02003399 
984 398 8 11 0.0200046 
