21_Festival_Festival_21_395
180
762 415 36 46 0.9844483 
544 124 36 46 0.97288764 
408 265 31 38 0.9598824 
514 275 40 52 0.9448957 
560 398 41 51 0.92333454 
309 425 32 40 0.70534205 
685 264 34 43 0.6757248 
978 501 21 27 0.58459026 
174 493 21 27 0.4840619 
666 428 32 39 0.47643626 
660 505 23 33 0.44366583 
743 586 53 77 0.3646191 
873 450 27 34 0.27456874 
77 484 17 22 0.24208647 
656 496 24 29 0.22687455 
645 464 31 37 0.21607777 
94 534 17 22 0.20323354 
420 588 17 21 0.19617361 
843 478 36 45 0.1925309 
962 489 15 22 0.18329607 
221 555 54 58 0.1813183 
132 492 15 21 0.17646262 
824 492 58 74 0.15563539 
20 467 12 15 0.14481124 
919 474 18 22 0.1255519 
294 262 24 28 0.11953879 
91 540 24 31 0.10695788 
658 262 23 42 0.10508057 
111 491 14 19 0.1036725 
56 488 10 13 0.10037294 
408 176 29 44 0.09824305 
12 572 25 40 0.08271386 
730 560 56 77 0.08181744 
940 492 23 30 0.07798145 
919 471 13 16 0.0765612 
42 475 11 15 0.074705414 
82 466 99 124 0.07309407 
873 463 30 39 0.0725294 
673 409 41 55 0.07080618 
712 459 32 37 0.07052875 
0 500 13 21 0.06961808 
989 500 22 30 0.06812325 
551 278 29 41 0.06516164 
751 424 43 61 0.06428683 
647 480 31 41 0.061417695 
240 409 28 37 0.059342027 
903 479 26 29 0.057444472 
66 445 13 15 0.056846194 
362 597 26 31 0.05613761 
759 484 50 75 0.055718508 
70 438 11 12 0.05560768 
933 459 18 21 0.05425835 
894 502 55 61 0.052670654 
97 529 26 32 0.05040469 
97 553 17 23 0.049195725 
881 474 54 54 0.048444495 
213 409 40 48 0.048240088 
854 503 61 71 0.047785927 
538 401 45 50 0.045557287 
986 646 15 23 0.04537598 
852 468 48 52 0.045252413 
924 494 31 36 0.044877514 
4 494 13 17 0.04427833 
13 520 11 15 0.042953935 
38 449 10 13 0.042683117 
407 572 26 31 0.042611483 
4 486 10 13 0.04174322 
944 494 12 16 0.041430935 
194 578 70 57 0.04029197 
327 169 11 14 0.03920071 
167 496 16 21 0.038949028 
869 481 94 105 0.038503345 
77 563 15 19 0.038313735 
551 592 27 39 0.038161382 
950 491 26 35 0.03787359 
739 566 32 45 0.03685524 
21 559 13 20 0.035603847 
282 546 26 35 0.035595108 
60 465 14 17 0.035270482 
13 529 16 23 0.03522286 
25 492 10 13 0.03517567 
2 544 13 16 0.034741245 
968 414 48 66 0.034661166 
404 378 33 40 0.034573883 
811 501 101 115 0.034357462 
976 495 44 74 0.034273565 
81 479 25 28 0.03404241 
64 449 13 17 0.03327698 
743 482 34 53 0.033223577 
172 500 28 37 0.033157356 
183 605 71 57 0.033096764 
98 505 15 20 0.03264644 
851 461 35 35 0.032574233 
251 544 46 53 0.031755887 
961 492 24 33 0.031545945 
86 557 16 19 0.03127287 
314 177 17 17 0.03124485 
152 441 17 21 0.031093555 
86 553 27 34 0.030979808 
356 644 18 21 0.030608278 
529 268 37 49 0.030208582 
460 384 32 35 0.029945962 
210 404 28 35 0.029796466 
544 237 43 56 0.029765025 
60 474 14 16 0.029645493 
69 563 13 18 0.029323 
150 457 91 115 0.02931585 
900 487 17 21 0.029173004 
113 490 21 27 0.028985536 
748 529 58 81 0.028961904 
929 444 27 31 0.028839288 
695 272 31 50 0.02872703 
92 447 171 210 0.028303934 
4 477 11 14 0.027894447 
14 558 13 19 0.027856646 
370 595 16 18 0.027832616 
954 458 74 126 0.027786365 
62 627 44 45 0.027758474 
468 381 48 57 0.027753808 
169 483 46 58 0.027652914 
723 572 35 49 0.027523462 
941 448 10 13 0.027358143 
380 598 14 17 0.027191816 
670 265 28 43 0.027083123 
998 496 20 30 0.027030213 
886 471 26 33 0.026901754 
395 343 28 33 0.026810847 
763 448 32 45 0.026731828 
876 444 18 25 0.026726829 
376 389 31 35 0.026605388 
992 521 32 44 0.026595164 
904 461 25 29 0.026456628 
40 481 11 14 0.026143063 
590 485 40 56 0.026114063 
564 574 37 52 0.025686715 
893 454 46 47 0.025453364 
869 455 18 22 0.025396727 
225 409 18 22 0.02473692 
192 524 95 104 0.024687039 
121 552 33 36 0.024607228 
95 586 26 32 0.024504593 
287 377 38 49 0.02444811 
33 447 10 13 0.02436982 
30 501 12 16 0.024278132 
681 602 12 16 0.024150204 
706 275 14 19 0.024085848 
738 441 28 40 0.024044152 
94 477 24 28 0.023879362 
138 563 26 32 0.023796394 
940 452 14 18 0.023683714 
730 390 15 19 0.023581192 
403 556 16 20 0.023533836 
912 482 31 35 0.0231389 
4 513 14 21 0.023093285 
47 492 13 17 0.022883827 
94 525 14 21 0.0228067 
30 485 10 14 0.022761192 
728 549 28 43 0.022744806 
312 549 26 35 0.022534126 
920 444 44 51 0.022474924 
922 474 28 34 0.02245484 
54 480 21 25 0.022426717 
161 391 28 33 0.022369854 
935 446 13 16 0.02227393 
91 526 51 67 0.02204523 
730 454 29 40 0.021925932 
748 432 27 42 0.02155295 
30 476 11 14 0.02143246 
125 498 22 30 0.02139466 
401 559 24 34 0.02133698 
740 585 33 56 0.02121771 
854 490 36 49 0.021064915 
583 400 30 41 0.020923106 
456 101 12 16 0.02091864 
955 477 15 18 0.020798448 
15 537 20 31 0.020493971 
17 465 19 24 0.02044667 
499 597 28 48 0.020247368 
11 557 21 31 0.020133397 
298 253 19 22 0.020108253 
