21_Festival_Festival_21_585
359
121 332 23 30 0.9715622 
26 258 14 18 0.88088816 
255 338 19 23 0.8429782 
58 349 19 24 0.8028733 
181 337 21 26 0.79460377 
201 317 15 21 0.7445257 
214 290 14 18 0.73917186 
116 285 14 17 0.7367597 
22 236 11 15 0.7327722 
309 325 14 19 0.6357599 
292 243 13 17 0.58674204 
198 244 12 16 0.570678 
79 285 11 15 0.52568626 
124 304 16 20 0.52304465 
17 302 14 16 0.47393766 
20 354 17 21 0.47323307 
52 206 8 11 0.45601183 
251 307 17 19 0.4011775 
32 208 10 12 0.3485955 
59 257 14 16 0.34198725 
67 229 10 13 0.31869215 
19 326 18 22 0.30817324 
7 207 10 14 0.29963088 
52 235 11 15 0.27736455 
111 238 10 11 0.27037185 
132 281 14 17 0.25091824 
288 531 14 16 0.2432239 
267 261 12 15 0.23512639 
182 255 10 13 0.22181194 
71 200 9 11 0.21888424 
93 198 8 10 0.21367916 
0 346 12 21 0.18633541 
95 257 12 15 0.18178035 
47 289 13 16 0.18025364 
566 54 35 35 0.17996417 
198 192 7 10 0.16539732 
366 521 11 15 0.16216446 
49 231 10 13 0.15669596 
251 277 12 15 0.15407915 
79 220 10 12 0.14353274 
324 531 9 13 0.1429109 
153 195 9 11 0.13574056 
175 191 8 10 0.13406047 
158 240 9 12 0.13114452 
129 205 8 10 0.12241833 
161 176 8 10 0.118332386 
102 212 9 12 0.11689027 
121 165 9 11 0.11625713 
76 280 12 15 0.11619101 
53 285 12 16 0.11339678 
594 57 29 33 0.110682644 
117 198 8 10 0.10615165 
61 276 12 16 0.10315378 
100 255 12 14 0.1002125 
353 509 10 12 0.09827826 
119 192 8 10 0.09764128 
127 175 9 10 0.096390665 
505 494 9 12 0.09523878 
79 243 11 13 0.09357494 
231 250 12 15 0.09210306 
142 262 11 13 0.091300406 
270 526 12 15 0.08996741 
124 283 13 17 0.088487975 
561 551 8 9 0.08652791 
347 493 11 13 0.08439289 
20 461 15 18 0.084338404 
217 245 10 13 0.08185625 
61 182 8 11 0.08035476 
263 232 9 11 0.07822433 
70 276 11 15 0.07590477 
1 349 18 29 0.07581059 
810 421 73 105 0.07496189 
550 560 7 9 0.07320279 
53 355 25 31 0.07118885 
156 192 9 11 0.069682136 
80 215 11 13 0.068286754 
369 62 23 38 0.06626534 
62 234 12 14 0.0660206 
249 415 17 20 0.065992616 
168 254 9 12 0.064919196 
341 519 10 13 0.064689256 
207 371 15 18 0.06391264 
192 322 22 26 0.06379302 
442 542 11 15 0.06375939 
165 175 9 11 0.06348716 
192 343 17 20 0.0631109 
84 214 11 12 0.061519578 
176 254 10 13 0.060789596 
192 402 24 32 0.06028254 
253 272 10 12 0.060100388 
498 180 10 13 0.059214696 
565 540 10 12 0.059058685 
190 168 9 10 0.059030604 
32 182 8 10 0.058917157 
264 254 9 13 0.058764476 
248 271 10 12 0.058698222 
499 444 11 13 0.058202084 
166 181 8 10 0.056710035 
73 169 8 10 0.056579165 
182 183 8 10 0.05649517 
264 265 12 15 0.056269456 
194 195 9 11 0.05604274 
-1 396 12 22 0.055645455 
233 497 13 17 0.054525897 
160 214 8 10 0.05448044 
77 205 10 11 0.05377892 
190 316 17 20 0.05320513 
206 183 8 9 0.05251392 
128 180 8 12 0.05202598 
78 168 9 10 0.051796135 
301 510 11 14 0.05146488 
175 230 10 12 0.05115196 
358 517 13 15 0.051065426 
559 52 27 30 0.05094449 
87 206 9 11 0.05064538 
64 224 10 12 0.0505558 
429 534 10 12 0.04989645 
251 317 18 21 0.049762197 
0 282 11 18 0.04953788 
269 306 14 17 0.049249962 
232 239 10 12 0.04918699 
68 234 11 14 0.04895608 
153 238 9 11 0.04537362 
143 466 33 34 0.045184415 
61 267 13 17 0.045094963 
78 313 15 20 0.044727277 
53 211 9 12 0.044350777 
207 176 7 9 0.04408188 
565 558 8 10 0.043971766 
310 526 9 11 0.04382732 
95 230 9 12 0.043462824 
88 168 8 9 0.043355938 
237 247 11 14 0.043191716 
351 515 11 14 0.042865988 
191 174 8 9 0.04258175 
476 535 10 12 0.04232461 
549 566 8 10 0.042115748 
316 282 13 17 0.04141243 
552 533 8 11 0.04140063 
18 315 17 20 0.041058443 
31 196 11 13 0.040478576 
65 197 10 12 0.040163208 
78 295 14 17 0.04000345 
559 50 15 19 0.03997626 
142 247 9 11 0.039840598 
274 550 13 14 0.03955211 
47 223 9 11 0.039478507 
561 542 10 13 0.039416812 
144 181 9 10 0.0392764 
119 288 19 24 0.039159004 
159 365 22 28 0.039154932 
135 200 8 10 0.039098404 
248 590 57 58 0.03905293 
70 224 10 12 0.03846658 
108 252 12 14 0.038325954 
88 260 11 15 0.037891123 
104 245 11 13 0.037673444 
333 544 10 12 0.037594847 
283 402 15 17 0.037357863 
144 164 9 10 0.037344303 
201 182 7 9 0.037280113 
87 173 9 11 0.037120726 
408 -20 367 430 0.03698328 
110 278 16 19 0.036874704 
93 415 17 24 0.03676562 
464 510 11 12 0.036635634 
196 310 16 21 0.036344443 
76 200 8 11 0.03561391 
176 184 9 10 0.035522975 
144 237 8 10 0.035188723 
232 183 9 10 0.034937534 
55 313 14 20 0.03464965 
53 201 10 11 0.034267638 
545 575 8 9 0.034260098 
111 150 8 11 0.034206726 
360 74 40 58 0.034157325 
336 523 12 14 0.034092017 
15 243 12 16 0.033931505 
289 241 11 14 0.03382751 
113 206 8 10 0.03333601 
95 205 8 11 0.032892592 
435 508 12 14 0.032865454 
561 567 9 13 0.032841854 
176 338 17 20 0.032814294 
97 213 10 12 0.032720868 
574 567 8 10 0.03238691 
217 296 14 17 0.032332044 
191 239 13 16 0.032114055 
238 175 8 10 0.03192462 
24 195 9 12 0.031878144 
359 517 20 24 0.031635195 
105 238 10 12 0.031474326 
37 182 9 10 0.031422004 
449 517 10 12 0.03140479 
541 550 8 9 0.03127544 
560 518 7 10 0.03112925 
60 309 14 17 0.030581266 
278 238 10 12 0.030516764 
151 182 7 9 0.03035443 
110 267 12 14 0.030160675 
205 344 16 21 0.030146645 
127 278 13 17 0.030110925 
62 189 8 11 0.029985325 
170 191 8 10 0.029879788 
9 355 27 31 0.029742096 
310 386 16 18 0.029562674 
153 244 10 13 0.029400602 
574 36 29 37 0.029338427 
578 59 34 39 0.02933137 
266 331 17 21 0.029102739 
212 460 12 16 0.029038088 
130 288 16 20 0.028928364 
34 211 11 13 0.028884754 
100 264 14 16 0.028873982 
246 245 11 14 0.028852997 
121 172 9 11 0.028609782 
12 251 12 16 0.02852009 
190 250 11 15 0.028283222 
119 244 10 13 0.028117107 
3 277 12 16 0.027872564 
348 501 13 15 0.027806073 
286 549 14 16 0.027795753 
447 509 11 14 0.027484898 
429 192 12 15 0.027434694 
186 167 8 11 0.027345601 
760 98 32 43 0.027276102 
117 310 16 21 0.02721649 
48 201 9 11 0.027170286 
437 494 10 12 0.027115632 
69 300 12 15 0.026962189 
25 182 9 11 0.026943766 
222 250 11 14 0.026935829 
273 301 15 18 0.026882775 
454 510 10 12 0.02680882 
44 471 22 27 0.026732262 
142 199 8 10 0.026694054 
53 297 12 16 0.02669329 
40 289 13 17 0.026672626 
199 231 10 12 0.02662803 
200 176 8 10 0.026619345 
298 245 12 14 0.02653736 
62 223 18 23 0.026504135 
117 298 17 21 0.0264096 
270 295 11 15 0.026402 
88 191 8 11 0.026258666 
143 176 9 11 0.02621134 
269 322 15 19 0.026195133 
121 467 34 39 0.026148066 
542 544 8 11 0.026082432 
520 446 9 11 0.026079345 
65 311 20 26 0.02595698 
323 282 11 14 0.025895426 
48 241 12 15 0.025887752 
895 101 13 16 0.025843047 
94 160 9 11 0.025808232 
183 247 10 13 0.025742304 
89 254 10 14 0.02559487 
305 525 10 12 0.025329065 
311 279 13 17 0.025298662 
583 509 8 10 0.02514539 
138 261 10 13 0.02512513 
319 263 10 12 0.025006855 
147 301 16 20 0.024957096 
220 371 18 22 0.0249245 
516 460 11 17 0.024865 
102 230 10 12 0.024822293 
209 373 21 26 0.024743376 
2 210 9 13 0.024675993 
551 271 15 21 0.0246533 
550 582 8 11 0.024536358 
48 226 17 22 0.024313856 
175 195 8 11 0.02425722 
111 174 7 9 0.024221368 
152 176 8 10 0.024119727 
404 175 23 27 0.02410429 
233 175 8 9 0.023996621 
68 254 12 15 0.023990635 
159 251 10 13 0.023955328 
63 214 9 11 0.023950743 
264 341 17 21 0.02387428 
161 158 8 11 0.023834646 
181 190 8 11 0.023786606 
72 243 12 14 0.023744842 
568 520 8 10 0.023696035 
302 327 24 31 0.02366109 
15 189 9 12 0.023518791 
274 338 14 19 0.02335573 
239 229 11 13 0.023274055 
134 175 8 11 0.023173371 
30 217 12 15 0.02311744 
94 166 9 10 0.022950355 
447 501 11 13 0.022922497 
168 166 8 9 0.022901937 
45 297 14 17 0.022871865 
115 239 10 11 0.02284992 
553 529 6 8 0.022775186 
22 223 10 13 0.022754261 
527 520 8 10 0.02265458 
110 335 27 33 0.022645632 
472 540 10 12 0.022621725 
216 173 8 10 0.022573326 
608 59 20 27 0.02256623 
542 525 8 10 0.022416113 
239 182 8 10 0.022376152 
277 253 10 13 0.022358129 
247 337 17 23 0.022342974 
566 566 9 12 0.022330357 
412 526 10 13 0.022313392 
55 265 13 17 0.022311792 
25 241 14 16 0.022273732 
198 159 9 10 0.022073286 
561 535 8 11 0.02200572 
601 41 26 38 0.022001833 
127 462 14 20 0.02194869 
319 269 10 11 0.021883408 
512 526 8 10 0.02183632 
309 541 10 13 0.021793777 
438 476 14 17 0.021716041 
271 199 7 10 0.021694565 
8 244 12 16 0.021670654 
7 238 10 12 0.021631928 
477 190 14 18 0.021566387 
96 143 8 11 0.021474184 
120 252 10 13 0.021411058 
17 230 10 13 0.021380587 
438 502 10 13 0.021377373 
450 136 9 11 0.021327145 
350 525 13 15 0.021321492 
121 183 8 10 0.021276258 
165 215 8 10 0.021140048 
545 568 8 10 0.021034762 
46 189 9 11 0.020950906 
36 189 10 14 0.020871399 
125 189 9 11 0.02085993 
138 304 19 26 0.020859437 
215 184 8 10 0.02084859 
354 528 17 18 0.02083587 
148 472 19 22 0.020832345 
248 268 21 25 0.020824 
413 532 10 13 0.020745946 
39 229 10 13 0.020652538 
48 200 17 23 0.020613099 
166 160 9 10 0.02058697 
174 175 9 10 0.020580275 
86 265 11 15 0.020559672 
60 242 12 15 0.020504963 
55 157 9 11 0.020489167 
149 159 9 11 0.020450864 
158 261 10 12 0.020406524 
223 174 8 10 0.02031924 
334 531 10 14 0.020314865 
469 502 11 13 0.020254588 
234 388 16 19 0.020251742 
259 302 15 17 0.020221928 
255 251 10 14 0.020218764 
818 403 56 75 0.020160684 
409 3 27 28 0.020152507 
70 213 10 11 0.020099793 
319 526 18 23 0.020020088 
