21_Festival_Festival_21_378
678
637 242 19 23 0.9214996 
742 214 13 14 0.8853656 
47 214 9 11 0.87432444 
914 230 10 13 0.84444034 
908 275 16 21 0.8309092 
716 217 13 15 0.8197623 
969 216 10 12 0.8023811 
335 207 8 10 0.76137877 
821 221 10 13 0.73641455 
191 212 10 12 0.72216034 
618 237 15 19 0.6665662 
365 216 9 12 0.55631196 
91 270 12 15 0.5429389 
948 222 9 12 0.5374838 
446 212 10 12 0.52049744 
681 226 12 15 0.51889485 
62 207 8 10 0.50966924 
284 206 9 12 0.49228272 
85 213 8 10 0.48891988 
399 213 14 16 0.48714447 
209 204 8 10 0.48653612 
172 213 9 12 0.4857454 
858 221 9 11 0.48057985 
780 215 11 12 0.42643937 
118 207 8 10 0.42641866 
896 223 10 12 0.4039227 
522 219 9 12 0.3913684 
597 223 8 11 0.38374177 
480 216 9 11 0.3677254 
875 224 11 12 0.3635419 
120 228 9 12 0.34543213 
137 241 10 13 0.34381413 
764 289 11 14 0.33778846 
839 225 8 10 0.32973883 
80 212 9 11 0.31817245 
864 247 8 11 0.314727 
968 238 10 12 0.31208792 
377 208 9 11 0.30881587 
424 278 8 11 0.29931456 
273 214 9 11 0.2973894 
547 228 8 12 0.29386318 
258 216 8 10 0.28465772 
258 220 9 12 0.28045344 
287 212 9 11 0.27895564 
234 222 9 13 0.26760828 
30 209 10 12 0.2665684 
838 274 11 13 0.26251137 
125 229 9 12 0.25898394 
693 211 10 14 0.25521034 
352 215 8 10 0.24841963 
544 222 8 11 0.24070014 
309 263 8 12 0.23893201 
628 216 10 13 0.23286249 
302 208 8 10 0.21995144 
457 502 141 97 0.2091475 
118 254 10 12 0.20900767 
381 213 9 12 0.20576802 
869 246 10 12 0.19825548 
304 215 8 9 0.1971972 
114 208 7 9 0.19099185 
501 238 9 11 0.18974724 
542 215 8 10 0.18923226 
137 208 8 10 0.18768632 
465 221 8 10 0.18690921 
996 234 10 14 0.18004933 
898 237 10 13 0.17958759 
799 223 9 11 0.17853034 
899 270 16 21 0.17801301 
414 269 8 12 0.17745858 
137 213 9 10 0.17029701 
60 286 10 13 0.16292794 
142 214 9 11 0.1597502 
432 213 9 10 0.15865155 
478 309 10 12 0.15792963 
725 220 9 13 0.15673396 
810 306 9 12 0.15610373 
821 240 8 10 0.15040366 
153 208 7 8 0.14958626 
7 182 9 11 0.14659654 
487 216 8 10 0.1430287 
486 304 10 12 0.14290357 
256 206 8 9 0.14242369 
494 214 8 10 0.13648933 
172 208 10 12 0.1363557 
96 207 8 10 0.13597187 
351 208 8 9 0.13540706 
647 223 11 13 0.1351987 
281 201 9 11 0.13403405 
984 231 11 13 0.13336964 
669 231 10 13 0.13063315 
225 208 8 9 0.13055584 
729 246 8 11 0.13029696 
357 245 10 12 0.13011804 
424 220 8 10 0.12881102 
342 207 7 9 0.12767515 
583 216 8 11 0.12728614 
153 231 8 11 0.12684098 
423 215 8 10 0.12392927 
825 295 10 12 0.123589516 
861 217 9 11 0.12261978 
77 303 11 12 0.12099165 
383 219 9 12 0.12032936 
561 224 8 11 0.11898742 
538 214 7 10 0.11673336 
807 228 8 10 0.11533629 
330 207 8 10 0.11262068 
990 231 12 15 0.1121015 
430 271 8 12 0.11021215 
72 239 9 12 0.110176474 
669 248 9 12 0.10850207 
827 312 12 13 0.1066656 
360 207 8 9 0.106518365 
141 208 8 10 0.10647119 
118 248 8 10 0.10641953 
441 213 9 11 0.10610915 
464 217 8 9 0.10606799 
569 307 9 11 0.10553418 
464 252 8 11 0.10535985 
502 268 8 11 0.104619324 
880 250 11 14 0.10372094 
425 284 9 12 0.10299935 
832 246 8 10 0.102572024 
480 519 82 56 0.10255986 
157 208 8 9 0.101597495 
767 310 11 14 0.099421404 
0 222 9 12 0.098493144 
426 292 9 12 0.09607633 
847 293 10 11 0.09590974 
458 268 11 14 0.09587467 
804 245 9 12 0.09439219 
502 233 8 10 0.09420663 
208 275 8 11 0.09405304 
213 205 8 9 0.093231626 
429 294 10 12 0.09220938 
318 207 8 9 0.091791935 
373 237 10 13 0.09093316 
567 224 8 10 0.09006197 
759 221 9 11 0.08964088 
198 236 9 11 0.089019164 
727 262 9 11 0.08896347 
509 222 8 10 0.08758577 
469 222 8 9 0.08678502 
57 208 8 10 0.08668184 
1012 260 10 16 0.0859482 
502 278 9 12 0.08587612 
174 222 8 9 0.08566452 
941 253 14 20 0.08519997 
313 207 8 10 0.0850496 
895 253 10 14 0.084761456 
524 216 8 10 0.08213156 
230 207 8 9 0.08205797 
374 233 9 11 0.08172203 
353 219 9 12 0.08169015 
505 215 8 10 0.07985441 
263 198 9 11 0.07949277 
964 258 17 19 0.07822644 
928 231 10 12 0.078114465 
2 195 9 13 0.07799819 
377 187 10 12 0.07794815 
886 310 13 17 0.07712314 
237 228 9 13 0.07608554 
761 246 8 10 0.0757921 
165 248 8 10 0.07564788 
404 208 12 15 0.07460662 
1000 326 10 13 0.07430666 
392 214 10 12 0.07332255 
70 281 9 11 0.07309627 
752 302 10 12 0.072799474 
452 208 9 12 0.07227639 
581 236 9 9 0.07120451 
429 300 10 12 0.07104358 
409 265 9 11 0.07047457 
1014 235 9 13 0.07039204 
688 213 10 13 0.07036402 
359 239 9 11 0.06909587 
411 287 7 9 0.06891803 
297 205 9 12 0.06877596 
162 247 8 9 0.068039 
509 215 8 9 0.06800531 
997 252 10 13 0.06779221 
239 236 8 11 0.06751786 
848 287 9 11 0.06741097 
424 273 10 12 0.067403995 
801 240 9 11 0.06706724 
166 262 7 10 0.066801384 
565 229 8 11 0.066356376 
576 223 7 9 0.06586321 
853 261 8 11 0.06584141 
564 294 9 12 0.06543868 
839 293 12 12 0.06488325 
143 219 9 11 0.06442933 
154 238 8 9 0.06363175 
103 209 7 9 0.06336319 
73 213 9 10 0.06317048 
392 254 8 11 0.06306813 
469 254 8 10 0.06277757 
858 246 9 11 0.06255867 
146 191 7 9 0.06252643 
361 219 10 12 0.06252554 
86 238 9 11 0.06237575 
237 216 9 11 0.061944224 
78 254 9 11 0.061383206 
194 239 8 10 0.061344557 
662 223 9 11 0.061213773 
231 215 9 10 0.060641862 
312 230 9 11 0.060546994 
225 213 9 10 0.060325354 
880 288 9 10 0.060204767 
150 214 7 9 0.059845246 
968 232 9 11 0.059592724 
756 303 10 13 0.059339315 
808 280 10 14 0.059187226 
4 190 10 13 0.058871172 
277 212 11 13 0.058330934 
249 201 8 10 0.058118936 
118 211 8 10 0.058060937 
696 247 8 11 0.057783853 
840 284 10 12 0.05745144 
970 242 12 14 0.057274852 
506 308 10 14 0.05700392 
503 244 8 10 0.05690965 
175 230 7 9 0.0569001 
816 229 8 10 0.056838084 
238 206 7 9 0.056433488 
560 278 8 10 0.056382246 
31 255 9 11 0.05617379 
127 207 8 10 0.056172855 
467 325 10 14 0.056123577 
594 228 10 11 0.05597098 
839 237 8 11 0.055666655 
536 209 8 10 0.055349734 
320 214 8 9 0.054839645 
114 253 8 10 0.05478188 
196 208 9 10 0.054633398 
889 304 11 13 0.05429414 
304 246 8 11 0.053878795 
835 229 9 11 0.05373109 
933 234 12 15 0.053728737 
113 223 9 11 0.053662635 
828 299 10 12 0.053486038 
428 276 10 12 0.053440023 
305 267 9 12 0.05335598 
263 192 9 10 0.053214904 
909 258 15 17 0.05311559 
498 270 9 10 0.05303099 
893 301 12 14 0.053006474 
747 218 11 14 0.052928317 
289 220 9 11 0.05240518 
305 220 8 10 0.052390408 
41 277 9 11 0.052350912 
27 207 8 11 0.05223997 
849 262 8 11 0.052034464 
106 296 8 11 0.051870417 
942 235 13 16 0.051695865 
733 278 12 16 0.0515085 
567 239 8 10 0.051335547 
534 296 8 10 0.05087166 
567 246 8 10 0.050585594 
320 237 8 10 0.050422832 
87 209 8 10 0.05040599 
702 229 9 11 0.050296444 
221 238 8 10 0.05026993 
174 199 8 10 0.050216343 
309 248 9 12 0.050147027 
335 202 7 9 0.05006625 
328 202 8 9 0.049712755 
418 278 8 11 0.049569674 
846 222 8 10 0.04954761 
86 220 9 11 0.049337216 
856 227 10 11 0.049123827 
1014 334 8 13 0.049032077 
578 231 8 10 0.048849948 
110 300 7 10 0.0488075 
109 295 9 11 0.048653558 
113 248 8 10 0.04845657 
896 281 13 16 0.04842513 
950 218 9 11 0.04813613 
992 262 12 16 0.048103776 
88 245 10 11 0.048102528 
901 243 10 12 0.04801522 
234 237 8 10 0.047952347 
318 201 8 10 0.04793003 
62 211 9 11 0.047850363 
169 232 7 9 0.04783518 
970 262 17 21 0.04777714 
368 253 10 12 0.047767647 
55 261 9 11 0.047666557 
112 212 9 10 0.04726498 
456 263 11 13 0.047223575 
550 237 9 11 0.047164995 
792 285 9 12 0.04712252 
509 303 9 11 0.04702409 
310 214 8 10 0.046914387 
914 339 15 19 0.04689265 
21 286 7 9 0.04663577 
790 303 10 13 0.046371624 
529 310 8 10 0.046331294 
190 246 8 11 0.04611332 
96 212 8 9 0.045639805 
621 233 11 13 0.045613553 
63 268 9 12 0.045612924 
792 231 9 10 0.045593817 
105 301 9 10 0.04541505 
948 226 11 14 0.045349423 
294 239 8 11 0.045336604 
115 228 9 12 0.04518676 
925 257 13 18 0.04472868 
526 271 8 10 0.044544946 
429 315 10 13 0.044348374 
945 217 8 11 0.04397126 
640 229 11 13 0.04390994 
855 253 9 12 0.043603502 
980 260 11 16 0.043599922 
423 252 9 11 0.043586504 
415 207 9 11 0.04328676 
413 549 31 34 0.04313839 
542 534 35 33 0.04312707 
368 245 9 11 0.042937305 
577 216 8 10 0.04269512 
262 206 8 10 0.042531688 
503 209 9 10 0.042447764 
76 295 10 12 0.04235604 
56 277 9 11 0.042031217 
112 199 7 9 0.041803796 
795 221 8 11 0.04164026 
80 200 7 8 0.041419003 
1007 235 10 13 0.041216683 
159 212 8 10 0.0407063 
45 209 19 23 0.04069513 
191 263 7 9 0.04055322 
830 215 8 11 0.04046181 
93 246 9 11 0.04043024 
1007 266 11 14 0.040390715 
498 233 8 10 0.040214293 
141 233 9 10 0.04010562 
71 208 8 9 0.039959077 
704 223 9 12 0.03984049 
380 184 10 12 0.039659575 
653 223 11 13 0.039593067 
782 230 9 11 0.03957842 
41 199 7 9 0.039392814 
832 222 8 11 0.03934357 
271 208 8 10 0.039196357 
397 254 8 10 0.038926717 
231 200 9 10 0.038886428 
960 254 12 17 0.038601145 
911 226 17 22 0.038423147 
878 238 9 11 0.038367964 
165 253 7 10 0.038236834 
414 199 9 10 0.03803867 
472 217 8 9 0.037845965 
574 304 9 11 0.037595626 
414 285 9 11 0.037563927 
852 285 10 11 0.037553277 
158 239 7 8 0.037529603 
129 237 9 11 0.037527032 
845 277 10 13 0.03723314 
72 332 14 16 0.03699876 
679 216 10 12 0.036907896 
328 213 8 9 0.036721483 
193 200 8 9 0.03671024 
934 250 14 19 0.036417488 
345 240 7 10 0.03634886 
392 196 10 12 0.03630129 
1013 254 11 16 0.036296953 
224 232 7 10 0.036274802 
550 224 8 11 0.03616996 
495 246 9 11 0.036155775 
157 230 8 11 0.03615368 
832 252 9 11 0.035895124 
423 209 8 10 0.035810057 
248 237 8 11 0.035781067 
510 209 8 10 0.03573 
302 283 8 11 0.035685427 
617 233 10 11 0.035608146 
792 279 9 13 0.035596006 
96 201 8 9 0.035490476 
61 223 9 11 0.035375793 
121 305 7 8 0.035281826 
966 212 17 21 0.035242233 
327 263 12 14 0.034792148 
85 231 10 12 0.03472053 
512 240 9 10 0.034624577 
889 223 9 12 0.034481667 
844 269 9 12 0.034373343 
318 232 8 10 0.034328457 
151 199 8 9 0.03425587 
230 279 9 12 0.03425345 
665 234 11 13 0.03418225 
456 252 10 12 0.034180615 
974 231 9 12 0.03412005 
559 216 8 9 0.03392282 
733 247 9 11 0.033838097 
495 209 9 10 0.03383705 
895 258 12 17 0.03364957 
184 264 8 10 0.03325056 
960 244 10 13 0.033177413 
870 241 10 11 0.03316411 
191 254 7 10 0.033163615 
199 289 7 9 0.03315801 
255 236 12 14 0.03304538 
402 308 9 12 0.033038553 
833 240 8 10 0.033031188 
489 252 9 11 0.032923147 
447 218 9 11 0.03291503 
365 208 9 10 0.03282348 
55 271 10 12 0.03266449 
39 248 8 10 0.032571897 
349 200 9 11 0.032519057 
53 213 9 11 0.032446522 
551 542 40 31 0.032422654 
104 199 7 9 0.032409824 
150 222 8 11 0.03224386 
435 460 242 212 0.03223927 
902 217 8 11 0.032200936 
326 246 9 10 0.031853054 
62 262 9 11 0.03171678 
792 236 8 11 0.0316353 
85 306 10 11 0.03161071 
16 198 8 10 0.031477686 
936 223 9 11 0.031448886 
545 236 9 11 0.031316392 
247 232 8 11 0.03129982 
783 210 9 12 0.03126337 
729 252 10 13 0.03125814 
911 215 10 11 0.031079162 
391 247 8 11 0.031064952 
785 303 10 14 0.030935362 
535 301 7 10 0.030880343 
289 238 9 11 0.030804727 
464 318 11 14 0.030797755 
288 519 46 37 0.030639926 
375 199 11 13 0.030570615 
900 251 13 16 0.030566249 
684 233 11 14 0.03053004 
479 209 9 11 0.030386554 
294 216 8 10 0.030334748 
727 241 8 10 0.030206654 
760 240 9 11 0.030154789 
391 238 8 10 0.03014572 
22 224 10 12 0.030144135 
63 201 8 10 0.030108621 
162 263 8 10 0.030092012 
534 311 8 10 0.029905777 
255 227 12 14 0.029859517 
885 287 9 12 0.029795084 
718 223 12 16 0.029638473 
991 252 11 14 0.02947766 
113 262 9 11 0.029441565 
552 313 8 11 0.029382322 
128 305 7 9 0.029343242 
357 250 11 14 0.029239787 
578 237 8 10 0.029132226 
1006 332 10 13 0.02908968 
472 262 8 10 0.028948804 
41 214 9 11 0.028832842 
544 313 8 10 0.028765583 
940 242 14 19 0.028729936 
26 165 8 10 0.028723275 
239 201 8 9 0.02871612 
909 321 11 15 0.02867492 
369 232 7 9 0.02864808 
719 238 8 10 0.028602786 
128 214 8 9 0.02850628 
799 217 8 10 0.02843963 
153 245 8 11 0.028431712 
13 176 8 10 0.028367065 
362 211 17 22 0.028357452 
582 302 8 10 0.028351732 
23 192 8 10 0.028350491 
210 296 8 10 0.028264683 
513 294 8 10 0.028257154 
498 284 8 11 0.028162232 
120 201 7 9 0.028071027 
834 276 10 13 0.028070807 
887 238 9 11 0.028063172 
281 231 9 11 0.02799564 
624 212 18 22 0.027977388 
758 307 12 15 0.027897025 
499 263 8 11 0.027895069 
137 220 9 11 0.027811399 
848 216 8 11 0.027748184 
898 298 15 18 0.02772392 
624 209 9 10 0.027673282 
409 199 8 10 0.027544497 
343 191 9 10 0.027538264 
505 304 10 12 0.027432285 
460 143 108 135 0.027426908 
621 249 11 14 0.027378062 
939 296 17 20 0.027325697 
872 294 8 11 0.027312843 
821 244 9 11 0.027311835 
991 224 9 11 0.027297562 
46 255 10 12 0.027069164 
791 206 8 11 0.027001375 
870 260 11 13 0.026888251 
895 294 12 14 0.026869753 
343 213 8 10 0.026869524 
173 191 8 9 0.02672824 
462 299 11 15 0.026674164 
426 310 11 13 0.026433324 
887 212 10 12 0.026371771 
111 287 9 11 0.026370145 
345 200 7 10 0.02632498 
536 198 8 10 0.026251351 
831 208 9 11 0.02623654 
62 280 10 12 0.026204774 
818 217 10 12 0.026202215 
695 252 8 12 0.026172189 
353 246 9 11 0.02610591 
159 223 7 10 0.026026824 
398 262 8 11 0.026012087 
913 270 16 20 0.025940921 
701 238 9 12 0.025933847 
78 246 8 10 0.02584391 
313 200 9 11 0.025801806 
226 278 9 10 0.025787191 
995 242 13 16 0.025732892 
463 311 9 12 0.025665017 
287 231 9 10 0.025646722 
727 226 9 13 0.025645912 
490 526 43 39 0.02560292 
900 260 13 18 0.025581874 
134 234 17 23 0.025580779 
457 247 10 12 0.025565054 
790 215 9 11 0.025452536 
111 268 9 11 0.02542836 
526 228 9 11 0.025349978 
864 240 9 10 0.025333798 
127 200 8 10 0.025322838 
254 209 18 24 0.025317451 
359 231 9 10 0.025123576 
991 247 21 27 0.025005236 
850 256 8 11 0.024999637 
158 200 8 9 0.0249408 
478 316 10 13 0.024837142 
46 199 8 10 0.024736589 
743 300 11 15 0.024725871 
880 310 12 16 0.024661902 
78 237 10 12 0.024638012 
87 199 7 9 0.024631348 
528 303 9 11 0.024617245 
984 228 20 26 0.024580901 
294 232 8 10 0.024457823 
430 220 9 12 0.024455884 
56 191 7 10 0.024410756 
169 184 8 10 0.024396632 
188 208 19 23 0.024378825 
208 262 8 10 0.024356702 
134 201 19 25 0.024348944 
170 220 9 11 0.024229225 
947 295 13 18 0.024199434 
960 221 9 12 0.023946805 
509 316 10 11 0.023946544 
776 230 10 11 0.023872858 
599 237 8 10 0.023871748 
331 201 18 24 0.023820212 
818 253 9 12 0.023775706 
210 301 9 11 0.023723133 
561 238 8 11 0.0236743 
901 289 13 17 0.02365755 
839 310 11 14 0.023652732 
134 305 8 9 0.023595208 
128 189 8 10 0.023590256 
736 220 10 12 0.023527082 
750 238 9 11 0.023524497 
749 276 12 15 0.02343947 
757 252 12 16 0.02342797 
194 233 9 10 0.023381358 
22 197 8 9 0.023341468 
797 303 9 11 0.023336714 
519 208 9 10 0.023277026 
9 177 9 12 0.023227392 
76 285 9 12 0.0232054 
443 204 18 21 0.023178771 
639 222 10 13 0.023134287 
160 278 9 10 0.023077382 
124 255 10 12 0.023068182 
206 223 9 10 0.023032993 
334 268 12 14 0.022998061 
807 217 8 10 0.022969099 
584 208 8 11 0.0229447 
200 191 8 10 0.022927944 
112 192 8 10 0.022916218 
185 254 8 9 0.022838099 
150 191 8 9 0.022728665 
878 216 9 11 0.022643778 
702 212 10 13 0.022580653 
136 201 7 9 0.022566874 
431 254 9 11 0.022553308 
135 233 9 10 0.022549354 
789 254 9 12 0.022541711 
273 181 10 12 0.022480126 
390 271 8 11 0.022479508 
462 208 9 11 0.0224687 
415 213 9 11 0.022442447 
397 198 10 10 0.022435682 
215 289 8 9 0.022434305 
898 278 22 26 0.022423089 
423 262 10 13 0.022368748 
144 198 8 10 0.022353526 
687 245 11 13 0.022324078 
1007 222 9 12 0.02229025 
393 260 8 11 0.022238303 
560 273 7 10 0.022185598 
886 292 10 13 0.022169318 
103 278 8 10 0.022150276 
771 286 10 14 0.022114804 
432 263 9 11 0.022104666 
766 301 11 13 0.022018138 
533 254 9 11 0.021968724 
672 222 10 13 0.021935795 
103 253 9 10 0.02186578 
720 246 9 11 0.02167184 
408 292 9 12 0.021670554 
776 210 18 22 0.021639155 
399 302 11 14 0.021635182 
161 121 382 423 0.021626096 
279 201 17 21 0.02159601 
45 273 11 13 0.021553578 
741 246 10 11 0.02155073 
895 216 11 13 0.021530677 
862 228 9 12 0.021528477 
384 246 9 11 0.021509089 
95 253 9 11 0.021503456 
217 232 8 10 0.02149982 
351 209 20 26 0.021437362 
102 320 11 12 0.02143711 
305 229 8 11 0.02142599 
551 303 8 10 0.02138398 
102 230 8 11 0.02128389 
391 208 10 12 0.021278968 
1007 254 12 16 0.02125227 
325 239 9 10 0.021166902 
97 190 7 9 0.021152247 
687 252 11 13 0.02114419 
342 222 9 12 0.021140818 
72 201 7 8 0.021102969 
509 230 9 10 0.021082714 
494 253 8 10 0.021078238 
93 296 9 10 0.02100624 
120 236 8 11 0.02096388 
552 207 8 10 0.020920968 
914 253 14 17 0.02092086 
79 208 20 24 0.020904975 
269 232 8 10 0.020871399 
104 286 9 11 0.020827154 
270 200 9 10 0.020813264 
518 239 8 10 0.020769205 
996 265 14 16 0.020739611 
210 256 8 10 0.0207368 
120 269 8 10 0.02052842 
488 209 8 10 0.020468554 
839 300 11 13 0.020440504 
4 216 11 12 0.020440122 
280 255 7 10 0.020418184 
944 217 18 22 0.020406809 
231 217 18 24 0.020390024 
748 208 10 12 0.020388877 
22 282 8 10 0.020377016 
38 208 9 10 0.020369275 
241 264 9 12 0.02035362 
152 264 8 10 0.020340035 
268 208 21 25 0.020338472 
791 197 8 11 0.02032956 
398 296 9 11 0.020322144 
278 261 8 11 0.020288954 
192 192 7 9 0.020273311 
72 309 9 11 0.020266358 
545 317 9 10 0.020229574 
734 254 8 11 0.02013734 
696 239 8 11 0.020081976 
384 272 9 12 0.020081602 
25 260 9 12 0.0200695 
559 311 9 11 0.020048495 
167 206 18 23 0.020035004 
409 278 9 12 0.020023778 
328 255 11 12 0.0200028 
