21_Festival_Festival_21_414
200
282 348 28 39 0.7224616 
146 342 22 29 0.6289975 
662 366 122 156 0.45604467 
909 372 25 41 0.38443008 
587 366 61 86 0.33132964 
130 285 16 22 0.30247477 
167 319 24 30 0.2077767 
732 383 53 66 0.20180775 
106 281 16 23 0.17474136 
626 359 107 126 0.14957914 
8 337 16 21 0.14956063 
885 274 50 82 0.13604744 
983 616 36 46 0.13210532 
172 316 16 19 0.1302155 
201 300 27 40 0.1250634 
37 305 16 20 0.12339209 
511 96 47 53 0.11906109 
417 582 80 85 0.118580975 
798 343 9 12 0.117659874 
803 334 8 10 0.11534257 
227 439 40 49 0.110370666 
550 394 38 52 0.108342804 
244 88 47 66 0.103117906 
148 235 17 20 0.1025359 
792 348 9 11 0.09509273 
363 566 103 95 0.091454856 
596 336 60 78 0.0877396 
830 274 49 83 0.083820574 
831 334 9 12 0.08164728 
26 367 14 18 0.08020335 
660 227 57 77 0.07964325 
182 540 112 100 0.07671044 
948 375 52 67 0.07642721 
495 380 26 43 0.07558012 
136 283 18 21 0.07344063 
762 344 8 10 0.07286212 
784 343 8 10 0.070794255 
996 378 13 20 0.06883004 
507 359 49 65 0.06598539 
785 350 9 11 0.06486743 
810 269 79 135 0.061139904 
557 316 103 119 0.060597204 
983 375 22 29 0.059486534 
805 318 8 11 0.058727853 
22 308 15 19 0.058328945 
267 281 53 50 0.05781043 
545 364 59 79 0.056365274 
785 336 8 10 0.05556962 
816 355 12 19 0.055244785 
171 309 14 18 0.054734368 
784 316 10 12 0.0545414 
148 308 17 21 0.053591173 
347 582 67 73 0.052917488 
478 382 9 13 0.052276514 
768 309 9 11 0.05199752 
928 351 83 109 0.05040471 
456 374 9 13 0.04916009 
209 129 11 15 0.048613954 
801 326 10 13 0.048514664 
816 334 9 11 0.048330117 
549 359 31 46 0.04588888 
26 303 21 26 0.045355387 
822 340 9 11 0.045173205 
902 354 42 65 0.044218797 
789 335 8 10 0.04361806 
261 495 90 121 0.042934682 
957 396 14 19 0.042858403 
792 405 11 13 0.04250723 
956 394 56 75 0.042384006 
139 274 18 22 0.04102046 
13 312 15 18 0.041017257 
766 341 9 12 0.040844295 
712 363 83 109 0.040329933 
591 168 127 142 0.039991643 
222 79 82 108 0.03840182 
140 349 25 35 0.037863027 
85 218 16 18 0.03781687 
973 379 15 18 0.03780495 
447 390 9 11 0.037068285 
124 267 24 32 0.036458693 
823 335 9 12 0.03625209 
171 266 16 24 0.03588629 
134 261 25 31 0.03563112 
922 167 19 22 0.035437945 
802 571 113 125 0.035395578 
139 361 16 22 0.03452527 
538 301 22 28 0.034507237 
813 328 10 11 0.03408321 
817 341 10 11 0.03406336 
235 463 83 104 0.033794925 
119 247 25 34 0.03355812 
42 302 21 27 0.03341351 
164 231 13 16 0.033174913 
962 420 30 38 0.032758377 
530 309 16 21 0.032749854 
126 291 17 24 0.03268929 
23 290 10 13 0.032383814 
987 363 11 14 0.031813893 
322 40 26 27 0.0318103 
970 372 28 36 0.031079996 
487 393 12 18 0.031000901 
311 548 96 118 0.030956384 
130 314 15 20 0.03091035 
649 245 45 66 0.03078141 
140 337 19 26 0.030669456 
102 254 27 37 0.030353846 
109 257 15 19 0.030285513 
704 411 95 138 0.030256227 
176 343 24 32 0.02980206 
165 333 16 23 0.029734634 
836 277 28 49 0.029356726 
168 182 10 12 0.029293446 
792 381 10 13 0.029218828 
225 118 10 15 0.029197115 
387 249 27 37 0.029166596 
167 337 25 33 0.02910343 
768 337 9 11 0.029057128 
133 291 21 28 0.02888032 
6 317 12 15 0.028874893 
85 338 15 21 0.028832616 
230 318 14 17 0.02865556 
423 363 11 15 0.028590415 
156 230 16 21 0.02841443 
116 249 15 21 0.028328914 
564 339 13 15 0.028217692 
115 280 20 28 0.02792622 
483 383 26 35 0.027870316 
887 264 88 135 0.027788866 
527 56 11 14 0.027777126 
178 281 15 21 0.027708983 
177 390 44 59 0.027610095 
961 376 26 36 0.027446589 
596 340 97 127 0.0268078 
20 319 17 20 0.026802745 
789 317 9 11 0.026752286 
132 7 381 457 0.02656231 
821 613 75 74 0.026524546 
856 290 61 88 0.02633824 
542 373 34 59 0.026184091 
37 295 13 16 0.026109533 
774 341 9 11 0.025894433 
130 265 15 20 0.025568249 
300 347 25 38 0.025510108 
428 356 10 14 0.02546593 
3 282 14 19 0.025400942 
804 342 8 11 0.025398482 
795 522 51 60 0.025319565 
780 535 105 122 0.024789771 
896 279 30 53 0.024767589 
211 222 16 20 0.024720063 
292 54 15 16 0.024606822 
760 347 9 13 0.024549749 
104 401 49 59 0.024270913 
166 300 13 16 0.024007495 
128 422 25 38 0.023652991 
775 329 8 10 0.023635149 
219 315 14 19 0.02353059 
790 326 10 12 0.023489889 
133 214 12 14 0.02323409 
470 389 13 17 0.0231571 
154 343 25 34 0.022772338 
124 198 10 13 0.022736037 
4 297 15 18 0.022691596 
31 301 13 17 0.022522636 
946 290 14 17 0.02250471 
927 365 50 66 0.022497742 
56 204 28 28 0.022460729 
799 357 9 12 0.022430811 
625 318 182 271 0.02220099 
188 337 24 32 0.02192816 
881 343 47 69 0.021770354 
156 317 25 30 0.021735046 
438 404 11 16 0.02165704 
774 366 9 11 0.02163659 
522 59 11 14 0.021613752 
944 286 11 16 0.021587497 
169 394 30 48 0.021563081 
807 357 10 13 0.02146581 
471 382 21 30 0.021402778 
774 304 8 10 0.021365583 
411 316 25 38 0.021304535 
947 385 26 38 0.021259965 
819 359 13 20 0.02122324 
193 402 54 55 0.021196214 
139 302 20 28 0.021148648 
236 436 64 70 0.021106472 
878 159 15 18 0.021065634 
90 344 15 20 0.02096609 
493 360 30 46 0.020603683 
212 310 28 34 0.02057184 
67 198 14 14 0.020551417 
557 293 12 15 0.020542098 
971 413 32 36 0.020532295 
550 300 52 63 0.020454152 
557 334 29 36 0.020418081 
232 423 33 39 0.020321101 
91 266 28 35 0.020249086 
485 401 12 19 0.020236077 
206 353 14 17 0.020233722 
237 105 34 41 0.020014087 
