21_Festival_Festival_21_562
32
611 121 49 59 0.9938718 
52 241 25 30 0.38530815 
743 235 363 447 0.33131826 
354 281 27 30 0.29510522 
402 272 26 33 0.17759168 
167 129 54 73 0.13644683 
655 336 362 496 0.11100232 
780 315 245 262 0.10175688 
937 252 50 48 0.09771532 
351 291 15 18 0.071529195 
915 225 12 17 0.06855747 
443 349 422 502 0.06560244 
525 205 9 12 0.05170177 
1009 612 9 12 0.050594363 
485 127 8 10 0.04915541 
136 142 30 47 0.044958804 
1002 366 22 45 0.035419136 
410 502 195 266 0.03328781 
210 293 29 44 0.031431902 
96 329 62 60 0.03127442 
846 397 14 16 0.030147048 
178 131 15 18 0.029032795 
1004 341 21 38 0.028249579 
970 242 27 29 0.026737608 
393 278 12 14 0.026015164 
483 140 10 13 0.025929378 
378 284 13 17 0.025437916 
822 395 13 16 0.023191134 
381 609 46 39 0.02297683 
964 251 32 35 0.022533124 
1 337 11 20 0.022060847 
167 100 55 68 0.020585163 
