21_Festival_Festival_21_275
267
999 346 14 19 0.9832591 
966 330 16 20 0.963365 
258 267 28 53 0.8894953 
564 338 28 29 0.83658254 
-7 196 48 81 0.7856338 
686 231 9 12 0.6537034 
619 335 23 25 0.6469636 
919 347 10 12 0.60738075 
236 271 33 46 0.45211524 
350 296 24 41 0.41635522 
742 334 12 15 0.36378717 
903 348 9 11 0.34767064 
661 419 13 15 0.29470634 
882 342 8 11 0.2923969 
139 216 18 24 0.28247923 
995 405 13 15 0.2726576 
863 344 8 11 0.26314107 
446 505 14 19 0.24325506 
873 333 7 10 0.20993534 
633 336 15 19 0.17672706 
753 229 9 11 0.17087163 
737 338 10 13 0.15498988 
229 227 16 21 0.13529281 
926 371 12 15 0.13322671 
537 303 28 35 0.13260892 
915 403 10 13 0.12521337 
625 289 16 19 0.123647146 
961 392 8 10 0.1205209 
924 348 9 11 0.11793386 
31 197 53 75 0.11632005 
472 482 14 16 0.11609666 
310 332 36 44 0.11417478 
877 335 9 10 0.11126034 
788 95 10 12 0.10450012 
901 388 9 11 0.1038878 
958 425 8 11 0.09699892 
943 405 9 13 0.0932542 
944 349 9 11 0.09207567 
703 452 12 16 0.090658166 
687 105 10 12 0.08884236 
401 137 9 11 0.08873909 
679 236 9 11 0.08585479 
314 310 49 62 0.08341375 
375 299 32 39 0.08321179 
971 356 12 14 0.08213499 
747 334 11 13 0.08186932 
644 108 10 14 0.07753929 
896 342 8 11 0.075732514 
668 315 10 14 0.07500436 
351 388 52 70 0.06964808 
721 429 11 15 0.06760973 
1012 405 9 13 0.064788364 
313 339 19 22 0.06306079 
948 348 10 12 0.060156114 
936 399 8 12 0.059581902 
847 349 7 9 0.059242718 
833 351 9 11 0.058931712 
806 95 11 13 0.05875759 
766 442 17 19 0.05874873 
354 297 40 50 0.057889182 
937 405 8 11 0.057433784 
869 348 8 10 0.057160955 
120 209 27 36 0.056954302 
847 93 8 11 0.05493439 
515 324 17 23 0.054526743 
540 309 16 19 0.05425794 
730 308 9 12 0.053864602 
706 238 9 12 0.05339894 
683 271 11 14 0.053294003 
515 297 17 20 0.052724972 
663 43 46 50 0.052326683 
753 431 10 13 0.05222852 
822 340 8 11 0.051241487 
733 93 12 15 0.05032534 
196 449 32 37 0.050164513 
712 300 11 12 0.049989205 
716 334 11 14 0.049789064 
146 278 14 16 0.049590975 
643 339 13 17 0.049498286 
333 300 42 55 0.049473573 
1007 406 10 12 0.04918163 
471 408 36 49 0.049134776 
762 401 8 12 0.04829243 
588 451 14 18 0.048214853 
47 216 55 71 0.04809218 
1001 337 10 12 0.047918472 
234 228 24 30 0.047671933 
766 308 10 13 0.047362298 
722 255 8 10 0.047108486 
444 309 25 32 0.046786368 
682 230 9 13 0.046596736 
859 343 7 10 0.046358503 
952 424 9 12 0.045785714 
683 332 14 17 0.045775305 
980 422 10 14 0.045700863 
557 322 31 40 0.045633502 
265 264 18 33 0.045549423 
785 261 10 12 0.045281183 
438 278 10 13 0.04465259 
677 333 14 18 0.044597108 
818 341 8 10 0.043174796 
870 424 7 9 0.043011393 
470 345 12 16 0.04294113 
532 329 15 19 0.04280292 
913 348 9 12 0.042679783 
940 399 10 12 0.04256479 
684 421 13 16 0.042483665 
62 136 35 45 0.04204812 
-17 324 159 229 0.04182678 
815 375 8 12 0.041604564 
899 348 8 11 0.041482877 
735 436 8 11 0.040525235 
871 359 7 9 0.040299457 
1008 455 9 13 0.040214177 
993 398 12 14 0.039314453 
598 504 13 18 0.03907122 
459 272 16 25 0.038945906 
508 475 17 18 0.038082037 
674 237 9 11 0.037895348 
749 340 11 13 0.037687104 
727 434 10 13 0.037376564 
1004 260 9 13 0.037185375 
768 14 49 58 0.036879804 
1006 462 12 18 0.03681906 
845 375 7 10 0.03681206 
671 312 9 13 0.03660894 
719 397 13 16 0.03632682 
189 435 51 61 0.03613767 
142 282 15 22 0.035694774 
712 337 12 15 0.035661314 
697 302 9 11 0.035298925 
937 392 9 11 0.03526379 
709 363 13 16 0.035030384 
206 272 24 41 0.034827825 
745 451 10 12 0.034541458 
748 446 10 13 0.034038518 
619 395 27 36 0.033604864 
898 385 8 11 0.033310592 
775 317 11 13 0.033090707 
517 303 38 50 0.03283385 
725 254 10 12 0.032815702 
980 428 11 14 0.032753453 
762 254 9 11 0.032689087 
581 441 24 28 0.03259338 
936 341 9 13 0.03217708 
509 299 25 33 0.03193168 
720 247 10 12 0.03192165 
716 364 10 15 0.031829152 
541 302 44 53 0.031791344 
660 322 13 17 0.03156383 
705 403 15 19 0.031532463 
936 350 9 11 0.031470757 
55 148 53 66 0.030938769 
690 195 13 15 0.030851109 
896 407 8 11 0.030844197 
948 406 10 13 0.030483305 
1012 411 10 14 0.0304414 
966 402 11 14 0.030350806 
841 93 10 12 0.030244473 
974 362 11 13 0.030224329 
523 326 16 21 0.030121168 
445 253 44 53 0.029923713 
885 382 9 11 0.029712526 
759 343 9 11 0.029653853 
787 285 10 13 0.029640133 
615 284 11 15 0.029523384 
832 344 8 10 0.029481163 
612 279 22 28 0.02913734 
963 397 11 13 0.028968751 
733 304 9 11 0.028957928 
993 347 13 17 0.028934743 
766 343 9 12 0.02878169 
830 397 10 13 0.0283113 
936 357 10 12 0.028250366 
723 261 8 9 0.027939359 
761 308 10 13 0.027905347 
787 292 10 14 0.027736848 
694 288 8 10 0.027610082 
1016 380 9 13 0.027566437 
604 297 13 16 0.027347999 
780 316 11 13 0.02732848 
615 299 12 14 0.027255345 
984 347 12 15 0.027086318 
837 350 8 10 0.02671982 
725 332 11 14 0.02661283 
744 270 9 12 0.026352534 
788 300 9 12 0.026314406 
782 312 10 11 0.026306327 
709 110 11 14 0.02606654 
602 288 15 17 0.026056388 
831 392 9 11 0.026002318 
887 398 9 11 0.02596554 
503 315 26 35 0.025706248 
604 309 11 13 0.025182039 
462 347 14 17 0.025032466 
704 255 8 10 0.024930421 
888 390 8 11 0.024825012 
999 269 8 11 0.024751723 
635 291 12 16 0.024617964 
544 536 15 20 0.024438044 
641 254 9 11 0.024437219 
709 92 9 12 0.024414528 
950 412 8 11 0.024306305 
77 225 56 69 0.024294125 
623 303 13 16 0.024121387 
775 383 9 12 0.024058715 
952 398 9 11 0.023780916 
584 344 18 21 0.023725186 
516 285 12 13 0.023693338 
846 383 8 10 0.02335957 
1005 235 10 13 0.023231547 
878 358 8 10 0.02319693 
559 339 44 47 0.022981096 
652 310 13 15 0.022919808 
574 621 28 33 0.02289078 
1013 342 11 16 0.022785846 
662 311 19 24 0.022780467 
665 209 194 230 0.022772236 
926 357 10 12 0.022713628 
646 314 13 17 0.022705402 
960 384 8 10 0.022584826 
628 403 14 18 0.02255958 
69 394 108 146 0.022346664 
999 461 19 34 0.022136167 
892 336 10 12 0.022118958 
773 310 11 12 0.02207248 
626 411 15 18 0.02204087 
855 389 7 9 0.02198629 
679 61 195 282 0.021964105 
710 54 11 13 0.02196219 
701 318 11 15 0.021928571 
801 100 13 16 0.021846699 
741 436 9 11 0.021829396 
816 401 8 11 0.021669988 
301 301 13 16 0.021668753 
930 398 8 12 0.021626964 
676 310 11 14 0.021603348 
426 289 473 425 0.021602806 
823 124 10 12 0.021595495 
885 347 8 11 0.021585062 
519 276 10 14 0.021477139 
383 134 9 11 0.021369217 
620 276 24 29 0.021339452 
428 507 12 15 0.021328146 
914 343 20 23 0.021305837 
735 254 9 12 0.021249207 
806 89 10 12 0.021062516 
674 457 13 19 0.020991838 
725 236 14 16 0.020889433 
706 422 12 15 0.020855589 
927 310 8 10 0.020819442 
931 405 8 10 0.02063348 
532 278 33 40 0.020605197 
869 371 9 12 0.020587435 
622 295 22 26 0.020577202 
998 373 10 14 0.02056808 
982 341 10 14 0.020527933 
717 296 8 11 0.020461692 
941 354 10 13 0.02046026 
902 408 8 11 0.020433765 
495 291 43 55 0.020332359 
864 118 7 9 0.020296533 
903 354 10 12 0.020268925 
730 87 20 26 0.020194355 
802 107 10 12 0.020182969 
974 320 10 12 0.020039743 
841 382 8 11 0.020016247 
