21_Festival_Festival_21_640
18
172 223 11 14 0.11136859 
47 437 22 28 0.08815849 
122 433 24 34 0.051823568 
50 426 15 17 0.04980826 
619 594 13 15 0.047221128 
171 246 13 16 0.0379743 
124 428 14 17 0.036780924 
1002 190 8 11 0.035484847 
43 430 36 47 0.035171997 
261 182 22 30 0.034674454 
667 483 10 14 0.034482114 
965 245 13 17 0.029727945 
269 149 11 16 0.029459514 
748 437 14 17 0.028255334 
670 589 12 15 0.02532865 
620 602 14 16 0.02475788 
0 365 8 14 0.020889657 
110 232 11 14 0.020500641 
