21_Festival_Festival_21_331
105
745 225 57 71 0.99951684 
349 291 48 60 0.99842834 
237 276 30 38 0.99716514 
264 271 32 40 0.99682176 
58 364 40 48 0.9909601 
156 410 85 98 0.98791194 
163 282 19 23 0.98047847 
662 276 53 60 0.97485614 
142 317 26 29 0.9617163 
520 299 28 33 0.95760965 
887 239 24 38 0.88543147 
459 269 12 17 0.64039105 
992 268 32 40 0.3958217 
423 303 26 34 0.35904852 
716 294 34 48 0.23837657 
497 292 16 19 0.20685448 
620 316 27 30 0.19184084 
303 394 37 40 0.18511695 
476 281 15 20 0.15979667 
453 268 22 28 0.15434934 
680 291 50 57 0.14901526 
854 214 27 34 0.1329319 
576 271 8 11 0.1261481 
865 314 37 44 0.12257672 
611 327 29 34 0.118800245 
465 273 21 28 0.11019412 
467 321 28 30 0.105288655 
995 289 29 35 0.103370585 
482 285 21 24 0.08940819 
974 259 42 52 0.082780756 
650 280 30 36 0.078392975 
137 318 41 46 0.07114928 
505 299 29 34 0.06880983 
502 319 16 22 0.063161515 
958 281 14 20 0.056965955 
406 290 38 45 0.05538901 
865 218 28 36 0.054237206 
123 328 45 52 0.053005848 
0 297 18 40 0.05237237 
613 333 13 17 0.047592543 
974 340 12 15 0.0470621 
928 269 12 14 0.047036447 
444 260 26 30 0.04520003 
866 233 38 54 0.045046117 
467 344 15 18 0.044680607 
140 308 18 23 0.04394569 
468 319 18 20 0.043351818 
1001 305 21 25 0.043273944 
457 269 38 47 0.043214023 
866 333 27 37 0.042183086 
376 134 35 44 0.0421578 
618 295 41 50 0.03943806 
1 283 39 71 0.039174095 
462 330 29 35 0.038742717 
643 287 24 32 0.038145926 
789 223 36 46 0.037257317 
959 275 22 30 0.036764096 
490 362 29 38 0.036393363 
534 302 20 24 0.036225136 
696 257 46 55 0.03541687 
863 205 27 31 0.03514426 
494 298 26 31 0.032300014 
438 265 17 20 0.031434696 
550 268 11 12 0.031183986 
990 238 14 16 0.030808553 
487 309 27 32 0.030166907 
962 334 48 60 0.030105373 
253 278 32 39 0.029526848 
654 456 14 18 0.029299745 
79 362 34 40 0.028586244 
605 273 16 21 0.027792703 
568 270 9 11 0.02747356 
619 341 17 22 0.027244 
268 290 30 39 0.02717446 
841 213 27 38 0.026705533 
380 286 43 51 0.025488246 
207 481 33 40 0.025350798 
485 267 14 17 0.02454044 
555 305 16 20 0.02435932 
101 338 46 54 0.024059465 
908 233 27 34 0.024008092 
564 288 15 18 0.02385327 
611 340 17 22 0.023639217 
625 336 17 22 0.023569357 
891 229 32 41 0.023528386 
152 319 33 33 0.023521256 
431 291 38 46 0.02351167 
990 305 35 41 0.023426374 
1008 281 15 20 0.023334779 
451 286 18 22 0.023292087 
607 369 45 57 0.0227875 
999 201 11 15 0.022715833 
483 275 14 19 0.02262995 
987 284 19 22 0.022560136 
104 370 42 49 0.021732967 
491 304 17 21 0.021427844 
871 297 31 38 0.02140102 
148 291 15 17 0.021253422 
875 305 19 22 0.021146074 
483 306 16 20 0.020988517 
413 282 26 32 0.020953286 
211 329 26 35 0.020638743 
334 271 41 57 0.02054967 
116 270 23 32 0.02010994 
467 299 14 18 0.02002032 
