21_Festival_Festival_21_936
45
381 211 295 386 0.99720496 
244 275 135 208 0.9724215 
778 56 213 308 0.79349977 
263 230 199 300 0.32445076 
678 435 181 243 0.18112332 
231 156 25 30 0.103394315 
719 1074 240 273 0.09612165 
773 1419 22 27 0.08325078 
625 967 411 434 0.07033269 
34 108 27 31 0.06350862 
116 347 50 55 0.062369652 
84 427 52 66 0.060168967 
31 370 37 39 0.059032053 
29 538 674 494 0.058182236 
371 1058 218 266 0.057793356 
714 456 122 132 0.05718641 
187 89 28 35 0.050786678 
796 610 46 62 0.046503045 
795 628 15 20 0.04637527 
735 394 118 139 0.045561086 
147 87 29 34 0.045017995 
129 365 84 107 0.040329326 
289 471 505 402 0.038436312 
838 654 46 70 0.036858227 
719 9 351 493 0.034565773 
683 175 67 84 0.031390328 
569 345 359 445 0.030254504 
876 97 153 220 0.030164482 
197 318 112 152 0.02950158 
814 604 32 43 0.029490883 
30 383 43 50 0.02837698 
782 583 87 120 0.027830694 
208 114 25 34 0.02715087 
792 623 30 39 0.025239099 
59 176 128 162 0.025015134 
100 326 86 100 0.024929833 
71 419 85 108 0.02415591 
867 171 17 20 0.02394598 
-1 568 26 51 0.023078538 
433 874 136 93 0.022289043 
-1 114 11 21 0.021974588 
157 376 31 36 0.021837553 
150 154 28 32 0.021272346 
714 959 43 50 0.02122836 
807 97 137 173 0.020656724 
