21_Festival_Festival_21_943
254
738 191 9 10 0.823424 
112 194 12 16 0.7035845 
807 190 9 12 0.62560517 
888 180 10 14 0.621345 
293 187 15 17 0.57244635 
353 179 9 13 0.5164615 
761 184 8 12 0.47532037 
69 195 11 13 0.4664084 
492 190 8 11 0.42734784 
831 196 9 11 0.4001293 
134 195 9 12 0.35384664 
153 196 9 11 0.30714443 
938 199 8 9 0.2955832 
544 187 10 12 0.26777443 
711 192 12 14 0.25300953 
548 183 12 14 0.24543941 
256 189 8 12 0.22644459 
191 196 9 11 0.20959961 
104 180 10 15 0.19246607 
260 188 12 16 0.18769217 
214 189 8 11 0.16784266 
169 192 9 10 0.16618377 
855 197 8 10 0.16453958 
811 190 10 12 0.16024347 
157 198 9 11 0.15753238 
398 188 13 14 0.12744509 
129 191 11 12 0.12710254 
400 216 9 13 0.12439739 
592 437 13 15 0.124031365 
85 189 11 13 0.11796118 
186 190 8 12 0.11314676 
640 197 9 12 0.10845313 
597 430 13 15 0.10792306 
693 219 12 15 0.10648643 
167 196 9 11 0.10610458 
765 187 9 12 0.10406298 
325 191 9 12 0.1036848 
319 190 11 14 0.101800054 
385 185 8 11 0.10163156 
687 220 13 16 0.09975761 
648 197 9 11 0.09891522 
519 184 8 11 0.09873506 
239 168 9 12 0.096254125 
231 185 7 10 0.09489956 
109 231 14 16 0.091422655 
800 195 11 13 0.08660224 
1005 222 9 11 0.084225245 
911 278 27 28 0.08336027 
882 179 9 14 0.08309006 
173 191 9 10 0.082816646 
253 184 10 13 0.08230222 
741 193 9 13 0.082170725 
569 192 9 10 0.07787398 
814 196 8 10 0.07629962 
337 188 9 12 0.07560862 
118 231 9 12 0.075159006 
617 228 10 14 0.07229479 
997 199 9 11 0.0717766 
168 223 9 12 0.07038811 
976 207 9 12 0.070357844 
276 184 12 17 0.07012644 
250 184 8 11 0.068246 
514 183 7 10 0.06650596 
224 185 8 10 0.0656149 
257 194 9 12 0.06541043 
637 222 13 18 0.06458947 
270 185 13 17 0.064213336 
238 198 9 12 0.06397389 
304 173 9 12 0.06337809 
399 195 12 15 0.06315411 
93 189 11 14 0.062525414 
64 190 12 15 0.062458996 
827 198 9 11 0.06175404 
508 197 10 13 0.061058138 
943 223 7 9 0.06000037 
214 185 10 11 0.05997257 
898 337 17 20 0.05849895 
619 223 10 13 0.05783486 
513 189 9 11 0.057558008 
835 196 9 11 0.057538718 
662 442 15 16 0.057429206 
155 192 11 12 0.057415914 
81 191 8 12 0.056727894 
868 301 30 31 0.05561892 
622 442 15 17 0.055021662 
558 183 8 11 0.054891493 
214 214 9 12 0.054835714 
567 217 10 12 0.053724 
525 190 9 11 0.053261563 
701 207 11 14 0.052617576 
236 189 10 11 0.051832315 
420 187 12 17 0.051575102 
352 185 9 12 0.051434144 
391 188 9 12 0.051200215 
997 204 9 11 0.050630014 
209 196 10 11 0.049799256 
945 230 7 10 0.04876044 
1014 214 8 11 0.048356913 
505 182 8 10 0.047430445 
193 202 9 12 0.047301356 
798 205 10 12 0.046962716 
602 425 12 15 0.046582278 
300 181 12 17 0.046268415 
169 213 9 12 0.044665333 
893 185 9 13 0.04451482 
109 253 14 17 0.044115853 
311 187 10 14 0.043126535 
239 219 10 14 0.04284629 
664 227 12 15 0.041657943 
100 203 13 17 0.041257747 
873 191 9 12 0.040533874 
189 186 10 12 0.040300425 
1000 215 8 10 0.040278565 
935 215 8 11 0.04005308 
344 182 10 12 0.039881244 
98 210 13 16 0.039516818 
745 224 10 13 0.039197236 
1008 203 11 13 0.039193913 
792 238 8 10 0.03759239 
334 238 9 13 0.03729408 
86 183 11 14 0.036524564 
647 201 11 14 0.036404945 
341 187 9 12 0.035992872 
851 197 8 10 0.035974346 
652 192 9 11 0.035970923 
700 240 16 17 0.03596146 
54 181 8 12 0.035944887 
753 183 9 11 0.035861995 
285 182 15 19 0.03575939 
184 185 9 11 0.03549221 
525 182 9 12 0.035388295 
679 217 23 26 0.034766566 
699 219 12 14 0.034515627 
209 184 9 12 0.034265343 
774 183 9 11 0.034246888 
630 219 25 30 0.03422262 
642 236 14 20 0.033538897 
238 184 9 10 0.03315794 
104 174 20 25 0.033081785 
583 414 10 13 0.032658532 
870 294 15 18 0.03261689 
676 440 16 18 0.032540973 
727 196 10 12 0.032247823 
239 202 9 13 0.032237995 
175 185 9 10 0.03165846 
393 218 11 15 0.031636804 
492 194 10 13 0.031229464 
223 228 9 12 0.031115886 
158 203 11 13 0.031085238 
521 198 8 10 0.030917708 
166 205 10 14 0.030857185 
538 189 9 11 0.030506095 
793 223 7 10 0.030091722 
772 320 16 22 0.030010303 
638 203 10 13 0.029778427 
358 187 9 12 0.029624335 
88 189 22 28 0.02948833 
482 189 9 12 0.02937431 
197 191 8 11 0.02933567 
422 156 10 12 0.029277453 
509 204 9 11 0.029274102 
848 191 9 11 0.029059855 
208 204 10 12 0.028712582 
649 438 22 26 0.02860741 
668 439 16 19 0.028216548 
213 205 9 12 0.028181659 
885 176 17 23 0.028031845 
278 62 452 429 0.028026965 
84 234 12 18 0.028015455 
1000 227 9 11 0.027864283 
478 155 10 13 0.027488135 
299 193 13 15 0.027419576 
215 219 10 13 0.02720091 
638 215 9 12 0.027196633 
572 196 8 10 0.02710405 
172 195 11 13 0.026999969 
196 198 8 10 0.02690556 
830 202 9 12 0.026649803 
686 205 11 12 0.026553575 
773 188 9 11 0.026523618 
81 184 20 25 0.026510643 
1013 204 9 14 0.026329488 
877 188 10 13 0.026314681 
576 222 10 12 0.026276618 
398 201 10 14 0.025813995 
798 211 9 12 0.025679592 
825 203 9 11 0.025459504 
172 263 12 14 0.025272379 
781 358 12 14 0.025091922 
734 185 17 22 0.025085323 
559 187 9 11 0.024870219 
729 191 8 10 0.024802182 
943 239 9 11 0.024644475 
367 190 11 14 0.024475142 
634 198 10 13 0.024331413 
69 232 16 20 0.02414212 
222 223 9 12 0.02412483 
693 243 14 16 0.02400303 
616 218 20 25 0.023917044 
917 214 7 10 0.023857964 
501 259 11 12 0.023771252 
179 288 17 20 0.023735909 
691 214 21 25 0.02370949 
392 203 11 13 0.02366425 
929 254 8 10 0.023597937 
582 222 9 12 0.023590446 
272 178 19 26 0.023487275 
950 232 8 10 0.023456955 
394 183 21 24 0.023437135 
674 261 14 16 0.02343428 
668 221 24 26 0.023358107 
767 207 9 12 0.023291739 
913 231 8 9 0.023287825 
77 194 11 14 0.023282338 
741 185 10 13 0.023262156 
485 155 11 11 0.023149723 
715 378 17 18 0.023139125 
703 307 13 14 0.02300667 
230 245 8 11 0.022915237 
732 386 16 17 0.02263402 
588 415 10 13 0.022590505 
628 448 14 17 0.022573767 
95 216 11 16 0.022566933 
487 185 11 14 0.022540072 
862 198 7 9 0.02251015 
247 174 10 11 0.022322424 
800 185 9 11 0.022302631 
70 200 11 14 0.022236656 
0 218 17 32 0.022176856 
367 218 11 15 0.022118157 
197 205 9 11 0.022063289 
116 201 10 14 0.022055639 
504 190 9 10 0.021956814 
865 208 7 9 0.021856604 
244 167 11 13 0.02169467 
96 183 10 13 0.021622675 
142 197 8 11 0.021572992 
663 197 12 13 0.02152221 
938 221 7 9 0.02142933 
526 197 8 10 0.02139287 
168 185 9 11 0.02135813 
802 185 18 23 0.0212856 
870 215 8 10 0.02127999 
937 194 9 11 0.0212788 
621 198 9 12 0.02126997 
912 222 7 9 0.021097457 
543 194 10 12 0.020947972 
233 168 8 12 0.020800566 
62 235 12 17 0.02060122 
764 315 26 35 0.020484574 
893 227 10 13 0.020413006 
60 471 16 19 0.020373104 
793 189 8 11 0.020043287 
92 229 13 16 0.020020645 
