21_Festival_Festival_21_797
93
644 128 105 135 0.99994874 
315 325 53 61 0.99921334 
503 256 51 72 0.9990195 
418 216 52 66 0.9989981 
287 198 29 41 0.99702543 
84 241 52 62 0.9952182 
836 160 41 53 0.98872954 
102 334 48 56 0.9652501 
781 285 50 64 0.96303976 
171 298 43 41 0.9292022 
295 236 49 57 0.91869915 
36 183 29 44 0.84323347 
659 67 40 48 0.44575584 
182 75 24 41 0.43636242 
263 452 16 22 0.38861638 
508 200 35 41 0.32899508 
805 292 52 60 0.2300265 
927 144 39 49 0.1591358 
272 300 38 47 0.12251826 
826 303 39 42 0.08871673 
136 450 15 20 0.08590607 
451 366 48 50 0.08393549 
899 174 27 37 0.081227615 
764 59 26 41 0.07697416 
961 146 30 45 0.061940175 
799 76 13 17 0.057208348 
280 439 12 14 0.05683603 
680 72 48 63 0.05675699 
297 203 37 38 0.054828584 
391 209 26 42 0.053808212 
164 286 35 45 0.04928542 
522 198 30 33 0.04882235 
694 12 31 40 0.046902634 
450 149 15 19 0.046846095 
913 145 34 40 0.045328535 
196 204 25 40 0.044294078 
282 283 44 55 0.04123785 
396 219 15 23 0.041087575 
182 281 33 43 0.04074285 
585 92 11 14 0.03949621 
249 57 47 59 0.037485808 
75 171 13 18 0.036715604 
957 297 28 38 0.035938114 
39 283 40 54 0.03584411 
278 1288 33 38 0.035529543 
706 75 32 52 0.03340297 
367 128 11 12 0.032211922 
179 60 44 63 0.030922087 
842 66 15 17 0.030877575 
174 101 15 20 0.03073185 
707 461 39 50 0.03032753 
323 157 30 31 0.030224804 
171 84 25 36 0.029296748 
533 157 17 20 0.027155964 
341 223 25 33 0.026590245 
532 111 14 17 0.025352925 
706 7 31 37 0.025246123 
908 128 27 34 0.025077205 
440 377 38 41 0.024943206 
421 390 17 21 0.024572372 
160 44 46 66 0.024469996 
683 21 34 39 0.024414772 
147 24 48 65 0.024412494 
149 64 35 38 0.024301613 
271 9 143 147 0.023998491 
388 317 38 44 0.023975767 
471 100 10 12 0.023826519 
505 216 51 68 0.023584148 
358 226 15 22 0.023530742 
360 192 13 18 0.023413606 
398 159 46 52 0.0233953 
594 499 27 29 0.023338398 
203 214 15 24 0.023041617 
777 73 16 21 0.022795837 
614 69 23 35 0.02241275 
324 225 32 40 0.022290785 
833 54 24 28 0.02211132 
930 -1 31 26 0.022067292 
805 40 25 28 0.021874355 
392 232 28 41 0.02179233 
125 261 27 39 0.021527283 
943 154 37 51 0.021453492 
535 201 19 22 0.021177003 
745 219 30 43 0.02109565 
528 195 20 22 0.020992028 
289 219 39 48 0.020949155 
375 330 42 53 0.020855669 
339 202 25 31 0.02076644 
900 104 16 22 0.020743325 
159 90 44 55 0.020401392 
78 577 15 20 0.020345952 
222 25 226 240 0.02027334 
143 79 33 33 0.020108595 
