21_Festival_Festival_21_777
143
576 469 18 21 0.87551564 
671 485 15 18 0.69631404 
494 473 19 21 0.6192276 
905 520 16 18 0.4317452 
257 390 34 45 0.17861567 
687 465 13 15 0.1756599 
587 475 12 16 0.16764992 
916 446 16 18 0.15021227 
495 447 11 15 0.12950382 
573 499 13 16 0.10631988 
911 376 14 17 0.10462361 
529 470 13 16 0.09799976 
863 444 14 18 0.093559936 
656 522 11 15 0.09234749 
859 157 15 20 0.07869612 
725 581 16 17 0.0758659 
701 517 12 14 0.075804844 
856 148 25 34 0.073840454 
144 98 389 535 0.07086464 
674 479 14 18 0.069828086 
852 524 12 14 0.06783977 
1015 44 8 12 0.067415476 
696 519 12 14 0.06731734 
776 571 11 13 0.06482212 
663 479 9 14 0.062071923 
857 59 9 14 0.059233434 
590 481 12 15 0.0561494 
468 378 107 136 0.054213885 
687 492 10 14 0.053961415 
725 560 11 13 0.052458577 
590 454 11 14 0.052073915 
567 476 10 15 0.049994178 
596 482 11 14 0.048172265 
311 13 42 63 0.04603435 
904 53 14 19 0.044278823 
919 491 11 13 0.043926183 
720 559 10 12 0.04318575 
639 476 12 15 0.042905904 
546 533 9 12 0.04268075 
847 521 11 14 0.040483687 
257 257 60 73 0.040308084 
445 485 13 16 0.03966162 
257 6 40 61 0.039272618 
1014 124 9 14 0.038748913 
860 56 8 12 0.038264148 
27 557 15 26 0.03801473 
840 519 8 11 0.037216887 
844 588 13 15 0.036022957 
868 412 14 18 0.035869703 
753 491 18 21 0.035459705 
1014 203 9 14 0.035438675 
916 523 12 16 0.034941323 
13 555 27 41 0.03396894 
572 462 15 18 0.03395212 
516 468 11 14 0.033912394 
578 494 13 16 0.03344941 
579 463 14 17 0.03331845 
685 484 11 15 0.033291474 
557 99 396 547 0.033260003 
825 591 9 11 0.03323626 
683 591 7 9 0.03268811 
655 512 11 13 0.03265204 
340 666 15 16 0.031859335 
688 584 8 10 0.031699862 
485 480 13 16 0.031622116 
872 396 11 14 0.030932033 
489 452 11 14 0.030693373 
335 125 343 481 0.030439144 
884 32 12 16 0.029255003 
640 527 9 12 0.029201034 
479 566 8 10 0.028945198 
512 546 9 12 0.028607834 
269 14 22 35 0.028523266 
640 534 9 12 0.028302835 
514 462 12 14 0.027865697 
257 496 40 55 0.027756194 
877 21 24 34 0.027708828 
642 640 7 9 0.027621042 
744 597 10 14 0.027505029 
738 582 12 14 0.027419971 
607 482 10 13 0.027251657 
551 669 11 13 0.027250707 
730 565 11 12 0.027105276 
766 567 10 12 0.026929397 
903 528 14 15 0.026520096 
606 470 10 13 0.026453517 
725 570 16 18 0.026344886 
656 532 11 14 0.026166892 
644 534 10 12 0.025711874 
661 508 12 14 0.025595233 
16 182 8 11 0.025581747 
686 588 8 11 0.025514279 
870 406 12 16 0.02544939 
679 468 13 15 0.025440527 
497 543 9 10 0.025426622 
664 598 7 8 0.02542042 
214 464 12 16 0.025407879 
669 471 11 12 0.025274733 
567 508 14 16 0.025168551 
874 133 26 36 0.024827907 
664 461 10 12 0.024787208 
971 174 26 32 0.024727996 
694 454 11 12 0.024573123 
575 479 13 17 0.02447991 
722 261 27 33 0.024204666 
615 605 9 12 0.024039695 
657 516 14 16 0.023822224 
712 502 9 11 0.023618376 
720 588 11 13 0.02354385 
670 516 10 12 0.023274185 
861 588 12 15 0.023132065 
486 466 22 25 0.022823961 
860 0 86 110 0.022521643 
624 478 11 14 0.022432908 
964 155 17 22 0.022320181 
222 675 12 12 0.0222504 
641 600 8 9 0.02216881 
834 354 14 17 0.022157805 
663 502 11 14 0.021797262 
669 509 11 13 0.021782678 
892 73 22 35 0.021686865 
860 601 12 15 0.021515986 
900 509 25 31 0.021375991 
654 492 11 14 0.021282554 
664 471 9 12 0.021238033 
512 430 10 12 0.021222051 
747 376 24 30 0.02116293 
709 510 9 13 0.021136021 
748 387 48 57 0.02111898 
598 454 10 14 0.02110549 
671 542 9 11 0.020958498 
655 541 10 12 0.020926522 
535 500 10 13 0.020890875 
861 581 11 13 0.020827923 
695 514 19 24 0.020481186 
452 487 12 15 0.020441324 
543 453 11 15 0.020351766 
568 461 12 15 0.020343378 
748 398 26 30 0.020289624 
479 471 11 13 0.020113612 
573 454 12 14 0.02010401 
894 545 31 37 0.020080999 
125 409 11 15 0.020001158 
