21_Festival_Festival_21_290
70
558 284 58 76 0.9987974 
466 305 64 80 0.99856395 
96 204 98 137 0.99840575 
304 226 63 111 0.99273986 
815 305 60 116 0.8486605 
988 264 15 18 0.5253727 
548 674 16 21 0.36614323 
594 681 15 19 0.22135504 
131 333 26 30 0.13922858 
458 693 16 19 0.12166921 
427 240 13 18 0.09969284 
628 714 14 17 0.097408965 
421 231 23 31 0.07837384 
993 261 18 25 0.0731122 
560 661 11 12 0.0696305 
526 669 11 13 0.062600434 
-12 64 94 153 0.059563093 
689 622 30 31 0.049322102 
423 179 25 28 0.04688463 
419 192 26 30 0.044933427 
434 183 17 20 0.043913636 
458 695 31 31 0.04333939 
563 668 12 16 0.043025937 
826 324 88 115 0.041917656 
424 215 38 48 0.041478954 
518 668 12 16 0.03970974 
557 668 13 17 0.037327953 
404 281 13 17 0.03640611 
926 336 47 74 0.03528652 
525 674 14 16 0.033847764 
871 322 82 106 0.03343062 
4 120 101 144 0.032976944 
649 847 32 34 0.032397285 
526 682 15 16 0.03210579 
441 193 23 31 0.03193736 
589 665 22 28 0.03162668 
442 213 30 38 0.030857801 
624 704 24 29 0.030781992 
441 180 17 20 0.03073216 
524 660 22 26 0.030414652 
425 202 26 34 0.030384982 
58 202 90 138 0.030210394 
1002 259 19 31 0.029038332 
22 176 93 156 0.028900776 
532 667 11 13 0.028160999 
728 690 32 34 0.027943563 
620 663 24 27 0.0273587 
541 663 11 12 0.026902951 
446 248 16 19 0.026148908 
1001 308 22 35 0.025710404 
147 345 16 18 0.025504844 
398 311 43 59 0.025141414 
514 664 21 25 0.024950854 
510 667 15 19 0.024845125 
698 207 16 22 0.024752643 
555 665 23 30 0.024354776 
543 670 13 16 0.024070995 
444 719 181 202 0.023918793 
565 849 34 37 0.023288058 
489 691 17 21 0.023246886 
120 166 98 145 0.022987302 
531 677 12 15 0.022612097 
443 235 25 32 0.022368344 
934 784 95 163 0.022103824 
787 451 36 45 0.021991748 
471 557 369 416 0.02198759 
660 618 16 20 0.021184802 
397 268 42 56 0.021147188 
669 750 11 13 0.02020781 
403 271 25 32 0.020081226 
