12_Group_Group_12_Group_Group_12_578
31
529 241 73 97 0.9969056 
297 243 55 59 0.9778496 
46 295 44 61 0.73267317 
740 371 70 69 0.23481603 
161 268 55 79 0.21851002 
782 347 77 80 0.19434312 
32 312 37 44 0.056223184 
906 182 39 51 0.05416322 
341 197 43 53 0.051354706 
48 265 42 64 0.051091958 
278 242 38 44 0.048959687 
981 -3 42 54 0.044901397 
50 268 22 36 0.04440451 
437 146 12 13 0.0430008 
61 284 51 70 0.04216707 
817 345 65 79 0.041887045 
556 401 25 28 0.040055186 
135 274 58 84 0.0394199 
413 156 17 20 0.03575288 
447 146 10 13 0.033827912 
150 265 96 123 0.029581914 
453 147 9 11 0.029516852 
439 313 466 426 0.02793233 
203 310 425 370 0.025129639 
546 404 44 53 0.025051596 
162 397 214 231 0.021728719 
231 363 106 105 0.021595743 
414 158 26 30 0.02106201 
87 298 36 46 0.020957261 
790 95 9 13 0.020444075 
37 351 439 383 0.02019058 
