12_Group_Team_Organized_Group_12_Group_Team_Organized_Group_12_927
62
909 148 31 40 0.99974924 
554 207 25 32 0.9997451 
744 153 25 34 0.99960953 
579 180 23 31 0.99956244 
582 273 29 38 0.999514 
666 371 29 37 0.9993851 
168 175 35 46 0.99925774 
346 178 28 36 0.9992551 
794 186 25 32 0.999238 
968 163 28 36 0.9991997 
670 291 24 34 0.9991979 
442 172 26 33 0.99917775 
676 174 26 33 0.999124 
512 284 28 36 0.99909616 
632 157 25 32 0.99902165 
214 198 28 37 0.9986658 
402 194 27 35 0.9985109 
504 180 24 31 0.99782 
844 165 27 34 0.997609 
290 170 25 34 0.99748284 
784 315 23 31 0.99737144 
401 167 25 30 0.9961572 
124 188 26 37 0.99611 
725 341 26 31 0.9958692 
604 210 22 28 0.9954723 
864 337 24 32 0.9952988 
1001 195 22 34 0.9936441 
740 425 22 29 0.9930976 
478 153 23 29 0.99249154 
547 176 20 26 0.9915475 
796 161 23 29 0.98273486 
525 184 23 31 0.9740234 
712 155 21 27 0.96985877 
812 339 21 25 0.88080275 
354 169 26 34 0.8151782 
609 345 19 26 0.37374607 
361 163 22 27 0.19144225 
755 329 16 24 0.17361632 
461 301 18 23 0.10878273 
963 353 14 18 0.080110475 
67 288 22 31 0.06918106 
28 146 15 20 0.06877736 
405 176 27 35 0.06439194 
629 245 18 26 0.05445836 
798 171 28 35 0.050212555 
702 408 16 20 0.047533162 
641 406 11 13 0.046223216 
512 183 26 33 0.037193738 
12 180 24 33 0.031241069 
707 194 17 20 0.028775018 
738 339 24 30 0.027939998 
696 484 21 28 0.02747196 
797 368 20 29 0.026394965 
510 175 16 21 0.025368236 
21 134 23 28 0.023077345 
526 176 15 18 0.02255408 
634 283 20 28 0.022373054 
138 188 24 33 0.022063438 
448 265 25 35 0.0204282 
597 359 28 33 0.020230291 
78 289 25 32 0.020202171 
597 387 12 14 0.020023433 
