12_Group_Team_Organized_Group_12_Group_Team_Organized_Group_12_707
308
387 270 32 42 0.999749 
490 281 35 44 0.99914336 
280 257 34 45 0.9988771 
298 160 33 43 0.99886835 
604 140 32 40 0.99871445 
600 273 40 49 0.9986389 
210 154 34 45 0.99863416 
179 271 40 48 0.99860877 
720 299 36 47 0.9985275 
501 137 34 43 0.9971813 
389 163 34 42 0.9949654 
684 148 36 47 0.98829824 
795 123 37 48 0.9857749 
527 32 11 13 0.3469063 
485 46 8 11 0.21310867 
466 30 6 9 0.19572261 
29 196 13 17 0.1945399 
38 143 9 10 0.19090939 
628 107 16 23 0.18882436 
49 110 8 10 0.18268643 
0 118 8 12 0.18195194 
255 103 8 11 0.16735618 
410 54 7 10 0.1545555 
511 24 8 11 0.15086503 
656 87 10 13 0.14841874 
470 30 8 10 0.13960554 
540 85 10 13 0.13679047 
136 88 7 9 0.13228036 
120 162 8 11 0.12459824 
292 119 9 11 0.12294707 
300 131 12 14 0.12233421 
549 136 13 19 0.113728255 
237 104 8 10 0.11135134 
624 78 9 13 0.11091654 
53 189 9 13 0.103207305 
9 135 8 11 0.10114063 
532 31 10 12 0.09710659 
525 51 9 13 0.08871126 
458 57 8 11 0.08576968 
506 24 8 10 0.08301936 
697 85 11 14 0.08230779 
784 39 9 11 0.08112378 
39 147 8 12 0.07969216 
367 23 7 10 0.07930819 
237 108 9 12 0.07906174 
726 80 8 11 0.07789439 
71 78 8 9 0.07766847 
413 55 8 11 0.07393096 
621 82 13 17 0.07174205 
25 135 8 10 0.06706639 
521 53 9 11 0.06628189 
23 109 7 9 0.06509542 
57 126 7 9 0.06452601 
486 54 8 10 0.06384547 
497 56 8 11 0.06039088 
463 86 7 10 0.060116652 
612 104 23 29 0.060111374 
87 158 6 9 0.0595795 
486 39 10 13 0.058056552 
71 151 9 11 0.056131043 
233 106 9 13 0.05581624 
47 199 10 13 0.055532444 
80 71 7 9 0.055524513 
119 120 7 9 0.05444076 
352 54 8 9 0.054309133 
35 197 13 16 0.05357638 
446 47 7 10 0.05332552 
34 142 8 10 0.05300181 
568 40 8 10 0.05291346 
111 148 8 10 0.05260585 
633 48 8 11 0.051535785 
65 152 7 10 0.05146898 
618 111 25 30 0.051368997 
50 105 8 10 0.049333632 
550 75 10 12 0.048583165 
615 85 12 15 0.048564788 
24 104 7 9 0.048534457 
401 24 7 10 0.048126157 
329 47 8 11 0.048000637 
642 171 16 19 0.047772266 
201 126 8 10 0.04723819 
465 25 7 10 0.047205586 
295 103 7 9 0.046157617 
26 128 7 9 0.045984548 
659 91 10 13 0.045659088 
102 151 8 10 0.04564457 
382 26 8 9 0.04497658 
101 134 9 11 0.044862732 
86 65 7 9 0.04442954 
287 88 6 8 0.043596465 
142 113 8 9 0.043362755 
17 109 7 9 0.04307597 
190 157 9 13 0.042941518 
78 151 7 10 0.04290301 
553 47 9 11 0.042626355 
406 23 7 10 0.04254236 
478 23 8 9 0.04216924 
638 48 9 11 0.04134469 
439 16 6 9 0.04127636 
516 23 9 11 0.040858593 
87 70 7 9 0.04064016 
456 23 7 9 0.040437113 
697 80 9 12 0.040406566 
13 136 8 10 0.040403076 
635 138 14 19 0.039921153 
14 142 9 11 0.03963227 
606 106 15 20 0.039323308 
41 119 7 9 0.03930183 
606 8 9 10 0.0391238 
98 134 7 10 0.03908171 
31 135 8 10 0.03896857 
22 141 9 11 0.03845029 
721 79 9 13 0.03843818 
456 40 7 9 0.03834481 
65 72 7 10 0.038054883 
522 36 9 12 0.037988327 
617 23 7 10 0.037880722 
512 80 8 10 0.03782527 
737 38 8 10 0.037491173 
495 40 8 11 0.03726751 
711 108 12 14 0.03716375 
471 39 8 10 0.037106905 
611 127 30 38 0.036654416 
471 24 9 11 0.036584515 
175 124 8 10 0.03658075 
119 123 9 11 0.036500856 
71 157 8 11 0.036383517 
288 122 8 12 0.035909854 
30 127 7 10 0.035801075 
519 30 10 13 0.03575199 
407 29 8 10 0.035646558 
742 37 9 10 0.035350222 
57 121 7 9 0.035200235 
113 55 7 9 0.034803092 
42 112 7 9 0.03459376 
648 85 11 15 0.034460973 
504 80 8 9 0.03415036 
0 111 8 13 0.033233326 
186 134 9 10 0.03319712 
742 32 8 10 0.0328319 
481 40 9 11 0.032794528 
480 17 7 9 0.03262601 
62 121 8 9 0.03260074 
362 24 7 9 0.032565624 
413 131 11 13 0.031688865 
548 303 17 23 0.03161219 
542 79 11 14 0.031507768 
367 16 7 10 0.031195452 
999 72 7 10 0.031084772 
290 105 8 9 0.030887414 
282 87 7 8 0.030816453 
111 85 7 9 0.030752445 
617 88 16 18 0.030706726 
88 110 8 10 0.030344127 
224 56 8 9 0.030168215 
472 45 8 10 0.030086398 
137 33 8 9 0.030014357 
67 77 7 10 0.029989641 
581 16 9 11 0.029962398 
549 129 12 16 0.029821686 
594 20 9 10 0.029510673 
551 161 14 18 0.029477155 
82 64 8 10 0.029400464 
96 71 7 9 0.029076591 
80 110 8 10 0.028965872 
226 109 8 11 0.028962426 
23 61 8 10 0.028922558 
367 88 8 10 0.028718293 
9 139 11 14 0.028664166 
85 152 7 10 0.028639894 
501 60 9 11 0.028604867 
114 161 8 10 0.028251275 
514 84 8 10 0.028239887 
718 38 8 11 0.028120628 
478 30 7 9 0.028092852 
49 96 7 9 0.02807396 
614 78 10 13 0.027746547 
136 92 7 10 0.027600534 
497 80 7 9 0.027578976 
358 49 8 10 0.027387049 
487 61 8 11 0.027335294 
487 22 8 9 0.027196297 
671 79 9 10 0.027094034 
71 165 8 9 0.02697754 
402 28 7 11 0.02689918 
250 103 8 11 0.026867671 
376 24 8 10 0.02685134 
101 159 8 10 0.02684968 
560 40 8 11 0.026739199 
247 62 7 9 0.026679957 
558 45 8 11 0.02662811 
295 125 11 15 0.026618522 
590 115 11 16 0.026512656 
96 129 7 8 0.026462043 
104 85 8 9 0.02640265 
57 156 8 11 0.02639858 
31 55 7 10 0.026232418 
312 134 10 12 0.026189463 
512 37 8 11 0.0261093 
6 54 8 10 0.026096946 
362 88 8 11 0.026095418 
38 137 9 11 0.026038613 
407 0 8 9 0.026023582 
281 127 8 10 0.025977595 
168 196 10 12 0.025949957 
119 86 6 8 0.025858482 
502 40 9 11 0.02584606 
111 80 7 10 0.025467195 
3 166 12 14 0.025397854 
497 110 8 9 0.025327967 
89 128 7 9 0.02518219 
145 218 402 422 0.025181167 
487 16 7 9 0.025164077 
256 98 7 9 0.025127338 
383 448 18 20 0.025125084 
752 71 8 10 0.024853276 
738 32 8 10 0.024717925 
96 79 8 11 0.02459375 
210 77 8 10 0.0244305 
399 65 8 9 0.024378628 
48 49 7 9 0.024235448 
266 117 7 9 0.02423468 
47 54 7 8 0.024233568 
543 23 8 10 0.024191262 
52 194 11 16 0.024183542 
95 109 8 10 0.02410059 
645 89 11 14 0.024054212 
399 48 7 9 0.024051392 
72 144 8 9 0.024035398 
993 78 9 11 0.024033412 
392 41 7 8 0.02390468 
119 81 7 9 0.023847902 
104 80 8 10 0.0238099 
47 117 8 10 0.02376466 
433 16 7 9 0.023714785 
0 103 8 12 0.023702675 
997 78 9 12 0.023663525 
136 112 8 10 0.023514902 
866 301 10 14 0.023430374 
15 147 9 11 0.023419162 
302 137 12 14 0.023295349 
25 95 7 9 0.02326143 
312 118 9 10 0.023161776 
502 45 8 10 0.023115028 
486 128 9 11 0.023093812 
31 102 7 9 0.022900764 
270 29 8 10 0.022885058 
713 51 10 12 0.022852885 
601 7 9 10 0.022667665 
1 351 11 19 0.02265006 
238 87 7 9 0.022516169 
111 62 7 10 0.022447562 
665 45 9 12 0.02244028 
25 183 10 13 0.022384146 
142 32 7 10 0.022357557 
150 72 7 9 0.022345638 
575 70 7 10 0.02233122 
464 80 8 11 0.022272112 
458 30 7 9 0.022200616 
49 126 7 9 0.02215824 
442 54 7 10 0.022148084 
313 81 7 9 0.022147013 
599 15 8 11 0.022043481 
105 64 7 9 0.022041453 
345 22 7 9 0.022037322 
559 23 8 10 0.021997944 
263 97 8 9 0.021898726 
433 80 7 9 0.021806031 
656 63 7 10 0.021678502 
261 151 9 12 0.021629596 
394 24 7 10 0.021625075 
205 127 8 9 0.02161224 
487 31 8 10 0.021494407 
447 54 7 11 0.021490702 
191 128 8 10 0.021465918 
113 111 8 9 0.021455515 
454 108 8 10 0.021431237 
449 23 7 9 0.0213789 
670 63 8 11 0.021271575 
97 158 8 10 0.021260055 
282 120 8 10 0.021129688 
655 81 9 12 0.021119168 
392 8 8 9 0.021105284 
184 128 8 9 0.021052234 
247 76 8 11 0.02097218 
497 45 8 10 0.020947175 
266 29 8 11 0.020902751 
305 79 7 10 0.020897023 
520 61 8 10 0.020839809 
57 87 7 9 0.020665726 
619 99 17 22 0.020664547 
449 109 9 10 0.020653963 
241 39 8 9 0.020625718 
538 80 9 12 0.020595277 
103 166 8 9 0.020576393 
208 48 8 10 0.020539565 
151 159 7 10 0.020528127 
25 86 7 10 0.020499729 
88 79 8 9 0.020374017 
767 29 10 13 0.020373475 
536 24 8 10 0.02036038 
7 147 12 14 0.02026599 
30 189 21 29 0.020189514 
453 449 24 30 0.020183746 
56 94 8 10 0.020125149 
663 79 9 11 0.02011119 
72 86 8 10 0.020047322 
384 95 9 11 0.02002899 
