12_Group_Team_Organized_Group_12_Group_Team_Organized_Group_12_504
33
692 136 100 121 0.9991636 
429 91 107 135 0.9978567 
157 211 94 107 0.99475753 
632 146 54 69 0.2736694 
403 171 364 447 0.23116933 
328 106 99 129 0.14771712 
203 92 183 233 0.14464954 
386 98 97 127 0.14055039 
57 23 27 33 0.08455064 
557 41 48 52 0.066772856 
20 297 37 42 0.06265137 
524 220 191 303 0.057516817 
497 47 56 65 0.04369093 
209 190 107 120 0.04237823 
651 125 96 113 0.041762486 
475 64 65 75 0.041118376 
362 129 59 83 0.039269205 
91 22 369 405 0.037380666 
780 111 22 30 0.035330165 
635 159 33 40 0.030095603 
527 41 50 57 0.029515516 
804 116 15 17 0.028362127 
839 433 53 63 0.026572509 
154 228 18 21 0.02649787 
799 116 26 30 0.026204094 
66 31 16 21 0.025594475 
27 292 51 58 0.025036016 
786 116 12 18 0.024745218 
388 449 13 16 0.024428347 
820 508 12 15 0.024078349 
643 108 56 75 0.021008283 
58 649 30 31 0.020664852 
478 62 42 44 0.020630375 
