12_Group_Group_12_Group_Group_12_522
79
372 301 38 49 0.9985464 
504 390 44 53 0.99824214 
598 264 39 46 0.9979207 
266 293 38 49 0.9978377 
359 403 45 54 0.9976623 
655 396 43 54 0.99709415 
301 231 37 45 0.9970812 
723 293 38 52 0.9967847 
397 227 37 49 0.9963966 
792 283 44 53 0.99602664 
887 289 43 55 0.99576306 
491 246 41 54 0.9936134 
189 230 39 50 0.9912828 
684 228 42 49 0.9888094 
821 243 37 44 0.9850011 
113 230 40 47 0.98057425 
45 438 32 42 0.84035265 
583 748 20 19 0.19565885 
278 693 17 19 0.12077653 
811 255 42 53 0.115798764 
610 715 17 21 0.110311896 
337 623 18 22 0.10690994 
605 628 22 27 0.075542524 
381 21 16 18 0.06015352 
826 726 23 27 0.058411527 
338 208 15 19 0.05643135 
421 701 17 22 0.05084284 
866 750 18 17 0.05027319 
602 719 25 30 0.04945077 
441 576 17 23 0.049022734 
366 50 13 16 0.048947435 
372 52 14 17 0.045062046 
590 735 27 29 0.041805673 
749 172 9 11 0.04007217 
674 339 40 50 0.039848145 
498 735 20 23 0.038895305 
406 652 13 15 0.038676456 
6 454 31 36 0.037592225 
332 629 18 22 0.036066283 
50 435 18 24 0.033621468 
699 291 30 39 0.031392295 
0 443 17 20 0.029778523 
645 3 89 110 0.029657315 
426 401 36 51 0.028580748 
290 403 44 57 0.028504603 
62 442 20 23 0.028353378 
378 49 17 22 0.028106997 
427 631 28 30 0.027873179 
320 628 24 28 0.027609315 
379 639 17 21 0.027535519 
414 179 8 12 0.027185319 
443 746 15 18 0.027087538 
366 200 10 12 0.026994633 
494 715 14 17 0.026304184 
741 190 11 13 0.026236467 
583 722 45 45 0.026101213 
867 742 29 24 0.025452461 
570 712 20 22 0.025001585 
572 729 28 32 0.024907025 
735 175 10 10 0.024649693 
389 696 14 16 0.023876192 
572 706 16 17 0.023536056 
396 19 13 15 0.023512658 
598 730 17 20 0.02318636 
395 635 14 18 0.022330198 
370 633 17 22 0.022163598 
229 702 13 16 0.022063982 
412 643 15 17 0.021972815 
413 411 39 54 0.021749668 
37 445 23 37 0.021561012 
413 87 12 14 0.021212189 
492 712 24 30 0.021163603 
390 724 14 18 0.021128466 
609 622 17 20 0.021033261 
703 234 31 36 0.021015545 
146 356 397 472 0.02096683 
392 592 10 11 0.02087035 
226 231 23 31 0.020795103 
610 724 31 34 0.020445881 
