12_Group_Team_Organized_Group_12_Group_Team_Organized_Group_12_418
421
300 368 26 33 0.99912757 
470 375 25 32 0.9977018 
404 260 23 31 0.9951751 
154 170 16 21 0.9915132 
187 186 16 21 0.98945504 
258 224 16 21 0.9884735 
316 282 22 28 0.9884058 
716 213 17 21 0.9881585 
509 210 16 21 0.9872426 
393 403 23 28 0.98680544 
563 221 16 21 0.9851533 
305 205 18 22 0.98158115 
620 215 16 20 0.97925925 
167 354 22 28 0.9785638 
634 363 22 27 0.9755612 
657 305 22 27 0.97357756 
204 205 18 21 0.97136575 
559 367 24 28 0.9693486 
514 288 20 26 0.95988065 
379 145 13 17 0.9585406 
406 163 12 17 0.95834047 
805 180 19 27 0.9578781 
600 194 14 19 0.95494974 
620 171 13 17 0.9497638 
455 218 16 20 0.9404484 
407 220 15 20 0.93338144 
148 215 19 24 0.9304625 
135 192 15 20 0.92378294 
553 186 13 17 0.91890866 
248 185 16 18 0.91329646 
283 85 15 18 0.90276897 
650 107 12 16 0.8793358 
666 212 16 19 0.87466943 
360 227 16 21 0.86952794 
207 167 13 17 0.85111463 
311 182 13 15 0.8495679 
461 139 12 16 0.8372623 
649 187 13 18 0.8329751 
237 348 23 28 0.80797064 
325 140 12 16 0.7990898 
403 191 14 18 0.78197795 
268 136 13 16 0.78184724 
27 208 23 26 0.7796172 
295 35 12 14 0.7406708 
90 186 15 20 0.72019374 
102 174 15 18 0.7169942 
551 158 13 16 0.71650076 
93 227 17 20 0.7044157 
360 137 13 15 0.68402153 
499 189 13 17 0.62378824 
319 83 13 17 0.615041 
697 189 12 16 0.6136383 
123 140 13 17 0.57110476 
305 158 14 17 0.56850725 
495 168 12 16 0.5593081 
254 162 13 16 0.51210576 
485 153 13 16 0.49228615 
750 202 13 19 0.4617009 
581 126 10 13 0.4466008 
411 74 11 15 0.434954 
242 76 14 16 0.42792183 
532 147 11 15 0.4264464 
578 172 12 15 0.3988647 
501 142 12 15 0.37967366 
599 159 11 14 0.36425284 
429 143 10 13 0.3597448 
611 143 11 14 0.35383642 
357 189 13 17 0.3484595 
22 229 11 16 0.3031748 
221 158 12 15 0.27857873 
647 159 11 13 0.27832794 
306 141 13 16 0.24907096 
222 75 15 20 0.24069677 
266 68 10 14 0.2238071 
550 132 12 16 0.22157928 
622 130 10 13 0.21673907 
542 195 11 15 0.2083712 
522 177 14 17 0.20790035 
429 475 11 14 0.20103346 
696 273 13 15 0.19114041 
514 154 12 16 0.174706 
595 242 16 19 0.17050332 
375 80 10 14 0.16689603 
523 324 13 18 0.16665289 
342 147 12 15 0.16647951 
61 227 13 18 0.16605462 
632 240 11 16 0.14863476 
599 443 13 17 0.14786176 
342 174 12 15 0.13967937 
484 196 14 17 0.13793868 
299 52 11 13 0.13487312 
582 159 10 11 0.13201016 
450 187 14 18 0.12859228 
577 141 11 14 0.11672207 
246 289 24 28 0.11627821 
288 252 22 26 0.11356534 
423 147 12 15 0.10970854 
578 165 13 15 0.102960445 
359 172 13 15 0.09482142 
509 149 12 15 0.09470624 
189 465 14 18 0.09407425 
608 99 9 12 0.09379069 
634 90 13 17 0.093354076 
179 149 12 15 0.09329133 
591 248 13 18 0.09151758 
55 226 13 18 0.09065727 
270 154 14 19 0.089316815 
398 62 11 13 0.086334124 
308 78 11 14 0.086267374 
679 294 12 16 0.08492618 
654 164 11 16 0.082560934 
635 173 11 15 0.08251464 
450 161 13 16 0.081498556 
568 102 10 12 0.081020586 
687 149 11 13 0.07994118 
358 180 14 18 0.07966464 
444 243 16 20 0.07959698 
134 146 11 15 0.07902421 
297 264 22 28 0.07606874 
140 148 10 14 0.07558239 
628 172 12 16 0.07540308 
639 394 12 15 0.074830994 
671 166 11 15 0.07437181 
299 32 12 14 0.074290216 
581 93 9 12 0.07403181 
389 84 10 14 0.06851968 
367 119 10 13 0.06788766 
176 165 13 17 0.0671296 
304 71 10 12 0.06546429 
241 94 11 14 0.06509491 
340 194 14 20 0.063594885 
182 121 11 15 0.06356562 
423 134 10 12 0.06309637 
495 193 13 17 0.062075887 
79 182 10 13 0.061627675 
348 77 11 12 0.0614996 
278 177 11 15 0.061095234 
365 124 13 15 0.060980584 
389 165 9 12 0.0608052 
27 223 16 20 0.060527552 
333 78 10 12 0.060227998 
487 161 14 18 0.059554793 
459 272 18 21 0.059357654 
674 441 14 17 0.059309386 
316 46 9 11 0.059034895 
370 476 14 16 0.057689525 
541 172 10 12 0.057001553 
663 107 12 16 0.056879275 
345 47 10 13 0.056506556 
614 99 10 12 0.055770576 
453 50 12 15 0.05571768 
268 73 11 14 0.05529588 
592 162 11 14 0.055187672 
362 187 12 16 0.055101085 
699 184 13 16 0.052757114 
543 167 8 12 0.052046318 
696 201 11 14 0.05196655 
562 379 17 21 0.05125222 
382 378 15 22 0.050955806 
663 134 12 15 0.05094454 
577 158 10 13 0.050461728 
129 110 10 12 0.050019927 
212 75 16 21 0.04975249 
260 20 11 15 0.04906974 
136 126 9 10 0.04807319 
268 101 11 13 0.047842827 
559 94 11 15 0.047579035 
101 135 9 12 0.04752597 
471 244 13 15 0.04750994 
348 85 11 13 0.047298636 
597 277 11 15 0.047013298 
365 195 13 18 0.04699563 
302 94 11 14 0.046991833 
285 244 17 20 0.04592507 
578 131 11 14 0.04574348 
383 83 11 14 0.04534127 
324 100 11 13 0.045322817 
359 70 10 13 0.045229346 
358 166 12 14 0.045224283 
570 106 12 14 0.045084067 
493 147 13 17 0.044884846 
446 192 13 18 0.044350725 
62 278 12 15 0.044303063 
350 192 13 18 0.043688014 
204 101 10 13 0.04350186 
579 147 11 14 0.042674992 
640 159 9 12 0.041681785 
331 53 11 12 0.041556142 
535 164 11 14 0.041530997 
288 64 9 12 0.04152976 
496 217 14 19 0.041375525 
670 157 8 11 0.04129694 
79 211 13 17 0.041275967 
290 88 14 18 0.041247502 
349 141 11 14 0.041133493 
387 46 12 13 0.04112293 
422 124 12 15 0.040597234 
631 297 12 16 0.04052338 
694 142 9 11 0.040457137 
69 108 11 14 0.040450636 
775 259 10 12 0.039892543 
549 150 13 17 0.039866854 
303 272 24 30 0.03979109 
523 185 15 17 0.039462306 
633 111 9 11 0.039398175 
580 87 9 12 0.03927138 
310 38 10 13 0.039013345 
292 264 16 21 0.03876742 
302 82 11 15 0.038756408 
414 90 11 13 0.038683552 
276 37 12 13 0.03863579 
478 198 15 19 0.0384899 
481 149 12 16 0.038379006 
603 388 12 14 0.038154434 
735 294 11 13 0.038149603 
429 135 10 14 0.038016204 
591 276 11 14 0.03782868 
660 165 11 15 0.037146725 
340 225 14 17 0.037003204 
336 101 9 11 0.036997475 
600 99 10 13 0.0369131 
215 140 11 13 0.03681218 
638 164 10 13 0.036595374 
621 266 15 19 0.036560353 
207 74 13 19 0.036505572 
383 236 11 14 0.036076654 
554 51 101 128 0.035957906 
299 43 12 15 0.035430085 
354 452 14 18 0.035368063 
453 125 11 13 0.035178654 
356 106 13 16 0.034829255 
86 228 16 19 0.0347855 
777 254 10 13 0.03467353 
775 229 11 15 0.03388381 
310 82 12 16 0.033860736 
175 154 14 17 0.033799298 
636 117 11 12 0.03364142 
812 206 14 17 0.03330609 
308 134 13 17 0.033302836 
436 158 10 13 0.033042528 
616 165 14 18 0.03289282 
635 98 12 15 0.0327592 
673 461 11 13 0.032554556 
204 185 13 17 0.032537874 
308 173 15 19 0.032227714 
666 231 15 19 0.032005012 
238 375 16 20 0.031686787 
389 108 11 13 0.031646762 
467 171 14 16 0.03163497 
130 141 12 15 0.03159924 
203 268 17 21 0.031321596 
494 177 15 19 0.03130236 
615 241 12 16 0.031222673 
351 71 9 12 0.03118175 
85 182 15 19 0.031054128 
400 55 10 13 0.030996263 
370 199 14 18 0.030851336 
172 481 10 13 0.030714786 
88 142 8 10 0.030342652 
703 159 8 10 0.03030811 
642 267 15 20 0.030007264 
816 279 11 13 0.029831288 
291 80 13 15 0.029822797 
205 176 15 19 0.029690843 
374 93 10 12 0.029613648 
667 139 10 12 0.029419795 
735 274 14 19 0.02913765 
603 156 11 15 0.029013947 
615 441 13 17 0.02899583 
372 118 10 13 0.028779693 
284 262 16 21 0.028705206 
214 149 12 15 0.02861611 
632 158 11 13 0.02853244 
220 187 13 17 0.028452598 
258 26 12 15 0.028412197 
97 183 16 20 0.028401947 
437 53 11 13 0.028401786 
293 68 10 13 0.028044846 
535 195 12 16 0.02799641 
662 157 10 13 0.027920587 
437 179 13 17 0.02786325 
248 162 14 17 0.027846392 
358 126 13 16 0.027671855 
471 122 12 15 0.02762049 
420 154 11 15 0.027489705 
460 348 12 18 0.02747119 
564 94 11 14 0.027269013 
41 216 15 21 0.027188005 
304 146 18 21 0.027109079 
564 159 10 12 0.027057558 
711 196 10 14 0.026988463 
677 502 9 11 0.026832746 
650 203 14 16 0.026736282 
532 135 11 14 0.02651891 
619 79 11 14 0.026455704 
275 160 13 17 0.02635996 
498 71 109 146 0.026204074 
141 142 11 14 0.026191153 
161 251 17 19 0.02618228 
595 256 14 17 0.026142512 
412 158 12 16 0.026141884 
404 140 10 13 0.026118612 
293 62 10 12 0.026064219 
844 168 13 17 0.02601129 
384 126 9 11 0.026000144 
490 170 12 16 0.02597476 
248 61 10 14 0.02594906 
188 225 15 19 0.025902968 
110 127 9 11 0.025899366 
541 148 11 15 0.02580626 
389 103 10 12 0.025753254 
22 218 16 20 0.025689486 
177 122 10 14 0.025624877 
446 182 12 16 0.025531651 
417 150 10 13 0.025407761 
788 188 12 16 0.025376748 
85 313 18 19 0.025213966 
592 93 10 14 0.025044125 
449 127 9 12 0.025013227 
259 37 10 13 0.024951505 
400 429 17 20 0.024940174 
575 135 18 23 0.024860926 
672 453 12 14 0.02484219 
500 136 11 15 0.024833644 
696 168 8 10 0.024790877 
448 53 12 14 0.024765823 
534 346 15 20 0.024628524 
414 64 9 12 0.024617407 
421 116 11 13 0.024564529 
256 44 11 13 0.024518946 
727 292 10 14 0.024496706 
529 154 11 15 0.024415035 
628 131 11 14 0.024310334 
718 472 9 11 0.02428363 
385 92 9 13 0.024225757 
689 421 11 15 0.024203397 
442 545 22 28 0.02415769 
349 181 12 16 0.024143402 
260 157 12 17 0.024000512 
366 77 12 14 0.023957085 
577 121 18 22 0.023899807 
375 34 11 15 0.023882538 
360 86 10 12 0.023852086 
602 163 12 14 0.023843978 
328 48 10 13 0.02382434 
353 103 11 13 0.023803141 
430 164 12 14 0.023680482 
617 84 9 12 0.023604428 
167 135 11 13 0.023579206 
138 250 16 19 0.023562027 
141 127 8 10 0.023509093 
266 192 15 19 0.023383591 
243 219 14 19 0.023308285 
359 38 11 12 0.023283442 
467 179 15 18 0.023247674 
543 227 14 18 0.02316795 
518 163 12 14 0.02303815 
359 117 12 14 0.023033494 
15 228 13 17 0.023002582 
396 416 23 27 0.022944445 
688 184 11 14 0.02291721 
670 152 9 11 0.022881635 
5 284 10 11 0.022832341 
309 93 11 14 0.022789655 
366 94 10 12 0.022766646 
164 156 12 15 0.022628563 
181 143 12 14 0.022599166 
839 365 25 36 0.02259215 
692 426 10 13 0.022585966 
63 300 10 12 0.022575993 
319 7 11 13 0.022436693 
88 150 8 10 0.022436654 
638 126 10 12 0.02242446 
400 36 9 11 0.022410113 
222 463 10 12 0.022401245 
385 147 13 16 0.022341669 
286 19 11 13 0.02231215 
390 231 10 15 0.02215136 
125 152 13 15 0.02209554 
420 165 11 14 0.022049781 
5 227 15 18 0.0220366 
159 152 11 13 0.021885931 
359 92 11 13 0.021843042 
392 66 11 13 0.021836834 
335 107 11 14 0.02183529 
630 165 12 16 0.02175467 
429 169 14 16 0.021727156 
417 123 10 15 0.021547189 
463 179 11 16 0.021510556 
502 215 15 20 0.021461347 
47 225 13 18 0.021446785 
701 212 13 16 0.0212868 
447 132 12 16 0.021242028 
694 157 9 11 0.021185532 
703 456 9 11 0.02117385 
676 167 10 13 0.021130744 
440 195 12 16 0.02107712 
374 61 12 14 0.021076415 
646 153 19 25 0.021004828 
300 278 16 23 0.020996796 
388 126 10 12 0.020909153 
647 170 11 16 0.020805938 
633 148 10 13 0.02078769 
581 98 11 15 0.020691447 
244 99 10 12 0.020572951 
549 218 13 18 0.02056198 
270 56 10 13 0.020544315 
220 139 11 13 0.020534933 
574 118 13 14 0.020406675 
107 182 14 20 0.020406237 
309 232 13 16 0.020404963 
632 142 10 12 0.020379564 
198 292 14 17 0.020320397 
288 36 11 15 0.020297928 
97 139 9 11 0.02026942 
325 79 12 16 0.020263426 
335 147 11 15 0.020262007 
364 166 11 13 0.020248532 
525 165 11 13 0.020234026 
68 222 12 16 0.020150015 
342 93 11 13 0.020109113 
