12_Group_Large_Group_12_Group_Large_Group_12_213
151
583 283 15 17 0.9427282 
669 278 13 17 0.9417367 
351 358 32 33 0.93712765 
470 297 17 22 0.9255912 
245 301 18 24 0.8984661 
850 266 17 22 0.87970203 
276 314 24 26 0.86200744 
404 291 13 15 0.8098179 
836 351 29 30 0.8041733 
292 285 14 17 0.80414706 
580 316 18 23 0.7164374 
697 311 16 19 0.66200393 
167 414 33 32 0.6435996 
490 354 18 23 0.5603096 
0 383 21 39 0.48010045 
764 304 14 18 0.37316385 
884 281 14 17 0.3658756 
721 378 26 28 0.36059442 
427 316 13 17 0.3332381 
550 306 9 12 0.326255 
415 303 11 14 0.31874794 
730 301 24 29 0.26279145 
518 339 13 18 0.211425 
739 275 12 14 0.21124138 
231 329 15 18 0.17316823 
548 327 15 19 0.14637554 
411 293 12 14 0.1254144 
592 398 13 17 0.124278374 
545 307 9 12 0.11731203 
450 290 13 16 0.10800517 
180 401 25 32 0.107898325 
656 296 20 27 0.104688175 
298 349 16 17 0.09732641 
581 309 15 18 0.075438716 
466 347 13 18 0.06931963 
671 274 10 12 0.06666654 
735 291 24 29 0.06593938 
940 321 15 18 0.065794125 
509 336 16 21 0.06276824 
503 333 14 18 0.059098072 
482 298 13 18 0.058319192 
739 282 16 17 0.05077082 
420 307 13 16 0.050283045 
435 349 13 16 0.050208777 
255 425 15 17 0.048122857 
378 349 20 27 0.047712643 
494 339 12 16 0.047477387 
238 305 17 20 0.044918682 
669 368 12 17 0.044312745 
578 284 12 16 0.04362568 
271 356 14 15 0.04342968 
840 336 31 36 0.04307595 
434 314 13 16 0.042324163 
402 412 18 20 0.03968918 
532 362 15 18 0.039091565 
408 307 9 13 0.038293354 
525 363 14 17 0.038168013 
710 372 10 15 0.038073752 
548 315 16 20 0.036943465 
707 374 26 35 0.03675104 
598 277 9 12 0.036362074 
227 328 26 27 0.036181297 
75 514 12 16 0.036028083 
592 394 10 12 0.035760343 
748 376 25 31 0.035609268 
271 320 18 20 0.034605406 
542 270 8 11 0.033646714 
996 355 27 35 0.033641137 
445 363 17 22 0.033530504 
452 334 10 13 0.033400234 
946 315 17 20 0.033329513 
664 305 16 20 0.032690182 
543 321 15 20 0.032663073 
855 261 19 23 0.032525256 
537 308 10 12 0.032440133 
735 379 18 22 0.032337822 
893 290 11 17 0.032200575 
847 321 31 36 0.03192117 
306 347 13 17 0.030649368 
25 468 78 114 0.030589126 
478 347 26 30 0.030505719 
749 355 14 18 0.030271253 
663 367 13 20 0.030175796 
870 284 27 33 0.03014148 
386 347 14 21 0.029495934 
397 308 13 17 0.029083 
447 338 11 15 0.028644536 
653 292 15 20 0.028545525 
983 334 38 59 0.028336944 
644 285 12 16 0.028308801 
771 302 12 16 0.028062925 
525 317 10 14 0.027981348 
523 342 14 20 0.027913686 
640 289 12 16 0.027886663 
684 389 16 20 0.027863415 
748 285 12 17 0.027794851 
613 307 9 12 0.027625665 
497 275 10 14 0.027515354 
464 343 13 14 0.027440911 
427 417 44 52 0.027177803 
289 321 13 17 0.026839674 
954 315 15 17 0.026823912 
444 428 12 15 0.02677496 
647 279 9 13 0.026247011 
284 345 24 28 0.025685966 
725 299 17 23 0.025516132 
654 284 12 16 0.025370663 
297 358 17 19 0.024567168 
589 406 14 18 0.024408257 
854 311 27 30 0.024303705 
423 416 13 17 0.023980912 
856 298 26 29 0.023883397 
389 340 10 14 0.02385182 
699 303 15 19 0.023784088 
648 297 12 15 0.02357736 
940 308 15 19 0.023500107 
400 297 12 15 0.023398427 
367 365 17 23 0.023274368 
733 291 16 20 0.023175353 
536 301 10 14 0.0231261 
338 306 14 18 0.02289942 
533 293 11 15 0.022809824 
273 362 15 18 0.02237096 
671 262 9 12 0.02235898 
403 329 15 19 0.022197163 
519 318 10 13 0.022191515 
648 343 19 28 0.022150714 
452 340 11 13 0.022107672 
554 309 11 14 0.021983227 
450 344 22 26 0.021894442 
544 304 19 25 0.021872874 
503 385 14 20 0.021866577 
754 305 22 27 0.021578195 
270 287 9 11 0.021451872 
405 314 13 17 0.021404542 
534 322 11 16 0.021375705 
414 315 13 18 0.021297473 
480 269 9 10 0.021178784 
368 333 12 13 0.021065077 
384 330 12 16 0.02100772 
525 322 12 17 0.02092663 
158 417 49 55 0.020851957 
947 326 15 21 0.020791642 
54 438 29 34 0.02075164 
675 271 12 13 0.020426396 
765 296 12 16 0.020340597 
859 274 27 33 0.02030899 
543 284 10 13 0.020271208 
270 294 11 13 0.020260312 
594 283 11 15 0.020051867 
509 324 13 17 0.020037733 
