12_Group_Team_Organized_Group_12_Group_Team_Organized_Group_12_855
60
805 280 31 35 0.9957837 
746 278 27 32 0.9901001 
724 250 25 29 0.9717727 
889 240 29 37 0.967819 
674 285 25 29 0.8262235 
825 340 24 30 0.7082606 
799 374 35 38 0.30030113 
735 250 26 28 0.18549174 
936 490 13 17 0.11177383 
536 443 11 15 0.11090691 
661 337 16 18 0.10517526 
352 407 9 11 0.0936207 
736 267 26 32 0.0930609 
220 267 22 27 0.07166124 
990 409 25 31 0.06607484 
980 420 23 32 0.05743859 
680 347 12 15 0.057215583 
160 465 11 14 0.056925997 
651 337 15 18 0.05618082 
359 456 11 12 0.0553146 
629 269 30 33 0.052024864 
78 474 10 13 0.050602634 
808 350 17 20 0.047798272 
1011 411 12 18 0.041353703 
900 296 39 49 0.03720904 
608 381 13 16 0.037038025 
823 426 15 17 0.03695582 
1003 409 17 21 0.036929462 
322 389 15 19 0.032154284 
976 491 13 16 0.031435467 
682 276 18 23 0.030361438 
688 283 16 21 0.030213172 
975 427 14 18 0.030145558 
752 252 16 20 0.029895008 
583 398 11 14 0.029590389 
630 288 14 19 0.028774058 
745 261 27 33 0.028133139 
343 453 7 10 0.027700493 
727 271 19 23 0.02762938 
707 253 13 16 0.02743738 
143 478 9 10 0.026781335 
600 267 17 21 0.026395354 
336 452 8 10 0.026321799 
328 454 8 10 0.026090099 
391 419 24 31 0.026038455 
896 235 22 26 0.025375133 
150 469 8 10 0.02513978 
614 323 10 12 0.02406586 
990 407 16 19 0.023951406 
176 345 123 172 0.023678804 
667 344 14 16 0.023270475 
263 488 9 11 0.021697076 
229 523 11 11 0.021657348 
168 393 15 17 0.021351224 
635 297 13 15 0.02118153 
180 473 15 17 0.021132348 
645 290 13 16 0.020765482 
997 429 15 20 0.020274041 
706 251 23 29 0.020083576 
499 464 13 17 0.020029355 
