12_Group_Large_Group_12_Group_Large_Group_12_94
102
647 194 64 84 0.99948704 
824 106 63 75 0.999419 
404 135 72 87 0.9987362 
654 112 57 68 0.9986493 
204 112 74 90 0.99863166 
327 0 30 33 0.99681515 
375 62 60 76 0.99467385 
874 50 46 58 0.99455017 
697 54 44 57 0.9945327 
711 1 44 43 0.9936113 
361 8 45 52 0.98366517 
165 78 46 63 0.9782195 
84 43 54 68 0.74168426 
874 29 30 36 0.28439227 
676 -1 36 36 0.21455254 
888 -1 30 32 0.18448204 
292 0 29 26 0.17687745 
335 111 42 52 0.16128021 
948 0 29 26 0.14166202 
874 5 32 38 0.12524644 
759 97 34 42 0.11445646 
511 5 20 19 0.096017756 
690 4 36 39 0.09551397 
133 0 32 45 0.08089763 
655 30 40 51 0.08075155 
752 48 39 57 0.07753539 
451 62 34 45 0.0767092 
534 19 30 38 0.07634724 
946 3 41 41 0.07175216 
180 82 53 71 0.06883113 
765 0 28 24 0.065865204 
49 38 30 42 0.063335225 
693 1 20 21 0.0626001 
677 14 37 44 0.06218197 
522 2 51 52 0.05861266 
28 3 26 24 0.058430046 
580 73 27 44 0.056571525 
781 1 23 23 0.054368615 
739 0 32 28 0.05241426 
588 6 44 51 0.05232838 
175 55 53 69 0.0517538 
852 89 56 70 0.050383046 
77 18 26 30 0.049046274 
0 13 30 38 0.048484977 
460 29 31 42 0.046887774 
342 2 42 47 0.043299414 
142 73 51 68 0.043213483 
648 47 34 42 0.042804208 
798 2 25 24 0.042570785 
1 91 24 43 0.041049622 
809 1 26 25 0.040547878 
513 2 32 31 0.040533386 
17 37 37 43 0.038724575 
36 41 31 42 0.038713105 
664 -2 34 29 0.038202617 
68 20 56 61 0.0377849 
677 35 31 45 0.03763734 
34 2 15 13 0.037535682 
875 13 19 23 0.03657944 
53 38 53 62 0.036402375 
466 5 49 54 0.036093622 
4 11 53 62 0.035245713 
604 110 24 31 0.034878112 
505 109 30 42 0.034044277 
289 31 44 56 0.03265278 
175 18 50 55 0.032266848 
155 0 47 46 0.030668586 
875 72 50 68 0.029942147 
765 40 42 56 0.029792465 
870 34 15 21 0.029445315 
518 87 31 32 0.028747533 
876 3 19 21 0.02839575 
464 14 29 36 0.028032934 
596 1 16 12 0.027997073 
463 37 43 57 0.02788056 
551 1 58 54 0.02730307 
19 66 51 76 0.027277896 
753 -3 30 31 0.027123375 
293 189 49 62 0.026662786 
1 -1 19 20 0.026598055 
0 17 13 23 0.02631966 
262 0 46 45 0.026254006 
959 0 38 28 0.026197856 
36 23 17 20 0.026173389 
514 1 16 13 0.02561126 
902 0 20 22 0.025567893 
417 -1 30 36 0.025030408 
413 32 13 19 0.024738602 
52 62 14 20 0.024311189 
603 0 15 12 0.024255777 
471 1 31 31 0.023796974 
847 -2 22 25 0.023714265 
787 45 38 52 0.023112474 
2 10 17 21 0.022451624 
533 25 16 21 0.02241317 
874 22 22 29 0.021800514 
689 27 35 41 0.020942135 
631 60 38 49 0.02092467 
23 18 29 40 0.020675827 
999 176 24 46 0.020593932 
410 7 26 39 0.020499118 
992 112 36 57 0.020257132 
