12_Group_Large_Group_12_Group_Large_Group_12_112
40
221 30 72 112 0.987111 
243 410 121 91 0.32160956 
644 392 56 83 0.26116207 
511 295 33 60 0.16854784 
399 274 41 36 0.13793771 
-13 366 95 141 0.08670333 
460 332 57 64 0.07608673 
902 287 36 37 0.06522289 
494 530 66 83 0.060801417 
210 396 201 226 0.056474123 
868 298 25 28 0.054277197 
947 219 36 34 0.05418594 
444 233 63 68 0.045626726 
485 312 55 69 0.044711713 
912 275 30 35 0.042384546 
487 222 34 51 0.03980292 
423 253 60 58 0.03848394 
914 260 33 38 0.034319382 
470 180 44 78 0.03397583 
353 497 96 144 0.030337403 
938 235 47 48 0.02995804 
411 268 17 20 0.028952813 
904 333 47 52 0.028315011 
997 447 24 45 0.027947158 
498 497 107 143 0.025484504 
467 214 50 75 0.0249044 
391 522 61 93 0.024704136 
386 478 59 83 0.024395902 
405 264 53 57 0.023737205 
261 105 27 39 0.0231298 
612 366 81 97 0.02215449 
922 283 17 21 0.02152457 
498 246 28 44 0.021388609 
910 551 48 63 0.021248523 
895 299 36 35 0.021151934 
905 356 44 52 0.021119988 
910 302 48 49 0.020951629 
456 243 32 31 0.020792443 
417 273 19 22 0.02049378 
496 269 48 67 0.020273473 
