12_Group_Team_Organized_Group_12_Group_Team_Organized_Group_12_101
49
911 509 20 27 0.4588507 
149 377 58 71 0.16641301 
153 958 63 74 0.10863391 
794 525 17 22 0.09678451 
528 507 12 16 0.09600401 
581 502 15 18 0.07616266 
850 510 23 29 0.07125086 
533 549 11 14 0.06623395 
840 513 22 30 0.06053774 
350 1305 16 20 0.058277655 
499 459 14 17 0.046039324 
604 546 13 16 0.04402549 
60 252 14 19 0.042424954 
604 335 14 20 0.038939986 
684 576 15 19 0.038869243 
527 515 13 16 0.038675375 
1000 358 10 13 0.036989152 
740 512 23 29 0.03638813 
697 482 24 28 0.035664994 
691 508 24 31 0.03334555 
484 459 11 15 0.03185948 
631 259 13 17 0.03141921 
919 479 13 16 0.03099142 
779 524 11 15 0.030367332 
251 322 27 33 0.029450854 
709 442 15 17 0.029094825 
256 1162 47 45 0.028053531 
637 483 22 27 0.027297206 
479 453 13 14 0.026884982 
587 315 17 22 0.026722848 
716 441 15 17 0.025932625 
845 473 12 15 0.025690513 
1008 326 10 13 0.025028769 
258 388 61 78 0.024250006 
576 505 13 18 0.024029756 
583 496 13 15 0.023930414 
585 505 26 33 0.022849092 
599 514 24 33 0.022718197 
528 568 11 12 0.022554358 
335 131 16 20 0.022171663 
565 501 10 13 0.02165324 
407 1334 27 31 0.021002827 
815 538 11 14 0.020687334 
165 951 43 51 0.020455828 
733 443 14 15 0.020440407 
835 521 15 21 0.020421628 
328 581 11 14 0.02039929 
920 478 23 27 0.020192653 
674 541 10 13 0.020023119 
