12_Group_Team_Organized_Group_12_Group_Team_Organized_Group_12_583
98
814 292 60 77 0.9936672 
571 221 25 33 0.9918452 
922 249 37 45 0.9750669 
525 275 42 56 0.96026665 
143 44 34 38 0.9448056 
252 226 57 58 0.9253044 
828 226 29 34 0.89552945 
994 156 24 29 0.68176645 
701 144 22 25 0.670307 
832 177 20 21 0.59505737 
434 217 24 30 0.4364699 
394 179 18 22 0.35394445 
364 76 14 20 0.32175577 
666 193 25 30 0.23989871 
534 137 25 31 0.20745644 
990 229 23 34 0.20214956 
246 54 47 58 0.12939462 
544 222 29 36 0.12552252 
853 202 17 20 0.108859435 
491 102 25 32 0.099193096 
591 299 35 40 0.07534027 
554 217 43 50 0.073056705 
890 219 16 19 0.06640818 
674 302 68 58 0.06407703 
462 225 27 32 0.062579975 
758 139 14 18 0.05518198 
924 216 18 23 0.05443306 
371 117 46 53 0.051475186 
819 198 17 22 0.04996047 
490 86 28 35 0.04744757 
876 208 14 19 0.04487553 
601 105 41 48 0.042450458 
826 187 21 28 0.041344587 
354 66 45 61 0.04105985 
548 56 52 69 0.040680956 
835 191 16 21 0.040015325 
361 74 25 34 0.03918249 
291 78 54 69 0.038752925 
700 156 19 21 0.037196405 
271 67 51 63 0.036872234 
476 29 33 48 0.03591007 
259 67 18 21 0.03442541 
116 78 11 15 0.03302349 
772 140 13 18 0.031355817 
227 37 75 96 0.031346913 
492 79 44 54 0.0299273 
992 213 30 39 0.029421512 
366 86 14 19 0.02854858 
329 50 80 110 0.02820469 
839 182 17 21 0.027799346 
762 144 17 22 0.027691625 
996 171 18 23 0.027238416 
370 71 25 31 0.027183654 
756 170 17 20 0.02659451 
621 291 13 18 0.026471503 
564 248 29 33 0.026018674 
584 174 31 34 0.025707837 
930 209 16 20 0.025703836 
876 164 14 18 0.025631208 
407 92 15 18 0.025224658 
920 223 26 33 0.025036227 
747 155 14 18 0.024551844 
524 131 40 50 0.024153322 
931 203 14 17 0.024133783 
933 172 12 15 0.023559827 
242 232 86 86 0.023518791 
989 153 37 50 0.023399254 
303 95 57 73 0.02305489 
705 195 17 20 0.023036288 
508 27 12 14 0.022658432 
411 104 13 17 0.021842679 
711 155 23 27 0.02165543 
377 139 45 52 0.021586994 
701 170 16 18 0.02156894 
361 71 12 16 0.021559114 
650 93 114 131 0.021520717 
901 153 15 17 0.021508448 
360 86 53 69 0.021478161 
688 294 38 34 0.021332147 
740 171 16 18 0.021226915 
855 70 11 14 0.021077437 
779 145 16 20 0.020999689 
821 138 13 15 0.020870762 
902 148 24 27 0.02082096 
908 198 22 27 0.020794254 
483 67 30 37 0.020773234 
609 137 32 34 0.020766545 
764 134 14 16 0.020697774 
771 314 50 63 0.02063877 
782 116 13 16 0.02054492 
85 60 32 38 0.020497225 
807 118 10 13 0.020401089 
480 56 46 63 0.020388886 
565 72 56 69 0.020343639 
822 200 24 29 0.020258594 
822 113 14 17 0.02016967 
885 212 14 18 0.020130774 
105 25 15 18 0.02001259 
