12_Group_Large_Group_12_Group_Large_Group_12_86
407
900 405 11 13 0.7553078 
620 392 10 12 0.6537679 
717 399 9 12 0.5942256 
919 407 10 12 0.5758462 
823 398 9 11 0.55906945 
702 394 11 13 0.5437021 
747 400 15 18 0.46211773 
984 406 9 12 0.43283367 
673 398 9 11 0.4168108 
598 395 9 12 0.3342229 
637 391 9 12 0.31158555 
958 392 8 12 0.29610485 
965 407 9 12 0.29467875 
712 398 10 12 0.28054625 
463 403 13 16 0.28002164 
577 391 7 10 0.2546588 
913 392 9 12 0.24663831 
856 393 8 11 0.24358484 
463 358 12 17 0.22236927 
685 439 9 10 0.21422628 
574 457 9 11 0.20980167 
877 418 15 19 0.20189185 
800 400 8 10 0.17512241 
272 384 9 11 0.17500189 
877 380 9 12 0.1741768 
871 404 10 12 0.17367047 
650 396 9 11 0.17214337 
703 437 7 10 0.16986342 
224 368 8 10 0.15529855 
511 405 10 13 0.14837684 
210 382 7 10 0.14374398 
144 383 8 10 0.13314816 
696 427 10 13 0.1312823 
503 410 11 13 0.12609732 
792 428 8 11 0.12241008 
768 396 9 11 0.11782407 
997 438 8 13 0.11717823 
702 430 9 12 0.1160961 
398 376 8 10 0.11469887 
542 391 7 11 0.10886064 
331 393 12 16 0.10498243 
364 407 9 13 0.10497745 
850 397 8 9 0.10474791 
901 431 9 11 0.103876576 
941 391 8 10 0.10002736 
927 413 9 11 0.099426724 
824 403 9 11 0.0981938 
816 416 9 10 0.097183354 
265 374 8 11 0.09641905 
44 362 11 13 0.0958203 
633 395 9 11 0.09497935 
756 419 14 17 0.09360712 
581 391 8 10 0.0933229 
990 399 9 11 0.09281514 
512 399 10 13 0.091858596 
663 417 8 11 0.091412395 
660 448 10 12 0.08940401 
491 481 14 17 0.088906616 
648 393 8 10 0.08884133 
142 366 11 15 0.086436935 
146 390 8 10 0.08567028 
394 375 8 10 0.08478705 
454 355 11 16 0.08450168 
249 383 7 9 0.084472016 
917 399 8 10 0.08358847 
199 367 9 10 0.082615815 
270 373 9 12 0.080869764 
719 428 12 14 0.079632804 
831 414 8 10 0.07958849 
623 448 9 12 0.07906521 
924 408 9 10 0.07793701 
544 413 9 11 0.077779695 
999 407 8 11 0.0764472 
985 402 10 11 0.07627446 
558 393 7 10 0.074958324 
724 421 11 14 0.07440241 
697 438 8 10 0.072156824 
209 376 7 9 0.07071091 
335 372 11 15 0.069844104 
68 370 11 16 0.06984128 
875 399 10 11 0.06874042 
737 413 9 13 0.06843559 
720 382 8 10 0.068009205 
774 399 7 9 0.06787056 
334 367 9 12 0.0674331 
438 348 10 12 0.06716134 
166 392 7 9 0.06653156 
276 367 9 12 0.06562359 
545 446 8 10 0.0647925 
464 387 12 15 0.064736776 
121 382 8 10 0.06426274 
937 381 9 11 0.063921966 
614 407 9 10 0.06383138 
185 358 8 10 0.06364196 
159 413 9 10 0.06354229 
594 391 8 11 0.06308431 
225 373 8 9 0.06292474 
240 366 7 10 0.06180317 
678 392 8 10 0.061800737 
408 364 8 10 0.06085063 
255 384 8 10 0.06009508 
339 379 14 18 0.05909962 
176 374 8 10 0.05902569 
687 443 8 11 0.058755036 
468 350 11 14 0.056961264 
799 429 10 11 0.0567543 
656 417 8 11 0.056735173 
232 374 7 10 0.055682596 
452 350 11 14 0.055673115 
552 428 10 12 0.055644546 
736 419 10 14 0.055412892 
727 384 9 10 0.05518452 
830 407 7 9 0.05504305 
153 409 8 10 0.055041354 
262 360 8 11 0.054744486 
329 371 9 13 0.05415541 
647 430 10 12 0.054029323 
954 390 9 12 0.05389528 
151 368 8 11 0.053691998 
687 391 8 10 0.0535656 
456 431 10 13 0.052760903 
169 368 8 10 0.05264309 
719 412 12 13 0.0524203 
840 407 7 9 0.052255128 
261 366 10 12 0.051356748 
806 438 9 11 0.05127961 
974 356 8 11 0.05016242 
215 388 7 10 0.05001913 
963 412 9 11 0.049701713 
416 365 8 11 0.04967204 
303 388 8 11 0.049366698 
698 374 8 11 0.04934967 
239 383 7 9 0.048503216 
229 368 8 9 0.04833778 
699 396 9 12 0.04776144 
766 420 10 13 0.046554573 
239 375 7 10 0.04603534 
748 407 17 19 0.045707174 
704 490 11 17 0.04564835 
517 362 11 14 0.04510162 
437 363 9 12 0.044495624 
536 461 8 11 0.044340134 
873 456 9 12 0.043319438 
824 414 9 11 0.043288127 
421 358 8 11 0.042842627 
417 422 10 13 0.042492263 
264 381 7 10 0.04248181 
720 435 12 14 0.042286687 
404 434 11 13 0.041691978 
303 367 9 11 0.04139769 
256 366 10 11 0.0412597 
866 406 9 11 0.04079488 
535 396 9 13 0.040746372 
720 391 9 12 0.040063217 
560 424 9 11 0.039939176 
726 389 9 12 0.03973685 
647 437 8 10 0.039411314 
418 360 7 10 0.03936337 
234 382 7 9 0.039283954 
736 428 10 14 0.03903433 
720 464 7 11 0.039023384 
699 422 11 14 0.03900182 
536 391 9 12 0.038902175 
528 391 9 11 0.0387986 
510 349 9 11 0.03879638 
359 367 8 11 0.03873458 
422 366 8 11 0.038679216 
464 356 20 25 0.0386433 
740 410 13 16 0.03861881 
421 350 10 12 0.038469277 
174 369 8 11 0.03816173 
511 344 7 9 0.03802903 
709 393 10 12 0.03796029 
571 459 10 13 0.03795699 
558 429 10 11 0.037856687 
277 383 8 11 0.03777166 
767 381 9 12 0.037491355 
932 415 9 11 0.037408825 
401 392 9 11 0.037155908 
248 376 6 9 0.03680642 
184 398 8 10 0.036689434 
240 399 7 10 0.03666874 
554 397 9 11 0.036591828 
360 399 8 10 0.03657253 
670 413 9 11 0.036503073 
31 364 9 12 0.036221705 
177 382 7 9 0.036211018 
937 377 8 11 0.03617778 
927 400 8 10 0.036005147 
680 432 8 11 0.0358526 
652 339 10 12 0.035675764 
191 389 8 10 0.035639476 
936 397 9 11 0.03555371 
630 453 8 11 0.035552196 
405 376 8 9 0.03540069 
570 406 7 9 0.03539871 
874 377 8 11 0.035360094 
279 406 7 10 0.03509377 
769 372 10 13 0.03478566 
551 407 8 10 0.034781612 
774 430 9 11 0.034638114 
170 373 7 9 0.034564458 
787 333 11 13 0.03453343 
249 389 8 10 0.034474995 
101 379 10 13 0.034195166 
665 398 9 12 0.033889037 
157 439 16 17 0.03382573 
201 372 8 10 0.033726986 
942 397 8 10 0.033696923 
255 389 7 9 0.033433627 
773 421 8 10 0.033251125 
913 407 9 11 0.03317073 
989 382 9 11 0.033049174 
461 424 10 11 0.033024687 
912 447 10 11 0.032756668 
976 412 8 11 0.032724578 
605 390 8 11 0.032700107 
619 453 8 11 0.03264821 
214 376 6 9 0.032516446 
193 366 7 10 0.031970248 
13 386 12 18 0.031959392 
423 390 10 11 0.031691156 
463 351 11 15 0.03168843 
975 351 9 11 0.031660624 
804 399 8 11 0.03159781 
433 366 8 11 0.031472262 
560 444 9 11 0.031336386 
845 462 10 14 0.031212993 
697 368 8 11 0.031024173 
756 437 11 13 0.031004136 
653 392 8 11 0.030897629 
576 394 10 14 0.030625476 
739 452 12 15 0.030514931 
393 369 8 9 0.030511094 
352 366 8 11 0.030469809 
813 437 8 11 0.030456485 
837 445 10 13 0.030407874 
860 391 8 11 0.030291853 
904 382 9 11 0.030087145 
533 476 16 21 0.029754661 
832 383 8 9 0.029568158 
120 389 9 12 0.029554578 
997 399 7 10 0.029414533 
827 365 8 11 0.029248776 
458 403 11 16 0.02918974 
864 434 11 14 0.029026087 
97 376 9 11 0.02891278 
831 446 10 12 0.028901199 
670 429 8 11 0.028860295 
976 407 9 11 0.028825492 
725 414 11 14 0.028795853 
484 341 10 12 0.02866658 
367 389 9 11 0.028648503 
535 471 11 15 0.028490704 
863 412 10 12 0.028316762 
711 471 9 12 0.028273597 
557 375 8 10 0.028271247 
556 472 11 13 0.028218042 
360 372 8 10 0.027891574 
735 453 10 14 0.02769853 
494 456 9 12 0.027596138 
429 398 10 12 0.027329097 
553 368 8 10 0.02729593 
383 424 11 13 0.027014636 
628 448 9 11 0.026974998 
209 387 9 11 0.026823014 
287 421 8 11 0.02679201 
975 375 9 11 0.026735395 
439 380 9 13 0.02670989 
806 431 8 11 0.026638618 
959 385 8 10 0.026628038 
616 356 8 10 0.026607418 
901 436 10 11 0.026560653 
649 415 9 12 0.026558988 
785 376 9 11 0.026433557 
190 384 8 10 0.026411768 
473 362 15 17 0.02640126 
664 391 8 10 0.026109103 
813 382 8 11 0.02605625 
148 372 9 11 0.026024476 
617 386 17 22 0.025985377 
455 360 13 18 0.025981603 
828 399 7 10 0.025806 
863 398 9 11 0.02575855 
698 393 8 10 0.02573312 
837 453 10 13 0.025714274 
518 349 9 11 0.025689708 
559 438 11 12 0.025586022 
943 376 8 10 0.02547742 
278 361 8 10 0.025386432 
541 472 10 13 0.025340907 
439 375 9 11 0.025331382 
760 383 8 10 0.025221657 
952 384 8 9 0.025219405 
388 405 9 13 0.025218774 
777 437 9 12 0.025183326 
894 367 7 8 0.025123602 
184 382 7 10 0.024989666 
954 438 8 10 0.02494763 
241 361 7 9 0.024917629 
149 383 8 10 0.024894038 
774 381 8 11 0.02474551 
736 406 10 14 0.024705088 
565 422 9 11 0.024454435 
465 396 14 19 0.02436681 
162 391 8 10 0.024357177 
688 432 9 11 0.024311135 
552 392 9 11 0.024252571 
601 413 8 10 0.024249095 
599 405 8 11 0.02414131 
137 371 11 13 0.024130238 
998 431 9 13 0.024081297 
669 423 9 10 0.024021003 
670 337 11 15 0.023879627 
296 358 7 9 0.023844028 
648 420 10 13 0.023765689 
919 382 10 11 0.023722876 
501 419 14 17 0.023719544 
199 361 8 9 0.023716386 
920 377 8 10 0.023681147 
125 352 10 12 0.023586195 
877 388 9 12 0.023556655 
998 351 8 11 0.02352707 
760 391 9 11 0.023492863 
224 383 8 10 0.023450905 
234 438 8 11 0.023363454 
818 404 8 11 0.023303553 
807 415 8 10 0.023287065 
981 367 8 10 0.02323082 
955 395 9 13 0.023124827 
121 352 8 11 0.023124697 
444 606 13 15 0.02308064 
617 374 9 12 0.02306574 
341 367 10 13 0.022982147 
241 405 7 10 0.022922374 
449 356 10 14 0.022899617 
800 415 9 11 0.02289923 
580 461 9 11 0.0228952 
520 344 8 10 0.02289481 
714 460 9 12 0.022825073 
960 422 9 11 0.022691645 
950 375 7 10 0.02264513 
543 441 9 11 0.022577614 
553 381 9 10 0.022567596 
631 386 18 22 0.022548608 
461 384 20 26 0.022506587 
928 420 10 12 0.022439161 
631 462 9 11 0.022391377 
617 382 9 12 0.022327116 
367 368 7 10 0.022275975 
592 349 9 10 0.0222196 
663 383 8 10 0.022210123 
182 375 7 10 0.022194296 
904 377 8 9 0.022173524 
695 417 11 12 0.02191165 
384 381 6 9 0.021845324 
789 380 8 12 0.021735149 
654 429 8 11 0.021633351 
724 397 10 12 0.021589166 
914 412 9 11 0.02157375 
432 355 20 28 0.021556193 
712 393 18 23 0.021555645 
462 371 22 28 0.02152453 
311 367 8 11 0.021440458 
459 434 11 14 0.021422181 
695 443 8 11 0.02130349 
530 396 9 12 0.021296749 
701 391 17 22 0.02129377 
751 392 9 11 0.021285264 
248 407 7 10 0.021278858 
672 373 9 11 0.021275349 
159 384 8 9 0.021206042 
785 421 9 10 0.021154637 
120 377 8 11 0.02113665 
678 412 9 11 0.021116072 
802 382 9 12 0.021107776 
751 381 9 10 0.02107918 
160 374 7 9 0.021057764 
135 359 11 13 0.02098756 
709 476 9 12 0.020943495 
743 382 8 10 0.020943247 
871 410 11 14 0.020867024 
536 445 9 12 0.020866597 
688 374 8 10 0.02082769 
814 431 8 11 0.02079711 
684 468 13 14 0.02079643 
713 381 9 11 0.020779278 
369 352 8 9 0.020750443 
717 375 9 11 0.020710647 
575 406 8 10 0.020700293 
366 399 8 10 0.020663539 
550 436 11 13 0.020651195 
591 408 8 10 0.020638373 
677 405 8 11 0.0205284 
438 387 11 13 0.020449355 
318 428 11 13 0.020444313 
504 396 11 14 0.020373177 
468 343 11 12 0.020351974 
830 440 9 11 0.020351827 
896 410 10 12 0.02025512 
184 406 9 11 0.020215431 
544 420 11 13 0.020188747 
820 393 18 23 0.020179806 
385 376 6 9 0.02006692 
928 376 6 10 0.020051014 
792 416 8 11 0.020049797 
125 383 7 10 0.020000651 
