12_Group_Group_12_Group_Group_12_434
23
814 208 44 72 0.9993863 
161 177 48 63 0.9932054 
550 183 30 45 0.98267627 
410 179 41 46 0.9766703 
736 234 44 60 0.45489234 
153 215 38 67 0.2989764 
702 198 34 47 0.1780849 
692 250 31 52 0.108226635 
881 207 27 50 0.100327276 
768 263 47 74 0.052362766 
719 242 40 58 0.047857262 
81 167 8 11 0.0451882 
769 216 38 63 0.03917008 
574 215 35 40 0.03848103 
425 171 25 38 0.03401158 
724 209 52 69 0.03232137 
34 201 7 9 0.028290097 
232 299 115 118 0.026035486 
564 186 44 58 0.024374573 
591 196 30 45 0.024249531 
715 188 36 40 0.021497088 
1 196 8 12 0.020103589 
621 -8 102 147 0.020018319 
