12_Group_Team_Organized_Group_12_Group_Team_Organized_Group_12_442
76
759 182 23 29 0.99478394 
455 211 20 28 0.99176204 
810 165 23 35 0.99083775 
522 182 23 32 0.98943806 
238 194 28 39 0.95641774 
201 186 17 26 0.9284427 
26 218 24 34 0.9158358 
968 218 28 30 0.9045718 
665 203 31 36 0.9030652 
605 135 26 34 0.7757544 
380 209 16 27 0.68613183 
127 197 21 30 0.44387338 
549 164 13 17 0.31301123 
679 205 26 31 0.25557467 
1012 244 11 20 0.23007765 
127 192 14 23 0.2262818 
880 266 18 23 0.14603119 
777 149 22 28 0.1294609 
161 186 27 33 0.12339183 
999 176 14 19 0.08781897 
984 215 18 25 0.08044339 
169 176 39 45 0.075386606 
980 284 15 24 0.0743064 
258 170 14 20 0.07289418 
629 165 16 22 0.070734546 
863 233 21 31 0.06372856 
869 212 12 15 0.06336219 
780 125 25 28 0.055449147 
873 280 17 22 0.05384633 
1011 177 13 20 0.053761195 
1012 284 10 16 0.053745784 
311 219 11 15 0.05221476 
31 191 10 14 0.051997356 
166 247 11 17 0.051849075 
547 172 17 26 0.047402635 
806 259 30 43 0.044317972 
148 191 17 23 0.044314213 
810 159 16 22 0.04379146 
1012 235 11 19 0.042282037 
993 216 17 24 0.04039768 
151 192 28 31 0.039255444 
27 159 19 23 0.038722403 
137 195 17 21 0.038236223 
534 177 20 29 0.03682424 
559 196 13 17 0.036720157 
553 167 15 22 0.03657413 
876 258 17 23 0.035706695 
516 128 14 16 0.034233827 
154 186 19 25 0.031616896 
870 269 24 28 0.02966067 
774 130 16 18 0.028127518 
252 172 21 31 0.027924813 
774 134 26 32 0.027593879 
393 209 16 22 0.027479839 
853 175 14 21 0.027298298 
404 208 15 21 0.026898418 
977 362 26 35 0.026501914 
869 286 16 21 0.025856253 
773 148 16 22 0.024627568 
1000 272 20 29 0.024621159 
555 183 14 20 0.024028346 
310 224 14 19 0.023616066 
867 246 26 33 0.02336338 
32 209 19 30 0.02297736 
191 191 15 21 0.022781882 
812 168 36 46 0.022621537 
473 217 14 19 0.022275621 
517 172 14 18 0.022166101 
411 202 13 20 0.02196877 
27 203 17 26 0.021941628 
993 275 16 20 0.021923395 
385 206 17 23 0.021463854 
783 138 30 34 0.021096773 
1001 174 21 30 0.020760715 
881 280 17 23 0.020508403 
556 196 23 28 0.020014007 
