12_Group_Team_Organized_Group_12_Group_Team_Organized_Group_12_21
65
262 324 41 42 0.9993716 
562 303 24 27 0.9937058 
355 298 27 33 0.99091727 
470 275 20 25 0.82678986 
427 296 15 17 0.8052812 
519 320 20 23 0.75572 
555 359 24 32 0.56504595 
481 376 15 20 0.5131962 
433 341 23 29 0.42476317 
383 289 14 21 0.37509447 
435 300 13 16 0.36400345 
449 408 26 27 0.178749 
438 355 16 23 0.16207391 
421 313 15 16 0.14011233 
429 312 14 17 0.10387528 
508 369 18 21 0.09673335 
501 291 17 22 0.08610766 
390 301 407 512 0.08389416 
615 349 13 17 0.08098042 
462 330 16 21 0.069147244 
410 341 16 20 0.0643721 
510 324 15 19 0.05438453 
413 315 14 17 0.051675837 
514 400 16 21 0.051420398 
248 331 28 38 0.050719243 
492 371 14 19 0.050670788 
461 313 14 19 0.050607566 
503 405 13 16 0.049435206 
396 304 13 18 0.046985283 
462 334 24 32 0.041616447 
582 342 17 23 0.039927173 
372 286 23 30 0.038506743 
387 295 13 18 0.037505284 
506 354 24 30 0.034261856 
444 406 18 21 0.0306245 
564 350 26 35 0.029755061 
543 306 11 17 0.029135518 
511 377 21 30 0.029100321 
243 339 22 37 0.028950477 
470 377 15 19 0.028541772 
492 312 15 21 0.027852286 
625 372 13 16 0.02782856 
412 333 17 20 0.027126025 
470 297 15 19 0.025782939 
415 337 23 28 0.025687337 
465 323 18 22 0.024572667 
348 278 31 38 0.02450043 
456 332 12 18 0.023396496 
405 309 13 17 0.023215776 
549 307 13 19 0.022975037 
461 487 410 515 0.022335649 
455 398 26 31 0.022226673 
383 305 13 18 0.021771371 
500 314 13 18 0.021550223 
562 399 29 33 0.021547895 
501 322 16 22 0.021132145 
411 387 22 29 0.02107332 
377 298 22 29 0.021039926 
242 334 51 55 0.0208808 
462 411 18 20 0.02068309 
390 306 12 16 0.020605851 
579 320 16 21 0.020417593 
510 312 21 26 0.020388713 
410 320 23 27 0.02029543 
504 400 21 26 0.020215668 
