12_Group_Large_Group_12_Group_Large_Group_12_771
20
168 181 387 488 0.9998258 
534 285 111 209 0.19696827 
599 922 215 316 0.1924906 
7 818 444 524 0.15641727 
775 990 86 110 0.14037883 
567 365 87 156 0.101792924 
936 1512 9 12 0.065786466 
453 131 118 159 0.05011644 
727 977 111 145 0.046124198 
465 13 78 72 0.043804605 
129 43 356 451 0.03414429 
246 359 449 550 0.031197146 
496 134 125 204 0.02396735 
904 1511 11 12 0.023243248 
674 960 131 186 0.02300486 
285 107 132 112 0.022938041 
512 810 381 499 0.021992031 
310 55 335 486 0.02171713 
260 17 194 247 0.02045428 
706 834 186 288 0.02016974 
