12_Group_Large_Group_12_Group_Large_Group_12_143
326
79 207 26 31 0.99606186 
257 216 32 44 0.9929738 
465 227 35 43 0.99249333 
302 166 33 43 0.99102205 
391 233 28 35 0.91565216 
356 253 27 35 0.8901281 
175 202 27 31 0.8511841 
581 217 26 30 0.8214102 
328 79 9 10 0.2629712 
582 231 27 31 0.25086182 
58 210 12 18 0.22470999 
560 238 23 28 0.21062301 
53 192 13 16 0.20579907 
23 189 12 16 0.19427639 
399 225 14 18 0.17165764 
313 94 9 11 0.14480467 
309 79 8 10 0.13899101 
43 173 11 15 0.12878428 
284 95 10 12 0.12648647 
437 245 13 19 0.12084399 
48 193 12 15 0.11971833 
342 78 9 10 0.11870308 
397 133 9 11 0.11810721 
361 49 8 10 0.11286524 
565 37 8 11 0.10241105 
297 63 8 10 0.10047482 
107 450 12 14 0.096453935 
372 71 9 11 0.096393295 
164 192 28 35 0.09368902 
584 28 9 10 0.09068037 
357 28 10 12 0.086206265 
207 221 13 16 0.08399039 
331 54 10 12 0.08193559 
296 71 9 11 0.07995677 
355 243 25 28 0.07623888 
311 86 8 10 0.07501064 
371 39 7 10 0.070986144 
96 214 21 28 0.07070287 
600 48 9 10 0.0689625 
373 76 8 10 0.06743251 
369 62 9 11 0.06556773 
595 69 10 13 0.06519037 
24 224 22 28 0.06512253 
29 126 9 11 0.063805334 
417 5 8 11 0.06373363 
551 47 9 11 0.06209561 
697 63 8 10 0.061984032 
360 86 9 10 0.06183683 
63 184 10 13 0.057780612 
608 55 10 11 0.057477634 
386 80 7 9 0.057472833 
320 64 8 9 0.055127114 
220 218 22 28 0.054411512 
328 60 10 12 0.053557787 
711 79 8 10 0.053238764 
402 47 8 9 0.053102735 
415 119 9 12 0.051280957 
601 5 7 9 0.051220648 
0 59 9 13 0.05051351 
317 142 10 12 0.050513003 
613 56 9 11 0.05003805 
687 4 11 11 0.049742356 
15 175 10 13 0.049258173 
367 47 8 10 0.04921863 
13 128 9 12 0.048897315 
286 88 9 10 0.04885111 
374 88 9 11 0.0480343 
704 7 8 9 0.047730118 
25 151 10 12 0.047120236 
374 44 8 10 0.046069823 
607 5 9 11 0.045532852 
4 183 9 12 0.044950835 
224 196 11 15 0.044712674 
390 32 8 11 0.04446914 
568 235 38 48 0.043866612 
374 22 7 10 0.043129783 
191 209 15 21 0.043083273 
328 73 9 10 0.043015517 
356 110 10 13 0.043007236 
439 92 9 11 0.042947818 
385 32 9 11 0.042559598 
369 93 8 10 0.04231348 
610 28 8 10 0.04202327 
597 64 10 12 0.041998558 
343 73 9 10 0.041795433 
384 48 7 9 0.041444253 
613 21 9 12 0.040886573 
657 44 8 11 0.040671065 
319 71 8 10 0.040491395 
558 48 8 9 0.040359814 
1 206 8 13 0.040238403 
356 70 10 12 0.04023413 
591 6 8 9 0.040197752 
140 209 13 17 0.04018898 
311 72 8 10 0.0401404 
107 221 15 21 0.04004714 
607 228 14 17 0.040010292 
334 78 8 11 0.03837988 
337 7 10 12 0.038354777 
345 63 7 10 0.038262237 
400 86 8 11 0.037888017 
304 95 9 10 0.037260924 
615 1 9 11 0.03712052 
60 84 10 12 0.036765262 
471 404 241 275 0.036535688 
406 233 22 31 0.036487583 
367 54 8 10 0.036427494 
422 23 8 10 0.03637783 
344 100 10 12 0.036140002 
584 38 10 12 0.03582849 
407 103 9 11 0.03551172 
21 172 11 15 0.035490055 
614 71 11 12 0.035379447 
670 56 9 11 0.035288956 
312 7 10 10 0.034991805 
349 96 8 10 0.03478637 
607 40 9 10 0.034747325 
313 48 9 10 0.034711618 
702 87 9 10 0.034640823 
558 64 9 10 0.034573656 
443 28 9 11 0.034498926 
367 160 10 13 0.03391192 
335 72 7 10 0.03389117 
3 157 11 13 0.033860255 
0 213 9 14 0.033734627 
210 216 22 26 0.03356682 
665 62 8 11 0.03349478 
280 48 8 10 0.03333521 
62 102 8 11 0.033318587 
53 190 20 27 0.033315774 
13 225 20 29 0.033172503 
640 8 8 10 0.033120066 
304 38 9 10 0.03289188 
720 5 7 9 0.03220426 
2 235 11 16 0.032124538 
769 25 9 10 0.032081727 
432 7 9 11 0.032025594 
553 71 9 12 0.031826764 
289 80 8 9 0.031609327 
383 86 8 10 0.03155585 
287 38 8 10 0.031464264 
679 79 8 10 0.031386584 
657 120 8 10 0.031365648 
589 37 9 11 0.031099934 
295 76 9 10 0.031065224 
374 135 10 13 0.030939946 
263 87 10 12 0.030828545 
340 237 13 18 0.030813646 
313 64 8 9 0.030793974 
447 104 11 12 0.030677851 
414 134 10 12 0.030473188 
321 79 8 10 0.030424604 
621 487 48 57 0.030365633 
157 185 23 32 0.030259188 
557 93 10 12 0.03019957 
356 238 16 20 0.03018909 
32 141 10 12 0.030162973 
582 47 10 10 0.030120634 
333 59 9 12 0.030011747 
231 70 9 11 0.029887965 
64 144 10 11 0.029805645 
638 14 8 11 0.029771714 
358 64 8 11 0.029767562 
288 32 7 9 0.029638847 
318 87 8 10 0.029388543 
34 233 18 23 0.029125486 
22 182 12 14 0.029116837 
376 116 9 12 0.028845785 
585 6 9 10 0.028827475 
320 170 26 40 0.02882682 
802 40 7 9 0.028801115 
281 88 9 11 0.028717693 
551 244 14 18 0.02860191 
345 47 8 10 0.028534168 
54 142 8 11 0.028471475 
606 47 8 9 0.02841574 
698 86 9 10 0.028415252 
680 16 8 10 0.028385555 
432 48 8 9 0.028380826 
358 78 10 12 0.028296841 
305 87 8 10 0.028175138 
16 103 8 10 0.0281685 
681 38 7 10 0.02811979 
357 105 10 10 0.028042316 
311 334 12 16 0.027768498 
296 2 9 9 0.027700694 
344 54 9 10 0.027678195 
104 197 12 15 0.027676871 
401 40 8 10 0.02765195 
392 219 12 16 0.02758599 
40 188 11 14 0.027552571 
489 99 10 12 0.027472876 
660 119 10 11 0.027244372 
398 524 10 12 0.027056888 
56 125 8 10 0.027041288 
588 30 9 11 0.026937328 
656 158 9 12 0.02691981 
341 120 9 10 0.026798243 
692 23 9 11 0.026789242 
574 80 9 11 0.026739273 
400 53 8 11 0.026687725 
0 98 8 14 0.02664876 
406 8 8 10 0.02659096 
394 518 9 12 0.026569443 
314 13 8 11 0.026514102 
731 547 92 137 0.026295025 
385 55 8 11 0.02628605 
281 100 9 12 0.026276229 
401 8 8 10 0.026244989 
449 7 10 11 0.026210343 
67 202 25 33 0.026190476 
326 110 8 10 0.026112657 
646 117 9 11 0.02600931 
570 237 17 22 0.026009226 
25 154 13 16 0.025889011 
663 125 9 11 0.025729747 
449 2 10 10 0.025722196 
183 195 21 26 0.025682928 
562 31 9 11 0.025576074 
651 24 8 11 0.025482278 
312 24 7 9 0.02537935 
143 104 10 11 0.025313884 
294 112 10 12 0.02525252 
286 55 7 9 0.025210192 
593 228 26 28 0.025201827 
343 86 8 9 0.02517694 
161 159 8 11 0.025136916 
57 68 10 12 0.024926066 
304 32 9 11 0.024834769 
369 33 7 9 0.024809996 
249 71 8 9 0.02441421 
76 324 17 21 0.024206644 
47 159 9 10 0.024172975 
609 1 9 10 0.024160113 
352 87 8 9 0.024157671 
6 78 9 12 0.024093919 
183 155 11 14 0.024070103 
435 253 17 21 0.02406204 
645 6 10 11 0.023979908 
302 71 8 10 0.023819292 
600 41 9 10 0.023794267 
374 55 8 10 0.023783628 
260 295 39 50 0.02369832 
286 16 8 10 0.02369493 
37 118 9 11 0.02333405 
226 233 15 19 0.023328116 
51 206 20 28 0.023279762 
389 62 9 11 0.02325611 
420 1 9 10 0.023204628 
574 130 12 14 0.023185577 
686 175 8 10 0.023113733 
773 29 8 10 0.023101654 
265 158 9 11 0.023075933 
215 192 13 18 0.02299023 
369 15 7 10 0.022985429 
520 22 8 10 0.022961607 
567 2 8 9 0.02294156 
295 88 9 10 0.022928389 
352 64 9 10 0.02290961 
1000 172 10 12 0.022862695 
317 6 9 11 0.022835568 
235 79 10 11 0.022806738 
584 2 8 9 0.022746911 
367 102 9 11 0.022683071 
284 325 16 25 0.022662742 
391 47 8 10 0.02266273 
203 222 22 28 0.022660553 
359 189 12 16 0.02261238 
680 100 10 13 0.022585396 
336 103 9 11 0.022539532 
367 88 9 11 0.022537945 
421 5 9 11 0.022514636 
239 203 11 13 0.022496508 
455 122 13 15 0.022478636 
67 186 13 17 0.022474678 
574 5 8 10 0.022442926 
302 23 9 11 0.022374297 
588 238 31 34 0.022373125 
664 39 8 11 0.022361554 
296 57 8 10 0.022332998 
5 164 10 12 0.022243481 
382 109 10 13 0.02220549 
657 8 9 11 0.022176942 
250 78 9 10 0.02212184 
593 53 8 11 0.022095304 
265 20 8 11 0.021981526 
409 69 9 11 0.021970278 
386 60 9 12 0.021963961 
334 49 8 10 0.021940053 
405 45 8 10 0.021881463 
615 215 10 11 0.02176711 
910 175 26 31 0.02176641 
550 52 9 11 0.021733683 
352 75 9 12 0.021722354 
249 65 8 10 0.021702036 
350 47 9 10 0.021666197 
383 116 10 13 0.021655016 
128 203 12 16 0.021572998 
316 157 13 16 0.02156867 
559 118 11 13 0.021499708 
72 161 11 14 0.021462735 
134 201 13 18 0.021375148 
390 96 10 11 0.02130079 
240 62 8 10 0.021279218 
656 70 9 11 0.02127156 
34 110 8 9 0.021220883 
372 162 10 13 0.021071902 
60 62 9 11 0.021041501 
693 5 9 10 0.020804217 
391 127 11 13 0.020701133 
318 101 9 11 0.020684212 
351 102 8 10 0.020657172 
309 31 9 10 0.020613696 
375 16 8 9 0.02049344 
354 24 10 12 0.02040642 
680 71 8 10 0.02032394 
687 120 9 10 0.020310689 
660 70 11 12 0.02030605 
597 74 10 14 0.020297058 
416 24 9 11 0.020283772 
406 40 8 10 0.020255443 
219 251 23 34 0.020213125 
337 23 7 10 0.020195331 
208 453 11 15 0.020137686 
662 45 8 10 0.020095108 
156 192 14 21 0.020014174 
