12_Group_Large_Group_12_Group_Large_Group_12_607
48
372 337 21 29 0.99286497 
336 346 21 26 0.9639018 
616 354 23 27 0.89260995 
539 342 19 21 0.87297446 
574 177 16 19 0.8275899 
502 376 14 18 0.22410817 
470 420 23 28 0.0861479 
589 355 11 14 0.07421937 
452 330 16 19 0.06582272 
162 17 84 143 0.060989708 
634 587 12 13 0.05705258 
677 327 25 30 0.052227855 
493 373 16 19 0.045426536 
474 219 16 17 0.044370472 
545 349 16 20 0.042471245 
592 197 13 16 0.03960422 
500 338 13 14 0.03917982 
606 436 26 30 0.038850393 
556 213 12 14 0.03836726 
596 200 13 17 0.036817245 
460 243 15 18 0.03486316 
469 227 17 19 0.034039874 
574 222 13 13 0.032816656 
-5 458 72 170 0.031108519 
161 30 52 90 0.030016016 
438 454 9 11 0.029047906 
464 278 9 11 0.028399361 
556 375 12 15 0.027429268 
307 317 20 26 0.026632821 
613 361 17 25 0.02641976 
494 385 16 18 0.026342997 
635 484 13 15 0.026013754 
734 276 10 14 0.025039801 
627 473 30 36 0.024270236 
478 415 26 31 0.024195675 
763 468 29 43 0.02339969 
498 390 17 20 0.02298297 
627 338 16 20 0.0223413 
610 442 16 19 0.022000983 
607 420 11 12 0.021490905 
383 468 8 10 0.020999238 
359 427 14 16 0.02098607 
590 209 11 14 0.020763807 
575 215 13 14 0.020687567 
827 336 35 47 0.020581778 
507 366 12 15 0.020212762 
250 374 17 19 0.020041311 
551 379 14 17 0.020035082 
