12_Group_Large_Group_12_Group_Large_Group_12_662
99
807 298 43 45 0.97089046 
393 213 26 28 0.57892627 
229 232 16 20 0.485889 
441 273 21 25 0.4355486 
565 297 13 17 0.17367807 
241 232 14 19 0.16635399 
322 229 14 18 0.16417274 
324 182 11 13 0.1587097 
370 250 27 35 0.13232966 
54 229 25 32 0.12646176 
24 211 21 30 0.12448722 
788 297 33 43 0.1222179 
358 242 22 31 0.1196511 
222 236 22 26 0.11112161 
390 223 37 45 0.10960633 
43 232 27 31 0.097019374 
328 267 11 17 0.09189314 
382 251 32 35 0.08889073 
558 299 16 18 0.08321979 
1009 207 14 21 0.07728211 
629 300 10 11 0.07691447 
358 246 14 18 0.07125329 
463 433 34 34 0.0700302 
431 269 22 33 0.052362297 
405 240 29 39 0.048642687 
516 330 52 63 0.043039378 
62 227 13 19 0.04249206 
514 356 14 15 0.041470386 
26 466 10 13 0.04128497 
344 286 10 13 0.040174514 
61 237 23 33 0.038552795 
444 431 66 56 0.03702222 
978 534 15 20 0.0369143 
321 185 12 15 0.036042534 
39 411 11 13 0.034869768 
494 230 11 15 0.03411246 
322 221 15 18 0.0336317 
332 262 12 17 0.033030916 
327 286 11 13 0.032788105 
483 308 10 14 0.032365635 
342 276 12 14 0.03106041 
408 224 19 24 0.03068408 
267 224 16 20 0.030581739 
348 330 17 20 0.030578136 
529 286 11 15 0.030564526 
400 412 67 49 0.030444544 
413 274 23 34 0.030359106 
345 266 22 25 0.03027511 
342 206 12 15 0.0301786 
76 246 12 16 0.029099762 
996 204 24 33 0.0289534 
389 221 18 21 0.028642904 
365 263 22 31 0.028080227 
461 99 436 453 0.02801598 
326 248 11 16 0.027766295 
548 297 25 28 0.027727358 
223 230 16 19 0.027711457 
68 233 13 19 0.027640888 
84 252 11 15 0.027352044 
493 362 10 14 0.027315669 
331 229 14 19 0.02727604 
234 235 16 22 0.027143437 
555 331 32 39 0.026959522 
489 359 11 14 0.026586566 
345 292 10 13 0.02639243 
394 229 21 22 0.026287578 
257 249 17 20 0.026070122 
46 236 16 19 0.02601233 
573 376 12 15 0.025742615 
69 241 13 20 0.025592007 
52 228 17 20 0.024897316 
499 353 11 16 0.024541344 
757 372 54 72 0.02436491 
207 237 11 15 0.024243928 
425 278 23 33 0.024107847 
403 204 16 20 0.02366102 
341 229 13 16 0.023504596 
15 519 22 33 0.023477295 
22 486 13 16 0.023138996 
80 216 10 11 0.02309424 
347 248 26 31 0.022835758 
86 220 8 11 0.022661569 
37 211 28 32 0.022526497 
480 305 9 12 0.022211045 
963 388 48 53 0.022128515 
258 229 24 29 0.021998148 
30 204 25 33 0.021650545 
321 273 11 15 0.021360215 
264 205 9 10 0.02129048 
402 240 18 23 0.021140194 
420 250 24 35 0.021094738 
572 288 13 16 0.020980366 
935 419 26 28 0.020864569 
214 242 13 15 0.020662034 
1000 612 24 38 0.020583624 
337 261 22 27 0.020375157 
410 407 27 26 0.020344334 
70 249 15 20 0.02026762 
383 218 17 19 0.020189703 
