12_Group_Team_Organized_Group_12_Group_Team_Organized_Group_12_759
23
450 292 92 119 0.9996314 
698 296 84 107 0.9972832 
215 291 74 136 0.9920366 
643 351 42 56 0.47869343 
624 438 22 26 0.45909026 
524 375 42 60 0.2805337 
603 408 26 36 0.19519064 
659 332 32 45 0.078691535 
727 532 31 37 0.075974286 
610 338 41 57 0.07007924 
932 472 30 33 0.056756083 
614 365 26 36 0.04853867 
171 304 104 157 0.038295966 
492 336 82 112 0.033536345 
624 363 39 43 0.03198269 
77 -39 436 490 0.023973757 
854 67 26 36 0.023713725 
942 444 15 18 0.023301268 
683 444 17 22 0.022209926 
3 143 67 97 0.02200843 
530 357 30 50 0.021636901 
241 306 94 125 0.021606354 
267 429 30 36 0.021445837 
