12_Group_Group_12_Group_Group_12_153
64
384 327 249 296 0.99969053 
754 439 108 160 0.99926776 
190 539 77 110 0.9872471 
593 855 8 10 0.10671566 
76 419 18 24 0.10040107 
574 855 9 11 0.06657727 
579 799 10 12 0.061921053 
378 700 13 16 0.057715822 
625 817 9 10 0.057564553 
413 653 10 12 0.052705143 
585 771 9 12 0.04465741 
406 638 10 10 0.043971222 
633 806 9 10 0.04308679 
391 662 12 14 0.039648466 
608 812 8 11 0.038474906 
653 963 10 13 0.038377624 
510 804 44 51 0.038313955 
213 490 12 16 0.037612993 
1007 324 12 16 0.036520123 
600 830 10 12 0.035271164 
568 873 8 11 0.034283057 
393 630 8 10 0.03333245 
400 686 9 11 0.033330556 
556 854 9 11 0.033130374 
201 560 355 472 0.032210454 
441 264 322 441 0.03172504 
413 648 10 11 0.030661952 
501 767 11 14 0.030207548 
241 706 189 281 0.02798079 
496 794 13 15 0.02770017 
640 381 161 231 0.027189245 
606 823 8 10 0.026991136 
300 517 10 12 0.026616337 
628 790 9 10 0.026298797 
560 760 8 10 0.026028384 
545 767 9 10 0.025780443 
60 407 41 56 0.025086388 
273 380 423 490 0.024976622 
501 791 11 14 0.024699379 
390 678 9 12 0.024527254 
514 377 151 191 0.024305755 
109 481 16 19 0.023707995 
622 859 9 11 0.023390485 
623 950 10 12 0.023023833 
796 620 13 14 0.022680586 
616 860 10 11 0.022623051 
998 309 9 13 0.022586714 
36 381 80 99 0.022417556 
618 822 8 10 0.022310065 
1015 540 8 12 0.022231549 
615 855 10 11 0.022184353 
808 730 11 13 0.022068255 
322 472 8 10 0.021989634 
813 716 13 17 0.021972723 
568 816 9 11 0.021684295 
424 714 12 15 0.020889102 
630 799 10 12 0.020833459 
391 685 9 12 0.020711374 
1005 316 13 17 0.02060669 
1012 343 10 13 0.020606063 
617 936 7 9 0.02053426 
743 611 10 13 0.020420112 
384 680 9 11 0.020380491 
635 976 12 12 0.020193096 
