12_Group_Group_12_Group_Group_12_732
35
466 254 29 39 0.9995789 
588 230 30 36 0.99894124 
819 199 30 37 0.9985185 
699 220 29 33 0.98611754 
223 146 34 36 0.9397543 
341 166 31 38 0.73232317 
770 198 23 33 0.5811305 
566 234 23 30 0.0902173 
700 158 10 12 0.06235652 
566 237 14 18 0.05816169 
210 155 30 34 0.047748145 
645 157 10 15 0.04435881 
787 211 13 17 0.04276061 
173 164 31 39 0.04214744 
903 175 11 14 0.04017154 
843 209 14 19 0.039254148 
346 183 21 25 0.03799959 
694 222 21 25 0.03575158 
199 171 29 30 0.0322975 
196 173 15 17 0.029484538 
696 160 12 16 0.029091995 
152 94 9 12 0.027748069 
199 136 50 48 0.027743362 
697 204 26 31 0.026663544 
740 152 12 16 0.025174133 
220 201 30 37 0.024707092 
728 148 12 14 0.02283761 
187 165 14 15 0.02279937 
450 252 15 20 0.022425357 
800 207 28 35 0.022381965 
734 148 12 15 0.022324061 
500 390 36 33 0.02227369 
789 211 29 41 0.021226939 
700 205 13 16 0.020569464 
701 153 9 10 0.020531408 
