12_Group_Large_Group_12_Group_Large_Group_12_613
18
793 123 22 26 0.9403218 
461 124 21 27 0.93674606 
532 120 19 24 0.7113248 
844 132 22 25 0.664805 
624 119 20 22 0.6575345 
908 130 19 20 0.605267 
257 98 19 21 0.4997566 
966 146 21 24 0.23312074 
864 106 18 21 0.13793851 
847 111 39 47 0.038829777 
871 189 9 11 0.034022916 
460 326 27 32 0.029102234 
511 463 10 14 0.027506882 
719 495 61 56 0.02670468 
973 192 16 18 0.020935154 
644 151 22 28 0.020682028 
936 196 13 17 0.020535652 
889 140 14 18 0.020232351 
