12_Group_Group_12_Group_Group_12_519
177
821 202 32 42 0.9996753 
902 206 29 38 0.9994535 
713 224 35 46 0.99794763 
569 199 37 49 0.9974141 
448 207 41 51 0.9903258 
796 71 24 31 0.6371462 
718 130 28 39 0.49533188 
485 76 14 17 0.37112305 
246 92 14 18 0.3221535 
1000 61 13 17 0.3143001 
523 186 23 31 0.2865351 
799 166 30 39 0.2829527 
361 87 17 20 0.22382113 
978 36 13 18 0.21784438 
925 36 15 18 0.2096365 
770 28 14 18 0.2087469 
784 155 33 39 0.20651071 
965 54 13 17 0.1892934 
890 16 13 17 0.16659299 
301 81 27 35 0.15841736 
746 44 17 20 0.15166928 
799 68 15 18 0.15024674 
685 26 21 32 0.14641221 
737 0 17 18 0.14178722 
341 6 14 17 0.13800009 
275 72 15 21 0.11993721 
757 69 13 18 0.113823466 
432 62 13 16 0.11357935 
823 93 13 17 0.10587374 
853 40 15 19 0.097039364 
406 278 28 42 0.095845506 
683 187 25 32 0.09242597 
462 186 18 19 0.09160614 
511 46 13 16 0.08953985 
826 55 21 28 0.085937195 
954 31 16 18 0.08473071 
708 49 14 16 0.083654776 
847 103 12 17 0.0827372 
683 0 19 17 0.08112617 
363 97 16 18 0.08012733 
943 111 10 14 0.0739605 
907 51 14 17 0.072211266 
862 58 16 19 0.070268795 
422 80 10 12 0.06976958 
796 123 14 19 0.06776885 
817 7 22 26 0.06644812 
498 23 16 20 0.06633622 
970 8 14 19 0.06499404 
245 69 12 15 0.06445154 
838 27 14 19 0.062062696 
659 7 24 30 0.0599336 
-12 436 254 192 0.059856087 
804 10 16 18 0.0584608 
1005 3 15 19 0.057754993 
263 47 11 13 0.056724407 
693 33 22 29 0.055016913 
468 24 14 18 0.054979816 
719 75 15 18 0.054614853 
726 28 14 18 0.054549035 
861 0 15 17 0.054499656 
294 63 13 19 0.054435432 
303 43 12 16 0.05149725 
808 0 21 23 0.050440166 
858 65 25 31 0.0495986 
762 93 23 31 0.04931664 
283 69 42 51 0.049100567 
931 19 13 16 0.048275135 
775 55 15 20 0.04730781 
287 126 23 27 0.046918467 
822 40 14 17 0.04567166 
362 -1 17 14 0.04542782 
969 93 24 31 0.044989858 
632 92 45 65 0.0433042 
997 100 13 19 0.043186415 
741 51 25 28 0.04192819 
806 63 23 32 0.041170333 
785 110 24 32 0.04092473 
454 19 15 19 0.040664226 
430 19 14 19 0.040358033 
460 23 16 19 0.04026668 
764 107 22 33 0.039926767 
860 50 15 18 0.039316274 
333 36 15 18 0.03873888 
603 245 16 20 0.038698163 
917 70 13 17 0.038228083 
397 200 15 19 0.03818418 
894 0 13 12 0.03786085 
812 53 23 31 0.037773408 
658 143 28 43 0.036704455 
438 36 13 17 0.036057863 
744 97 15 19 0.035890114 
780 8 18 21 0.03573558 
861 73 28 36 0.03546739 
846 244 17 22 0.034998342 
310 69 12 17 0.034659818 
294 66 23 32 0.03413042 
498 11 15 19 0.03372342 
381 70 15 18 0.03371236 
917 38 21 26 0.033253822 
673 11 39 50 0.033117577 
701 126 37 52 0.031823754 
1004 361 11 17 0.031627145 
212 113 14 17 0.031549986 
997 24 17 23 0.03153724 
294 29 13 16 0.031403735 
669 50 15 19 0.030099722 
834 83 22 27 0.029721485 
882 43 15 19 0.029455695 
899 57 15 19 0.02938035 
972 87 17 21 0.029151917 
361 121 18 21 0.029069474 
835 101 21 27 0.028373705 
669 59 15 18 0.02830829 
451 12 14 17 0.02811944 
280 67 20 29 0.027965348 
654 117 48 70 0.027724532 
935 2 13 16 0.027430406 
914 49 14 19 0.026882 
500 7 12 13 0.026782217 
820 100 24 30 0.026672035 
679 0 28 32 0.026575452 
815 150 23 34 0.02641796 
489 83 14 17 0.025904952 
387 39 16 20 0.025728123 
240 71 22 28 0.025726158 
843 133 27 35 0.02538031 
443 58 14 18 0.025335293 
845 34 15 19 0.025186814 
669 114 33 40 0.025014307 
846 95 21 28 0.02500049 
842 43 22 28 0.024375498 
923 49 22 32 0.024350375 
851 81 23 33 0.02416009 
876 27 13 15 0.02396662 
785 151 21 27 0.023744497 
657 50 26 31 0.023700198 
819 39 23 29 0.023586042 
997 8 22 28 0.023282701 
652 41 25 30 0.023153266 
552 180 31 37 0.023146553 
446 6 14 17 0.023048997 
944 103 10 14 0.02304524 
443 42 12 16 0.02304307 
951 88 10 13 0.023027604 
265 51 13 16 0.023027284 
803 132 16 20 0.022807406 
665 6 16 18 0.022633206 
805 -1 17 15 0.022476193 
659 74 15 22 0.022444172 
404 35 15 18 0.02239481 
887 18 21 27 0.022337813 
818 1 17 21 0.022266671 
369 82 14 19 0.022209385 
748 64 22 28 0.022117898 
983 85 24 33 0.022108642 
708 55 17 20 0.022083104 
534 6 16 16 0.02186489 
433 51 21 27 0.021795496 
343 91 13 16 0.021731943 
933 55 17 23 0.02167038 
618 109 45 62 0.021615071 
858 36 15 18 0.021333387 
634 297 21 36 0.02124884 
706 66 24 29 0.021238662 
386 8 16 20 0.021193719 
797 10 15 19 0.021176757 
750 34 21 26 0.021092594 
960 29 20 25 0.02107628 
294 39 14 19 0.021023197 
907 60 21 28 0.021012736 
736 37 22 28 0.020919561 
827 37 13 16 0.02072215 
644 123 15 20 0.020555256 
995 87 22 30 0.020449784 
954 3 23 28 0.020253517 
869 27 14 17 0.020225417 
915 68 23 28 0.020221125 
