12_Group_Team_Organized_Group_12_Group_Team_Organized_Group_12_617
147
196 192 45 60 0.9978661 
561 154 43 56 0.99475276 
845 128 22 33 0.99153167 
908 192 45 51 0.9891851 
653 155 18 23 0.9845056 
756 167 18 22 0.97518444 
275 178 16 19 0.9560613 
66 202 23 27 0.9402315 
803 161 18 26 0.9296722 
980 157 16 22 0.9085943 
356 228 22 28 0.8491568 
271 226 20 30 0.72867167 
352 172 12 16 0.726268 
692 174 10 12 0.66552335 
384 159 12 15 0.64025164 
636 166 10 13 0.6106776 
256 216 25 35 0.6006917 
714 154 14 19 0.52370965 
294 167 17 20 0.5138314 
400 196 10 13 0.4419461 
440 199 10 14 0.37591472 
738 159 14 20 0.36742148 
784 199 12 15 0.33620185 
971 164 22 29 0.31802905 
308 224 11 17 0.2081023 
137 201 27 46 0.17064916 
347 188 14 17 0.16969027 
252 202 24 31 0.14104474 
11 249 21 31 0.13782112 
301 224 13 20 0.10966318 
334 259 13 18 0.10668159 
310 158 10 12 0.08509422 
723 161 14 17 0.084044345 
716 166 14 20 0.08271787 
106 206 24 29 0.080784954 
847 139 27 35 0.077412784 
281 229 18 24 0.07696946 
631 168 13 16 0.07631079 
814 190 15 20 0.07395188 
279 168 21 25 0.07301757 
793 221 11 14 0.068917215 
368 189 11 14 0.06767667 
292 157 15 18 0.061900184 
701 238 9 10 0.061368447 
797 230 13 16 0.05943752 
719 121 12 14 0.057557777 
501 199 8 10 0.056722697 
812 150 13 16 0.056246065 
439 192 10 12 0.055812713 
731 582 26 43 0.054469854 
291 224 17 24 0.05420227 
964 170 23 32 0.054086916 
410 214 8 11 0.053439874 
510 189 7 9 0.052199468 
505 191 8 10 0.051833607 
382 198 8 12 0.051748864 
142 188 34 49 0.04691094 
48 285 13 18 0.045597367 
275 232 27 33 0.045537874 
395 174 14 18 0.043907057 
984 162 18 23 0.042440068 
-4 247 79 113 0.038670164 
249 189 24 30 0.037260152 
346 198 17 19 0.03665916 
423 246 9 11 0.03563204 
3 266 29 37 0.03482582 
395 187 18 25 0.034632187 
717 143 12 17 0.033938598 
356 189 11 15 0.033910815 
246 168 10 11 0.033498216 
101 215 16 20 0.03237538 
344 179 13 15 0.03187025 
705 187 11 15 0.031827956 
430 212 9 12 0.031690285 
622 181 13 17 0.03137133 
307 162 12 17 0.030668179 
365 201 13 17 0.030635579 
802 233 13 15 0.030626798 
395 158 11 13 0.030019604 
689 169 17 22 0.029772047 
367 183 10 15 0.029528549 
393 203 10 14 0.029484846 
43 281 22 29 0.029277803 
735 215 10 13 0.028929887 
4 249 18 23 0.028526757 
12 270 53 65 0.028416354 
497 192 9 11 0.028313605 
445 191 9 12 0.028123213 
431 205 11 15 0.028106475 
432 192 9 12 0.027781492 
357 195 13 16 0.027720675 
348 225 17 22 0.027526762 
423 239 8 11 0.026716314 
347 218 15 20 0.026392443 
740 220 11 12 0.025979538 
487 236 11 16 0.025865426 
394 195 12 15 0.025667643 
780 236 13 16 0.025374461 
614 582 9 13 0.025236245 
839 196 11 15 0.02491983 
319 151 9 11 0.024861176 
90 1 14 15 0.024562096 
259 190 13 18 0.024539338 
433 196 10 14 0.024460219 
425 207 9 13 0.02436459 
952 190 27 39 0.024253383 
708 179 12 15 0.023888046 
73 195 26 32 0.023687884 
934 137 12 16 0.023468547 
90 205 23 27 0.023355898 
271 182 15 20 0.023236457 
48 184 10 12 0.022937572 
767 152 11 13 0.022901133 
281 184 13 17 0.022768768 
852 156 16 22 0.022607816 
105 221 18 23 0.022501482 
501 203 9 12 0.022326183 
733 167 13 18 0.022325808 
94 216 14 18 0.022250762 
288 166 14 16 0.022141583 
244 212 25 36 0.022100816 
382 203 11 15 0.022094479 
856 131 18 24 0.022081856 
718 131 11 14 0.021969074 
438 196 17 22 0.02196596 
388 212 11 14 0.021633815 
397 237 10 12 0.021580284 
808 152 11 15 0.021468474 
301 159 13 16 0.021319339 
734 151 13 18 0.02117446 
670 457 50 54 0.021026988 
418 238 8 11 0.021026818 
819 148 12 17 0.020988487 
743 594 47 53 0.02081127 
395 164 13 14 0.020767305 
448 238 10 14 0.020763585 
117 207 27 35 0.02071747 
94 205 11 15 0.020716364 
343 223 14 21 0.020607121 
418 245 8 12 0.020543091 
789 213 12 16 0.020522749 
492 230 13 18 0.020479638 
726 556 55 64 0.020307159 
86 232 26 34 0.020268338 
699 122 11 14 0.020213775 
567 406 10 12 0.020207457 
740 464 14 18 0.020134129 
