12_Group_Large_Group_12_Group_Large_Group_12_228
78
483 397 17 21 0.9925363 
203 408 15 21 0.9915159 
698 415 17 21 0.99035174 
293 406 16 21 0.98981524 
429 414 16 21 0.9883836 
525 408 16 21 0.9878501 
827 406 17 22 0.9876439 
906 412 17 23 0.98665684 
249 410 15 20 0.98617744 
564 404 17 22 0.9855994 
781 410 18 23 0.9851816 
155 415 15 19 0.98424834 
653 417 18 24 0.9792956 
336 409 18 22 0.9788179 
869 420 18 21 0.9691974 
110 410 17 21 0.9335303 
742 406 19 24 0.9235996 
393 410 15 20 0.9230428 
605 411 18 22 0.9152891 
303 474 19 21 0.6637887 
242 466 21 25 0.44927886 
467 479 10 12 0.31204292 
196 462 23 26 0.25550348 
107 455 17 20 0.21789733 
339 470 22 26 0.1890281 
463 500 14 17 0.1391986 
156 465 20 24 0.11693769 
861 378 17 21 0.09341355 
516 501 11 13 0.09178445 
260 393 13 17 0.0874921 
377 445 27 33 0.063128866 
180 436 16 22 0.061291035 
727 514 10 13 0.060192678 
405 501 12 16 0.05698917 
920 142 12 15 0.054720365 
255 391 12 14 0.047508907 
671 379 14 18 0.040788647 
405 432 13 18 0.03481267 
144 403 12 15 0.034627248 
901 100 12 16 0.03440694 
167 394 11 15 0.03308427 
149 398 12 15 0.031212954 
109 423 17 19 0.029660573 
93 422 11 12 0.029347852 
878 70 9 10 0.029334666 
101 404 15 18 0.028604932 
157 476 17 21 0.02844467 
102 463 17 18 0.028188836 
885 141 12 14 0.028095758 
692 390 17 21 0.027955988 
104 411 16 18 0.027401518 
870 62 9 11 0.02705971 
546 408 15 19 0.026694853 
598 499 11 13 0.026178317 
914 455 15 19 0.02573373 
916 514 11 14 0.025675163 
893 386 15 19 0.025008464 
278 36 182 252 0.025001181 
835 369 15 19 0.024866913 
950 412 13 17 0.024768667 
78 421 8 11 0.024550099 
924 156 12 14 0.024316339 
293 398 15 20 0.024219051 
101 399 12 15 0.023974897 
873 14 10 11 0.023477647 
378 436 17 20 0.023227457 
195 450 17 18 0.023105009 
221 401 15 19 0.022227155 
181 375 10 12 0.022170374 
155 439 15 20 0.022119014 
874 70 9 10 0.021984417 
185 442 25 32 0.02197244 
465 493 14 17 0.021858655 
558 386 14 17 0.020781083 
885 61 11 13 0.020682089 
942 412 13 18 0.020574316 
403 416 13 19 0.020505916 
880 62 10 13 0.020384645 
