12_Group_Team_Organized_Group_12_Group_Team_Organized_Group_12_171
63
580 233 27 34 0.99935323 
94 180 54 69 0.99785584 
489 247 26 29 0.990284 
356 290 30 34 0.9837968 
646 223 25 30 0.97907764 
411 255 26 32 0.97633743 
281 236 31 37 0.9462555 
728 232 14 23 0.8920996 
201 248 28 36 0.55036074 
-1 312 26 40 0.33058354 
825 233 27 38 0.26402825 
822 223 46 63 0.25371987 
44 250 30 37 0.18740699 
39 225 47 59 0.14728808 
371 254 27 35 0.1264503 
849 235 16 22 0.11454149 
827 240 16 22 0.09709905 
417 355 26 36 0.08647986 
10 294 44 60 0.07245108 
344 293 45 51 0.06131792 
734 232 18 23 0.05413006 
440 308 24 31 0.0534679 
817 215 80 98 0.052376024 
51 240 17 20 0.051902775 
176 216 32 38 0.051324088 
938 48 14 16 0.048344474 
790 201 17 21 0.047300156 
40 238 30 35 0.04601688 
386 261 12 18 0.041617207 
905 39 18 21 0.03636822 
464 270 11 14 0.036083974 
18 203 81 98 0.03586284 
507 213 23 31 0.03470829 
577 213 24 29 0.0337027 
182 221 39 49 0.033615906 
357 270 31 42 0.032879498 
-1 150 9 15 0.032830916 
486 241 19 25 0.03209582 
231 504 18 20 0.032093998 
291 352 36 39 0.028942116 
839 225 27 36 0.028703317 
477 220 27 31 0.02837472 
529 355 22 31 0.02830256 
26 252 47 57 0.027707329 
45 236 14 18 0.027464595 
993 51 10 12 0.026693963 
824 216 31 40 0.026305122 
319 296 47 56 0.025754161 
274 204 46 61 0.024621643 
212 243 17 27 0.024506344 
592 236 27 32 0.024328582 
811 234 27 33 0.023907715 
856 235 16 20 0.023367442 
285 362 25 31 0.023264403 
497 220 25 33 0.023031164 
845 229 15 21 0.02232895 
721 233 13 20 0.02224215 
695 466 24 32 0.02199852 
20 228 24 27 0.021980751 
997 63 11 14 0.02126454 
39 242 14 18 0.02107084 
940 38 13 17 0.02014707 
336 291 28 39 0.020095754 
