12_Group_Large_Group_12_Group_Large_Group_12_13
82
637 347 17 22 0.99175006 
569 368 19 22 0.99015385 
478 367 18 21 0.988607 
232 354 19 24 0.9838075 
311 356 19 22 0.9809795 
117 337 22 27 0.9785364 
730 355 18 23 0.97803247 
904 371 19 24 0.97159487 
866 409 22 27 0.9693075 
805 363 19 23 0.96333295 
357 406 16 20 0.96170706 
680 393 21 25 0.9605466 
517 398 18 23 0.95221007 
408 363 17 21 0.94950986 
165 392 21 26 0.9454488 
377 359 16 18 0.6516802 
34 157 10 14 0.18588156 
55 363 13 19 0.15682445 
458 24 47 70 0.11280162 
828 438 13 17 0.07604613 
297 337 17 20 0.06999375 
616 345 12 16 0.060504943 
22 173 9 10 0.054766804 
907 271 7 9 0.05171487 
814 30 94 111 0.0496717 
713 388 17 21 0.04802889 
822 50 58 65 0.046580613 
521 364 11 14 0.04504293 
15 165 10 13 0.043833036 
159 341 13 16 0.0434651 
17 170 10 13 0.038244393 
560 334 11 14 0.036651794 
373 376 16 20 0.036388252 
374 334 11 16 0.03554072 
458 389 14 17 0.035409864 
32 184 7 9 0.03519454 
550 351 10 13 0.034728393 
391 380 12 16 0.03462767 
238 324 9 12 0.034500476 
504 333 8 10 0.03371771 
831 433 19 26 0.033389043 
687 173 49 66 0.03114688 
243 383 16 20 0.030515214 
821 57 33 42 0.029872071 
180 338 14 18 0.027870081 
438 384 15 17 0.027541319 
189 329 13 17 0.027286898 
891 521 47 51 0.027067916 
264 317 11 14 0.026985541 
367 360 15 20 0.02670626 
621 458 10 16 0.026435876 
198 331 11 14 0.026299402 
309 315 10 12 0.025979225 
205 384 15 19 0.025905464 
378 367 14 18 0.02506772 
676 346 12 16 0.024595961 
854 279 8 9 0.024093134 
229 332 12 15 0.023997303 
454 12 83 106 0.023954587 
230 428 11 13 0.02374795 
377 315 10 14 0.023588628 
837 255 9 10 0.023162559 
199 346 13 17 0.02261024 
366 332 11 14 0.022456713 
432 404 10 13 0.022408659 
78 279 10 12 0.022304812 
833 255 9 10 0.022283912 
71 351 11 14 0.022106722 
299 327 14 16 0.02189068 
176 237 8 10 0.021870665 
541 432 12 15 0.021723686 
374 418 13 18 0.021562273 
174 339 13 17 0.021530353 
992 270 8 11 0.021206807 
340 360 14 18 0.021175422 
820 76 35 39 0.02116496 
593 82 49 67 0.021026747 
870 288 8 10 0.020896994 
332 380 16 22 0.020640813 
375 309 11 14 0.020597791 
577 99 57 71 0.020143531 
681 31 201 248 0.02008368 
