12_Group_Group_12_Group_Group_12_354
34
188 94 48 63 0.9991698 
954 72 28 36 0.9982369 
57 42 43 60 0.99817336 
281 40 40 53 0.9948224 
158 12 38 54 0.98511606 
556 24 21 28 0.96647435 
774 97 24 31 0.9564449 
668 28 19 27 0.93568176 
466 21 21 28 0.91631806 
426 64 20 27 0.8539449 
589 42 17 22 0.57587177 
740 34 12 16 0.5677711 
867 69 25 31 0.30314562 
482 92 12 16 0.0703769 
467 69 15 18 0.05825173 
483 57 16 20 0.05746944 
882 75 16 21 0.055270962 
582 45 19 22 0.040316537 
999 243 11 17 0.03868215 
735 241 13 17 0.037639752 
853 83 23 33 0.029806778 
583 25 26 40 0.028464595 
892 107 17 21 0.02549154 
886 115 15 22 0.025440382 
925 241 12 18 0.025091713 
473 64 17 21 0.023456695 
594 32 24 33 0.02336021 
722 33 16 20 0.022304397 
761 36 10 12 0.02205961 
876 76 29 33 0.021309046 
716 32 14 18 0.020378193 
434 65 22 29 0.020145092 
422 61 16 21 0.020124827 
587 51 17 21 0.020004665 
