12_Group_Team_Organized_Group_12_Group_Team_Organized_Group_12_126
24
94 158 9 13 0.5084338 
782 396 50 58 0.15266089 
710 348 26 30 0.070373595 
692 390 102 113 0.06003283 
472 371 21 28 0.056954652 
560 345 51 67 0.05221523 
717 358 14 18 0.049968403 
664 340 107 101 0.048545685 
498 450 43 55 0.041837037 
470 382 17 22 0.039471563 
710 348 62 65 0.03763505 
986 408 7 11 0.03526094 
985 413 8 11 0.0320223 
802 417 40 41 0.028731871 
1006 536 7 9 0.027284347 
635 333 24 35 0.027060332 
535 328 83 108 0.026488919 
919 374 7 9 0.02382581 
760 383 56 64 0.022840828 
558 358 11 16 0.021623679 
13 446 8 10 0.021470457 
658 346 55 73 0.021165274 
365 276 10 14 0.02094332 
356 299 12 14 0.02009135 
