12_Group_Team_Organized_Group_12_Group_Team_Organized_Group_12_461
122
39 299 31 36 0.99520606 
401 283 28 35 0.99042577 
250 283 26 31 0.98383534 
908 424 23 26 0.9795855 
180 317 16 22 0.90645456 
285 301 13 16 0.9003794 
485 302 44 50 0.88363886 
356 309 21 26 0.8796827 
341 413 24 34 0.82149917 
313 307 10 13 0.76129204 
155 309 11 14 0.70665413 
633 297 26 33 0.7054535 
330 326 17 20 0.6892134 
117 311 11 15 0.44738048 
909 328 11 14 0.3660234 
951 441 21 26 0.19155286 
135 305 13 17 0.13421951 
831 416 15 24 0.123947926 
461 298 45 52 0.12263852 
839 414 22 28 0.113090724 
1000 289 11 13 0.110431336 
46 286 25 31 0.10606085 
262 288 17 23 0.08884287 
962 442 17 22 0.088348 
28 549 15 19 0.08238281 
849 408 24 31 0.081322975 
906 328 21 28 0.07770246 
886 434 14 18 0.07603637 
115 317 16 21 0.07003883 
869 409 14 21 0.068471484 
870 573 11 14 0.066012636 
943 444 21 27 0.06471508 
124 309 11 16 0.06349008 
1005 290 10 13 0.061167754 
567 574 20 22 0.061147686 
361 302 18 22 0.060956996 
507 280 41 59 0.059273448 
329 444 15 19 0.056554012 
243 286 21 24 0.051157247 
450 284 38 53 0.050653864 
1014 292 9 14 0.049397685 
992 291 10 12 0.048365716 
993 358 9 11 0.04831592 
309 302 17 22 0.04591766 
76 538 12 16 0.044791043 
860 409 17 25 0.043599535 
29 541 15 18 0.043560833 
186 310 14 20 0.042314716 
969 450 14 19 0.04220134 
18 305 14 19 0.04219165 
542 482 28 38 0.04025477 
99 307 12 18 0.03919911 
167 316 12 18 0.039111916 
930 448 15 21 0.038055766 
1012 317 10 14 0.03800168 
1014 324 9 13 0.037580445 
177 422 24 32 0.03718022 
926 330 12 15 0.03701362 
208 300 11 13 0.037007418 
518 275 25 43 0.036554683 
198 552 14 18 0.034822855 
608 289 9 11 0.032567184 
637 294 16 20 0.031804234 
314 318 21 27 0.03175539 
324 451 15 16 0.03168343 
169 507 16 17 0.031597577 
356 323 17 22 0.030889506 
290 377 15 18 0.030776769 
906 466 15 19 0.030672304 
66 640 8 10 0.030645594 
414 283 28 34 0.029878816 
862 441 16 19 0.029848345 
41 370 18 21 0.029702513 
308 324 14 19 0.028831765 
982 313 13 18 0.028772578 
141 538 16 21 0.028565882 
915 375 20 22 0.028475847 
528 479 31 41 0.028105602 
278 375 25 32 0.028059073 
727 252 32 55 0.02771082 
523 552 23 30 0.027225573 
195 293 13 15 0.027166143 
301 291 11 14 0.02704952 
982 358 9 11 0.026533838 
932 327 10 13 0.026369078 
638 306 29 39 0.026213702 
598 588 12 17 0.026124362 
368 306 17 22 0.025863422 
987 379 13 16 0.025488874 
948 370 11 14 0.02524672 
912 335 24 28 0.025110733 
947 437 17 22 0.025001936 
64 662 9 13 0.024879765 
853 395 10 14 0.024859397 
631 303 18 23 0.02433967 
529 273 23 35 0.024239033 
2 267 16 23 0.024058858 
354 420 26 33 0.024017772 
829 421 22 31 0.023816487 
539 274 25 31 0.023770336 
291 295 12 15 0.023126421 
852 392 9 11 0.023017837 
934 354 13 16 0.022951951 
862 434 13 18 0.02275274 
56 284 16 22 0.022574907 
925 410 14 18 0.022512663 
74 386 16 19 0.022032576 
28 571 11 14 0.021932213 
987 124 11 14 0.021372825 
913 326 14 16 0.021319425 
985 294 8 11 0.021233607 
598 288 11 13 0.021128869 
318 458 15 16 0.020941498 
897 323 40 51 0.020861635 
293 433 24 28 0.020822322 
876 404 13 17 0.020718599 
982 402 16 18 0.020664701 
65 668 10 12 0.020411996 
307 511 18 22 0.020380441 
293 437 14 19 0.020302754 
877 441 12 16 0.020095058 
555 287 15 19 0.020059407 
