12_Group_Group_12_Group_Group_12_843
128
391 495 94 105 0.99831164 
621 202 17 20 0.9578873 
506 227 13 17 0.9348845 
89 433 119 203 0.8863547 
547 222 11 14 0.8295767 
420 238 14 18 0.7181493 
667 261 19 22 0.6685535 
58 325 15 19 0.23644038 
585 192 8 12 0.15583478 
600 334 36 39 0.14999668 
604 211 11 14 0.13597025 
281 443 16 19 0.13090515 
643 219 11 14 0.1130521 
191 737 14 18 0.10884094 
242 215 8 11 0.085984915 
521 381 34 37 0.06848808 
595 240 21 28 0.06811685 
601 207 11 13 0.06780205 
318 446 49 65 0.06766172 
224 225 8 9 0.061593227 
516 303 10 14 0.054525923 
532 237 10 12 0.05424178 
224 230 8 10 0.05369248 
532 245 10 12 0.047915883 
531 291 14 18 0.047871985 
242 207 7 9 0.04674771 
580 217 14 18 0.045551162 
278 692 13 16 0.045530926 
134 367 36 34 0.044223342 
311 201 7 9 0.04397147 
637 195 13 17 0.04174647 
580 269 11 15 0.04125937 
223 208 9 10 0.0408521 
587 561 189 207 0.040127434 
185 223 8 10 0.039859816 
190 223 7 10 0.039240837 
491 340 28 34 0.038017653 
305 471 60 70 0.03770076 
592 253 11 16 0.037616115 
257 224 6 9 0.03655779 
600 321 29 37 0.036365148 
263 175 7 10 0.036097564 
247 207 7 9 0.03555947 
495 251 10 14 0.035030548 
728 303 8 11 0.03435891 
169 208 9 11 0.034242023 
597 310 26 34 0.033762477 
173 212 8 10 0.03338426 
598 217 11 15 0.033212394 
186 723 22 30 0.033195708 
409 270 9 12 0.03310594 
549 259 11 15 0.032707814 
216 207 7 9 0.032531966 
8 183 9 11 0.03230313 
589 219 12 15 0.03212711 
633 201 15 19 0.03141111 
241 184 6 8 0.03138466 
248 222 7 9 0.031240145 
542 162 16 19 0.030957865 
264 223 7 8 0.030678751 
615 244 12 16 0.030102678 
650 265 24 30 0.029887535 
604 243 26 28 0.0296269 
884 591 48 53 0.029539488 
593 258 23 30 0.029098537 
224 213 7 9 0.028950106 
637 213 19 25 0.028296815 
166 230 9 11 0.028175736 
-21 445 141 200 0.028103687 
184 216 8 9 0.028028764 
200 233 9 10 0.027706832 
1014 155 9 14 0.027690517 
322 464 81 93 0.027327346 
525 317 11 12 0.027036885 
214 200 8 10 0.026983693 
194 742 17 19 0.026852455 
596 272 15 19 0.02681113 
575 214 12 17 0.026778227 
334 444 58 79 0.026504757 
575 194 11 14 0.026376761 
200 208 7 9 0.026118552 
573 238 10 12 0.025920238 
295 510 50 39 0.025916493 
656 256 24 28 0.025674213 
257 192 8 9 0.025170181 
603 290 15 17 0.02505388 
595 254 17 21 0.025013434 
254 247 9 12 0.02490841 
248 201 7 9 0.024899028 
168 225 8 10 0.02484515 
257 216 7 9 0.02481357 
129 216 8 10 0.024551747 
100 320 10 13 0.02419813 
492 302 14 19 0.023956252 
185 206 8 10 0.023885814 
499 341 16 20 0.023876145 
653 245 10 14 0.023792172 
3 38 53 80 0.023451135 
637 285 24 27 0.023313368 
633 560 58 62 0.023243725 
429 342 10 13 0.0230745 
191 200 7 9 0.023010826 
534 213 11 15 0.022975592 
241 200 7 10 0.022800991 
184 199 9 10 0.022601618 
638 273 25 29 0.0224147 
567 381 10 14 0.02238525 
179 747 14 18 0.022374319 
616 206 14 18 0.022300906 
596 236 14 19 0.022159642 
64 268 8 11 0.022071129 
221 744 16 19 0.02198525 
514 221 12 16 0.02186462 
539 95 43 57 0.02163499 
200 213 8 10 0.021373285 
47 325 27 30 0.021226319 
618 513 96 116 0.020995064 
646 268 13 16 0.020964367 
0 171 8 12 0.0208537 
223 190 8 10 0.020738281 
498 297 14 18 0.02070149 
599 277 25 28 0.020595072 
595 347 31 40 0.02043923 
655 260 13 18 0.020392511 
602 272 18 20 0.020322073 
165 238 9 10 0.020224849 
176 401 51 65 0.02003252 
60 322 11 13 0.020020792 
