12_Group_Group_12_Group_Group_12_759
23
376 119 66 88 0.9978527 
541 188 79 104 0.9929924 
246 176 69 102 0.99096996 
831 132 68 108 0.98119974 
59 98 71 125 0.98059434 
791 278 10 13 0.1825217 
30 448 90 124 0.099865064 
750 276 9 11 0.049358398 
728 301 10 14 0.04041375 
717 286 9 12 0.03879707 
749 287 9 11 0.035182364 
762 294 9 11 0.03441551 
761 288 8 10 0.034098256 
745 333 11 15 0.030030806 
726 286 9 11 0.029098056 
745 291 10 13 0.028124638 
520 24 8 9 0.027877538 
67 267 48 56 0.026509764 
919 94 14 20 0.024102755 
754 95 8 10 0.023873825 
-12 418 144 201 0.02311691 
718 292 10 13 0.022589939 
716 278 10 14 0.021214735 
