12_Group_Team_Organized_Group_12_Group_Team_Organized_Group_12_850
37
468 155 135 172 0.99986637 
283 214 133 161 0.9995221 
671 263 33 50 0.9933342 
927 274 13 17 0.41354543 
92 248 17 20 0.13010865 
972 290 14 16 0.10152166 
1010 243 13 22 0.08991654 
965 291 13 16 0.07785357 
60 254 17 22 0.073085636 
974 310 13 15 0.07226022 
-5 181 48 102 0.064210236 
332 172 133 201 0.05059589 
28 233 22 30 0.047006972 
1007 515 13 23 0.046476852 
-2 248 23 53 0.04082703 
909 276 11 13 0.040722225 
678 270 43 56 0.039009985 
142 246 15 19 0.03892332 
986 287 14 19 0.0355729 
980 288 14 17 0.035293516 
1012 268 10 15 0.029450985 
117 268 15 17 0.028926509 
959 272 14 17 0.028779918 
3 261 28 51 0.028352696 
137 247 25 28 0.026953032 
1007 272 11 16 0.026860418 
920 276 13 16 0.025622033 
-3 75 76 176 0.025597341 
42 241 23 30 0.025174301 
80 481 27 39 0.02488473 
53 249 17 22 0.02444645 
709 275 30 43 0.02382313 
694 287 35 42 0.02309964 
18 252 28 37 0.022210393 
119 260 13 15 0.022027869 
908 282 12 15 0.021180768 
124 257 14 17 0.020832483 
