12_Group_Team_Organized_Group_12_Group_Team_Organized_Group_12_412
75
555 233 34 42 0.9990343 
760 180 34 40 0.9981061 
704 199 39 48 0.9967619 
780 58 33 38 0.995018 
663 222 32 42 0.9948953 
603 333 36 49 0.9947129 
328 217 37 45 0.9940752 
577 401 46 58 0.9922132 
387 219 37 48 0.99211323 
494 226 38 48 0.99121 
233 200 40 52 0.9892028 
117 191 33 42 0.98243904 
967 134 36 49 0.9749937 
140 215 36 50 0.96805614 
5 210 41 39 0.9636461 
593 226 25 35 0.9330167 
891 222 39 50 0.92857057 
496 176 25 32 0.8947861 
911 207 30 37 0.865496 
543 141 12 16 0.59227335 
208 206 17 21 0.5361927 
476 240 15 22 0.3070418 
818 236 27 33 0.30643913 
294 173 11 15 0.28069845 
573 149 12 16 0.24463911 
610 170 14 19 0.22070944 
635 234 24 30 0.17213087 
514 141 10 13 0.13366061 
287 242 29 41 0.11269812 
646 227 30 36 0.08704628 
871 2 33 38 0.0831451 
285 168 24 29 0.07512547 
598 262 25 31 0.07222345 
342 313 40 54 0.07068745 
705 255 24 29 0.070009954 
996 253 29 44 0.06222013 
854 255 13 19 0.055662777 
540 148 15 20 0.0554251 
520 491 40 57 0.05224396 
48 247 25 33 0.050875142 
577 318 31 37 0.045904323 
467 448 46 54 0.045111347 
512 137 9 12 0.04402657 
596 221 16 21 0.04351991 
866 260 22 28 0.04290497 
415 272 29 39 0.04011326 
780 119 28 35 0.037329502 
598 248 23 30 0.036535606 
504 187 20 25 0.03397724 
262 196 32 45 0.033489186 
919 0 28 36 0.032685637 
278 177 29 36 0.031984504 
510 137 19 23 0.030511633 
833 240 17 23 0.02986099 
34 241 17 24 0.029364036 
818 250 20 24 0.029222824 
404 194 25 31 0.027710138 
46 256 16 21 0.026374392 
861 253 21 27 0.025320884 
1002 238 24 42 0.024934879 
197 209 24 33 0.024769153 
523 138 12 16 0.0247197 
483 492 33 49 0.024112592 
958 204 35 50 0.023494078 
275 192 32 47 0.02347187 
686 430 38 50 0.022744672 
409 196 15 18 0.022453548 
572 156 15 20 0.022291642 
58 97 14 19 0.021615472 
525 103 12 17 0.021607947 
573 228 31 39 0.021034809 
631 235 15 21 0.020972366 
506 333 42 51 0.020942282 
493 477 45 62 0.020421712 
394 206 33 42 0.020014793 
