12_Group_Team_Organized_Group_12_Group_Team_Organized_Group_12_500
36
584 152 110 146 0.9998847 
223 162 102 124 0.99952614 
879 154 122 173 0.9992749 
943 71 88 122 0.9963648 
387 117 147 186 0.9899726 
914 103 112 183 0.5569954 
93 244 26 31 0.32065418 
724 223 36 48 0.1830313 
134 221 50 71 0.09698383 
366 0 27 25 0.0849499 
33 272 17 21 0.07982559 
124 243 32 51 0.060808845 
70 155 15 19 0.04736649 
162 205 52 76 0.04460062 
983 418 41 75 0.044061292 
51 255 14 20 0.041969407 
85 233 42 52 0.039558195 
731 114 15 21 0.037396517 
724 201 83 112 0.03732106 
103 233 44 58 0.036428265 
399 -4 56 57 0.0357188 
103 162 23 28 0.034737393 
751 175 95 133 0.03178827 
356 0 50 52 0.031135485 
83 250 27 31 0.030583711 
78 378 105 114 0.03056904 
113 188 83 117 0.030037083 
82 478 17 22 0.02947316 
106 206 18 21 0.027497286 
343 87 56 79 0.027026888 
704 228 55 73 0.026088707 
351 0 34 35 0.023590287 
29 272 26 35 0.021909885 
58 255 15 20 0.02124877 
327 40 82 117 0.021169664 
99 203 28 35 0.020444695 
