12_Group_Large_Group_12_Group_Large_Group_12_120
1520
362 448 15 18 0.9807873 
350 350 11 15 0.9802224 
475 419 13 18 0.96680486 
926 385 13 18 0.9626902 
637 296 13 16 0.96124566 
669 419 12 16 0.96038175 
693 323 12 16 0.95929414 
880 357 13 16 0.9499661 
149 326 12 14 0.94836843 
76 450 14 17 0.9453933 
475 452 14 18 0.942794 
192 419 11 14 0.93858445 
590 267 10 13 0.9371735 
507 389 12 16 0.92773706 
390 349 11 14 0.9249347 
663 394 12 15 0.92201734 
277 396 11 14 0.922017 
550 294 11 15 0.91844696 
209 325 11 15 0.91489255 
430 323 11 15 0.91405666 
468 391 13 16 0.913157 
449 419 12 16 0.9106531 
423 414 12 16 0.8988906 
774 350 12 15 0.8972719 
720 303 9 13 0.88956594 
625 387 12 16 0.88774353 
548 323 11 14 0.8834338 
362 420 15 17 0.87842166 
367 383 13 16 0.87793434 
902 390 11 15 0.8763698 
526 345 12 15 0.8747817 
609 371 11 16 0.87445223 
692 421 13 16 0.87376344 
387 391 12 15 0.8707241 
121 452 11 14 0.8691961 
85 423 12 15 0.86859536 
413 322 10 13 0.86776197 
547 390 13 16 0.8659339 
811 389 11 15 0.86531067 
347 393 12 16 0.8632587 
567 326 11 14 0.86171955 
718 446 14 17 0.85924345 
93 326 12 15 0.8591988 
425 388 13 17 0.8591016 
639 374 12 16 0.85288227 
828 447 13 18 0.8519712 
197 393 12 16 0.8502491 
692 453 12 15 0.8493786 
846 277 11 14 0.8487398 
878 332 10 12 0.84580094 
578 450 13 17 0.84219193 
528 324 10 13 0.8418705 
902 347 11 14 0.83724636 
154 301 8 12 0.834211 
395 417 12 16 0.83287734 
221 356 11 14 0.83264893 
670 326 10 13 0.83179075 
679 243 9 12 0.83000755 
450 379 12 16 0.8265451 
244 325 10 13 0.8241773 
526 378 12 17 0.8232588 
328 349 12 15 0.8223097 
218 301 9 12 0.8198406 
100 301 11 14 0.8185949 
877 420 11 14 0.8185355 
717 347 10 14 0.8178509 
167 421 12 15 0.81488645 
406 348 11 15 0.8110282 
222 421 11 15 0.8103308 
562 378 13 16 0.8072129 
325 271 9 13 0.80433327 
442 446 12 15 0.7932943 
376 322 10 13 0.79053843 
820 327 11 14 0.7878538 
111 356 11 15 0.78584474 
347 294 9 12 0.7793637 
28 388 10 14 0.775085 
863 297 10 14 0.7722505 
140 358 11 14 0.77221805 
61 270 9 13 0.7716705 
131 301 10 14 0.76910204 
794 446 14 17 0.76840633 
135 270 9 13 0.76787126 
619 419 11 15 0.76554793 
429 294 11 15 0.7652272 
175 224 7 9 0.7576434 
404 447 15 19 0.75742346 
271 295 10 12 0.75599974 
120 396 12 15 0.755642 
228 383 11 14 0.7533386 
324 293 9 11 0.75251323 
279 422 11 15 0.75169027 
411 382 12 15 0.7483945 
826 274 10 13 0.7483772 
864 356 11 15 0.7475662 
228 453 11 15 0.7452992 
734 243 9 11 0.74127585 
75 301 11 14 0.7356972 
46 362 11 14 0.7354867 
588 326 12 15 0.7328562 
596 423 10 15 0.72849256 
68 326 12 16 0.7281585 
370 350 12 16 0.7267543 
488 382 12 14 0.7257821 
111 419 12 16 0.7187276 
312 397 13 15 0.71755767 
547 451 12 15 0.7139329 
78 389 12 15 0.71374255 
608 270 9 11 0.7127382 
302 383 11 14 0.71098256 
571 295 12 16 0.70784295 
231 269 8 12 0.7070861 
797 350 10 13 0.7056931 
336 222 7 10 0.7036747 
467 354 11 14 0.7002252 
488 318 10 12 0.6989697 
738 293 9 13 0.6972505 
606 345 11 15 0.6964835 
180 326 10 14 0.69440085 
715 415 13 15 0.69302213 
763 427 11 14 0.6928558 
889 280 9 11 0.69082886 
621 239 10 13 0.6901294 
157 393 13 16 0.6853652 
700 302 9 12 0.6844368 
766 295 9 12 0.68402255 
621 297 11 14 0.6821719 
671 347 11 15 0.68182427 
884 392 13 16 0.67837375 
516 295 9 12 0.676579 
57 421 11 15 0.6762437 
356 324 10 14 0.67472625 
198 303 9 11 0.6705731 
38 328 12 14 0.6703022 
761 349 9 13 0.6680778 
652 345 12 16 0.6655961 
582 347 12 15 0.66437393 
850 382 13 16 0.6643241 
122 327 9 13 0.66401666 
304 296 8 10 0.66290015 
147 456 14 17 0.6592966 
452 320 11 14 0.6583702 
269 324 10 13 0.6552919 
498 302 10 12 0.65461886 
153 279 9 12 0.6535334 
452 293 10 13 0.6534565 
428 358 11 14 0.650471 
783 414 13 16 0.65000147 
609 324 12 15 0.6459316 
599 222 7 9 0.64518195 
538 268 10 13 0.64453197 
791 384 11 14 0.6432364 
544 418 12 17 0.64195997 
821 351 12 15 0.6402372 
658 298 11 14 0.63944787 
663 241 9 12 0.63908195 
553 345 12 17 0.63340414 
648 419 12 16 0.63121516 
596 295 10 13 0.6297805 
444 268 10 12 0.6295203 
797 323 11 14 0.6294205 
139 419 13 17 0.62582403 
675 267 11 13 0.6242094 
232 223 7 9 0.6238421 
692 348 11 14 0.62369335 
502 263 9 13 0.62206364 
700 246 9 12 0.6068963 
742 350 11 14 0.6065069 
506 412 13 15 0.6062321 
495 357 11 13 0.6032289 
426 271 9 13 0.59812707 
165 358 8 12 0.5965709 
346 270 9 12 0.59582806 
334 322 11 14 0.59571564 
753 327 9 12 0.59516275 
583 391 12 15 0.59515303 
270 271 10 13 0.5915083 
565 266 10 13 0.59126663 
190 271 9 13 0.59104496 
463 268 10 13 0.59041035 
685 300 10 13 0.5883764 
251 416 11 16 0.5879488 
839 249 10 13 0.58649915 
199 244 9 12 0.58455586 
532 293 9 14 0.583436 
86 282 10 13 0.58296406 
192 222 7 9 0.57879 
410 271 9 12 0.57475066 
170 299 9 13 0.5745996 
716 387 10 12 0.5741593 
474 247 8 11 0.5732446 
185 459 11 14 0.57286453 
729 326 9 11 0.56415737 
643 239 11 13 0.5607422 
412 247 9 12 0.56066185 
627 323 11 15 0.55745476 
717 268 8 12 0.55527705 
363 295 8 11 0.5544902 
654 453 12 14 0.55108076 
457 240 8 11 0.5501986 
91 362 12 15 0.5474137 
289 297 9 12 0.5396617 
103 280 8 12 0.5385058 
695 266 10 12 0.53761977 
885 299 9 12 0.5359995 
774 242 10 12 0.53552806 
335 425 11 15 0.5327849 
820 246 9 12 0.52623373 
27 363 11 13 0.5226311 
912 297 11 14 0.52196425 
42 397 11 15 0.5216094 
763 455 10 14 0.5205066 
172 271 10 14 0.51624185 
310 247 9 12 0.51186365 
184 247 9 12 0.51032186 
239 357 9 12 0.50543755 
850 419 11 14 0.50440913 
519 267 10 12 0.50432247 
853 448 13 17 0.5039002 
281 357 9 11 0.5000281 
653 323 11 13 0.49898425 
957 445 12 16 0.49823046 
610 451 12 15 0.49666047 
573 241 9 12 0.49221346 
253 299 9 11 0.49193826 
917 272 8 11 0.489367 
804 420 9 12 0.4828635 
803 294 11 14 0.480976 
553 238 9 12 0.46956965 
394 323 9 12 0.46635845 
736 391 10 13 0.46541607 
292 447 12 15 0.46182337 
510 236 9 11 0.4593517 
121 279 9 12 0.45901918 
764 270 9 11 0.45786557 
118 245 8 11 0.45760292 
201 358 9 13 0.45744565 
593 242 10 13 0.45347467 
628 266 10 13 0.4517823 
641 220 8 10 0.45130575 
257 453 11 14 0.45073706 
390 270 8 11 0.44864136 
335 452 12 15 0.44860047 
509 453 12 16 0.44753742 
864 277 9 13 0.44694716 
807 275 8 11 0.4442977 
647 269 11 14 0.44030255 
476 288 9 13 0.43843222 
381 294 10 13 0.43679407 
409 293 8 10 0.43574995 
182 358 9 12 0.4317629 
295 323 11 13 0.42986813 
49 299 10 13 0.42789063 
308 270 9 10 0.42034206 
775 389 11 15 0.4191333 
695 228 8 10 0.41899264 
533 239 8 11 0.41638494 
699 387 12 14 0.4161317 
109 382 10 12 0.4161088 
135 243 9 12 0.41381967 
737 271 9 12 0.4123214 
619 220 8 10 0.41192952 
307 421 11 14 0.4018611 
633 347 11 15 0.39809176 
466 216 7 10 0.39517164 
852 327 9 13 0.39370283 
209 271 10 13 0.39073992 
303 352 10 13 0.38447005 
83 224 9 11 0.38129872 
240 396 10 13 0.3779013 
318 222 7 8 0.37785888 
292 271 8 11 0.37556714 
332 247 8 11 0.3754291 
370 272 7 11 0.37443307 
866 389 10 13 0.36989373 
840 352 12 16 0.36661103 
78 242 9 12 0.36389452 
750 378 10 14 0.36388192 
903 328 9 11 0.3634024 
772 327 9 11 0.35885274 
336 381 11 14 0.3529835 
509 325 10 13 0.347222 
713 323 10 14 0.34434336 
855 251 10 12 0.34268573 
932 419 13 16 0.33835867 
569 421 10 13 0.33451575 
385 246 8 12 0.3338066 
55 330 10 12 0.33168438 
756 245 8 11 0.33146644 
360 221 6 8 0.32781222 
739 419 10 14 0.3220347 
259 381 11 14 0.31945494 
292 248 8 10 0.3165099 
139 226 6 8 0.31504783 
469 319 10 12 0.31348783 
447 357 11 14 0.3129016 
484 263 10 13 0.3128498 
886 450 11 15 0.31068242 
234 295 9 12 0.30933547 
844 298 9 13 0.30928117 
874 254 8 11 0.30919766 
212 225 7 9 0.30802137 
506 217 8 9 0.30519912 
152 240 8 11 0.3014798 
396 348 12 15 0.29476666 
798 244 8 11 0.29286593 
105 390 11 13 0.29076114 
277 248 7 10 0.2894387 
672 464 10 13 0.2889996 
957 424 13 16 0.28691462 
825 296 10 12 0.28459072 
66 363 13 15 0.2825106 
489 218 7 9 0.28012988 
283 223 7 9 0.27990025 
943 350 10 12 0.27768892 
542 218 7 9 0.27741495 
354 246 8 10 0.2772713 
437 247 9 11 0.2761609 
447 349 10 13 0.27362415 
762 295 8 11 0.27216947 
721 224 8 10 0.26692057 
896 454 9 12 0.26599064 
157 225 7 9 0.2621074 
249 223 8 9 0.25735185 
493 237 8 11 0.25380242 
677 386 10 13 0.25360012 
72 387 12 15 0.25304216 
302 226 7 8 0.25233194 
364 485 15 17 0.24617782 
430 218 7 9 0.2400308 
150 420 11 15 0.23367755 
253 356 9 12 0.23162223 
824 386 11 15 0.22987129 
823 415 11 14 0.22553524 
571 221 8 9 0.22548181 
310 391 13 15 0.22206736 
720 246 8 10 0.22136992 
104 461 12 13 0.22040172 
652 415 11 14 0.21895385 
482 268 9 11 0.21249406 
95 482 12 16 0.20354863 
790 270 8 11 0.20225643 
249 270 8 10 0.20078653 
276 294 9 12 0.19823134 
624 263 10 13 0.19818018 
265 221 7 9 0.19741313 
266 352 9 12 0.19602442 
525 219 8 11 0.19411251 
661 221 9 12 0.19398293 
269 356 10 11 0.19001919 
309 356 10 12 0.18923225 
148 389 13 15 0.1887109 
376 221 8 10 0.18500254 
678 222 9 11 0.18378124 
236 299 9 12 0.18289407 
36 445 9 11 0.18019907 
117 226 8 9 0.17778657 
773 380 11 15 0.17743206 
171 416 10 13 0.17645687 
221 246 8 11 0.17142452 
743 225 8 9 0.16995701 
655 446 12 16 0.16813695 
239 246 8 10 0.16085811 
788 294 9 12 0.15993138 
213 460 9 11 0.15869595 
772 375 9 11 0.15646175 
701 396 11 13 0.15589821 
170 248 8 11 0.1497282 
736 402 11 13 0.14747803 
802 413 11 15 0.14442384 
261 446 10 14 0.14437826 
44 330 12 14 0.1413122 
645 217 8 10 0.14096622 
717 320 9 12 0.1407389 
247 355 9 12 0.14050543 
448 217 6 8 0.14039516 
879 247 8 10 0.14032279 
274 251 8 11 0.13820657 
46 502 12 14 0.13452417 
586 341 12 16 0.13448507 
37 453 9 12 0.13424462 
391 275 8 10 0.13419029 
226 270 9 11 0.1334963 
765 317 11 12 0.13190635 
646 262 10 13 0.13136801 
668 388 11 15 0.12963548 
341 421 12 15 0.1295429 
394 221 8 9 0.12944603 
158 421 10 15 0.12870176 
248 247 7 10 0.12803495 
765 312 10 11 0.1278886 
473 241 8 11 0.1264198 
185 388 9 12 0.12540875 
353 319 10 13 0.12442394 
585 217 7 9 0.124305695 
379 318 10 13 0.12333961 
250 295 10 13 0.12313713 
205 351 11 13 0.123022184 
585 221 7 9 0.12294242 
580 414 11 13 0.1224391 
505 285 9 11 0.12243846 
413 218 7 9 0.122123145 
688 344 10 13 0.121270135 
106 395 13 16 0.12058023 
511 321 10 12 0.116915464 
167 462 11 13 0.11457332 
243 390 10 12 0.11157708 
766 349 9 13 0.10791636 
854 228 8 10 0.10788777 
306 460 11 13 0.107513905 
286 413 10 13 0.107061915 
496 233 7 10 0.106848255 
238 404 10 12 0.10446738 
471 311 8 10 0.103882074 
786 224 7 10 0.10227533 
952 426 12 15 0.10193935 
685 214 8 10 0.10120641 
898 253 9 11 0.101067394 
770 331 10 12 0.1006235 
896 263 9 12 0.10032581 
197 400 11 14 0.09945155 
176 227 8 10 0.098756395 
757 241 8 10 0.098471865 
454 289 9 11 0.09835689 
195 461 9 11 0.09784821 
769 223 7 9 0.09776721 
611 320 12 14 0.09679897 
249 262 8 11 0.096132524 
412 292 9 11 0.095924914 
315 223 6 8 0.095281914 
261 376 9 12 0.09464656 
191 389 12 14 0.09368908 
51 364 10 14 0.09338344 
115 413 12 16 0.09334499 
673 222 9 10 0.09301476 
348 427 11 15 0.09211047 
290 252 9 10 0.09180516 
50 460 10 14 0.091792695 
571 330 10 13 0.09135352 
680 294 10 13 0.0910106 
273 420 11 15 0.09095531 
497 296 9 12 0.08978235 
42 358 10 13 0.08970707 
908 343 9 12 0.089667924 
132 296 11 13 0.089664094 
215 376 8 10 0.08965929 
38 391 11 14 0.08905116 
333 468 12 16 0.08849645 
597 414 10 13 0.087902874 
814 460 10 12 0.087621555 
494 307 10 13 0.087411955 
428 352 11 13 0.08700311 
918 370 12 14 0.08692012 
97 244 8 10 0.086123824 
670 240 9 11 0.08581535 
600 405 10 12 0.08558766 
151 394 13 16 0.085479595 
51 295 11 14 0.08534748 
95 281 9 11 0.08532202 
730 245 9 11 0.08343009 
325 312 8 10 0.082447596 
532 319 10 12 0.08223653 
325 468 11 16 0.08041581 
266 320 9 11 0.079066 
663 217 8 10 0.07866321 
322 289 9 11 0.078296155 
265 294 9 12 0.078250356 
343 414 12 15 0.078168385 
286 441 10 12 0.07781638 
183 241 8 10 0.077420816 
399 444 13 16 0.077241436 
595 223 8 9 0.07651058 
358 240 7 10 0.076504074 
759 447 10 13 0.07626163 
320 313 8 10 0.075868405 
528 329 12 15 0.07533479 
25 384 11 13 0.07505119 
276 458 12 14 0.07503766 
883 420 10 13 0.07482124 
174 248 9 12 0.07473276 
879 225 8 9 0.07456631 
345 265 8 10 0.07449886 
610 342 12 14 0.073131666 
741 289 9 11 0.07288648 
895 268 9 11 0.07286174 
725 225 7 9 0.072822645 
738 349 9 13 0.07222983 
673 310 9 11 0.07184362 
382 289 9 10 0.07178198 
681 209 7 9 0.071369536 
115 228 9 10 0.07111974 
101 244 8 10 0.07012109 
216 265 7 9 0.07001203 
918 453 11 15 0.06957046 
413 377 11 13 0.069548175 
699 264 11 12 0.069424346 
157 296 8 11 0.06926832 
646 395 9 13 0.0691456 
102 229 7 10 0.06896922 
231 356 9 13 0.067999125 
37 440 10 12 0.0677176 
573 218 8 9 0.06766761 
867 295 10 13 0.066891186 
390 452 11 14 0.066695996 
191 244 9 13 0.066597596 
792 318 11 13 0.066554256 
742 264 8 10 0.06642835 
434 250 9 12 0.0659582 
220 296 10 12 0.06594399 
535 404 11 13 0.06589852 
366 288 9 12 0.06538076 
937 230 7 9 0.065259 
295 311 8 10 0.0650578 
935 351 11 13 0.06499856 
928 349 9 12 0.06480317 
348 274 9 11 0.064751774 
826 225 8 10 0.06422708 
826 382 12 15 0.06391382 
285 352 9 11 0.06343868 
790 288 8 10 0.06319382 
864 383 10 14 0.06312568 
342 374 11 14 0.06280335 
641 230 9 10 0.062697984 
575 414 9 13 0.062314123 
474 388 12 16 0.06205962 
894 485 16 17 0.062048845 
953 272 9 12 0.0618867 
738 454 9 11 0.061701614 
633 299 12 14 0.06158365 
765 265 8 11 0.061485246 
385 241 7 10 0.061395593 
392 443 11 15 0.0611448 
598 263 9 12 0.061096594 
920 231 9 11 0.061043143 
191 296 9 11 0.060849763 
674 383 10 13 0.060834285 
350 312 9 10 0.06071226 
780 244 9 11 0.060563996 
613 441 10 12 0.06046857 
327 317 9 12 0.06041368 
465 319 9 13 0.060198534 
490 312 9 12 0.05993243 
848 252 8 11 0.059501763 
470 220 7 10 0.059310712 
507 486 12 14 0.059249204 
184 309 8 10 0.059163444 
249 254 9 11 0.05911478 
494 246 8 9 0.05909044 
445 276 9 11 0.058838673 
213 227 8 11 0.05854909 
713 265 9 12 0.058486044 
230 352 9 11 0.05847144 
406 440 12 16 0.058417097 
886 415 10 12 0.058176193 
518 398 11 15 0.05791866 
386 276 8 10 0.057720132 
689 448 11 13 0.057705805 
781 389 10 13 0.057625007 
55 348 10 13 0.057606637 
398 332 9 12 0.057016123 
303 289 7 9 0.056728058 
689 413 12 14 0.05661997 
496 256 8 9 0.056543726 
189 383 10 12 0.056418993 
527 288 10 12 0.056208238 
282 443 10 13 0.05615817 
677 343 10 13 0.05609835 
504 452 12 16 0.05605744 
372 276 9 11 0.055882167 
815 414 9 12 0.055833973 
784 300 10 12 0.055821408 
101 225 7 9 0.055706732 
144 393 13 15 0.055624343 
232 394 11 14 0.05552759 
448 221 7 10 0.055502567 
400 370 11 15 0.0552732 
350 289 8 10 0.055125948 
213 320 9 12 0.054964937 
861 247 8 11 0.054895494 
157 283 9 12 0.05478318 
770 240 8 11 0.05477232 
950 292 10 12 0.054627366 
558 221 7 9 0.054547843 
360 290 8 10 0.054436468 
953 329 8 10 0.054208264 
303 454 10 13 0.05391298 
572 425 11 14 0.053695876 
726 228 8 10 0.05368124 
901 248 8 11 0.053415507 
529 298 11 13 0.053307574 
295 329 10 14 0.053296275 
671 320 9 11 0.053281132 
868 351 11 13 0.053263284 
636 343 11 14 0.05320863 
435 319 10 13 0.053106464 
517 319 10 12 0.05297285 
354 241 8 10 0.052762832 
901 435 10 14 0.052750587 
29 405 8 11 0.052548498 
29 290 14 18 0.052521653 
441 266 9 11 0.05248871 
215 351 11 14 0.05214922 
40 478 10 13 0.052064728 
558 217 7 9 0.05189528 
830 224 7 10 0.051789496 
122 391 13 15 0.05177725 
448 287 9 11 0.051727984 
904 300 8 11 0.051709313 
510 263 9 11 0.051699467 
944 344 9 11 0.051476777 
606 265 9 11 0.051238842 
368 245 8 10 0.051223334 
756 330 10 13 0.051211663 
621 454 10 14 0.051075086 
222 241 9 10 0.05096366 
956 275 10 13 0.050671816 
182 320 9 12 0.050496086 
571 264 10 12 0.050493438 
553 365 12 14 0.0503886 
913 421 11 14 0.050356284 
699 457 11 14 0.050029397 
74 245 8 11 0.049954824 
730 240 8 11 0.04992827 
803 230 7 9 0.049880933 
199 297 8 10 0.049802527 
791 265 8 9 0.04975347 
328 421 12 15 0.049744647 
646 286 11 14 0.049641803 
477 252 9 11 0.049483526 
296 351 9 11 0.04940166 
519 403 12 16 0.049386594 
156 241 9 11 0.0493545 
900 230 10 11 0.04927789 
858 300 9 12 0.049150717 
79 358 10 13 0.048740778 
671 293 10 13 0.048691235 
542 455 15 17 0.048545796 
801 270 9 11 0.048342347 
158 307 9 12 0.048334885 
589 373 9 13 0.04824863 
369 240 7 10 0.048232473 
592 416 10 12 0.048220456 
790 275 9 12 0.048158582 
267 277 9 11 0.048130613 
554 217 7 9 0.048087157 
64 369 11 14 0.048057236 
771 244 9 11 0.048050106 
346 420 12 16 0.048037775 
575 231 8 9 0.04802875 
339 470 12 16 0.04797523 
557 233 9 11 0.047959402 
686 209 8 10 0.047940798 
720 241 8 9 0.047893982 
303 377 11 13 0.047804687 
660 439 10 12 0.047788013 
311 312 8 10 0.047724236 
557 311 10 12 0.04768058 
400 312 9 10 0.047652416 
663 285 9 11 0.047559787 
235 246 8 10 0.04755771 
326 299 8 10 0.04730732 
488 376 11 14 0.047249544 
584 371 11 14 0.04717147 
247 459 10 12 0.047152095 
663 347 10 13 0.04715105 
740 274 9 12 0.046980098 
249 218 7 8 0.046686105 
125 277 9 13 0.046622034 
702 241 9 11 0.046574198 
665 326 10 13 0.046535723 
760 318 9 12 0.04638276 
48 498 9 11 0.046281513 
64 328 12 15 0.04599638 
231 318 9 11 0.045920145 
873 230 8 9 0.045904662 
896 419 9 13 0.045804963 
678 287 9 11 0.045797076 
678 228 9 11 0.045684982 
737 355 10 13 0.0455628 
304 415 11 14 0.045494664 
332 405 12 14 0.045468315 
145 330 12 15 0.04546581 
753 242 9 10 0.045406744 
333 413 12 13 0.045400232 
300 318 10 12 0.045314956 
524 263 9 12 0.045314137 
240 242 7 9 0.045256056 
851 224 7 10 0.045239747 
627 393 12 14 0.045177996 
209 456 10 12 0.04501039 
598 288 10 12 0.044989895 
427 217 7 8 0.04498259 
727 322 9 11 0.044965807 
83 280 10 12 0.044911694 
310 264 9 11 0.044645727 
782 278 9 12 0.04459589 
894 296 8 11 0.044463035 
155 459 12 15 0.044461165 
488 233 8 10 0.04445709 
216 305 9 12 0.044319373 
607 238 9 11 0.04425049 
662 230 8 10 0.044160873 
783 372 9 12 0.044138197 
329 240 9 11 0.04410471 
720 252 8 10 0.044040147 
478 239 8 11 0.044018 
652 276 11 13 0.04400798 
238 413 11 13 0.04390798 
565 323 17 21 0.04379317 
789 311 10 11 0.043563332 
200 351 11 14 0.04354716 
81 446 15 18 0.043509785 
106 467 12 14 0.04345217 
672 243 10 12 0.04342881 
78 402 11 15 0.043418746 
636 453 12 14 0.043417264 
213 342 10 11 0.04324478 
58 274 10 12 0.043242864 
99 479 14 17 0.04316355 
786 270 8 11 0.04309265 
465 340 10 12 0.042899042 
141 228 8 10 0.042833105 
586 263 10 14 0.042670004 
658 228 8 10 0.04246337 
98 306 10 13 0.04244633 
440 240 8 10 0.042377938 
567 288 10 13 0.042198054 
78 296 9 12 0.042187452 
271 415 11 14 0.04216338 
161 361 12 15 0.04203544 
534 311 9 11 0.042032886 
808 475 10 14 0.04200972 
345 289 8 11 0.04200919 
671 216 8 10 0.0419479 
823 408 9 11 0.041935697 
761 311 9 12 0.041919865 
344 311 9 11 0.041766074 
967 373 10 12 0.041705184 
30 284 12 14 0.041526403 
845 497 14 16 0.041508332 
623 231 8 10 0.04146143 
766 289 9 10 0.041435163 
115 350 12 15 0.04138137 
649 458 11 14 0.041335866 
530 373 13 16 0.041328628 
304 425 11 13 0.041273933 
753 321 8 11 0.04125354 
37 383 10 12 0.041243307 
835 252 9 11 0.04121786 
606 265 18 23 0.04115573 
535 256 8 10 0.041018043 
493 322 9 12 0.04084 
544 329 11 15 0.04080419 
533 288 11 13 0.040726677 
310 344 10 11 0.04072358 
960 301 9 11 0.04066997 
727 343 9 12 0.040470723 
945 311 10 12 0.04046834 
384 266 9 10 0.040440198 
917 420 13 17 0.040371038 
519 274 10 12 0.040276684 
25 393 11 14 0.040246505 
479 334 10 12 0.04010022 
399 240 8 10 0.039920315 
191 266 8 9 0.039798394 
702 297 9 12 0.039766554 
229 412 10 12 0.039702084 
582 239 9 11 0.03962688 
75 325 11 15 0.03958288 
505 234 8 10 0.03955868 
192 241 9 10 0.03955769 
882 445 11 14 0.039455105 
609 231 8 10 0.039437663 
176 321 9 12 0.0393892 
367 342 12 15 0.03925075 
274 392 10 13 0.039226465 
327 414 10 12 0.039096 
555 222 7 8 0.03904788 
471 232 8 9 0.038969655 
798 263 9 10 0.03886432 
901 268 8 11 0.03885512 
296 241 7 9 0.038819253 
206 308 8 11 0.038798586 
855 408 10 12 0.03876055 
248 227 8 10 0.038461115 
873 415 11 14 0.038417898 
786 264 6 9 0.03830695 
697 251 10 12 0.038284577 
1015 238 8 12 0.038223665 
438 492 13 15 0.038129207 
671 366 10 13 0.03810898 
419 486 11 13 0.038081925 
926 416 14 17 0.038068168 
848 319 9 12 0.038040783 
143 262 9 11 0.037916925 
645 231 9 11 0.03789734 
592 235 16 22 0.03785078 
645 255 11 13 0.03773273 
685 239 9 11 0.037654184 
914 254 8 9 0.037606105 
840 240 7 9 0.03759117 
552 371 11 14 0.037590638 
454 364 9 13 0.037551846 
201 390 12 15 0.03750971 
728 403 9 13 0.037504323 
375 264 8 9 0.037374377 
883 333 10 12 0.037331257 
478 310 9 11 0.037227154 
660 457 12 15 0.03715817 
765 275 9 11 0.037108954 
232 407 10 12 0.03702479 
805 408 10 11 0.036897533 
713 343 11 14 0.036876146 
339 325 11 13 0.036816344 
439 286 9 11 0.036814153 
240 321 10 12 0.036773928 
647 470 13 15 0.036603343 
679 366 9 12 0.03656615 
928 224 7 9 0.03648111 
233 310 8 10 0.03645206 
943 270 8 11 0.03631769 
742 346 10 11 0.03611813 
673 466 13 16 0.03602883 
154 228 7 9 0.035900943 
592 463 10 13 0.0358496 
956 285 10 13 0.03581723 
962 422 12 15 0.035787035 
784 409 10 12 0.0357671 
796 441 12 14 0.03575611 
107 283 10 13 0.035700206 
169 326 10 12 0.03564456 
739 224 7 9 0.035541113 
60 416 10 13 0.03548573 
975 341 12 15 0.035484485 
472 283 16 22 0.035461694 
557 243 9 12 0.035443857 
699 319 10 12 0.035417847 
948 343 10 11 0.03534837 
858 446 11 15 0.035316672 
223 265 8 10 0.035310425 
247 289 8 9 0.0352159 
583 255 9 11 0.0351874 
956 295 9 11 0.035136405 
238 270 8 11 0.035118323 
136 266 8 11 0.035075124 
303 311 9 11 0.035053395 
173 455 11 14 0.035012834 
205 362 10 12 0.03498945 
824 267 17 23 0.034974705 
40 472 9 12 0.03495395 
175 352 10 12 0.034921877 
176 219 7 9 0.034896832 
763 448 11 14 0.034794245 
396 439 13 15 0.034722112 
246 383 10 12 0.034685865 
97 297 10 12 0.034609407 
72 253 8 11 0.034455836 
161 388 12 16 0.03442317 
592 217 8 9 0.034295794 
384 342 11 14 0.034192108 
493 217 7 8 0.034159373 
352 251 8 11 0.034137826 
743 363 10 12 0.03401253 
879 240 9 10 0.03401093 
596 467 11 15 0.03397818 
935 208 8 9 0.0339735 
917 255 9 10 0.033942346 
745 332 8 11 0.03375028 
374 241 8 9 0.033679307 
912 288 9 10 0.033639245 
365 311 10 12 0.033611603 
349 434 13 16 0.03355595 
502 256 8 10 0.033483144 
469 384 13 16 0.033427913 
326 265 9 10 0.03338949 
430 265 9 10 0.033320576 
897 237 9 11 0.033272255 
295 288 8 10 0.033247385 
264 287 8 10 0.033178806 
850 229 8 10 0.033151552 
686 367 9 12 0.033119723 
582 401 12 14 0.03310217 
557 397 10 14 0.033093005 
149 492 15 17 0.033067293 
43 391 11 15 0.03304287 
752 367 9 12 0.03301874 
356 222 7 8 0.032982513 
308 464 13 16 0.032908767 
408 265 8 9 0.032901574 
174 406 10 13 0.032848474 
972 293 11 14 0.032740623 
757 344 20 24 0.0326788 
72 296 11 15 0.03264355 
105 357 10 14 0.032630526 
519 255 8 10 0.03262093 
406 309 9 11 0.03258075 
414 311 9 11 0.032572333 
519 289 9 11 0.03257186 
914 265 8 9 0.032547075 
85 352 11 13 0.03253235 
83 393 11 15 0.03249851 
270 343 9 11 0.032378983 
737 265 8 10 0.032372475 
720 297 9 12 0.032358244 
681 215 9 11 0.03234952 
783 317 10 13 0.032345887 
553 233 8 11 0.03233391 
248 275 9 10 0.032330886 
673 209 7 8 0.03226872 
749 349 9 12 0.032212317 
576 406 9 12 0.03208243 
279 288 9 11 0.03208049 
136 353 10 12 0.03207858 
414 240 8 10 0.032058425 
529 310 9 11 0.03202055 
34 326 11 15 0.032006692 
596 307 12 14 0.031954344 
791 345 10 12 0.031847727 
38 430 9 11 0.031829227 
668 321 17 23 0.03180252 
40 351 10 12 0.031794198 
221 251 9 11 0.031720426 
771 387 10 14 0.031648125 
640 395 10 13 0.03163592 
785 309 9 12 0.031629156 
671 288 9 11 0.031620767 
653 328 12 16 0.031596858 
736 230 8 9 0.03157785 
469 264 8 11 0.03145731 
821 416 18 22 0.03141577 
519 247 8 9 0.03140399 
125 283 9 12 0.03140036 
557 318 10 12 0.031381562 
545 319 11 14 0.031302676 
972 299 11 13 0.031293873 
439 404 11 14 0.031289596 
936 292 10 13 0.03126571 
108 301 9 13 0.03124337 
745 380 11 14 0.03122836 
13 398 9 12 0.031223424 
269 444 9 12 0.031223156 
309 275 9 12 0.031201823 
943 335 9 10 0.031191302 
801 225 7 9 0.03117468 
24 285 12 14 0.031123836 
334 328 12 14 0.031064158 
46 467 11 14 0.031053293 
238 458 10 13 0.031023065 
68 271 9 11 0.030966248 
208 217 17 25 0.030937653 
335 262 8 10 0.03085825 
360 289 17 23 0.030757774 
143 493 13 15 0.030707791 
586 263 19 23 0.030694341 
153 274 9 11 0.030691642 
617 253 10 12 0.030605188 
271 456 9 11 0.030543583 
831 241 8 8 0.03048962 
166 353 10 13 0.030433634 
293 342 9 12 0.030431299 
233 -3 412 472 0.030412892 
696 240 8 10 0.0304054 
109 454 11 15 0.030344237 
5 375 12 14 0.030321464 
713 373 9 12 0.030295677 
512 255 8 10 0.030279985 
253 223 7 9 0.030205095 
167 331 11 13 0.030176692 
927 286 9 11 0.030176146 
238 309 8 10 0.030139146 
445 474 13 15 0.03011642 
702 375 9 11 0.030112356 
559 326 10 12 0.030052887 
702 403 11 14 0.030010661 
5 365 11 13 0.02998573 
593 230 7 8 0.029896513 
774 223 7 9 0.02989304 
308 295 8 11 0.029892467 
406 373 12 14 0.029860768 
640 234 16 22 0.029860532 
822 242 9 10 0.029845813 
662 234 17 23 0.029804736 
287 291 16 22 0.029730773 
821 320 11 13 0.029722277 
145 383 11 14 0.02972125 
339 222 8 10 0.029678991 
402 292 8 11 0.029625732 
926 230 8 10 0.029625282 
517 258 18 24 0.029552415 
119 338 12 14 0.029473044 
641 262 9 13 0.029456742 
333 241 9 11 0.029434094 
687 407 10 13 0.029427292 
490 243 9 12 0.02941703 
120 321 17 22 0.029345531 
306 275 8 10 0.029339246 
708 437 13 15 0.029314917 
136 417 11 14 0.02931105 
423 266 17 22 0.029296743 
375 289 9 10 0.029294755 
22 438 9 12 0.02928489 
308 375 10 13 0.029278787 
190 318 9 11 0.029271904 
264 365 9 10 0.029267982 
344 265 16 23 0.02923811 
425 265 8 10 0.02923148 
155 330 11 15 0.029217903 
615 262 10 12 0.029170524 
701 223 7 10 0.029165898 
762 289 18 24 0.029156325 
973 285 11 12 0.0290209 
725 439 11 14 0.028975558 
936 336 8 10 0.028931225 
839 291 17 22 0.028924488 
490 356 11 14 0.028857887 
240 328 11 14 0.02885605 
409 300 9 11 0.028844226 
409 319 18 22 0.028834404 
746 375 11 13 0.028830266 
875 327 18 23 0.028792186 
802 350 11 14 0.028728465 
773 345 11 13 0.028713578 
816 419 10 13 0.02869502 
566 322 10 11 0.028688118 
358 264 8 9 0.028641764 
830 440 12 17 0.028609307 
657 216 8 11 0.02857948 
873 249 8 11 0.028575921 
339 318 11 13 0.028574064 
230 378 10 11 0.02855628 
794 241 8 10 0.028541718 
70 423 10 13 0.028535347 
184 294 9 12 0.028533485 
469 342 9 12 0.028533088 
841 231 7 9 0.028521491 
37 298 12 15 0.028477047 
911 249 8 9 0.028456118 
727 320 17 24 0.028422982 
509 286 10 12 0.02838122 
717 298 17 22 0.0283635 
231 289 9 10 0.028330674 
775 301 9 11 0.028304711 
132 266 18 22 0.028194258 
149 273 18 23 0.02816789 
279 415 12 15 0.028157348 
773 320 9 11 0.028152224 
693 287 10 11 0.028149238 
509 220 7 10 0.028142931 
606 287 11 13 0.028140767 
803 426 12 13 0.028119465 
142 337 12 15 0.028098986 
802 276 9 11 0.028085964 
822 375 10 12 0.02806727 
678 310 10 12 0.028050981 
817 241 8 9 0.028022932 
69 319 10 13 0.028007952 
377 246 7 10 0.027958324 
710 214 8 10 0.027946917 
806 230 8 10 0.027909229 
98 328 12 16 0.027890783 
938 413 12 15 0.027855422 
300 444 11 14 0.02785315 
517 309 11 13 0.027812334 
280 264 8 10 0.027664827 
543 382 11 14 0.02764226 
923 453 12 16 0.027630445 
662 279 9 12 0.02762664 
382 311 10 12 0.027616175 
886 439 11 14 0.02759474 
89 479 10 14 0.027588397 
855 438 12 14 0.02758229 
755 372 11 15 0.027564947 
729 208 7 9 0.027525593 
743 317 8 11 0.027492506 
239 289 8 9 0.027472641 
723 306 10 14 0.027462374 
448 239 9 11 0.027453145 
548 383 13 16 0.02741566 
816 373 10 13 0.027312128 
101 362 11 14 0.027311722 
308 442 12 15 0.027304687 
254 318 9 12 0.02728953 
104 378 19 21 0.027273605 
62 468 10 12 0.027200166 
255 364 9 11 0.027195195 
287 264 8 10 0.027164102 
294 264 8 10 0.027154982 
529 243 9 11 0.027142083 
434 294 11 13 0.027119715 
304 265 9 10 0.02708823 
710 407 10 12 0.027072717 
567 453 10 15 0.027058782 
286 408 10 12 0.027040398 
943 427 10 14 0.027025485 
373 316 18 22 0.027012749 
158 372 12 14 0.027010327 
694 295 11 13 0.02699639 
885 401 11 14 0.02699254 
289 240 7 9 0.026989603 
645 265 18 22 0.026971538 
273 404 11 13 0.026948592 
592 288 9 11 0.026929861 
292 412 11 13 0.026897684 
675 239 19 23 0.026887976 
672 259 18 22 0.026884021 
345 256 7 9 0.026829144 
487 257 8 9 0.026828814 
900 421 10 14 0.026825435 
454 406 11 14 0.02681793 
944 300 11 13 0.026802825 
452 342 10 13 0.026782067 
862 261 8 11 0.026773479 
694 407 11 13 0.026761953 
784 287 8 10 0.026698727 
494 222 7 9 0.026678028 
231 342 9 12 0.026488855 
536 259 17 23 0.026486684 
253 408 10 11 0.026483078 
713 448 13 17 0.026458934 
156 414 11 14 0.026426034 
739 346 19 22 0.026385501 
269 289 17 23 0.0263828 
789 407 10 12 0.026377175 
343 289 17 23 0.026376406 
470 302 10 12 0.026358744 
514 268 8 11 0.026340915 
557 255 9 10 0.02631806 
439 386 11 14 0.026298562 
280 342 9 11 0.026286345 
278 375 9 11 0.026252156 
424 309 10 12 0.02621772 
735 344 9 11 0.026206763 
288 341 9 11 0.026190694 
817 251 9 11 0.026174307 
604 292 12 14 0.026156634 
168 319 9 11 0.026103407 
384 383 10 13 0.026078884 
852 376 13 15 0.026077816 
713 230 8 10 0.026077343 
304 363 10 13 0.026058942 
343 367 11 13 0.026026715 
856 296 10 12 0.026024835 
481 233 8 10 0.02601447 
612 274 10 13 0.02597581 
886 491 12 14 0.025874022 
718 395 9 12 0.025859173 
936 255 8 9 0.02577332 
1001 223 9 11 0.025769811 
193 404 12 14 0.025766077 
614 287 10 12 0.02575302 
589 320 11 14 0.025731059 
224 446 12 14 0.025705425 
198 383 11 13 0.025702234 
191 358 8 12 0.025638876 
816 230 8 9 0.02562078 
424 289 8 10 0.025579078 
471 241 17 23 0.025565278 
359 313 9 10 0.025512718 
513 290 16 21 0.025478657 
885 246 8 10 0.025467498 
622 439 9 12 0.025395676 
465 310 9 11 0.02539029 
857 259 9 12 0.025385324 
79 315 11 14 0.02537945 
837 242 17 23 0.025375932 
391 314 17 22 0.025354892 
573 288 10 13 0.0253514 
273 240 8 10 0.02534336 
688 222 8 10 0.025309235 
752 444 10 13 0.025298104 
846 248 8 11 0.025245646 
54 465 11 13 0.02521343 
199 376 8 10 0.025168298 
599 399 9 12 0.02515146 
843 272 19 24 0.025151225 
145 320 9 11 0.025143817 
545 238 8 10 0.02506618 
246 404 9 12 0.025042694 
912 232 8 10 0.025038427 
71 447 14 17 0.025015129 
160 263 8 11 0.02498067 
232 226 8 11 0.024945915 
957 327 10 11 0.024905367 
503 384 12 15 0.024893379 
741 240 8 10 0.02487546 
159 351 11 14 0.024868669 
106 483 13 16 0.024842111 
624 328 12 15 0.024839811 
32 484 9 11 0.024839416 
800 408 9 11 0.024834082 
862 411 10 13 0.024805738 
396 217 7 10 0.024804221 
576 356 10 13 0.024781838 
293 440 11 13 0.024775688 
268 266 18 23 0.02476966 
566 403 12 14 0.024766227 
873 327 10 12 0.024748884 
488 304 9 11 0.024718449 
278 241 8 10 0.024692515 
830 317 9 12 0.02468754 
936 247 8 10 0.024675773 
371 427 13 15 0.024673995 
779 395 11 13 0.024666615 
545 294 11 14 0.024652923 
411 221 7 9 0.024649391 
628 420 10 14 0.024647072 
6 333 11 16 0.024642812 
52 328 19 21 0.024637712 
232 241 8 10 0.024632081 
142 276 9 12 0.024602775 
479 340 11 14 0.02460146 
168 266 17 22 0.024591345 
611 378 12 14 0.024578717 
167 241 8 9 0.024554979 
853 242 19 23 0.024551608 
583 382 12 14 0.024490023 
148 356 11 15 0.024482649 
391 313 9 10 0.024480712 
804 452 10 14 0.02446356 
438 363 11 14 0.024461484 
120 321 10 11 0.024457004 
540 466 13 15 0.024448007 
878 337 10 14 0.024436705 
853 321 9 11 0.024430102 
196 455 9 13 0.02442245 
689 263 9 11 0.024413278 
374 328 13 14 0.024390006 
503 280 10 12 0.024345998 
868 272 10 12 0.024331203 
1002 229 9 12 0.024330875 
447 312 10 12 0.024324315 
457 233 8 9 0.024316758 
354 354 11 14 0.024300732 
523 398 13 16 0.024271231 
382 333 11 13 0.024267029 
928 261 9 10 0.024258122 
872 258 9 12 0.024258122 
563 259 17 22 0.02425377 
816 240 18 23 0.024253711 
874 225 8 10 0.024218166 
46 350 11 14 0.024206698 
253 247 8 10 0.024172023 
973 308 10 11 0.024156177 
716 332 10 12 0.024129946 
389 458 13 15 0.024070438 
594 290 16 22 0.024055324 
919 448 10 13 0.024053194 
659 244 8 11 0.024037523 
911 487 10 12 0.02402042 
934 342 9 12 0.024013612 
191 227 9 10 0.023959992 
621 306 12 14 0.023953427 
552 255 9 11 0.0239416 
974 278 12 14 0.023933046 
794 346 18 22 0.023930755 
378 298 9 12 0.023904644 
321 266 16 22 0.02390121 
740 459 10 13 0.023893423 
750 406 10 12 0.023887843 
679 372 9 12 0.023873493 
175 265 8 10 0.023832614 
519 323 10 12 0.023818647 
240 420 10 13 0.023799159 
570 235 17 22 0.023797547 
181 353 10 12 0.023794223 
516 484 12 13 0.023773616 
312 241 8 10 0.023765886 
496 451 12 14 0.023757055 
703 436 12 15 0.023719676 
713 344 18 21 0.023715843 
214 296 17 23 0.02370583 
597 316 11 13 0.023626018 
282 218 7 10 0.023618983 
592 254 10 11 0.023606043 
813 271 9 11 0.02359349 
207 436 10 13 0.023587858 
383 459 12 15 0.023586903 
540 275 11 13 0.023582289 
608 209 8 9 0.02357304 
172 217 18 24 0.023569388 
933 451 11 15 0.023566056 
501 350 10 14 0.02356276 
499 267 9 11 0.023527531 
773 295 8 11 0.023521496 
214 288 8 10 0.023493925 
262 344 9 11 0.023451924 
935 225 7 9 0.023425233 
353 329 11 14 0.023416918 
399 263 8 10 0.02341229 
186 266 18 23 0.023408093 
423 237 8 10 0.023406086 
328 446 12 15 0.023368608 
115 422 13 17 0.023358809 
822 393 12 15 0.02334816 
481 259 16 21 0.023333998 
31 342 10 13 0.023328932 
413 264 8 10 0.023286391 
118 263 9 11 0.023284886 
505 330 10 13 0.023284152 
799 289 18 22 0.023278553 
881 492 10 11 0.023278108 
903 215 8 9 0.023274016 
671 300 9 13 0.023250047 
888 230 7 9 0.023238018 
190 325 9 13 0.023220576 
240 253 8 10 0.023217116 
760 230 9 10 0.023211272 
624 259 18 23 0.023205314 
193 309 9 11 0.023186954 
192 376 9 10 0.023167964 
406 266 17 22 0.02315835 
712 366 10 13 0.023155218 
275 270 10 12 0.023114767 
649 320 10 13 0.02310528 
277 318 10 12 0.023054333 
66 387 10 14 0.023026073 
917 263 9 11 0.023005873 
555 352 13 16 0.023004849 
826 355 11 13 0.023002412 
760 289 8 10 0.023001129 
735 288 16 23 0.022972116 
397 389 12 15 0.022957284 
11 405 10 12 0.022898987 
441 381 11 14 0.022871956 
822 470 10 13 0.022827769 
687 254 9 11 0.022777557 
630 287 10 12 0.022739671 
816 405 9 12 0.02273458 
894 448 18 23 0.022728598 
299 229 9 10 0.02271927 
653 285 11 12 0.022718282 
288 335 10 12 0.022716116 
733 331 9 12 0.022696668 
502 210 18 24 0.022693813 
631 208 8 10 0.02268241 
766 343 9 11 0.02267518 
897 225 8 9 0.022674434 
482 483 12 17 0.022670768 
751 439 10 12 0.022652531 
371 477 13 18 0.02264587 
320 287 16 23 0.022634936 
390 252 8 10 0.022552894 
61 484 11 14 0.022551043 
344 240 8 10 0.0225032 
228 426 10 13 0.022501502 
198 271 9 11 0.022495462 
327 461 12 17 0.022465743 
557 286 12 14 0.022455739 
910 450 20 25 0.02245303 
820 361 13 16 0.022432206 
713 246 8 10 0.02237777 
631 232 8 9 0.022367707 
408 232 7 8 0.022361144 
638 469 11 15 0.022323817 
957 251 11 15 0.02232108 
594 215 19 24 0.02230321 
751 322 16 22 0.022289334 
207 294 8 11 0.022278488 
487 350 10 13 0.022277417 
463 245 8 10 0.022261834 
430 290 10 11 0.022261502 
307 251 9 11 0.022253636 
808 254 7 10 0.022251945 
532 387 12 14 0.022233216 
901 224 9 10 0.022211282 
583 231 8 9 0.022205556 
208 265 17 23 0.022188604 
653 263 9 12 0.02218592 
727 287 9 11 0.02215929 
388 402 12 15 0.022158043 
598 254 9 12 0.022120127 
701 348 9 13 0.022117121 
753 302 8 11 0.02211329 
581 439 12 14 0.022093618 
815 319 11 13 0.022087753 
588 367 10 12 0.022080781 
96 263 9 11 0.022072082 
499 258 18 23 0.022070136 
675 413 12 16 0.022060733 
332 343 11 13 0.022042686 
638 405 10 13 0.022038585 
895 393 11 15 0.022034524 
487 313 17 22 0.02202871 
298 386 11 14 0.022016546 
458 270 8 10 0.022015244 
328 380 12 15 0.02201173 
943 265 8 10 0.0220068 
440 348 10 13 0.02200135 
655 208 7 9 0.022000935 
261 396 11 13 0.021950293 
320 473 12 16 0.02190817 
184 288 8 10 0.021904334 
730 239 19 23 0.021899575 
317 413 10 13 0.02187609 
449 288 17 22 0.021868128 
600 343 11 13 0.021844054 
352 232 8 8 0.02182309 
742 425 10 13 0.02181498 
288 241 17 23 0.02181412 
735 215 8 9 0.02181219 
100 275 18 22 0.0217874 
149 261 10 12 0.021771546 
235 252 8 10 0.021766279 
608 315 18 23 0.021756858 
799 415 18 22 0.02175683 
218 351 18 23 0.021744175 
511 243 9 11 0.021727612 
696 240 18 23 0.021710455 
700 342 11 13 0.021694332 
816 224 8 10 0.021692695 
974 216 9 10 0.021689445 
776 285 9 10 0.021677984 
740 299 10 12 0.02166459 
376 312 9 11 0.021656413 
926 278 8 11 0.021638818 
751 421 9 13 0.021626892 
847 239 8 9 0.02162437 
754 454 10 12 0.021619858 
968 368 9 12 0.021611147 
297 427 9 12 0.021592047 
303 452 20 22 0.021536566 
860 294 18 23 0.021530699 
560 274 11 14 0.021510897 
639 288 11 14 0.021503288 
74 14 394 467 0.021481493 
857 355 10 13 0.021460306 
751 309 8 12 0.021407722 
799 252 9 11 0.02140384 
689 320 10 13 0.02140289 
478 474 13 16 0.021360822 
643 268 9 13 0.02135533 
87 264 8 11 0.021346034 
516 387 12 15 0.021342931 
150 234 17 23 0.02130611 
677 275 10 13 0.02129997 
52 455 12 15 0.021286288 
253 277 9 10 0.021279799 
237 352 19 24 0.021266835 
712 262 18 24 0.021259733 
200 276 8 11 0.02125536 
620 444 11 14 0.021211883 
511 279 9 11 0.021208707 
442 277 9 12 0.021196414 
783 288 17 23 0.021170016 
638 368 11 15 0.021156399 
639 477 10 12 0.021149537 
1 339 10 14 0.02114203 
438 440 13 16 0.021141458 
264 440 10 12 0.021136742 
39 458 10 13 0.021113709 
454 233 17 24 0.021105623 
856 240 8 10 0.021105532 
245 216 19 25 0.021090068 
735 411 18 22 0.021084448 
249 310 8 11 0.021050127 
79 218 17 23 0.020985037 
743 311 9 11 0.020968216 
891 284 10 12 0.02096062 
550 232 18 23 0.020947542 
784 474 12 15 0.020944625 
526 277 9 11 0.020934558 
791 206 8 9 0.020928813 
217 241 8 10 0.020923894 
88 268 9 11 0.020916406 
152 218 18 23 0.020910475 
263 263 8 9 0.020877257 
822 344 11 13 0.020866036 
851 277 11 14 0.020836586 
760 264 17 22 0.020806788 
167 295 17 22 0.020787442 
495 286 9 11 0.020778866 
293 315 18 22 0.020764556 
550 261 10 12 0.020756233 
338 446 13 16 0.020736108 
54 382 9 13 0.020709556 
758 252 8 11 0.020688916 
831 263 9 11 0.02067072 
269 217 7 10 0.020668129 
886 274 18 22 0.020650497 
178 362 10 12 0.020645015 
551 278 9 11 0.020633677 
303 439 11 14 0.02062714 
164 373 11 12 0.020600732 
689 354 11 13 0.020595567 
606 254 10 12 0.020590182 
255 376 17 23 0.020571725 
440 263 18 22 0.020542363 
512 309 9 12 0.020540247 
928 292 9 12 0.020538652 
798 310 10 11 0.020536063 
952 288 10 12 0.020535072 
806 285 9 13 0.02052593 
114 240 9 11 0.020525143 
237 438 11 14 0.020488014 
752 287 8 11 0.020474121 
204 245 9 12 0.020466182 
350 264 8 10 0.020344552 
510 371 12 13 0.020335069 
975 222 8 10 0.020329807 
687 287 9 11 0.020324666 
85 244 9 11 0.020317191 
791 375 9 12 0.020309882 
829 284 10 12 0.020244336 
158 271 9 11 0.020242346 
727 263 8 10 0.020241015 
143 463 14 17 0.020230236 
461 373 12 14 0.020195398 
150 297 17 22 0.020185392 
527 232 18 25 0.020136653 
682 296 17 22 0.020124242 
409 240 8 10 0.020121556 
710 294 9 12 0.020098427 
589 403 10 13 0.02009657 
847 217 18 24 0.020088883 
449 256 8 9 0.020088876 
647 330 12 15 0.020087814 
250 290 17 23 0.020071417 
332 216 19 24 0.020056011 
303 347 17 22 0.020030348 
425 324 10 13 0.020004515 
