12_Group_Large_Group_12_Group_Large_Group_12_849
64
211 219 16 18 0.9541937 
778 341 17 23 0.9314448 
435 305 13 17 0.52566105 
394 325 19 22 0.38926777 
651 356 18 20 0.18887553 
441 308 12 15 0.12908871 
590 432 25 42 0.117652506 
365 374 30 37 0.111090675 
645 357 16 20 0.095731765 
803 348 24 35 0.09538139 
323 516 66 54 0.092055336 
207 223 22 26 0.06666202 
207 231 13 17 0.06522799 
672 419 14 17 0.056739338 
641 445 29 44 0.056367736 
134 226 13 16 0.05515166 
816 322 40 49 0.051129356 
805 335 37 52 0.047241077 
781 346 27 40 0.04662992 
299 326 18 19 0.045483183 
376 368 31 34 0.041151438 
387 336 18 20 0.03964386 
401 301 10 13 0.039085418 
399 327 24 26 0.038836576 
380 379 15 18 0.037582252 
377 325 50 51 0.03697374 
357 381 27 33 0.03625322 
445 237 11 14 0.03501155 
827 318 27 34 0.03415763 
2 506 43 63 0.034059506 
371 380 16 21 0.033809487 
267 203 12 17 0.033339173 
197 246 11 14 0.0322988 
200 214 41 55 0.03199833 
767 366 15 22 0.031782214 
787 114 46 56 0.031249624 
772 355 25 37 0.030663673 
379 337 29 33 0.028458867 
421 338 16 23 0.027360097 
255 236 12 14 0.02735999 
282 362 15 21 0.02653331 
171 239 11 14 0.026251983 
722 400 27 36 0.026201988 
390 318 12 14 0.025654314 
148 228 15 17 0.025276918 
390 312 10 12 0.02512396 
812 341 15 21 0.02467536 
804 363 17 25 0.02399049 
252 220 10 13 0.023616485 
237 175 9 11 0.023195349 
333 398 13 16 0.023075651 
377 350 31 35 0.02289045 
251 258 16 22 0.02271636 
208 164 10 12 0.022696404 
408 258 11 14 0.022689426 
157 221 12 14 0.022432223 
320 524 109 81 0.02175706 
811 368 13 18 0.02140953 
383 328 16 19 0.02110589 
431 311 14 17 0.021100821 
754 346 39 51 0.020953255 
264 199 11 14 0.020807812 
233 175 8 11 0.020159367 
815 318 27 32 0.020119278 
