32_Worker_Laborer_Worker_Laborer_32_595
130
397 183 39 43 0.97175705 
910 400 27 32 0.61979264 
338 124 24 27 0.60485107 
500 346 17 19 0.31940892 
928 277 25 30 0.31178123 
612 358 29 31 0.2665156 
207 142 22 29 0.22801667 
217 144 22 28 0.22081022 
834 455 24 30 0.1662879 
486 329 13 17 0.13154219 
825 391 13 19 0.12683037 
348 342 17 21 0.1265814 
964 508 23 30 0.12356358 
439 350 12 14 0.12086602 
227 138 18 24 0.10930872 
987 469 17 23 0.107782856 
424 123 10 13 0.10455774 
865 469 18 25 0.10454948 
886 418 22 26 0.0991194 
934 357 33 35 0.09633101 
829 368 16 21 0.09364072 
902 387 15 18 0.083963394 
918 280 26 32 0.07827302 
943 436 29 32 0.077393316 
1006 440 14 19 0.07679441 
737 219 73 74 0.07507986 
382 140 13 15 0.074716784 
328 355 16 18 0.066093385 
960 514 14 18 0.063902855 
309 292 12 17 0.0629181 
908 359 16 20 0.06034879 
893 461 16 19 0.06011405 
887 313 32 40 0.055744253 
418 332 23 27 0.055678893 
999 507 11 13 0.053787667 
378 379 18 22 0.05313353 
625 354 35 35 0.051571257 
195 134 21 34 0.05119452 
929 403 16 21 0.051059376 
941 482 23 24 0.048691988 
354 128 17 22 0.048164025 
581 425 30 28 0.048139594 
828 428 14 20 0.04624418 
894 410 24 31 0.04554697 
240 551 9 10 0.04222447 
315 298 13 15 0.042100832 
232 184 35 39 0.04091486 
393 170 17 23 0.04024708 
427 121 11 13 0.0394033 
884 330 42 49 0.039132584 
567 338 29 29 0.03805465 
501 335 15 19 0.03795165 
235 171 29 32 0.037347026 
875 417 23 30 0.03722176 
948 314 25 28 0.036641926 
146 189 32 32 0.036503274 
912 451 23 30 0.035659622 
312 371 16 19 0.035389323 
541 396 31 33 0.03521747 
510 233 14 18 0.034557015 
85 550 11 14 0.0344891 
557 313 17 19 0.034218762 
913 361 22 30 0.033746745 
837 222 28 45 0.033164512 
996 321 25 30 0.0325221 
845 411 45 48 0.03238223 
914 316 29 34 0.032182172 
148 189 16 19 0.031932265 
403 108 11 14 0.031611472 
292 173 11 14 0.03157552 
900 348 26 33 0.03155078 
900 389 24 31 0.031464264 
923 359 26 33 0.030736094 
859 154 14 17 0.030611154 
1013 180 9 14 0.029777752 
425 669 9 11 0.028765604 
363 379 14 18 0.028694313 
789 228 57 71 0.02814974 
414 125 12 15 0.027871903 
288 171 11 15 0.027722308 
545 330 15 18 0.027427755 
860 491 17 19 0.027029736 
367 375 10 12 0.026462113 
899 376 23 28 0.026434934 
680 323 38 38 0.026243076 
925 508 14 16 0.02620135 
395 168 27 35 0.026018493 
907 299 33 40 0.025792377 
573 306 16 18 0.025695195 
852 419 27 30 0.024700303 
407 125 10 14 0.023978766 
992 541 11 13 0.023963138 
856 329 35 41 0.023945536 
383 294 13 15 0.02371786 
232 160 24 31 0.023663634 
277 171 12 15 0.023218362 
658 334 17 18 0.0231381 
782 455 14 18 0.02288736 
823 373 21 27 0.022854269 
723 401 18 22 0.022814805 
438 -86 410 458 0.022761049 
308 323 15 18 0.022703093 
835 319 45 57 0.022590581 
153 519 8 10 0.022552531 
904 285 26 31 0.022521412 
926 485 28 27 0.022468414 
1000 417 21 32 0.02237811 
160 471 8 10 0.022192422 
997 184 11 13 0.021816058 
851 492 14 18 0.021791985 
359 385 12 14 0.021762714 
783 25 26 30 0.021651274 
493 363 16 18 0.021632202 
763 158 32 36 0.021428265 
301 273 12 15 0.021425715 
902 522 15 19 0.021369284 
117 503 9 10 0.021206625 
185 495 10 11 0.021093555 
758 172 13 14 0.020972649 
207 607 9 10 0.020678705 
381 150 15 19 0.020631166 
240 543 8 10 0.020340435 
780 378 11 15 0.020324396 
840 451 17 20 0.020291172 
1006 307 18 22 0.02027835 
1012 424 12 20 0.020181665 
303 334 21 27 0.020107105 
1003 506 15 17 0.020056808 
764 169 15 19 0.020019624 
332 117 38 45 0.02000396 
