32_Worker_Laborer_Worker_Laborer_32_101
17
202 31 101 125 0.9999119 
571 111 101 145 0.99970764 
770 520 123 127 0.96223646 
821 417 24 32 0.22890976 
731 557 154 145 0.15024997 
-16 453 170 229 0.114136174 
531 149 343 475 0.099019565 
673 353 194 280 0.09640614 
732 583 91 80 0.046214264 
62 144 406 491 0.02890999 
815 413 40 55 0.028546466 
27 1 20 14 0.028536694 
723 551 83 84 0.023185983 
125 121 53 67 0.023073878 
455 641 30 36 0.021011306 
-23 71 176 294 0.020122394 
-58 -20 390 505 0.020017998 
