32_Worker_Laborer_Worker_Laborer_32_812
70
382 83 95 119 0.9995234 
61 461 22 28 0.33459166 
581 171 11 14 0.2224805 
363 310 47 53 0.1676914 
740 83 15 20 0.11674248 
937 336 26 30 0.0916381 
674 106 25 31 0.06774271 
22 428 9 11 0.066910334 
57 432 9 12 0.06523413 
49 471 10 12 0.061790206 
964 366 12 15 0.059243836 
3 442 13 16 0.05816895 
270 581 12 14 0.05784012 
98 11 74 70 0.051579513 
18 430 9 11 0.04998691 
440 484 109 165 0.047039583 
940 351 17 21 0.04650666 
54 469 12 14 0.04635223 
46 416 10 12 0.043282535 
38 399 8 10 0.041772544 
5 470 9 13 0.04142429 
34 509 14 18 0.04069979 
7 407 9 13 0.040654607 
37 452 9 11 0.038698625 
15 437 9 13 0.037081797 
964 502 28 35 0.036844246 
14 413 8 11 0.036670357 
14 408 8 11 0.035774633 
52 474 11 15 0.03427295 
141 446 9 11 0.033725955 
287 629 11 13 0.033594254 
197 405 10 15 0.032597587 
686 108 26 33 0.032559194 
110 465 13 16 0.031612944 
33 405 9 10 0.030659648 
33 448 10 12 0.030167742 
117 466 11 15 0.030151969 
124 461 10 12 0.029921371 
24 511 21 27 0.029540533 
757 72 13 17 0.029283788 
0 367 13 23 0.029047199 
564 167 10 11 0.02902145 
36 462 11 13 0.028987609 
169 413 9 11 0.028121095 
269 574 12 15 0.028117383 
478 -25 414 421 0.027556274 
94 501 11 14 0.027366303 
26 481 15 17 0.026370684 
533 387 32 36 0.026141467 
66 476 16 21 0.025991075 
19 509 14 17 0.025481733 
39 392 9 12 0.024315387 
31 502 14 16 0.024071591 
20 515 15 20 0.023591276 
276 580 10 13 0.022866273 
737 52 15 18 0.022690753 
255 486 27 35 0.022502046 
1 537 13 21 0.02242086 
-81 314 465 496 0.022420377 
593 183 9 12 0.021744933 
0 452 10 13 0.021660086 
28 374 9 12 0.021647295 
29 424 8 10 0.021571128 
2 411 10 15 0.021401035 
285 636 14 17 0.021072293 
44 397 10 12 0.021022327 
262 532 100 146 0.020975074 
745 606 10 13 0.020335801 
495 65 104 111 0.020174962 
16 471 11 14 0.020171024 
