32_Worker_Laborer_Worker_Laborer_32_723
51
300 83 56 69 0.99857557 
431 146 58 93 0.9703388 
0 196 44 95 0.9586801 
788 61 38 64 0.9546235 
947 157 46 78 0.8062874 
169 3 60 45 0.7631487 
496 187 46 71 0.3828604 
107 274 43 49 0.16545081 
472 163 56 82 0.09866405 
650 166 31 42 0.09463852 
82 94 27 33 0.08391274 
890 173 47 64 0.07370894 
813 89 42 48 0.07299756 
520 203 41 60 0.07204019 
547 235 35 36 0.070086844 
582 243 57 60 0.05907738 
673 181 59 70 0.057851825 
773 113 15 23 0.05130898 
657 177 47 59 0.049601566 
0 152 13 20 0.046596076 
756 100 30 37 0.045895647 
137 260 69 54 0.044751212 
534 227 37 41 0.04431576 
633 245 71 60 0.04411752 
568 252 50 58 0.039995696 
102 88 10 12 0.039992962 
0 93 10 14 0.03941299 
0 138 14 20 0.038674172 
765 73 44 60 0.03806497 
157 181 48 57 0.034736324 
99 88 24 34 0.033017434 
854 178 57 73 0.03175309 
941 155 34 54 0.031084202 
642 214 68 71 0.030220319 
925 163 43 67 0.029837567 
179 263 59 61 0.02936034 
1 115 8 12 0.029170783 
641 162 27 38 0.028275156 
107 248 58 49 0.028137077 
620 222 64 72 0.027031176 
638 174 35 51 0.026861407 
655 4 47 46 0.023990123 
623 204 11 15 0.023906158 
562 242 21 23 0.023004232 
908 183 32 43 0.022141043 
215 262 54 60 0.022038946 
32 295 38 43 0.0220152 
610 202 50 67 0.021746196 
158 210 36 46 0.020852726 
888 167 75 105 0.020533511 
342 276 51 48 0.020420311 
