32_Worker_Laborer_Worker_Laborer_32_1038
50
433 211 98 111 0.9964418 
630 985 180 230 0.09875241 
314 0 20 14 0.09687796 
260 283 18 21 0.08649607 
476 90 15 20 0.08515826 
361 42 18 23 0.079178505 
452 826 36 34 0.07513295 
501 0 39 28 0.07022932 
412 868 33 34 0.07019491 
540 202 74 74 0.057596736 
353 74 24 32 0.054941826 
506 216 71 75 0.04904603 
339 320 19 23 0.046798393 
430 213 44 54 0.046750378 
1 889 15 22 0.044526305 
246 305 29 35 0.04204734 
612 107 13 18 0.04113908 
651 105 13 17 0.039171867 
310 28 14 16 0.036803707 
567 202 35 32 0.035597358 
646 100 12 14 0.034261856 
963 322 28 31 0.033558592 
315 322 18 21 0.031986706 
555 184 61 62 0.030270496 
475 189 127 116 0.030175544 
17 968 23 32 0.029817892 
354 1 16 18 0.02965448 
560 114 33 41 0.029294016 
350 39 24 30 0.029111315 
337 30 42 57 0.027622705 
559 225 69 68 0.027321206 
639 109 12 14 0.026535349 
79 874 14 19 0.026287109 
961 1208 30 35 0.026013285 
482 89 17 23 0.024695028 
428 182 67 93 0.024332352 
366 68 24 34 0.024291683 
872 276 15 18 0.023832489 
651 114 17 21 0.022900421 
340 5 14 15 0.022695571 
323 291 17 20 0.022613775 
645 115 15 17 0.021723026 
331 3 15 15 0.021523999 
74 854 29 43 0.02126658 
635 124 13 17 0.021021618 
681 1088 25 35 0.020878825 
641 102 22 26 0.020505471 
332 33 24 31 0.020367596 
529 209 119 106 0.020249752 
968 283 11 12 0.020142345 
