32_Worker_Laborer_Worker_Laborer_32_400
30
697 180 46 53 0.9891109 
785 405 25 33 0.072210565 
864 634 10 14 0.066745125 
630 415 26 44 0.052991204 
605 46 43 56 0.047789108 
437 366 28 37 0.047492266 
737 204 28 37 0.04177667 
455 343 45 56 0.041307267 
888 611 11 13 0.039332915 
657 70 32 37 0.03912955 
889 297 34 38 0.03763163 
814 430 13 18 0.034346946 
463 345 29 34 0.033812977 
118 418 60 65 0.03289866 
790 1 48 60 0.03059038 
851 642 12 16 0.03027691 
867 631 11 13 0.026853843 
855 638 10 14 0.02617625 
31 487 135 195 0.024936857 
342 506 16 18 0.024726665 
919 283 10 13 0.023952268 
800 439 11 14 0.022726545 
22 399 234 286 0.02251536 
1012 382 10 15 0.022072054 
218 625 26 30 0.021305714 
219 71 44 66 0.021214465 
544 4 89 105 0.020777954 
817 614 10 12 0.020545792 
716 547 22 27 0.020513952 
470 566 12 15 0.0202639 
