32_Worker_Laborer_Worker_Laborer_32_462
23
455 198 67 82 0.9846373 
125 432 114 108 0.089970276 
110 377 202 207 0.06637609 
890 238 14 17 0.047057044 
453 205 43 52 0.041150764 
538 154 50 64 0.035685997 
857 160 9 10 0.03068851 
213 3 17 21 0.029340599 
107 427 67 79 0.026541624 
862 157 9 11 0.026460702 
23 250 16 17 0.026257223 
15 261 10 13 0.025088158 
485 192 59 78 0.024929656 
541 123 32 36 0.024853677 
84 316 31 31 0.024323536 
518 0 50 59 0.024198817 
925 166 12 14 0.02304846 
313 96 17 22 0.022221766 
623 39 13 17 0.021733917 
598 86 12 15 0.021421228 
340 371 15 15 0.020464607 
989 5 10 12 0.020411428 
517 157 50 70 0.020382203 
