32_Worker_Laborer_Worker_Laborer_32_26
89
203 252 43 44 0.88354623 
110 269 11 14 0.28938258 
627 5 48 82 0.18521139 
46 74 8 10 0.12393623 
88 274 10 13 0.109307 
105 267 11 14 0.09420686 
104 317 9 12 0.088661596 
78 134 9 11 0.07882155 
23 325 14 17 0.07787197 
102 288 9 11 0.07757575 
109 263 10 13 0.075845376 
68 266 10 14 0.07349144 
608 181 426 501 0.06987679 
130 270 10 14 0.06652566 
306 241 15 19 0.06601124 
103 264 11 13 0.06215994 
88 73 8 10 0.061070506 
131 73 8 10 0.060088724 
716 69 115 113 0.056488674 
949 18 12 15 0.055236474 
15 269 10 13 0.055013347 
86 254 9 11 0.054909535 
92 269 10 13 0.054607056 
97 293 9 12 0.04927572 
173 256 27 34 0.0473701 
181 248 39 51 0.04690704 
78 288 9 11 0.046579115 
81 253 9 11 0.04479636 
69 255 10 12 0.043616604 
16 287 9 12 0.041438628 
145 287 10 13 0.04102217 
64 278 9 12 0.040337574 
181 261 15 17 0.03933636 
15 264 11 12 0.03815592 
20 267 12 14 0.038081866 
111 287 10 11 0.037131347 
114 292 9 11 0.035783745 
842 24 48 61 0.035055023 
185 265 15 19 0.033748277 
150 286 10 12 0.033677038 
127 255 10 12 0.033316385 
222 249 34 37 0.031760648 
138 251 13 17 0.030399512 
56 87 8 10 0.03031609 
105 276 11 12 0.030040158 
999 243 24 51 0.029714309 
79 261 10 12 0.029435292 
111 255 9 11 0.029337348 
78 88 9 12 0.028990855 
168 253 12 15 0.028969528 
13 276 10 12 0.028582755 
85 317 10 11 0.027901674 
172 253 16 18 0.02755279 
57 64 7 9 0.027522778 
68 277 9 12 0.027447209 
80 247 9 11 0.02744615 
175 286 12 14 0.027424218 
94 262 10 12 0.02713041 
232 126 8 10 0.027061183 
115 274 11 13 0.02702307 
14 291 12 15 0.02701707 
180 252 16 19 0.026936503 
64 285 9 10 0.026351945 
252 180 11 13 0.025001856 
63 319 10 12 0.02477749 
276 238 13 15 0.024279619 
43 262 10 13 0.0240995 
116 60 13 16 0.024052657 
101 139 13 17 0.023672327 
169 70 9 12 0.023365563 
935 18 11 13 0.023160508 
343 131 9 12 0.022869855 
72 286 9 11 0.0225593 
398 341 26 36 0.022151887 
106 314 13 15 0.022131877 
119 255 9 12 0.021770578 
71 294 11 13 0.021689959 
86 261 10 12 0.021562515 
325 255 12 14 0.02132456 
977 47 9 12 0.02103866 
360 289 32 48 0.020806355 
79 267 10 15 0.020780025 
85 247 10 12 0.020589262 
890 116 14 18 0.020508364 
117 287 10 13 0.020389073 
97 318 9 11 0.020368341 
94 310 10 13 0.020353211 
202 204 11 14 0.020256592 
92 300 12 14 0.020131102 
