32_Worker_Laborer_Worker_Laborer_32_594
105
659 161 58 75 0.99919444 
784 624 9 12 0.10277124 
861 533 13 15 0.09393726 
781 628 11 14 0.082565166 
552 579 13 17 0.073426425 
508 541 10 12 0.07040565 
777 630 10 13 0.06976712 
936 494 8 10 0.06830799 
48 517 8 10 0.06416696 
182 494 10 13 0.06218031 
766 0 15 17 0.053947397 
738 607 9 11 0.05273155 
25 512 7 9 0.052310105 
95 535 9 10 0.052101728 
183 517 10 12 0.050806217 
1002 484 8 11 0.047148306 
847 598 10 13 0.04697654 
240 537 12 16 0.04611848 
544 550 10 12 0.045952477 
976 503 8 10 0.042697497 
58 534 9 12 0.04263124 
127 496 7 9 0.039743073 
540 562 11 15 0.039734446 
113 526 9 11 0.03622951 
440 538 17 23 0.034919467 
555 583 15 18 0.034802414 
114 533 8 10 0.03464835 
811 606 11 14 0.03401932 
739 212 16 20 0.03352747 
732 630 15 19 0.033065096 
935 471 7 9 0.03265354 
46 537 8 10 0.03233009 
943 479 8 9 0.032244254 
55 511 7 9 0.032054946 
445 524 13 16 0.03203514 
118 504 7 9 0.03171918 
496 552 12 15 0.030611468 
41 536 8 10 0.030321456 
115 504 7 9 0.029960144 
923 526 12 13 0.029753076 
113 520 8 10 0.029684158 
136 535 10 12 0.029413762 
104 511 7 9 0.029410088 
910 545 11 14 0.02931603 
950 469 8 10 0.029143885 
6 545 9 11 0.029105738 
45 541 10 12 0.029084552 
961 480 7 9 0.028974 
198 470 8 10 0.028850244 
176 478 8 9 0.028749876 
166 488 8 10 0.028165923 
556 576 11 13 0.027841069 
56 505 8 10 0.02753017 
182 488 9 12 0.02737969 
94 176 12 16 0.027280182 
182 469 8 10 0.026932003 
951 479 8 10 0.026380168 
94 541 10 11 0.02613681 
549 550 8 10 0.026133625 
832 607 8 10 0.026103588 
10 477 8 10 0.026052762 
953 510 9 10 0.02571828 
177 513 9 11 0.025618125 
295 45 13 17 0.024765708 
952 495 7 10 0.024378322 
935 487 9 11 0.02418764 
172 523 12 15 0.024147628 
428 491 12 16 0.024077184 
962 486 8 10 0.023972042 
911 494 9 11 0.023792915 
160 503 7 10 0.023544716 
926 479 11 12 0.023532001 
1003 494 9 12 0.02341509 
176 519 10 12 0.023288526 
752 631 9 12 0.023263954 
958 510 8 10 0.02293443 
73 511 8 10 0.022921959 
475 501 16 21 0.022877643 
177 499 10 12 0.022833554 
853 601 12 17 0.022784283 
942 579 11 14 0.022768797 
951 465 9 10 0.0226414 
987 649 19 18 0.022569364 
199 463 8 9 0.022490958 
494 113 379 433 0.022071378 
300 568 18 21 0.022005105 
89 504 8 10 0.021953415 
57 529 8 9 0.021712182 
533 591 12 14 0.02129859 
918 501 9 10 0.021181822 
756 631 9 12 0.021095455 
126 448 8 10 0.021083903 
975 526 11 11 0.021001583 
137 511 7 10 0.020956432 
968 495 8 10 0.020896234 
167 471 7 10 0.020566266 
848 602 12 17 0.020424213 
957 555 13 16 0.020334631 
984 478 8 10 0.020285837 
64 506 7 9 0.020270221 
114 160 14 17 0.02024478 
1000 501 9 9 0.020127539 
982 470 9 10 0.020115485 
880 496 8 10 0.020110616 
871 607 11 14 0.020053536 
