32_Worker_Laborer_Worker_Laborer_32_566
111
670 367 50 67 0.9972664 
30 251 10 12 0.13894896 
70 250 13 14 0.1091596 
949 319 42 50 0.10539961 
20 252 13 14 0.07497558 
635 149 16 19 0.06677847 
537 223 9 12 0.06599994 
632 134 11 13 0.06285474 
50 254 12 14 0.060813535 
200 631 8 10 0.060130127 
168 628 8 10 0.055281535 
54 470 8 9 0.054968562 
630 140 11 12 0.05337906 
665 157 11 13 0.053169142 
106 457 7 8 0.05281543 
625 141 9 11 0.0518372 
199 655 10 11 0.05086966 
56 485 7 10 0.047552485 
54 464 8 10 0.044467825 
826 276 22 28 0.04397838 
835 18 17 20 0.043376364 
50 463 7 9 0.041935656 
30 495 8 10 0.041879486 
541 247 8 11 0.041554037 
88 237 9 11 0.041219003 
143 142 9 11 0.04028147 
90 221 9 11 0.039312508 
200 649 9 10 0.03887922 
217 630 7 9 0.038145877 
956 339 29 36 0.03798228 
901 188 12 16 0.037637778 
600 142 12 13 0.037315927 
298 120 355 441 0.037129287 
49 260 10 14 0.035776954 
831 589 11 15 0.035141956 
614 109 9 11 0.034618247 
33 465 7 8 0.03387926 
620 124 9 11 0.033565864 
974 329 45 57 0.033502996 
933 302 30 38 0.03314751 
787 571 12 16 0.03277605 
63 471 7 10 0.032474488 
206 648 7 10 0.032473218 
610 109 8 11 0.031959757 
643 547 105 105 0.031950068 
439 310 8 11 0.031900227 
775 536 8 10 0.031546928 
175 631 8 9 0.030753894 
64 247 11 13 0.030297972 
798 398 9 11 0.030135803 
657 125 10 12 0.029974615 
823 548 38 55 0.02990478 
37 277 12 14 0.029827606 
801 469 8 10 0.029752502 
794 526 9 12 0.029478397 
792 557 12 14 0.029301433 
802 553 41 56 0.02908826 
51 269 11 13 0.028963394 
5 253 11 15 0.02882515 
840 587 10 15 0.028447615 
55 481 7 8 0.028350042 
635 139 15 16 0.027245961 
193 638 8 9 0.026513383 
861 343 48 62 0.026425667 
783 535 8 11 0.026346682 
429 259 9 12 0.026315207 
21 239 10 11 0.026206266 
217 625 7 9 0.026134033 
194 632 8 10 0.026025442 
586 246 8 11 0.025807394 
37 246 10 13 0.02569186 
633 129 9 11 0.025574505 
493 304 9 11 0.025283009 
511 343 8 10 0.024996264 
53 279 10 12 0.024965275 
398 369 9 11 0.024926366 
222 639 8 10 0.024879301 
796 562 12 15 0.024838645 
613 141 10 12 0.024814865 
905 230 15 20 0.024634087 
185 655 9 12 0.024608085 
783 565 22 29 0.023990406 
954 337 49 63 0.023813037 
935 362 47 68 0.023531903 
590 150 9 12 0.023164777 
616 119 10 12 0.023069656 
891 268 25 28 0.022941567 
787 358 13 15 0.022919057 
558 359 8 9 0.022780303 
543 302 8 11 0.02265527 
799 421 8 10 0.022310084 
65 480 7 8 0.022218606 
46 277 11 14 0.022109805 
628 156 23 27 0.022098556 
379 236 14 18 0.022038555 
192 656 9 12 0.021901505 
17 246 11 13 0.021795822 
15 271 9 12 0.021566017 
641 118 10 10 0.02149308 
744 537 10 12 0.021349723 
623 135 10 12 0.021249326 
788 539 42 56 0.020951077 
954 305 33 39 0.02092412 
953 329 22 27 0.020888263 
90 457 8 9 0.020846121 
780 632 15 19 0.020823995 
784 380 10 13 0.02049516 
784 325 11 14 0.020460343 
605 134 11 13 0.020448204 
62 224 8 10 0.020168576 
712 75 12 14 0.020046754 
