23_Shoppers_Shoppers_23_271
89
500 226 48 67 0.99908006 
18 279 35 40 0.9990632 
602 234 57 65 0.9987263 
266 274 23 30 0.99147284 
167 312 28 28 0.93077314 
168 377 21 22 0.25017837 
482 469 42 48 0.23208067 
121 342 16 19 0.21468548 
926 345 7 10 0.2079675 
865 326 10 13 0.16867045 
840 315 15 17 0.13836415 
110 376 18 20 0.12955959 
166 411 13 18 0.12364877 
109 406 15 19 0.11711761 
975 316 9 11 0.110209815 
868 327 12 16 0.09886826 
160 317 38 45 0.08175399 
950 351 9 11 0.07965947 
480 341 44 41 0.0672264 
157 577 38 50 0.06667623 
1014 202 8 13 0.06584597 
937 359 9 11 0.06493732 
424 319 29 37 0.059461866 
0 300 11 16 0.051219065 
958 439 11 14 0.04830785 
1001 456 8 9 0.044507865 
164 306 18 23 0.041227404 
109 382 23 27 0.04115732 
447 311 29 40 0.038835857 
985 412 8 10 0.037424043 
974 423 7 9 0.037096597 
921 347 9 11 0.03590756 
82 406 21 27 0.035290167 
957 415 9 11 0.033598445 
363 314 16 20 0.033411816 
461 299 15 20 0.031739242 
109 394 23 28 0.0303069 
212 315 15 18 0.030118823 
845 333 12 15 0.029623328 
942 422 8 11 0.029209077 
416 390 20 30 0.028919084 
921 367 8 10 0.02856186 
970 422 7 9 0.027892247 
453 302 25 31 0.02787401 
1008 288 8 10 0.027736822 
970 317 9 11 0.027531946 
883 -5 104 142 0.027256481 
945 341 10 11 0.02674006 
953 422 9 11 0.026725452 
442 444 25 29 0.02603652 
151 347 12 17 0.025841197 
967 352 8 10 0.02574409 
373 306 15 20 0.025707157 
998 324 12 14 0.025342586 
936 352 8 11 0.025121935 
942 415 8 11 0.025084902 
155 367 28 34 0.02472931 
135 362 28 35 0.024705054 
937 431 9 13 0.024256239 
980 316 10 13 0.024239168 
852 318 12 15 0.024164142 
875 324 13 15 0.024034303 
833 429 15 18 0.023925427 
436 315 28 40 0.023719102 
784 327 10 11 0.02343403 
962 366 8 10 0.023412736 
989 413 9 10 0.023173371 
992 326 10 13 0.022921376 
944 352 9 11 0.022555325 
860 341 11 13 0.022245562 
141 354 13 16 0.022029541 
151 339 24 31 0.02193089 
868 318 22 26 0.021832788 
0 300 17 30 0.021588545 
962 359 8 9 0.021458358 
425 326 18 23 0.021367257 
935 362 10 13 0.021355817 
569 503 10 12 0.02107804 
958 432 8 10 0.020994812 
949 343 9 12 0.020994797 
158 400 20 29 0.020977596 
840 330 12 15 0.020885337 
840 350 10 12 0.020827826 
854 347 10 12 0.020639125 
847 340 12 14 0.020355515 
380 307 13 17 0.020273093 
975 415 7 9 0.020212233 
910 343 9 10 0.020180412 
1015 341 10 16 0.020025445 
