23_Shoppers_Shoppers_23_243
145
47 394 13 16 0.8901861 
102 405 14 17 0.70042104 
289 469 9 12 0.22357467 
705 435 14 17 0.21973735 
2 479 8 11 0.12869419 
570 421 24 31 0.11549871 
17 478 9 11 0.08914334 
184 439 8 11 0.073653385 
592 445 8 9 0.07361496 
209 439 7 9 0.072930574 
590 437 9 12 0.07091805 
590 427 10 16 0.06777137 
501 440 8 10 0.065408185 
35 447 12 13 0.06445664 
15 496 10 12 0.062848285 
479 501 8 10 0.060396947 
229 432 8 10 0.05950473 
222 449 11 15 0.058197822 
453 497 8 10 0.058145136 
801 483 11 13 0.056275204 
12 573 10 13 0.053581998 
387 518 14 17 0.052674152 
718 435 12 14 0.052601878 
580 419 14 20 0.050629653 
615 493 10 13 0.05062111 
463 439 12 14 0.046439286 
656 476 10 13 0.04635768 
448 500 9 12 0.046120234 
79 363 14 17 0.045687143 
63 421 11 14 0.045506157 
382 494 25 29 0.045309123 
214 440 8 10 0.044544775 
376 423 8 9 0.043534406 
129 431 8 10 0.04289358 
247 464 8 11 0.04275272 
609 455 9 11 0.04240582 
498 444 9 12 0.041109465 
216 446 10 12 0.038765863 
321 542 12 15 0.038755078 
15 534 11 12 0.03841768 
751 436 22 30 0.03681976 
485 453 9 11 0.03650356 
611 477 11 15 0.035887584 
612 459 10 14 0.034985468 
73 487 9 12 0.034804415 
689 394 205 268 0.034618597 
47 535 10 13 0.033552777 
467 444 10 12 0.03353131 
591 420 11 17 0.033433065 
599 452 9 11 0.033123385 
159 439 10 12 0.0331032 
190 476 11 12 0.033018302 
457 463 8 10 0.032563012 
14 469 9 12 0.03195422 
496 495 8 11 0.03149099 
188 438 8 10 0.031243883 
614 483 11 13 0.031238245 
662 486 9 11 0.031120893 
648 470 8 10 0.030821353 
430 472 8 9 0.030784946 
447 479 7 10 0.030165993 
473 496 9 11 0.029393064 
612 469 11 14 0.029327078 
521 534 10 13 0.028769834 
5 523 12 13 0.02865542 
49 399 15 19 0.028401881 
64 476 9 11 0.02836962 
4 483 10 12 0.028120508 
464 515 9 12 0.027788756 
581 432 13 17 0.02767724 
541 446 12 13 0.02740361 
49 481 8 10 0.02738209 
230 447 12 16 0.027079262 
486 496 9 11 0.026848394 
7 461 10 13 0.026451146 
710 432 21 25 0.026370721 
96 422 10 12 0.026268551 
0 550 8 12 0.026198551 
5 436 11 15 0.026097205 
1 444 9 14 0.02599218 
594 425 12 17 0.025989665 
817 503 7 9 0.02596031 
463 472 7 9 0.025927223 
50 485 8 11 0.025800526 
400 471 10 12 0.025675567 
742 442 11 18 0.025423126 
580 424 23 31 0.025372213 
112 456 9 12 0.025193842 
597 447 8 9 0.02506632 
495 462 8 10 0.02498826 
474 501 8 10 0.024935002 
31 545 9 11 0.024927804 
121 446 9 11 0.0248357 
423 479 8 11 0.02452414 
354 447 8 9 0.024482068 
9 567 9 13 0.024354199 
357 430 8 10 0.024323829 
19 500 9 12 0.02431609 
140 445 11 13 0.02429277 
100 446 9 10 0.024273165 
201 439 8 9 0.024235573 
510 429 9 12 0.02422014 
743 462 11 14 0.024089815 
38 422 10 13 0.0240768 
689 502 8 10 0.024021268 
96 446 9 11 0.023992794 
21 512 9 11 0.023898082 
158 432 8 10 0.023881664 
457 455 8 11 0.02366792 
374 334 12 14 0.02355192 
96 409 12 16 0.023466887 
497 476 9 11 0.023441825 
321 399 9 11 0.023397064 
224 436 10 12 0.023152236 
457 444 8 12 0.023012519 
37 486 9 10 0.022670759 
661 472 8 10 0.022586713 
521 519 9 11 0.02258432 
595 436 10 13 0.022421684 
1 453 8 14 0.022414898 
447 484 8 11 0.022390189 
725 436 12 16 0.022309449 
581 454 10 11 0.022250222 
446 471 7 9 0.0221801 
441 503 9 12 0.021952119 
36 440 11 13 0.021929277 
55 418 13 17 0.021827925 
548 445 10 12 0.021649435 
484 446 10 13 0.021558562 
479 465 8 9 0.021552717 
64 471 9 11 0.021434365 
662 502 9 11 0.021327544 
7 467 10 13 0.021265201 
698 521 8 10 0.02121814 
722 433 20 26 0.021065077 
54 478 10 12 0.020946065 
620 494 10 11 0.020938545 
426 464 7 9 0.020927094 
1 459 9 13 0.020868046 
760 502 9 9 0.02075799 
47 495 8 11 0.020304874 
352 461 10 13 0.02027843 
353 455 8 10 0.020267291 
380 510 24 29 0.020266 
336 449 7 9 0.020025807 
