23_Shoppers_Shoppers_23_232
26
483 91 21 27 0.95905787 
768 189 9 13 0.5043674 
826 197 9 11 0.1282532 
158 190 10 13 0.074637175 
773 189 9 12 0.07030824 
694 188 9 11 0.06802618 
829 193 8 10 0.05792969 
641 184 7 9 0.051088907 
776 217 8 11 0.045489877 
491 85 14 17 0.040638845 
483 118 17 18 0.039797116 
485 87 15 18 0.039594103 
148 204 21 32 0.03636825 
499 97 14 17 0.03458771 
156 194 13 17 0.03208529 
780 191 9 11 0.030013448 
150 201 15 19 0.029162465 
475 83 34 44 0.02908855 
496 132 12 15 0.028784841 
646 207 8 11 0.028447181 
639 168 7 9 0.02664761 
478 103 25 32 0.02520297 
782 196 8 10 0.024185365 
493 81 11 14 0.021984613 
826 174 9 11 0.021099778 
155 218 15 20 0.021073634 
