23_Shoppers_Shoppers_23_60
60
145 508 22 33 0.9631594 
393 584 15 22 0.842078 
270 547 17 24 0.7727148 
519 588 10 11 0.3995425 
100 518 23 26 0.35975084 
205 552 14 19 0.28376082 
651 596 10 14 0.20063904 
470 588 11 15 0.19697696 
122 802 19 22 0.1962935 
559 576 11 13 0.16696206 
476 588 11 16 0.15011753 
576 571 13 16 0.13678932 
0 667 18 45 0.11143224 
464 588 11 15 0.10671384 
227 548 15 20 0.102436915 
517 591 14 16 0.07322922 
107 510 17 20 0.06818999 
494 588 9 13 0.06701251 
563 578 12 15 0.06661451 
167 626 24 35 0.06336074 
218 551 20 27 0.06033247 
629 581 12 16 0.058460403 
670 598 9 11 0.054572605 
502 584 10 12 0.05429052 
512 588 10 13 0.05424815 
555 585 15 17 0.049297784 
695 607 8 10 0.042583287 
553 579 12 15 0.040575825 
383 584 17 21 0.038423605 
581 575 11 16 0.037266552 
522 583 10 13 0.036300253 
262 551 18 22 0.035075385 
202 608 17 22 0.035072334 
656 614 7 10 0.03359066 
485 586 13 17 0.031838402 
640 598 10 13 0.031715974 
470 658 14 16 0.031327005 
198 609 30 40 0.030286012 
690 608 9 11 0.029696614 
648 601 10 13 0.029583173 
150 503 14 19 0.02934576 
488 736 9 11 0.02751853 
208 551 23 30 0.026666261 
135 511 18 23 0.026660303 
666 606 7 10 0.026171012 
623 585 14 16 0.025524385 
645 589 18 25 0.025079295 
456 588 11 16 0.024642948 
741 608 8 11 0.022778284 
519 533 9 14 0.021729523 
462 584 19 25 0.021464515 
718 616 8 9 0.021381281 
513 611 9 13 0.021234183 
203 623 16 22 0.021023665 
590 580 15 18 0.02099546 
56 772 9 11 0.02077942 
545 572 9 12 0.020386478 
87 677 11 16 0.020306544 
516 579 19 23 0.020074122 
586 526 16 19 0.020026267 
