23_Shoppers_Shoppers_23_511
452
501 316 12 16 0.81261575 
56 301 10 13 0.79306215 
70 362 16 21 0.5641433 
479 322 12 14 0.54264 
788 638 13 16 0.5363369 
843 324 16 20 0.44605792 
245 162 12 15 0.399633 
749 573 9 12 0.35801616 
530 14 9 11 0.3326193 
706 603 15 22 0.3138305 
728 194 13 18 0.3115732 
323 209 12 15 0.30825794 
12 220 13 17 0.29876655 
459 550 22 29 0.27313557 
484 24 11 13 0.24522755 
343 216 11 14 0.2439532 
450 302 8 10 0.23972337 
384 251 9 12 0.22542314 
894 342 10 14 0.21860138 
830 239 9 12 0.21291162 
160 93 11 13 0.21148543 
647 303 12 14 0.20537898 
748 275 11 14 0.2010428 
418 284 8 10 0.19597943 
742 215 9 13 0.19477311 
852 619 13 17 0.19094022 
828 259 13 16 0.1871317 
739 321 13 16 0.18160242 
243 121 12 17 0.17615673 
617 360 10 12 0.15874055 
219 582 14 17 0.15367159 
52 322 12 14 0.14136057 
588 332 12 17 0.13539942 
16 294 8 10 0.13285942 
65 283 10 13 0.12909716 
698 341 10 13 0.12677781 
483 319 12 15 0.12563774 
127 92 13 17 0.12349089 
293 140 13 19 0.12236977 
101 60 13 17 0.12087005 
100 580 29 37 0.11290607 
652 307 9 12 0.111833766 
837 254 11 14 0.10730727 
129 356 14 18 0.106923 
853 561 8 10 0.10512236 
6 303 9 12 0.10359582 
22 294 9 12 0.10340971 
560 33 9 10 0.09922096 
606 341 9 12 0.0981316 
137 48 9 11 0.09798922 
315 202 22 28 0.09725311 
718 335 10 14 0.09716698 
1 293 9 12 0.09682608 
166 582 13 16 0.09378842 
478 52 13 17 0.08988132 
164 54 10 13 0.08932775 
806 189 9 12 0.08892363 
75 317 12 15 0.08878674 
337 215 22 33 0.08799467 
93 67 12 16 0.08362088 
591 68 10 12 0.08286375 
671 367 9 12 0.080788 
743 612 10 12 0.0800723 
144 345 14 17 0.07987708 
236 195 11 14 0.078979835 
334 211 53 74 0.0770282 
111 377 16 19 0.07634339 
718 636 15 19 0.07519173 
250 497 106 121 0.07440034 
49 40 9 11 0.07389551 
749 629 9 12 0.073785864 
235 101 10 11 0.073757626 
126 122 10 12 0.07315706 
787 631 13 15 0.072792605 
171 625 13 15 0.07238324 
903 325 9 13 0.07185267 
52 58 16 21 0.0717323 
260 430 46 64 0.0716562 
83 91 11 15 0.0709819 
842 229 10 13 0.070703045 
6 294 9 11 0.070381425 
714 339 10 12 0.069929264 
701 397 12 14 0.06952274 
152 361 29 40 0.06923602 
800 271 9 11 0.06898186 
23 350 12 13 0.06840492 
551 374 10 12 0.065865375 
129 524 22 30 0.065782346 
477 9 8 10 0.06508228 
159 60 10 12 0.064290926 
640 301 10 13 0.063289925 
912 329 11 15 0.06224364 
845 225 9 10 0.06123104 
859 639 12 15 0.060470976 
779 42 13 17 0.06044556 
312 199 54 74 0.059840575 
847 624 14 18 0.059731055 
559 324 12 14 0.059312716 
51 52 15 18 0.05862657 
747 310 14 17 0.05753238 
833 276 12 16 0.05723696 
40 350 11 13 0.05701653 
23 299 10 13 0.056243736 
69 298 12 16 0.0561959 
872 341 9 12 0.05590169 
740 268 22 27 0.055703253 
282 482 29 42 0.0555643 
586 326 9 13 0.055227246 
130 521 14 19 0.054374542 
140 530 16 21 0.054221034 
737 220 11 13 0.05396501 
39 316 10 14 0.053837243 
823 256 13 15 0.053151995 
52 379 15 19 0.052525513 
171 636 16 19 0.052193124 
630 332 9 12 0.052151352 
809 260 9 12 0.051543362 
183 22 13 15 0.050403934 
748 576 12 15 0.049647678 
784 220 10 12 0.049279105 
213 29 9 11 0.04907154 
247 38 11 13 0.048954275 
232 96 10 13 0.048747677 
126 86 11 15 0.04850897 
802 188 8 12 0.048345447 
150 346 49 63 0.04759006 
42 431 20 21 0.047413375 
715 608 15 21 0.047201272 
821 23 10 11 0.04717397 
59 303 13 16 0.046916552 
133 58 14 15 0.04688366 
816 572 10 13 0.0467171 
536 36 8 11 0.046694767 
858 617 13 18 0.046485163 
46 590 11 15 0.046357755 
94 338 15 19 0.046266127 
164 99 10 13 0.045791585 
824 264 12 15 0.04526169 
270 457 51 75 0.04400888 
114 308 13 16 0.0437664 
41 51 22 27 0.04339265 
845 234 10 13 0.043391157 
76 50 11 15 0.043087114 
700 334 10 14 0.043045133 
96 37 9 11 0.042966202 
520 55 9 12 0.042879336 
545 333 11 14 0.042757962 
582 425 10 12 0.042410314 
228 31 10 13 0.042350423 
794 637 13 17 0.042337526 
138 450 29 38 0.04231225 
778 636 11 15 0.04161578 
745 569 10 13 0.041413244 
798 16 9 11 0.041250806 
696 318 9 12 0.041072942 
350 516 12 15 0.04074995 
98 33 7 10 0.040539507 
7 332 11 16 0.040294718 
719 269 11 16 0.040060148 
200 119 9 13 0.039875653 
101 37 8 10 0.039614614 
849 561 12 16 0.039540645 
478 13 9 12 0.039389323 
59 64 15 20 0.039319776 
861 611 11 16 0.039304223 
405 466 17 21 0.039176334 
251 521 65 77 0.038810216 
526 56 11 14 0.03879016 
8 328 10 12 0.038731437 
55 48 21 26 0.038550816 
284 186 16 20 0.038387235 
119 84 10 15 0.038191143 
197 547 13 16 0.03797207 
478 329 12 13 0.037767116 
123 527 16 23 0.037714537 
161 47 10 13 0.037572406 
63 325 9 12 0.037567012 
542 37 9 11 0.03753337 
220 531 110 120 0.03752212 
52 43 12 16 0.037375014 
121 550 60 68 0.03728067 
36 611 13 16 0.0372269 
444 533 41 57 0.036350857 
296 23 9 10 0.036287498 
237 591 62 64 0.0361165 
7 288 9 12 0.036039654 
236 108 11 14 0.035877332 
589 45 10 12 0.03558689 
265 414 37 52 0.03502714 
803 637 13 16 0.034870416 
95 60 14 19 0.034780234 
180 638 15 17 0.034581356 
572 366 10 11 0.034483504 
557 277 14 16 0.034426812 
853 606 13 15 0.034307905 
563 331 16 18 0.034109056 
61 369 15 19 0.034050655 
860 625 13 16 0.033959422 
758 284 9 11 0.03390073 
2 299 10 14 0.03390051 
489 47 21 28 0.033895236 
22 288 8 11 0.03381578 
111 77 9 12 0.033792384 
663 300 11 14 0.03354156 
848 605 10 13 0.033270672 
109 68 9 13 0.033214144 
120 334 10 12 0.03308293 
838 39 11 15 0.03279697 
484 51 13 17 0.032614376 
774 261 9 11 0.032315034 
115 556 14 16 0.032202624 
770 299 16 20 0.03215633 
7 314 11 15 0.031933155 
359 237 11 15 0.031780954 
739 316 22 26 0.03173708 
45 348 10 14 0.031711977 
522 59 9 12 0.03149225 
550 325 10 13 0.03146816 
559 330 13 16 0.031320464 
132 548 16 21 0.031249007 
724 333 10 13 0.031217245 
454 296 10 15 0.031097291 
248 355 12 16 0.030940346 
4 238 14 19 0.030802911 
101 33 8 9 0.030715497 
847 60 10 12 0.030661428 
734 229 10 13 0.030433208 
494 47 11 14 0.030248947 
464 336 8 12 0.030216586 
47 318 11 15 0.03000015 
13 593 44 54 0.029949185 
576 40 9 11 0.029825578 
331 89 13 17 0.02970785 
598 338 12 15 0.029587127 
96 556 60 66 0.029459335 
19 636 15 17 0.029439518 
281 23 8 9 0.029430501 
838 248 11 13 0.029417744 
325 21 8 11 0.029306896 
825 245 10 12 0.029301828 
799 576 10 13 0.029166665 
111 525 52 66 0.029053938 
804 269 10 13 0.028917681 
15 299 9 13 0.028916785 
831 343 10 12 0.028677339 
861 348 10 12 0.028607393 
667 298 13 15 0.028590692 
127 80 10 13 0.028577294 
166 557 27 30 0.02854466 
70 322 11 14 0.028487299 
119 80 8 12 0.028284637 
167 620 23 26 0.028274836 
599 47 8 11 0.028262826 
204 588 12 14 0.028075589 
541 357 11 14 0.02799667 
750 362 12 14 0.02796609 
86 316 11 15 0.027932612 
67 279 10 13 0.027886389 
606 54 9 12 0.02786985 
742 207 10 13 0.027839653 
464 23 10 13 0.02781265 
558 317 13 15 0.027745567 
87 311 10 13 0.027594008 
448 550 25 32 0.027499069 
830 251 20 24 0.027456438 
792 20 11 13 0.027367515 
566 47 11 14 0.027308812 
788 6 10 12 0.027285531 
848 586 10 13 0.02728307 
108 54 10 14 0.027195076 
138 52 12 14 0.027193682 
228 225 25 29 0.027186595 
131 87 11 13 0.027050484 
687 342 9 11 0.026987974 
625 333 9 11 0.026833914 
94 299 10 12 0.026674584 
164 87 10 13 0.026669923 
273 32 8 11 0.026666518 
90 41 8 10 0.02653391 
930 247 29 39 0.026492264 
815 224 8 9 0.0261587 
324 28 11 14 0.026081618 
614 413 12 14 0.026065335 
212 550 12 14 0.026061691 
724 610 11 15 0.025976328 
792 301 10 13 0.025975363 
145 502 10 13 0.025948502 
278 31 9 11 0.025850093 
703 374 8 11 0.02582862 
753 9 8 10 0.025681587 
152 69 9 13 0.025606245 
736 610 12 16 0.025573697 
789 221 8 11 0.025542453 
697 422 11 14 0.025529128 
550 390 10 12 0.02548229 
83 491 102 130 0.025461782 
894 334 13 17 0.025419317 
92 315 10 14 0.025376052 
792 29 9 12 0.025373608 
64 237 98 123 0.025310053 
241 38 11 15 0.0252476 
742 634 13 15 0.025238259 
549 60 11 14 0.025194146 
585 44 10 13 0.025114516 
148 374 25 34 0.025099339 
576 254 11 13 0.025096316 
14 468 13 18 0.02508781 
353 232 49 66 0.025041372 
117 304 10 13 0.025024509 
632 351 10 12 0.02498305 
791 14 10 13 0.024945565 
35 37 38 46 0.024862101 
135 462 23 34 0.024777638 
46 382 24 26 0.024733841 
133 67 13 14 0.024716133 
500 638 15 15 0.024623927 
156 68 11 13 0.024564493 
77 311 12 15 0.024514113 
296 29 10 12 0.024446348 
638 353 9 11 0.024415486 
203 123 11 15 0.024294483 
292 174 10 14 0.02426319 
102 333 12 17 0.02425634 
12 602 13 18 0.024250574 
645 317 10 12 0.024234423 
888 345 10 13 0.024221558 
157 519 52 63 0.02409007 
835 267 14 18 0.0240194 
544 403 12 16 0.0240065 
109 522 25 32 0.023977112 
128 352 10 13 0.023968805 
801 185 8 10 0.023963194 
165 572 24 27 0.023932025 
822 285 11 14 0.023871612 
707 397 12 15 0.023817655 
741 282 13 15 0.023757191 
243 127 15 20 0.02373652 
484 69 11 15 0.023724888 
447 305 11 14 0.023641821 
269 386 45 66 0.023599174 
271 363 23 39 0.023591015 
827 265 15 19 0.023576157 
841 318 12 17 0.023508448 
156 563 15 21 0.023496648 
153 556 50 63 0.023482086 
33 316 10 13 0.02343655 
568 339 15 16 0.023429016 
704 600 12 16 0.023353642 
784 624 10 12 0.023341551 
816 229 9 10 0.02321599 
93 51 13 17 0.023210619 
744 303 10 13 0.023209127 
529 31 9 12 0.023208585 
189 533 27 35 0.023206279 
767 276 10 13 0.023142185 
776 632 22 26 0.02302124 
152 62 10 12 0.023009807 
35 59 16 21 0.022936726 
876 341 12 15 0.022803487 
135 348 22 27 0.022638984 
518 46 9 11 0.022612352 
726 324 13 16 0.022600377 
600 62 9 12 0.022588369 
823 580 9 13 0.022505056 
829 275 20 26 0.022478193 
297 142 16 23 0.02247036 
286 143 16 20 0.02239118 
700 325 10 13 0.022296874 
574 46 10 12 0.02228608 
263 366 41 60 0.02228145 
546 339 12 14 0.022269849 
361 76 10 13 0.022217331 
69 308 12 16 0.022106763 
815 259 10 14 0.02209965 
733 30 9 10 0.02209374 
736 252 46 56 0.022090321 
601 292 10 12 0.022083398 
206 474 172 201 0.022082547 
573 79 8 10 0.022067072 
138 518 26 32 0.02206527 
862 342 11 14 0.022056071 
475 320 19 21 0.022048684 
808 610 10 13 0.022039488 
558 80 8 9 0.021980235 
63 366 23 28 0.021919785 
530 59 12 14 0.021915192 
312 55 8 10 0.021912234 
16 620 27 32 0.021902367 
480 19 18 22 0.021840382 
275 172 28 34 0.02179354 
57 542 28 32 0.02175581 
686 336 9 12 0.021747995 
318 67 10 13 0.021730237 
142 105 46 58 0.021678546 
27 299 11 14 0.021610567 
743 620 12 16 0.021593185 
517 308 10 12 0.021548145 
586 68 10 13 0.021496069 
614 312 9 12 0.021493189 
614 406 11 14 0.021481575 
733 632 15 18 0.021453427 
770 212 11 14 0.021450471 
806 43 9 12 0.021432357 
755 630 10 13 0.021425972 
496 267 95 116 0.021384655 
800 253 9 11 0.02137553 
70 46 14 18 0.02135001 
287 29 9 11 0.021341696 
343 488 50 71 0.02124818 
657 24 7 9 0.021237936 
124 537 23 31 0.021196872 
551 36 10 13 0.021187976 
768 204 11 13 0.021121051 
266 548 15 18 0.021120816 
735 39 9 12 0.021095768 
478 309 12 15 0.021059759 
707 196 13 16 0.021008454 
475 50 22 27 0.020992706 
707 611 17 25 0.020981552 
269 485 62 81 0.020961221 
232 347 16 20 0.020916315 
36 52 14 17 0.020875083 
219 589 16 19 0.020828253 
568 71 9 11 0.020819966 
140 60 11 13 0.020800496 
581 211 14 17 0.020752637 
152 100 10 13 0.020751672 
269 79 9 11 0.020745525 
223 22 10 13 0.020741494 
271 446 96 138 0.020724941 
680 341 8 11 0.020659223 
560 44 12 14 0.020635031 
473 12 10 13 0.020602444 
689 349 9 11 0.020574534 
146 352 15 18 0.020556917 
153 561 27 36 0.02054244 
728 237 11 13 0.020480584 
469 21 11 14 0.020399885 
0 455 24 41 0.02039372 
485 17 10 12 0.020328244 
839 235 11 14 0.020312805 
382 255 11 17 0.020282926 
189 589 14 17 0.020262653 
577 193 8 9 0.020222297 
110 550 24 27 0.020159693 
123 514 22 32 0.020115504 
738 194 12 15 0.02011272 
472 318 13 15 0.020107942 
286 24 8 9 0.020102883 
209 24 10 12 0.020052103 
125 260 11 14 0.020044481 
749 633 12 15 0.020011956 
