23_Shoppers_Shoppers_23_364
72
587 182 98 117 0.9995621 
278 213 72 95 0.99757594 
457 232 53 64 0.9963392 
200 310 18 21 0.18624863 
175 363 12 14 0.11947711 
14 251 11 14 0.09907692 
149 358 10 13 0.08616874 
1003 159 20 31 0.081230775 
165 389 13 14 0.07817399 
998 88 22 41 0.06515801 
166 396 14 18 0.057741676 
757 146 13 18 0.051521104 
65 293 10 11 0.0482815 
369 292 13 18 0.047879245 
66 261 8 11 0.043933712 
175 370 14 18 0.04291985 
161 387 10 13 0.042077832 
10 272 9 12 0.039813083 
742 80 12 17 0.03848708 
134 368 9 11 0.038295608 
173 376 13 16 0.03822476 
179 358 13 15 0.037954703 
145 364 9 12 0.03641416 
393 317 25 34 0.035977796 
170 357 10 13 0.035155263 
40 318 9 12 0.035044022 
167 362 12 15 0.034075804 
756 140 24 30 0.03338451 
159 402 12 16 0.033024013 
1 532 54 109 0.032033794 
48 243 8 11 0.031598553 
162 385 21 27 0.030595768 
85 383 27 30 0.029906444 
40 278 9 12 0.029579518 
117 208 13 16 0.028816802 
84 479 10 13 0.028696164 
95 212 14 15 0.02799266 
785 140 15 19 0.027510883 
117 187 11 14 0.026950555 
201 311 30 30 0.026767004 
768 141 27 27 0.02654264 
96 352 10 12 0.026155325 
14 258 10 12 0.026007894 
797 150 15 17 0.025874253 
92 274 16 20 0.02545679 
1000 164 15 21 0.025168896 
193 269 9 13 0.025097236 
10 252 11 14 0.024879754 
198 317 15 20 0.024569418 
651 47 431 466 0.024412846 
2 129 15 20 0.024283232 
719 248 13 18 0.024039906 
80 141 25 32 0.023929998 
128 414 9 12 0.023416772 
174 352 10 12 0.023287263 
127 372 11 13 0.023114529 
733 166 9 12 0.022825098 
751 116 13 17 0.022614524 
61 358 19 21 0.02259764 
111 368 10 14 0.022458559 
54 285 9 12 0.022376893 
100 356 9 11 0.022078669 
979 77 46 68 0.021952057 
81 208 8 12 0.021729933 
103 189 11 13 0.02161409 
59 182 10 12 0.021456813 
810 203 29 32 0.02128101 
167 374 12 13 0.02120097 
558 420 104 107 0.020543618 
944 214 9 11 0.0204692 
42 479 104 153 0.0204245 
514 232 22 30 0.020149324 
