23_Shoppers_Shoppers_23_197
488
447 106 141 177 0.99948645 
695 200 350 444 0.6062651 
418 1081 37 41 0.54699516 
54 1494 14 19 0.5167067 
429 1504 17 20 0.4632907 
812 515 203 304 0.3628855 
50 1149 16 20 0.32904574 
290 426 38 62 0.29750854 
12 1336 14 17 0.27987227 
899 1005 130 161 0.2792509 
336 1462 13 16 0.2755852 
776 408 346 470 0.26222977 
7 1499 12 17 0.21907984 
132 1500 14 22 0.21397305 
259 666 15 19 0.21009092 
277 641 11 14 0.20639677 
7 1414 11 14 0.20279512 
421 1476 13 16 0.2020171 
77 1383 10 12 0.20154667 
820 942 208 268 0.20055488 
114 1146 13 16 0.19344896 
209 1500 15 19 0.17116682 
860 1002 123 124 0.16800658 
354 1465 17 19 0.16272485 
28 1432 14 17 0.16244571 
343 1386 14 20 0.1586154 
86 1412 12 14 0.15778299 
354 1474 16 18 0.15313195 
42 1359 12 13 0.148699 
316 675 10 13 0.14630997 
367 1494 13 15 0.13655159 
407 1511 12 15 0.13620664 
384 1398 11 14 0.1359591 
405 1490 15 16 0.13321921 
144 1300 12 16 0.1295863 
14 1310 11 14 0.12760538 
86 1308 13 15 0.1248592 
363 1469 15 18 0.12355217 
104 1370 11 14 0.121103786 
162 1258 11 14 0.11995998 
287 1253 13 15 0.11755806 
31 1460 13 18 0.110166386 
120 1226 13 17 0.106674254 
293 669 24 27 0.104183145 
141 1211 10 13 0.103317566 
38 1497 13 17 0.101277396 
245 1470 11 15 0.096011415 
814 1472 8 12 0.0959803 
113 1506 14 17 0.0953457 
45 1390 10 13 0.09489359 
2 1419 11 15 0.092168406 
69 1148 11 14 0.09213865 
94 1471 14 19 0.08871511 
894 624 126 186 0.08810771 
469 1450 13 16 0.088056624 
173 1310 13 17 0.087759145 
101 531 417 488 0.087688915 
308 674 15 18 0.08768564 
37 1395 12 15 0.086020716 
340 1503 11 13 0.085514404 
61 1398 11 13 0.08469028 
663 1379 12 14 0.084131636 
352 1480 13 16 0.08286841 
396 1475 11 14 0.082769655 
274 1474 13 16 0.08105469 
133 1330 13 15 0.08001614 
54 1342 10 14 0.076905 
358 1455 12 13 0.07643986 
36 1380 11 12 0.07528266 
68 1479 13 17 0.075135864 
372 1492 12 15 0.07407694 
71 1459 12 16 0.07384276 
380 1486 11 14 0.073012 
307 714 30 40 0.07255804 
175 1378 12 16 0.072266564 
57 1366 9 12 0.07134893 
4 1427 12 15 0.07122726 
323 1501 12 14 0.070302606 
313 1354 10 13 0.07002918 
235 1373 12 14 0.069259375 
322 1508 14 15 0.06871969 
69 1276 10 13 0.06853981 
55 1405 10 12 0.067822255 
16 1267 12 16 0.06666021 
59 1094 11 14 0.06621232 
411 1483 14 16 0.06549276 
133 1155 13 17 0.0653621 
317 1358 10 12 0.06533048 
30 645 32 37 0.06526703 
430 1438 12 14 0.06519129 
71 1341 12 15 0.06385652 
187 1368 15 22 0.063530095 
61 1391 9 11 0.063046545 
654 1407 13 15 0.06299957 
217 710 31 40 0.06296381 
5 1366 13 17 0.061015166 
147 1344 14 17 0.06056009 
370 1470 13 15 0.059421055 
342 1242 11 13 0.05838397 
367 1186 12 16 0.057761606 
15 1110 10 13 0.05769671 
21 1403 11 14 0.057610273 
333 1517 15 15 0.057452932 
25 1428 12 17 0.05722664 
57 1154 14 18 0.057170182 
48 1474 12 16 0.05708225 
401 1444 12 14 0.056968924 
732 277 128 175 0.05635176 
70 1405 10 12 0.055751704 
61 1148 13 17 0.055577777 
53 1413 11 15 0.054678388 
457 1481 16 19 0.053816833 
39 1390 11 14 0.053694297 
335 1508 13 15 0.05281227 
359 1111 20 28 0.052537493 
288 1212 11 13 0.052143317 
1 1443 12 17 0.05160996 
426 794 49 62 0.05149555 
145 1246 15 20 0.051350724 
369 1362 13 15 0.051169463 
273 692 15 20 0.050844107 
33 1397 11 14 0.0506572 
6 1308 12 16 0.050571986 
96 1449 13 17 0.049592942 
1 1117 9 13 0.04937527 
120 1440 10 11 0.04916709 
286 1497 14 17 0.048904315 
444 1059 11 13 0.048534896 
132 1167 16 19 0.048297506 
44 1495 14 19 0.048246253 
861 1007 67 73 0.04816173 
1 1437 10 15 0.04815102 
301 1458 12 15 0.048029866 
158 1233 14 18 0.047810037 
79 1430 10 11 0.047787517 
31 1126 11 14 0.047653295 
12 587 17 22 0.04754103 
316 1385 16 19 0.04735828 
5 585 13 19 0.047035757 
182 1029 24 30 0.046484984 
292 1283 11 14 0.046437945 
72 1441 12 14 0.046145074 
77 553 42 54 0.046002395 
47 1141 13 15 0.045866445 
606 834 11 14 0.04540598 
268 1451 14 15 0.04518014 
52 1485 15 19 0.045170326 
457 830 51 81 0.045065325 
70 1411 11 15 0.04502851 
67 1399 11 13 0.045019962 
284 1367 15 19 0.045017928 
5 845 10 13 0.044921707 
76 1362 12 14 0.044240505 
157 1468 10 13 0.044216257 
348 1114 12 17 0.044141512 
59 1480 20 24 0.04398331 
92 1156 13 17 0.043629717 
30 1345 13 17 0.04287597 
35 1434 14 18 0.04282296 
732 890 365 444 0.0418245 
260 1338 12 14 0.041128907 
131 1371 12 16 0.04086543 
36 1413 12 14 0.040780872 
388 1160 10 13 0.040770344 
9 1314 12 15 0.04074279 
236 1358 13 15 0.040691055 
18 1339 12 16 0.04057031 
806 1452 9 12 0.04048193 
101 1421 11 14 0.040108442 
631 1355 14 15 0.03991371 
94 1422 10 12 0.03988992 
30 1422 11 13 0.039758798 
111 1356 11 13 0.03970311 
47 1420 11 15 0.039623767 
282 663 43 53 0.03934182 
0 1518 13 18 0.0393209 
397 1501 13 15 0.03910268 
358 1372 14 16 0.038959116 
249 1308 12 16 0.03886205 
459 1438 12 17 0.038328458 
294 789 13 15 0.038306516 
80 1405 11 14 0.037970994 
46 1407 10 12 0.037918333 
230 1359 11 14 0.037856597 
77 1373 13 15 0.03784462 
177 1185 11 15 0.037718005 
494 1223 24 32 0.037607737 
259 1431 13 16 0.037458044 
172 1292 13 16 0.037349407 
40 1307 10 12 0.037285764 
291 1402 14 15 0.037269324 
35 1463 14 17 0.03716356 
80 1411 12 15 0.03675392 
60 1236 14 18 0.03672879 
4 1499 21 26 0.036728367 
130 1338 14 17 0.036646582 
180 1373 16 21 0.036505625 
325 1313 9 10 0.036197692 
12 573 11 14 0.036120374 
340 1493 11 14 0.036105428 
336 1455 10 13 0.036095854 
279 1349 10 12 0.036080576 
5 1358 12 15 0.03582413 
369 1419 11 14 0.035727505 
133 1276 11 16 0.035496026 
933 1075 87 102 0.035352856 
352 1462 12 15 0.03534516 
103 1294 10 13 0.035289314 
456 823 109 169 0.034963425 
169 1315 14 19 0.034944702 
450 1278 16 20 0.034798566 
355 1406 16 21 0.03464724 
9 1492 15 18 0.034491282 
535 1368 9 10 0.034482714 
52 1451 12 15 0.034309536 
33 612 51 60 0.034098476 
403 1498 15 16 0.033934638 
79 1278 12 15 0.033859637 
320 1495 10 13 0.033628426 
399 1294 10 13 0.03362427 
63 1186 14 19 0.033608295 
318 1430 11 13 0.03346847 
276 1323 10 13 0.033267025 
271 1470 13 15 0.03319674 
572 822 15 16 0.03307883 
379 1380 11 14 0.032907404 
146 1295 13 16 0.032843955 
37 1403 12 15 0.03258584 
56 1390 10 12 0.032546364 
532 1435 23 26 0.03253274 
364 1369 13 17 0.032369427 
363 1501 11 14 0.03224946 
150 1325 10 11 0.032209396 
36 1420 13 15 0.032157607 
159 1034 23 29 0.03215449 
648 1278 57 71 0.031939156 
164 1380 15 19 0.031731308 
196 1128 14 17 0.03168022 
357 1437 11 13 0.03149733 
185 528 25 30 0.031441968 
807 1011 123 109 0.03131394 
170 1034 25 33 0.031161921 
107 1366 12 14 0.0310751 
73 1387 11 12 0.031069458 
390 1126 11 15 0.031035434 
104 1415 10 12 0.030883268 
142 1326 9 13 0.030846471 
681 1348 10 12 0.030844882 
291 1340 14 15 0.030535335 
465 1115 29 35 0.030388836 
947 620 17 21 0.03035816 
104 1255 11 14 0.030344062 
669 1390 10 12 0.030323923 
343 1443 12 14 0.03029398 
112 1431 9 11 0.03025193 
127 1343 11 14 0.030081993 
76 1498 14 18 0.030045202 
97 1428 9 13 0.029849125 
0 1414 18 25 0.029821122 
264 1460 10 13 0.029736312 
93 1221 12 15 0.02963795 
462 1383 11 14 0.029585937 
21 850 11 14 0.0295518 
535 1373 9 10 0.029534614 
311 1387 13 16 0.029407613 
322 1270 12 13 0.029390644 
416 1473 21 26 0.029286547 
253 1497 13 16 0.029259771 
12 1326 12 16 0.029247034 
248 1094 9 12 0.029203547 
25 1422 10 13 0.029160334 
485 837 16 24 0.029114135 
180 1351 16 22 0.029052917 
347 1235 12 15 0.028935751 
0 1298 11 18 0.02893441 
150 1219 11 14 0.028920952 
32 1375 11 13 0.028772624 
390 1508 12 14 0.028744753 
160 1383 12 15 0.028631007 
285 1433 12 16 0.028521113 
47 1412 11 14 0.028420927 
96 1151 10 14 0.028380254 
340 1475 13 16 0.02830497 
196 982 397 492 0.02816241 
16 586 27 30 0.028016109 
654 209 208 308 0.027976427 
273 1320 10 12 0.027943077 
157 1325 11 13 0.027851667 
364 1411 13 17 0.027742904 
384 1364 11 14 0.02773807 
381 1477 11 14 0.027661875 
221 1107 10 12 0.027644163 
15 1263 21 27 0.027636953 
312 1301 10 13 0.027634429 
116 1152 13 17 0.027521601 
320 1290 12 15 0.027448328 
89 1474 13 17 0.027367488 
328 1466 14 17 0.027334202 
639 1428 10 12 0.027318006 
1004 599 17 20 0.0272938 
6 1229 14 19 0.027259706 
318 1484 10 12 0.027204556 
319 1496 19 24 0.027031861 
217 1499 15 21 0.027020771 
461 651 14 17 0.027006045 
282 795 15 17 0.026989233 
293 1348 13 14 0.026988106 
277 1499 15 17 0.026784664 
341 1485 11 14 0.026741596 
262 1293 13 17 0.026734669 
46 1307 10 12 0.026730958 
288 1234 12 14 0.026659243 
615 1390 12 14 0.026558667 
285 1120 22 28 0.026465187 
320 1411 13 17 0.026386047 
323 1364 12 14 0.02634657 
47 1347 11 14 0.02628848 
322 1382 17 19 0.026263477 
834 1472 9 12 0.026198294 
664 1387 12 14 0.02619438 
235 722 17 21 0.026147835 
671 1286 37 45 0.02609596 
327 1172 12 15 0.026049105 
0 1468 11 17 0.026031667 
275 1301 13 15 0.02595926 
302 1397 12 14 0.025892712 
69 1489 14 19 0.025884883 
566 860 11 13 0.025564594 
139 1275 11 15 0.025303157 
189 1124 15 21 0.025299355 
74 1195 13 16 0.025209079 
267 1508 14 15 0.025172006 
225 1359 11 14 0.025093859 
301 1350 12 13 0.025057886 
180 1360 18 25 0.02491588 
365 1484 13 15 0.02486838 
364 1504 14 17 0.024856582 
141 1351 13 17 0.024819605 
325 1495 11 14 0.024815531 
289 1123 12 18 0.024723418 
255 1323 11 15 0.02459263 
125 1376 13 16 0.02458517 
101 1146 11 15 0.024522178 
508 1438 10 12 0.024419095 
64 1459 12 17 0.024407726 
120 1343 10 12 0.024398973 
118 1196 13 16 0.02439434 
47 1384 9 12 0.024387544 
149 1033 22 30 0.024356384 
286 680 48 58 0.024353957 
52 1227 23 31 0.024121482 
129 1366 13 14 0.024120891 
502 658 14 17 0.024051303 
144 1317 10 13 0.024021124 
55 1371 10 13 0.024003778 
16 1405 10 14 0.023990223 
33 1389 11 14 0.023944343 
251 1468 13 16 0.023908308 
385 1126 11 14 0.02387774 
268 1286 10 13 0.023674225 
618 1282 99 100 0.023612529 
44 1459 13 16 0.023591764 
317 1436 10 13 0.023566334 
823 1050 28 33 0.023514895 
988 782 29 40 0.023467537 
825 1455 10 13 0.023462888 
513 1277 9 12 0.023441577 
334 1151 10 13 0.023379143 
212 1152 12 16 0.023344832 
133 1357 13 16 0.023252819 
59 1170 15 19 0.023248719 
215 1375 10 13 0.02316892 
474 827 27 41 0.023141485 
2 1370 11 16 0.023129858 
628 1348 15 16 0.023095533 
278 1342 11 14 0.022956504 
294 1237 11 14 0.022920415 
14 1102 9 11 0.02290279 
109 1488 16 17 0.022896493 
237 1111 11 14 0.022890473 
35 1349 11 14 0.022856787 
276 1446 11 14 0.022786163 
359 1493 12 15 0.022715027 
666 1376 11 12 0.022699974 
402 1509 21 24 0.02269522 
111 1285 11 14 0.022651454 
303 1446 11 14 0.02264602 
310 1484 10 12 0.022616807 
229 1431 15 17 0.022583518 
101 1429 10 13 0.022571985 
138 1228 12 14 0.022564514 
332 1472 15 17 0.022532094 
9 1101 9 12 0.022522518 
151 1234 13 17 0.022509133 
42 1437 13 16 0.02246548 
388 1003 15 20 0.022455547 
16 639 32 38 0.022450628 
149 1318 9 12 0.022401987 
285 1227 13 15 0.022376822 
287 1397 13 16 0.022327784 
117 1041 25 31 0.022323886 
339 1467 21 25 0.022322733 
103 1287 12 14 0.022320012 
60 616 48 59 0.022274097 
349 858 14 20 0.022224084 
133 1346 12 16 0.022217885 
417 1065 32 41 0.022206644 
63 1454 11 15 0.022179406 
414 1402 15 20 0.022179145 
101 1350 11 13 0.022096304 
114 1498 22 27 0.022090437 
98 1458 15 18 0.022041082 
23 1374 10 13 0.022039672 
388 1516 13 15 0.022033447 
311 1445 11 12 0.02198613 
0 1443 18 29 0.021928197 
285 1347 14 15 0.021915385 
333 1387 13 18 0.021909136 
334 1485 13 14 0.021873804 
806 946 15 20 0.021856729 
44 571 15 21 0.021851618 
567 536 106 118 0.021806234 
503 1325 12 15 0.021801693 
271 445 34 46 0.021766983 
127 1489 26 35 0.02172557 
72 1093 11 15 0.02165649 
312 1439 10 12 0.021646712 
424 1502 14 18 0.021641165 
93 1302 12 14 0.02161018 
336 1135 10 12 0.021585941 
346 1518 14 15 0.021503078 
148 1214 12 13 0.021480586 
103 1245 10 14 0.021472787 
381 1372 12 15 0.021469444 
144 1437 9 12 0.02145515 
358 1445 12 14 0.021452667 
245 1356 13 16 0.021364361 
19 1516 16 17 0.021335037 
335 1351 11 14 0.021280836 
425 1437 12 14 0.021278353 
134 1307 13 15 0.021273352 
435 1444 11 13 0.02127097 
111 1398 9 11 0.02125713 
373 1462 12 14 0.021242028 
381 1470 11 13 0.021179108 
285 1308 13 15 0.021156374 
4 1396 12 15 0.0211336 
379 1408 16 18 0.021125233 
173 1364 13 18 0.021114675 
293 1479 13 15 0.021112023 
385 1403 13 16 0.021109115 
167 1222 11 13 0.021075813 
108 1289 12 16 0.021030571 
13 1068 9 11 0.021027675 
383 1141 11 12 0.020985793 
231 1110 11 14 0.020961579 
192 1186 11 14 0.020914748 
4 1473 13 17 0.020913722 
109 1412 11 12 0.020884812 
361 1461 16 19 0.020847956 
179 509 32 40 0.020741975 
63 1493 20 25 0.020735145 
241 1337 14 18 0.02071985 
516 1399 12 15 0.020692527 
-1 1352 8 11 0.020692214 
188 1199 10 12 0.020661997 
20 1344 13 17 0.020653907 
258 1495 12 13 0.020603277 
663 1399 10 12 0.020599058 
742 1410 12 14 0.020558955 
262 1516 14 16 0.020548422 
293 1244 11 15 0.020503154 
335 1211 14 16 0.020503124 
421 802 81 96 0.020494295 
273 640 20 24 0.020443626 
7 1485 12 14 0.020398803 
373 1412 14 15 0.020324918 
277 684 25 31 0.020289555 
455 797 214 298 0.020264188 
203 599 35 38 0.020253384 
87 1427 10 13 0.020218343 
157 1248 20 25 0.020182079 
75 1437 12 15 0.020150026 
174 501 13 17 0.020140072 
267 1149 25 32 0.020124787 
279 1307 10 12 0.02003132 
41 1156 11 16 0.020030368 
131 587 29 32 0.020022351 
