23_Shoppers_Shoppers_23_65
36
352 167 30 39 0.98931086 
477 100 38 53 0.9113176 
288 90 21 26 0.24964686 
238 108 20 27 0.2062285 
229 111 18 23 0.08470208 
596 96 19 30 0.0839003 
262 186 15 22 0.07973697 
347 339 16 20 0.06829032 
299 82 16 21 0.06821783 
559 125 25 31 0.059927125 
219 114 26 29 0.05568345 
366 416 14 17 0.055118717 
342 385 16 20 0.04461997 
945 530 41 42 0.04398702 
605 102 21 26 0.043953124 
637 90 15 22 0.043791406 
372 120 27 32 0.040559024 
416 196 47 47 0.040031288 
343 181 30 41 0.03937546 
242 99 16 25 0.03803998 
211 107 24 33 0.033672042 
249 110 15 23 0.0334303 
278 47 14 20 0.030586233 
374 108 24 28 0.02868771 
378 142 18 21 0.02813709 
264 180 24 32 0.027522434 
262 136 23 32 0.026350405 
286 84 15 21 0.026048176 
125 214 14 18 0.025280444 
234 154 28 35 0.025049908 
415 404 14 16 0.024928639 
201 103 24 35 0.02163241 
295 358 34 38 0.021035848 
285 100 18 22 0.020708626 
368 149 26 32 0.020440113 
374 138 16 17 0.020334631 
