23_Shoppers_Shoppers_23_43
125
356 231 63 80 0.9989843 
166 231 57 72 0.998944 
158 392 66 87 0.9959357 
941 122 27 31 0.995622 
572 146 45 58 0.9955107 
64 147 39 50 0.98981595 
925 199 48 68 0.97473484 
72 212 38 62 0.91309017 
790 133 38 50 0.88992846 
862 148 37 47 0.79371303 
605 124 31 42 0.78031313 
24 146 24 32 0.75881374 
723 341 41 46 0.6254312 
960 86 30 38 0.4940961 
969 108 28 41 0.3764632 
441 327 41 54 0.37567407 
376 139 32 42 0.33932513 
746 223 23 32 0.27914414 
679 227 22 29 0.23283103 
230 151 29 39 0.19402488 
832 398 23 33 0.17064686 
100 158 25 37 0.15266238 
355 353 44 47 0.11669239 
687 236 21 30 0.10910974 
824 195 59 56 0.107053824 
547 131 27 38 0.10341553 
455 104 32 41 0.10228551 
189 501 44 56 0.09621274 
751 334 48 51 0.095611915 
212 148 25 39 0.094481096 
793 35 10 12 0.08901436 
340 133 26 36 0.0841984 
449 94 25 38 0.0772705 
883 149 25 35 0.07170694 
823 382 52 62 0.06625601 
841 162 60 62 0.06564812 
890 139 23 30 0.065526366 
956 120 26 32 0.06533401 
672 104 17 20 0.063498266 
741 177 13 18 0.06108057 
796 31 11 14 0.06077003 
944 88 30 36 0.056963593 
959 301 51 71 0.056656424 
311 216 50 62 0.05036034 
984 119 16 23 0.045960613 
816 135 48 53 0.045835003 
234 148 18 24 0.045791857 
489 334 31 41 0.045358464 
975 93 18 24 0.04535379 
469 113 31 35 0.04413039 
245 451 48 54 0.04355971 
54 141 29 38 0.043183833 
808 370 79 110 0.040917203 
322 162 15 20 0.040391937 
168 130 22 33 0.039200988 
773 102 11 14 0.037858136 
281 270 44 59 0.037626587 
35 143 26 34 0.037234418 
696 244 23 30 0.03604849 
742 214 39 52 0.0339462 
772 14 9 12 0.033216234 
438 390 34 56 0.032694634 
701 94 26 28 0.032603025 
200 156 39 49 0.032548543 
703 350 50 59 0.032482892 
1003 65 15 20 0.03222841 
942 250 81 115 0.03221226 
166 127 16 24 0.032085575 
162 145 38 52 0.031826343 
252 152 30 32 0.031585902 
682 251 21 29 0.030900026 
309 149 22 28 0.030665226 
256 202 59 72 0.030535711 
442 91 22 31 0.030301783 
736 251 22 31 0.030264594 
305 147 18 22 0.02923682 
856 139 32 42 0.029145988 
73 160 43 59 0.029062737 
2 473 50 92 0.028998127 
44 218 56 77 0.028630026 
551 133 14 19 0.02837571 
520 130 27 30 0.028179595 
427 337 38 50 0.02790156 
923 92 24 31 0.027652988 
906 137 18 22 0.02760488 
615 121 20 25 0.02754755 
265 153 19 21 0.02753885 
531 125 37 49 0.027302135 
345 134 45 54 0.026771877 
984 113 28 35 0.026596213 
549 118 30 37 0.0265329 
851 377 37 35 0.026465636 
739 168 22 30 0.026059438 
530 136 15 19 0.025954345 
584 121 49 60 0.025104938 
682 353 50 60 0.025084376 
258 235 57 75 0.02483523 
695 362 28 37 0.024749937 
171 139 26 37 0.02390775 
43 148 44 56 0.023780871 
105 155 17 24 0.023747792 
653 104 16 17 0.023572773 
17 156 34 42 0.023457365 
517 471 28 46 0.023176745 
831 215 37 38 0.023159556 
324 432 38 35 0.022631105 
465 328 40 53 0.022564126 
-2 186 37 60 0.022184145 
81 146 31 41 0.021711078 
180 165 34 42 0.02160254 
301 141 15 18 0.021564145 
560 117 47 57 0.021060629 
951 218 55 73 0.02087981 
117 276 45 60 0.020832732 
332 128 25 35 0.02080456 
253 170 56 66 0.020667143 
228 128 25 33 0.020654967 
549 100 25 33 0.020567346 
704 272 41 47 0.020559583 
789 124 28 40 0.020502817 
446 62 25 30 0.020453691 
278 220 56 71 0.020279303 
3 97 28 37 0.020076577 
112 161 18 24 0.020047117 
756 0 11 13 0.020028578 
