23_Shoppers_Shoppers_23_640
29
757 364 66 83 0.9995258 
3 338 89 115 0.99951243 
618 287 88 127 0.99865794 
350 237 167 215 0.9986273 
219 272 83 110 0.9970927 
832 373 80 105 0.99623775 
786 373 71 90 0.32299072 
176 957 49 60 0.15245755 
106 577 41 51 0.14115232 
59 70 112 116 0.06732772 
787 75 15 20 0.061364193 
812 165 10 12 0.039336827 
159 623 43 65 0.035539944 
751 76 15 20 0.033933803 
990 1040 27 30 0.032663733 
814 73 16 20 0.03170337 
806 165 10 14 0.030761318 
53 942 532 510 0.028385896 
164 597 96 128 0.027437592 
801 166 10 12 0.026209796 
609 1021 422 503 0.025887305 
810 255 16 19 0.02555215 
845 164 11 15 0.024033593 
868 112 15 19 0.023238441 
972 143 15 23 0.022803137 
966 914 11 16 0.02242125 
260 891 38 45 0.022195332 
163 621 24 35 0.021982796 
93 660 33 51 0.020457558 
