23_Shoppers_Shoppers_23_294
22
569 132 36 41 0.9988992 
747 126 43 64 0.9961916 
201 155 43 45 0.99279 
154 158 29 48 0.99027294 
861 257 25 31 0.36250427 
903 357 10 14 0.081693985 
425 105 31 45 0.075255916 
435 97 40 64 0.057375643 
292 288 45 69 0.04044992 
372 160 23 35 0.032121442 
402 550 32 38 0.029983217 
466 2 17 16 0.027946586 
251 245 27 34 0.026455082 
705 193 58 67 0.025187131 
903 397 12 18 0.024765478 
449 86 46 71 0.023710946 
794 340 14 21 0.022826646 
131 152 42 58 0.022577807 
366 366 37 43 0.022502234 
889 379 16 22 0.021115791 
100 150 40 60 0.020822499 
946 53 82 118 0.020547193 
