23_Shoppers_Shoppers_23_514
38
516 25 17 21 0.47902924 
703 6 89 101 0.11731261 
759 290 33 39 0.097941354 
269 151 62 82 0.065480925 
272 10 46 53 0.06260926 
244 125 108 135 0.055406887 
943 532 40 45 0.053844593 
496 0 10 11 0.050352972 
266 0 19 18 0.04840666 
598 186 115 151 0.04546635 
705 313 18 20 0.0451605 
212 494 106 133 0.043823075 
629 86 51 70 0.04192835 
264 1 28 32 0.038842756 
230 366 113 121 0.03855583 
654 80 35 55 0.03810267 
640 147 150 227 0.035249718 
763 279 46 69 0.034503724 
523 12 12 13 0.033735696 
654 31 51 71 0.033609293 
529 115 101 113 0.033309486 
200 43 209 271 0.031662248 
340 191 16 20 0.030716434 
419 21 16 19 0.027182793 
249 512 16 19 0.026876613 
747 395 25 30 0.026049694 
442 268 26 31 0.02569626 
588 83 54 71 0.025563244 
525 7 11 12 0.02495188 
252 -1 84 92 0.024333948 
434 270 15 21 0.023719024 
205 519 34 41 0.022906816 
533 0 11 10 0.022070765 
334 269 10 12 0.022031678 
293 29 27 33 0.021995038 
446 274 15 19 0.020265594 
331 116 15 18 0.020241011 
422 1 13 14 0.020100033 
