23_Shoppers_Shoppers_23_167
23
354 162 100 142 0.77306545 
836 38 109 117 0.28806564 
19 45 30 34 0.12857324 
283 16 69 80 0.12798318 
116 18 21 27 0.09741015 
366 23 62 86 0.09559435 
903 59 62 86 0.05715668 
302 57 41 46 0.055890687 
623 389 110 158 0.05348491 
250 -6 112 129 0.0429006 
415 55 109 123 0.04175232 
312 2 66 79 0.036251027 
344 6 68 81 0.034636687 
513 184 53 77 0.03296849 
891 71 90 123 0.030433726 
784 31 121 141 0.028805163 
1010 358 14 26 0.02426967 
494 -4 103 120 0.024010928 
907 111 95 127 0.02283547 
305 90 178 227 0.022138843 
476 70 64 84 0.021782866 
393 101 96 143 0.02057024 
449 29 110 132 0.020005558 
