24_Soldier_Firing_Soldier_Firing_24_691
77
270 307 32 38 0.99956626 
237 216 25 30 0.99812883 
777 321 27 34 0.997775 
294 278 25 30 0.99674195 
417 338 27 32 0.99582076 
622 302 26 34 0.9954855 
265 269 28 30 0.9906579 
738 293 30 35 0.98714393 
879 449 34 53 0.9826736 
547 272 22 26 0.9760423 
669 318 23 28 0.96688455 
878 327 29 35 0.9644271 
819 381 38 42 0.9579331 
820 300 23 27 0.9555838 
439 311 23 27 0.9544452 
562 327 22 26 0.9534638 
366 305 22 24 0.95216316 
956 303 21 21 0.9505364 
505 313 24 29 0.94402415 
96 109 35 63 0.9197667 
580 268 20 22 0.9113164 
411 248 20 22 0.90842575 
803 366 29 37 0.81140286 
211 178 19 22 0.44452128 
455 347 22 26 0.3801086 
726 308 15 18 0.19017644 
277 274 28 31 0.17094837 
973 331 17 20 0.15492165 
51 121 31 54 0.15126945 
544 328 17 20 0.09721472 
649 342 17 21 0.07655712 
579 276 22 28 0.074056186 
603 321 15 20 0.06953221 
342 334 21 25 0.06750929 
945 345 16 20 0.060644984 
878 348 26 37 0.06023348 
791 178 27 32 0.05877067 
472 407 15 17 0.05726246 
204 183 25 32 0.05538461 
728 299 27 32 0.052672595 
802 331 16 20 0.05099404 
528 361 22 27 0.050059196 
645 313 16 23 0.04949997 
831 307 19 23 0.047890604 
308 315 13 16 0.046515614 
660 314 23 29 0.041259196 
920 334 25 33 0.038844492 
884 339 32 37 0.03789521 
724 412 11 14 0.037333455 
878 359 15 24 0.036382493 
1008 275 12 15 0.034583718 
831 377 44 54 0.031293698 
174 173 11 16 0.030132111 
526 352 17 21 0.030021701 
198 132 10 13 0.029739227 
764 316 26 31 0.02945973 
868 360 27 35 0.028578559 
303 310 21 27 0.026771966 
394 322 13 18 0.026560321 
559 358 24 28 0.02605063 
1011 268 12 18 0.025344549 
562 338 19 23 0.024411209 
1 149 11 15 0.02396292 
946 335 23 27 0.022687363 
966 336 18 20 0.022438549 
762 298 18 23 0.022421513 
943 349 24 30 0.022163639 
431 317 26 32 0.02184572 
826 314 26 34 0.021804994 
538 364 13 18 0.021482872 
490 376 18 22 0.021376647 
443 343 26 30 0.021177012 
411 258 17 22 0.020948764 
895 334 30 32 0.02079307 
796 349 16 20 0.02052374 
909 339 27 32 0.020345712 
610 310 25 33 0.020097231 
