24_Soldier_Firing_Soldier_Firing_24_644
102
280 170 27 33 0.9931377 
207 151 26 37 0.8565537 
550 283 26 30 0.5803064 
469 196 16 17 0.34148508 
577 278 27 30 0.32237896 
47 99 24 32 0.31953162 
462 211 15 18 0.24883853 
398 192 16 20 0.22036558 
440 205 10 15 0.18830417 
312 180 26 30 0.16631325 
178 360 32 46 0.1293006 
130 104 26 29 0.12926875 
39 369 13 16 0.11839386 
199 323 27 35 0.10199318 
458 288 32 31 0.09177165 
0 89 22 44 0.08863959 
444 208 11 16 0.07895775 
92 133 25 30 0.076536156 
348 180 14 20 0.07612017 
442 338 41 44 0.06997813 
116 143 21 29 0.064906724 
437 281 15 20 0.061621908 
224 108 18 22 0.056530673 
137 112 25 34 0.054534752 
389 193 18 20 0.049436092 
331 187 12 16 0.046760418 
309 258 13 17 0.045554686 
559 275 42 47 0.044199575 
32 95 34 45 0.043730944 
556 274 27 31 0.04135148 
58 107 17 23 0.040861215 
395 175 23 31 0.040849544 
246 178 9 14 0.03922662 
282 173 48 55 0.038324583 
487 257 13 16 0.03812814 
238 178 12 18 0.03708615 
387 256 17 21 0.036990713 
318 387 15 19 0.036525484 
210 153 39 50 0.03495468 
0 497 18 35 0.03494726 
10 75 26 38 0.034300786 
372 546 23 27 0.03383934 
139 102 16 19 0.03347779 
21 74 16 22 0.033434752 
331 380 12 14 0.033401377 
593 283 12 16 0.03327006 
370 251 28 31 0.03314794 
410 177 15 20 0.031484388 
111 105 38 50 0.031121777 
311 185 16 19 0.030873856 
221 293 11 14 0.030821357 
298 239 27 38 0.030704893 
274 342 17 20 0.030157767 
465 201 23 28 0.02953239 
477 249 16 20 0.029014923 
149 147 27 34 0.028978858 
138 161 31 36 0.028235061 
335 258 11 15 0.027761292 
8 91 29 40 0.027620437 
322 182 27 34 0.027480489 
99 116 33 38 0.02733314 
456 211 27 31 0.026723474 
17 325 12 15 0.026394146 
393 252 16 21 0.02586617 
315 259 13 15 0.02554555 
76 113 38 48 0.025504075 
228 296 15 19 0.025006052 
561 294 16 19 0.024885014 
426 274 25 34 0.02471885 
43 109 17 22 0.024708448 
811 595 26 28 0.02470372 
249 241 28 41 0.024319269 
13 89 14 21 0.024248825 
10 289 14 16 0.024041075 
156 133 31 37 0.023762457 
571 72 46 49 0.023276726 
402 197 16 22 0.023189303 
268 175 20 25 0.023155283 
223 233 40 50 0.023152485 
538 274 30 34 0.023111722 
103 829 29 34 0.02310237 
432 204 14 16 0.02294065 
77 200 26 34 0.022813747 
435 202 20 26 0.02279716 
419 173 13 17 0.022777557 
247 173 9 15 0.02248783 
541 288 19 22 0.022194946 
58 92 15 24 0.022175768 
91 99 14 19 0.02216922 
455 211 15 19 0.022067152 
160 162 24 35 0.021934211 
4 349 13 17 0.021692006 
28 224 12 16 0.02147011 
486 288 32 35 0.021408716 
305 252 25 31 0.021400366 
263 307 13 17 0.021372726 
125 111 13 18 0.020936353 
-1 171 21 43 0.02086996 
466 236 28 33 0.020817595 
45 114 27 36 0.020677295 
550 7 389 449 0.020323372 
168 112 28 36 0.020283138 
