24_Soldier_Firing_Soldier_Firing_24_931
62
496 99 67 80 0.9973424 
364 69 24 27 0.9458171 
259 50 26 32 0.67396265 
733 57 24 27 0.5138067 
438 55 20 25 0.4274157 
916 95 11 14 0.37527147 
926 117 11 14 0.27162367 
879 121 15 17 0.19069275 
904 123 11 13 0.16264798 
900 110 10 12 0.15201372 
919 117 13 15 0.1408528 
863 141 11 14 0.11163219 
908 118 13 15 0.10001399 
877 110 10 13 0.09849702 
333 169 12 15 0.07815644 
631 223 39 52 0.06755417 
868 139 13 16 0.06737571 
837 111 11 13 0.0660453 
525 269 39 43 0.050622556 
903 130 11 15 0.044947695 
1014 164 8 13 0.03834806 
652 190 22 30 0.037159383 
428 57 17 20 0.03708395 
442 66 18 24 0.03304953 
565 246 27 40 0.03163432 
831 116 11 15 0.030644977 
917 105 14 17 0.03062623 
276 190 11 14 0.029840192 
896 112 12 17 0.029413125 
909 107 13 14 0.029399797 
634 129 86 109 0.028980207 
938 172 9 11 0.028915245 
543 33 29 30 0.027917657 
873 138 15 16 0.027070133 
548 316 38 39 0.02680062 
425 53 11 15 0.024498852 
911 151 12 15 0.024227275 
939 166 10 12 0.023990013 
990 115 11 13 0.023640774 
932 110 11 14 0.023472112 
872 114 12 16 0.023449978 
274 61 17 23 0.022948582 
473 111 31 46 0.02288499 
424 174 32 37 0.022541123 
921 100 12 15 0.022293603 
886 108 12 15 0.021780014 
900 114 18 23 0.021677783 
901 150 11 13 0.021660313 
555 298 29 34 0.021547982 
938 158 8 11 0.02149298 
531 45 56 67 0.02147358 
427 63 25 32 0.021299118 
871 123 12 16 0.0212695 
252 60 28 32 0.021107243 
448 58 15 20 0.021105608 
654 189 14 18 0.02107148 
546 109 41 48 0.02095537 
265 196 11 13 0.020734603 
547 31 16 19 0.020454152 
854 140 12 16 0.020179689 
438 235 61 67 0.020143982 
903 104 11 13 0.020028027 
