24_Soldier_Firing_Soldier_Firing_24_268
18
484 440 124 167 0.9990582 
741 455 47 58 0.61237115 
143 -86 396 451 0.19070011 
718 437 9 13 0.15244786 
539 13 379 488 0.13398132 
10 729 444 417 0.10241194 
881 731 96 107 0.044365097 
284 20 366 448 0.0442084 
192 306 89 115 0.042985495 
0 908 56 82 0.03820651 
507 681 105 114 0.03471175 
55 900 133 96 0.03393284 
98 927 187 111 0.033453684 
365 593 113 133 0.02818387 
542 818 104 141 0.026080607 
560 867 419 550 0.0231105 
407 524 14 15 0.022417132 
714 444 45 57 0.021205759 
