24_Soldier_Firing_Soldier_Firing_24_264
47
743 137 60 79 0.9916353 
275 53 62 81 0.99109674 
518 217 14 18 0.9787049 
584 224 13 17 0.6096636 
884 231 29 31 0.36977297 
690 223 22 31 0.17284982 
925 272 17 26 0.16673961 
894 183 13 17 0.14945443 
899 186 15 18 0.1089872 
922 236 14 19 0.100863956 
707 223 24 33 0.09596581 
875 229 25 28 0.09315129 
906 189 15 18 0.07679895 
864 303 19 22 0.07561488 
589 188 10 13 0.051654484 
957 253 14 16 0.049736463 
897 229 28 30 0.042933036 
962 270 13 17 0.04055003 
868 225 17 21 0.039932515 
584 217 11 14 0.03942214 
430 167 24 46 0.038749468 
884 294 14 18 0.037482608 
350 185 44 73 0.036793713 
691 213 19 25 0.035398405 
872 215 12 15 0.035343662 
587 230 14 17 0.034212448 
365 140 10 15 0.030691678 
845 182 15 21 0.030612983 
437 167 15 24 0.030545197 
866 329 22 29 0.030272765 
885 265 15 20 0.027592804 
871 240 15 18 0.026762845 
755 421 31 33 0.026274392 
918 230 15 19 0.026152622 
421 180 27 52 0.02595676 
366 190 58 93 0.024163866 
739 398 47 58 0.02283445 
389 210 53 79 0.02243902 
883 244 26 32 0.021756086 
874 248 25 34 0.021750325 
865 292 18 20 0.021740193 
863 239 29 34 0.021572992 
428 245 10 16 0.021355465 
930 275 22 30 0.02134036 
962 258 15 17 0.021337032 
698 221 45 56 0.02041829 
778 492 38 35 0.020337207 
