24_Soldier_Firing_Soldier_Firing_24_10
28
177 176 37 50 0.79594505 
156 289 43 51 0.06607919 
276 206 11 14 0.064706884 
397 207 12 15 0.053697374 
158 183 36 41 0.053587407 
253 228 31 38 0.051711254 
270 208 13 17 0.04451947 
590 368 450 560 0.03755612 
259 228 18 21 0.033718355 
390 206 13 16 0.032791 
286 218 15 19 0.031157807 
267 215 15 19 0.030025365 
260 218 17 18 0.027800538 
127 333 9 11 0.027462017 
280 225 26 33 0.02731589 
505 184 469 559 0.026627773 
382 207 13 18 0.02570914 
239 218 13 18 0.025142467 
273 210 23 28 0.025098182 
139 164 48 66 0.024081128 
-42 201 352 455 0.023350487 
159 196 53 64 0.02308951 
259 237 51 61 0.022818256 
263 202 23 26 0.022516405 
107 410 13 13 0.022050345 
143 415 8 11 0.021802796 
285 232 15 19 0.020741206 
380 7 473 457 0.02037436 
