24_Soldier_Firing_Soldier_Firing_24_372
19
305 143 61 83 0.98002714 
242 414 176 260 0.32855037 
648 243 57 55 0.18117331 
511 20 377 503 0.0420323 
145 323 311 434 0.040802345 
717 193 26 30 0.040453248 
252 105 26 32 0.038125608 
616 275 70 57 0.035041388 
334 32 359 481 0.034702234 
262 100 13 16 0.034692623 
676 25 366 496 0.027434288 
234 158 58 69 0.024913853 
24 178 131 182 0.024740787 
954 0 18 16 0.023983574 
330 165 37 51 0.022999588 
259 118 18 24 0.022980968 
718 140 12 16 0.022093842 
225 113 39 46 0.021622187 
243 111 29 36 0.020542752 
