24_Soldier_Firing_Soldier_Firing_24_67
20
483 206 64 93 0.9850487 
542 115 26 35 0.17446002 
438 301 9 11 0.10727876 
881 229 9 11 0.082069725 
376 252 7 9 0.07134383 
101 174 13 15 0.049889576 
733 -13 176 211 0.049463045 
447 291 46 53 0.04139312 
386 306 15 20 0.041191146 
361 272 30 33 0.03840824 
407 317 11 14 0.03647259 
537 452 106 145 0.035396937 
354 280 42 47 0.030697707 
780 273 27 29 0.030696407 
826 230 12 14 0.029216481 
864 263 9 11 0.022178747 
893 246 9 12 0.022014927 
876 262 14 17 0.021916218 
986 227 14 17 0.020892229 
193 181 11 15 0.020581165 
