24_Soldier_Firing_Soldier_Firing_24_431
68
235 144 42 58 0.9168392 
188 147 60 74 0.30936566 
413 395 12 13 0.17138577 
319 256 38 47 0.12739496 
713 473 17 22 0.10799335 
195 119 61 76 0.08805964 
146 148 47 62 0.07234307 
1014 271 7 10 0.065185316 
503 285 12 14 0.060845893 
450 397 24 28 0.051361077 
806 253 14 17 0.0491736 
994 429 30 35 0.043880265 
957 404 21 25 0.04354875 
445 396 17 18 0.042236354 
810 445 27 28 0.040167198 
738 412 8 11 0.03933987 
616 108 463 479 0.038613856 
576 350 12 14 0.037256084 
522 122 12 15 0.03485717 
430 397 13 15 0.033592958 
206 109 36 51 0.0328589 
705 413 9 11 0.03261489 
736 408 9 10 0.030938197 
467 402 13 18 0.030842751 
494 360 10 12 0.030476246 
853 236 11 14 0.030132592 
678 398 8 11 0.029988823 
735 459 13 15 0.029730815 
777 481 18 21 0.029137041 
437 397 13 15 0.028323602 
333 267 38 50 0.028097799 
922 414 30 32 0.027869012 
970 302 8 9 0.026956895 
719 407 10 11 0.026235096 
733 444 13 15 0.026228493 
828 119 9 11 0.02612697 
409 392 20 22 0.025523935 
588 454 15 18 0.025472818 
496 285 12 14 0.025354702 
734 441 10 12 0.025267478 
429 289 8 10 0.02515559 
956 309 9 10 0.025141604 
1005 293 8 10 0.024499465 
339 297 16 20 0.023860354 
409 391 12 15 0.0237628 
1015 275 8 11 0.023646476 
684 439 10 11 0.023564199 
576 431 9 12 0.023427106 
1007 309 9 11 0.023016784 
324 293 29 32 0.022987759 
958 304 8 10 0.0226341 
742 412 9 11 0.022416787 
823 452 18 20 0.022263225 
725 407 9 11 0.02223107 
202 134 35 51 0.021604793 
964 621 31 33 0.021361494 
639 138 12 14 0.020866742 
535 109 11 13 0.020857556 
698 468 23 28 0.020721767 
829 124 8 11 0.02065268 
462 143 14 18 0.020482183 
651 427 11 13 0.020400146 
468 365 22 26 0.020249985 
952 284 10 12 0.020148953 
534 457 15 18 0.020130066 
364 287 18 23 0.02005288 
479 399 11 14 0.020045735 
419 390 11 14 0.020037819 
