24_Soldier_Firing_Soldier_Firing_24_368
29
390 136 139 159 0.9776278 
445 322 70 78 0.63597333 
583 229 48 67 0.0806609 
833 74 52 78 0.07333541 
739 34 17 22 0.05864338 
598 244 55 76 0.054922193 
599 313 71 88 0.051760517 
815 87 55 80 0.046433512 
807 114 49 69 0.041161735 
37 183 17 21 0.039603677 
871 233 28 36 0.038450323 
601 226 27 38 0.036409363 
401 251 131 134 0.03455262 
-11 111 412 439 0.029662117 
799 388 47 54 0.028362287 
859 447 24 30 0.027382482 
773 113 92 111 0.025285326 
407 127 195 258 0.02381678 
81 124 24 32 0.023535633 
629 227 408 467 0.023108276 
533 72 104 124 0.023073958 
972 524 28 38 0.022808788 
602 269 61 87 0.022758033 
183 211 100 117 0.022249779 
724 121 27 36 0.02182954 
240 245 478 439 0.021700902 
318 68 91 134 0.021329429 
845 456 49 58 0.020985492 
139 264 48 55 0.02088488 
