24_Soldier_Firing_Soldier_Firing_24_601
99
294 320 31 36 0.99967504 
859 303 36 39 0.99967325 
84 313 33 38 0.99885345 
472 305 33 37 0.99818367 
174 323 33 38 0.99733293 
390 308 33 38 0.9973252 
734 321 38 42 0.99593014 
594 305 42 44 0.9690824 
980 293 12 17 0.9175034 
311 291 34 38 0.8757623 
24 327 16 20 0.8159851 
415 285 30 37 0.64380455 
986 334 13 16 0.3645001 
905 322 17 21 0.34435034 
829 327 24 28 0.3166686 
63 316 24 31 0.25766906 
366 477 12 15 0.16753839 
627 299 32 38 0.13449605 
513 302 16 22 0.12601669 
260 341 23 30 0.1253469 
306 489 16 20 0.11923158 
323 479 16 20 0.11780976 
97 473 24 27 0.11228211 
499 471 24 29 0.10826604 
33 484 17 21 0.10790404 
236 494 21 25 0.10781213 
833 323 17 20 0.09839844 
0 341 11 18 0.09411588 
997 332 11 15 0.08009112 
237 306 23 30 0.07850472 
975 339 9 13 0.07116855 
521 291 26 39 0.06865459 
310 480 21 25 0.06688609 
1007 345 7 10 0.06359452 
380 313 28 34 0.061756648 
386 452 12 16 0.061392114 
1007 349 10 12 0.05964938 
489 302 30 34 0.05845358 
636 467 17 24 0.055155113 
204 298 27 27 0.051655836 
986 323 15 18 0.05161502 
987 314 14 17 0.05136716 
505 300 27 36 0.04774404 
432 473 12 15 0.046242405 
985 298 12 15 0.043369155 
997 324 14 18 0.042832468 
397 357 31 37 0.04121088 
227 464 17 20 0.039670255 
1011 380 13 18 0.03771944 
46 360 15 20 0.03704866 
267 333 24 32 0.036782607 
605 291 50 53 0.03614729 
366 499 10 14 0.034847483 
644 291 424 483 0.034482732 
944 301 10 13 0.033957668 
951 332 12 16 0.03337757 
405 473 28 33 0.03289942 
107 456 29 32 0.03173827 
347 484 11 15 0.031504355 
198 474 16 19 0.029941311 
919 306 12 16 0.029376814 
975 383 11 14 0.028643914 
581 318 27 36 0.02848513 
1 336 18 29 0.028010065 
524 455 17 21 0.027825419 
370 315 23 30 0.027526906 
411 481 17 21 0.027442131 
280 328 28 34 0.027116619 
991 372 11 14 0.027076581 
888 313 29 32 0.026937248 
840 332 19 25 0.02664224 
16 318 19 27 0.026154805 
969 338 11 14 0.026124386 
384 468 10 12 0.025244692 
201 489 16 17 0.024519932 
860 416 28 37 0.024312245 
258 339 17 22 0.02412119 
328 284 20 23 0.024092807 
225 308 25 36 0.023712108 
405 313 28 34 0.023672884 
841 324 14 17 0.023395702 
375 508 12 15 0.023153668 
373 482 11 14 0.023049153 
1008 353 11 16 0.02287055 
33 471 22 27 0.022863619 
953 358 9 12 0.022762483 
528 559 25 30 0.022667682 
373 501 11 14 0.022464955 
822 329 17 24 0.022225415 
384 478 9 13 0.022179192 
992 366 10 12 0.021560576 
966 377 9 11 0.021189738 
994 314 15 20 0.020817822 
938 320 15 20 0.02077795 
384 459 11 15 0.02066064 
183 615 48 48 0.020459961 
496 653 21 26 0.020252539 
146 459 15 20 0.02008749 
786 318 25 39 0.020017983 
