24_Soldier_Firing_Soldier_Firing_24_703
21
480 1 70 83 0.99727976 
238 50 70 95 0.9923367 
640 34 63 79 0.9854914 
351 53 68 94 0.98184204 
118 300 14 18 0.08636122 
612 178 28 47 0.05580879 
366 253 40 48 0.051319454 
116 228 52 64 0.04524916 
301 308 11 15 0.0438666 
122 304 15 18 0.036291614 
679 182 42 56 0.033461917 
166 124 70 78 0.030192796 
165 236 41 43 0.02476085 
106 230 39 48 0.024187874 
468 -3 41 40 0.023331357 
371 253 64 64 0.02276056 
197 68 91 123 0.02261228 
590 160 44 65 0.02217985 
144 292 11 15 0.022058822 
358 232 67 63 0.021997431 
133 306 12 17 0.021223182 
