24_Soldier_Firing_Soldier_Firing_24_281
23
244 441 12 16 0.11910733 
717 417 12 16 0.044055972 
207 665 43 48 0.04128461 
190 428 8 10 0.036559228 
270 438 10 13 0.033381496 
897 507 14 17 0.03034271 
141 445 20 26 0.030337952 
58 581 27 36 0.027824558 
223 674 48 51 0.026952542 
185 423 10 11 0.02660236 
241 704 53 53 0.025865521 
836 512 45 49 0.0257921 
191 414 10 12 0.024998114 
200 431 9 11 0.024981353 
589 241 227 273 0.023773167 
485 137 13 16 0.023608284 
179 453 14 17 0.023369271 
894 499 15 18 0.023157995 
148 413 10 12 0.022514952 
201 437 9 11 0.02234259 
182 437 9 11 0.022172652 
36 595 45 51 0.021680145 
91 444 14 16 0.021145752 
