24_Soldier_Firing_Soldier_Firing_24_890
40
748 54 63 75 0.99907506 
61 213 42 54 0.98326576 
43 146 24 30 0.95461005 
132 151 22 31 0.94859 
300 146 24 29 0.90835994 
214 132 24 30 0.8814405 
476 157 19 26 0.74100435 
386 163 20 25 0.7143889 
36 462 13 18 0.29426745 
226 134 16 25 0.22740577 
313 146 16 23 0.13813765 
95 206 26 38 0.1174095 
663 148 11 15 0.1096377 
612 214 16 20 0.09865746 
55 150 16 24 0.05420978 
1 409 15 23 0.051135466 
395 158 16 22 0.050861217 
17 210 25 35 0.04474321 
890 228 44 56 0.043955207 
293 147 17 23 0.039903086 
524 197 11 12 0.034210227 
143 152 16 25 0.034033254 
86 483 46 60 0.03209797 
656 421 9 11 0.028606057 
401 165 14 22 0.026674127 
206 134 19 24 0.025914917 
376 204 35 49 0.0248133 
283 187 39 51 0.02453386 
330 402 40 51 0.02448002 
484 151 13 20 0.023892578 
607 217 23 29 0.023666726 
409 280 9 12 0.023614483 
352 208 26 37 0.022562575 
209 518 10 14 0.021800982 
233 139 16 25 0.021360762 
60 485 47 67 0.021238826 
859 273 18 19 0.02103403 
435 146 16 21 0.020632498 
236 385 42 52 0.020554163 
364 208 31 40 0.020098962 
