24_Soldier_Firing_Soldier_Firing_24_540
29
162 694 90 116 0.9988954 
442 657 93 115 0.9127941 
298 1100 39 39 0.124424115 
114 656 50 44 0.11323818 
314 892 34 37 0.101762064 
294 931 42 46 0.10162873 
748 1057 18 22 0.07649094 
89 723 59 76 0.066830374 
320 1151 55 58 0.06321149 
79 820 60 50 0.060645565 
700 931 47 59 0.058923103 
612 782 18 22 0.051812474 
537 1255 69 66 0.05002071 
326 835 51 62 0.04604215 
444 738 16 18 0.041185584 
659 797 13 18 0.03994688 
116 676 108 104 0.038612 
122 1011 381 498 0.031227097 
549 763 16 19 0.030342583 
138 651 46 43 0.0299289 
615 796 44 49 0.027098265 
572 770 16 20 0.024697784 
734 959 16 25 0.024685632 
74 889 119 109 0.02393539 
484 671 65 85 0.022246815 
67 727 55 68 0.022000797 
157 652 40 34 0.021671027 
443 730 26 30 0.021029085 
297 912 45 48 0.020971421 
