24_Soldier_Firing_Soldier_Firing_24_1037
23
754 128 113 152 0.7219641 
57 275 43 50 0.2677498 
803 114 107 144 0.13113229 
636 472 30 31 0.11517574 
675 406 31 33 0.064203024 
763 391 36 33 0.05788782 
771 79 175 233 0.046361078 
733 356 36 42 0.0430605 
617 522 21 22 0.038649928 
753 379 34 39 0.028742077 
728 395 31 32 0.026883936 
671 403 13 16 0.025836157 
668 467 16 20 0.025450574 
855 392 176 249 0.024574958 
656 478 27 31 0.022980297 
676 395 13 16 0.02230174 
773 398 39 35 0.021088818 
679 477 24 28 0.020935595 
675 381 24 28 0.02051085 
721 377 58 49 0.020465486 
667 474 24 27 0.020341778 
681 424 19 21 0.020315671 
54 266 32 37 0.02009642 
