24_Soldier_Firing_Soldier_Firing_24_95
20
293 39 83 159 0.24507609 
6 126 370 482 0.20867984 
326 485 126 173 0.11006247 
36 461 84 111 0.08304769 
287 137 102 137 0.072378606 
141 244 353 457 0.05731844 
287 93 187 221 0.04528092 
430 162 149 139 0.044913735 
53 617 30 37 0.04408287 
210 14 175 216 0.043146614 
70 458 97 123 0.030644562 
490 24 456 540 0.029868396 
793 370 42 52 0.026298529 
25 464 178 209 0.025000906 
277 341 192 301 0.022513017 
285 155 59 82 0.022506587 
125 612 66 64 0.021891914 
56 241 242 289 0.02068774 
316 171 120 131 0.020361522 
400 130 42 58 0.020329569 
