50_Celebration_Or_Party_birthdayparty_50_283
74
247 372 54 72 0.9990102 
811 180 35 42 0.9979797 
595 309 36 44 0.9978947 
121 458 54 74 0.9978946 
17 462 69 108 0.99574775 
439 270 26 37 0.99361974 
888 295 28 39 0.99092406 
362 354 37 53 0.9908574 
654 168 40 49 0.9787982 
774 482 54 62 0.9458845 
459 314 23 26 0.9418621 
466 353 30 41 0.8905087 
771 332 39 54 0.8148887 
861 455 61 96 0.41024703 
125 105 42 79 0.28619248 
845 439 62 73 0.22569649 
185 115 38 58 0.18290752 
748 296 17 24 0.16063535 
768 463 33 49 0.15564646 
851 233 23 31 0.10389046 
387 241 17 19 0.08131449 
723 302 21 28 0.06958903 
332 468 30 32 0.05973901 
742 481 68 71 0.058969922 
482 258 18 22 0.055226896 
423 247 11 13 0.05277947 
147 480 33 48 0.04844581 
456 190 21 31 0.04812008 
764 329 28 40 0.046968497 
679 526 53 76 0.044408195 
725 232 19 29 0.043338086 
446 353 28 37 0.03843525 
342 243 13 16 0.034916718 
619 188 24 28 0.034281492 
267 253 12 17 0.032150082 
164 127 50 72 0.031841345 
861 231 11 15 0.03115594 
272 400 32 46 0.03093393 
33 203 11 14 0.030731214 
449 129 16 19 0.030312095 
789 239 23 27 0.030145336 
866 425 60 72 0.029741868 
467 195 24 30 0.02936182 
427 276 28 37 0.029329723 
327 238 12 14 0.029120138 
295 236 11 14 0.028787918 
929 359 22 29 0.02873758 
454 199 13 19 0.027736617 
735 301 24 26 0.026775058 
831 426 61 60 0.026736904 
301 238 11 15 0.026452152 
366 218 15 20 0.026089048 
483 183 16 23 0.025374107 
474 185 22 29 0.024826003 
650 322 16 20 0.024194617 
775 430 62 70 0.023715917 
322 245 10 12 0.023261925 
729 312 26 26 0.022771716 
462 208 12 16 0.022606937 
598 462 13 17 0.022368224 
270 358 27 43 0.022357175 
428 251 12 16 0.02231536 
485 211 12 17 0.022144347 
1014 36 11 17 0.021557998 
367 244 10 13 0.021367481 
449 302 36 46 0.021255316 
468 210 25 31 0.020927073 
175 114 65 109 0.020866279 
796 417 56 59 0.020731084 
852 463 39 59 0.020523898 
297 324 10 12 0.020309985 
988 282 14 17 0.0200985 
1008 270 11 15 0.020088887 
283 419 25 37 0.020022415 
