50_Celebration_Or_Party_houseparty_50_749
31
338 108 133 194 0.99924374 
901 1570 37 47 0.9434226 
821 1552 56 72 0.2634304 
1001 442 22 32 0.22277722 
266 745 40 54 0.079952516 
357 332 114 179 0.07681706 
434 481 14 18 0.0742548 
453 486 13 18 0.06362411 
586 348 59 78 0.045313682 
26 538 11 15 0.044867825 
67 783 23 32 0.04447408 
462 461 11 15 0.04344325 
961 466 18 24 0.03410531 
74 596 17 20 0.032766808 
993 401 25 34 0.030047912 
-1 804 8 16 0.029806586 
70 587 30 36 0.02776599 
638 767 388 480 0.02768693 
444 459 109 140 0.027340764 
606 339 16 23 0.027298335 
969 382 27 32 0.027150845 
151 550 44 46 0.026520189 
47 767 24 32 0.025821118 
482 787 193 246 0.02558408 
459 491 15 17 0.024698678 
89 914 12 16 0.024469215 
124 551 12 14 0.023796974 
326 391 45 37 0.021507163 
1003 436 16 20 0.020522239 
16 878 28 34 0.020215765 
952 423 32 38 0.02004049 
