50_Celebration_Or_Party_birthdayparty_50_396
31
711 817 104 129 0.9998504 
190 116 126 167 0.9988317 
165 837 145 207 0.99528813 
760 1041 80 90 0.99272 
166 809 28 37 0.79862976 
731 86 96 122 0.57860345 
915 354 101 150 0.1311325 
692 97 97 118 0.12741913 
355 940 88 128 0.11895288 
739 1007 32 34 0.102043524 
155 820 26 33 0.07239575 
508 1099 127 159 0.057569884 
563 391 112 141 0.050691273 
470 984 44 51 0.048167568 
723 1046 16 21 0.038194176 
563 854 20 29 0.03422666 
547 1115 35 38 0.032433886 
743 40 36 38 0.028496407 
836 276 222 195 0.027977413 
259 109 112 146 0.027012352 
674 120 65 90 0.026839646 
857 1077 51 76 0.026684565 
170 825 20 25 0.026456112 
686 66 178 232 0.02613919 
558 844 13 17 0.026105134 
157 47 387 458 0.025678445 
410 951 86 109 0.025590386 
141 820 24 36 0.025016587 
721 1044 26 33 0.024198472 
588 395 66 72 0.023098882 
544 1107 57 71 0.022014465 
