50_Celebration_Or_Party_birthdayparty_50_170
94
939 243 37 42 0.9626516 
698 103 38 46 0.9610264 
119 463 33 32 0.53570044 
997 514 10 13 0.22863616 
269 332 8 10 0.22801766 
96 470 52 52 0.15553892 
255 356 8 11 0.122781545 
999 469 8 12 0.12257742 
893 568 10 13 0.111677535 
173 502 47 54 0.09245559 
267 328 8 11 0.08985261 
1012 475 10 13 0.084809 
182 459 16 19 0.08387689 
744 151 10 12 0.07603412 
33 466 48 49 0.06683891 
1008 471 9 12 0.06339505 
204 174 9 13 0.06283417 
999 491 12 14 0.059021004 
47 498 33 37 0.05712206 
403 83 27 36 0.0554435 
225 328 7 9 0.05359922 
953 474 9 10 0.051033486 
208 344 8 9 0.049003325 
14 615 33 37 0.04469913 
967 487 9 11 0.044603102 
232 151 7 9 0.044495355 
86 498 52 53 0.042592518 
292 493 16 19 0.04242899 
8 648 109 102 0.041004505 
184 182 8 10 0.04081671 
748 152 10 12 0.03724156 
309 334 9 11 0.03705751 
191 144 9 11 0.03576715 
981 429 9 11 0.03529747 
285 391 7 10 0.03481256 
304 365 9 11 0.03347057 
186 177 7 9 0.033461053 
214 335 8 9 0.033268515 
250 352 9 11 0.032125592 
200 352 8 9 0.03205039 
984 520 10 12 0.031507123 
180 471 49 54 0.031258874 
3 577 108 118 0.0310704 
209 149 11 13 0.030571504 
204 472 18 20 0.029422205 
714 96 28 42 0.029320555 
202 358 8 9 0.028152453 
208 337 8 9 0.027858898 
995 511 10 12 0.027800303 
184 483 18 21 0.027708689 
190 174 8 11 0.027578434 
261 483 17 18 0.027521119 
296 373 8 10 0.027190113 
330 385 8 10 0.0271515 
684 159 13 18 0.027027417 
135 462 28 34 0.026868083 
990 487 10 13 0.026733236 
58 492 51 51 0.026716027 
296 359 8 10 0.02656492 
255 344 8 9 0.026156051 
724 98 15 21 0.02569813 
333 366 10 12 0.025313469 
76 463 24 32 0.025101103 
94 237 9 11 0.02492223 
178 469 26 30 0.024879994 
912 407 11 14 0.024716854 
221 392 9 11 0.024680592 
545 268 25 32 0.024532694 
90 236 9 12 0.023391651 
637 264 10 12 0.023249356 
992 517 10 12 0.02319767 
997 446 8 10 0.023174126 
229 328 7 9 0.022827003 
297 366 8 11 0.022663461 
310 366 8 11 0.022563523 
92 12 12 14 0.022323616 
17 216 7 9 0.02218668 
58 192 6 9 0.022159075 
92 471 32 36 0.021816613 
25 222 8 11 0.021718156 
192 136 9 11 0.021504182 
8 606 54 60 0.02148169 
310 360 9 11 0.02126258 
188 474 28 32 0.021049282 
993 464 8 10 0.020842152 
82 446 84 90 0.020821331 
311 374 8 10 0.0206236 
1007 464 9 11 0.020606034 
228 467 16 19 0.02058545 
72 200 7 8 0.02058446 
842 352 15 21 0.020530742 
174 459 15 20 0.02052453 
392 210 36 42 0.020414468 
818 590 9 12 0.020311326 
