50_Celebration_Or_Party_houseparty_50_33
50
674 57 71 77 0.9936079 
246 99 72 108 0.9862175 
417 298 16 21 0.47971785 
431 307 12 15 0.08278658 
345 516 11 14 0.071626514 
472 356 9 13 0.06923596 
341 484 13 15 0.06635703 
288 490 11 14 0.0653279 
320 502 10 14 0.06480042 
383 219 13 14 0.06258574 
299 534 16 19 0.051369056 
407 248 12 16 0.049536902 
721 365 17 18 0.04951796 
413 332 9 12 0.045121536 
392 383 12 14 0.04492384 
335 417 12 15 0.036678832 
437 337 16 18 0.035242554 
433 357 9 12 0.034087017 
400 436 11 13 0.034029484 
361 485 11 14 0.033727124 
309 477 15 18 0.0328439 
423 300 20 26 0.03222326 
191 165 42 52 0.031211741 
180 216 14 16 0.030014945 
206 216 416 417 0.029566506 
424 404 11 14 0.028264198 
392 350 10 12 0.027670342 
336 478 10 12 0.027317623 
168 235 31 36 0.026799219 
363 222 11 13 0.026448544 
466 358 9 13 0.026435465 
318 547 25 26 0.025206022 
463 364 9 13 0.02465526 
171 311 60 65 0.024187198 
422 383 11 14 0.023744399 
201 209 30 39 0.023607016 
364 228 9 12 0.023569526 
628 84 53 61 0.023170907 
313 386 12 14 0.02230525 
423 333 10 13 0.022297263 
415 355 12 14 0.022246724 
173 219 46 57 0.022141384 
453 324 9 12 0.022005519 
277 526 10 13 0.021276416 
373 382 10 12 0.021180995 
364 361 15 16 0.021130055 
303 482 12 15 0.02059073 
277 586 13 15 0.020459052 
222 179 11 16 0.020438967 
728 430 19 20 0.02030423 
