50_Celebration_Or_Party_birthdayparty_50_75
142
177 599 31 36 0.99907553 
117 605 28 33 0.9979709 
237 454 31 38 0.9975163 
238 384 32 38 0.99489033 
58 459 28 33 0.99342316 
407 201 89 105 0.99054784 
116 383 27 32 0.9857655 
182 386 28 34 0.9751023 
157 473 17 21 0.94191474 
666 126 22 28 0.92260075 
765 471 188 209 0.91937506 
61 389 15 17 0.7787595 
177 471 23 28 0.6863502 
54 529 30 32 0.3915894 
54 599 37 47 0.32486558 
9 129 43 62 0.13739519 
957 399 10 13 0.12874265 
394 534 30 33 0.119653895 
411 460 14 15 0.11084245 
585 391 18 20 0.10374219 
171 480 25 31 0.0987363 
853 502 134 154 0.08921657 
125 470 23 29 0.08047967 
541 470 9 13 0.077084534 
953 399 10 11 0.07510224 
943 428 11 13 0.07325271 
595 203 16 19 0.072723344 
785 413 11 13 0.06508443 
492 413 9 12 0.064977616 
143 489 18 20 0.06274503 
763 435 13 17 0.062348947 
965 398 10 13 0.055224877 
131 475 27 32 0.054523062 
807 381 9 13 0.054264195 
762 425 15 18 0.053257663 
541 463 9 11 0.05191607 
492 611 29 35 0.050667576 
642 183 34 37 0.04985007 
128 317 463 481 0.0477344 
595 387 14 16 0.04766134 
20 441 422 435 0.04711006 
559 461 12 17 0.046593387 
329 519 28 32 0.044877492 
611 465 43 56 0.04421779 
301 475 17 19 0.044183593 
965 485 33 37 0.043486625 
693 452 11 17 0.04265117 
599 383 11 14 0.04251112 
907 401 14 18 0.040522177 
835 385 24 31 0.040510785 
822 399 10 12 0.04023842 
928 392 9 11 0.03977902 
590 474 11 14 0.039150372 
895 366 9 11 0.038395647 
872 364 9 12 0.03832349 
471 460 24 34 0.038221672 
541 392 9 11 0.03741475 
701 437 10 12 0.037087087 
913 507 102 118 0.036838368 
1005 404 12 13 0.036820978 
542 396 10 11 0.036211714 
323 345 48 64 0.036188126 
471 496 25 27 0.035901625 
571 237 48 52 0.035610683 
597 468 12 15 0.03461502 
745 611 11 13 0.03434887 
975 383 9 12 0.034301527 
575 425 12 15 0.033970308 
495 429 12 15 0.033870768 
279 524 28 30 0.033414744 
426 521 29 39 0.03302186 
805 405 163 189 0.031978786 
557 456 22 30 0.030719714 
499 667 28 34 0.030560063 
382 513 50 55 0.030262737 
899 458 18 22 0.029848255 
142 536 32 36 0.029018877 
1000 398 11 13 0.028901016 
48 747 20 19 0.028706037 
982 398 13 14 0.028648358 
537 396 11 12 0.028483683 
405 454 23 26 0.02827248 
352 410 12 15 0.02820905 
951 392 8 10 0.027573172 
604 468 9 13 0.02724512 
510 423 10 13 0.026911898 
695 162 13 16 0.026842125 
794 520 16 18 0.026794972 
944 382 10 13 0.026744988 
912 366 10 13 0.026706306 
885 354 14 19 0.026583167 
895 372 10 12 0.026278395 
937 427 12 15 0.026266715 
873 391 113 135 0.025955584 
567 454 25 32 0.025752438 
369 410 20 21 0.025613083 
724 417 12 17 0.025518661 
975 405 11 14 0.025145613 
719 522 15 18 0.025108246 
302 413 14 16 0.025067696 
701 381 211 262 0.024866784 
685 452 19 27 0.024635738 
502 423 11 15 0.02456174 
149 478 18 22 0.024102107 
989 390 10 13 0.024045585 
471 58 362 479 0.024014741 
432 444 33 40 0.023401912 
983 390 10 12 0.023386858 
598 463 11 13 0.023291426 
41 737 33 30 0.023253197 
758 523 14 16 0.023216862 
508 612 27 39 0.022909634 
936 470 60 66 0.022828992 
966 388 11 13 0.022800606 
351 395 48 61 0.022760052 
918 397 10 13 0.02272138 
163 487 16 20 0.022633571 
618 471 28 34 0.022627434 
505 400 10 12 0.022452375 
392 442 43 50 0.022322267 
844 399 13 18 0.022250097 
395 490 30 33 0.022085734 
173 379 26 32 0.022026327 
316 548 11 15 0.021899084 
694 163 27 30 0.021711377 
143 507 13 16 0.02154457 
932 391 11 12 0.021479024 
974 398 11 14 0.021086235 
158 486 14 17 0.02103881 
938 395 24 30 0.021031054 
974 412 12 13 0.02098069 
648 163 12 13 0.020828906 
784 372 13 16 0.020737182 
669 137 27 34 0.020732332 
181 504 15 18 0.020698128 
944 389 9 11 0.020552605 
184 380 21 24 0.020282764 
2 142 43 83 0.020262953 
728 581 10 13 0.020252854 
274 528 18 19 0.020221176 
594 381 23 28 0.02020552 
154 478 39 47 0.020007381 
