50_Celebration_Or_Party_birthdayparty_50_43
46
521 256 36 45 0.9993936 
625 405 45 57 0.9991265 
640 255 37 43 0.99896955 
582 41 37 45 0.9985209 
461 96 35 43 0.99815387 
754 242 37 47 0.9981188 
395 261 39 48 0.9971228 
205 267 46 56 0.996626 
484 444 46 55 0.9958379 
715 95 35 43 0.9949886 
772 414 44 52 0.99203604 
298 112 40 49 0.9898449 
353 418 44 51 0.9890463 
202 75 39 47 0.9739891 
209 156 20 22 0.60915774 
625 546 19 23 0.6050521 
793 546 20 24 0.58393127 
733 568 15 20 0.24901776 
464 175 11 13 0.245647 
394 316 26 29 0.2020081 
322 328 26 34 0.06787009 
195 387 22 25 0.05834703 
518 185 12 14 0.055695117 
361 495 24 28 0.043526076 
536 444 39 52 0.043029875 
645 217 18 23 0.037576996 
715 155 13 17 0.03560243 
682 432 23 31 0.034729976 
762 202 28 32 0.03437866 
537 126 9 13 0.03214668 
327 75 15 18 0.030652994 
526 421 35 37 0.030144604 
663 131 15 18 0.02985567 
182 465 110 134 0.02880868 
704 515 14 18 0.027732566 
520 309 23 26 0.027685547 
523 187 13 15 0.026406504 
488 215 10 13 0.026356062 
664 506 18 21 0.025067382 
733 558 16 20 0.024360351 
679 598 10 12 0.023075007 
695 538 11 14 0.02151524 
154 202 9 13 0.021166489 
421 393 494 576 0.02094486 
152 147 12 16 0.020638837 
708 539 21 30 0.020636326 
