50_Celebration_Or_Party_houseparty_50_735
18
187 53 389 494 0.99976283 
26 605 368 496 0.16376743 
668 465 119 98 0.13897748 
902 887 113 120 0.097117774 
931 905 66 72 0.08671481 
677 633 46 49 0.08038399 
781 740 120 136 0.041506253 
931 907 36 41 0.0366774 
136 871 160 154 0.034245443 
99 79 288 449 0.032838367 
965 950 38 43 0.030698529 
640 424 198 222 0.030472104 
669 460 78 66 0.030158916 
332 -56 423 528 0.029826723 
649 675 69 102 0.028529948 
335 1046 471 497 0.020475687 
654 617 93 112 0.02022105 
793 747 182 250 0.020176036 
