50_Celebration_Or_Party_houseparty_50_609
422
215 348 66 79 0.9991535 
213 214 32 43 0.9975095 
287 245 43 54 0.9959622 
412 234 26 36 0.99549747 
126 236 31 40 0.9884741 
144 259 39 46 0.9841584 
996 254 28 46 0.983536 
890 175 19 25 0.9804365 
843 194 21 28 0.9796341 
474 179 27 37 0.9661745 
87 223 24 36 0.96571857 
306 327 50 80 0.9350271 
635 167 15 20 0.9244987 
802 214 18 24 0.9118407 
820 166 12 15 0.9010428 
769 188 20 26 0.89783 
599 251 33 50 0.82249576 
675 193 20 29 0.8000882 
70 344 44 63 0.74214256 
541 277 46 50 0.7214167 
532 126 11 14 0.7069834 
834 172 12 16 0.70344603 
740 152 15 20 0.66329134 
223 193 23 29 0.65737414 
995 121 12 16 0.59486187 
786 156 13 16 0.5712364 
872 171 13 17 0.5648592 
446 121 14 18 0.5443881 
723 242 27 35 0.53453225 
710 190 17 21 0.5248162 
445 164 16 21 0.5232084 
833 134 11 14 0.51355916 
853 233 16 23 0.5122793 
660 260 32 39 0.46901372 
519 157 13 16 0.4458604 
954 191 23 28 0.40669796 
572 148 12 16 0.4018762 
403 146 11 16 0.3980957 
423 54 9 13 0.39514893 
175 168 10 14 0.35673633 
360 178 14 18 0.3558819 
156 187 18 19 0.33870888 
276 188 23 27 0.29721746 
569 258 41 55 0.2819977 
810 192 15 19 0.2582708 
872 280 29 45 0.24756587 
273 179 16 20 0.22102231 
657 256 19 21 0.22022663 
524 176 17 23 0.21548228 
588 168 13 17 0.21307275 
138 222 30 32 0.20942684 
880 154 12 16 0.20819306 
330 200 20 27 0.1822741 
929 126 11 14 0.18140925 
599 225 21 31 0.17819478 
712 272 44 63 0.16977192 
858 228 22 28 0.16495416 
486 181 26 36 0.16323733 
537 153 15 18 0.16060682 
190 179 15 19 0.16026466 
360 195 12 15 0.15357731 
578 125 12 17 0.15326998 
599 144 13 20 0.14973396 
548 165 12 15 0.14892003 
604 141 11 17 0.14686272 
795 178 15 19 0.14618225 
713 286 58 95 0.14516014 
537 215 36 40 0.14122902 
524 152 13 16 0.1396645 
615 260 26 39 0.13944124 
892 140 11 15 0.13277772 
182 212 17 24 0.13236174 
287 335 50 78 0.13007636 
456 56 10 13 0.12753569 
847 134 9 12 0.12753117 
480 127 11 13 0.12367247 
889 135 10 12 0.12331081 
450 128 14 18 0.121373795 
798 184 20 25 0.11899984 
388 191 17 22 0.11554139 
539 202 18 21 0.112540446 
457 180 25 35 0.109551154 
651 145 16 21 0.10928536 
298 29 14 19 0.10841296 
325 158 9 12 0.107320815 
364 24 13 18 0.106050186 
291 172 15 17 0.1046801 
626 272 15 20 0.10421482 
357 181 19 27 0.101685315 
668 75 11 16 0.100927085 
987 135 15 19 0.09778732 
331 38 13 18 0.09383147 
375 149 10 12 0.093211286 
772 134 9 12 0.092888035 
469 148 12 17 0.09184512 
157 194 22 25 0.08828997 
956 205 17 23 0.08812255 
439 117 13 18 0.088037856 
372 376 110 130 0.08790234 
535 202 30 35 0.08786325 
647 121 13 17 0.08543903 
975 232 14 21 0.08471048 
47 201 22 32 0.08384897 
409 132 10 14 0.08369241 
423 47 10 14 0.082786664 
447 188 13 18 0.08186657 
360 42 13 17 0.07952105 
587 68 11 14 0.07928797 
537 130 13 17 0.07879716 
681 262 17 28 0.07829249 
518 66 10 14 0.07710776 
348 227 16 23 0.07685697 
366 146 11 14 0.076768585 
746 149 15 20 0.074549526 
643 199 15 20 0.07399836 
884 149 11 14 0.07398436 
542 162 14 18 0.07396961 
361 23 10 14 0.07315967 
432 118 12 17 0.072867796 
265 22 16 21 0.07280724 
278 177 21 24 0.07273046 
867 226 17 22 0.07137505 
756 195 26 32 0.07127829 
223 149 9 12 0.070987605 
567 143 10 14 0.070869304 
339 160 16 19 0.07042656 
340 187 13 17 0.06939516 
138 199 15 20 0.06932558 
147 218 20 22 0.06860477 
397 238 29 34 0.06851129 
599 190 12 17 0.067534976 
447 55 9 12 0.06751823 
828 225 15 21 0.06705274 
550 69 9 12 0.065820634 
623 74 13 17 0.06521377 
421 156 24 33 0.065164074 
265 185 13 18 0.06515682 
733 158 16 21 0.06488408 
145 197 23 26 0.06358691 
741 142 12 16 0.06278444 
347 145 14 17 0.061959404 
392 47 11 15 0.06152896 
702 194 17 20 0.061158612 
239 11 16 19 0.060245153 
414 63 10 13 0.058525674 
97 225 24 36 0.05735958 
596 37 11 15 0.057165958 
129 230 20 23 0.056498677 
796 164 12 14 0.056422062 
422 39 9 12 0.056023028 
703 117 12 16 0.055824813 
175 166 19 25 0.054502454 
989 126 19 25 0.0543434 
801 122 11 14 0.053266052 
995 196 29 41 0.0531649 
908 182 21 27 0.053134896 
776 249 21 27 0.05310407 
746 187 16 22 0.053021956 
337 194 15 21 0.05300918 
531 188 24 31 0.05282767 
878 492 52 60 0.05122526 
448 183 21 29 0.05070914 
152 187 14 16 0.050376736 
686 193 21 29 0.050243337 
668 202 18 25 0.04996169 
351 202 11 16 0.04943106 
729 235 19 24 0.049187537 
659 126 15 19 0.048626695 
485 162 14 17 0.04837258 
323 176 14 19 0.04831548 
818 195 12 17 0.04790702 
364 33 13 20 0.04789168 
1001 121 14 17 0.04788811 
342 180 14 18 0.047494773 
380 150 11 13 0.047415525 
518 52 10 12 0.047123216 
925 155 13 16 0.04698948 
828 168 12 15 0.046868056 
649 194 22 28 0.04646574 
896 539 101 106 0.04565855 
181 155 13 17 0.044649675 
359 165 12 15 0.04464691 
846 165 12 14 0.044551056 
707 123 13 17 0.04436408 
511 50 12 15 0.0441231 
453 92 10 12 0.043823656 
341 168 17 20 0.0435446 
428 47 11 13 0.04304789 
270 163 10 12 0.042916346 
747 193 23 30 0.042800292 
357 200 14 18 0.04276461 
734 139 13 17 0.042166956 
577 146 14 19 0.042037256 
644 252 38 50 0.041910972 
400 152 12 16 0.041773017 
588 205 11 15 0.041633576 
105 237 35 48 0.04158394 
769 240 23 27 0.041285902 
575 235 13 20 0.0411645 
427 51 11 15 0.04110341 
658 136 16 23 0.04103091 
381 194 16 19 0.040911425 
519 35 10 13 0.04079554 
393 186 14 20 0.04078758 
544 75 9 13 0.04073875 
348 257 16 23 0.040613916 
560 135 10 13 0.039610397 
596 236 26 40 0.03949503 
337 257 26 36 0.039361645 
917 222 25 31 0.039302997 
323 162 12 17 0.03925785 
868 216 23 27 0.039134964 
494 54 11 13 0.039067756 
623 166 21 26 0.037964724 
518 182 16 22 0.03783877 
500 69 13 16 0.037548225 
853 132 9 12 0.037546605 
462 152 15 21 0.037333913 
359 141 13 17 0.03718062 
577 119 10 13 0.037062157 
215 164 9 12 0.03680393 
584 62 10 14 0.036771614 
649 121 20 24 0.036688928 
396 169 15 19 0.036637146 
582 73 12 16 0.03658835 
446 112 11 14 0.036305767 
182 183 15 20 0.0362282 
564 213 13 15 0.03619508 
345 195 20 28 0.036165487 
529 259 37 54 0.035957024 
488 47 9 12 0.03585922 
793 156 13 17 0.035709236 
875 165 14 18 0.035581347 
844 137 12 16 0.035335008 
747 178 16 20 0.035070088 
868 489 41 48 0.034845494 
60 310 54 79 0.03483095 
898 177 20 26 0.034798313 
586 209 14 22 0.034765575 
617 217 25 32 0.034691613 
628 71 10 14 0.034686647 
738 159 22 27 0.034660418 
565 134 10 13 0.03452064 
222 199 31 42 0.034394883 
54 357 43 48 0.03434077 
453 156 21 29 0.034339745 
714 228 18 22 0.034213997 
804 199 21 27 0.03393815 
638 197 14 18 0.033701338 
445 58 12 17 0.033555053 
72 227 27 31 0.033523835 
446 135 16 18 0.033347383 
511 36 12 15 0.033342026 
643 148 19 27 0.033339676 
451 272 18 20 0.03332575 
610 226 15 22 0.03320874 
753 154 14 18 0.03309167 
137 204 24 29 0.032609098 
574 77 11 14 0.03236229 
162 180 17 22 0.032186896 
588 217 22 33 0.032077592 
660 191 23 30 0.03193286 
455 64 11 15 0.031892374 
389 34 11 15 0.031788576 
230 91 11 13 0.031756867 
347 176 16 21 0.03172945 
412 41 14 17 0.031543344 
553 163 14 17 0.03151599 
918 165 14 17 0.031425882 
239 160 10 12 0.031381097 
525 59 14 17 0.03132411 
206 175 10 13 0.03098555 
520 179 25 34 0.030922402 
287 168 11 14 0.03089459 
448 48 9 11 0.030844724 
512 68 10 14 0.030814672 
339 146 21 26 0.030760447 
549 46 10 13 0.030757803 
550 51 10 13 0.030752387 
529 121 11 15 0.030554729 
477 125 19 23 0.030519769 
314 630 42 44 0.030421104 
203 178 11 15 0.030268863 
10 344 51 62 0.030184362 
453 85 10 14 0.030173982 
573 69 11 14 0.030017037 
736 189 22 31 0.029713005 
591 195 13 16 0.029655678 
529 237 35 43 0.02952561 
481 170 17 20 0.029397452 
456 46 9 12 0.029094832 
335 155 13 18 0.028419774 
317 197 26 38 0.028276812 
846 147 12 15 0.028246406 
358 155 13 17 0.028127082 
367 189 22 28 0.027892081 
1006 147 13 17 0.02782075 
727 141 12 16 0.02778014 
444 169 21 28 0.027723651 
134 236 47 54 0.027672444 
848 129 8 11 0.027669199 
591 41 12 15 0.027623635 
587 189 21 28 0.027565297 
570 203 25 33 0.027216839 
430 108 10 14 0.027189828 
614 170 13 17 0.02716563 
610 137 14 19 0.027146216 
330 175 21 28 0.02710029 
727 161 15 19 0.027056286 
338 91 13 18 0.027053276 
549 157 13 17 0.02704989 
844 170 13 16 0.026985448 
723 191 14 22 0.02692307 
599 187 21 27 0.026922796 
789 172 16 20 0.026914615 
752 230 26 25 0.026897375 
791 184 15 20 0.026883524 
711 261 34 45 0.026768213 
640 123 12 16 0.026674664 
322 186 23 32 0.026538871 
166 200 23 30 0.026498623 
504 180 25 32 0.026474375 
809 1 28 32 0.026385093 
404 34 23 26 0.026340602 
579 135 14 20 0.026277462 
698 198 25 30 0.026184876 
740 227 15 18 0.026157647 
551 64 8 12 0.026093522 
198 176 11 15 0.02607574 
942 198 24 33 0.025932822 
472 150 20 27 0.02575535 
394 179 16 19 0.025556201 
607 232 32 45 0.025327953 
894 511 59 65 0.025196802 
35 204 27 37 0.02504115 
289 85 10 13 0.024966894 
576 218 22 34 0.024965208 
557 194 15 16 0.024829617 
301 359 56 86 0.024825698 
729 265 33 46 0.024800325 
546 196 15 18 0.024701612 
614 126 10 13 0.024692854 
754 209 26 31 0.024683665 
865 233 25 30 0.024567923 
910 173 12 16 0.024372026 
209 167 9 12 0.02414221 
449 101 9 12 0.024053771 
515 220 15 21 0.024041086 
733 138 20 28 0.024039106 
549 40 10 11 0.023980467 
568 233 24 31 0.02388038 
500 61 11 13 0.023878055 
664 79 11 16 0.023769824 
645 139 17 22 0.023758642 
147 192 17 20 0.02369668 
275 19 17 20 0.023680536 
447 278 23 30 0.023660876 
765 182 16 20 0.023637947 
437 54 13 15 0.023601588 
512 161 13 19 0.023586245 
590 140 12 19 0.023354577 
555 226 28 34 0.023317685 
584 45 10 13 0.023288954 
451 54 19 24 0.023279365 
435 155 24 31 0.023234138 
18 319 57 61 0.0230595 
362 141 19 24 0.023003371 
75 230 40 49 0.022997977 
614 132 12 16 0.02296823 
541 39 11 13 0.022918167 
636 206 18 23 0.022891514 
302 18 22 28 0.022874186 
581 225 13 20 0.02287372 
551 205 30 34 0.02283253 
611 66 15 19 0.02277844 
602 149 15 20 0.022752825 
562 189 13 15 0.022749258 
785 243 16 21 0.022730269 
360 134 10 13 0.02252709 
962 212 16 22 0.02247492 
665 37 108 133 0.02228897 
821 146 13 16 0.022265868 
800 13 32 40 0.022196649 
799 138 12 16 0.022148073 
776 161 13 17 0.022140848 
292 4 12 14 0.022132654 
746 169 16 19 0.022034114 
430 57 12 16 0.021991955 
568 69 11 13 0.02197676 
233 189 15 19 0.021927822 
516 170 17 23 0.021870004 
493 46 11 14 0.021817815 
989 184 30 39 0.021700857 
606 134 12 17 0.021667238 
168 169 14 18 0.021631625 
300 83 14 16 0.021585383 
444 67 12 15 0.021583298 
322 151 18 25 0.021545952 
658 169 16 20 0.021412138 
512 61 11 14 0.021397924 
455 134 20 28 0.0213429 
225 191 13 16 0.02131629 
773 185 13 17 0.021258084 
523 197 26 33 0.021205738 
532 134 21 25 0.02110917 
766 135 14 19 0.02100843 
597 65 16 18 0.020936484 
818 230 24 31 0.020923581 
556 203 14 16 0.020818803 
661 70 19 26 0.020731585 
779 385 39 37 0.020709433 
488 52 10 14 0.020687116 
608 125 11 14 0.0206271 
545 242 49 60 0.020416325 
542 49 13 16 0.020375218 
277 198 25 33 0.020216726 
277 166 11 13 0.020198077 
540 215 17 20 0.020166771 
920 152 21 27 0.020067427 
195 176 21 26 0.020008178 
630 123 12 15 0.020004578 
247 14 23 27 0.020000571 
