50_Celebration_Or_Party_houseparty_50_788
32
658 100 35 37 0.9947332 
84 80 38 47 0.99011606 
246 114 39 47 0.98951083 
409 112 42 47 0.9870569 
762 147 31 39 0.9725834 
544 137 31 38 0.9698075 
930 153 33 39 0.48983833 
455 325 32 41 0.27706555 
930 171 30 32 0.15840703 
110 61 36 42 0.12928356 
457 236 23 31 0.10145196 
818 118 25 32 0.08039004 
306 361 37 61 0.06688349 
839 133 31 38 0.052193783 
369 440 47 55 0.043374147 
203 115 17 24 0.04067196 
628 129 36 48 0.038029067 
776 148 28 35 0.034126993 
548 135 16 20 0.031441417 
827 204 41 53 0.030792998 
101 80 36 45 0.029667119 
57 0 17 17 0.028592281 
211 115 17 24 0.026544569 
554 353 45 49 0.026536388 
151 112 25 33 0.026230244 
603 158 16 22 0.025954094 
203 364 39 50 0.025904125 
590 143 26 39 0.025439005 
563 148 29 35 0.025400182 
490 215 33 42 0.024823345 
222 368 29 32 0.024637386 
123 77 20 24 0.021959752 
