50_Celebration_Or_Party_birthdayparty_50_464
23
277 419 132 156 0.99992895 
316 105 361 434 0.21191938 
541 428 14 18 0.19223674 
545 475 14 18 0.181779 
138 428 16 18 0.106382936 
478 54 433 490 0.08459551 
-54 158 423 498 0.04951146 
567 512 13 19 0.0492104 
142 380 16 20 0.048529096 
567 446 13 17 0.047108497 
545 720 48 53 0.046709836 
482 386 15 21 0.037830867 
124 625 50 66 0.034240674 
843 162 41 51 0.032761656 
486 410 17 21 0.03184439 
184 13 370 502 0.030967101 
167 491 17 20 0.02928374 
496 478 17 19 0.029258136 
183 419 15 20 0.027133953 
155 540 15 18 0.023038495 
639 160 262 305 0.022984304 
339 334 34 33 0.021822529 
519 523 17 20 0.021342782 
