50_Celebration_Or_Party_birthdayparty_50_134
194
854 284 30 35 0.99840814 
11 335 21 27 0.8712999 
616 311 9 11 0.86845505 
83 354 14 19 0.5348958 
551 314 13 15 0.52014184 
559 344 13 17 0.45510036 
798 302 10 12 0.4443002 
540 349 11 14 0.33285737 
581 317 10 12 0.32920718 
883 357 114 155 0.3139122 
650 303 10 12 0.29029784 
597 332 10 14 0.2694924 
497 334 8 10 0.26254594 
503 335 9 10 0.24418809 
578 311 10 12 0.2093937 
598 351 10 14 0.20474046 
423 341 8 10 0.19718352 
485 321 7 10 0.19265859 
804 353 22 29 0.17953908 
547 321 14 17 0.17934243 
572 528 14 17 0.17835398 
760 303 11 13 0.16058087 
609 347 9 14 0.15680806 
743 304 10 12 0.1457238 
479 332 11 12 0.14315316 
481 324 10 12 0.13761194 
724 295 10 12 0.12961507 
442 350 8 9 0.12892172 
446 350 8 10 0.12802486 
640 308 9 12 0.12179389 
490 575 44 51 0.11546544 
543 330 11 13 0.11504409 
448 344 8 10 0.11180169 
928 336 19 24 0.11176282 
576 323 11 14 0.10806945 
434 364 9 11 0.0993666 
509 341 8 11 0.09928265 
430 343 8 11 0.09899785 
566 521 24 28 0.096781336 
509 336 7 10 0.09456407 
422 338 7 9 0.08845326 
574 519 11 12 0.085527316 
529 334 8 11 0.08185979 
738 308 10 12 0.07816993 
548 331 13 15 0.07738861 
873 312 22 31 0.07608208 
552 341 13 15 0.07530789 
504 338 10 13 0.07208894 
450 567 52 61 0.071965665 
894 336 24 31 0.068445936 
453 344 8 9 0.06820662 
486 332 10 14 0.06623799 
558 509 8 10 0.06394586 
589 554 55 74 0.063856885 
736 303 9 11 0.061237343 
592 354 14 15 0.0608305 
806 310 10 13 0.060767546 
578 525 13 16 0.05909998 
471 336 10 12 0.058898766 
440 344 7 9 0.057216372 
628 348 12 16 0.05658012 
417 351 8 11 0.05494208 
555 321 12 16 0.054288507 
574 342 10 14 0.054143455 
550 592 36 37 0.05398401 
807 315 10 14 0.053677678 
86 371 12 15 0.053177353 
631 391 27 32 0.053046376 
923 315 12 14 0.05273443 
419 341 7 11 0.05217909 
422 348 9 11 0.051654227 
749 304 10 12 0.051512323 
119 415 10 13 0.049351048 
486 341 10 13 0.04871087 
792 304 11 15 0.04689819 
541 342 13 16 0.046741508 
587 638 16 21 0.04665791 
387 366 10 14 0.04643103 
591 326 10 14 0.04616594 
409 368 7 10 0.045416765 
611 341 11 16 0.0451322 
567 536 12 16 0.04513138 
88 361 15 17 0.044395447 
707 301 11 12 0.04294493 
0 345 12 18 0.04162723 
631 354 11 14 0.041245487 
478 341 11 14 0.040844597 
476 506 11 13 0.040680338 
554 509 8 10 0.040602997 
721 332 13 18 0.04000137 
601 502 8 10 0.039996617 
22 369 14 21 0.03997675 
553 505 8 9 0.039774265 
606 326 10 15 0.039732754 
596 516 12 13 0.039429996 
384 350 8 10 0.039397113 
397 537 96 115 0.038962796 
652 316 12 15 0.038479697 
803 339 14 18 0.03819044 
446 356 9 10 0.038173478 
503 349 11 14 0.037850432 
599 311 10 12 0.03780914 
547 545 89 103 0.03779048 
484 346 13 16 0.03751796 
24 337 13 20 0.037239738 
494 338 11 14 0.036220856 
555 509 44 61 0.03618605 
562 525 10 14 0.035813298 
528 339 10 13 0.03550609 
438 359 10 12 0.035420537 
568 511 8 10 0.035396904 
612 329 13 17 0.035283014 
929 332 30 39 0.035009913 
509 349 11 14 0.03487856 
442 336 8 10 0.034331575 
775 322 13 17 0.03395176 
477 345 15 17 0.033663835 
550 346 12 16 0.03350401 
621 316 10 12 0.03290542 
407 373 7 10 0.03279968 
581 348 10 14 0.032559514 
534 566 58 66 0.032527443 
534 333 10 13 0.032061733 
504 562 54 64 0.031923264 
614 305 16 23 0.03188713 
817 361 13 19 0.031315114 
634 308 9 10 0.03090633 
516 390 10 12 0.030839074 
646 296 18 24 0.030809661 
219 118 63 75 0.030619537 
910 335 24 28 0.030523563 
579 629 27 34 0.030448448 
534 342 12 15 0.03044577 
446 337 8 10 0.030267445 
873 293 16 23 0.03025202 
606 535 12 14 0.029958585 
446 366 8 9 0.029909167 
567 324 12 15 0.029702095 
559 505 8 9 0.029249845 
593 512 9 11 0.028515976 
771 362 11 15 0.028252533 
586 578 14 18 0.028119868 
556 335 12 15 0.02804684 
142 389 14 17 0.02740879 
429 349 9 10 0.027298981 
615 356 9 12 0.027231079 
881 316 24 31 0.027137894 
798 358 18 22 0.027039304 
508 354 13 16 0.026979618 
85 346 21 28 0.026764486 
793 297 18 22 0.026472619 
644 335 11 12 0.0264325 
799 346 14 17 0.026340002 
414 365 9 12 0.025772458 
112 412 10 13 0.025652692 
750 316 11 15 0.025483614 
400 375 9 10 0.025223058 
116 388 13 16 0.025075026 
629 325 10 13 0.024967857 
750 324 15 18 0.024795631 
464 357 9 11 0.024775973 
494 349 10 13 0.024652442 
42 403 15 20 0.024378387 
630 321 8 10 0.02414163 
597 509 11 13 0.023877807 
447 374 8 12 0.023637936 
465 340 8 12 0.023047684 
463 563 12 15 0.022765286 
446 496 11 15 0.022614615 
756 378 21 28 0.0223715 
718 328 11 14 0.022324558 
639 339 11 15 0.02228528 
578 517 26 32 0.021649268 
573 512 9 10 0.02160876 
4 334 18 24 0.021534916 
550 526 10 12 0.021517843 
595 358 15 18 0.021517782 
472 348 10 13 0.02139714 
517 349 10 13 0.021327624 
593 564 33 39 0.021220893 
605 355 10 13 0.02121146 
93 405 9 12 0.021119835 
917 317 24 28 0.02104554 
487 366 9 11 0.020941801 
567 504 8 11 0.02093452 
548 354 13 16 0.020872207 
452 348 10 12 0.020720843 
426 564 53 70 0.020598559 
576 314 18 23 0.020551555 
400 366 9 12 0.020363683 
726 309 9 12 0.020198276 
544 525 9 12 0.020174164 
610 311 8 11 0.02016101 
915 305 23 27 0.020024132 
