50_Celebration_Or_Party_houseparty_50_282
31
322 231 41 49 0.99857557 
47 243 46 73 0.9983486 
645 195 52 64 0.9975077 
423 153 38 46 0.9904384 
623 134 30 45 0.9893063 
166 248 45 58 0.9835656 
791 164 63 84 0.857329 
927 214 53 64 0.73469746 
499 524 19 21 0.38107073 
927 102 37 44 0.34321946 
951 221 39 43 0.28466603 
203 253 31 40 0.08676361 
917 91 32 45 0.051458858 
609 146 36 43 0.050061353 
504 525 27 32 0.042854026 
552 178 12 16 0.04262519 
542 197 13 16 0.035826262 
552 453 28 35 0.034129884 
375 226 18 23 0.03339891 
74 215 30 38 0.032695048 
932 180 66 81 0.03246665 
498 201 31 32 0.031199344 
533 178 10 13 0.030788464 
217 263 18 25 0.030124051 
565 293 15 19 0.027715728 
11 257 31 50 0.02603877 
62 377 106 128 0.02586463 
800 322 32 49 0.024467828 
107 430 60 71 0.022057666 
198 302 51 62 0.021949252 
631 172 50 64 0.02149534 
