50_Celebration_Or_Party_houseparty_50_19
73
522 397 35 47 0.9979061 
653 444 29 44 0.97856915 
132 374 45 56 0.9715575 
454 423 19 27 0.93778956 
866 428 39 51 0.93491226 
210 415 33 54 0.71794313 
404 433 23 35 0.681734 
768 430 22 29 0.615486 
709 481 18 22 0.25193903 
75 1 448 477 0.20912802 
747 492 13 17 0.16783403 
29 76 89 145 0.15477376 
778 436 19 23 0.14117038 
598 352 21 26 0.1220359 
386 430 35 46 0.11712872 
265 478 14 16 0.102824815 
620 379 16 18 0.09964996 
151 373 33 44 0.096512645 
662 463 27 43 0.08939066 
545 458 30 39 0.0778514 
414 424 26 40 0.07525317 
623 357 10 12 0.07309085 
671 278 21 30 0.07292475 
677 487 15 23 0.060013495 
703 482 15 18 0.059113007 
121 85 255 334 0.054326613 
396 435 19 26 0.05296003 
114 261 16 19 0.05103912 
647 352 10 13 0.041922756 
115 288 32 39 0.041329708 
379 437 27 33 0.040168967 
693 469 9 13 0.039961804 
591 368 13 19 0.03928352 
473 426 24 31 0.03847374 
592 360 22 26 0.037350405 
62 330 16 21 0.03277225 
158 387 34 52 0.032756772 
448 350 18 21 0.03196112 
144 399 36 54 0.031771995 
679 350 10 12 0.031552915 
660 358 12 15 0.030980168 
753 509 9 13 0.030875385 
172 375 16 22 0.02965085 
654 333 9 11 0.029311633 
610 361 15 19 0.027122587 
639 349 10 13 0.026899608 
723 352 11 11 0.026691923 
745 487 12 15 0.02656556 
702 294 11 15 0.026564708 
411 463 14 19 0.026303075 
721 483 12 17 0.02614999 
683 289 13 18 0.025716608 
630 349 10 14 0.025625307 
612 350 12 16 0.025317824 
79 184 197 262 0.024302788 
463 378 30 34 0.02425761 
687 468 11 15 0.024056206 
693 479 22 28 0.023896642 
166 375 29 39 0.023550894 
228 425 26 38 0.023407668 
695 483 12 17 0.022623084 
108 367 29 44 0.022406852 
422 419 28 36 0.022243872 
636 341 10 13 0.021908144 
467 428 18 25 0.021837914 
668 308 10 13 0.02181081 
581 360 13 18 0.02179775 
766 445 25 33 0.021660874 
683 484 15 22 0.021608265 
121 374 33 47 0.021035677 
653 479 26 38 0.020320965 
750 490 22 29 0.02023344 
664 309 9 13 0.020232163 
