50_Celebration_Or_Party_houseparty_50_715
788
808 557 11 15 0.59636414 
732 601 14 18 0.27151296 
835 565 13 15 0.26659963 
24 484 12 15 0.25604898 
607 570 14 18 0.24864124 
520 572 12 15 0.2383214 
253 598 15 19 0.22806168 
670 556 11 15 0.22743407 
805 645 13 17 0.22684881 
702 599 12 15 0.2242661 
526 595 13 16 0.22138652 
887 524 10 12 0.21264635 
614 542 13 15 0.20858613 
781 579 12 15 0.20607178 
690 582 12 15 0.19619417 
696 503 9 12 0.19236168 
855 550 11 13 0.18848811 
630 564 13 17 0.18568355 
670 603 13 16 0.18339123 
378 542 8 11 0.17610441 
800 532 11 13 0.16413794 
94 530 14 18 0.16163413 
799 527 10 11 0.15987109 
837 559 11 13 0.15449437 
360 648 12 17 0.1518547 
61 493 9 11 0.15160616 
918 583 14 18 0.147995 
675 555 12 14 0.14495653 
794 602 15 18 0.13984877 
774 580 12 16 0.13854209 
832 589 11 14 0.13846181 
262 638 12 17 0.13756536 
191 512 11 13 0.13716455 
727 570 11 15 0.13653535 
150 534 10 14 0.13210745 
240 485 9 13 0.12823899 
160 529 12 17 0.12520796 
595 557 12 15 0.121881925 
673 495 7 9 0.11497949 
284 587 13 17 0.11434185 
652 578 12 15 0.11348668 
595 595 13 16 0.113280006 
415 548 8 10 0.112511255 
695 597 13 16 0.11109717 
122 477 8 10 0.108590506 
793 542 10 12 0.108298905 
678 534 12 15 0.107316405 
558 578 12 15 0.105415724 
844 566 13 15 0.10201325 
528 541 10 13 0.10075132 
653 554 11 15 0.100449465 
71 475 9 13 0.097632274 
723 494 8 10 0.09744604 
663 602 12 15 0.09723679 
733 564 11 14 0.09705658 
655 512 9 11 0.095055126 
751 602 12 16 0.09435384 
29 479 11 14 0.09342126 
207 497 11 12 0.092777684 
419 595 13 16 0.08812264 
95 585 14 20 0.087920785 
150 545 12 17 0.08741089 
148 472 9 11 0.08533516 
717 589 10 13 0.08375212 
783 556 10 13 0.08373761 
57 469 8 11 0.08367618 
726 543 10 13 0.08340493 
695 556 12 15 0.08232116 
127 512 11 12 0.08080254 
261 472 8 10 0.08014478 
104 470 9 11 0.07850625 
845 535 9 12 0.078253835 
58 532 16 18 0.07768062 
838 539 10 12 0.077503234 
162 470 8 10 0.07705852 
812 579 11 14 0.07668085 
86 462 9 11 0.07564165 
831 549 9 12 0.07489166 
132 516 12 15 0.074277274 
369 560 8 10 0.07406959 
539 563 12 17 0.07264565 
584 502 11 12 0.07238029 
144 476 9 10 0.07193982 
501 134 26 31 0.070861995 
120 515 12 14 0.070741385 
608 548 11 14 0.07070076 
145 548 11 15 0.07067855 
419 139 26 28 0.0703965 
474 177 27 32 0.06995572 
727 517 8 10 0.069638334 
33 471 8 10 0.06885443 
311 497 7 9 0.06826873 
815 516 9 12 0.06781434 
831 568 13 16 0.067168884 
136 479 8 9 0.06690887 
768 520 8 9 0.06678968 
864 534 10 12 0.06645245 
155 539 12 15 0.065624006 
675 468 9 10 0.06557551 
678 528 10 12 0.06532323 
644 531 11 15 0.06501383 
753 512 8 10 0.06459836 
787 580 10 13 0.0643612 
840 527 8 11 0.063579276 
748 582 11 14 0.063237004 
701 508 8 12 0.06319976 
319 487 7 9 0.062337585 
849 549 11 13 0.06210904 
911 528 10 12 0.06195018 
449 213 26 33 0.06185977 
738 511 8 10 0.061726745 
223 454 9 11 0.061635617 
304 525 8 11 0.061505888 
846 557 12 14 0.060907863 
558 516 10 12 0.06081545 
702 495 8 10 0.060422108 
105 476 9 10 0.05993429 
165 479 8 10 0.059286002 
881 532 9 11 0.059049606 
459 160 17 22 0.05881605 
775 500 10 11 0.05868161 
735 591 12 14 0.058598522 
667 629 13 19 0.058346014 
153 488 8 9 0.058108207 
195 592 15 18 0.05806016 
398 561 7 10 0.057998866 
73 49 387 422 0.057990827 
737 595 14 18 0.057923764 
674 464 8 10 0.05783384 
682 485 9 11 0.057627197 
325 527 8 10 0.057138633 
494 548 12 14 0.05679229 
742 511 8 10 0.056727782 
385 582 9 10 0.05660479 
881 578 17 21 0.05655951 
750 542 10 12 0.056195688 
678 586 12 14 0.055615295 
366 495 8 10 0.055435166 
803 537 12 15 0.05520773 
752 564 12 15 0.055197507 
738 492 8 10 0.055187013 
320 504 7 8 0.05513427 
533 162 51 70 0.054895192 
95 479 8 9 0.054448877 
150 477 8 9 0.054259762 
228 587 13 17 0.054241795 
698 496 9 11 0.05401837 
192 557 11 16 0.053918354 
581 578 13 16 0.053803526 
737 517 8 11 0.05341168 
268 638 12 16 0.052973635 
741 589 11 14 0.05276772 
749 532 10 12 0.052754767 
39 464 8 9 0.05274284 
187 515 10 14 0.052438397 
374 559 7 10 0.05192767 
558 425 9 10 0.051838696 
655 493 7 10 0.051786967 
394 560 8 10 0.05159269 
310 552 8 10 0.051465757 
177 478 8 11 0.051303893 
409 545 8 10 0.051120948 
555 526 11 13 0.05110914 
102 462 8 10 0.05076013 
618 484 9 11 0.05055537 
885 530 11 12 0.049741007 
839 534 11 13 0.049369324 
609 541 12 15 0.04930142 
217 462 8 10 0.049241666 
754 496 8 10 0.048975043 
213 572 13 15 0.04894821 
663 517 9 11 0.048720777 
321 535 8 10 0.048564635 
862 602 13 18 0.04852288 
381 536 8 10 0.04842249 
736 560 10 13 0.048347566 
286 500 8 10 0.04822418 
568 534 10 13 0.04809139 
664 493 8 9 0.047877073 
343 526 8 10 0.047556102 
672 588 10 14 0.047454808 
720 567 11 14 0.047407154 
53 454 9 11 0.04722732 
788 557 10 13 0.04711048 
376 547 8 11 0.047090136 
97 463 8 9 0.04704388 
175 495 8 10 0.046825968 
768 585 13 17 0.046653353 
836 612 13 15 0.046642747 
605 556 12 14 0.046540033 
49 433 7 8 0.046310265 
598 602 12 15 0.04621996 
96 486 8 10 0.04616311 
777 494 9 11 0.046113342 
658 464 7 9 0.04609166 
791 547 10 13 0.045896586 
563 574 12 15 0.045718282 
744 540 10 12 0.04559391 
126 463 8 9 0.04535801 
712 502 7 8 0.04523474 
864 539 9 13 0.045205917 
126 532 14 17 0.045191925 
142 455 7 8 0.044864047 
887 543 12 15 0.04463111 
478 607 10 14 0.044370737 
204 531 12 16 0.04429136 
726 511 8 10 0.044165235 
630 455 7 10 0.043912426 
722 504 8 9 0.043908883 
721 548 11 15 0.043902252 
85 456 8 9 0.043709014 
125 479 8 9 0.043625757 
869 526 10 12 0.043494362 
728 536 8 10 0.043448582 
745 534 9 11 0.043395735 
504 557 11 14 0.043090157 
280 497 9 11 0.04278697 
611 629 12 15 0.042756516 
327 574 8 10 0.042720325 
422 544 9 11 0.042699672 
721 527 8 11 0.042399976 
29 509 13 15 0.042090382 
161 465 7 9 0.04190534 
559 511 11 12 0.041715376 
798 548 10 13 0.041684985 
247 541 10 12 0.04142713 
566 168 15 22 0.041383132 
566 541 11 15 0.04133934 
726 503 8 10 0.04113564 
744 494 7 9 0.040845994 
592 518 9 11 0.040772744 
879 572 14 17 0.04075545 
440 543 9 11 0.040643916 
721 511 8 11 0.04062512 
745 528 9 10 0.04018337 
199 532 11 14 0.040106744 
580 508 11 13 0.04001637 
16 482 12 15 0.040004596 
567 612 15 19 0.03998094 
113 488 8 10 0.039887358 
656 488 8 11 0.039803848 
690 503 8 11 0.03978493 
793 504 7 10 0.039684836 
390 582 9 11 0.03954539 
23 470 8 10 0.03929059 
192 492 8 11 0.039259575 
647 551 12 15 0.03916867 
777 652 14 17 0.03913696 
906 604 13 18 0.03905862 
673 503 8 10 0.038981855 
690 510 8 11 0.038972497 
881 526 10 12 0.038891837 
725 526 9 11 0.038827404 
663 445 8 9 0.038718745 
614 524 10 13 0.038653046 
939 564 14 19 0.038499463 
288 571 10 12 0.038440015 
728 598 13 17 0.038385596 
662 487 8 10 0.038230628 
662 540 11 13 0.038197298 
471 607 12 16 0.03817794 
539 555 12 16 0.038086362 
337 606 10 13 0.03802637 
34 464 8 10 0.037996553 
341 605 12 14 0.03787901 
787 642 13 16 0.037873637 
151 440 9 10 0.037792947 
534 548 13 14 0.03766512 
463 564 9 11 0.03760911 
611 556 12 15 0.03760747 
599 510 10 12 0.037564103 
700 502 9 12 0.037417997 
536 569 13 18 0.03736124 
783 518 9 11 0.03734216 
814 540 10 13 0.037329257 
664 556 12 16 0.03728248 
800 521 8 10 0.037115246 
262 519 8 10 0.037046265 
689 650 16 19 0.037038155 
966 603 14 19 0.037037835 
160 517 10 14 0.03685986 
870 514 12 13 0.036785938 
213 578 13 16 0.03676439 
125 522 14 17 0.036735 
823 543 9 12 0.036601946 
783 464 8 9 0.03655498 
466 168 27 33 0.036539916 
649 573 12 16 0.03652673 
326 504 7 9 0.036412936 
118 456 9 9 0.03622475 
36 526 14 17 0.036180448 
193 480 8 9 0.036131427 
901 608 22 29 0.03609811 
836 550 10 12 0.036072448 
210 501 11 14 0.035994023 
701 563 12 15 0.035960406 
138 518 12 14 0.035787616 
722 516 8 10 0.03577299 
180 535 9 12 0.03573345 
695 617 15 20 0.03566889 
305 550 9 11 0.03565315 
102 550 12 15 0.035459198 
242 447 7 10 0.035407953 
809 519 9 11 0.035386793 
192 521 12 15 0.03530861 
122 462 8 9 0.035284266 
845 541 10 11 0.035265878 
393 479 7 9 0.035249807 
735 535 9 10 0.0351656 
664 441 7 9 0.035143077 
359 599 9 12 0.03513343 
353 32 486 522 0.03507771 
433 520 7 9 0.035062883 
111 542 11 13 0.034987938 
310 597 9 11 0.0346984 
28 503 12 14 0.03469018 
671 511 8 11 0.034630794 
159 486 9 10 0.034581188 
988 594 25 32 0.034456935 
113 456 8 9 0.03439883 
88 469 9 10 0.034354627 
144 424 7 8 0.034329154 
352 544 8 9 0.0342783 
775 441 8 9 0.034275077 
593 562 14 17 0.03415452 
81 455 8 10 0.034129053 
8 499 12 15 0.033991784 
538 484 9 11 0.033953425 
234 574 10 14 0.03386039 
755 597 11 15 0.033707503 
163 534 14 18 0.03364067 
215 538 13 16 0.033515666 
686 463 7 8 0.0334818 
812 534 10 12 0.033472113 
197 525 12 15 0.033444293 
100 538 13 15 0.033372756 
121 473 8 9 0.033147637 
821 621 11 15 0.033145905 
923 603 14 19 0.033115953 
111 493 11 12 0.033098057 
98 527 12 15 0.03307084 
598 118 43 50 0.033061925 
732 633 13 18 0.03299337 
680 481 8 10 0.032979682 
497 83 25 27 0.032869358 
739 564 12 15 0.03285656 
709 567 11 14 0.03285076 
879 567 11 13 0.03272431 
572 556 10 13 0.032685265 
590 448 8 10 0.032682054 
102 504 13 15 0.032653004 
185 440 8 9 0.032566804 
238 557 10 13 0.032550756 
136 472 7 9 0.032470208 
360 504 8 9 0.032452572 
832 606 11 14 0.03238159 
585 540 10 15 0.032339018 
836 595 10 12 0.03217459 
762 479 8 10 0.03211393 
677 502 8 11 0.032089066 
329 424 7 9 0.032054115 
145 532 11 15 0.031999066 
55 464 9 10 0.031979587 
390 599 11 14 0.031947397 
661 588 12 15 0.031884734 
710 496 7 10 0.031770155 
531 592 13 17 0.031750765 
833 544 8 11 0.03174459 
824 533 9 11 0.031596974 
638 495 9 11 0.03158359 
744 571 11 14 0.031484444 
554 532 12 14 0.031373344 
742 517 9 10 0.03136651 
615 495 10 12 0.03136513 
785 512 8 10 0.03128961 
888 605 13 16 0.031248877 
552 578 13 17 0.031140342 
726 488 8 10 0.030961705 
876 512 10 11 0.03093518 
59 498 11 17 0.03087711 
925 571 15 18 0.030834617 
231 505 9 11 0.030823348 
524 576 12 16 0.030815227 
702 550 10 14 0.030787684 
657 448 8 9 0.030769506 
567 564 12 14 0.030758344 
594 465 7 10 0.030732665 
329 489 7 9 0.03071134 
47 463 7 9 0.030703507 
222 470 8 10 0.030669171 
178 485 8 11 0.03064685 
615 501 9 10 0.03064397 
253 535 10 12 0.030638292 
777 557 10 13 0.030589834 
864 526 11 13 0.030577568 
613 597 11 14 0.030527294 
736 504 7 9 0.030514065 
733 541 9 12 0.030505339 
597 566 15 19 0.030488927 
230 406 8 10 0.030331234 
462 154 27 32 0.030321714 
671 533 12 14 0.030278087 
65 445 8 10 0.03026201 
70 464 8 11 0.030194167 
868 539 11 13 0.030167079 
866 509 10 12 0.030166274 
847 503 8 10 0.030143255 
609 525 10 13 0.030017208 
804 527 10 12 0.029938867 
685 555 12 15 0.029913057 
454 590 11 14 0.029885959 
324 534 9 10 0.029838743 
465 543 7 9 0.029808156 
808 574 11 14 0.029807292 
48 438 8 9 0.029792076 
872 555 11 14 0.029750183 
189 541 11 14 0.029554533 
172 532 11 15 0.02955176 
201 503 10 12 0.02955061 
688 457 6 7 0.029533481 
672 528 10 12 0.02951027 
245 557 12 15 0.029491499 
398 129 16 20 0.029449122 
797 592 11 13 0.029340465 
736 526 8 10 0.02933309 
604 507 11 13 0.029245505 
668 515 10 11 0.029207105 
655 503 8 10 0.029180434 
386 512 7 9 0.029179145 
104 446 8 10 0.029166961 
932 568 16 20 0.029111976 
385 118 17 17 0.029107379 
634 477 8 10 0.029069029 
814 521 11 14 0.029062489 
912 585 14 17 0.029052652 
70 445 8 10 0.029017821 
438 565 10 12 0.02900439 
649 511 9 12 0.028995147 
597 515 10 12 0.028873714 
687 516 9 11 0.028867457 
675 135 19 22 0.028798854 
168 152 18 20 0.028780611 
738 479 8 9 0.02871656 
905 530 11 14 0.028703516 
483 604 10 14 0.028691845 
184 470 8 10 0.028690027 
240 398 8 9 0.028672168 
367 605 9 14 0.028607823 
117 510 23 25 0.028582694 
218 456 9 11 0.028562961 
673 489 7 10 0.02847731 
342 503 7 9 0.028467454 
623 108 26 33 0.02842751 
293 573 10 14 0.028372917 
590 571 12 15 0.028367275 
822 548 12 13 0.02836343 
859 553 11 15 0.028354824 
54 447 9 10 0.0283406 
718 580 11 15 0.028289704 
306 496 8 10 0.02821752 
588 138 11 17 0.028182045 
621 510 9 11 0.027947688 
191 486 9 12 0.027939983 
812 551 12 15 0.027927442 
55 432 8 9 0.027890397 
366 502 8 10 0.02783413 
275 637 12 17 0.027749455 
165 511 10 12 0.027745916 
680 493 9 11 0.02772988 
563 214 12 17 0.027701057 
117 533 14 15 0.027608342 
64 465 8 10 0.0275988 
559 447 8 10 0.02758598 
261 629 14 18 0.027585875 
764 564 12 15 0.027581966 
523 566 12 16 0.02757718 
661 470 8 10 0.027570937 
192 471 8 10 0.02751268 
705 488 8 10 0.027512213 
840 495 8 9 0.027502386 
913 602 24 32 0.027497806 
639 448 7 8 0.027451787 
649 494 9 10 0.027447274 
848 510 8 11 0.027427899 
454 196 26 31 0.027412012 
119 521 12 15 0.027397607 
527 535 10 13 0.027342444 
304 532 8 10 0.027339768 
499 543 11 13 0.02729707 
891 519 11 13 0.02727029 
773 562 11 15 0.02725161 
219 580 12 15 0.027227325 
456 560 9 10 0.027214712 
49 447 8 10 0.027181763 
710 546 11 15 0.02715721 
14 500 12 14 0.027113367 
928 599 26 34 0.027094785 
259 608 15 18 0.026988588 
781 646 13 16 0.026945606 
661 524 11 13 0.026893929 
712 512 7 10 0.026875295 
809 650 14 16 0.026853649 
700 591 12 14 0.026827207 
877 555 11 14 0.026789589 
605 597 12 15 0.026729485 
623 557 12 15 0.026686966 
188 549 12 15 0.026671173 
581 584 14 19 0.026612744 
682 538 11 14 0.02653866 
807 587 10 14 0.026470667 
254 557 9 13 0.026408039 
824 527 9 12 0.026390493 
280 532 9 12 0.026372869 
244 516 10 12 0.026313331 
755 567 14 17 0.026292084 
47 500 23 28 0.026220322 
855 544 9 11 0.026202785 
551 540 10 13 0.026185513 
646 587 13 16 0.026174268 
821 668 15 17 0.02612942 
745 505 7 10 0.026110433 
704 519 8 11 0.026105171 
355 130 27 28 0.026097678 
656 605 11 13 0.026096748 
233 117 30 33 0.026064085 
81 460 10 12 0.026035972 
471 194 24 31 0.026024725 
720 533 9 10 0.025912162 
702 464 7 9 0.02590636 
108 500 14 16 0.025845721 
272 495 9 11 0.02581513 
759 500 8 10 0.02581304 
607 501 10 12 0.025801003 
607 534 10 12 0.02574637 
334 611 12 16 0.02571274 
649 449 7 8 0.02566949 
232 558 10 12 0.025662366 
444 118 17 20 0.025654767 
660 611 14 17 0.0256518 
879 549 12 14 0.025639063 
672 456 8 9 0.025637154 
621 534 13 16 0.025597079 
201 463 7 9 0.025593452 
768 512 8 9 0.025592674 
696 472 8 10 0.02557163 
583 495 10 12 0.025515927 
939 598 27 34 0.025470676 
306 502 8 9 0.025456192 
661 479 9 10 0.025441382 
672 579 12 16 0.02542518 
802 596 12 16 0.025413267 
914 591 49 53 0.025401432 
244 548 11 13 0.025303602 
391 512 8 9 0.025293844 
221 566 10 13 0.025257431 
840 503 9 10 0.02520731 
774 534 9 11 0.025195936 
40 432 7 8 0.025166333 
343 495 8 9 0.025109986 
260 551 9 11 0.025043365 
963 566 13 16 0.025038604 
752 501 9 10 0.025031194 
351 566 8 11 0.025015846 
586 447 7 9 0.024995068 
778 463 8 11 0.024947675 
893 534 10 12 0.024937749 
391 470 7 9 0.024936011 
69 440 8 10 0.024913853 
512 507 9 12 0.024913158 
804 128 20 20 0.024898423 
576 577 12 16 0.024845727 
174 431 8 10 0.024831617 
540 574 13 18 0.024815891 
136 463 7 10 0.0248153 
488 618 11 15 0.024783263 
844 527 10 11 0.024766337 
580 129 29 39 0.024647621 
414 527 9 10 0.024618264 
698 611 14 19 0.02461706 
143 431 7 9 0.024607522 
559 544 12 18 0.024545355 
361 488 8 9 0.024516683 
931 603 16 21 0.024495995 
776 550 11 13 0.024493339 
257 518 9 11 0.024461657 
548 572 13 17 0.024440331 
359 511 7 9 0.024405316 
195 509 12 14 0.024382563 
249 536 10 11 0.024380885 
708 486 9 11 0.024347119 
90 476 9 10 0.024343064 
726 577 12 16 0.02433087 
589 550 12 16 0.024304 
344 488 8 9 0.024292532 
336 583 9 11 0.024234297 
461 585 12 16 0.024233563 
585 136 91 108 0.024230154 
302 606 11 13 0.024120403 
483 184 26 32 0.024073377 
577 519 10 12 0.024038805 
635 558 12 15 0.024035616 
658 578 13 17 0.024033291 
135 498 12 15 0.023988605 
885 553 12 15 0.02397569 
800 649 14 18 0.02397165 
345 543 7 9 0.023959437 
143 449 8 9 0.023909738 
345 520 7 9 0.02382396 
280 549 9 10 0.02380387 
20 500 14 16 0.023771185 
216 437 9 10 0.023762507 
70 483 10 14 0.023758635 
776 487 9 10 0.023695815 
270 580 10 14 0.023691071 
382 604 12 14 0.023626316 
208 392 7 9 0.023605535 
336 598 10 13 0.023579206 
754 489 7 9 0.023556141 
169 501 8 11 0.023545152 
633 569 13 17 0.023526425 
665 456 7 8 0.023404486 
568 414 7 8 0.023373917 
831 526 9 13 0.02335804 
258 475 9 12 0.023327775 
312 556 9 11 0.023298886 
783 524 10 13 0.023297505 
802 557 11 14 0.023269089 
347 603 13 17 0.023267977 
574 524 10 13 0.023177225 
484 612 11 15 0.023139369 
768 524 9 10 0.023135453 
310 544 8 10 0.023091922 
704 524 9 11 0.023080243 
433 566 9 11 0.023028465 
854 517 8 11 0.022990365 
855 533 9 12 0.022989899 
841 509 8 11 0.02294178 
202 593 14 18 0.022936855 
161 448 7 8 0.022933928 
789 562 11 15 0.022842215 
354 512 7 9 0.022801233 
675 598 12 16 0.022774983 
821 598 12 15 0.022753756 
709 519 8 11 0.0227236 
582 463 8 10 0.02271456 
791 509 8 10 0.022704244 
614 589 11 14 0.022699762 
95 447 8 10 0.022623776 
600 493 9 11 0.022606423 
660 550 12 15 0.022588857 
435 653 13 17 0.022528747 
416 592 12 14 0.022521907 
713 456 7 9 0.022512758 
115 550 13 17 0.02248987 
329 613 10 14 0.022486342 
822 643 10 14 0.022429587 
847 515 10 13 0.022371935 
773 539 11 14 0.022350566 
865 516 10 11 0.02233754 
183 541 10 13 0.02232515 
200 495 10 12 0.02227364 
655 455 7 8 0.02226862 
108 471 9 10 0.022206789 
370 550 8 10 0.022124365 
193 532 11 13 0.022063266 
809 495 8 11 0.022056516 
234 432 7 9 0.022035152 
308 519 9 11 0.02202971 
4 493 12 14 0.022007907 
253 591 13 17 0.021937601 
663 533 11 13 0.021935342 
336 488 7 9 0.021932796 
337 503 8 9 0.021924028 
138 456 7 8 0.021883124 
648 455 8 8 0.021874625 
286 433 7 9 0.021867601 
722 489 8 10 0.02183449 
337 495 7 8 0.021803055 
65 476 9 12 0.021785013 
352 488 6 8 0.02175634 
98 423 7 8 0.021736026 
271 541 10 12 0.021729676 
38 468 8 11 0.021690223 
353 558 8 10 0.02163453 
109 552 14 19 0.021616073 
241 453 7 9 0.021602327 
562 585 13 18 0.021556832 
320 580 9 11 0.021546002 
439 520 7 9 0.021545796 
440 548 9 11 0.02154201 
241 417 8 9 0.021539861 
237 564 11 13 0.021524461 
56 425 8 8 0.021468414 
758 588 11 15 0.02142936 
2 460 9 15 0.021398205 
126 503 9 12 0.021361388 
831 533 9 12 0.021330899 
687 472 8 9 0.02132625 
641 528 10 13 0.02129094 
626 539 12 15 0.0212857 
205 471 8 10 0.02128379 
756 560 12 14 0.02126508 
328 567 9 12 0.021263193 
400 503 8 9 0.021242842 
539 518 9 12 0.021238614 
854 511 8 10 0.02123677 
598 469 9 11 0.021218117 
447 543 8 10 0.021215817 
160 512 9 12 0.021203252 
454 517 7 9 0.021201098 
424 527 8 9 0.021200437 
215 409 7 8 0.021196917 
649 488 7 10 0.021192722 
63 453 8 10 0.021153431 
126 472 8 9 0.021147786 
798 572 10 15 0.021142287 
568 527 9 12 0.021139953 
262 618 14 17 0.021016298 
559 489 9 10 0.020998295 
893 555 11 15 0.020956282 
640 488 8 10 0.020918664 
321 576 8 10 0.02091262 
639 477 8 10 0.020910671 
713 461 8 10 0.020907722 
501 120 32 33 0.020892037 
824 510 8 11 0.020867938 
63 468 10 13 0.020864695 
617 508 9 11 0.020859407 
462 607 12 15 0.020839946 
319 481 7 8 0.02080949 
185 463 9 10 0.020796303 
206 463 8 10 0.020744484 
791 526 10 12 0.020736717 
766 454 9 11 0.02071613 
200 470 8 11 0.020707775 
390 576 9 11 0.020702418 
726 479 8 9 0.020691197 
280 591 12 16 0.020685665 
599 479 9 9 0.020662848 
775 527 9 10 0.020657571 
390 587 11 13 0.020656703 
664 421 7 9 0.02063802 
234 578 13 17 0.020637948 
644 130 16 19 0.020635957 
432 471 7 9 0.020628458 
866 598 12 16 0.02061658 
279 571 10 13 0.020602481 
454 512 7 10 0.020584691 
590 496 9 12 0.020574167 
654 613 13 18 0.020573322 
450 113 16 19 0.020571189 
326 542 8 9 0.020559475 
757 516 8 11 0.020559112 
145 539 13 17 0.020557843 
381 547 9 11 0.020546257 
264 437 8 10 0.020541912 
55 526 13 17 0.02053637 
711 578 12 15 0.020536268 
213 117 31 34 0.020528482 
159 152 34 32 0.020521943 
88 447 7 9 0.020482212 
769 440 8 10 0.020475658 
487 93 26 27 0.020424545 
245 511 9 12 0.020403098 
439 495 8 9 0.020402785 
485 125 30 35 0.020390872 
800 489 8 9 0.020378042 
352 519 7 9 0.020372769 
460 221 17 22 0.020330444 
459 177 38 50 0.020328468 
627 548 13 15 0.020326039 
417 512 7 8 0.02031123 
548 134 34 37 0.020277962 
306 441 7 9 0.020269543 
799 495 8 10 0.02021593 
546 147 38 44 0.020195615 
366 488 8 10 0.020177167 
633 471 8 10 0.020174807 
256 454 8 10 0.020173604 
951 598 25 32 0.020154692 
53 571 12 15 0.020120766 
534 522 11 13 0.020101214 
661 573 12 15 0.020094048 
165 548 12 16 0.020068444 
110 461 9 11 0.020066898 
228 624 16 19 0.020063065 
283 138 17 19 0.02002565 
611 602 13 17 0.02000566 
