22_Picnic_Picnic_22_732
1266
282 601 13 18 0.9424925 
585 540 9 12 0.89572656 
847 618 15 18 0.8313366 
427 573 9 12 0.7920151 
148 590 11 14 0.7586994 
607 610 11 15 0.7449781 
668 626 16 17 0.688868 
576 557 10 13 0.6871338 
223 588 10 12 0.6601381 
240 573 12 14 0.6494358 
527 602 11 14 0.6262983 
295 544 8 11 0.60822034 
59 655 16 22 0.5391862 
790 547 9 12 0.5304252 
109 560 11 13 0.5158135 
517 560 10 12 0.49175817 
407 572 8 11 0.49045798 
724 581 11 15 0.47941515 
722 612 10 14 0.45715448 
215 608 10 12 0.4450857 
366 563 9 12 0.4362542 
182 558 10 13 0.42632818 
768 534 10 12 0.40529183 
656 589 10 14 0.40368968 
158 536 9 12 0.39921853 
255 583 10 13 0.38594702 
183 543 10 11 0.3726973 
150 522 7 9 0.3470474 
365 580 10 13 0.34472236 
591 588 9 12 0.34225821 
903 591 10 15 0.3385756 
990 569 9 11 0.3340169 
561 541 9 11 0.32470632 
194 528 8 10 0.30291352 
210 551 9 10 0.30230716 
640 544 8 10 0.30217233 
737 589 9 12 0.30012006 
552 589 13 16 0.29845333 
502 544 10 13 0.28119406 
592 583 10 13 0.2788035 
366 576 10 12 0.26617786 
184 548 11 12 0.26591638 
321 582 10 13 0.26401433 
241 555 9 12 0.2566696 
632 525 8 10 0.25482357 
261 534 8 11 0.24998216 
169 524 7 10 0.24949989 
336 613 13 16 0.24514852 
136 577 14 16 0.24081814 
744 634 12 14 0.23544127 
487 563 10 11 0.2347396 
144 594 11 14 0.23325461 
197 528 10 11 0.23269537 
628 604 9 11 0.22819006 
257 495 7 9 0.22695372 
88 526 7 8 0.22313905 
231 551 9 12 0.21449114 
507 582 10 13 0.214255 
381 590 9 12 0.2111916 
215 630 13 16 0.21056262 
449 541 9 11 0.20137677 
327 521 7 9 0.1994366 
706 567 9 11 0.19846024 
759 624 10 14 0.19594552 
720 607 11 13 0.19356826 
510 575 10 11 0.19261017 
701 582 10 13 0.18787155 
171 521 6 9 0.1844016 
58 536 7 9 0.18412538 
1014 566 8 12 0.18226272 
472 559 7 10 0.18210515 
332 553 9 10 0.17896697 
238 535 8 10 0.17796782 
528 548 8 11 0.17640112 
944 583 11 13 0.17346083 
680 573 9 12 0.17293485 
233 525 9 12 0.1713023 
366 587 10 12 0.17120607 
831 495 7 9 0.17088881 
561 536 8 11 0.168446 
257 535 8 11 0.16826269 
5 550 10 13 0.16558783 
154 534 8 11 0.16137147 
514 30 202 201 0.1594952 
889 512 6 9 0.15922076 
425 527 8 10 0.15914504 
8 514 7 8 0.15859461 
513 526 8 9 0.15683682 
348 581 10 13 0.15674424 
537 573 10 12 0.15522315 
665 551 8 11 0.15490232 
664 572 9 11 0.15224124 
6 542 9 11 0.15177725 
896 519 9 11 0.15105274 
710 571 9 12 0.15097599 
174 520 8 10 0.1505547 
536 566 8 10 0.14969899 
257 520 7 9 0.14947626 
307 147 67 66 0.1487974 
925 535 9 12 0.14761902 
240 511 7 9 0.14741203 
968 534 11 14 0.14730464 
785 544 10 13 0.1471516 
63 567 9 11 0.14690399 
194 606 11 14 0.14644216 
342 518 8 10 0.1459167 
253 602 11 14 0.14510386 
617 549 9 12 0.1439705 
42 582 12 15 0.1434725 
392 599 9 12 0.14347042 
57 541 9 12 0.14295237 
716 550 10 12 0.14258116 
738 520 7 9 0.14192426 
513 564 11 12 0.14190271 
718 535 8 10 0.14039186 
629 567 10 13 0.1375454 
343 528 7 9 0.13697352 
872 509 7 9 0.13356854 
73 551 9 12 0.13315234 
78 555 8 10 0.13181622 
400 557 9 11 0.13106894 
48 659 15 17 0.13027857 
581 571 13 15 0.12943019 
61 548 9 12 0.12851407 
345 559 8 9 0.12838297 
360 524 7 10 0.12774564 
7 517 7 10 0.12719063 
653 629 9 14 0.12654154 
470 525 9 11 0.124958925 
122 582 8 11 0.12330496 
694 627 11 15 0.12296589 
889 534 8 9 0.12274395 
863 580 9 11 0.12266197 
654 511 7 9 0.1217097 
800 527 8 11 0.121236786 
815 502 7 8 0.12100715 
402 534 8 10 0.11976844 
624 600 9 13 0.119743384 
22 566 11 13 0.118484214 
447 625 9 13 0.11676676 
580 563 11 15 0.11616491 
526 535 8 10 0.11590357 
224 496 7 9 0.115768604 
509 588 9 12 0.11404239 
305 495 7 9 0.113509804 
234 532 10 12 0.11324728 
921 540 8 10 0.112956665 
733 624 12 14 0.1128648 
504 586 10 13 0.112458944 
351 558 8 10 0.11200383 
24 519 7 9 0.11145509 
217 535 8 10 0.11123638 
337 518 7 10 0.11104148 
1006 565 10 13 0.11094027 
646 632 13 16 0.1101659 
711 526 8 9 0.10931 
382 595 10 13 0.10910114 
621 548 9 12 0.10832551 
225 504 7 8 0.108312376 
294 525 7 10 0.108083464 
1 536 8 11 0.10799368 
238 519 8 10 0.10780723 
361 560 8 11 0.10771 
808 525 9 11 0.10769386 
345 540 9 11 0.10734764 
583 511 7 9 0.1073358 
345 535 8 11 0.106775336 
232 520 9 11 0.106755465 
465 526 9 10 0.10662477 
262 526 8 10 0.10574754 
402 565 9 12 0.10443096 
561 613 10 15 0.10441867 
72 496 7 9 0.104318 
340 617 11 16 0.10429252 
61 542 10 12 0.10413599 
262 595 12 15 0.10396089 
783 533 8 10 0.10323811 
263 503 6 8 0.10321428 
429 521 8 9 0.1029874 
217 519 6 9 0.102514304 
74 516 9 11 0.10225975 
330 535 9 11 0.10156915 
178 511 7 8 0.10140932 
599 527 9 10 0.100592196 
512 521 8 8 0.10025913 
261 496 8 9 0.09957905 
826 495 7 9 0.09940535 
412 626 11 15 0.099279016 
263 590 9 12 0.099166386 
191 505 7 9 0.099124774 
488 517 8 10 0.098837264 
855 557 9 12 0.09785086 
632 521 7 9 0.09756722 
83 590 10 13 0.0974024 
182 584 10 11 0.09636534 
406 541 9 11 0.09632877 
742 520 9 10 0.096237004 
245 578 11 15 0.096143946 
312 560 8 9 0.096011095 
432 543 7 10 0.09565291 
262 520 7 9 0.09520813 
526 543 9 12 0.094956115 
288 495 8 8 0.09407371 
551 527 9 11 0.093619555 
507 550 10 12 0.09324158 
110 591 9 12 0.092843905 
46 548 8 11 0.0927193 
104 520 6 8 0.092670456 
240 540 8 10 0.09243609 
205 574 9 11 0.09204669 
701 548 10 12 0.09117639 
208 503 7 9 0.09093487 
858 494 7 9 0.09069384 
245 568 9 12 0.090633765 
935 510 7 10 0.09059883 
465 496 6 8 0.09052194 
16 501 8 10 0.090417065 
608 504 6 9 0.09038468 
141 495 8 9 0.08971949 
430 504 7 9 0.08950911 
61 536 8 11 0.08941674 
196 597 11 13 0.08882186 
999 566 10 12 0.08821418 
409 579 9 12 0.08795057 
556 583 11 14 0.08789069 
401 527 8 10 0.08788832 
977 520 8 10 0.08780742 
823 512 7 10 0.08747866 
977 464 8 9 0.087131105 
156 607 9 13 0.08703091 
759 497 7 9 0.08668706 
807 542 9 11 0.08665541 
934 469 8 10 0.086394995 
151 552 8 10 0.08638845 
246 588 10 12 0.08633258 
120 497 6 8 0.08590961 
269 596 11 15 0.08582551 
208 635 10 12 0.085687555 
367 597 10 14 0.08547126 
406 550 8 10 0.08487721 
210 605 10 13 0.08460957 
313 579 10 12 0.08445144 
370 496 7 8 0.084401615 
902 524 7 10 0.084393285 
392 495 7 8 0.084272474 
189 545 9 10 0.08421057 
358 543 7 11 0.084140286 
329 555 9 11 0.08384411 
591 521 7 10 0.08364586 
696 533 7 10 0.083636016 
209 544 8 9 0.08320891 
753 534 8 11 0.08304014 
549 547 8 11 0.08296271 
973 537 10 13 0.08265305 
831 533 9 12 0.082599185 
71 536 9 10 0.082524784 
992 519 8 10 0.08211637 
224 509 7 9 0.082061246 
307 119 99 119 0.08168693 
271 494 7 8 0.0814312 
578 512 6 8 0.081378646 
323 520 7 9 0.08136582 
105 495 6 9 0.080922976 
946 548 13 15 0.08091924 
89 497 7 9 0.0808804 
245 553 9 12 0.08040487 
638 614 12 15 0.07977941 
597 586 9 12 0.07950822 
769 529 8 11 0.079371706 
590 573 10 12 0.0791509 
88 560 8 10 0.07907576 
895 572 10 14 0.07889482 
377 588 9 12 0.07854407 
290 604 11 14 0.078533545 
650 519 8 9 0.07847156 
864 519 7 10 0.07828803 
761 541 8 11 0.07815268 
39 527 7 9 0.078057006 
830 527 9 10 0.078023784 
397 599 8 11 0.077920355 
73 512 8 10 0.07777324 
458 582 8 10 0.077580184 
592 524 9 10 0.07669343 
262 564 8 11 0.07650694 
54 595 10 12 0.07571333 
901 566 9 12 0.07557836 
992 447 8 9 0.07526982 
521 535 8 10 0.07522072 
665 526 8 9 0.07501419 
934 465 8 9 0.07495829 
902 535 8 11 0.074790224 
654 518 7 10 0.0744204 
512 597 9 13 0.0740712 
351 589 9 11 0.07397717 
586 589 10 13 0.07350025 
487 512 9 10 0.07329115 
630 580 8 12 0.07328871 
472 522 8 9 0.07302014 
392 520 7 9 0.072843 
375 583 8 11 0.072794 
991 541 9 12 0.07264 
346 503 8 9 0.07253763 
1006 601 11 15 0.072194114 
184 520 6 9 0.072115265 
78 513 8 10 0.071771525 
998 521 8 9 0.07173026 
713 542 8 11 0.07122128 
489 528 7 9 0.07108484 
208 598 10 13 0.07092811 
425 519 8 10 0.0708471 
545 518 6 9 0.07083246 
198 591 10 12 0.07080095 
416 519 7 9 0.07069321 
625 510 6 8 0.070426315 
584 518 8 10 0.06987001 
543 512 7 9 0.06977601 
456 557 7 10 0.06956455 
681 552 8 10 0.06920929 
571 557 10 12 0.069150485 
441 497 7 9 0.06896238 
783 511 7 9 0.06888887 
743 525 9 10 0.06881829 
-1 630 8 13 0.068649836 
305 559 7 10 0.068646096 
413 588 10 12 0.06852083 
716 631 13 18 0.068288565 
798 532 12 16 0.0682795 
127 519 8 10 0.06816099 
558 528 7 9 0.06814527 
248 596 11 15 0.06807718 
88 502 7 9 0.067879476 
160 512 7 9 0.06764757 
265 510 6 8 0.06757481 
664 520 7 9 0.06743898 
351 542 9 11 0.06730562 
189 573 10 12 0.06688107 
121 535 9 10 0.0668597 
135 543 8 10 0.06685914 
719 600 11 13 0.066789515 
514 510 7 8 0.06662177 
880 549 8 11 0.06645136 
413 581 10 12 0.06629758 
251 612 11 14 0.06623593 
225 551 8 11 0.06615631 
831 648 9 13 0.065903224 
676 634 11 13 0.0658242 
646 613 12 15 0.065492816 
271 489 7 8 0.065456636 
800 511 7 9 0.06539937 
65 503 8 10 0.06533577 
155 613 12 16 0.06518555 
198 496 7 8 0.06505662 
2 554 9 14 0.06493404 
950 526 8 10 0.06486674 
271 544 9 12 0.064794265 
519 598 12 16 0.06474348 
268 592 10 12 0.06465635 
846 511 8 10 0.06456601 
648 526 8 9 0.06455868 
319 504 9 11 0.06448061 
408 505 7 8 0.064399794 
329 487 7 9 0.06430177 
360 589 10 12 0.06419579 
344 512 8 10 0.063930586 
624 534 7 9 0.06392811 
536 528 7 10 0.06349808 
188 566 10 12 0.06318338 
318 559 7 9 0.06301029 
273 511 7 9 0.06290885 
728 637 10 14 0.062688895 
240 496 6 8 0.0626832 
70 542 9 10 0.062671326 
685 575 9 12 0.062273346 
869 580 9 12 0.062220905 
144 533 8 10 0.062158026 
290 521 7 8 0.061600544 
1001 596 12 15 0.061482873 
480 565 9 11 0.061364442 
450 519 7 9 0.061225392 
895 535 8 10 0.061190702 
1 497 7 10 0.06112972 
856 533 8 10 0.06098588 
600 532 9 11 0.0603471 
998 534 10 12 0.060068075 
958 532 12 14 0.05998319 
678 568 8 11 0.05992827 
857 488 7 10 0.059890524 
673 567 8 11 0.059722904 
488 532 9 11 0.059695743 
522 540 9 12 0.059689347 
546 542 9 12 0.059605367 
359 639 9 11 0.05951012 
625 571 10 13 0.05936042 
190 581 9 11 0.05927519 
598 548 8 11 0.059162043 
63 519 9 9 0.05906296 
102 542 8 11 0.059025493 
294 480 7 9 0.05902291 
183 537 7 10 0.05868817 
650 504 7 9 0.058574583 
936 504 7 10 0.058440562 
997 540 10 12 0.05826643 
805 616 9 12 0.057841823 
242 503 7 9 0.05782907 
751 511 7 8 0.05779104 
783 557 10 12 0.057579122 
984 541 9 12 0.057566714 
878 462 8 10 0.057516024 
584 580 10 14 0.05750235 
717 541 9 11 0.05743199 
999 604 11 15 0.057393543 
983 503 7 9 0.05725704 
383 489 6 9 0.057226785 
265 488 7 9 0.057167858 
535 560 9 11 0.057119533 
921 480 8 10 0.057029944 
847 559 9 11 0.05701011 
518 527 7 9 0.056931157 
568 551 9 12 0.056793824 
751 527 7 10 0.05664292 
704 572 10 12 0.056591753 
498 542 8 12 0.056553148 
257 500 8 10 0.05609598 
232 497 7 9 0.055775322 
262 540 10 13 0.055160753 
697 543 8 10 0.055143088 
646 542 7 11 0.055116285 
756 645 13 15 0.055068538 
127 535 7 9 0.055039305 
701 614 10 12 0.054800805 
151 556 8 11 0.054791592 
543 495 6 8 0.05472109 
277 511 8 9 0.05439063 
928 455 7 9 0.054244492 
178 541 9 11 0.05418394 
672 503 7 8 0.054056443 
701 605 9 12 0.05395623 
120 502 7 9 0.053865585 
695 512 7 9 0.0537283 
424 604 10 15 0.05372629 
429 525 8 11 0.05365196 
553 519 7 9 0.053616844 
223 520 8 10 0.053382456 
258 563 8 11 0.053318642 
617 527 7 10 0.05329355 
146 526 8 9 0.053261723 
821 557 12 13 0.053167764 
160 519 7 9 0.053125054 
997 470 8 10 0.053056657 
504 535 8 10 0.052962735 
624 527 7 10 0.052864768 
368 602 10 14 0.052708894 
352 550 8 10 0.052659485 
727 621 10 13 0.052507676 
976 510 8 10 0.052507464 
39 520 6 8 0.052502602 
440 501 8 9 0.052501425 
799 504 7 8 0.052451342 
565 535 9 11 0.052422456 
640 535 7 10 0.052409075 
256 559 8 11 0.052271187 
310 494 7 9 0.052243322 
336 494 7 8 0.051864717 
249 527 6 9 0.05179658 
320 526 8 9 0.051796526 
662 596 10 13 0.051506545 
575 527 8 10 0.051407184 
416 560 7 10 0.05139327 
41 597 10 14 0.05135246 
401 552 8 11 0.051305156 
841 606 9 13 0.051281303 
541 578 10 13 0.051196106 
317 576 9 12 0.051165767 
385 494 7 9 0.051031906 
817 512 8 9 0.050959863 
793 520 7 8 0.050940644 
714 535 8 11 0.050811883 
729 528 6 8 0.050801326 
887 541 9 11 0.050764877 
104 526 8 9 0.050760224 
249 605 11 15 0.05073445 
42 543 8 10 0.050691754 
126 526 8 9 0.050636437 
823 517 8 10 0.050578013 
377 526 6 8 0.05043937 
440 609 12 15 0.050371364 
314 551 8 10 0.05026954 
206 526 7 10 0.05006802 
423 533 8 10 0.05004547 
981 465 9 9 0.050039835 
686 552 7 9 0.049942903 
398 589 8 10 0.0498559 
720 513 6 7 0.049820185 
294 521 7 9 0.049799718 
728 628 10 14 0.0497983 
655 534 8 9 0.04946568 
464 559 9 10 0.049049806 
976 524 9 11 0.04901846 
464 502 7 9 0.04897503 
334 540 9 11 0.048805468 
830 519 8 9 0.048638567 
257 525 8 10 0.048567556 
629 610 13 16 0.04849521 
378 511 7 9 0.048463188 
815 517 8 10 0.048426554 
135 559 8 11 0.048425674 
7 565 9 13 0.048406858 
260 582 9 12 0.048395384 
622 543 9 12 0.048333615 
424 510 8 9 0.048307084 
623 505 6 8 0.048271026 
399 521 8 8 0.048216965 
609 520 8 9 0.048166506 
690 513 6 8 0.047983244 
625 519 7 8 0.04793222 
165 535 8 11 0.04790438 
960 511 8 9 0.047714643 
291 548 8 10 0.047617048 
136 511 7 9 0.047596253 
122 519 7 9 0.04753996 
950 520 8 10 0.04736766 
993 470 9 10 0.047300182 
318 534 8 11 0.04711933 
847 518 7 9 0.047056295 
854 573 11 13 0.047032043 
663 603 12 15 0.0470109 
841 512 8 9 0.047002356 
848 505 8 9 0.04686685 
138 489 7 9 0.04684995 
441 622 11 15 0.046781424 
86 564 10 13 0.04671883 
912 534 8 10 0.046710838 
216 572 10 12 0.046575863 
639 527 7 10 0.04648848 
755 604 11 13 0.046477363 
733 637 12 15 0.04638306 
214 541 8 11 0.046235077 
159 558 8 11 0.0460738 
918 463 7 9 0.046057716 
591 546 9 12 0.04603324 
880 622 10 14 0.045953035 
602 603 11 17 0.04575487 
930 512 8 9 0.04569137 
3 517 7 11 0.04568538 
982 519 8 10 0.04551424 
162 495 7 9 0.045513738 
144 586 18 22 0.045503985 
815 497 7 9 0.045484606 
151 572 10 13 0.04540332 
944 510 7 9 0.04537044 
255 576 10 13 0.045364473 
810 495 7 9 0.04528168 
545 534 9 10 0.04526358 
710 579 11 15 0.04517417 
41 533 7 10 0.045066085 
454 552 8 10 0.04490167 
825 533 9 12 0.044899076 
999 524 10 11 0.044866018 
401 502 6 9 0.04485816 
759 535 8 11 0.044755578 
345 576 9 12 0.04473878 
80 568 9 12 0.04471809 
176 566 9 13 0.04455502 
768 608 9 11 0.044440947 
599 543 9 12 0.044423178 
712 520 7 9 0.0443615 
213 555 9 12 0.044310503 
862 489 7 9 0.044044122 
505 506 7 8 0.043961592 
690 502 6 8 0.043952983 
256 490 7 8 0.04385834 
318 552 7 9 0.043764725 
634 549 8 10 0.043751743 
695 518 7 8 0.043706063 
912 557 10 12 0.043663878 
405 536 8 10 0.043460812 
352 564 9 11 0.04345506 
213 598 10 12 0.04341415 
214 620 13 17 0.04324955 
306 489 8 9 0.04323655 
15 565 11 13 0.043212336 
296 536 7 10 0.042970724 
986 571 10 12 0.042901773 
218 590 10 12 0.042851973 
805 645 10 13 0.042815473 
310 487 7 9 0.042796735 
290 502 7 10 0.042748705 
431 548 10 11 0.042698435 
146 627 14 18 0.04261829 
470 532 8 10 0.042557657 
601 597 10 14 0.042445254 
24 526 8 9 0.042407777 
293 587 12 16 0.04232345 
193 488 7 9 0.042299703 
841 518 7 9 0.042102043 
262 574 8 11 0.042089388 
417 535 8 10 0.042042807 
465 533 8 10 0.041988496 
389 574 8 11 0.041983884 
652 610 11 15 0.041966185 
5 537 9 10 0.041858044 
455 520 7 9 0.041653205 
768 551 8 10 0.04163288 
129 565 10 11 0.041584942 
106 563 10 12 0.04151905 
615 496 6 7 0.041412346 
737 525 7 9 0.04140662 
71 568 8 11 0.041389655 
446 559 9 10 0.04138434 
703 510 7 8 0.04136767 
166 598 9 11 0.041332256 
8 643 10 14 0.041331686 
485 621 12 14 0.041285507 
392 591 7 10 0.041177884 
592 505 6 7 0.041168243 
62 557 8 10 0.041159645 
519 511 7 8 0.041150335 
278 519 7 8 0.04113402 
503 556 10 13 0.04111289 
295 583 10 12 0.041060828 
696 528 7 9 0.041023105 
650 511 8 9 0.04101416 
690 518 7 8 0.040959824 
568 513 6 7 0.040903796 
914 464 7 9 0.040902343 
271 560 8 10 0.040734015 
696 496 6 8 0.04049206 
517 573 9 10 0.04046737 
511 531 9 11 0.040392525 
176 505 8 8 0.04033216 
770 518 7 9 0.040293798 
399 583 9 12 0.04012354 
414 596 10 12 0.040091 
769 588 9 13 0.040083706 
775 529 9 10 0.040000092 
249 535 6 10 0.039859388 
878 496 8 9 0.03978125 
897 524 10 11 0.03975388 
191 620 10 12 0.039728027 
952 531 11 14 0.03970091 
930 517 7 9 0.039613415 
332 607 14 18 0.03950238 
626 487 7 9 0.039424457 
44 594 12 15 0.0393978 
937 478 7 8 0.039346993 
704 558 10 12 0.03925163 
783 504 7 9 0.03901696 
783 409 221 255 0.038991954 
133 566 10 12 0.038990848 
944 554 11 15 0.03898602 
408 495 6 8 0.038897034 
15 543 8 11 0.038803563 
479 560 8 10 0.03869985 
205 580 10 13 0.038661577 
41 488 6 7 0.03862743 
888 516 9 12 0.03862592 
778 504 7 8 0.038617756 
822 644 9 12 0.038565315 
470 550 9 12 0.038562074 
935 535 9 12 0.03851098 
647 560 7 10 0.03850474 
820 640 9 12 0.038411986 
975 456 7 9 0.038395204 
662 623 13 17 0.038378056 
177 537 8 10 0.038370594 
86 584 8 11 0.038275823 
655 505 7 9 0.038226645 
122 527 8 9 0.038116124 
727 503 6 8 0.038083013 
746 503 7 9 0.038081545 
105 489 6 8 0.037983645 
704 505 6 8 0.03797839 
487 541 9 12 0.037971094 
982 536 8 11 0.037908763 
878 456 7 10 0.037824653 
345 497 7 9 0.037807137 
874 495 7 9 0.03776907 
407 634 13 18 0.037742022 
993 524 8 11 0.037694473 
760 501 7 9 0.037691344 
654 526 8 9 0.0376787 
878 503 8 9 0.03759028 
910 512 6 8 0.03740249 
634 543 8 11 0.037364222 
812 526 9 11 0.037345584 
166 496 7 9 0.037219875 
299 542 9 12 0.037208002 
981 596 9 14 0.037135456 
314 527 8 9 0.037092753 
328 512 7 8 0.037064426 
731 643 14 17 0.037061337 
544 594 11 16 0.037059907 
273 518 7 9 0.037041947 
424 541 8 10 0.037039198 
814 534 9 12 0.037004 
785 518 7 9 0.036872935 
873 526 7 10 0.036849536 
550 532 9 11 0.036827065 
337 513 7 10 0.03680239 
407 489 6 8 0.036784418 
88 543 9 12 0.03675464 
374 495 7 8 0.03674703 
453 536 9 11 0.036736973 
249 496 7 9 0.036685918 
930 464 8 9 0.03664045 
776 550 8 11 0.03657332 
722 503 6 8 0.03654398 
328 606 11 15 0.03652874 
229 581 10 14 0.03641468 
423 612 10 13 0.03631531 
774 541 9 11 0.036140516 
126 31 47 82 0.036124535 
65 510 8 10 0.03599525 
393 502 7 8 0.035995036 
458 503 6 8 0.035972174 
881 543 7 10 0.03596409 
206 567 9 11 0.03595075 
390 542 9 11 0.035921957 
614 519 8 8 0.03591128 
346 552 8 10 0.035896685 
464 603 9 12 0.035832476 
408 509 7 8 0.035790082 
737 496 6 8 0.03578281 
506 520 7 9 0.035736933 
664 543 8 10 0.035723004 
378 489 6 8 0.03564505 
217 567 8 10 0.03552134 
200 520 8 10 0.035517532 
824 453 9 10 0.03551751 
95 548 8 11 0.03544619 
768 512 6 9 0.035417177 
141 490 8 9 0.03535863 
136 550 8 10 0.03535725 
711 555 10 13 0.03533919 
978 469 8 11 0.035233174 
995 600 20 29 0.03520906 
119 512 7 9 0.035153206 
321 496 7 8 0.035138186 
728 512 7 8 0.035102233 
440 560 10 11 0.03509763 
192 591 9 11 0.03508339 
519 520 8 9 0.03506212 
219 610 10 15 0.034969058 
665 534 7 9 0.03496502 
463 564 9 11 0.034868415 
390 535 8 10 0.034860652 
791 503 8 9 0.034854267 
216 526 7 10 0.034826703 
640 520 6 8 0.034809142 
287 564 10 12 0.034805425 
541 565 8 11 0.03478607 
303 502 7 9 0.034757704 
449 548 9 12 0.034703717 
983 547 10 13 0.03462135 
29 563 11 14 0.03457052 
157 589 10 14 0.034533035 
470 543 10 12 0.034486286 
887 548 9 12 0.03435286 
421 620 10 13 0.034349862 
167 489 6 7 0.034336485 
318 565 8 10 0.03433421 
856 580 10 11 0.034182224 
457 587 10 13 0.034168717 
409 521 7 9 0.034164626 
385 520 7 9 0.034119487 
337 526 6 10 0.03401879 
798 518 8 11 0.033989605 
879 510 7 9 0.033878848 
673 510 7 9 0.033861354 
606 526 9 11 0.0338021 
750 519 9 10 0.033655986 
724 598 10 13 0.033625126 
493 565 9 11 0.03357029 
42 547 8 12 0.033558097 
482 621 8 12 0.03354695 
221 535 8 11 0.033512324 
782 644 10 13 0.033508185 
406 620 13 17 0.033445142 
430 535 8 10 0.033405226 
685 598 10 13 0.033401527 
221 574 9 11 0.033334818 
511 603 11 15 0.03330256 
209 497 6 8 0.033299778 
444 604 11 15 0.033290666 
829 554 10 14 0.033285446 
671 520 8 9 0.033229858 
271 601 12 16 0.03319316 
669 551 8 11 0.033180624 
538 511 7 9 0.03315107 
142 502 8 9 0.033085093 
560 628 13 17 0.033044238 
624 580 10 12 0.033013873 
801 618 10 13 0.03300677 
930 469 8 10 0.03286509 
748 642 14 16 0.032834094 
716 564 11 13 0.03282858 
350 496 8 9 0.03282807 
46 494 7 9 0.032786775 
195 495 7 8 0.032774832 
826 526 9 11 0.03275188 
185 569 11 14 0.032735493 
400 496 6 8 0.032698818 
949 541 12 15 0.032692704 
150 583 11 16 0.032672547 
127 496 7 9 0.032647565 
991 512 8 10 0.03262805 
527 520 7 9 0.032555267 
679 512 7 8 0.03251367 
460 575 10 12 0.03249938 
32 526 8 10 0.032490324 
736 512 7 9 0.032479744 
983 509 8 11 0.032425612 
887 529 9 10 0.032395937 
326 573 9 12 0.032368597 
558 519 7 9 0.032326378 
152 566 10 12 0.03232148 
205 591 10 12 0.032305643 
569 564 10 12 0.032171987 
414 540 9 11 0.03213605 
222 567 8 10 0.032127343 
295 502 6 9 0.03204902 
748 630 12 16 0.032036055 
713 512 7 8 0.03200046 
160 489 7 9 0.031923544 
350 535 7 10 0.031850394 
167 502 7 9 0.031848256 
32 589 9 12 0.03182884 
831 501 8 9 0.03179775 
545 527 8 10 0.031758673 
719 259 370 459 0.031737648 
-10 54 124 194 0.03172425 
680 534 8 10 0.031717714 
630 488 7 9 0.03171226 
797 598 9 12 0.031528186 
56 529 8 9 0.031527337 
97 544 9 11 0.031503834 
740 641 15 18 0.03148632 
705 527 8 9 0.031466275 
424 600 8 12 0.03145857 
552 505 7 8 0.031434964 
272 526 8 10 0.03137274 
287 591 12 14 0.031340767 
643 618 14 17 0.03132284 
1016 516 8 12 0.03131527 
165 589 9 13 0.031310614 
825 489 7 9 0.03129612 
672 487 8 8 0.031286363 
716 653 10 13 0.031251416 
199 567 8 10 0.03116914 
791 571 12 16 0.031148886 
424 568 16 23 0.03104515 
991 607 11 16 0.031003423 
605 542 9 11 0.030950679 
644 641 14 19 0.030738667 
449 525 9 10 0.030690866 
327 505 7 9 0.030650418 
906 511 7 9 0.030589849 
368 502 7 8 0.030541696 
88 531 8 11 0.030538017 
513 506 6 8 0.030496499 
246 502 8 10 0.030471412 
538 496 7 8 0.030338451 
414 566 8 10 0.030283485 
313 521 7 8 0.030257497 
808 548 11 13 0.030217173 
896 496 8 10 0.030195486 
999 463 8 10 0.030165896 
167 573 9 11 0.03013374 
186 525 7 10 0.030069815 
751 504 7 9 0.030060157 
507 542 11 14 0.030039048 
699 628 11 15 0.03000404 
362 504 6 8 0.02996065 
736 607 11 12 0.029951325 
32 495 6 8 0.029943304 
65 496 7 9 0.029922813 
7 496 8 10 0.029813852 
902 540 8 10 0.029797869 
417 512 7 9 0.029774414 
943 543 11 14 0.02974409 
816 557 11 13 0.029730495 
177 488 6 8 0.029694874 
279 543 7 10 0.029595098 
342 626 9 12 0.02959117 
488 503 7 9 0.029573988 
1013 559 10 15 0.029569793 
895 557 9 11 0.02952535 
1012 603 10 17 0.029488912 
169 567 9 12 0.029486312 
958 527 10 12 0.029477417 
696 502 7 9 0.029447187 
385 535 7 9 0.029378934 
577 570 10 15 0.029371606 
535 532 8 11 0.029362923 
503 564 9 11 0.029346453 
375 595 11 15 0.029270034 
655 543 8 10 0.029173175 
744 557 10 12 0.029119214 
0 608 9 13 0.029073698 
582 536 17 22 0.029070776 
200 543 8 10 0.029064259 
382 512 7 8 0.029049532 
382 584 9 12 0.029043274 
62 526 8 9 0.02903924 
761 511 7 9 0.029028585 
840 556 11 13 0.029025307 
406 527 7 9 0.028922852 
86 522 8 9 0.028885577 
104 502 7 9 0.028852377 
231 502 6 9 0.028836902 
578 518 7 8 0.02882507 
94 564 7 11 0.028820276 
405 559 8 10 0.028776681 
2 512 6 10 0.02877521 
879 671 13 14 0.02875999 
485 549 10 12 0.028665747 
114 512 6 8 0.028498437 
407 596 11 13 0.028464504 
15 510 7 9 0.028409567 
216 511 7 9 0.028407224 
881 519 7 10 0.028406776 
840 613 12 15 0.028373564 
732 584 11 14 0.028357023 
864 524 7 10 0.028312145 
138 502 8 9 0.028234774 
641 635 12 15 0.028218653 
838 497 7 8 0.028215142 
711 598 10 12 0.028172472 
402 488 6 9 0.028169172 
296 510 7 9 0.02811385 
590 567 10 13 0.02810887 
855 501 8 9 0.02802803 
670 571 9 12 0.027969519 
573 553 17 23 0.02794945 
217 495 7 9 0.027941227 
177 584 9 12 0.02784969 
710 587 10 14 0.027824393 
247 599 19 24 0.02774721 
417 489 6 8 0.027720336 
655 623 10 14 0.027697392 
184 623 9 12 0.02751023 
632 532 8 11 0.027500033 
272 504 7 9 0.027452707 
112 489 6 9 0.02743704 
159 572 9 12 0.027433103 
669 557 8 11 0.027431512 
458 497 6 8 0.027420046 
726 533 8 10 0.02741678 
687 527 9 10 0.027412241 
69 502 8 10 0.027406916 
360 596 10 14 0.02736592 
537 520 7 8 0.02735125 
464 521 8 10 0.027350219 
768 494 7 9 0.027342899 
464 487 7 8 0.027336935 
614 573 10 13 0.027316233 
895 447 6 8 0.027305199 
703 598 10 12 0.027289059 
25 512 6 9 0.027228389 
112 495 8 9 0.027217587 
589 536 8 12 0.027203629 
577 563 21 25 0.027190458 
239 488 7 9 0.027089654 
383 615 10 13 0.027087359 
353 636 10 12 0.027069755 
225 556 8 11 0.027001446 
946 519 8 10 0.026964488 
808 511 7 9 0.026922496 
664 503 6 8 0.02690988 
89 549 9 11 0.02690836 
663 630 13 17 0.026899144 
22 502 8 9 0.026842277 
4 611 11 14 0.026842067 
390 89 85 107 0.026770594 
488 598 10 12 0.026760178 
912 458 7 9 0.026736954 
471 620 8 12 0.02671072 
32 520 7 9 0.026654907 
857 519 8 10 0.026634231 
262 630 12 16 0.026631042 
301 604 10 14 0.026628755 
480 549 9 12 0.026627455 
855 527 8 10 0.026463466 
232 543 9 11 0.026430476 
382 61 217 218 0.02640812 
567 497 8 8 0.026404943 
328 480 7 9 0.02638697 
542 560 9 10 0.026353622 
5 666 15 18 0.026347272 
208 509 8 10 0.026292007 
106 555 18 22 0.026286455 
367 488 7 8 0.026270935 
729 519 7 9 0.026231648 
120 541 9 10 0.026227959 
496 588 11 13 0.026219388 
609 487 6 7 0.026143136 
686 556 9 12 0.026136119 
176 496 7 8 0.026131898 
982 524 8 11 0.02609107 
448 512 6 9 0.026058167 
744 534 9 11 0.026047846 
391 583 9 11 0.025991136 
479 519 8 10 0.02595423 
605 533 9 11 0.025936224 
440 480 8 10 0.02589967 
719 529 8 9 0.025893867 
788 366 9 12 0.025831735 
551 599 11 15 0.025807729 
810 521 8 10 0.025782607 
135 535 8 10 0.025779236 
451 626 11 14 0.025756132 
361 487 7 8 0.025664622 
792 526 7 10 0.025651691 
239 595 11 15 0.02559866 
329 492 7 9 0.025582422 
620 588 11 15 0.025555938 
120 576 9 12 0.025548132 
655 605 11 16 0.02554383 
774 607 8 10 0.025542382 
629 586 10 14 0.02552638 
761 627 12 14 0.025504092 
992 536 9 12 0.025418613 
276 582 9 12 0.025404226 
929 527 7 10 0.025388107 
671 534 7 10 0.025373168 
495 574 9 11 0.025333324 
358 548 7 10 0.025315719 
584 489 6 8 0.025292678 
13 548 9 11 0.025282843 
40 511 7 9 0.02527504 
880 535 8 9 0.025235994 
345 587 10 12 0.025235299 
288 489 7 9 0.025220215 
234 573 9 13 0.025179321 
912 563 9 13 0.025146862 
217 583 9 12 0.025133587 
455 525 8 10 0.025114318 
94 559 7 10 0.025104057 
871 518 8 10 0.02509068 
845 564 11 14 0.025084851 
817 643 10 13 0.025009159 
575 589 11 14 0.025001928 
597 572 9 13 0.024979966 
865 503 7 9 0.024949424 
810 502 7 9 0.024929853 
894 512 8 9 0.024917847 
360 512 7 8 0.024917351 
359 643 11 14 0.024917305 
503 595 10 14 0.024795054 
669 526 8 10 0.024742538 
778 511 7 9 0.024734152 
376 519 8 9 0.02473351 
916 564 11 14 0.024732262 
1000 606 21 37 0.024703285 
642 495 6 8 0.0246977 
223 489 8 9 0.024680112 
527 557 9 12 0.024669781 
472 510 8 9 0.02464226 
1006 462 8 10 0.02463793 
656 567 10 12 0.024599949 
296 653 10 13 0.024599286 
345 480 7 9 0.024576724 
721 496 6 8 0.024524502 
743 572 9 12 0.024455344 
21 665 14 16 0.024388304 
929 449 6 8 0.024387624 
695 575 9 12 0.024358347 
862 535 8 9 0.024326852 
775 518 8 9 0.024292989 
584 525 8 10 0.024288643 
401 618 11 15 0.02426546 
30 557 12 14 0.024262339 
1015 525 9 12 0.024221113 
737 503 7 9 0.024212921 
527 592 12 14 0.02421108 
616 33 198 205 0.024204694 
682 604 10 13 0.024152841 
504 604 10 14 0.02414861 
47 535 7 9 0.024101216 
717 574 10 13 0.024095654 
482 511 7 10 0.02409361 
631 559 9 10 0.02408642 
373 604 10 13 0.024070973 
224 525 8 11 0.024029778 
587 583 18 23 0.024021786 
31 595 10 14 0.023971027 
505 510 7 8 0.023957273 
279 505 7 8 0.023950152 
903 558 8 11 0.023919871 
376 534 7 10 0.023898158 
784 496 8 9 0.023818292 
960 504 8 10 0.023753686 
959 516 11 12 0.02372405 
616 504 7 8 0.023659533 
201 511 7 9 0.023651365 
504 526 9 10 0.023610376 
110 553 9 10 0.023562185 
584 506 7 8 0.023541043 
265 548 9 11 0.023461364 
532 590 13 15 0.023449153 
776 494 7 10 0.023373106 
392 525 7 10 0.023358753 
56 512 7 8 0.023328733 
925 627 13 22 0.023327824 
785 542 19 23 0.02332215 
566 573 10 13 0.023288028 
975 573 9 12 0.023261989 
805 456 9 9 0.023261517 
710 487 7 8 0.023197496 
753 496 8 9 0.02318569 
327 567 9 11 0.023175433 
557 605 12 16 0.023174148 
377 479 7 8 0.023165978 
18 527 7 9 0.023139643 
222 542 8 11 0.023119163 
879 526 8 10 0.02309801 
350 511 7 9 0.023058373 
40 575 10 14 0.023050072 
528 565 8 10 0.02299454 
830 511 8 10 0.02297282 
279 535 8 11 0.022926554 
527 503 8 10 0.0228911 
884 597 13 15 0.02288089 
863 611 12 15 0.022862336 
366 519 8 10 0.022844937 
719 518 7 9 0.022842538 
704 482 8 9 0.022812925 
814 550 9 12 0.022812607 
22 543 8 10 0.022807762 
764 651 14 15 0.022794401 
65 489 6 8 0.022724355 
416 496 7 9 0.022705955 
606 572 11 14 0.022668358 
631 494 7 8 0.022614345 
318 578 17 22 0.022567082 
295 485 6 9 0.022565262 
912 517 7 9 0.022545459 
841 617 14 20 0.022530928 
991 614 13 19 0.022491964 
433 487 6 8 0.022475338 
758 614 11 13 0.022464227 
824 502 7 9 0.022456177 
208 520 7 10 0.022435071 
793 604 9 11 0.02243446 
281 490 6 7 0.022425462 
479 543 8 12 0.022409877 
766 611 10 13 0.022381004 
528 573 8 10 0.022375863 
976 597 12 18 0.022369679 
873 488 6 9 0.022341518 
496 495 6 8 0.022336425 
670 542 7 10 0.022285962 
256 528 18 24 0.02223288 
838 527 9 10 0.022224585 
494 528 8 9 0.022204686 
95 496 7 9 0.022202088 
657 549 9 11 0.022175718 
942 465 8 9 0.022114795 
79 496 6 9 0.022041664 
143 510 8 10 0.022036621 
681 556 8 12 0.022027025 
353 527 7 9 0.022002883 
236 504 20 24 0.021982986 
157 565 10 14 0.021922879 
46 487 7 9 0.021916036 
554 489 7 8 0.021897184 
967 511 6 9 0.021883573 
1015 540 9 13 0.02187237 
468 605 9 13 0.02184883 
744 495 7 9 0.021847656 
456 576 9 12 0.021841682 
602 505 7 8 0.021817528 
479 662 12 14 0.021797985 
162 502 7 10 0.02179511 
367 610 10 13 0.021782735 
282 495 6 7 0.0217175 
219 584 19 22 0.021674743 
739 631 20 22 0.021634718 
975 596 20 29 0.021631742 
614 596 14 17 0.021626953 
384 525 7 9 0.021623095 
541 601 10 14 0.021585956 
495 533 8 11 0.021573644 
178 557 19 24 0.021572787 
287 558 10 12 0.021544028 
71 525 9 10 0.021492662 
895 539 8 12 0.021470536 
520 635 10 13 0.021442233 
693 659 10 13 0.021434821 
951 510 8 9 0.02140302 
543 487 7 9 0.02138366 
111 583 9 12 0.021360941 
303 511 7 9 0.021359945 
882 627 12 16 0.021319756 
271 534 8 10 0.021286353 
746 511 7 8 0.021276714 
641 512 7 9 0.021268575 
743 541 9 11 0.021234611 
321 479 7 9 0.021195218 
532 550 9 10 0.021131119 
895 479 8 10 0.021110645 
925 486 8 10 0.021084616 
41 494 7 9 0.021081422 
804 533 11 15 0.021075197 
500 538 18 24 0.02106083 
505 576 9 12 0.021053322 
943 504 8 11 0.021036128 
969 464 7 8 0.021028904 
849 462 7 10 0.020997988 
728 498 6 8 0.02098173 
414 574 8 11 0.02097304 
608 510 7 8 0.020966278 
57 556 8 10 0.020965962 
229 597 10 13 0.020944607 
888 553 10 15 0.020944478 
608 549 9 11 0.02092383 
0 640 9 16 0.020906687 
477 668 13 16 0.020885434 
312 541 10 12 0.020869568 
497 581 10 14 0.020857362 
743 565 10 13 0.02084778 
257 511 8 9 0.020805499 
846 571 12 15 0.020778986 
464 509 8 9 0.020776356 
705 520 7 9 0.020776259 
528 527 8 9 0.020673284 
639 557 9 11 0.020672444 
217 488 7 9 0.020661397 
334 488 7 9 0.020644654 
232 567 9 11 0.020615293 
241 588 11 14 0.020602368 
116 565 8 11 0.020595176 
646 497 20 26 0.020594802 
766 529 18 23 0.020586222 
792 488 7 9 0.020578165 
592 577 17 24 0.02057407 
860 618 12 17 0.020545527 
863 542 9 12 0.020541735 
247 674 12 14 0.020536125 
773 588 12 15 0.02052585 
250 489 7 8 0.020517025 
183 489 7 8 0.020496901 
809 488 7 8 0.020496327 
378 669 16 16 0.020489976 
98 519 7 8 0.020485181 
689 498 7 8 0.020435624 
656 495 7 8 0.020425681 
469 614 10 14 0.020406019 
0 621 9 17 0.020336129 
400 631 22 30 0.020325987 
120 490 6 7 0.020316191 
17 519 7 9 0.020302711 
54 536 19 24 0.020301795 
544 504 6 9 0.020272268 
688 625 10 15 0.02023638 
901 586 18 24 0.020220984 
351 631 11 13 0.020137753 
504 612 10 14 0.020135293 
772 653 12 14 0.02013241 
705 487 7 8 0.02012341 
202 636 10 12 0.02006126 
85 571 10 12 0.020031929 
440 487 8 8 0.020028656 
791 495 7 9 0.020023677 
632 617 12 16 0.020012205 
978 477 8 11 0.020008542 
