22_Picnic_Picnic_22_444
204
401 350 9 11 0.6573693 
295 396 10 14 0.6421211 
375 416 10 13 0.5912179 
211 400 14 18 0.50394803 
534 327 9 11 0.5001199 
207 405 12 16 0.40963987 
568 332 11 13 0.38456053 
680 336 10 13 0.38303775 
509 400 15 18 0.37861347 
454 336 10 12 0.36901927 
637 347 9 11 0.3644336 
621 427 11 15 0.31649515 
505 336 9 11 0.2901279 
503 386 11 14 0.2853894 
429 372 8 11 0.20750462 
137 347 11 13 0.20705277 
584 392 13 16 0.18265451 
813 348 10 13 0.17131057 
519 365 9 13 0.15857066 
607 328 8 11 0.13648319 
425 368 9 12 0.12465267 
449 340 9 12 0.120853454 
406 383 8 12 0.11988552 
530 328 9 10 0.096634276 
810 350 9 13 0.09518034 
466 320 10 12 0.091439135 
380 415 11 14 0.09007496 
765 336 9 10 0.08918316 
495 335 8 11 0.084895745 
717 334 9 10 0.08461587 
650 358 8 11 0.07950345 
593 365 9 12 0.07535104 
524 365 10 12 0.07515248 
577 352 10 12 0.07324865 
227 421 11 15 0.07182373 
634 344 9 12 0.07137172 
399 345 9 12 0.06320909 
797 336 8 10 0.06306528 
581 425 14 17 0.06237969 
170 348 9 12 0.058190845 
510 371 11 13 0.05808877 
811 355 11 16 0.057947755 
519 325 8 11 0.057322383 
433 399 9 11 0.055227783 
673 339 10 13 0.054704856 
583 381 12 14 0.053696726 
540 326 10 11 0.05359195 
780 350 11 13 0.05167627 
507 383 11 14 0.051614176 
623 379 9 11 0.051286407 
511 319 8 10 0.050669596 
588 306 13 15 0.050603822 
395 350 9 11 0.04932947 
203 405 10 14 0.049139075 
819 346 11 14 0.048816796 
246 318 8 9 0.048283655 
459 334 11 13 0.04826781 
210 340 10 12 0.046130657 
581 355 10 13 0.04586283 
509 338 9 12 0.04571712 
535 321 9 11 0.045584437 
592 359 9 12 0.044757593 
497 388 11 14 0.044740498 
543 320 10 11 0.044247624 
405 355 8 11 0.044244636 
500 383 19 25 0.043797642 
584 376 11 12 0.04368654 
398 367 10 13 0.04363723 
722 346 9 12 0.042783923 
505 403 12 16 0.042439763 
702 263 199 231 0.041763682 
140 355 11 13 0.041145634 
807 344 10 13 0.0408769 
921 312 9 10 0.040109694 
798 340 8 11 0.040059056 
624 358 9 11 0.039801456 
478 421 9 11 0.03973806 
565 437 12 15 0.038281117 
496 340 8 10 0.037911788 
565 463 37 42 0.037695758 
495 364 9 11 0.037472744 
262 387 10 12 0.037008032 
552 327 9 10 0.03666918 
576 426 11 16 0.03632031 
215 406 20 24 0.035702474 
370 415 9 12 0.03565079 
717 326 9 13 0.035636775 
589 333 9 12 0.035268787 
550 316 10 12 0.035113253 
557 327 9 10 0.0349843 
769 317 9 12 0.034942865 
655 379 8 11 0.034552228 
549 414 11 13 0.03433426 
687 314 10 13 0.034231342 
369 359 9 11 0.034076683 
664 336 8 10 0.033917636 
138 320 8 11 0.03377531 
505 318 9 11 0.03370829 
292 393 18 22 0.03362345 
519 320 7 10 0.03352228 
535 384 9 10 0.032976244 
519 359 9 12 0.03265287 
242 319 6 9 0.032108672 
601 326 10 12 0.032025132 
505 311 9 11 0.03177642 
571 328 11 13 0.03176882 
423 319 8 11 0.03172356 
542 414 11 14 0.031699795 
264 312 10 12 0.03169916 
615 366 9 12 0.031602245 
218 397 12 15 0.03159764 
221 415 20 25 0.031001624 
631 358 8 11 0.030842993 
631 320 8 10 0.03051189 
585 327 9 11 0.030379444 
254 413 10 13 0.030313723 
434 390 9 12 0.030262033 
621 327 8 10 0.030054988 
358 415 10 13 0.029802812 
173 344 9 12 0.029785322 
647 334 10 11 0.02961793 
143 319 9 11 0.029559098 
256 385 13 16 0.029414453 
486 419 11 12 0.029384486 
151 347 10 13 0.029131737 
655 343 8 10 0.029057886 
681 329 9 12 0.029032536 
558 318 9 11 0.027987456 
488 364 10 11 0.027976511 
471 323 200 219 0.027936913 
495 303 9 10 0.027914591 
615 326 9 11 0.027897988 
584 342 9 11 0.02783682 
271 294 7 9 0.027290827 
552 333 10 11 0.02722545 
517 397 23 27 0.027117824 
236 421 12 16 0.027117712 
279 303 8 10 0.027013348 
447 327 9 12 0.026666954 
520 310 8 10 0.026626986 
488 341 9 11 0.026584508 
615 307 11 13 0.026167732 
565 429 13 16 0.026163323 
616 392 10 13 0.026121099 
491 334 9 12 0.025934713 
298 391 11 13 0.025523333 
762 339 9 12 0.02527626 
423 335 8 11 0.025255311 
527 319 9 11 0.025096042 
337 359 8 11 0.0246885 
48 286 9 12 0.024685793 
598 319 9 11 0.02463636 
494 395 10 13 0.0245761 
766 326 10 12 0.02451469 
526 311 9 11 0.024384547 
525 350 10 12 0.02423823 
589 371 11 13 0.024155868 
378 380 8 10 0.023943484 
622 320 8 10 0.023849022 
264 350 10 12 0.023831757 
262 411 12 13 0.023728307 
59 100 16 19 0.023548521 
491 419 12 13 0.023540484 
647 351 9 10 0.023170408 
157 342 9 11 0.023143481 
72 334 9 11 0.023130007 
382 381 8 10 0.023078348 
624 351 8 11 0.022912813 
149 318 8 11 0.022866545 
685 328 10 12 0.022863125 
346 446 10 13 0.022817057 
381 342 8 11 0.022691611 
432 381 9 12 0.02257617 
621 301 10 13 0.022431308 
807 362 11 15 0.022225257 
472 359 8 12 0.022187881 
616 433 12 15 0.022057658 
618 373 9 12 0.021859583 
397 345 18 23 0.021811444 
807 334 10 12 0.02176082 
393 356 9 11 0.021681389 
721 301 9 11 0.021646414 
289 402 11 14 0.021606833 
519 350 10 12 0.021584073 
269 311 9 11 0.021550698 
407 375 8 11 0.021441862 
336 373 9 10 0.021366036 
591 316 9 12 0.021318002 
703 325 9 12 0.02127562 
807 349 19 26 0.021268062 
502 359 9 11 0.02126413 
438 360 9 11 0.021128347 
925 310 8 10 0.021109046 
654 350 8 11 0.021101037 
519 304 8 10 0.021063711 
589 326 9 11 0.020822678 
647 342 9 11 0.02078348 
567 318 9 10 0.020760946 
502 365 11 13 0.020718172 
135 338 18 23 0.020710273 
472 419 10 11 0.020543816 
494 413 10 13 0.020521665 
572 435 12 15 0.020402273 
441 369 114 123 0.020137304 
