22_Picnic_Picnic_22_308
122
383 328 34 43 0.99580765 
954 190 55 83 0.98893076 
520 302 29 28 0.96530426 
565 278 24 31 0.86622995 
816 261 12 15 0.67639035 
591 232 24 30 0.43592978 
694 249 25 31 0.37412578 
698 242 16 21 0.3190761 
801 278 11 14 0.30053604 
360 371 16 19 0.23545371 
242 254 11 13 0.23301664 
889 255 10 13 0.2218045 
765 255 11 13 0.21583778 
740 263 13 18 0.21331804 
693 237 15 22 0.2005082 
492 338 19 21 0.18023874 
638 236 11 14 0.15022248 
605 290 18 22 0.14802293 
633 235 10 13 0.14025645 
660 238 13 17 0.12267545 
630 231 10 12 0.121795475 
596 226 15 19 0.11772934 
832 289 10 12 0.10792336 
800 272 10 14 0.0859397 
838 270 9 11 0.083662435 
761 253 10 13 0.07909134 
661 196 10 13 0.07865592 
706 248 13 18 0.07651666 
588 313 26 31 0.07275205 
798 255 10 13 0.07082062 
601 244 17 22 0.06438216 
741 256 11 14 0.06279204 
725 240 9 11 0.057631675 
256 303 12 13 0.055525064 
624 228 11 15 0.05399319 
776 330 13 18 0.053615354 
820 257 11 13 0.05315742 
726 244 10 13 0.053133808 
621 234 12 15 0.05311522 
509 382 30 43 0.0524302 
613 236 11 15 0.05132059 
864 272 8 9 0.051155686 
655 242 13 17 0.050821226 
735 254 12 14 0.049567766 
833 268 10 13 0.04953116 
850 287 9 12 0.04748558 
856 271 9 10 0.04652456 
838 253 9 11 0.045681473 
472 342 26 31 0.043751426 
706 236 13 16 0.042476002 
485 340 15 19 0.041109726 
793 259 10 13 0.040282916 
509 290 15 21 0.038827304 
720 238 10 13 0.03841219 
837 275 11 13 0.037761845 
511 288 24 30 0.036917947 
745 268 13 16 0.036712863 
688 235 14 20 0.036506847 
461 381 37 46 0.035911698 
869 272 7 9 0.034419198 
694 230 13 18 0.03435035 
823 279 9 10 0.03226198 
633 207 9 11 0.032205556 
283 618 18 21 0.03217212 
645 242 12 15 0.031953014 
243 247 13 15 0.03163377 
732 246 11 14 0.031620268 
429 12 9 11 0.031050356 
856 276 9 11 0.03098353 
563 270 16 18 0.030003084 
482 375 45 58 0.02954731 
799 292 10 14 0.029499209 
783 248 8 11 0.029059352 
227 206 11 12 0.029045256 
280 200 8 9 0.028877849 
807 338 15 23 0.028855978 
245 267 14 16 0.028676767 
442 379 30 40 0.028529774 
447 82 62 65 0.02840717 
602 232 22 27 0.02812344 
838 264 9 11 0.027957432 
559 280 18 25 0.027702238 
657 202 11 13 0.027662873 
769 260 13 14 0.027042856 
664 325 17 20 0.027002573 
213 213 8 11 0.026834091 
593 247 23 30 0.026705127 
639 232 21 24 0.02648737 
848 264 8 9 0.026230713 
679 174 10 11 0.026174136 
835 285 11 13 0.026140707 
823 248 8 10 0.024169762 
282 175 8 10 0.024150861 
668 191 10 12 0.023996621 
626 221 13 16 0.023889596 
804 319 10 12 0.023717776 
732 252 21 27 0.023664823 
981 244 36 49 0.023559663 
602 221 14 16 0.023542983 
583 239 15 21 0.023416815 
236 266 13 15 0.023336193 
660 230 13 17 0.023273978 
770 254 12 12 0.02310304 
800 322 11 14 0.023037372 
558 268 14 17 0.022867808 
701 231 13 17 0.022761855 
658 245 16 20 0.022611203 
630 231 18 23 0.02246518 
829 262 9 10 0.02206447 
618 241 14 18 0.02191673 
580 228 11 14 0.02158599 
662 191 11 14 0.021569448 
758 248 11 14 0.021528106 
592 301 26 34 0.021487927 
912 160 146 189 0.02128601 
870 277 8 10 0.020907614 
832 255 9 10 0.020845503 
862 275 9 12 0.020763779 
1012 29 11 19 0.020320173 
418 495 26 29 0.020145668 
593 222 11 14 0.020076538 
764 248 13 15 0.020004679 
