22_Picnic_Picnic_22_310
104
451 211 22 33 0.99318016 
647 225 42 57 0.98967826 
854 221 27 30 0.98597425 
268 207 47 61 0.9824875 
599 185 22 29 0.98076606 
515 276 22 30 0.92124486 
761 190 21 32 0.90974504 
667 184 35 44 0.6810294 
909 237 16 23 0.48956883 
146 274 14 17 0.47825104 
980 236 26 30 0.4555096 
19 510 18 26 0.27991754 
246 248 22 33 0.2704658 
652 184 33 37 0.21683797 
969 241 29 33 0.21675527 
178 280 14 18 0.20716499 
91 301 13 18 0.17646356 
916 214 10 13 0.11948478 
902 236 15 18 0.11387224 
993 234 16 25 0.1021895 
37 278 17 23 0.10093588 
111 279 10 12 0.081835955 
158 266 13 17 0.07734526 
498 238 9 11 0.07105559 
908 229 15 21 0.06876513 
912 219 11 15 0.067861214 
898 300 37 48 0.060709186 
728 245 31 40 0.0602571 
130 269 12 15 0.059348077 
217 247 21 30 0.058606405 
523 270 15 21 0.05695871 
925 196 14 19 0.056897823 
989 204 17 21 0.053634506 
238 377 16 19 0.05103639 
758 187 15 25 0.049759123 
711 263 32 39 0.04910431 
103 305 13 16 0.04732914 
161 268 20 25 0.044609442 
491 300 11 14 0.044022586 
687 195 20 25 0.043661483 
941 245 21 28 0.0426134 
503 246 10 12 0.042097896 
983 212 26 33 0.041963965 
504 253 9 11 0.041478008 
836 221 13 20 0.040885832 
159 285 12 15 0.040445913 
740 239 26 32 0.039949108 
509 251 10 12 0.038198803 
215 244 12 17 0.036991827 
551 303 10 12 0.03693669 
219 273 18 23 0.036852192 
888 186 12 15 0.03655023 
536 307 11 13 0.036293633 
94 642 26 33 0.035778333 
503 189 11 14 0.034875043 
933 204 10 15 0.03462716 
221 258 25 30 0.034589056 
657 186 18 21 0.0344764 
162 263 13 15 0.034420088 
458 205 15 25 0.033776823 
131 269 20 26 0.03325172 
509 275 18 24 0.03288706 
836 233 10 15 0.032215297 
191 207 8 11 0.03184104 
104 278 20 25 0.030700505 
131 263 10 13 0.030528449 
143 280 12 16 0.029597133 
490 268 14 17 0.029304119 
29 280 19 22 0.0286343 
234 245 27 34 0.028384024 
479 242 13 16 0.026883274 
830 225 15 20 0.026818775 
214 254 14 22 0.026620712 
511 237 12 14 0.026345298 
511 286 30 36 0.025965462 
135 292 11 13 0.025744487 
115 275 12 17 0.02567902 
154 271 15 19 0.02535106 
527 277 16 23 0.025074355 
228 267 28 31 0.024154196 
219 264 16 21 0.02414385 
88 276 12 16 0.024051923 
918 205 12 16 0.023835028 
509 245 11 14 0.023131134 
826 214 8 10 0.023109078 
969 224 28 33 0.023013858 
420 704 25 38 0.022943843 
151 265 12 14 0.022859901 
965 209 15 21 0.02275782 
105 278 11 14 0.022613619 
484 240 11 13 0.022396117 
225 279 18 22 0.022148633 
182 236 8 11 0.022018367 
450 280 39 47 0.02196514 
963 212 23 30 0.021870442 
201 188 9 11 0.021767592 
99 295 21 26 0.021230709 
529 247 9 11 0.021202566 
533 259 11 14 0.021087855 
497 244 10 12 0.020925375 
677 178 18 22 0.020674169 
528 253 10 13 0.020566039 
908 216 20 28 0.020506743 
753 245 17 23 0.020025378 
