22_Picnic_Picnic_22_594
22
497 269 50 67 0.9981949 
787 310 55 73 0.97926015 
142 3 12 14 0.06778148 
100 416 32 40 0.06085366 
981 259 42 80 0.055841263 
413 30 11 13 0.041103326 
925 225 92 117 0.035598632 
708 290 47 51 0.03366343 
524 3 14 16 0.03231697 
450 66 16 19 0.026621835 
53 393 23 30 0.026412578 
846 243 76 109 0.025483865 
593 305 17 22 0.02544677 
420 43 23 27 0.02520208 
9 403 14 18 0.024376938 
430 3 15 19 0.023482785 
32 406 18 21 0.023009965 
127 388 12 17 0.022883061 
813 291 57 77 0.02152839 
1012 332 12 22 0.020690814 
3 396 15 20 0.020485032 
162 408 26 33 0.02002883 
