22_Picnic_Picnic_22_933
36
713 40 165 183 0.9932841 
641 188 60 54 0.963619 
224 9 179 223 0.8074728 
1 482 20 25 0.79479945 
631 406 48 47 0.6586161 
341 595 32 35 0.46068427 
708 300 34 39 0.21646802 
147 544 55 73 0.20867066 
12 6 350 443 0.18867466 
725 294 28 38 0.11166295 
5 548 44 52 0.103645355 
694 308 33 34 0.09877616 
514 574 13 19 0.08605587 
157 59 208 238 0.08268053 
181 538 19 21 0.08223437 
321 625 26 29 0.07942978 
743 278 52 63 0.044371255 
716 264 26 33 0.039777376 
666 191 55 57 0.037888065 
903 390 101 121 0.035839833 
543 593 16 20 0.03381636 
125 557 11 15 0.031574592 
500 565 13 17 0.031185064 
113 163 138 183 0.03023503 
480 580 12 17 0.028361632 
694 274 52 57 0.027571805 
171 526 29 29 0.026412236 
507 565 15 18 0.02568989 
499 75 403 446 0.0235509 
228 628 25 29 0.022774462 
50 581 24 31 0.021624327 
722 272 15 19 0.02104385 
167 537 32 36 0.021038437 
1 534 33 42 0.020805584 
343 580 14 16 0.02043046 
707 286 13 15 0.020236416 
