22_Picnic_Picnic_22_208
35
113 292 70 90 0.99843353 
705 214 80 97 0.97423404 
185 465 41 45 0.21342845 
220 569 54 51 0.12596337 
185 569 63 49 0.11518306 
564 527 10 12 0.094235584 
9 457 15 18 0.08949516 
445 502 10 11 0.07669747 
241 508 34 36 0.05757131 
499 545 13 18 0.055573344 
392 470 10 11 0.050393257 
406 478 8 9 0.039916296 
186 492 31 36 0.03650553 
358 536 9 10 0.033846203 
335 583 11 14 0.031597897 
525 528 8 9 0.031492468 
742 227 68 79 0.03149084 
398 471 8 10 0.02929833 
545 550 8 11 0.025787823 
1 460 10 16 0.025633879 
318 512 9 10 0.025235796 
497 542 11 14 0.025204042 
501 484 11 12 0.024449954 
367 535 8 10 0.02394014 
5 438 9 12 0.023762202 
502 536 11 15 0.023715856 
-20 308 451 486 0.023472305 
357 486 9 11 0.023335354 
427 461 9 10 0.022953436 
3 463 18 20 0.022756943 
23 451 14 18 0.022042284 
327 533 11 13 0.02191308 
334 584 30 31 0.02152464 
759 422 137 156 0.020450015 
225 470 47 50 0.020031406 
