22_Picnic_Picnic_22_290
130
415 411 28 37 0.9997962 
344 411 28 41 0.99919707 
617 417 28 36 0.99589217 
280 425 19 35 0.98127043 
550 429 22 35 0.42379656 
895 77 13 16 0.26507804 
807 3 11 13 0.24171175 
612 513 27 32 0.18338591 
601 426 15 20 0.17725554 
951 55 8 9 0.15768188 
861 70 10 12 0.15038754 
918 31 8 11 0.14926767 
903 12 12 15 0.12186327 
819 23 10 12 0.110098675 
967 3 9 12 0.109051764 
931 54 8 10 0.10270561 
822 14 9 11 0.100413516 
306 447 17 22 0.09827496 
960 21 8 10 0.08940321 
835 27 11 14 0.08773494 
884 30 13 13 0.081326924 
941 63 9 10 0.08011406 
920 64 9 12 0.07964741 
952 74 10 12 0.077550665 
833 23 10 13 0.07212468 
983 54 7 9 0.06810311 
909 22 9 10 0.05942569 
976 23 7 9 0.058312576 
910 61 9 12 0.05761153 
1006 37 8 10 0.05486428 
878 66 10 12 0.05300615 
912 78 8 12 0.052135278 
936 1 11 10 0.050370716 
993 63 8 10 0.0503284 
961 63 9 11 0.048545554 
823 9 10 11 0.04822061 
961 45 10 12 0.04782573 
285 523 11 13 0.046984334 
943 33 10 11 0.04664482 
923 68 10 13 0.04581155 
812 6 10 12 0.045182362 
958 69 11 13 0.0441684 
941 4 10 11 0.043944243 
856 5 9 12 0.043668613 
990 32 8 11 0.043195285 
938 31 8 10 0.043013524 
697 0 9 9 0.042278018 
924 62 11 13 0.041616235 
432 323 430 463 0.041094165 
726 30 10 12 0.04020949 
908 8 12 12 0.039791286 
984 7 9 11 0.039639145 
181 193 27 40 0.039386068 
234 433 15 25 0.039235037 
679 9 9 9 0.03863494 
829 13 10 11 0.038306378 
925 15 9 11 0.037494104 
816 37 9 12 0.03745081 
877 91 9 11 0.03734643 
966 40 8 10 0.036620867 
968 85 11 13 0.036495075 
789 48 9 10 0.0357684 
311 373 31 38 0.03558978 
942 68 9 12 0.035078418 
975 30 8 10 0.03448933 
802 5 10 12 0.03385384 
849 15 10 12 0.033633556 
952 48 9 11 0.033506036 
1000 54 8 11 0.033035096 
743 12 9 12 0.03296932 
321 368 17 20 0.03233951 
991 14 8 10 0.030952692 
862 4 11 11 0.030283427 
702 4 9 11 0.03000552 
560 438 15 23 0.029754193 
799 23 10 12 0.029673712 
974 4 10 11 0.029666424 
1001 16 7 9 0.02948765 
903 0 9 9 0.029251361 
1004 30 9 11 0.02859068 
264 430 25 31 0.02852608 
558 370 23 26 0.028247828 
1005 95 11 14 0.028088603 
919 7 10 12 0.027181359 
230 427 13 22 0.026951425 
170 201 28 35 0.026889067 
888 61 9 12 0.026433384 
686 9 8 10 0.026273856 
905 62 10 11 0.025997318 
889 80 11 13 0.025984727 
942 87 10 11 0.025983218 
893 61 9 11 0.02582843 
921 13 9 11 0.025807016 
696 373 27 32 0.025539396 
913 83 9 12 0.025425395 
982 94 9 10 0.02540233 
965 15 8 10 0.02525785 
886 84 10 14 0.025004424 
948 32 10 11 0.024655929 
712 7 9 11 0.024417808 
978 54 8 10 0.024287745 
300 407 25 36 0.023733323 
751 29 10 12 0.023706893 
615 424 16 22 0.023695694 
937 61 10 12 0.023603307 
901 70 10 13 0.023532303 
929 49 8 10 0.023112249 
934 47 8 11 0.022976406 
903 102 10 13 0.022790974 
951 15 8 10 0.022780545 
972 78 11 13 0.022711152 
889 103 8 11 0.022663934 
880 80 10 12 0.022394594 
927 21 9 11 0.022392256 
873 89 10 12 0.022356853 
286 432 22 33 0.0223334 
277 420 17 26 0.022324672 
964 68 9 11 0.022132011 
997 70 8 11 0.022076692 
860 63 10 13 0.021729 
304 384 32 42 0.021669133 
246 175 48 54 0.021657243 
700 413 17 21 0.021585183 
911 57 8 10 0.02131636 
781 31 11 13 0.020974321 
992 23 8 9 0.020934599 
714 12 8 11 0.02087708 
534 438 41 51 0.020765522 
977 17 8 10 0.020143436 
671 391 416 511 0.020013895 
