22_Picnic_Picnic_22_313
83
160 304 29 38 0.99861133 
700 276 23 33 0.9976006 
304 310 27 36 0.99696213 
618 190 24 31 0.99367946 
648 339 21 28 0.67550516 
77 211 10 14 0.6598721 
224 298 20 30 0.49140456 
771 355 33 42 0.3170243 
512 240 15 21 0.11389393 
764 284 11 15 0.1110431 
572 238 14 17 0.10297522 
243 599 11 13 0.08694864 
391 615 29 33 0.08307289 
742 266 20 27 0.08032347 
40 201 9 10 0.07696853 
785 375 19 24 0.076703474 
384 482 38 54 0.07660166 
759 278 11 14 0.06834942 
568 237 12 15 0.06627534 
429 620 9 12 0.057339724 
0 212 7 11 0.0560792 
289 633 12 16 0.052114047 
742 291 13 16 0.050635505 
746 283 12 16 0.04971068 
61 197 10 14 0.048119843 
55 216 9 11 0.046785392 
656 192 14 20 0.04678442 
0 206 6 12 0.046506807 
129 435 123 119 0.04593149 
567 455 26 29 0.04554876 
761 289 12 15 0.04467505 
73 208 11 14 0.041880794 
63 203 9 11 0.039573748 
966 182 9 11 0.039247964 
46 204 8 10 0.03699335 
371 633 14 16 0.03668623 
8 221 8 10 0.036460556 
608 14 10 12 0.03570548 
355 609 29 32 0.03566571 
333 620 23 26 0.03548932 
270 634 13 15 0.035474084 
647 356 16 24 0.034720995 
950 156 11 12 0.033089336 
56 238 9 10 0.032819666 
560 222 8 11 0.032239713 
45 200 7 10 0.032007307 
390 558 10 12 0.02993886 
407 590 11 12 0.02959076 
656 342 22 29 0.029303715 
983 182 7 9 0.029237196 
362 623 25 27 0.028826946 
769 356 20 27 0.027749747 
789 299 12 15 0.027138472 
543 248 11 15 0.026948338 
795 257 42 54 0.026451906 
397 557 10 12 0.026420938 
400 590 10 11 0.025939025 
347 620 17 22 0.025854154 
192 309 22 28 0.024807405 
572 210 25 28 0.024340075 
92 274 474 492 0.023531357 
262 634 13 19 0.0234675 
958 181 12 14 0.023459643 
335 626 14 15 0.022732807 
81 166 9 13 0.022411134 
61 220 9 11 0.022339912 
238 602 23 26 0.022298498 
214 303 22 30 0.02209634 
23 197 9 11 0.02202833 
468 637 15 18 0.02192173 
953 183 9 12 0.021877961 
789 283 13 17 0.021637691 
350 620 27 28 0.021378167 
73 206 18 24 0.021174045 
189 296 23 31 0.020828318 
13 215 8 10 0.020750364 
765 362 52 57 0.020660968 
717 323 40 50 0.020611236 
411 617 14 19 0.020523945 
56 205 8 10 0.020515911 
391 552 9 12 0.020500481 
98 196 9 11 0.020156981 
658 14 12 15 0.020116612 
