22_Picnic_Picnic_22_152
69
128 233 39 64 0.97909194 
407 218 39 44 0.9309494 
594 146 40 45 0.88993996 
862 386 41 76 0.844885 
108 365 45 72 0.31128213 
180 420 40 35 0.2969976 
618 462 24 26 0.29142517 
316 389 33 36 0.18959813 
707 420 20 21 0.1874012 
603 418 37 44 0.12901208 
23 619 156 117 0.08697387 
324 393 18 19 0.07917894 
641 422 25 28 0.07907441 
-35 573 274 176 0.07387599 
690 427 17 18 0.064707726 
297 397 33 37 0.059661146 
718 357 11 14 0.057316605 
91 394 35 54 0.057086367 
453 579 72 55 0.056195542 
606 546 36 39 0.056107618 
418 201 32 48 0.053322155 
447 557 38 48 0.045616206 
437 567 59 60 0.043288875 
933 360 64 68 0.042815138 
615 466 15 17 0.041923918 
688 417 30 31 0.041238744 
389 217 24 37 0.040926922 
719 362 13 16 0.04062588 
364 509 14 16 0.03962034 
679 462 105 116 0.03892899 
425 485 28 29 0.038002945 
720 368 29 31 0.03729444 
697 378 18 18 0.0359226 
657 387 27 36 0.034996778 
241 715 61 55 0.03421074 
854 359 78 112 0.033761013 
606 425 50 62 0.033239402 
455 562 107 90 0.032685336 
42 368 49 65 0.031150522 
375 348 51 50 0.030914804 
699 386 14 14 0.029812485 
690 376 30 30 0.02977809 
582 539 56 66 0.029226763 
669 390 49 50 0.029171722 
596 44 26 27 0.029071018 
917 344 76 57 0.028506594 
624 413 49 57 0.027557874 
678 443 12 16 0.026252449 
929 389 61 65 0.025694368 
611 555 17 21 0.025694318 
306 402 19 22 0.024892202 
694 375 14 15 0.024544623 
876 339 106 90 0.02414525 
713 358 24 28 0.02392274 
713 424 31 34 0.023655573 
38 387 31 50 0.02310784 
397 232 30 36 0.022886189 
660 412 45 49 0.022161892 
705 377 18 18 0.022143234 
853 398 32 56 0.021537876 
654 535 15 19 0.020926733 
304 395 46 60 0.02064594 
506 288 57 59 0.020624163 
663 402 12 16 0.020351477 
631 465 103 111 0.020330153 
697 368 29 30 0.020319905 
353 502 33 30 0.020162478 
161 484 57 62 0.020136455 
540 282 38 44 0.020058768 
