22_Picnic_Picnic_22_140
76
566 368 24 30 0.9945956 
312 341 26 35 0.98877597 
418 350 24 26 0.98544794 
785 380 26 33 0.9448548 
637 387 22 25 0.5403224 
922 431 16 24 0.49974838 
921 374 22 29 0.47941488 
877 377 31 33 0.26091775 
892 425 23 32 0.18740793 
613 449 22 37 0.18502645 
460 426 14 20 0.16470046 
928 378 24 28 0.10825725 
869 375 25 28 0.09525791 
630 379 23 28 0.07404391 
907 375 22 30 0.0657031 
885 389 32 44 0.06372177 
395 419 27 36 0.063316576 
626 371 16 19 0.06180135 
438 445 13 18 0.05915076 
903 423 21 33 0.05551105 
917 371 16 25 0.054103266 
81 361 29 35 0.0504491 
663 414 37 53 0.048815873 
552 407 14 20 0.04860896 
898 384 17 23 0.0484225 
857 411 24 38 0.044806026 
67 414 23 38 0.043159034 
381 451 12 14 0.042205423 
678 418 26 35 0.039392237 
395 396 17 23 0.038948655 
924 364 26 31 0.038414173 
595 527 25 42 0.038325846 
635 364 13 17 0.036493663 
0 374 10 16 0.03526046 
619 454 34 38 0.035215244 
634 370 16 20 0.03481837 
798 364 14 17 0.03385757 
937 369 18 23 0.03242017 
451 416 22 33 0.03195195 
649 368 22 27 0.031877413 
799 382 26 31 0.031513777 
744 447 10 11 0.03141097 
393 401 26 38 0.031361274 
478 464 14 17 0.030633634 
390 428 14 17 0.03020685 
619 410 17 18 0.02951912 
788 373 17 24 0.028878193 
351 472 12 15 0.028079402 
530 436 10 14 0.027692432 
645 378 24 28 0.02678847 
62 334 10 13 0.026268274 
792 364 25 29 0.026048109 
622 390 27 31 0.025855042 
618 374 21 30 0.02537486 
288 363 11 16 0.025297912 
461 447 13 18 0.025209526 
315 334 14 18 0.024821775 
598 450 26 38 0.02345522 
946 378 16 22 0.02316591 
471 565 13 15 0.02272013 
887 409 38 47 0.02259812 
683 459 38 52 0.02252193 
582 576 28 41 0.022365725 
733 448 50 48 0.022188552 
630 358 13 16 0.022091083 
657 363 13 16 0.022035234 
600 457 39 52 0.02139001 
956 423 15 22 0.021255419 
922 417 26 38 0.02087762 
272 549 12 14 0.02039063 
861 393 30 42 0.020388601 
20 350 185 264 0.020386059 
643 456 30 38 0.020347193 
858 368 23 30 0.02031284 
755 444 12 14 0.020268945 
425 377 15 19 0.020109834 
