46_Jockey_Jockey_46_779
73
539 120 52 65 0.99386555 
933 117 38 48 0.94519997 
657 293 38 57 0.56132084 
634 301 48 60 0.3530343 
989 119 27 34 0.33924806 
895 48 29 31 0.2564201 
625 313 35 45 0.25041497 
1003 198 22 35 0.17957662 
930 212 14 20 0.17456153 
116 329 19 22 0.1495775 
957 66 16 23 0.113265336 
483 439 9 12 0.1113097 
457 361 15 21 0.10662363 
493 288 16 19 0.10225252 
503 433 9 10 0.0870975 
526 432 9 10 0.08087349 
322 350 7 10 0.08061537 
922 11 14 19 0.08019934 
412 266 11 14 0.07127649 
995 117 17 23 0.06886648 
792 211 23 29 0.06868797 
496 356 12 14 0.06640117 
892 45 17 20 0.063673675 
501 437 8 10 0.06081707 
510 431 8 10 0.05330425 
490 297 15 19 0.052145816 
5 378 30 37 0.051268652 
497 282 18 21 0.05119206 
582 276 11 14 0.049535763 
980 131 31 37 0.04796864 
923 4 23 33 0.047126662 
626 331 48 52 0.045134924 
342 294 33 36 0.042757206 
949 124 31 43 0.041810006 
455 354 25 34 0.040608995 
1004 115 14 21 0.037301406 
497 438 9 12 0.036350917 
829 252 14 18 0.03435464 
930 206 25 32 0.033086408 
952 73 12 18 0.03270824 
366 333 44 51 0.03237878 
634 353 43 42 0.0318031 
513 440 8 10 0.031802483 
845 141 16 23 0.031771008 
888 43 13 19 0.03170858 
902 44 20 21 0.03080277 
886 49 47 55 0.030182036 
518 422 9 12 0.03012553 
981 101 42 57 0.02908692 
521 430 8 10 0.028859494 
500 406 11 15 0.028643435 
485 301 14 16 0.02839562 
977 25 24 35 0.026968505 
-56 182 428 516 0.026784305 
691 52 138 220 0.025967577 
628 322 17 24 0.025410276 
911 6 22 27 0.025079912 
682 105 15 21 0.024895256 
506 282 11 15 0.02484777 
519 415 8 11 0.024126796 
524 462 10 13 0.02373778 
407 268 12 16 0.023387773 
511 446 10 11 0.023013886 
598 319 15 17 0.022653542 
947 60 37 50 0.02215701 
988 135 19 23 0.02213379 
355 303 20 21 0.022082407 
190 318 18 22 0.021793213 
482 286 26 28 0.02170724 
209 284 27 30 0.021628808 
897 37 20 22 0.02137558 
629 305 15 22 0.020580944 
400 276 12 17 0.020124467 
