46_Jockey_Jockey_46_308
40
182 143 60 66 0.9993351 
704 57 60 67 0.9984559 
402 182 48 59 0.76489 
924 549 32 35 0.581501 
499 215 50 59 0.3500823 
217 264 25 39 0.2825542 
172 406 37 38 0.21452263 
539 272 48 57 0.08997724 
406 205 46 63 0.07961318 
411 241 34 42 0.075143985 
464 317 34 43 0.07332575 
191 331 42 53 0.054209854 
469 298 29 36 0.050347347 
420 311 29 39 0.04673012 
882 611 29 31 0.04531924 
513 224 55 70 0.044221595 
138 329 43 55 0.039163448 
1 155 38 59 0.033699766 
100 286 18 23 0.03368645 
111 275 25 30 0.03359437 
755 514 44 58 0.032463115 
205 273 29 35 0.03186461 
652 284 39 57 0.031694617 
409 257 45 57 0.030585572 
208 315 42 58 0.0289376 
918 541 27 35 0.028107012 
154 238 26 38 0.027748045 
479 200 354 439 0.027125534 
-6 385 53 95 0.0265868 
648 439 135 160 0.025826149 
195 279 42 50 0.025295442 
347 297 43 53 0.024510728 
440 311 47 59 0.023927815 
249 82 390 486 0.023689296 
11 331 33 49 0.023668014 
608 343 217 245 0.023253007 
224 254 31 42 0.022130955 
126 204 26 33 0.021286402 
215 247 30 40 0.020353144 
93 287 28 39 0.02032842 
