46_Jockey_Jockey_46_909
143
509 288 26 35 0.9987318 
452 416 51 48 0.9910946 
495 555 58 66 0.9785402 
783 184 16 21 0.94643825 
652 248 16 21 0.933279 
275 183 14 18 0.8994862 
913 283 18 30 0.8540251 
739 177 13 17 0.8457162 
694 181 13 19 0.83621496 
486 155 9 13 0.80426186 
210 572 48 81 0.64518267 
534 160 10 12 0.6277174 
740 268 17 21 0.5922286 
496 324 20 26 0.5908837 
643 191 11 14 0.49297294 
596 107 14 18 0.36821434 
478 190 13 17 0.29813528 
507 154 10 14 0.26648375 
677 254 9 13 0.23531453 
767 208 14 18 0.20474935 
542 157 9 11 0.16511002 
734 333 12 19 0.13178928 
569 345 29 41 0.12814032 
922 286 21 28 0.12459019 
444 327 17 23 0.11623347 
371 547 58 63 0.1073062 
604 275 21 25 0.1039076 
748 262 13 20 0.10223985 
930 276 24 30 0.08665098 
468 406 39 41 0.08544113 
550 139 10 12 0.082920544 
734 270 16 20 0.074851885 
472 180 10 13 0.07405285 
521 542 60 70 0.070938945 
726 204 10 14 0.07065486 
519 413 10 14 0.069816336 
653 291 12 16 0.068906695 
788 277 14 17 0.06888244 
248 544 80 105 0.06814362 
718 235 10 15 0.06642714 
727 282 10 14 0.06569487 
629 264 10 13 0.06501669 
668 299 14 15 0.06049235 
475 181 13 17 0.059312597 
531 163 11 13 0.05329276 
797 260 15 17 0.052319795 
719 309 12 14 0.051748022 
648 284 11 14 0.051566888 
0 212 10 20 0.050853677 
629 273 13 19 0.050752003 
527 184 8 10 0.050027575 
612 271 21 27 0.04918225 
792 186 13 18 0.048779417 
636 284 12 15 0.04709159 
446 141 12 16 0.04594463 
355 189 14 16 0.045881364 
495 149 9 12 0.04468304 
443 134 24 32 0.0436141 
636 277 11 15 0.041659597 
779 268 13 17 0.040456656 
412 220 12 15 0.037051965 
512 173 10 12 0.036864646 
706 186 12 15 0.03681703 
224 566 32 57 0.036578983 
482 152 10 13 0.036152974 
32 413 32 46 0.03567251 
923 631 47 52 0.033949908 
316 191 12 14 0.033774506 
448 320 15 22 0.03158936 
545 123 9 12 0.031347763 
502 151 18 23 0.031218417 
658 290 15 18 0.030767487 
773 188 19 26 0.030591987 
575 134 9 12 0.03050693 
782 309 11 16 0.03048666 
760 142 9 11 0.030155933 
418 359 30 37 0.029944107 
652 279 11 14 0.029601078 
475 174 12 14 0.029597674 
352 194 12 15 0.029274354 
437 110 13 16 0.029201709 
646 203 9 12 0.029182164 
496 143 9 13 0.028872445 
862 228 11 14 0.028854191 
728 338 13 17 0.028685346 
591 301 10 14 0.028623005 
701 97 12 16 0.02837138 
529 363 28 31 0.028236609 
910 278 15 24 0.028047172 
226 556 53 83 0.02772396 
806 244 11 14 0.027577225 
719 302 12 14 0.027509917 
608 157 9 12 0.027315237 
450 405 31 45 0.027293492 
482 151 17 23 0.027216759 
823 333 52 66 0.027144268 
719 293 10 12 0.026978428 
429 412 13 17 0.026954664 
671 256 12 16 0.02656021 
479 540 54 69 0.026464486 
989 627 12 16 0.026245154 
549 156 8 10 0.025398811 
595 102 22 29 0.025035284 
361 194 14 17 0.024849156 
662 297 14 17 0.024644814 
143 95 12 16 0.024608282 
454 127 10 11 0.024177477 
407 338 23 30 0.024152841 
926 654 29 33 0.024130853 
739 342 59 64 0.024006149 
546 140 9 13 0.02393787 
725 360 50 52 0.023868173 
398 197 12 12 0.023850909 
527 189 8 9 0.023835123 
631 281 13 17 0.02377966 
436 334 23 30 0.023590332 
631 291 13 17 0.023544967 
797 250 15 17 0.023308672 
791 263 22 25 0.023197189 
550 150 9 12 0.022792019 
328 556 60 67 0.022448668 
407 349 31 36 0.022380352 
732 197 11 15 0.022199474 
645 287 19 24 0.02200472 
596 299 11 15 0.021915304 
504 319 25 37 0.02190138 
699 86 22 31 0.021689365 
613 141 8 10 0.021620268 
422 649 28 34 0.021334102 
844 302 17 22 0.021292582 
509 161 11 14 0.021269428 
343 196 12 15 0.021081598 
485 401 28 36 0.021010093 
819 227 12 15 0.020998184 
682 250 14 19 0.02055569 
489 133 8 10 0.020544104 
613 150 8 12 0.020497618 
486 268 10 15 0.020461787 
608 141 9 10 0.020441515 
938 270 16 20 0.020292453 
570 134 9 13 0.020254217 
598 284 19 25 0.020113392 
786 274 24 29 0.020088427 
