46_Jockey_Jockey_46_130
30
561 95 58 73 0.9797816 
888 286 26 32 0.7621141 
534 76 70 84 0.29563046 
166 230 405 444 0.083801374 
841 96 78 114 0.06870354 
25 400 124 210 0.06638077 
518 560 123 153 0.05814152 
276 336 18 19 0.056860603 
587 19 12 14 0.053770863 
227 360 119 155 0.050714247 
306 185 95 102 0.050124153 
443 183 44 67 0.043212473 
32 356 100 151 0.037107956 
636 661 12 14 0.033424813 
831 285 14 18 0.033363037 
929 726 9 10 0.029849855 
329 222 35 37 0.027401647 
951 729 10 11 0.026902277 
933 725 9 11 0.026553769 
228 187 239 299 0.025527446 
350 363 44 54 0.02531914 
272 338 27 33 0.024132028 
966 21 11 13 0.023665464 
832 725 11 13 0.022992093 
498 207 29 43 0.022848103 
540 292 14 15 0.021883922 
297 277 217 286 0.02169037 
371 406 47 54 0.02125057 
272 350 36 41 0.02100217 
966 726 10 11 0.020671155 
