46_Jockey_Jockey_46_923
28
641 498 58 81 0.92878973 
229 556 30 51 0.29740793 
526 1047 10 13 0.0990423 
464 163 31 37 0.08667835 
543 1047 10 13 0.085958615 
520 1048 10 13 0.071875505 
548 1058 23 31 0.06779204 
448 180 16 21 0.056221973 
246 326 22 32 0.049008925 
416 1057 32 32 0.043348808 
467 164 19 23 0.042085633 
412 1059 460 497 0.035099942 
698 310 34 36 0.035080086 
615 462 100 116 0.034257565 
535 1046 10 13 0.03347717 
521 252 95 111 0.03311636 
513 1048 9 12 0.03171227 
449 1063 10 13 0.029793127 
744 522 30 38 0.029097917 
458 176 31 36 0.025752133 
466 165 49 55 0.025729882 
436 199 16 18 0.024871584 
692 525 10 14 0.023853336 
467 1220 73 57 0.022998938 
687 497 61 70 0.022344707 
481 1045 8 12 0.021207863 
453 1067 13 16 0.020818377 
460 1070 15 19 0.020526832 
