41_Swimming_Swimming_41_172
37
286 26 12 17 0.29188886 
340 52 13 16 0.28017056 
495 140 38 42 0.18235351 
281 69 11 15 0.16036575 
683 197 43 57 0.12826413 
919 3 18 19 0.108975835 
279 24 15 18 0.09970328 
726 221 43 39 0.087586075 
697 156 61 46 0.075961754 
347 42 17 18 0.07311617 
897 50 15 18 0.050345052 
328 53 12 13 0.046406176 
292 23 10 12 0.0442423 
725 240 41 41 0.04320163 
290 33 12 15 0.04033407 
295 52 11 13 0.03974613 
283 64 15 18 0.038743913 
362 65 15 17 0.036448605 
301 52 10 12 0.035285432 
968 45 13 15 0.033660706 
254 28 8 10 0.03242646 
333 46 15 17 0.028875513 
300 21 11 13 0.02797314 
660 160 12 12 0.02677424 
480 146 32 36 0.026329057 
294 45 11 13 0.024660617 
274 69 9 13 0.024330739 
367 46 12 13 0.024073305 
327 47 12 14 0.022596592 
264 31 9 11 0.022497704 
256 72 8 10 0.022487966 
321 53 11 12 0.02245254 
912 27 13 17 0.022027869 
366 52 12 13 0.021788102 
943 6 12 14 0.020928167 
272 29 10 14 0.02088602 
263 15 9 11 0.020703347 
