41_Swimming_Swimmer_41_1001
58
207 371 17 25 0.8500669 
54 421 17 23 0.35157564 
139 378 12 15 0.28632283 
79 369 15 17 0.19247298 
0 433 18 23 0.17830926 
4 369 14 18 0.12917796 
238 390 11 13 0.11212908 
148 368 12 16 0.100486726 
215 473 36 43 0.07896878 
606 343 24 33 0.072214946 
37 393 15 18 0.060192876 
190 389 30 35 0.055612404 
0 363 12 17 0.05198148 
389 346 10 13 0.045633983 
229 409 17 20 0.045500055 
124 375 10 12 0.0432212 
198 376 16 20 0.042489126 
14 381 9 13 0.041072037 
192 373 12 17 0.03886391 
291 405 12 15 0.038591858 
176 366 10 13 0.037550516 
65 360 15 18 0.034496754 
167 373 10 13 0.03399656 
138 394 14 16 0.033990014 
548 235 11 12 0.033388488 
192 356 12 14 0.03335582 
148 393 13 15 0.033302724 
0 358 10 14 0.03291289 
309 415 13 16 0.032617908 
158 372 9 12 0.031786434 
34 353 13 16 0.031631887 
240 358 11 14 0.03139316 
144 366 11 13 0.031218858 
180 364 12 15 0.030571368 
3 395 13 18 0.030197231 
203 380 25 35 0.029532723 
361 478 15 17 0.028704822 
544 206 10 11 0.028691027 
122 389 12 16 0.028643293 
116 366 10 12 0.027803032 
136 368 8 10 0.027347365 
3 389 13 15 0.026773978 
173 371 14 17 0.026609937 
84 420 15 17 0.026058687 
919 30 21 23 0.025005016 
172 378 14 17 0.02426477 
156 366 10 14 0.023774765 
174 352 9 11 0.02315599 
160 412 11 16 0.022763662 
940 56 43 65 0.022631371 
167 388 11 13 0.022547264 
22 382 11 13 0.022168923 
790 328 262 197 0.022082588 
558 202 14 16 0.021373127 
491 285 16 18 0.021109806 
811 449 14 18 0.02075042 
166 367 10 13 0.020355746 
532 214 10 12 0.020329524 
