41_Swimming_Swimmer_41_831
51
472 145 169 223 0.99928254 
839 44 44 52 0.558455 
811 1139 38 41 0.18758409 
465 1510 15 17 0.12602144 
645 1303 14 16 0.11089208 
429 1470 11 14 0.10256117 
1011 478 15 26 0.09417554 
462 1313 16 18 0.08241886 
440 1522 13 14 0.079476885 
151 460 39 45 0.076290324 
419 1396 11 14 0.05742201 
504 1326 13 17 0.054970354 
439 1314 13 17 0.05088795 
428 1366 12 15 0.049265042 
440 1307 14 17 0.046373926 
592 1386 11 15 0.045615572 
682 852 32 35 0.04479469 
527 1306 13 15 0.04029435 
173 894 12 16 0.03954704 
152 66 15 16 0.03929094 
363 1350 15 18 0.039038543 
513 1447 13 14 0.0382924 
437 1356 10 13 0.036371935 
449 1468 14 16 0.035701066 
927 762 13 17 0.0355473 
412 1301 16 19 0.03528092 
455 261 456 569 0.035076723 
379 1373 11 14 0.03307588 
361 1214 26 30 0.031101616 
449 1366 13 15 0.03099117 
549 1461 11 14 0.030679721 
619 1454 12 13 0.030339293 
438 1387 14 17 0.029269097 
1 579 25 42 0.028159466 
524 1397 13 15 0.027865238 
700 101 27 31 0.026602801 
375 1310 12 14 0.025646282 
627 1358 12 14 0.024428124 
154 895 13 15 0.024413755 
376 1406 13 16 0.023479402 
584 1430 11 13 0.023294963 
987 526 21 27 0.023032356 
635 1399 15 17 0.02283648 
544 1494 14 17 0.021697775 
535 1445 13 17 0.021632513 
687 861 37 40 0.020948775 
548 1401 13 16 0.020876564 
209 892 13 15 0.020727748 
553 1366 11 13 0.020543778 
557 1357 10 13 0.020487905 
487 1510 11 14 0.020071534 
