41_Swimming_Swimmer_41_607
145
397 81 126 191 0.9972435 
346 547 59 62 0.86795264 
230 103 9 12 0.34849158 
298 130 13 17 0.21529509 
133 39 8 10 0.18181701 
142 55 8 11 0.15268315 
220 145 12 16 0.12212633 
220 130 12 15 0.11708971 
85 119 9 11 0.1139155 
181 57 9 12 0.11029953 
6 158 11 13 0.10942024 
225 107 9 13 0.108501546 
214 109 8 11 0.1000185 
127 85 10 13 0.09951543 
152 29 8 10 0.096491635 
102 57 9 10 0.0934331 
269 155 12 16 0.09072564 
255 116 9 12 0.08706453 
188 125 10 12 0.08615239 
209 111 9 11 0.084880374 
1 122 9 13 0.08359878 
145 29 7 11 0.081768885 
86 124 9 11 0.07592482 
97 57 8 11 0.07120648 
207 48 9 11 0.070672855 
206 116 9 11 0.06976037 
168 30 8 11 0.066845685 
517 205 15 19 0.065589555 
175 113 9 11 0.060508948 
177 60 9 11 0.058548484 
184 119 8 12 0.05784957 
136 33 8 10 0.057596464 
199 47 9 11 0.056885898 
246 109 11 14 0.056134682 
201 117 9 11 0.0549333 
286 113 12 16 0.052610382 
7 121 8 11 0.050517008 
191 63 8 10 0.048340734 
261 126 9 12 0.047677167 
975 95 9 11 0.047666192 
178 299 398 375 0.04526958 
190 118 9 12 0.044322193 
40 158 7 10 0.044142563 
159 30 8 11 0.043367065 
236 102 11 14 0.04239873 
128 45 9 12 0.042021666 
279 125 10 12 0.04194161 
0 247 8 12 0.041845746 
156 23 11 13 0.041400805 
167 38 8 10 0.04118003 
104 8 8 9 0.040971763 
256 88 10 13 0.040554408 
222 201 36 57 0.039684057 
263 160 13 15 0.03875273 
118 5 9 11 0.037583683 
106 47 8 10 0.037309628 
218 127 9 13 0.0364362 
98 134 9 11 0.035664707 
189 132 9 12 0.03549123 
122 85 9 12 0.03529818 
89 61 9 11 0.035066586 
138 60 8 11 0.03469141 
96 8 8 9 0.0344021 
244 132 13 18 0.0333813 
234 183 18 22 0.033181906 
132 86 9 11 0.032123845 
216 86 10 12 0.031868964 
643 462 11 13 0.03165328 
133 43 8 11 0.031603113 
32 157 8 10 0.031596508 
238 105 12 16 0.03145626 
201 51 10 13 0.031363852 
192 70 8 11 0.031359375 
55 160 8 9 0.03028997 
110 47 8 11 0.029829934 
691 754 25 29 0.02944358 
239 127 11 14 0.028993381 
49 87 8 10 0.028839864 
285 124 10 15 0.02880419 
287 131 9 13 0.028668547 
110 53 8 11 0.028623154 
78 30 7 9 0.02824038 
231 98 10 12 0.028205102 
118 116 9 11 0.028197981 
150 53 9 12 0.028084785 
144 48 9 10 0.027902992 
225 63 95 126 0.027617073 
260 91 11 13 0.027209979 
257 156 11 15 0.026977198 
38 153 8 10 0.026839837 
572 204 13 16 0.026801126 
215 117 8 11 0.026547525 
73 30 8 10 0.026369834 
86 113 8 10 0.026271451 
216 126 19 26 0.026071992 
160 38 8 10 0.025833594 
230 193 13 19 0.025613463 
209 40 8 10 0.025241394 
198 61 9 11 0.025213053 
248 87 10 15 0.025026662 
93 102 8 11 0.025012922 
245 102 10 13 0.024958845 
23 199 9 10 0.024934446 
644 474 16 22 0.024799362 
24 121 8 10 0.024324667 
959 212 11 14 0.024026388 
260 118 9 11 0.02390964 
192 112 8 11 0.023839787 
152 36 8 11 0.02345653 
87 30 8 10 0.023454176 
296 136 14 19 0.023445062 
64 14 8 10 0.023319857 
24 155 10 12 0.023206215 
192 77 9 10 0.023074286 
55 166 8 9 0.023071093 
541 204 15 19 0.022989074 
81 112 8 11 0.02291275 
308 78 14 20 0.022890592 
128 132 12 15 0.022530945 
271 144 10 12 0.02244296 
127 127 9 11 0.02238453 
222 115 11 14 0.022352718 
110 6 10 11 0.022252636 
133 138 10 12 0.022029106 
127 52 8 10 0.021941306 
810 97 39 47 0.021896746 
158 13 10 11 0.021332193 
81 24 8 10 0.02130386 
73 128 8 11 0.021025635 
280 119 9 12 0.020964682 
168 45 7 9 0.020962005 
504 92 9 11 0.020943258 
105 87 7 9 0.02089793 
216 105 8 12 0.020884685 
0 100 9 13 0.020867424 
168 25 10 12 0.020796994 
191 141 10 12 0.02077158 
282 108 11 14 0.020620715 
31 125 8 11 0.020437162 
175 1 9 10 0.02038004 
14 120 8 10 0.020194529 
196 150 10 12 0.020086912 
181 5 9 11 0.020080635 
209 104 9 12 0.02005528 
81 125 9 11 0.020006 
