41_Swimming_Swimmer_41_843
30
776 63 86 119 0.9992982 
257 371 14 16 0.2727029 
462 206 12 15 0.23459902 
613 273 23 32 0.13785683 
454 256 23 27 0.078894705 
184 367 9 13 0.07874267 
457 252 17 20 0.07820994 
508 259 13 14 0.05404908 
526 417 227 233 0.052474707 
627 491 33 28 0.04929191 
611 483 58 45 0.034771815 
236 379 39 51 0.034664035 
498 304 31 32 0.029581815 
945 650 74 115 0.029468948 
245 393 14 18 0.02922376 
187 371 11 12 0.02903028 
37 431 11 14 0.0288611 
249 372 22 27 0.027979888 
330 383 10 12 0.027482212 
551 338 11 12 0.027016938 
562 254 9 12 0.026843298 
501 274 15 18 0.026842792 
642 492 15 16 0.026532693 
246 402 14 19 0.026514655 
507 264 16 18 0.025743857 
505 317 27 29 0.025376866 
517 260 11 14 0.023043178 
602 254 40 55 0.022663565 
517 279 14 18 0.021518523 
618 200 16 18 0.020329792 
