41_Swimming_Swimmer_41_380
100
566 106 10 14 0.8838832 
465 226 18 20 0.85785806 
605 109 11 13 0.7482581 
592 201 15 18 0.5842557 
441 275 16 18 0.4614557 
460 264 14 18 0.29926673 
556 212 11 16 0.19350748 
584 175 12 15 0.16721232 
399 293 13 16 0.11816063 
601 114 11 14 0.11214279 
499 220 11 15 0.090291716 
527 295 14 15 0.08550442 
562 139 21 27 0.08121541 
416 261 10 12 0.07941301 
584 134 9 12 0.07898635 
623 143 10 13 0.07633705 
491 259 13 15 0.07610505 
574 129 11 15 0.07604607 
482 300 26 28 0.07498305 
572 107 9 13 0.073982574 
398 282 22 26 0.07105615 
505 192 8 11 0.06827831 
569 204 12 14 0.067936 
403 273 16 20 0.0676788 
506 272 13 16 0.06587342 
908 187 33 38 0.05872287 
590 134 9 13 0.058399938 
510 134 9 11 0.055050746 
550 133 9 13 0.0531257 
561 117 9 11 0.051604934 
835 183 31 32 0.05130959 
567 129 12 17 0.05071021 
575 228 39 54 0.048730012 
503 195 12 17 0.04716809 
598 180 11 14 0.046542384 
561 248 29 37 0.043049652 
326 517 9 11 0.042903908 
409 290 16 20 0.04253837 
588 188 15 18 0.041817077 
601 258 12 17 0.041554842 
559 126 11 15 0.040599685 
467 266 13 17 0.040456757 
850 181 29 34 0.037525993 
422 470 12 16 0.035446547 
412 445 15 19 0.035204984 
599 487 25 35 0.034995545 
836 192 18 21 0.034578923 
597 187 13 17 0.03326423 
467 237 18 20 0.03323348 
906 150 13 14 0.033040427 
567 218 11 15 0.031931356 
471 302 26 28 0.031764343 
392 299 10 14 0.031749334 
518 315 52 55 0.03125364 
471 231 16 19 0.030655047 
571 198 12 15 0.030483594 
484 254 15 18 0.030300383 
494 207 20 30 0.03018475 
653 173 10 14 0.030054009 
417 308 11 13 0.030040054 
889 211 29 33 0.029961076 
602 105 18 22 0.029958822 
482 553 14 17 0.02969967 
438 303 12 15 0.029341178 
564 265 14 18 0.027434565 
867 184 24 36 0.027349377 
393 292 11 17 0.027084883 
478 293 13 13 0.026796246 
512 227 9 14 0.0246863 
384 381 10 13 0.02463986 
605 123 12 15 0.024528574 
597 132 9 13 0.024317827 
821 158 9 12 0.024057474 
570 150 14 18 0.024013389 
729 135 10 12 0.02379327 
412 266 13 18 0.02373355 
582 117 9 12 0.023645556 
815 156 11 15 0.02345771 
927 454 64 80 0.022930102 
875 412 13 14 0.02288585 
822 165 8 11 0.02270118 
550 140 9 13 0.022580016 
490 313 14 16 0.022578979 
461 299 25 27 0.022153882 
691 66 14 16 0.02209083 
460 253 16 19 0.022064509 
560 145 12 17 0.021753708 
886 182 33 40 0.02164797 
745 107 10 13 0.021453612 
525 291 23 24 0.021359477 
478 253 12 14 0.021329096 
494 352 14 18 0.021048442 
899 223 15 17 0.020965576 
510 220 11 15 0.020780165 
667 279 14 16 0.020715628 
877 201 11 16 0.020574946 
383 376 10 12 0.020513738 
491 295 17 19 0.020375729 
509 253 9 12 0.020355608 
599 151 10 14 0.020202259 
