41_Swimming_Swimmer_41_704
39
375 286 91 129 0.9376253 
204 440 68 82 0.8941379 
61 336 140 198 0.8563926 
523 274 53 69 0.7809511 
534 104 86 119 0.7632918 
740 66 80 124 0.7138233 
652 129 64 89 0.50932324 
307 126 99 136 0.43849355 
712 95 86 123 0.3160862 
468 237 91 111 0.21077216 
586 105 81 113 0.09912915 
397 217 113 165 0.09579214 
119 374 122 160 0.08658376 
564 157 44 59 0.07466238 
500 144 94 132 0.0697779 
461 164 112 155 0.054677162 
678 161 49 73 0.05134982 
321 211 144 214 0.039500836 
785 88 52 84 0.033357613 
498 116 72 86 0.0323805 
683 126 17 23 0.03230831 
635 657 17 18 0.028267598 
664 94 90 121 0.02661255 
357 147 95 121 0.026365602 
182 373 104 141 0.026362613 
727 61 63 81 0.025802579 
619 225 488 447 0.025628533 
428 161 99 131 0.025115803 
305 279 107 139 0.024011314 
421 89 30 32 0.023387805 
569 -1 29 35 0.023028499 
809 120 28 41 0.022653496 
268 453 48 66 0.021818269 
506 152 17 19 0.021475187 
779 176 14 18 0.021366738 
772 141 15 19 0.021227084 
629 137 60 87 0.020842563 
259 352 33 35 0.020539127 
284 96 162 245 0.020021955 
