57_Angler_peoplefishing_57_251
54
539 223 38 53 0.9952495 
418 299 41 53 0.9951127 
727 238 12 15 0.6488864 
458 301 25 35 0.302646 
1007 201 17 34 0.16034909 
709 230 10 12 0.10393002 
773 721 28 32 0.09523732 
726 736 42 33 0.074785516 
712 244 12 15 0.0668647 
703 269 14 20 0.061150327 
854 190 17 20 0.05833196 
1000 188 27 39 0.038008794 
872 727 25 30 0.0373741 
708 263 11 15 0.037044335 
903 184 23 33 0.031747825 
211 320 48 60 0.03056781 
886 209 15 18 0.02881848 
154 566 9 12 0.028655855 
149 592 10 11 0.027172536 
642 555 14 20 0.026622167 
662 254 12 14 0.026230954 
67 325 26 30 0.026214145 
816 730 30 35 0.02612743 
50 338 52 64 0.026046025 
931 505 35 39 0.025710871 
146 605 11 14 0.02565609 
937 31 8 10 0.025224667 
252 322 56 61 0.02519958 
134 319 41 58 0.02501235 
227 316 31 36 0.024824902 
42 332 92 102 0.024173662 
721 237 12 16 0.02416176 
891 206 12 16 0.02406766 
281 613 28 30 0.024006423 
746 244 10 13 0.023477938 
237 316 49 59 0.022532314 
150 365 51 62 0.022375766 
777 235 15 17 0.022164082 
775 671 33 38 0.021741899 
797 241 14 19 0.021718623 
63 584 11 13 0.021618035 
322 474 61 62 0.021359267 
195 341 54 69 0.02111914 
94 645 11 13 0.021097597 
77 320 43 58 0.020947961 
725 716 39 37 0.020899959 
253 644 15 16 0.020890994 
628 740 17 23 0.0205719 
596 420 30 44 0.020547444 
657 541 97 129 0.020510485 
837 261 14 16 0.020321975 
53 306 43 62 0.02023006 
6 539 48 91 0.020020405 
120 606 13 16 0.02001984 
