57_Angler_peoplefishing_57_401
27
619 213 22 26 0.9696166 
103 279 28 34 0.1585609 
254 399 9 10 0.11219797 
459 368 17 24 0.08862294 
785 301 42 56 0.08375998 
491 361 390 435 0.067558646 
437 367 49 48 0.058244407 
643 218 14 19 0.045406178 
425 381 31 30 0.040949788 
244 411 10 13 0.035264418 
442 377 17 20 0.031236561 
254 393 10 12 0.030476911 
635 215 15 21 0.029392114 
784 330 49 60 0.028996646 
453 374 16 21 0.027866196 
618 288 483 503 0.02701506 
75 365 29 33 0.02553998 
417 359 50 48 0.025029698 
110 334 29 36 0.02431347 
457 372 28 33 0.02420537 
450 376 55 50 0.023678463 
878 222 10 12 0.0228967 
681 220 11 13 0.02285232 
869 211 10 12 0.022359688 
641 231 16 19 0.021862391 
103 285 14 19 0.02182766 
177 366 30 34 0.020662637 
