57_Angler_peoplefishing_57_120
22
479 334 58 63 0.9949833 
374 979 45 61 0.5363437 
420 986 33 56 0.45983857 
233 1080 51 77 0.24870579 
159 157 242 301 0.0982407 
251 166 19 21 0.083245955 
115 561 122 105 0.06555492 
225 1037 84 110 0.057858337 
452 470 26 30 0.048130073 
67 136 223 252 0.046566833 
355 983 45 63 0.039076176 
219 997 254 212 0.03735524 
441 552 48 57 0.03669667 
649 1002 13 16 0.027670579 
247 1015 110 126 0.027250849 
464 822 31 33 0.025294637 
-8 535 451 454 0.024625266 
463 325 40 54 0.023904402 
17 16 347 441 0.023250489 
765 93 55 69 0.022129547 
453 475 15 17 0.021898543 
701 897 13 15 0.021469444 
