57_Angler_peoplefishing_57_51
61
471 121 59 54 0.99853134 
698 58 62 86 0.994501 
137 200 37 55 0.9647682 
818 123 64 83 0.90263355 
263 48 28 36 0.72644037 
369 145 14 18 0.24033661 
410 184 25 33 0.1817635 
352 145 13 19 0.14468667 
228 187 10 13 0.14101218 
312 157 9 11 0.13256902 
995 327 26 33 0.10857841 
184 326 17 20 0.08796142 
83 180 27 34 0.07992556 
333 145 16 18 0.061328102 
121 265 44 51 0.04937095 
346 33 11 16 0.048656438 
516 306 32 51 0.0430008 
386 156 13 16 0.041956045 
132 144 24 30 0.04109383 
137 140 17 18 0.040962014 
85 188 15 19 0.03994199 
327 148 13 15 0.03562688 
230 49 16 21 0.03483969 
380 229 31 48 0.03447521 
94 186 27 38 0.03417955 
418 193 32 35 0.031893145 
317 149 10 13 0.031064995 
85 133 46 56 0.030656468 
173 316 39 48 0.03010819 
268 187 9 13 0.029313885 
352 22 9 13 0.029293803 
279 101 12 17 0.028783798 
904 128 46 55 0.02875032 
417 259 54 55 0.028595261 
351 168 8 11 0.02799397 
252 139 10 12 0.026846062 
384 149 11 14 0.026700009 
1011 469 14 22 0.026364164 
851 559 66 84 0.026102448 
133 161 13 17 0.025809081 
300 158 11 12 0.025796125 
83 155 33 46 0.02573147 
413 181 14 23 0.025110688 
728 306 65 59 0.02508889 
344 168 9 12 0.02327102 
105 193 24 36 0.022696996 
171 139 11 13 0.022673853 
231 42 27 34 0.022582227 
203 145 15 19 0.022406258 
221 123 11 14 0.02239212 
238 134 10 12 0.022176886 
287 126 9 11 0.022094099 
100 192 16 21 0.022035616 
311 140 12 14 0.021860816 
839 451 187 222 0.021351146 
298 172 14 16 0.021168044 
75 93 14 17 0.020882431 
70 173 29 40 0.020687276 
886 544 105 111 0.020613384 
281 125 10 13 0.020372055 
107 195 14 21 0.020278526 
