57_Angler_peoplefishing_57_566
43
422 436 9 12 0.9209765 
471 383 12 14 0.7634308 
263 413 13 17 0.5703289 
328 416 10 13 0.5002111 
251 407 13 16 0.30171445 
503 221 8 10 0.18459032 
459 423 10 12 0.17652182 
506 447 16 23 0.15355612 
287 454 9 12 0.120581344 
508 438 12 17 0.07975636 
500 421 13 16 0.077029355 
486 415 23 26 0.07339701 
239 453 9 14 0.051567413 
566 464 7 9 0.047947675 
327 424 11 14 0.047868855 
407 432 8 10 0.04442206 
460 437 11 16 0.043963943 
431 461 9 11 0.042744998 
484 413 17 19 0.03766067 
291 453 10 12 0.037023056 
413 462 9 13 0.035362978 
395 303 14 15 0.034608882 
527 486 8 11 0.030888956 
478 400 27 32 0.030492432 
605 410 14 20 0.02925637 
254 414 15 18 0.02700836 
451 533 14 17 0.0266369 
484 399 12 14 0.026626566 
419 431 17 22 0.026284838 
504 456 13 17 0.025114756 
433 424 9 12 0.024721341 
410 378 97 119 0.02425844 
480 418 15 18 0.023920806 
417 431 11 14 0.023869246 
314 455 8 10 0.022712996 
326 455 15 17 0.022578208 
508 429 10 13 0.022531785 
437 462 8 10 0.0220681 
542 172 13 17 0.021882482 
332 426 12 14 0.021796348 
423 456 10 12 0.021108806 
424 460 12 14 0.02085426 
506 420 11 15 0.020084577 
