57_Angler_peoplefishing_57_206
68
285 804 37 38 0.96393424 
618 677 15 18 0.79357386 
171 718 23 26 0.6523187 
985 615 10 13 0.536016 
742 683 11 14 0.48862925 
797 667 15 18 0.43474412 
397 693 25 31 0.23796766 
0 498 14 22 0.20164567 
233 421 20 22 0.19140252 
366 929 235 312 0.18053481 
172 492 12 15 0.13748018 
920 706 23 25 0.13123924 
821 699 16 18 0.11643278 
119 386 34 41 0.06727507 
736 681 13 17 0.067263 
801 661 13 17 0.06229847 
916 756 17 20 0.05725798 
796 673 23 26 0.05477501 
820 767 16 17 0.05436712 
894 743 10 12 0.05388289 
690 696 13 16 0.049804855 
468 695 13 15 0.04947128 
162 749 28 41 0.049347274 
739 676 19 24 0.048980676 
178 934 396 398 0.04514257 
982 615 19 24 0.044240333 
605 696 12 17 0.04133528 
800 737 28 42 0.040836744 
198 422 26 27 0.039085805 
461 693 14 17 0.038197886 
138 592 16 19 0.037443697 
796 726 25 37 0.036683142 
95 1154 227 262 0.036354125 
812 754 28 31 0.034359377 
800 658 10 12 0.034065153 
634 613 13 15 0.034055073 
319 488 8 10 0.03331426 
140 154 15 18 0.03248723 
57 1042 388 402 0.03212894 
200 655 9 10 0.030656355 
449 719 27 35 0.029846944 
909 694 38 46 0.029712837 
462 731 35 32 0.029707674 
617 724 10 12 0.029497856 
999 625 26 39 0.026987901 
677 635 14 16 0.026240442 
637 699 9 12 0.025714407 
316 696 30 34 0.024778213 
973 651 16 21 0.023452964 
795 723 17 25 0.023392461 
579 474 136 133 0.023119228 
452 722 16 21 0.023108913 
382 1017 163 176 0.023087699 
612 682 22 27 0.02264817 
625 677 12 15 0.022067666 
685 781 493 527 0.022062426 
627 610 22 26 0.022019316 
728 682 12 15 0.021941643 
601 677 10 12 0.021603275 
465 707 42 45 0.02143079 
215 648 7 10 0.021323344 
912 706 13 19 0.02130809 
940 694 12 14 0.021102004 
709 612 14 17 0.020749152 
225 626 10 16 0.020615699 
477 725 13 15 0.02027012 
605 627 15 18 0.020216072 
819 765 34 33 0.02013339 
