53_Raid_policeraid_53_696
133
554 254 21 29 0.77325565 
421 219 23 31 0.6602142 
452 245 22 27 0.56640375 
345 224 24 30 0.55749345 
162 112 33 40 0.518766 
863 267 25 29 0.49784806 
269 204 25 31 0.41606778 
369 235 23 28 0.37667015 
270 330 120 163 0.34690964 
493 247 21 27 0.30503184 
371 221 23 27 0.25981513 
196 364 15 19 0.22097258 
559 244 23 28 0.21976651 
437 282 27 33 0.20901382 
648 270 20 23 0.18972898 
123 223 19 22 0.18950264 
869 280 19 22 0.18765926 
533 346 26 28 0.17869532 
350 196 14 16 0.14609487 
415 228 23 31 0.13319418 
775 250 38 43 0.11966806 
67 336 31 40 0.11801285 
193 212 33 41 0.116280355 
668 358 24 30 0.11400848 
217 395 16 21 0.11384351 
459 397 23 31 0.11307194 
816 34 49 59 0.111876175 
361 222 23 28 0.10556223 
517 281 17 23 0.101869516 
850 23 18 23 0.10110915 
832 285 24 29 0.09949853 
892 281 16 22 0.09541948 
339 207 14 17 0.09342832 
790 175 34 38 0.07748435 
841 26 28 37 0.0771111 
167 108 50 58 0.07247489 
259 187 42 50 0.07108605 
59 257 30 33 0.06423263 
348 210 14 17 0.05712598 
40 331 23 32 0.05284033 
882 282 23 29 0.052822072 
186 187 53 69 0.05184955 
673 273 33 35 0.05182864 
613 278 26 27 0.04930382 
132 371 59 80 0.04920499 
539 257 22 29 0.049015537 
980 7 42 71 0.047872268 
441 278 18 22 0.04721733 
831 15 29 37 0.04617199 
811 271 44 53 0.045733828 
789 442 15 21 0.04360561 
790 15 91 110 0.04321209 
67 244 32 39 0.04319883 
174 158 61 78 0.043114547 
155 124 49 60 0.043075837 
784 252 50 55 0.041117117 
442 294 31 38 0.0410338 
825 0 27 31 0.038095996 
560 350 48 66 0.037819207 
863 249 30 38 0.03779272 
930 242 47 57 0.037373308 
333 359 22 33 0.0373408 
721 0 19 17 0.036217116 
427 212 19 23 0.035560004 
810 39 34 42 0.03546948 
899 54 17 20 0.03537674 
230 401 13 17 0.035317093 
121 225 29 35 0.035215802 
769 219 31 34 0.03394107 
791 226 15 18 0.033906322 
909 248 44 53 0.03372156 
350 207 21 27 0.033648126 
730 245 30 34 0.033629246 
387 227 15 20 0.03331225 
848 276 26 32 0.033301942 
772 233 36 45 0.032864507 
354 393 16 19 0.03253756 
593 302 19 22 0.032035302 
262 303 32 40 0.031804956 
345 200 19 24 0.031452283 
862 263 18 22 0.030748453 
302 357 68 96 0.030618027 
868 284 27 33 0.030451387 
717 459 13 16 0.030291514 
353 203 16 19 0.03023389 
664 340 37 44 0.030193705 
540 345 47 60 0.029673422 
47 322 39 52 0.029219545 
842 360 25 30 0.028640755 
809 247 32 42 0.028252386 
798 221 27 29 0.026441967 
792 176 20 23 0.026275419 
783 58 27 32 0.026001351 
214 349 11 14 0.025711922 
254 272 36 45 0.025389524 
785 274 32 39 0.025249608 
86 387 47 60 0.02503128 
781 233 84 103 0.024895275 
929 260 26 35 0.02481168 
360 211 22 26 0.02477985 
805 181 31 38 0.024642102 
876 274 38 51 0.024217479 
893 264 27 33 0.024100527 
950 236 54 67 0.023857152 
411 103 411 411 0.023801075 
548 242 24 32 0.023688227 
732 234 46 54 0.023664383 
783 224 30 30 0.023530379 
846 256 40 51 0.023308808 
491 259 18 23 0.023222405 
459 240 15 18 0.023199875 
498 239 15 17 0.02319942 
156 143 60 75 0.023034796 
906 0 27 24 0.02279298 
531 262 22 27 0.022461178 
738 261 19 22 0.022102825 
240 367 8 11 0.022060698 
426 226 27 34 0.021981454 
899 0 19 18 0.021971187 
246 374 9 11 0.021567123 
845 273 15 18 0.021414239 
803 217 50 60 0.021381566 
811 48 18 22 0.021347888 
809 225 29 35 0.021258213 
248 368 8 10 0.020919576 
191 339 14 18 0.020868266 
504 253 16 23 0.02086307 
541 284 13 18 0.020768045 
894 44 27 35 0.020760927 
815 224 17 20 0.020467829 
782 422 11 14 0.020332314 
74 354 19 25 0.020036226 
505 243 16 21 0.020005118 
