53_Raid_policeraid_53_272
55
904 191 18 23 0.9295938 
582 236 21 27 0.88014644 
314 237 16 23 0.73082423 
333 225 15 21 0.48585993 
592 238 20 24 0.29702458 
667 9 49 52 0.13897277 
64 295 11 13 0.0804595 
379 300 12 15 0.078517 
325 226 18 25 0.06793491 
400 317 9 12 0.060711045 
365 331 11 14 0.05183566 
292 264 21 25 0.043497816 
155 250 44 58 0.04321494 
298 242 25 31 0.042813633 
924 194 15 19 0.042533588 
119 298 11 14 0.040637102 
331 239 16 20 0.03853332 
364 297 11 14 0.038224798 
599 142 221 333 0.03713443 
580 229 17 25 0.036952656 
637 363 10 14 0.036459524 
104 89 87 110 0.034526914 
339 222 13 19 0.034229778 
298 230 24 27 0.033602852 
340 243 12 17 0.033193987 
349 225 13 19 0.032811027 
380 318 10 13 0.029973458 
363 266 14 17 0.029859496 
291 221 22 27 0.02950013 
364 316 11 12 0.028904764 
956 1 11 10 0.028468559 
662 156 136 187 0.028439933 
600 126 394 498 0.028306913 
119 264 8 10 0.027902741 
567 301 11 14 0.027845005 
120 271 9 11 0.026986027 
140 302 9 10 0.02662255 
321 234 16 21 0.025368528 
262 301 9 12 0.02515265 
276 215 46 60 0.024660526 
516 247 15 18 0.024186406 
604 225 15 22 0.023503093 
284 308 37 53 0.02315303 
84 296 9 12 0.02254294 
277 269 11 14 0.022505885 
939 181 16 19 0.02188327 
298 304 25 30 0.021640968 
972 1 10 10 0.021585636 
136 256 45 62 0.021505527 
923 228 16 20 0.02101487 
688 437 40 40 0.020993132 
376 283 9 11 0.020952193 
100 295 10 12 0.020625299 
268 237 14 17 0.020544885 
379 307 12 14 0.020262927 
