53_Raid_policeraid_53_207
102
478 159 24 41 0.71163 
121 113 27 33 0.10733814 
327 272 7 10 0.10034719 
311 294 9 11 0.081285164 
322 271 7 10 0.08100822 
949 51 10 12 0.06648261 
748 34 25 27 0.06285684 
280 262 9 11 0.062165465 
312 335 8 10 0.05965844 
126 121 15 19 0.05843697 
279 377 8 10 0.056397922 
312 313 9 10 0.056164 
318 289 7 9 0.051085487 
304 373 8 9 0.04806686 
313 428 9 11 0.048013378 
312 288 9 10 0.047352705 
498 163 23 32 0.046602286 
318 428 8 10 0.04649037 
408 350 13 16 0.046161946 
863 28 12 18 0.04582191 
264 311 8 9 0.04578371 
775 54 10 13 0.045181442 
298 304 7 9 0.04407367 
431 198 12 14 0.042437416 
320 349 8 10 0.042385995 
295 385 7 10 0.04233938 
280 257 9 10 0.03994128 
311 409 7 9 0.03925334 
288 343 9 10 0.037416182 
321 302 7 9 0.03652563 
296 352 8 9 0.036386725 
565 455 13 18 0.03635145 
306 295 8 9 0.036168206 
312 360 8 11 0.03616186 
264 375 8 10 0.036013 
280 288 8 10 0.03570473 
256 366 10 11 0.03458564 
303 367 9 11 0.03390805 
297 335 8 10 0.032431513 
386 240 9 11 0.032103434 
297 286 7 9 0.031412985 
129 399 7 9 0.03103053 
439 194 13 17 0.030642895 
298 278 9 11 0.030589147 
303 384 8 10 0.029375387 
255 341 8 10 0.029306743 
936 96 8 10 0.029218707 
295 359 9 10 0.029139517 
1 408 7 11 0.028861923 
298 326 9 11 0.028637817 
257 358 9 10 0.028407276 
234 48 9 11 0.027926411 
287 290 7 9 0.027637387 
256 337 9 10 0.027612137 
279 381 7 10 0.027612079 
278 335 10 11 0.027541291 
225 352 7 10 0.027416786 
144 46 8 12 0.02721021 
328 295 7 9 0.026912505 
289 384 9 10 0.0267739 
413 170 16 20 0.026761493 
317 294 8 11 0.026407724 
425 206 11 13 0.026309887 
415 161 25 30 0.026017498 
408 316 13 17 0.025787633 
263 354 8 10 0.025757186 
297 402 7 8 0.025486954 
286 391 9 11 0.02466254 
223 401 8 10 0.024639541 
296 310 8 9 0.0244625 
617 279 9 11 0.02413382 
5 408 8 11 0.023606107 
312 270 8 11 0.023602953 
127 417 7 9 0.023163902 
135 95 10 12 0.023151489 
516 277 12 15 0.023110686 
318 333 7 10 0.023014106 
255 352 9 10 0.022995211 
303 264 7 9 0.022714756 
309 191 10 12 0.022681145 
286 257 8 10 0.022505539 
303 287 7 9 0.022428054 
303 319 8 11 0.022426749 
215 389 7 9 0.022339799 
272 364 9 11 0.022146754 
312 298 10 12 0.022081604 
280 424 8 10 0.021899542 
32 408 9 10 0.02187569 
528 316 12 15 0.021748614 
225 357 9 11 0.021668596 
787 48 14 16 0.021572445 
161 55 8 10 0.021419061 
311 278 8 9 0.021131594 
280 328 8 10 0.021129861 
223 405 7 10 0.021126509 
297 406 8 10 0.020821 
462 164 29 35 0.020661278 
297 263 8 11 0.020565534 
302 335 8 11 0.020319257 
279 318 8 9 0.020283269 
438 184 24 30 0.02005474 
529 420 10 14 0.02001691 
