53_Raid_policeraid_53_597
39
456 178 220 293 0.9999522 
49 175 43 59 0.24560347 
636 731 106 130 0.21814716 
268 817 228 277 0.18380989 
993 809 20 24 0.09946555 
431 864 18 22 0.081403226 
188 636 358 507 0.077568 
260 470 12 16 0.07715527 
575 670 161 241 0.07651624 
714 791 17 21 0.067891054 
877 680 99 135 0.0675568 
252 497 16 20 0.045063447 
175 547 26 32 0.04091946 
529 961 106 92 0.040059015 
530 109 50 63 0.03989174 
-2 870 27 52 0.03771885 
212 497 12 16 0.036939573 
251 505 15 21 0.034871925 
511 -43 403 515 0.034554146 
659 648 407 409 0.034389835 
919 722 60 84 0.032748815 
704 350 18 22 0.030409945 
399 687 364 476 0.028569153 
794 770 118 147 0.027676389 
225 337 14 19 0.027130611 
755 732 200 227 0.026440104 
285 867 138 160 0.026369104 
245 498 15 19 0.024047578 
597 1007 54 64 0.022683557 
259 494 16 21 0.022126688 
1003 789 20 32 0.021914544 
237 511 15 19 0.02157598 
833 701 108 130 0.021541871 
946 793 16 24 0.02152713 
226 162 14 19 0.021027649 
998 751 26 37 0.02092955 
685 1065 17 17 0.020832853 
449 889 53 80 0.0208074 
25 905 25 33 0.02010792 
