53_Raid_policeraid_53_543
62
582 193 94 117 0.9990263 
730 227 49 62 0.9803672 
163 162 22 29 0.9471325 
-3 177 41 89 0.9369928 
78 260 40 48 0.91186506 
531 285 19 23 0.8206965 
393 255 29 39 0.7608053 
485 290 21 25 0.7033293 
50 165 20 24 0.67571145 
791 230 46 69 0.6162423 
218 233 26 39 0.23776136 
89 197 15 19 0.17787912 
542 345 13 16 0.10888526 
522 283 20 26 0.097487606 
22 168 48 72 0.095212914 
449 284 22 27 0.08129978 
461 292 13 18 0.07079032 
768 223 49 68 0.06800384 
546 288 13 17 0.0625214 
294 282 13 17 0.059266377 
535 342 13 17 0.058089968 
368 194 14 21 0.057869736 
390 193 15 20 0.052193265 
715 236 39 45 0.047855753 
540 340 23 28 0.046215106 
550 308 12 16 0.04162006 
558 283 15 17 0.040375423 
928 276 57 57 0.0353838 
40 179 49 62 0.03507506 
1007 257 15 19 0.03341097 
83 200 25 29 0.033175245 
68 186 43 50 0.031724907 
939 636 61 58 0.030266773 
1002 232 21 28 0.028162085 
465 295 15 20 0.027865037 
266 185 16 19 0.02784332 
951 243 29 28 0.027500968 
384 197 23 32 0.027491318 
141 214 11 15 0.02740259 
375 255 36 38 0.02719199 
792 225 27 49 0.026904143 
498 291 14 20 0.026573563 
557 412 14 18 0.02592717 
498 626 15 17 0.025292585 
523 330 39 47 0.025178317 
320 179 11 16 0.025112651 
671 208 34 52 0.024361417 
520 357 13 15 0.02428647 
969 246 19 23 0.023910383 
153 298 29 34 0.023719598 
163 409 62 77 0.023564752 
953 658 31 32 0.023459988 
556 291 23 31 0.02285517 
325 177 12 16 0.022215124 
520 331 23 33 0.021850355 
519 279 14 18 0.021799615 
924 247 22 28 0.021260142 
276 275 11 14 0.021208338 
194 415 48 70 0.021091092 
301 266 13 15 0.020765942 
551 307 25 31 0.020540664 
139 280 47 59 0.020278187 
