53_Raid_policeraid_53_340
20
555 114 50 56 0.9954875 
461 45 38 47 0.99209774 
903 53 24 29 0.13020849 
631 137 50 61 0.08478464 
384 171 18 24 0.058626 
479 205 35 30 0.053890623 
419 167 22 31 0.043033365 
154 392 59 59 0.040882032 
596 112 16 21 0.034410547 
605 426 495 392 0.033428703 
601 150 26 36 0.031475123 
67 223 16 18 0.029037917 
907 46 16 21 0.027483243 
-65 192 406 431 0.026331455 
616 151 97 107 0.023114936 
461 195 52 59 0.022722965 
573 315 16 18 0.022598246 
494 211 21 20 0.02161505 
662 178 105 104 0.021031003 
585 109 31 38 0.0208249 
