53_Raid_policeraid_53_445
78
531 274 108 142 0.9999417 
119 166 44 55 0.98839414 
764 160 40 50 0.9842488 
368 132 48 57 0.9831729 
214 198 42 54 0.9751595 
509 188 40 48 0.9700959 
976 155 38 51 0.9660235 
423 160 36 48 0.9258071 
822 132 45 54 0.89551944 
64 182 41 51 0.8937194 
615 145 45 59 0.84816486 
217 275 34 41 0.66630024 
305 200 37 48 0.6196014 
439 159 36 43 0.39952755 
328 250 42 51 0.3934476 
946 159 27 37 0.38892716 
19 425 59 83 0.16461845 
838 106 16 19 0.15234378 
415 249 37 45 0.11596668 
717 179 30 38 0.09001742 
772 268 23 33 0.08415124 
0 117 43 75 0.07684762 
836 111 24 30 0.07578771 
108 617 32 36 0.07035927 
568 94 17 22 0.06978806 
139 149 25 31 0.0670441 
255 198 34 44 0.059467077 
292 401 25 32 0.05776959 
130 542 34 45 0.053026892 
540 132 25 32 0.051267248 
550 130 25 32 0.051236607 
284 202 40 53 0.050387863 
321 181 42 54 0.050270557 
-1 240 21 33 0.047599457 
826 101 46 58 0.044243146 
85 293 29 35 0.044125497 
840 388 41 37 0.044107545 
100 622 51 46 0.041658174 
317 222 45 55 0.04052238 
840 90 25 30 0.03959851 
233 195 43 53 0.03838409 
110 88 14 19 0.038161766 
830 100 25 31 0.037987947 
319 359 17 24 0.035473116 
119 223 364 435 0.035372328 
273 242 43 57 0.034453835 
108 625 18 22 0.034088444 
657 126 32 41 0.033826135 
497 250 35 49 0.03342724 
157 290 39 48 0.033194985 
393 142 45 56 0.032160223 
281 286 29 39 0.031219386 
469 98 24 33 0.030153519 
223 294 23 27 0.030086732 
36 423 40 46 0.029887006 
716 557 60 74 0.029259311 
597 91 16 18 0.028761094 
978 147 29 37 0.028003154 
591 106 24 30 0.025184236 
470 222 25 32 0.024303518 
204 183 42 55 0.024232732 
956 155 35 50 0.024076918 
335 165 45 57 0.023291169 
301 370 169 239 0.023156917 
308 238 93 110 0.022909537 
296 253 25 37 0.022202378 
814 261 37 52 0.022078529 
538 98 18 24 0.021970756 
372 197 40 46 0.021795807 
522 179 29 40 0.02178107 
754 250 47 63 0.021734862 
86 630 16 23 0.021020673 
302 267 50 62 0.020923382 
25 70 16 22 0.020802043 
509 99 17 23 0.020784663 
389 115 25 35 0.02065327 
894 217 45 54 0.020292586 
146 551 34 41 0.02026268 
