53_Raid_policeraid_53_858
56
292 222 25 34 0.9986155 
113 218 56 71 0.997981 
829 127 46 62 0.97933793 
410 245 22 27 0.9754278 
51 215 22 29 0.96345776 
494 141 40 54 0.33382925 
357 221 20 27 0.14336163 
46 431 29 44 0.11968528 
519 184 38 49 0.11656081 
59 215 25 32 0.1137396 
507 159 43 54 0.11165201 
726 144 35 50 0.09051154 
739 158 30 39 0.07661303 
99 186 32 34 0.074373335 
733 134 26 36 0.07436003 
547 200 42 48 0.067662425 
363 274 16 21 0.065520614 
179 230 48 63 0.06167618 
236 528 62 89 0.059651837 
188 518 14 17 0.056199864 
380 216 14 19 0.053325683 
925 58 54 91 0.052609697 
56 423 23 39 0.048585594 
44 217 39 49 0.045304906 
75 216 15 21 0.04359094 
361 192 14 20 0.043154452 
372 217 15 20 0.043104958 
193 496 91 133 0.040262863 
445 425 16 22 0.040154696 
107 196 48 61 0.037443772 
37 420 33 42 0.036379598 
330 124 106 134 0.035611823 
733 158 17 29 0.034819156 
649 379 36 49 0.031865004 
90 179 26 33 0.031038871 
386 213 13 17 0.030988708 
869 142 18 22 0.030679047 
123 188 15 17 0.030253552 
458 232 30 41 0.029651118 
56 433 44 56 0.029367521 
278 126 10 14 0.028609723 
90 443 37 53 0.028204005 
197 97 11 15 0.027538477 
531 180 49 58 0.027225347 
17 78 10 13 0.026471782 
828 330 89 140 0.026091864 
32 233 41 53 0.025844017 
405 232 35 46 0.025671845 
193 245 52 57 0.02511096 
77 208 24 33 0.02370078 
207 162 12 16 0.023519779 
18 443 28 35 0.022975534 
556 195 54 67 0.022598797 
425 278 25 36 0.021713417 
90 197 33 39 0.021557812 
20 62 9 11 0.020549994 
