53_Raid_policeraid_53_107
22
230 98 33 44 0.99605834 
853 306 39 34 0.5278432 
868 299 29 33 0.19798654 
425 242 89 105 0.16500784 
139 116 12 15 0.1480749 
512 292 12 15 0.08710312 
240 85 26 38 0.0807735 
360 320 38 49 0.05146799 
927 594 44 47 0.04560014 
834 421 53 42 0.044197097 
535 272 46 60 0.043041684 
149 116 10 12 0.037884858 
761 424 16 17 0.031183148 
209 110 32 34 0.030492509 
508 281 21 29 0.028737355 
250 85 16 23 0.028566703 
573 301 10 14 0.028488856 
295 422 12 15 0.027262539 
617 436 12 16 0.026896993 
153 114 8 10 0.02528297 
993 319 11 13 0.023419902 
881 292 25 34 0.023066632 
