53_Raid_policeraid_53_736
75
376 176 36 43 0.93386316 
491 185 39 49 0.58682805 
150 348 23 28 0.27989268 
277 207 28 35 0.26081896 
120 226 27 32 0.19956115 
614 309 47 58 0.1815792 
190 231 30 33 0.13230425 
476 192 44 54 0.07877184 
78 323 24 27 0.07642165 
186 233 20 24 0.06947523 
154 209 16 19 0.06946052 
171 245 24 31 0.061068296 
252 242 27 36 0.060732886 
459 198 40 52 0.049181346 
207 211 10 13 0.048259996 
213 221 12 17 0.04824046 
264 216 39 52 0.045872703 
108 218 28 34 0.045116104 
308 495 25 34 0.044464115 
106 212 15 18 0.042511802 
656 371 50 72 0.042352144 
229 247 17 20 0.042079505 
103 215 22 29 0.040835053 
257 243 17 21 0.040689394 
690 188 9 11 0.03802602 
743 553 14 17 0.0372055 
310 322 15 20 0.036968336 
83 336 17 19 0.036943473 
414 277 14 19 0.03648058 
344 447 10 12 0.033793166 
259 326 16 19 0.031737495 
88 325 16 19 0.0317132 
80 278 24 30 0.03160016 
162 267 24 30 0.031561058 
90 357 14 17 0.03139358 
200 220 22 30 0.031382993 
579 450 14 17 0.03099215 
101 224 14 19 0.030082509 
77 281 15 19 0.029310156 
194 226 19 22 0.029272735 
276 284 39 51 0.029130075 
105 233 28 30 0.028879449 
622 614 8 10 0.02871003 
448 211 32 43 0.028688027 
820 321 54 66 0.02840881 
91 292 15 18 0.02783166 
130 232 25 33 0.027577693 
603 299 36 45 0.02622951 
289 204 33 41 0.026032535 
79 268 11 16 0.025989844 
132 219 15 21 0.025733514 
216 242 25 30 0.024814298 
170 261 18 22 0.024785802 
308 310 24 30 0.024687426 
92 288 29 32 0.023939546 
336 240 18 18 0.02359896 
220 289 17 20 0.023155548 
195 218 16 20 0.023153545 
392 185 33 44 0.023108698 
255 239 14 16 0.023085188 
139 244 23 29 0.023035495 
157 277 26 35 0.02294251 
628 330 43 48 0.022562921 
439 340 14 15 0.022510296 
121 319 26 30 0.02248238 
154 254 27 31 0.022212453 
358 438 10 12 0.02194167 
723 515 13 14 0.021859098 
119 209 27 35 0.0214553 
190 219 14 17 0.021189084 
703 240 11 13 0.02117003 
208 230 18 23 0.021044584 
95 226 12 18 0.020703416 
181 239 16 21 0.020499332 
119 244 29 33 0.020394607 
