53_Raid_policeraid_53_368
132
822 70 102 133 0.99983966 
758 148 32 37 0.9965138 
549 134 32 43 0.9912493 
59 100 12 15 0.707994 
30 111 16 20 0.6528799 
214 99 13 16 0.47629946 
208 100 13 16 0.20705715 
285 392 14 17 0.18392307 
719 146 14 18 0.17671533 
326 386 14 18 0.14644624 
56 96 12 14 0.12708023 
395 414 19 22 0.1176282 
361 121 11 15 0.116612345 
492 393 13 16 0.116116375 
302 116 11 13 0.115759484 
66 100 11 15 0.08622515 
557 400 13 16 0.0847923 
678 137 11 15 0.079257235 
515 433 17 20 0.07813353 
452 416 14 17 0.07405975 
395 448 22 27 0.070085056 
314 393 15 19 0.0699117 
510 423 15 20 0.06566514 
446 147 11 15 0.05906091 
464 446 13 16 0.05827661 
468 448 14 18 0.057165198 
451 444 12 17 0.054986674 
386 458 15 19 0.054536115 
329 393 14 18 0.050265554 
282 400 17 21 0.049826186 
48 134 11 15 0.049359694 
602 292 15 18 0.04800637 
261 449 17 19 0.04745792 
424 183 11 13 0.047414545 
512 257 86 100 0.046109412 
318 388 13 17 0.044856347 
24 122 11 14 0.044614848 
334 301 11 15 0.043702077 
278 390 14 17 0.043694127 
459 457 15 18 0.04224212 
498 395 11 15 0.042103168 
439 145 13 16 0.040812425 
471 420 11 13 0.040583 
275 420 17 20 0.0405184 
552 395 12 18 0.04034897 
316 411 16 18 0.040056214 
476 451 12 16 0.039959494 
562 129 32 40 0.039115608 
411 444 14 18 0.037954655 
344 358 10 13 0.0362017 
516 448 16 19 0.035848435 
358 116 20 25 0.034945685 
447 178 11 14 0.034459133 
434 372 9 10 0.03443168 
596 315 16 20 0.034060165 
423 206 10 13 0.03382964 
299 118 16 20 0.033352125 
316 196 24 29 0.03333584 
564 398 13 16 0.0331129 
219 95 13 17 0.033046022 
253 450 15 18 0.033019006 
495 442 12 16 0.032258846 
459 418 12 15 0.031737216 
318 434 15 18 0.031468954 
614 553 40 40 0.031466223 
0 137 20 26 0.031274404 
709 142 13 17 0.030271035 
597 291 25 32 0.030098848 
476 475 15 19 0.029350923 
487 389 14 18 0.02929506 
424 508 10 12 0.02919283 
328 378 20 23 0.028853156 
710 140 22 28 0.028469779 
407 238 10 13 0.027907688 
382 463 14 20 0.027883776 
355 142 17 22 0.027793305 
388 154 12 14 0.027791489 
508 436 22 28 0.027687082 
453 154 15 20 0.02764346 
453 465 13 17 0.026806388 
520 428 17 20 0.026383778 
278 409 15 19 0.026217433 
470 508 14 16 0.026171654 
413 158 11 14 0.026053293 
52 138 14 16 0.02551154 
638 227 12 14 0.025440475 
502 484 13 17 0.025427084 
630 233 30 40 0.025332281 
349 174 13 16 0.025122827 
588 467 23 25 0.025071396 
396 404 16 19 0.025046146 
4 133 14 17 0.024793884 
427 188 11 12 0.024683798 
398 246 8 10 0.024465054 
407 197 12 15 0.024254793 
452 451 14 16 0.024122432 
549 388 12 18 0.024011947 
478 421 9 14 0.02385112 
557 389 13 19 0.023623334 
441 414 10 13 0.02350573 
438 475 14 14 0.023493547 
460 152 14 21 0.02337721 
458 485 13 16 0.023312757 
391 198 11 15 0.023307962 
255 442 14 18 0.023234695 
606 219 49 60 0.023005739 
437 368 9 11 0.022887636 
69 121 13 15 0.02282607 
336 295 10 13 0.022235498 
85 133 11 15 0.022195412 
566 262 12 14 0.022172399 
521 442 16 18 0.022096418 
437 510 10 11 0.022066329 
495 438 23 28 0.021891128 
383 150 13 17 0.021823717 
318 397 22 26 0.021686208 
536 425 12 17 0.021629244 
307 670 17 18 0.021456677 
317 417 25 30 0.02139392 
501 435 13 18 0.02130368 
446 153 15 19 0.021287866 
523 451 27 31 0.021273939 
559 393 21 27 0.02096561 
309 400 14 18 0.020955607 
383 212 10 12 0.020905463 
13 125 11 15 0.020826392 
446 415 12 15 0.020721564 
447 438 13 16 0.020699067 
337 287 9 11 0.020654669 
517 288 29 47 0.020579867 
333 228 14 18 0.020419434 
537 235 107 112 0.020156741 
