53_Raid_policeraid_53_489
87
55 138 39 54 0.9441196 
67 227 22 30 0.93615866 
992 307 9 12 0.31450436 
435 272 21 25 0.31011364 
670 158 26 31 0.29392606 
334 273 23 30 0.22891082 
374 170 8 12 0.1690344 
429 272 15 19 0.1464368 
931 311 7 9 0.120202154 
399 306 25 29 0.119736165 
101 335 14 19 0.10079824 
336 265 18 21 0.08352751 
480 283 12 17 0.080618404 
761 128 10 11 0.07734839 
409 305 26 26 0.07681459 
502 363 33 33 0.07518031 
582 252 25 31 0.071718775 
86 141 25 35 0.07099903 
55 228 25 30 0.06805966 
917 320 7 9 0.06396494 
425 306 17 19 0.061141066 
368 80 8 9 0.058752585 
91 346 15 17 0.053912908 
991 124 21 31 0.052948207 
918 325 8 10 0.051511694 
1006 319 7 10 0.050607495 
92 135 19 24 0.046370227 
935 335 7 9 0.04596146 
94 338 16 19 0.044405162 
933 319 8 10 0.044301387 
452 270 11 16 0.042953983 
480 264 13 18 0.042418826 
880 312 9 11 0.042314734 
650 230 46 57 0.040687498 
583 568 27 28 0.040593054 
946 342 7 10 0.039067708 
997 308 9 11 0.038353495 
966 360 8 10 0.038197897 
393 413 27 35 0.035959512 
345 276 16 24 0.035403714 
0 101 21 29 0.034348894 
554 260 25 32 0.034315385 
324 282 32 35 0.0329867 
621 41 28 33 0.03223764 
920 353 7 8 0.032216735 
928 342 8 10 0.031836346 
416 309 28 30 0.031792123 
391 304 22 29 0.03167254 
373 78 8 11 0.031668358 
92 354 15 18 0.031215217 
982 327 9 11 0.031193048 
387 343 43 68 0.030992221 
691 165 13 22 0.030444505 
592 345 59 77 0.03027008 
984 366 8 9 0.029870322 
992 315 8 10 0.029815843 
482 357 18 23 0.029348258 
1000 335 8 10 0.02912326 
681 157 17 21 0.02709181 
400 307 39 45 0.027034052 
1015 325 8 12 0.026913233 
427 279 25 29 0.025790578 
726 128 9 11 0.025315234 
966 317 9 11 0.025264015 
2 256 14 19 0.025074612 
0 111 14 24 0.024732612 
286 366 23 28 0.024706922 
1009 350 8 11 0.024504593 
929 305 8 11 0.024325488 
934 325 8 10 0.024053128 
1006 324 9 11 0.023999704 
959 341 10 12 0.023862978 
912 56 9 13 0.02363379 
929 326 8 10 0.022805192 
100 333 25 30 0.022775702 
571 255 24 35 0.022671023 
902 312 7 10 0.022517681 
651 223 30 39 0.02199084 
991 359 8 10 0.021574525 
579 127 22 27 0.021261377 
744 129 8 10 0.021139765 
961 360 8 11 0.020527443 
944 349 9 10 0.020425873 
929 336 8 9 0.020374354 
929 359 8 10 0.020255033 
961 319 8 10 0.020251168 
384 61 8 10 0.020073969 
