34_Baseball_Baseball_34_391
31
58 261 24 28 0.9839392 
553 134 31 36 0.35740167 
749 74 41 76 0.2644871 
634 114 42 44 0.22106412 
779 73 59 84 0.16362503 
85 317 13 16 0.09704079 
85 345 9 12 0.07553842 
517 208 58 64 0.065270856 
558 110 40 54 0.065036446 
86 354 30 38 0.058881823 
569 97 40 53 0.053683493 
427 342 31 33 0.04773897 
589 62 45 54 0.047678985 
70 332 11 12 0.046402846 
370 372 27 36 0.041310765 
419 352 31 36 0.03894825 
639 74 50 67 0.03789062 
784 84 89 103 0.035129298 
584 85 45 57 0.032534104 
616 87 81 97 0.032426294 
121 131 16 19 0.03192017 
530 234 65 71 0.031443115 
395 362 44 45 0.029258812 
645 65 86 122 0.028958324 
64 327 10 12 0.028050745 
419 620 60 63 0.025914736 
53 92 11 15 0.02497874 
858 433 105 115 0.024252908 
544 209 70 71 0.023435885 
459 341 11 12 0.023024958 
719 55 69 118 0.02158504 
