34_Baseball_Baseball_34_350
261
605 276 14 16 0.88890547 
655 275 13 16 0.79162526 
623 263 11 14 0.48583832 
189 137 9 12 0.40820974 
217 95 12 13 0.39307415 
585 262 12 14 0.39275986 
973 101 11 13 0.38833642 
840 118 8 11 0.36398908 
907 95 10 11 0.3552079 
595 334 10 13 0.26108542 
606 287 13 16 0.25784472 
119 7 10 12 0.24890603 
801 143 10 14 0.23973279 
784 97 10 12 0.23349388 
428 493 26 25 0.21308036 
89 117 10 12 0.18730839 
896 117 8 10 0.1851277 
359 31 8 11 0.16709068 
673 262 11 14 0.16587475 
684 21 11 13 0.15237448 
400 9 9 12 0.1411786 
897 30 8 11 0.13434826 
553 112 8 11 0.13215733 
906 99 11 13 0.12928373 
909 6 10 12 0.123493955 
486 126 9 12 0.120653875 
636 312 13 16 0.11879075 
508 30 8 10 0.11817594 
526 88 9 10 0.11688762 
620 366 11 13 0.115422636 
921 89 8 10 0.10259941 
205 125 9 10 0.1006644 
962 118 8 11 0.09667437 
482 94 11 12 0.0929689 
997 62 8 11 0.09289808 
408 31 10 12 0.09238026 
15 63 8 11 0.09122319 
615 255 8 10 0.09074265 
694 284 11 13 0.0901609 
237 119 8 10 0.089212045 
649 274 12 17 0.088288024 
885 88 8 10 0.08720045 
121 142 8 10 0.085968666 
641 268 10 14 0.08350474 
542 134 9 11 0.08236804 
753 22 9 11 0.08173224 
204 120 9 11 0.08004563 
132 63 11 13 0.07886436 
666 4 10 12 0.07734967 
646 269 12 16 0.076830395 
935 110 7 9 0.07427608 
406 9 9 11 0.07270691 
9 61 9 12 0.07230167 
174 125 7 10 0.069940835 
599 35 9 11 0.06882825 
17 7 9 11 0.068451695 
329 7 9 11 0.067176305 
958 4 9 10 0.0652733 
857 151 9 12 0.06413684 
646 264 9 12 0.06325358 
864 95 7 9 0.0627183 
999 56 9 11 0.061966475 
567 105 8 12 0.060909465 
921 120 9 10 0.06074892 
556 117 9 11 0.060420156 
611 269 15 17 0.05974041 
505 24 9 12 0.059332598 
871 97 9 10 0.059089474 
96 0 9 9 0.05855658 
801 4 9 11 0.0582536 
73 96 10 13 0.05789634 
660 279 12 15 0.05768427 
998 84 9 11 0.057522483 
89 22 8 10 0.05643589 
566 31 10 11 0.056250267 
5 120 9 12 0.05537447 
602 7 9 10 0.05490806 
345 7 10 11 0.05444567 
56 53 9 11 0.05405383 
594 131 8 11 0.05309232 
453 13 9 10 0.052244227 
134 28 9 11 0.051090367 
646 317 11 14 0.04893608 
813 109 9 10 0.048869435 
71 100 10 13 0.04880082 
579 317 12 16 0.048393834 
957 29 9 10 0.048021346 
954 31 9 11 0.047733057 
608 153 9 12 0.04742375 
688 284 12 14 0.04715379 
757 22 8 10 0.046369813 
902 109 10 12 0.04632228 
553 159 8 10 0.04605902 
666 274 14 18 0.04569718 
30 28 8 10 0.045549676 
934 104 7 10 0.045216724 
495 127 9 12 0.044117335 
910 135 9 11 0.043709416 
54 26 12 13 0.043515157 
692 287 15 19 0.04345437 
899 117 10 10 0.043214783 
549 5 10 11 0.04303641 
922 125 8 10 0.041991036 
861 154 9 11 0.041786283 
913 142 10 12 0.041712936 
739 90 15 19 0.041402213 
791 181 9 10 0.041333165 
994 185 7 10 0.04109985 
38 102 9 10 0.04109701 
1008 46 9 11 0.040829767 
487 121 9 11 0.039818633 
349 14 8 10 0.039162725 
926 94 9 11 0.039024875 
749 94 12 14 0.038788203 
687 278 11 14 0.038691662 
538 31 8 11 0.038575955 
615 33 8 10 0.037703633 
865 31 9 12 0.03762098 
816 176 10 12 0.03709132 
5 45 8 12 0.03704859 
929 112 8 9 0.037032582 
622 283 10 14 0.036949124 
498 133 9 10 0.03678853 
857 95 8 9 0.036682256 
839 101 9 10 0.035983767 
215 89 19 24 0.03573323 
832 112 7 10 0.035562105 
616 261 12 15 0.035408285 
425 111 11 13 0.035128076 
653 319 14 17 0.035114124 
641 339 10 13 0.03505802 
874 63 8 10 0.035047557 
846 32 9 12 0.034672633 
473 134 9 12 0.034436617 
953 0 9 10 0.033567455 
587 272 14 16 0.03324644 
440 37 8 11 0.033199288 
382 0 10 9 0.03307826 
40 111 8 10 0.032923043 
135 166 11 15 0.03287963 
990 126 8 10 0.032849748 
47 47 12 13 0.03250271 
630 32 8 10 0.032153394 
552 268 11 13 0.03195609 
108 155 12 14 0.031676795 
21 63 9 12 0.031551123 
891 117 9 11 0.030920109 
64 71 11 13 0.03070769 
61 55 11 13 0.030672 
675 274 13 16 0.030665591 
330 12 11 14 0.030556882 
16 110 9 10 0.030511118 
649 324 11 14 0.03031012 
901 29 8 10 0.030289933 
352 56 10 13 0.030009422 
598 132 9 10 0.02994621 
558 111 8 11 0.02978209 
894 7 8 10 0.029467793 
621 274 12 14 0.029364051 
738 12 8 11 0.029333632 
509 36 10 13 0.029211242 
834 117 9 11 0.029136369 
890 111 8 11 0.028914256 
902 24 9 11 0.028896788 
864 137 8 10 0.028737374 
1007 157 7 10 0.028217504 
853 15 10 12 0.02806485 
459 224 574 373 0.02779278 
644 340 14 15 0.027470665 
679 119 8 10 0.027415304 
143 36 10 11 0.027211612 
95 13 10 12 0.027135981 
644 309 10 14 0.02704269 
600 271 11 16 0.026882438 
595 344 14 17 0.026421817 
567 97 10 12 0.026395174 
7 56 7 11 0.026273523 
782 36 9 11 0.026253937 
597 330 11 14 0.026090244 
374 37 8 10 0.02607978 
26 29 9 11 0.025984343 
1007 52 10 12 0.02598407 
391 7 10 12 0.025926018 
911 39 8 10 0.025632821 
572 255 10 13 0.025333548 
184 128 9 10 0.025326625 
422 5 9 11 0.025175257 
301 57 13 16 0.025149103 
109 24 10 11 0.02514328 
37 96 9 12 0.024985192 
637 304 14 17 0.024737913 
72 27 11 14 0.024594117 
732 77 40 52 0.024506886 
129 29 8 11 0.024461182 
652 315 26 29 0.02444704 
630 324 11 15 0.024360478 
930 101 8 11 0.02425846 
788 100 8 11 0.02420485 
903 90 17 22 0.024055395 
983 0 9 8 0.02397375 
660 317 15 18 0.023789175 
182 129 19 25 0.023673184 
628 274 12 15 0.02343009 
541 30 9 11 0.023363672 
17 104 8 10 0.02334286 
54 88 9 11 0.023182677 
700 279 9 13 0.023126993 
382 6 11 11 0.023074208 
994 85 9 11 0.023060694 
610 254 8 11 0.023036567 
48 28 10 12 0.022929598 
238 124 9 10 0.02288107 
488 62 11 11 0.022794234 
969 96 10 13 0.022784889 
954 24 9 11 0.022748532 
800 22 10 13 0.022677025 
150 32 8 9 0.022551468 
1002 157 8 11 0.022440352 
694 326 12 14 0.022404982 
905 90 9 11 0.022393214 
953 36 9 10 0.022362215 
987 127 7 10 0.022322822 
1015 136 7 11 0.022289367 
54 38 10 13 0.022257684 
666 108 9 12 0.02213403 
526 120 7 9 0.022123674 
149 86 12 13 0.022049122 
668 318 13 15 0.02195747 
606 32 8 11 0.021874083 
638 333 12 15 0.021666164 
907 106 12 13 0.021601865 
993 57 9 11 0.021480538 
605 334 10 12 0.021467462 
731 84 25 33 0.021428455 
509 42 11 13 0.021387279 
653 308 12 14 0.021238755 
653 302 10 13 0.021157304 
896 35 9 11 0.021104677 
700 328 12 14 0.021050273 
126 37 10 12 0.02102593 
214 135 10 11 0.020906596 
675 412 13 16 0.020899149 
1 61 9 13 0.020770732 
23 69 8 11 0.020747773 
967 107 12 15 0.020738179 
238 112 8 11 0.020709293 
933 21 8 11 0.020705715 
376 0 9 10 0.020670662 
538 25 8 11 0.020606592 
96 5 11 13 0.02054967 
755 94 11 13 0.02046735 
128 65 12 15 0.02046435 
791 31 10 12 0.020457914 
151 92 10 12 0.020450301 
267 234 31 41 0.020364918 
897 150 10 11 0.020353837 
999 188 8 11 0.020293228 
642 311 20 25 0.02025133 
232 123 10 11 0.020248465 
966 125 8 9 0.020142525 
671 256 18 24 0.020023737 
