34_Baseball_Baseball_34_356
28
573 239 140 169 0.9993217 
541 0 39 49 0.31076545 
507 302 53 72 0.21749026 
582 30 94 148 0.13006616 
550 4 49 65 0.11085588 
13 394 191 321 0.092628464 
496 614 55 76 0.07273456 
-9 648 358 476 0.07109404 
589 21 54 83 0.06397369 
365 505 432 510 0.057428226 
376 1127 58 74 0.043478806 
522 39 210 293 0.040727936 
573 8 55 69 0.034932677 
538 19 88 116 0.027656374 
595 6 34 47 0.025733372 
505 41 95 127 0.025718117 
471 25 32 32 0.024292842 
444 23 149 244 0.02274161 
384 1203 61 62 0.022599384 
330 853 397 532 0.02231232 
60 298 183 291 0.022063643 
462 63 94 129 0.022058874 
188 1245 15 18 0.02180971 
516 86 58 71 0.021760771 
457 17 28 36 0.021471666 
835 165 159 256 0.02137363 
405 17 34 40 0.021266326 
44 42 174 294 0.020989073 
