3_Riot_Riot_3_186
29
209 27 66 76 0.9893357 
386 50 43 51 0.9884566 
790 142 17 21 0.7158851 
544 41 39 53 0.5873268 
611 -1 38 26 0.3407133 
167 158 14 20 0.2662818 
217 321 53 62 0.14325109 
332 25 42 50 0.11313506 
355 19 31 41 0.086456195 
757 116 13 16 0.07045769 
404 0 28 24 0.06562515 
627 50 94 110 0.06052612 
315 99 43 54 0.05726508 
664 54 91 122 0.04723662 
315 40 51 60 0.0407079 
349 1 36 36 0.039768483 
393 313 90 106 0.039601605 
784 144 15 21 0.03819586 
349 46 41 51 0.037328154 
553 22 49 60 0.037127603 
758 108 23 31 0.03153338 
335 235 51 56 0.026962731 
609 -1 59 60 0.02609102 
500 190 27 35 0.024107812 
746 95 48 64 0.023111027 
657 88 31 35 0.022852488 
568 12 53 59 0.022747524 
699 101 91 114 0.022234047 
577 20 31 35 0.02093574 
