3_Riot_Riot_3_506
104
194 165 83 111 0.9819905 
448 261 30 36 0.9711662 
475 291 17 21 0.1942552 
663 11 13 15 0.1614503 
750 124 44 51 0.16133022 
583 427 16 22 0.14623246 
2 338 17 20 0.1229219 
468 3 24 29 0.07827481 
583 41 15 21 0.07703194 
476 296 21 31 0.072007656 
713 159 25 26 0.070499845 
684 34 13 17 0.06852181 
99 323 55 57 0.06675185 
707 163 16 18 0.06322295 
511 119 12 18 0.06300827 
486 121 10 13 0.063004985 
363 394 13 20 0.06169356 
812 296 26 33 0.050583422 
786 133 27 37 0.050526373 
583 289 48 64 0.047820874 
850 203 13 16 0.047067076 
937 312 84 148 0.046822276 
657 34 11 15 0.045203336 
1 408 26 30 0.0448156 
855 378 10 13 0.044265453 
657 7 11 14 0.044083532 
463 270 17 22 0.043884538 
838 366 11 13 0.042896986 
796 141 13 17 0.04234375 
765 357 9 11 0.04189035 
605 51 12 16 0.041236345 
422 447 38 40 0.04065572 
949 344 53 89 0.039983418 
851 420 15 18 0.03914562 
852 415 12 14 0.038098477 
77 350 16 21 0.036933415 
797 383 10 13 0.036898643 
325 206 37 55 0.034635402 
621 19 10 14 0.03413611 
387 0 21 18 0.0324308 
117 344 15 18 0.031769827 
791 157 12 14 0.03171372 
658 75 24 28 0.031489804 
790 163 13 16 0.031136982 
390 298 13 17 0.030554617 
642 28 11 16 0.02988288 
837 179 12 17 0.02961318 
408 592 11 12 0.028632054 
644 94 16 19 0.028470172 
329 209 25 32 0.028267233 
608 10 12 15 0.028181352 
549 0 14 13 0.027342545 
445 298 23 30 0.027186427 
708 192 37 44 0.026382115 
842 226 57 56 0.026245398 
787 168 26 31 0.026120745 
644 52 10 13 0.025838517 
553 229 26 34 0.025833745 
616 40 11 13 0.025520425 
816 398 9 10 0.025116276 
87 379 449 450 0.025052097 
79 325 53 61 0.025020624 
364 429 32 43 0.02485889 
333 213 15 20 0.024634082 
497 78 9 12 0.024607982 
573 212 26 33 0.02426238 
774 350 9 11 0.024154907 
731 184 14 18 0.023850666 
705 39 9 11 0.023831924 
513 78 11 13 0.023741296 
556 207 40 50 0.023740672 
481 116 13 16 0.023674013 
840 230 33 33 0.02342494 
546 358 16 21 0.02284343 
361 508 32 33 0.022841088 
834 364 11 13 0.022778817 
374 484 12 13 0.022778403 
503 109 9 12 0.02277378 
702 166 34 39 0.022764089 
470 309 23 34 0.022665953 
721 61 11 14 0.022226825 
410 462 31 36 0.022030564 
501 61 10 14 0.021738786 
450 266 41 49 0.021569977 
758 181 14 17 0.021402366 
764 150 16 20 0.021349791 
645 46 10 12 0.021336902 
692 67 18 22 0.021247918 
768 248 30 32 0.02121963 
722 22 11 14 0.021213952 
136 89 158 197 0.021186467 
222 167 100 125 0.021012884 
855 246 38 43 0.0209819 
455 301 29 38 0.020928543 
401 312 25 29 0.020813845 
800 423 9 11 0.020808075 
574 69 12 15 0.020798935 
646 85 24 27 0.020770779 
719 39 9 12 0.020764632 
109 335 31 32 0.020681791 
720 170 28 35 0.020594284 
815 366 10 12 0.02057042 
543 87 10 11 0.020408105 
814 440 12 14 0.020086892 
