3_Riot_Riot_3_415
92
842 415 26 37 0.9853336 
389 266 25 30 0.91564894 
654 244 14 24 0.88493747 
516 266 21 29 0.8783512 
798 238 16 25 0.8719325 
711 235 20 28 0.8695419 
136 207 23 27 0.84572464 
308 278 24 31 0.7526481 
291 238 23 32 0.74925387 
979 362 16 22 0.6378923 
442 226 20 29 0.5644693 
901 218 25 33 0.496271 
747 269 15 19 0.3538081 
657 303 16 23 0.25644276 
367 291 22 27 0.23640217 
228 274 23 28 0.20802337 
276 189 16 23 0.20521837 
555 261 14 19 0.19017443 
245 327 28 37 0.17718312 
702 316 26 40 0.16773948 
894 231 24 35 0.11212253 
915 421 35 28 0.11201938 
909 214 15 21 0.110731155 
508 250 27 36 0.0972481 
708 329 15 22 0.09487665 
982 373 28 28 0.08965413 
355 272 17 21 0.08526251 
840 262 12 14 0.076733105 
1004 286 17 23 0.057079062 
263 294 24 32 0.055516716 
965 377 53 47 0.054873653 
165 319 64 55 0.053910233 
702 279 18 22 0.052971177 
361 280 20 27 0.051613547 
982 360 25 28 0.04732529 
277 233 22 31 0.04713614 
612 313 20 28 0.04665762 
609 349 8 11 0.046388343 
279 183 13 17 0.046158593 
297 251 28 33 0.046119947 
947 390 73 57 0.044734124 
901 403 119 88 0.04372006 
305 337 14 21 0.043606296 
870 393 15 19 0.04169316 
806 239 18 21 0.03962451 
374 279 24 30 0.039605916 
666 313 15 20 0.038353335 
561 282 18 20 0.03694785 
625 404 11 13 0.036783986 
553 266 26 29 0.036726907 
864 298 11 14 0.036668018 
290 264 27 32 0.035033356 
335 320 23 28 0.03470472 
758 432 17 22 0.034095123 
236 277 27 35 0.032715835 
398 254 25 33 0.032530144 
561 259 16 22 0.032123193 
748 316 40 50 0.031756558 
740 258 23 28 0.030775577 
510 264 17 27 0.030345472 
1005 278 13 17 0.029884908 
999 281 15 20 0.029774712 
351 298 26 29 0.029264636 
508 255 16 24 0.029246435 
433 278 26 39 0.028342018 
139 200 16 20 0.028055077 
888 242 23 32 0.027332265 
210 268 13 18 0.027264562 
692 324 28 38 0.026902149 
869 508 27 30 0.026083095 
306 258 28 35 0.025983859 
893 248 29 36 0.025840005 
712 321 28 40 0.025514405 
850 308 14 15 0.024979267 
753 304 27 28 0.024568826 
223 280 16 20 0.024197727 
1011 389 12 19 0.024096154 
256 340 19 25 0.02354454 
340 307 25 27 0.023260541 
149 284 14 17 0.022995565 
758 421 30 33 0.022672322 
997 385 23 30 0.022594724 
724 339 23 33 0.022486549 
703 297 24 31 0.022485742 
873 391 25 28 0.022204095 
155 253 18 19 0.022051835 
992 384 19 21 0.021809597 
389 260 16 23 0.02113937 
195 327 52 53 0.020983921 
325 359 17 20 0.020944098 
838 374 201 229 0.020806994 
884 322 13 17 0.02073932 
