3_Riot_Riot_3_273
35
238 320 32 38 0.99493545 
306 234 26 34 0.99194884 
97 415 44 58 0.9796969 
377 322 18 23 0.8030478 
349 337 23 29 0.8013846 
168 100 48 53 0.74355847 
466 390 48 52 0.6624449 
65 172 18 24 0.21781999 
398 101 40 49 0.11742173 
219 397 43 62 0.09486119 
388 383 16 22 0.0753622 
331 347 16 20 0.072881535 
308 139 26 31 0.04431181 
360 326 23 29 0.036849618 
398 224 97 95 0.03308486 
366 282 13 17 0.032645114 
334 343 22 30 0.03221485 
342 326 40 48 0.030328486 
343 330 15 19 0.029619895 
289 355 25 30 0.028995674 
536 183 46 65 0.027927915 
570 73 416 522 0.027014814 
295 391 27 31 0.02620182 
346 324 24 31 0.024471663 
180 112 51 56 0.023622073 
290 333 23 28 0.022921331 
371 308 14 16 0.022797994 
372 301 12 14 0.022759708 
295 401 13 20 0.022506747 
262 319 26 33 0.02225358 
342 437 30 33 0.022098005 
377 387 21 31 0.021525072 
361 346 16 20 0.021484502 
413 351 12 17 0.020679645 
274 273 23 29 0.020083865 
