3_Riot_Riot_3_101
77
728 334 51 58 0.9509015 
776 61 59 57 0.9332689 
1 251 59 75 0.82552123 
612 2 57 62 0.4203266 
166 64 48 43 0.41716224 
500 232 61 67 0.37662354 
567 3 42 56 0.22983263 
651 129 56 62 0.20519389 
841 226 51 63 0.18713361 
968 112 55 103 0.14569646 
501 242 91 113 0.1197273 
104 179 27 33 0.1029942 
702 21 36 44 0.087787986 
173 68 57 66 0.08419525 
556 227 49 62 0.08367216 
279 121 30 34 0.068907335 
466 210 31 37 0.0666204 
746 56 59 71 0.06464798 
810 66 40 51 0.060453895 
191 207 31 38 0.05761342 
231 153 15 18 0.050555617 
386 137 448 500 0.048871078 
268 128 34 39 0.046491366 
764 80 66 71 0.04638175 
554 6 35 52 0.046322268 
158 146 16 19 0.04506049 
896 186 56 50 0.04391884 
934 118 55 74 0.043757573 
145 34 90 79 0.040354766 
672 321 35 43 0.038630232 
20 283 34 49 0.0367842 
359 333 45 62 0.03483467 
882 -1 27 31 0.034239773 
641 10 53 58 0.03415498 
221 62 14 16 0.03362903 
545 175 63 56 0.03345942 
132 43 57 61 0.03303648 
724 21 43 57 0.032074094 
191 62 37 38 0.031665288 
707 6 40 43 0.0312955 
229 -1 55 53 0.030947017 
2 287 38 54 0.030844105 
743 32 46 60 0.029184412 
867 224 52 56 0.028736083 
25 475 11 15 0.02851719 
876 0 18 21 0.028442634 
517 206 67 73 0.028066816 
675 19 48 55 0.027970392 
939 2 28 37 0.02741219 
118 446 11 13 0.02721371 
492 235 44 44 0.026591899 
199 84 49 58 0.026440086 
630 139 53 59 0.026234688 
170 92 39 44 0.026049625 
624 77 89 98 0.026020607 
919 113 48 66 0.025586046 
78 221 10 12 0.025516544 
881 205 54 56 0.025179798 
466 213 48 56 0.02467066 
111 413 11 14 0.024316326 
787 0 61 50 0.024266813 
22 20 94 134 0.023468116 
436 287 45 53 0.023445794 
212 54 27 31 0.022980962 
674 132 56 73 0.022928448 
696 331 50 56 0.022602504 
720 264 58 59 0.022568323 
622 324 13 16 0.022491287 
550 148 99 101 0.02243856 
272 420 128 131 0.022155322 
696 355 30 36 0.021424191 
93 70 10 13 0.02137496 
223 94 45 53 0.021373713 
576 169 54 55 0.020667462 
770 17 64 65 0.020437362 
103 226 32 30 0.020177677 
659 58 88 111 0.020008659 
