3_Riot_Riot_3_790
108
206 275 26 32 0.9969959 
812 269 19 23 0.9853895 
785 250 17 23 0.97914267 
928 272 15 19 0.94014674 
244 253 18 23 0.93785053 
484 261 10 15 0.87235713 
986 275 16 19 0.8602528 
259 239 16 20 0.72971416 
429 272 15 17 0.68880254 
217 250 17 20 0.6719622 
325 260 15 19 0.6331996 
348 418 41 40 0.5738062 
284 286 18 21 0.485304 
515 264 14 17 0.37811434 
431 289 12 14 0.27747846 
509 281 16 21 0.20826219 
853 263 15 19 0.1918885 
984 252 22 28 0.15412635 
448 286 11 15 0.1494153 
835 264 15 20 0.14456211 
243 351 15 21 0.12703699 
400 286 10 13 0.12249902 
843 262 17 21 0.11877496 
510 300 16 20 0.10909109 
424 496 36 58 0.107701816 
406 286 9 12 0.0889202 
962 309 14 18 0.0863746 
531 282 12 16 0.08502525 
824 265 19 25 0.08223746 
310 291 12 19 0.07667965 
204 257 17 20 0.07654613 
513 253 11 13 0.06749896 
428 278 19 24 0.0674589 
1012 252 11 18 0.06512507 
984 255 13 16 0.060318884 
984 319 25 27 0.060044173 
425 275 12 15 0.05880946 
775 245 12 15 0.05805885 
434 340 12 16 0.055327844 
709 269 8 10 0.053341296 
585 264 10 12 0.0518321 
413 291 10 14 0.048955504 
616 264 10 12 0.047000874 
380 260 14 18 0.045913707 
521 278 21 26 0.045476448 
993 250 17 21 0.04544185 
764 261 15 18 0.04376043 
861 298 12 15 0.043573048 
391 285 8 12 0.043046653 
479 255 12 15 0.04297865 
451 290 11 15 0.040982418 
982 270 14 20 0.040954985 
544 270 10 12 0.040691834 
385 285 9 12 0.039892334 
518 248 10 12 0.037519094 
372 259 16 20 0.037466783 
776 253 20 26 0.036575988 
914 282 16 19 0.036548413 
1001 248 20 26 0.035558034 
246 346 24 30 0.035375573 
538 333 12 17 0.034913246 
384 279 10 12 0.034395613 
226 256 15 18 0.03401072 
536 327 12 14 0.031987276 
878 308 12 16 0.030272318 
550 269 10 13 0.029958572 
956 333 13 16 0.028920984 
569 512 24 31 0.028483413 
434 333 14 16 0.027979208 
236 272 22 30 0.027620198 
727 278 9 11 0.027388288 
368 422 37 49 0.027376352 
940 297 16 19 0.027061757 
433 347 11 13 0.027047787 
139 330 31 36 0.026789216 
512 273 17 21 0.02664359 
181 326 24 30 0.025782228 
513 287 17 21 0.025714723 
751 261 11 15 0.025709532 
502 270 11 15 0.024917083 
601 239 10 13 0.024835298 
999 281 21 28 0.024834385 
218 275 23 31 0.02450441 
793 221 10 14 0.024485884 
918 289 14 18 0.02434192 
523 267 12 14 0.024261171 
258 271 14 21 0.024234666 
126 363 11 15 0.02420608 
815 307 15 18 0.02418084 
477 277 14 18 0.024104113 
491 260 11 14 0.023107674 
947 294 13 17 0.022826353 
619 266 11 12 0.022788284 
894 270 12 15 0.02267061 
534 270 11 14 0.02256706 
402 255 15 19 0.022487054 
430 263 13 15 0.022402592 
410 616 18 19 0.022233112 
270 290 14 18 0.022218462 
502 275 14 20 0.021997325 
492 283 14 21 0.021542927 
1005 323 13 17 0.02089713 
992 281 16 17 0.020890808 
470 299 11 13 0.020749522 
407 290 11 14 0.020701734 
251 279 15 22 0.020544635 
501 261 11 14 0.020401359 
333 310 13 17 0.020301597 
