3_Riot_Riot_3_393
123
442 130 38 44 0.9953478 
788 154 14 18 0.9875694 
727 178 12 15 0.9301241 
222 131 18 20 0.8458185 
342 152 12 16 0.74535555 
125 143 13 16 0.73912686 
661 218 21 28 0.7212008 
541 120 25 27 0.6795591 
853 176 10 13 0.4064391 
169 158 8 12 0.40192345 
92 127 16 20 0.17655124 
557 120 24 31 0.1588624 
672 159 10 13 0.15675187 
193 149 8 10 0.13784637 
573 140 42 54 0.13007298 
631 133 29 39 0.117078505 
814 166 9 12 0.10735488 
735 203 11 14 0.10433041 
84 123 19 21 0.10174585 
837 189 12 15 0.100977376 
223 106 12 15 0.09864227 
389 195 45 55 0.09109277 
42 123 16 21 0.09066152 
848 199 23 27 0.086361796 
787 189 22 29 0.08575551 
337 124 16 20 0.08391907 
775 196 11 14 0.075828634 
765 203 11 13 0.075672396 
121 122 14 17 0.06886895 
565 116 37 48 0.06488022 
758 117 9 13 0.05883836 
147 114 14 18 0.0580564 
474 215 23 28 0.05546478 
732 220 12 17 0.054197066 
89 307 20 28 0.051565748 
569 152 28 38 0.047038388 
844 188 13 16 0.043592576 
181 158 11 14 0.039084353 
662 109 14 17 0.03797967 
781 181 11 14 0.037894536 
846 195 15 18 0.0374824 
784 135 9 12 0.03731188 
740 240 13 18 0.037261914 
839 184 11 13 0.03628402 
750 246 12 16 0.035291504 
132 202 11 14 0.035204124 
657 287 27 39 0.03441969 
237 211 11 14 0.03429475 
774 203 10 13 0.034022816 
192 155 10 13 0.032988153 
122 133 16 19 0.03297307 
733 210 12 17 0.03279189 
78 129 17 18 0.031809084 
491 267 12 17 0.031357996 
596 150 36 38 0.031243594 
33 125 11 15 0.031081071 
809 165 11 14 0.030843852 
840 204 13 15 0.030527191 
824 207 8 10 0.03023424 
200 108 11 13 0.030231213 
197 158 10 12 0.029565396 
155 115 11 15 0.02946656 
118 153 14 17 0.029305026 
738 227 12 17 0.029172972 
207 139 11 15 0.029110663 
820 166 10 14 0.028212253 
123 149 15 19 0.028050207 
868 212 11 13 0.027855778 
611 136 43 52 0.027703179 
583 151 55 66 0.027569324 
761 198 11 15 0.027273998 
227 104 10 12 0.027062008 
101 135 12 17 0.02694538 
859 195 14 20 0.026939934 
609 494 48 51 0.0267353 
115 176 14 18 0.026580423 
151 215 9 11 0.026047006 
581 131 31 38 0.025870172 
708 229 14 17 0.025326679 
777 250 11 13 0.025305217 
621 144 16 21 0.024852047 
184 109 11 13 0.024719106 
806 215 9 12 0.024541482 
780 194 13 17 0.024209706 
109 147 11 15 0.023970202 
831 196 11 13 0.023929471 
307 203 15 20 0.023825873 
768 174 10 14 0.023766486 
621 132 27 33 0.023679879 
800 220 9 11 0.023569109 
0 111 7 13 0.02355067 
326 122 15 20 0.023441058 
814 141 96 122 0.02334504 
771 190 20 25 0.023182193 
124 215 13 15 0.022911446 
859 207 13 18 0.02275574 
775 180 11 14 0.022684408 
0 115 9 16 0.02268279 
853 188 12 16 0.0225702 
238 164 15 17 0.02256234 
739 198 11 15 0.022515647 
674 307 12 17 0.022507314 
654 210 34 47 0.02192173 
140 109 16 21 0.021886887 
828 205 10 13 0.021795128 
129 170 14 19 0.021771837 
125 166 13 16 0.021535179 
87 162 15 21 0.021449244 
726 201 14 17 0.021283228 
297 236 25 32 0.021185378 
870 221 12 13 0.020946234 
428 128 30 39 0.02085158 
323 301 17 22 0.02083698 
730 199 19 24 0.020811504 
777 192 24 30 0.02076689 
249 197 9 13 0.02059689 
334 134 21 27 0.020579208 
108 140 11 14 0.0204054 
239 160 11 13 0.020369362 
817 207 9 11 0.020152083 
641 148 18 25 0.020099457 
195 142 12 15 0.020083852 
483 254 22 33 0.02003436 
