3_Riot_Riot_3_137
513
921 347 58 70 0.99950373 
331 387 55 65 0.99901915 
108 410 37 46 0.9984377 
62 386 36 44 0.99211836 
924 315 27 31 0.9904253 
269 363 41 49 0.9858014 
972 322 27 34 0.98111194 
666 362 43 53 0.9766508 
402 337 28 38 0.973651 
487 323 41 54 0.9508388 
894 324 27 31 0.85268813 
778 312 22 29 0.8173711 
790 296 12 16 0.77185774 
762 287 9 11 0.6472029 
812 294 10 13 0.49538824 
671 300 14 17 0.4356767 
751 306 10 13 0.43534982 
788 314 20 29 0.3894319 
175 295 9 11 0.38790274 
388 341 12 16 0.35968778 
350 328 16 20 0.34296408 
528 308 11 16 0.34276888 
734 314 14 16 0.33427507 
546 307 14 18 0.32732037 
338 324 10 14 0.32385185 
29 359 14 19 0.29025123 
607 292 9 11 0.24416539 
150 334 9 11 0.21534881 
189 316 9 11 0.21150357 
394 334 25 34 0.20992993 
876 381 18 22 0.20562515 
231 296 7 10 0.20507392 
974 284 10 12 0.1985819 
1012 297 10 17 0.1917935 
198 351 22 27 0.18097922 
845 289 14 21 0.17862633 
22 328 11 13 0.17695794 
565 323 23 28 0.17168288 
391 327 11 14 0.17163208 
951 286 10 12 0.16913714 
728 285 8 10 0.16025352 
201 288 7 10 0.16011432 
886 329 32 42 0.15981562 
567 302 12 15 0.1585714 
741 309 10 14 0.15687492 
992 276 9 12 0.15600727 
461 310 15 19 0.15422022 
806 275 9 12 0.15410013 
0 411 11 19 0.15383708 
391 332 12 17 0.15338764 
829 272 7 10 0.15161896 
628 311 17 22 0.1489207 
132 411 33 40 0.14799762 
194 354 16 20 0.14536169 
893 298 13 17 0.1411181 
20 358 15 20 0.13710448 
686 366 41 46 0.13702354 
756 354 15 22 0.13651963 
182 289 7 9 0.13585988 
262 333 12 14 0.12451933 
168 323 10 13 0.12387729 
233 302 8 10 0.12292371 
647 356 40 49 0.11988131 
757 340 22 28 0.1139051 
171 297 8 10 0.1137873 
139 296 7 10 0.11188843 
248 294 7 10 0.11091692 
64 303 7 10 0.10762395 
964 309 12 16 0.10644106 
840 290 12 16 0.10399599 
903 308 36 45 0.10367365 
341 330 13 17 0.1020903 
948 279 9 11 0.10188272 
202 364 25 27 0.10073547 
202 338 24 29 0.10066393 
333 368 25 33 0.0978621 
720 323 11 13 0.09697576 
663 293 9 11 0.09563266 
102 336 9 11 0.095347546 
181 292 9 12 0.09491076 
344 343 23 27 0.093780234 
906 272 9 11 0.092427306 
783 279 8 11 0.09018611 
663 332 14 16 0.089935906 
877 339 31 42 0.08960596 
584 293 10 12 0.08890458 
585 289 7 10 0.08784331 
812 335 15 22 0.085743435 
374 336 8 12 0.08459472 
553 279 8 10 0.08396199 
145 334 8 11 0.08280625 
186 311 9 12 0.0812319 
790 230 7 10 0.08073418 
783 298 13 16 0.08020665 
589 331 14 21 0.08013716 
268 331 13 14 0.07837255 
181 380 14 19 0.07748148 
583 300 10 13 0.07677947 
437 305 11 15 0.07516926 
152 310 9 11 0.07450068 
827 323 17 21 0.07393657 
734 285 7 10 0.073828906 
334 377 14 19 0.072931126 
109 302 7 11 0.072766356 
725 315 14 17 0.072372355 
55 297 7 9 0.0713572 
385 338 22 27 0.070898086 
133 339 9 11 0.070833765 
95 339 13 15 0.070343934 
79 304 8 10 0.0701973 
911 293 13 15 0.06996075 
885 335 14 19 0.06943774 
53 350 9 11 0.069274165 
66 309 9 11 0.06849236 
832 375 41 50 0.06833236 
705 316 11 14 0.068247415 
589 288 8 11 0.06763248 
47 309 7 9 0.067613214 
71 287 6 9 0.066898145 
773 309 16 20 0.06589182 
821 320 15 21 0.06559899 
743 302 11 14 0.0649093 
749 293 11 13 0.06479288 
8 304 8 10 0.06473196 
756 302 11 14 0.064014874 
686 178 11 14 0.063886605 
121 310 9 11 0.063747115 
223 287 7 10 0.06235133 
999 271 9 12 0.061727844 
801 276 10 12 0.0616564 
5 358 11 13 0.0616153 
734 254 11 14 0.06150537 
987 362 40 61 0.061139245 
147 414 30 42 0.060737345 
374 317 9 13 0.060597457 
744 294 10 12 0.060402937 
457 301 23 32 0.060398217 
567 338 24 26 0.06032866 
233 308 9 10 0.05768297 
580 338 16 20 0.0575502 
232 319 11 14 0.05717437 
792 255 7 8 0.056901123 
106 309 9 10 0.056890864 
564 301 23 27 0.05680851 
162 418 30 46 0.056759898 
771 344 17 22 0.056662545 
223 256 6 8 0.0564707 
890 272 7 9 0.056361992 
428 306 14 16 0.056199823 
623 309 13 18 0.05593386 
227 295 7 10 0.055050716 
197 347 16 21 0.055004705 
905 301 25 32 0.054995622 
821 288 9 11 0.054548603 
803 333 16 22 0.05388206 
15 311 9 10 0.053604115 
55 327 9 11 0.053373136 
41 305 7 9 0.05323521 
338 319 18 25 0.053224638 
615 301 9 12 0.053013533 
413 294 8 10 0.052813757 
201 292 7 11 0.05249328 
996 276 11 13 0.051688727 
120 303 8 10 0.051182657 
-1 400 20 31 0.051149324 
142 319 8 10 0.050920088 
397 316 15 17 0.050436057 
560 296 8 11 0.04992696 
871 272 8 10 0.049814016 
955 287 11 13 0.049618945 
750 333 22 27 0.04958218 
159 303 8 11 0.049306296 
57 301 7 10 0.04902996 
767 280 8 11 0.048502903 
340 356 24 32 0.048339132 
826 276 9 11 0.048081797 
519 306 13 17 0.047369786 
257 333 10 14 0.047344428 
644 354 27 34 0.04718077 
340 319 10 13 0.047173183 
144 327 8 10 0.046969313 
817 263 7 9 0.046672758 
141 300 8 10 0.046538744 
261 329 20 23 0.046226718 
575 295 10 12 0.046069432 
933 287 11 14 0.04586277 
207 310 10 12 0.0457749 
968 279 10 12 0.045560475 
104 317 9 11 0.045472216 
119 294 7 10 0.045388184 
777 271 8 9 0.045324307 
256 326 9 12 0.045015186 
23 312 8 10 0.04456656 
564 335 18 22 0.0445239 
50 296 8 10 0.044092696 
64 296 7 9 0.0440721 
218 279 7 9 0.044071462 
847 273 8 9 0.044047832 
158 287 8 10 0.043724325 
205 288 8 10 0.043661643 
612 340 14 18 0.04353167 
168 349 10 13 0.043447312 
120 289 6 8 0.04343081 
719 244 8 11 0.04306194 
589 300 8 11 0.04291037 
136 311 8 10 0.04273361 
804 351 17 21 0.042637855 
154 294 7 10 0.042474907 
237 351 8 11 0.042288713 
735 303 12 14 0.04219441 
817 344 16 20 0.04208677 
659 335 23 25 0.042008072 
922 321 47 60 0.041821327 
110 296 8 10 0.041642606 
612 294 10 13 0.041392684 
35 358 13 16 0.041241944 
894 295 23 28 0.0410643 
351 319 11 12 0.041001145 
560 301 10 13 0.04098173 
975 290 11 14 0.040780596 
317 310 8 10 0.040602084 
653 342 28 35 0.04059991 
847 277 9 12 0.040522594 
744 271 8 10 0.04034169 
96 336 10 11 0.039704278 
725 332 12 14 0.039609082 
108 341 10 13 0.03959213 
867 365 37 52 0.03958165 
393 323 16 18 0.039557435 
751 271 8 10 0.03937454 
764 289 10 14 0.039277457 
1005 272 9 10 0.039178543 
967 320 43 57 0.03908997 
961 272 8 10 0.039080046 
571 316 17 22 0.038563125 
774 302 11 14 0.03851592 
353 336 16 19 0.038468253 
807 340 22 28 0.038410854 
288 334 12 13 0.038016133 
105 296 8 10 0.03792671 
574 278 8 9 0.03750591 
208 294 8 11 0.037446976 
925 291 14 16 0.03743658 
262 317 10 12 0.03732738 
188 321 12 15 0.03730515 
567 297 9 11 0.037098337 
915 298 15 18 0.03698682 
53 331 10 13 0.03665858 
549 303 19 27 0.036368508 
183 332 11 15 0.03633784 
281 295 8 10 0.036094658 
197 364 17 22 0.0360167 
804 394 25 38 0.03589181 
48 304 7 10 0.035841454 
819 291 9 12 0.035802573 
287 307 10 12 0.035669252 
154 303 8 11 0.035541113 
257 312 8 11 0.035428062 
80 295 7 9 0.035334457 
72 304 8 11 0.035246532 
752 352 25 37 0.03512835 
1 303 7 11 0.035053406 
850 291 23 26 0.034873165 
312 309 9 12 0.034829605 
855 275 9 11 0.03480427 
32 312 7 10 0.03450452 
801 322 16 21 0.034271095 
266 303 8 9 0.034254193 
723 285 8 11 0.034229953 
156 332 9 12 0.034177326 
1006 293 17 27 0.03414284 
287 338 16 19 0.034051873 
1 116 23 31 0.034007836 
57 319 8 10 0.03396139 
821 328 24 30 0.03391896 
63 317 10 11 0.033765953 
883 344 16 23 0.033691037 
187 366 21 28 0.033676647 
171 319 10 13 0.033639677 
157 347 12 14 0.03361266 
665 300 11 15 0.033501823 
282 301 9 12 0.033450104 
547 321 13 17 0.033297587 
719 329 13 16 0.033159472 
213 296 8 10 0.03294966 
337 312 9 10 0.032813523 
275 332 10 13 0.03268815 
646 357 15 21 0.032539435 
79 351 9 11 0.032346528 
202 301 8 10 0.03222273 
71 295 7 8 0.032196544 
558 307 11 16 0.032149456 
158 308 8 11 0.032139458 
20 351 12 15 0.03184356 
704 322 12 14 0.031775776 
149 339 12 16 0.031444054 
223 317 9 11 0.031317096 
257 317 9 12 0.031199243 
391 319 11 14 0.031147713 
101 343 12 16 0.031082995 
18 326 10 12 0.031046871 
270 303 7 10 0.031008221 
236 303 9 11 0.030977951 
660 321 22 25 0.030896606 
721 239 8 11 0.03088536 
558 353 14 18 0.030857978 
110 327 9 11 0.03081503 
46 342 12 15 0.030752694 
841 278 9 11 0.030669747 
48 334 11 12 0.03061979 
9 309 7 10 0.030427631 
367 339 11 14 0.03041303 
440 295 10 14 0.030356236 
808 288 10 12 0.030148681 
222 311 9 12 0.030127216 
759 271 8 10 0.0301257 
854 376 29 35 0.030022869 
1015 271 9 12 0.03000097 
711 267 10 12 0.02995722 
537 292 9 11 0.029895071 
4 352 21 26 0.029887397 
158 295 8 10 0.029825563 
797 286 10 13 0.029813582 
944 283 10 13 0.029681975 
217 271 8 10 0.029661346 
209 350 19 25 0.029609878 
121 316 10 12 0.029606234 
143 347 11 14 0.029582694 
910 286 13 16 0.029573694 
815 289 10 13 0.029284667 
144 341 10 13 0.029246306 
129 337 9 11 0.029232573 
262 346 12 15 0.02918906 
737 348 28 40 0.029151425 
123 356 14 17 0.029123476 
567 288 7 9 0.028928518 
0 309 7 10 0.028815035 
758 282 18 22 0.02878678 
632 355 27 34 0.02874832 
704 263 10 13 0.02874701 
751 252 9 11 0.0287083 
817 166 9 10 0.028699953 
958 301 14 17 0.028629303 
961 276 10 12 0.028613135 
852 312 14 18 0.028577847 
671 278 8 9 0.028510474 
215 261 7 10 0.028486535 
326 302 8 11 0.028485728 
760 280 9 12 0.028409243 
311 303 8 11 0.028362246 
804 464 45 50 0.028248787 
898 329 42 52 0.028226838 
774 294 9 12 0.027911795 
578 288 7 10 0.027867122 
352 312 9 10 0.027718054 
64 342 9 11 0.027675191 
773 286 9 11 0.027620547 
53 344 10 12 0.027604604 
236 334 10 13 0.027601914 
808 290 17 21 0.027503623 
527 341 23 29 0.027492944 
960 314 13 17 0.02749077 
126 304 8 10 0.027463794 
851 286 14 19 0.02744596 
558 273 7 9 0.027424745 
14 303 7 10 0.02736917 
70 349 11 12 0.027268369 
753 287 10 12 0.0272541 
208 300 9 12 0.027198108 
366 333 11 14 0.02709792 
664 324 12 15 0.027082046 
272 285 8 10 0.027065424 
581 306 11 13 0.027053699 
998 299 13 16 0.026939614 
178 280 7 9 0.026842363 
430 301 21 26 0.026734171 
82 278 8 10 0.026708746 
750 345 17 22 0.02657867 
192 288 7 9 0.02646257 
992 281 12 14 0.02642093 
749 463 47 49 0.026338374 
736 305 18 24 0.026272366 
341 331 22 25 0.026063163 
557 278 7 10 0.026018327 
718 310 12 15 0.025921779 
40 310 8 9 0.025875255 
466 312 25 34 0.025749194 
241 287 7 9 0.02571513 
887 303 14 18 0.025711898 
443 299 22 31 0.025694994 
12 426 17 20 0.025582181 
193 294 7 10 0.02554628 
936 268 9 12 0.025443869 
776 277 9 12 0.025407206 
884 298 24 30 0.025271645 
898 293 14 17 0.02524582 
709 322 12 15 0.025078453 
46 354 12 14 0.024984041 
480 286 10 12 0.024950236 
762 347 24 30 0.024842681 
863 271 8 10 0.024772959 
119 332 10 12 0.024691109 
55 310 8 10 0.024499381 
255 348 11 13 0.024471536 
883 310 27 35 0.024412198 
285 301 11 14 0.024385843 
159 327 9 11 0.024347527 
858 304 16 20 0.024343878 
247 300 8 10 0.024241656 
735 248 9 11 0.02410213 
776 247 8 10 0.0240957 
559 286 7 10 0.024037883 
198 339 17 20 0.024033664 
999 295 10 13 0.023934772 
296 296 8 11 0.023932505 
33 304 7 9 0.023843963 
103 327 10 11 0.023840446 
205 335 12 14 0.023805063 
270 279 9 11 0.023750149 
616 307 11 14 0.023738207 
877 349 17 25 0.023712587 
175 308 9 11 0.023649817 
532 304 11 16 0.023560448 
79 389 29 37 0.023533931 
232 277 7 9 0.023512386 
869 352 28 40 0.023498481 
871 276 10 12 0.023497775 
560 330 13 19 0.02346668 
544 312 22 28 0.0234216 
39 318 8 10 0.02331375 
144 426 21 26 0.02331119 
214 310 9 13 0.023120657 
791 237 7 10 0.02308084 
720 278 9 12 0.023072198 
614 342 26 29 0.02287549 
786 224 8 11 0.022828724 
247 289 8 10 0.022773176 
531 337 15 20 0.022767296 
1005 277 10 12 0.022652647 
833 326 18 22 0.022643901 
446 291 12 17 0.022615125 
88 339 11 14 0.022599658 
698 193 97 119 0.022590457 
168 343 10 13 0.02249265 
975 271 8 10 0.022430658 
816 257 8 11 0.022393843 
896 281 21 26 0.022382203 
889 231 7 10 0.02235215 
398 302 10 11 0.022325411 
16 316 9 10 0.022305395 
984 272 8 10 0.022183245 
984 276 9 12 0.022164706 
108 334 10 12 0.022158617 
310 315 12 15 0.022134768 
8 316 9 11 0.022098416 
467 302 13 18 0.022089142 
359 302 7 10 0.022049738 
752 278 9 11 0.02204911 
176 270 8 10 0.022043189 
979 285 10 13 0.022026338 
766 302 12 14 0.021935634 
812 307 15 18 0.021925 
706 312 19 23 0.021830881 
635 308 14 20 0.021790318 
690 279 8 10 0.021717997 
218 256 7 9 0.0216777 
316 317 10 13 0.021581536 
69 342 11 13 0.021580711 
621 327 27 33 0.021551657 
131 355 12 16 0.021518897 
441 286 22 32 0.021490924 
814 316 13 18 0.021470284 
45 385 15 19 0.021457817 
85 370 15 18 0.021427693 
330 349 25 35 0.021390706 
154 287 7 10 0.021369614 
842 272 7 10 0.021338245 
69 317 8 11 0.021320673 
621 301 11 14 0.021303572 
144 312 7 10 0.021266513 
61 326 9 11 0.02123074 
443 300 12 17 0.021201123 
80 288 8 9 0.021182561 
305 316 10 14 0.021139164 
719 303 10 12 0.021131553 
702 308 13 18 0.021106688 
907 316 16 20 0.021088734 
694 279 8 10 0.021088216 
309 322 13 18 0.021061478 
341 310 9 11 0.020965474 
747 303 18 23 0.02092705 
709 310 11 15 0.02086413 
804 305 15 19 0.020847162 
966 271 8 10 0.020831872 
571 350 18 20 0.020815033 
138 324 9 12 0.020808758 
223 272 7 10 0.020676322 
981 12 28 34 0.02065275 
381 342 42 47 0.020637179 
117 360 15 20 0.020614188 
623 285 9 12 0.020601895 
675 296 22 26 0.020597456 
786 254 7 9 0.02050159 
609 298 10 13 0.020460423 
595 323 13 18 0.020404153 
358 310 9 10 0.020379849 
741 254 9 12 0.020259697 
725 239 8 10 0.020247478 
743 289 9 11 0.020237722 
576 322 17 20 0.02023771 
721 345 27 36 0.02021043 
135 288 7 10 0.020205507 
12 346 40 48 0.020079039 
