3_Riot_Riot_3_263
105
436 164 17 23 0.97175556 
478 164 22 29 0.9104158 
386 162 17 24 0.8999961 
419 164 15 20 0.8192438 
865 220 24 30 0.7931338 
6 130 22 29 0.7121759 
547 173 14 18 0.55239415 
207 143 15 21 0.49146798 
885 147 34 38 0.47632372 
349 143 12 17 0.30528194 
856 204 42 51 0.13319594 
540 330 55 52 0.08435806 
164 4 17 20 0.08214346 
630 130 125 143 0.08106268 
503 297 50 60 0.079046145 
777 147 62 71 0.07722732 
491 277 29 39 0.072310016 
664 489 36 41 0.06293211 
375 169 14 19 0.062402863 
195 91 14 18 0.05978566 
475 174 17 22 0.05849708 
275 146 13 16 0.05534927 
358 183 11 14 0.053537652 
117 113 23 30 0.051033083 
202 15 17 23 0.04919757 
827 198 33 44 0.04879803 
873 152 43 56 0.04873902 
527 178 13 16 0.048589006 
245 9 28 33 0.0468553 
392 110 7 9 0.046310224 
756 141 52 60 0.04627685 
111 115 39 50 0.042227283 
493 278 46 61 0.042204615 
661 165 14 15 0.041599814 
355 146 12 17 0.04110091 
268 139 14 19 0.03985744 
235 0 16 13 0.039004643 
517 305 57 63 0.036819804 
867 182 12 16 0.036653686 
364 123 15 19 0.036134314 
554 173 11 16 0.03546141 
0 104 11 20 0.032818362 
22 195 11 14 0.03280915 
106 118 25 29 0.031834982 
401 106 7 9 0.030629244 
874 199 50 60 0.030239834 
482 157 16 20 0.029553045 
400 110 8 10 0.02904449 
193 86 23 29 0.028576816 
1 95 18 30 0.02852987 
451 6 11 13 0.028513491 
471 281 35 42 0.028191462 
406 172 12 16 0.028147522 
499 265 29 40 0.028119653 
221 0 15 13 0.02787401 
230 1 29 30 0.027759025 
515 130 14 18 0.02771213 
525 185 14 18 0.026875984 
190 96 15 20 0.02687554 
1 92 12 21 0.026341328 
815 172 52 63 0.025090108 
414 176 13 18 0.025033899 
385 109 8 10 0.024966195 
171 19 15 16 0.024959568 
517 196 13 19 0.024885802 
236 19 29 33 0.024789698 
370 124 17 20 0.024634298 
802 188 50 62 0.02453363 
23 102 27 32 0.02441729 
161 8 26 27 0.02428465 
420 174 13 17 0.024030706 
574 66 202 224 0.023992453 
203 90 12 17 0.023554454 
623 102 31 45 0.023535743 
102 0 34 35 0.02351964 
384 105 8 10 0.023366945 
187 135 41 56 0.023207873 
22 125 24 33 0.023181582 
844 194 28 40 0.023166593 
160 8 14 18 0.023060119 
876 172 51 63 0.02304304 
349 121 12 16 0.022920553 
779 125 52 59 0.022658158 
4 497 18 20 0.022568733 
852 215 29 33 0.022493528 
52 89 17 19 0.022317188 
319 193 10 14 0.022308752 
351 165 11 15 0.022112826 
859 172 14 19 0.022076966 
349 136 11 14 0.022064509 
360 121 12 17 0.02200467 
395 158 12 18 0.021899115 
925 212 13 17 0.021470577 
51 10 11 13 0.021161579 
218 -2 27 26 0.021126524 
366 169 15 19 0.021042233 
375 110 8 10 0.021019736 
1014 165 9 15 0.020889023 
885 157 19 24 0.020853695 
457 288 27 46 0.020825572 
555 352 35 34 0.020522753 
658 153 75 85 0.020475449 
400 116 10 12 0.02045465 
740 123 95 109 0.020379284 
530 168 21 26 0.020318283 
