3_Riot_Riot_3_438
101
836 209 39 43 0.99190664 
450 150 19 23 0.8317514 
653 144 15 17 0.6561026 
191 159 23 27 0.60633075 
273 188 9 12 0.3822012 
708 165 12 15 0.24613592 
492 216 9 11 0.20058236 
739 182 19 23 0.19434695 
660 227 25 32 0.18469536 
575 176 9 11 0.16960365 
655 211 25 33 0.15772364 
731 572 56 47 0.14795703 
753 157 10 13 0.11894798 
694 172 15 20 0.09075072 
194 172 19 22 0.08361672 
532 222 9 11 0.07984319 
211 162 15 20 0.07384063 
294 193 7 9 0.0718469 
249 214 27 39 0.07025148 
150 193 12 17 0.06776311 
764 180 14 19 0.06761222 
755 165 12 15 0.06712004 
727 166 11 14 0.063481 
581 174 10 13 0.06065682 
740 157 12 14 0.059433576 
656 218 13 18 0.056558605 
564 554 63 63 0.056323644 
875 2 141 176 0.055908855 
0 248 42 73 0.053462964 
693 150 11 13 0.05339699 
703 159 10 12 0.051677614 
718 167 9 13 0.048969585 
499 204 444 504 0.047713835 
570 175 10 12 0.04732718 
200 166 27 31 0.04698236 
753 182 23 29 0.046893295 
591 167 9 11 0.04659207 
645 171 10 13 0.046329144 
290 196 10 11 0.04529225 
415 155 10 13 0.044703957 
673 234 17 20 0.04467101 
640 173 9 12 0.04289171 
569 180 10 13 0.04057827 
863 152 178 285 0.039874725 
489 220 10 11 0.03781723 
517 233 10 11 0.037530918 
732 163 15 17 0.037522297 
703 162 19 24 0.036161594 
580 180 11 13 0.035970513 
755 151 10 13 0.03539172 
677 165 12 15 0.03506243 
765 171 15 17 0.034861855 
547 221 11 13 0.034603007 
554 238 12 14 0.034465108 
741 186 29 36 0.03341774 
758 191 25 34 0.031348746 
511 232 9 11 0.03126205 
476 215 10 11 0.030503025 
590 173 10 14 0.029945465 
731 171 14 16 0.029735427 
756 562 34 34 0.02965275 
723 161 20 25 0.02891739 
719 585 47 49 0.02872758 
219 168 13 18 0.028313104 
575 157 9 11 0.027733004 
734 181 15 19 0.027464362 
533 261 10 12 0.02709298 
549 237 21 26 0.026702158 
504 230 9 10 0.026447278 
390 143 7 9 0.026322227 
740 174 13 15 0.026296506 
727 179 11 15 0.02621129 
575 169 10 12 0.02616734 
733 205 28 32 0.026124775 
228 218 39 47 0.025971286 
541 229 11 14 0.025323037 
575 186 12 14 0.025320938 
756 607 38 37 0.024920894 
773 201 15 23 0.024736622 
718 200 29 37 0.024431357 
694 166 13 16 0.024262786 
665 235 29 33 0.024119664 
765 209 13 18 0.023825224 
700 151 10 13 0.023629744 
510 237 11 13 0.023475826 
344 198 8 12 0.022991205 
858 209 27 41 0.022947812 
758 169 13 15 0.022626996 
596 166 9 12 0.022487545 
719 156 10 13 0.022351556 
537 532 102 99 0.021581095 
642 207 44 51 0.021578705 
757 209 16 20 0.021457406 
550 231 12 14 0.020824412 
775 157 10 14 0.020823684 
275 183 10 14 0.020800715 
639 179 10 13 0.020689314 
152 165 10 13 0.020688262 
654 233 15 21 0.020620985 
554 249 15 17 0.020206535 
734 190 15 22 0.020047331 
