3_Riot_Riot_3_542
425
172 259 19 26 0.98038566 
198 334 28 34 0.9779573 
228 255 18 23 0.96331006 
453 397 24 38 0.9623737 
102 255 18 21 0.9513046 
895 266 15 18 0.8574294 
139 256 20 23 0.8491108 
309 271 17 21 0.8406838 
767 260 13 17 0.76496613 
74 267 21 25 0.71859586 
398 248 8 11 0.68192005 
298 252 14 17 0.66796136 
805 273 12 16 0.644593 
940 264 21 26 0.6412683 
788 260 13 16 0.5884497 
420 270 10 14 0.5680051 
297 215 8 10 0.5507183 
343 259 11 14 0.5214475 
438 248 10 13 0.49428236 
418 249 10 11 0.48544446 
695 273 14 18 0.47837582 
458 261 13 15 0.47524515 
628 267 14 17 0.46667773 
124 256 13 17 0.42791873 
365 260 11 15 0.4265482 
478 248 10 12 0.3998859 
359 266 13 17 0.38997582 
215 215 10 13 0.36283672 
232 290 26 28 0.3452524 
327 241 11 14 0.339166 
827 261 13 16 0.32040727 
179 191 11 13 0.25265077 
119 281 12 16 0.25100264 
576 253 12 16 0.24665394 
562 243 13 16 0.24219751 
669 255 11 15 0.23979938 
211 247 14 19 0.23586507 
441 284 12 15 0.22987011 
372 260 10 13 0.22410634 
417 386 30 34 0.21553059 
613 258 11 14 0.20044856 
722 256 13 17 0.19989002 
399 275 11 13 0.1979031 
280 261 12 15 0.19661973 
394 246 9 12 0.19488181 
456 247 12 14 0.18851699 
743 271 10 13 0.1818906 
593 260 10 12 0.18116115 
847 244 13 16 0.17469695 
896 247 10 13 0.170863 
346 231 8 11 0.16683501 
992 249 14 18 0.16399671 
351 238 10 12 0.16100535 
795 259 11 13 0.1610001 
760 258 13 16 0.15579014 
458 253 13 15 0.15541574 
509 252 11 13 0.15466705 
661 235 12 14 0.15401825 
267 280 12 17 0.15103084 
625 228 9 11 0.15049745 
560 250 11 13 0.14907418 
960 246 12 15 0.14156146 
416 310 13 17 0.14080307 
637 231 10 12 0.14064531 
312 245 10 14 0.14041123 
931 323 15 19 0.1401425 
684 256 13 16 0.13977939 
350 230 10 12 0.1375615 
324 231 9 11 0.13695207 
316 253 11 13 0.13422151 
252 265 15 17 0.13275808 
645 256 10 13 0.12476996 
358 224 10 12 0.12331145 
841 268 16 20 0.12259548 
863 227 10 12 0.121782534 
382 239 8 11 0.121533975 
894 251 14 17 0.12096441 
474 250 11 14 0.11566375 
860 250 14 18 0.11494218 
329 215 9 11 0.11383501 
766 293 15 20 0.1124787 
4 201 32 35 0.11190291 
615 240 11 13 0.111117706 
408 263 9 11 0.11032718 
353 243 10 13 0.109252095 
313 220 10 12 0.106837876 
932 319 24 30 0.10668678 
872 245 12 17 0.1063239 
281 225 10 12 0.106068715 
326 220 11 13 0.10305829 
66 271 23 29 0.10257932 
311 240 10 12 0.10112045 
655 273 13 15 0.100563206 
264 246 10 15 0.10007212 
255 211 10 11 0.099888764 
206 243 15 19 0.098148964 
219 270 16 21 0.09797658 
722 236 15 18 0.09556467 
593 223 9 12 0.09348905 
655 244 12 14 0.093030505 
392 239 8 10 0.0920283 
393 231 8 9 0.08960794 
827 273 15 18 0.08806835 
317 245 10 13 0.08790435 
59 285 14 20 0.08649153 
316 259 12 15 0.08587971 
631 230 10 13 0.085873045 
814 295 11 15 0.082910754 
0 266 13 22 0.08283613 
853 248 14 18 0.082571946 
134 214 10 12 0.082231075 
961 142 10 13 0.08204445 
478 275 15 17 0.08203281 
593 251 13 17 0.08183181 
622 237 10 13 0.08144037 
809 236 9 11 0.08085645 
815 254 10 13 0.079222046 
279 205 9 13 0.07876825 
406 268 12 15 0.077343054 
421 293 13 16 0.07675332 
574 245 11 15 0.07655011 
318 222 10 12 0.07626257 
661 271 11 14 0.075762235 
270 234 12 16 0.07476435 
609 253 11 15 0.07403501 
284 228 9 12 0.07398311 
619 242 11 14 0.072922155 
638 260 13 16 0.0722741 
1004 264 17 20 0.07169705 
740 287 16 19 0.071680635 
574 238 9 13 0.07004156 
543 273 13 15 0.06947195 
405 379 30 33 0.06934863 
360 256 12 15 0.06903439 
248 207 11 14 0.06897176 
693 252 12 15 0.06876967 
844 298 14 18 0.06865634 
276 238 432 460 0.06785461 
701 251 13 16 0.067200966 
1 259 23 35 0.06714724 
572 362 19 20 0.06710167 
377 239 9 11 0.065838516 
708 257 13 17 0.06545883 
241 188 9 12 0.065098636 
394 251 10 13 0.06435101 
935 254 12 15 0.06387313 
563 231 13 15 0.063300095 
952 315 26 32 0.061901346 
833 239 8 11 0.061288886 
478 269 13 15 0.06112459 
421 263 11 14 0.05999026 
85 304 16 20 0.059497025 
349 404 92 98 0.059156872 
308 249 14 17 0.059143227 
838 244 11 13 0.058728937 
264 228 12 15 0.058362704 
503 247 11 13 0.058161825 
337 259 12 15 0.057824187 
542 255 12 15 0.057810016 
356 487 32 29 0.057452116 
320 272 15 21 0.057021193 
112 253 19 23 0.056389004 
397 241 9 10 0.056320783 
484 267 14 15 0.055226613 
397 285 11 14 0.054855328 
621 257 19 23 0.054195408 
800 270 11 14 0.054159537 
951 142 24 28 0.053435348 
549 227 9 12 0.052947927 
15 185 12 14 0.05270717 
115 306 13 18 0.05195018 
837 240 9 12 0.051780473 
443 391 28 37 0.051764123 
287 253 12 16 0.051275574 
422 288 11 13 0.050751034 
376 245 9 11 0.050419368 
478 258 13 16 0.050316207 
290 300 17 21 0.049792666 
460 313 13 19 0.04948009 
852 241 11 14 0.04928144 
264 235 12 15 0.048970874 
670 275 12 17 0.048751216 
142 185 11 14 0.04847814 
378 281 13 18 0.04831443 
244 260 15 19 0.04819117 
320 206 8 10 0.04703101 
606 244 10 14 0.046788707 
242 233 15 19 0.046553917 
393 269 11 14 0.04630717 
548 260 12 14 0.046117555 
747 253 14 17 0.045528363 
444 247 9 12 0.045420945 
296 210 8 11 0.045402214 
393 287 10 14 0.045225587 
159 232 14 18 0.04518776 
267 243 13 17 0.044825446 
629 221 11 13 0.044735003 
596 243 13 18 0.044571843 
495 238 8 11 0.044266 
654 251 10 14 0.04423085 
656 237 13 15 0.044195287 
679 254 12 16 0.043751247 
352 225 11 12 0.043407984 
61 286 22 28 0.043399855 
940 323 31 35 0.043382615 
688 255 21 25 0.0430551 
742 300 14 17 0.0430435 
416 299 14 18 0.04298792 
596 269 10 13 0.042577673 
308 257 15 19 0.04203041 
947 255 23 29 0.041952707 
772 256 11 15 0.04170023 
746 276 12 14 0.041666932 
301 269 17 21 0.041393254 
25 306 53 56 0.04130318 
719 332 8 11 0.041295864 
399 222 8 11 0.04102421 
579 245 12 15 0.040488176 
199 187 10 12 0.04012877 
646 266 12 16 0.04012598 
665 254 10 13 0.039952032 
618 285 12 16 0.03978629 
502 260 10 12 0.039563123 
139 206 10 13 0.039537784 
744 244 11 13 0.039483532 
997 288 20 28 0.03941175 
445 251 10 15 0.038892202 
227 347 28 34 0.03883698 
496 286 12 15 0.03860095 
67 305 14 17 0.038597003 
633 264 15 18 0.03857407 
596 237 11 15 0.038523324 
835 260 15 17 0.038476557 
433 250 12 14 0.038303755 
359 289 13 17 0.038298152 
981 279 21 30 0.038007323 
405 247 9 10 0.03787562 
982 261 10 14 0.037648834 
482 245 12 13 0.037075635 
375 275 13 17 0.037050247 
841 255 20 25 0.03636832 
819 254 13 16 0.036187146 
366 222 8 10 0.03603802 
596 228 10 13 0.036011536 
453 419 32 37 0.035464942 
789 295 11 14 0.034831878 
558 234 20 24 0.034746494 
276 262 19 26 0.034736495 
486 239 11 12 0.03467014 
414 262 11 14 0.034409918 
697 256 20 25 0.03417961 
447 239 8 11 0.034100577 
430 453 44 57 0.034013536 
214 209 10 13 0.033983137 
375 222 8 10 0.033886705 
494 324 297 271 0.03387314 
72 300 22 26 0.033754703 
348 254 11 16 0.033455115 
286 206 8 11 0.03344607 
772 271 13 16 0.03338368 
252 243 14 17 0.033379015 
212 238 12 17 0.033021227 
798 283 13 16 0.032984793 
201 242 12 16 0.032704446 
707 245 12 16 0.032536324 
581 237 11 14 0.032357957 
646 235 10 13 0.03167222 
846 228 10 12 0.03140129 
405 391 33 41 0.031314835 
608 269 10 13 0.031293813 
317 215 9 11 0.031286832 
497 246 9 12 0.031192478 
44 225 12 16 0.031162538 
281 200 8 11 0.031085728 
1003 269 21 30 0.031000843 
320 199 9 11 0.030816413 
469 247 20 24 0.03074199 
533 261 11 14 0.030670047 
590 235 13 17 0.030653251 
645 228 11 13 0.030652558 
660 284 14 17 0.030567529 
660 242 11 14 0.030475082 
259 272 17 24 0.030370904 
575 284 10 12 0.03025672 
336 253 11 14 0.030253215 
867 255 15 22 0.030231876 
440 441 27 35 0.029791834 
258 212 12 14 0.029373726 
391 261 10 12 0.029297594 
327 208 8 10 0.029072244 
415 244 17 22 0.029024111 
795 293 13 16 0.02901324 
407 221 9 10 0.028821295 
112 283 12 16 0.028810166 
491 267 11 13 0.028593872 
700 282 13 16 0.028561817 
376 231 8 10 0.028537635 
960 304 22 30 0.028479202 
382 244 9 11 0.028457453 
895 241 10 12 0.02842925 
399 259 10 13 0.02834706 
392 420 85 104 0.028290503 
580 267 11 13 0.028203953 
240 230 12 17 0.028201405 
351 265 13 17 0.02809596 
849 253 20 26 0.028090592 
73 181 14 16 0.028082121 
995 283 16 21 0.027917795 
995 254 21 24 0.027886612 
285 199 8 11 0.027810019 
658 291 15 18 0.027792446 
333 220 10 12 0.02766174 
276 243 13 17 0.027622217 
636 222 11 13 0.027567592 
833 243 11 14 0.027557643 
244 268 24 27 0.027438944 
614 264 12 16 0.027398335 
245 222 11 14 0.027282126 
934 273 14 18 0.027280577 
352 216 8 9 0.0272155 
839 251 12 16 0.027047463 
998 382 25 47 0.027028486 
789 274 12 15 0.026886262 
957 239 14 16 0.026809368 
218 279 16 21 0.026742961 
258 260 12 16 0.026634201 
669 248 10 12 0.02653057 
276 665 29 36 0.026406622 
623 273 13 16 0.02624638 
397 231 8 10 0.026065335 
807 254 9 12 0.026002701 
630 215 10 13 0.025955457 
927 275 13 17 0.025835184 
415 266 18 22 0.025358744 
668 251 19 24 0.02532658 
610 253 21 26 0.025251964 
364 286 12 16 0.025174418 
372 267 12 16 0.025152076 
639 247 11 13 0.02493592 
395 242 17 23 0.024866253 
407 240 9 10 0.024638688 
499 238 12 14 0.024608938 
264 267 18 25 0.024553014 
81 261 15 20 0.024527436 
343 224 9 12 0.02448387 
295 265 13 19 0.024354957 
383 221 9 11 0.024267294 
394 433 16 19 0.024211368 
259 207 11 12 0.024156556 
737 269 11 14 0.024091486 
343 246 10 12 0.024067746 
443 444 17 20 0.023964956 
706 291 13 14 0.023905965 
742 259 13 16 0.023850925 
539 302 15 17 0.023816867 
568 241 20 24 0.023713758 
471 269 12 15 0.023667226 
249 277 22 28 0.023658687 
809 268 14 16 0.023621617 
261 221 12 16 0.023525244 
614 279 10 13 0.02352371 
447 646 31 33 0.023458637 
131 217 13 16 0.023446778 
837 239 20 26 0.023439754 
348 290 14 18 0.023401247 
554 363 47 48 0.023389095 
273 206 10 13 0.023353599 
997 273 16 21 0.023345768 
784 257 12 14 0.023326313 
569 366 27 31 0.023323633 
784 264 12 16 0.023240691 
542 248 10 13 0.023152849 
956 249 22 29 0.023017226 
647 274 13 15 0.022882674 
251 249 16 21 0.022869362 
250 291 16 21 0.02280171 
859 263 16 21 0.022710105 
5 205 43 55 0.022658188 
494 517 37 37 0.022514746 
929 253 11 15 0.02230263 
652 259 12 15 0.022285616 
888 259 13 19 0.022235382 
659 333 14 15 0.022199582 
876 207 13 16 0.022185262 
568 284 11 13 0.022132244 
581 286 10 12 0.022124413 
286 247 11 14 0.022108514 
471 258 13 16 0.022054326 
1001 407 22 38 0.02204542 
270 223 10 13 0.022034219 
454 242 20 23 0.022008847 
742 262 21 25 0.021982534 
354 289 21 28 0.021893043 
347 284 13 16 0.021844065 
576 212 10 13 0.021745209 
540 257 22 26 0.021701716 
414 240 10 11 0.021699563 
260 286 16 22 0.021620708 
684 265 15 18 0.021612024 
284 254 18 24 0.021534555 
528 261 11 14 0.021477796 
851 264 16 21 0.021453021 
1001 297 21 34 0.02137344 
812 237 9 12 0.021283764 
387 423 34 38 0.02121851 
789 252 20 24 0.02112151 
966 296 22 30 0.021067211 
933 251 23 29 0.021056328 
639 250 20 25 0.020961404 
63 276 13 18 0.020848203 
812 254 19 24 0.020841261 
731 242 13 16 0.02074607 
450 290 14 16 0.02068177 
406 255 9 11 0.020617679 
348 303 24 32 0.020565804 
300 352 22 30 0.020561153 
814 247 10 14 0.02054441 
374 290 12 15 0.020330062 
862 235 11 15 0.020322472 
951 243 11 14 0.020249803 
832 271 24 28 0.020186838 
707 265 13 16 0.020164864 
936 265 16 20 0.020131912 
625 216 10 12 0.020049041 
351 275 12 14 0.02000829 
