3_Riot_Riot_3_522
66
116 162 27 32 0.99648106 
413 152 13 17 0.9797064 
407 209 35 40 0.95268667 
490 153 19 22 0.8970233 
628 210 31 35 0.8202674 
216 208 22 31 0.6994786 
885 198 28 33 0.46830165 
181 197 29 33 0.38068494 
439 154 14 19 0.35266337 
3 149 22 34 0.30170658 
460 152 10 13 0.23522797 
478 147 10 13 0.171062 
456 153 11 15 0.1527156 
203 205 26 32 0.14276834 
378 170 19 23 0.11980341 
270 173 10 13 0.096623264 
227 213 23 29 0.095550574 
720 230 10 13 0.08239423 
265 201 17 21 0.08040136 
223 136 7 9 0.07744276 
461 179 10 12 0.06441038 
446 152 11 15 0.06411641 
618 205 29 36 0.05438307 
504 232 41 52 0.050275344 
713 96 9 12 0.04687831 
236 214 25 31 0.04556457 
470 149 11 13 0.044392113 
486 151 15 19 0.043528397 
515 157 14 18 0.043189075 
672 94 10 12 0.042570017 
476 142 21 26 0.04226753 
730 153 17 18 0.041978613 
198 344 53 38 0.040887367 
690 215 17 20 0.038381178 
193 186 19 25 0.03751562 
479 189 11 14 0.03695819 
648 215 18 23 0.03607484 
532 265 14 21 0.034647714 
254 209 23 33 0.03327703 
540 180 15 20 0.03284937 
507 154 12 17 0.03279457 
479 153 13 16 0.032311134 
607 316 54 57 0.030643228 
467 155 12 15 0.030101897 
157 77 16 20 0.028724778 
420 180 15 17 0.028126463 
372 154 15 17 0.027653588 
405 180 44 57 0.027621768 
454 150 20 22 0.027293256 
992 364 32 47 0.027038125 
503 222 30 37 0.026425237 
365 155 15 17 0.026125615 
453 161 12 16 0.025733868 
461 162 12 14 0.024950322 
206 219 28 37 0.024693716 
431 153 15 19 0.02441265 
467 171 43 52 0.023786282 
515 213 15 18 0.023364106 
217 141 10 13 0.023147259 
519 223 28 36 0.022645736 
221 138 10 14 0.02229717 
204 156 12 17 0.022089621 
677 214 26 28 0.021778947 
539 413 20 22 0.0212512 
379 176 26 33 0.020872228 
451 167 22 26 0.020420041 
