3_Riot_Riot_3_123
79
588 465 70 81 0.91511434 
318 395 19 22 0.42493647 
126 151 374 370 0.25721818 
989 278 10 12 0.25308365 
893 352 46 53 0.23639217 
943 232 8 10 0.14062484 
360 242 135 162 0.11822867 
1002 315 13 18 0.10651342 
927 261 9 11 0.106298156 
892 353 26 39 0.10141415 
918 522 57 67 0.09634845 
960 264 7 9 0.07505042 
905 127 9 13 0.07415551 
914 247 8 10 0.0715002 
897 230 10 12 0.07108047 
288 205 231 251 0.06323399 
511 367 22 32 0.06308519 
943 271 9 11 0.062140934 
591 481 41 45 0.061626982 
999 301 12 16 0.060902428 
1000 308 12 16 0.0604615 
659 466 55 66 0.059851725 
997 306 21 29 0.055652164 
542 476 53 70 0.05535433 
502 61 94 122 0.05473723 
617 459 63 77 0.050671544 
944 263 7 10 0.05052269 
266 6 353 493 0.04665374 
873 33 26 32 0.04610106 
568 475 57 69 0.046027407 
128 425 17 21 0.03900961 
989 273 9 11 0.039003488 
621 481 34 36 0.03786259 
174 312 133 121 0.03719907 
895 356 14 20 0.036947053 
935 248 7 9 0.036454786 
920 264 8 10 0.036281712 
953 287 9 13 0.035565477 
634 488 18 19 0.035299703 
986 262 8 9 0.034961365 
839 595 41 45 0.034866862 
806 627 94 132 0.034145653 
262 522 65 64 0.03412566 
693 465 50 65 0.03261486 
834 641 55 87 0.0322025 
918 252 9 11 0.031682555 
983 281 11 15 0.031270564 
222 389 49 36 0.031243768 
80 203 249 297 0.031028982 
273 432 25 38 0.030522263 
954 213 8 11 0.03002413 
910 417 12 16 0.02961769 
925 229 8 11 0.02906582 
674 134 215 279 0.028446168 
816 198 95 125 0.028366532 
51 441 202 231 0.027335724 
886 367 27 36 0.027205478 
101 173 35 37 0.02664615 
911 278 10 12 0.02617517 
520 375 17 22 0.025394848 
599 449 101 123 0.025291719 
489 289 27 38 0.025066959 
902 130 13 18 0.024436297 
993 319 25 35 0.02432872 
981 355 12 18 0.024199108 
913 264 8 10 0.023678303 
980 292 39 57 0.023666253 
922 224 8 11 0.02331421 
876 338 82 97 0.023091355 
847 145 84 120 0.022727892 
103 423 51 61 0.021678904 
734 126 27 41 0.021458443 
960 110 46 72 0.021384899 
950 238 6 9 0.021298446 
886 376 16 21 0.020832408 
332 422 24 31 0.020448653 
998 294 12 16 0.020395994 
945 256 9 11 0.020122238 
781 532 16 20 0.020115202 
