3_Riot_Riot_3_354
137
403 160 25 30 0.9702083 
498 177 21 30 0.9316071 
619 97 14 17 0.8581755 
916 109 18 22 0.58529586 
385 250 30 47 0.46191886 
238 153 23 27 0.34750044 
429 124 12 17 0.3131311 
421 116 12 15 0.28634644 
692 61 11 15 0.24932805 
346 256 40 54 0.22300181 
548 131 16 20 0.21739346 
648 98 11 13 0.18085687 
555 136 16 21 0.16709991 
734 68 13 15 0.11594625 
345 229 35 48 0.10859603 
705 77 8 11 0.100134924 
753 72 9 12 0.099056214 
766 60 12 14 0.096372865 
693 85 8 11 0.09605649 
694 103 10 12 0.09446938 
702 94 10 12 0.09421322 
785 94 9 11 0.09236006 
695 58 8 11 0.08655152 
976 147 22 33 0.08124135 
286 304 58 59 0.08059003 
702 105 12 15 0.0801168 
626 70 8 11 0.07976862 
770 123 26 38 0.07849056 
689 101 9 11 0.07781254 
689 66 11 14 0.07752622 
740 76 11 14 0.07265407 
719 75 9 12 0.07196948 
629 70 11 13 0.0695193 
592 288 46 68 0.06860854 
798 78 11 12 0.06406132 
710 75 9 12 0.062874906 
757 71 10 12 0.062033027 
672 134 12 17 0.061114654 
487 116 10 12 0.058830842 
657 78 10 12 0.05726722 
703 71 9 12 0.05706778 
544 136 13 18 0.05623775 
748 91 11 14 0.053538755 
239 150 15 19 0.05328258 
655 63 9 12 0.052493494 
707 107 12 14 0.051111512 
688 94 10 13 0.050880667 
564 133 12 16 0.049653042 
748 84 12 15 0.049429316 
669 353 107 125 0.049414888 
366 256 38 51 0.049027577 
677 52 9 12 0.045864437 
471 127 9 12 0.04576757 
694 93 9 12 0.04539773 
170 246 31 48 0.044469725 
787 132 26 29 0.043141637 
514 181 14 17 0.04263165 
621 89 13 15 0.04244765 
961 139 25 36 0.04049208 
523 95 14 16 0.040050033 
573 122 14 17 0.03966075 
815 87 10 12 0.038701713 
132 191 49 69 0.037346017 
495 131 11 15 0.036505386 
563 142 12 19 0.035923645 
656 69 9 12 0.03440967 
348 199 46 56 0.034353293 
568 117 13 15 0.03281719 
756 75 13 14 0.032573212 
688 77 11 14 0.031921804 
762 62 9 12 0.031819023 
117 189 16 20 0.03169851 
1011 249 12 19 0.031301156 
694 78 9 12 0.031257372 
729 70 11 13 0.03065895 
803 129 16 26 0.030368388 
8 238 44 54 0.03031804 
449 23 17 21 0.029379744 
681 62 8 10 0.029318146 
778 114 28 36 0.029148767 
544 127 12 16 0.02914414 
631 74 11 14 0.028987642 
632 42 9 12 0.028921673 
709 93 10 12 0.028853958 
687 106 11 14 0.028827954 
392 206 33 36 0.02863919 
202 263 29 37 0.02859219 
689 56 9 12 0.028579617 
248 158 19 22 0.02823862 
465 126 10 14 0.028063236 
638 90 11 15 0.027952664 
493 117 11 11 0.027945941 
415 110 19 24 0.02776263 
485 179 23 30 0.02772794 
804 115 23 33 0.027463516 
694 318 9 11 0.027444154 
971 145 18 23 0.027375087 
249 146 16 19 0.027363973 
230 143 37 45 0.02726591 
813 101 13 15 0.027003411 
985 147 15 22 0.026212936 
112 187 26 36 0.026037855 
381 333 55 59 0.025827043 
617 70 8 12 0.025552524 
564 116 22 27 0.025429076 
648 69 10 12 0.025414445 
679 93 10 14 0.024801942 
808 102 24 31 0.024781793 
727 75 10 13 0.024444943 
731 57 21 26 0.0244004 
660 84 11 13 0.02416399 
230 273 14 23 0.023910344 
539 107 11 14 0.023263602 
998 135 24 29 0.023236815 
412 150 13 16 0.0227071 
229 251 23 37 0.022690702 
311 245 45 59 0.022599205 
158 238 28 47 0.022465654 
649 62 10 12 0.022333508 
101 244 28 32 0.022067102 
680 69 10 12 0.021927228 
476 126 10 14 0.021637691 
436 118 10 14 0.021376986 
215 257 35 51 0.021243045 
699 61 9 13 0.0211934 
372 155 14 17 0.021167662 
617 103 13 16 0.020917814 
359 225 42 60 0.020808319 
762 52 21 27 0.020760996 
494 138 12 17 0.02072768 
703 85 9 12 0.020602908 
493 176 39 46 0.020397171 
534 132 25 30 0.02012108 
989 140 25 34 0.020061366 
96 263 27 28 0.020049116 
405 151 14 16 0.020024545 
694 296 9 12 0.02002206 
