35_Basketball_basketballgame_ball_35_208
18
255 222 124 162 0.9999546 
599 226 113 143 0.9998677 
608 1 107 96 0.99961936 
974 129 34 45 0.0594715 
267 -1 86 45 0.0505922 
553 8 60 70 0.044123773 
899 394 89 145 0.030965162 
989 117 15 19 0.030667238 
9 28 38 50 0.029667614 
842 407 81 135 0.028469654 
1011 116 11 17 0.02592152 
705 15 59 70 0.025384186 
846 342 96 160 0.025273595 
989 113 29 40 0.023305662 
972 2 49 42 0.022728559 
572 0 90 97 0.022643534 
964 117 55 74 0.02204977 
631 48 69 75 0.021593945 
