35_Basketball_basketballgame_ball_35_197
42
801 13 53 72 0.9994679 
627 152 60 80 0.99946433 
42 92 66 81 0.9991875 
257 181 62 84 0.99797577 
244 101 67 80 0.9979698 
718 207 67 91 0.99757427 
819 271 72 75 0.9942873 
447 165 61 74 0.9920026 
24 37 53 59 0.9626872 
4 -2 45 41 0.8115885 
700 168 49 66 0.7563194 
322 34 54 66 0.5136293 
343 36 32 37 0.4266865 
996 3 26 36 0.31039456 
991 160 29 53 0.14430517 
932 15 25 31 0.120271094 
44 0 42 40 0.10943323 
446 0 21 15 0.08026897 
359 85 42 60 0.075839296 
24 57 58 76 0.06603595 
357 3 20 19 0.061734036 
249 139 64 82 0.052057903 
96 384 67 62 0.04987553 
71 368 110 106 0.047612093 
663 164 56 72 0.04251864 
465 1 37 27 0.03970053 
34 15 54 62 0.0390418 
446 1 31 27 0.038817387 
935 564 44 55 0.038551837 
600 49 31 34 0.035509367 
340 1 30 25 0.034327976 
445 182 33 48 0.032425724 
42 340 160 203 0.027785227 
790 245 51 68 0.02519418 
743 638 9 11 0.02468113 
503 209 16 20 0.02368655 
24 375 108 142 0.02244363 
934 569 28 35 0.022307923 
143 -1 52 39 0.022279777 
312 5 55 51 0.02169399 
932 692 13 15 0.020570898 
718 139 15 18 0.02056045 
