35_Basketball_basketballgame_ball_35_689
1149
315 317 16 21 0.97850275 
479 115 13 17 0.9677645 
580 63 13 16 0.95051396 
616 132 12 16 0.9447281 
268 45 13 16 0.9351684 
436 24 10 12 0.92171913 
613 11 11 13 0.91806394 
524 207 12 15 0.9169848 
689 235 13 17 0.91530067 
665 225 14 18 0.8939505 
135 134 13 16 0.892182 
350 15 11 14 0.8887333 
575 93 12 15 0.88246167 
244 60 11 14 0.88128495 
419 199 14 17 0.8720215 
447 174 13 16 0.85924226 
518 3 10 13 0.8560588 
100 46 10 14 0.85347474 
118 69 12 15 0.8504991 
579 133 10 13 0.84616363 
95 153 12 13 0.8450771 
615 70 12 16 0.84461915 
517 62 12 15 0.8390771 
742 18 9 13 0.8317117 
21 123 11 13 0.8205948 
173 0 10 11 0.8203342 
229 2 11 12 0.8168219 
341 137 13 15 0.81613123 
698 19 12 15 0.81541246 
323 99 11 15 0.8140288 
173 111 13 16 0.8091021 
723 183 13 15 0.8043503 
60 70 9 11 0.80256504 
84 15 10 13 0.801003 
652 201 13 17 0.79578257 
352 103 12 15 0.78898185 
409 142 13 15 0.77676195 
550 92 12 14 0.77168906 
653 103 12 14 0.7560412 
292 68 13 15 0.750761 
476 142 11 15 0.7489938 
420 173 13 16 0.7487255 
581 193 12 15 0.7429639 
144 19 10 13 0.7422802 
67 145 12 16 0.7345931 
151 49 11 14 0.7320366 
726 144 11 14 0.72412795 
870 130 12 15 0.7234209 
29 144 12 15 0.69568646 
448 200 14 17 0.6952801 
487 190 11 15 0.6939155 
514 190 12 14 0.68461174 
392 189 13 16 0.68396693 
945 140 11 15 0.6802802 
238 122 13 17 0.67910206 
490 86 11 15 0.67812115 
927 167 11 16 0.67461246 
444 79 11 15 0.67156136 
394 79 9 13 0.67008096 
909 97 14 16 0.6654698 
212 85 12 15 0.6619075 
413 108 12 14 0.66176873 
468 220 12 14 0.65502614 
300 10 11 14 0.65312725 
554 218 12 16 0.632659 
552 195 11 15 0.6304919 
450 112 14 17 0.61115026 
938 71 10 13 0.5940087 
655 72 10 13 0.59333676 
19 93 9 12 0.59127927 
541 68 11 14 0.5822693 
382 136 13 17 0.5819752 
207 6 9 11 0.5733277 
182 151 13 16 0.56743103 
144 84 12 15 0.56319124 
313 131 13 16 0.54687494 
390 49 11 13 0.5437425 
967 37 13 15 0.54256266 
188 30 10 13 0.54234713 
77 43 10 11 0.5371321 
436 141 12 15 0.53612596 
333 68 12 15 0.53298455 
370 13 12 15 0.5272673 
674 370 14 17 0.5228604 
486 54 10 13 0.5176017 
462 53 11 13 0.5017905 
699 173 12 15 0.49948585 
708 57 9 11 0.48915428 
143 78 11 14 0.48540357 
98 133 11 14 0.48365444 
595 11 10 13 0.4791797 
497 35 11 14 0.47869888 
237 152 12 16 0.4770161 
36 64 11 14 0.47494453 
631 195 12 17 0.47400478 
309 39 12 15 0.47035646 
592 216 13 17 0.46725237 
940 117 9 12 0.46473023 
960 189 11 14 0.45316738 
807 153 13 19 0.45140582 
690 577 16 20 0.4504908 
515 30 11 14 0.4443274 
337 176 17 20 0.4415693 
883 175 11 14 0.43905324 
47 126 11 14 0.43574363 
116 22 10 13 0.4281598 
555 159 11 14 0.41226387 
269 95 12 14 0.41131335 
841 140 10 13 0.396779 
521 91 11 13 0.39068583 
49 38 9 12 0.38557947 
63 19 9 12 0.38275573 
202 116 11 15 0.37851566 
294 95 13 16 0.3783324 
647 43 11 13 0.37475157 
869 197 16 19 0.37017626 
575 116 11 14 0.3699968 
387 115 12 14 0.35581088 
671 38 12 16 0.35447058 
551 11 10 13 0.3497426 
988 144 11 13 0.3441935 
772 144 10 12 0.3399031 
422 88 11 13 0.3373345 
623 102 11 14 0.3344567 
395 23 11 12 0.3234121 
0 87 7 11 0.32069123 
543 43 11 14 0.31999463 
129 53 9 11 0.31789958 
933 39 10 13 0.31664535 
219 118 12 15 0.30848828 
661 170 12 15 0.30501622 
674 44 13 15 0.3049386 
75 127 10 13 0.303353 
206 254 15 18 0.30125186 
507 158 12 14 0.29407614 
950 22 9 11 0.29010123 
507 141 13 15 0.2879529 
6 73 8 10 0.28329578 
576 39 12 15 0.28232986 
89 117 11 13 0.28140634 
676 23 9 11 0.28078705 
376 167 14 20 0.27346265 
462 23 12 13 0.27240843 
371 79 11 13 0.2646996 
606 257 15 17 0.26405966 
81 104 9 12 0.26316902 
983 108 10 13 0.25641838 
606 38 10 12 0.2536919 
558 123 11 13 0.24997152 
271 160 14 18 0.24662381 
927 8 10 13 0.24647999 
394 6 13 14 0.24475649 
123 197 9 11 0.23942551 
4 15 9 12 0.23355737 
77 70 11 14 0.22135405 
596 167 9 12 0.21848 
172 43 9 12 0.21727231 
896 134 9 12 0.21645634 
427 46 12 14 0.20495531 
288 61 13 16 0.20464748 
333 52 9 11 0.19344926 
802 86 12 15 0.19114327 
662 86 10 13 0.19014513 
431 149 12 14 0.1897387 
625 316 13 17 0.18507686 
301 162 15 18 0.18433227 
405 121 12 15 0.18311873 
944 23 9 11 0.18293151 
55 95 10 13 0.18203783 
480 1 10 10 0.17618862 
680 78 10 12 0.1744556 
454 35 12 14 0.17306378 
115 117 13 16 0.17162094 
110 30 11 12 0.1712128 
269 67 10 13 0.16623722 
97 93 10 12 0.16593832 
470 44 12 16 0.16326244 
945 27 9 12 0.16116998 
408 15 11 15 0.15882717 
435 99 12 14 0.1562858 
599 94 11 12 0.15624937 
966 31 12 15 0.15531117 
504 164 13 14 0.15514241 
974 83 12 15 0.15503035 
478 4 9 12 0.1548523 
598 233 17 20 0.15478987 
512 104 10 12 0.15360278 
928 39 10 12 0.15350056 
455 386 14 21 0.15286623 
894 93 11 12 0.1522945 
652 13 11 14 0.15139559 
709 216 14 17 0.15016559 
55 3 10 13 0.14958973 
264 70 11 14 0.14637621 
576 125 12 16 0.14600073 
567 4 10 12 0.14413457 
633 191 14 16 0.14294983 
339 166 15 17 0.14247152 
457 54 10 12 0.14196827 
142 71 11 14 0.14165533 
926 86 10 12 0.14097601 
148 16 11 13 0.14031912 
557 189 11 14 0.13997363 
886 183 15 19 0.1389963 
718 243 12 16 0.13815509 
597 141 11 13 0.1377659 
598 228 14 16 0.13561979 
75 52 12 15 0.13550118 
440 117 10 12 0.1348166 
998 22 9 11 0.13426557 
104 5 9 12 0.13241115 
635 442 11 14 0.13130307 
824 65 10 12 0.13129508 
62 94 11 13 0.12812383 
598 30 11 13 0.12581842 
944 163 10 14 0.12523818 
1014 45 9 14 0.12500107 
608 156 10 13 0.123493455 
983 61 12 15 0.12325696 
367 34 13 16 0.12203167 
445 228 11 14 0.12059605 
519 114 12 14 0.11909513 
920 53 9 10 0.11840944 
894 80 7 9 0.11764462 
326 263 13 16 0.11712402 
85 109 10 12 0.11638746 
894 87 10 12 0.11577136 
14 38 9 12 0.11557287 
941 211 9 13 0.115197115 
327 10 12 15 0.11444541 
684 371 11 14 0.11426116 
724 221 11 15 0.11332818 
936 143 10 13 0.11321703 
937 111 10 12 0.11202748 
368 7 11 15 0.11105374 
614 38 10 12 0.11071087 
801 202 12 15 0.11041545 
957 280 8 10 0.11007141 
72 68 11 14 0.11005053 
428 223 11 15 0.10921576 
393 285 9 11 0.107850626 
534 14 10 12 0.10765266 
519 134 9 11 0.10652471 
333 7 12 14 0.10581935 
438 110 12 15 0.1049738 
769 190 9 11 0.104002744 
109 36 10 13 0.103858635 
879 85 8 10 0.10364045 
542 212 11 15 0.10351449 
2 19 9 14 0.10234208 
5 140 10 13 0.10232413 
540 49 13 16 0.101704486 
287 344 15 19 0.10169843 
1013 139 11 17 0.10084948 
438 195 13 17 0.10017329 
509 267 9 12 0.09970335 
951 88 10 13 0.09924189 
159 8 9 10 0.09753942 
487 183 13 17 0.09589651 
577 110 11 15 0.09503058 
654 5 12 14 0.094651 
645 6 12 13 0.09429739 
717 158 11 14 0.09429667 
95 127 11 14 0.09402682 
276 111 13 17 0.0939174 
237 87 11 14 0.0934822 
653 248 15 21 0.093195975 
364 279 11 13 0.09193782 
17 89 10 12 0.091717325 
957 21 9 11 0.091164224 
68 92 9 13 0.08952849 
501 41 11 14 0.088735014 
517 146 13 17 0.08848258 
604 99 13 14 0.08820743 
888 79 8 9 0.087553404 
1006 104 13 16 0.08727898 
601 36 10 13 0.08692782 
406 43 11 14 0.08631738 
607 43 10 12 0.086180836 
73 60 11 13 0.08578445 
428 154 13 14 0.085768975 
973 101 13 16 0.08538697 
94 67 12 14 0.08515585 
28 753 16 16 0.0850349 
983 148 11 12 0.084962 
432 107 11 13 0.08469518 
977 107 11 14 0.084483124 
612 156 11 13 0.084247164 
920 39 9 10 0.08417031 
551 302 12 15 0.08367709 
676 28 12 15 0.08318579 
622 29 11 12 0.08318007 
309 362 14 19 0.08290188 
959 38 11 15 0.08201086 
395 45 12 16 0.081977665 
696 196 12 15 0.081706375 
446 208 13 16 0.08079251 
909 119 10 13 0.08069994 
201 6 9 11 0.08040399 
582 199 12 16 0.080132686 
63 28 10 12 0.07949211 
702 76 13 15 0.07858395 
510 78 12 15 0.07825349 
271 144 22 25 0.07793461 
544 0 8 9 0.07759254 
904 56 8 10 0.07711923 
414 62 9 12 0.0769875 
592 28 10 13 0.07647662 
911 70 8 10 0.07626469 
104 1 8 8 0.07615123 
559 184 11 13 0.07591031 
135 62 10 13 0.07568959 
275 138 16 20 0.07566006 
95 100 10 12 0.07563123 
158 133 11 14 0.0749424 
403 163 12 16 0.0749057 
655 0 11 10 0.074791186 
648 69 11 14 0.07458319 
687 61 11 13 0.07439771 
112 91 11 14 0.074347734 
421 226 12 15 0.07307075 
723 213 11 14 0.073063545 
341 0 11 10 0.07278302 
407 190 11 13 0.072586045 
719 220 10 14 0.07251541 
159 0 8 8 0.07245095 
710 0 9 8 0.07232491 
605 31 11 14 0.072174795 
687 6 10 13 0.07207237 
561 1 8 9 0.07199499 
383 124 15 17 0.07151751 
397 215 14 18 0.07134827 
767 206 11 15 0.07017132 
473 1 9 10 0.06936582 
158 12 9 13 0.06933452 
283 131 11 14 0.06927161 
828 127 12 13 0.06904979 
633 46 10 14 0.068940416 
602 241 16 19 0.068821885 
136 1 9 9 0.06878286 
901 30 8 10 0.068722166 
357 61 11 14 0.06859428 
285 29 11 14 0.068437986 
424 157 11 14 0.06826373 
501 168 14 16 0.06800647 
2 78 9 13 0.067992814 
660 76 10 13 0.06774269 
731 148 9 12 0.067580126 
96 41 10 13 0.06753775 
904 61 10 13 0.067470476 
264 29 10 12 0.067184195 
742 -1 9 9 0.06695931 
430 94 11 14 0.06689493 
190 0 9 9 0.06681191 
137 4 10 12 0.06655926 
101 40 12 13 0.06609721 
144 103 11 14 0.06601156 
416 178 13 15 0.06562588 
104 30 10 12 0.065597385 
612 244 10 13 0.06522939 
385 45 12 16 0.06517256 
437 255 9 12 0.064925276 
310 28 12 16 0.06447484 
299 26 12 15 0.06430875 
671 149 11 13 0.06406696 
668 60 11 14 0.063788615 
985 5 10 11 0.063764036 
356 201 13 15 0.063659266 
637 247 12 14 0.06365881 
952 17 8 11 0.06295916 
544 181 11 13 0.06295528 
798 131 11 13 0.062882684 
367 18 11 13 0.061786808 
128 21 9 12 0.061753836 
558 4 9 13 0.061656084 
102 70 9 12 0.06132002 
0 27 7 13 0.061219357 
466 387 15 21 0.061085954 
405 100 13 17 0.06101738 
374 1 10 10 0.060573183 
336 252 11 14 0.060091745 
639 139 12 13 0.05975673 
548 130 11 14 0.059746683 
903 150 8 12 0.059604216 
637 12 9 13 0.059129126 
759 291 9 11 0.058613233 
550 125 11 14 0.058596276 
976 54 10 13 0.05782598 
359 180 13 17 0.05767423 
345 371 17 20 0.057593483 
431 59 11 12 0.05746719 
357 4 12 14 0.057036266 
46 33 9 12 0.05696413 
544 7 8 11 0.056740616 
429 37 11 13 0.056656927 
158 102 12 15 0.05654605 
644 85 12 13 0.05627466 
485 3 9 11 0.056251153 
567 172 9 12 0.056017984 
359 54 9 11 0.055682793 
397 100 13 16 0.055506766 
486 170 13 16 0.055456754 
632 6 10 14 0.05538647 
882 82 7 9 0.055318777 
389 92 12 14 0.055142317 
639 6 10 13 0.05512982 
358 76 12 15 0.055066295 
472 15 9 11 0.054961834 
911 40 8 11 0.05465165 
769 221 11 15 0.054555096 
436 46 11 13 0.05399922 
986 102 12 16 0.053925715 
941 62 9 11 0.053896867 
110 44 11 14 0.053735465 
523 4 10 13 0.05371447 
117 16 10 12 0.05366225 
230 129 13 17 0.053537596 
646 0 10 11 0.05336182 
769 184 10 12 0.05274888 
911 63 8 10 0.052690133 
118 46 10 13 0.052590106 
707 172 12 15 0.052435182 
749 249 13 16 0.052414834 
625 202 12 17 0.052383427 
767 197 9 13 0.052334003 
645 117 10 12 0.052312043 
952 108 9 11 0.05224201 
13 31 9 12 0.052160524 
477 13 9 11 0.05181654 
453 137 13 17 0.051642988 
937 104 9 10 0.05161892 
467 21 11 13 0.05155412 
486 209 13 16 0.05130307 
365 95 10 13 0.051031373 
700 377 13 16 0.05099262 
1006 70 12 14 0.050724026 
663 119 11 14 0.050722677 
565 241 13 17 0.050703943 
490 194 12 15 0.050678585 
412 189 12 15 0.050442044 
55 62 10 12 0.050422516 
125 37 10 12 0.050303068 
366 69 13 16 0.050295793 
305 36 12 16 0.050000705 
967 227 10 12 0.04999038 
904 118 10 13 0.049862854 
436 52 11 13 0.04964878 
894 60 10 13 0.049594652 
256 74 13 16 0.049576346 
21 99 9 12 0.049343575 
411 285 9 10 0.049309537 
988 66 10 14 0.0489547 
773 155 10 12 0.048943028 
583 184 12 15 0.04887577 
42 31 9 11 0.0487999 
969 286 8 9 0.048352785 
1011 93 10 15 0.048300188 
893 54 8 10 0.048201017 
942 286 8 12 0.048163168 
876 181 19 24 0.048118643 
889 93 9 11 0.04810226 
413 123 12 15 0.04805688 
545 188 12 15 0.04773208 
269 113 15 18 0.047677405 
286 55 13 16 0.047543976 
343 90 11 14 0.047340896 
94 137 13 17 0.047291566 
310 22 11 14 0.047194142 
399 36 11 15 0.047058307 
896 339 11 13 0.04700364 
481 53 9 13 0.046952017 
616 165 10 13 0.046833694 
5 6 10 11 0.046784848 
112 15 9 12 0.04671275 
357 68 12 16 0.046660155 
557 58 11 14 0.046609387 
553 0 8 9 0.046540383 
231 116 16 19 0.046268206 
678 49 12 14 0.046055872 
332 257 12 17 0.04592827 
620 61 13 15 0.0457547 
698 585 15 19 0.045748584 
314 201 13 17 0.04564888 
944 91 10 13 0.04564114 
648 106 11 14 0.045596257 
993 21 9 11 0.045202293 
640 91 10 13 0.045119368 
983 92 11 13 0.045103107 
992 287 10 12 0.045086604 
514 1 10 11 0.044980086 
265 98 13 16 0.044935677 
543 126 12 15 0.044917837 
683 167 11 13 0.044796605 
917 69 9 11 0.04471885 
328 46 9 12 0.044516366 
234 4 12 14 0.04442427 
710 6 9 12 0.04409501 
456 45 11 15 0.044011086 
417 90 11 14 0.04386991 
20 78 10 11 0.04364514 
940 36 11 14 0.043626435 
659 3 10 13 0.04360106 
998 285 10 12 0.04356385 
791 227 11 15 0.043495413 
928 90 9 13 0.04344549 
610 7 19 22 0.04337247 
334 154 14 18 0.043258686 
972 89 13 17 0.04321837 
910 104 11 13 0.04311617 
490 204 14 18 0.04296769 
874 126 13 16 0.042877015 
1007 30 9 11 0.04278119 
693 67 11 16 0.042746425 
670 191 13 16 0.042669177 
695 373 12 15 0.0425097 
373 124 10 15 0.04246798 
463 163 12 16 0.042459056 
158 67 11 14 0.042395327 
592 242 13 17 0.04239047 
760 199 8 12 0.042298257 
69 119 10 12 0.042151462 
413 225 14 18 0.041948665 
366 100 10 13 0.041846078 
463 171 13 16 0.04183974 
124 4 11 13 0.041824855 
367 0 10 11 0.0417531 
694 191 11 14 0.041737456 
830 94 10 14 0.0416384 
455 22 10 12 0.041588206 
523 145 13 17 0.041170243 
388 101 15 17 0.041092385 
216 19 11 14 0.040851578 
87 94 10 11 0.040825505 
648 18 13 15 0.04063095 
938 64 9 11 0.040516496 
56 12 10 13 0.040503144 
389 38 12 15 0.040341232 
536 8 9 10 0.040213753 
315 37 13 16 0.0402116 
406 -1 11 10 0.040077705 
565 206 10 13 0.040024262 
373 102 9 12 0.039998207 
515 182 14 17 0.039951395 
74 39 10 12 0.039939146 
468 179 11 15 0.03986105 
906 68 9 12 0.03970151 
944 17 9 10 0.03965289 
559 171 10 12 0.03951508 
552 118 11 14 0.03950624 
702 66 13 16 0.039499793 
669 68 12 15 0.03943821 
547 68 11 13 0.039430283 
597 21 11 13 0.039399236 
278 125 14 15 0.03938403 
598 88 11 13 0.03900991 
88 88 9 12 0.03895318 
126 0 10 10 0.03879945 
512 232 10 12 0.03876301 
137 69 10 12 0.03865506 
477 156 11 13 0.038615037 
118 130 13 15 0.038571473 
558 203 11 14 0.038541146 
549 248 15 18 0.038504504 
17 118 11 15 0.038444683 
726 294 8 11 0.03835446 
264 64 11 13 0.03825046 
87 122 12 15 0.038234696 
392 1 11 11 0.038036715 
788 151 11 13 0.038010858 
684 82 10 13 0.037992634 
494 171 11 14 0.037982076 
525 1 10 10 0.037918996 
999 27 11 12 0.037826043 
136 14 10 13 0.03777635 
592 20 11 14 0.03773778 
21 38 9 11 0.037720267 
183 53 10 11 0.03771191 
646 190 12 15 0.037550934 
34 142 12 14 0.037461247 
394 106 13 15 0.037420224 
411 114 13 15 0.037340354 
360 94 11 14 0.037263576 
397 93 12 15 0.03724964 
359 83 11 13 0.03722289 
405 171 12 16 0.03716526 
895 98 12 14 0.037122943 
818 68 9 12 0.037109103 
100 87 12 14 0.037068013 
396 280 9 12 0.037057493 
126 149 11 12 0.037015267 
442 139 14 17 0.036877792 
564 124 11 13 0.03684026 
981 56 11 13 0.036836892 
566 58 10 14 0.03673196 
453 221 11 13 0.03660425 
69 88 11 13 0.036553618 
590 258 12 16 0.03650675 
397 0 11 10 0.036395762 
333 183 15 17 0.03638551 
8 29 10 13 0.03627916 
579 98 11 15 0.036132492 
974 286 9 11 0.036125746 
192 5 10 12 0.036100663 
50 100 10 12 0.03605151 
120 0 11 11 0.035986066 
141 63 11 12 0.03591507 
551 60 11 15 0.035886314 
158 84 11 14 0.03583551 
962 67 13 15 0.035807636 
782 198 13 16 0.035777364 
355 19 11 14 0.03572349 
198 134 12 15 0.035661574 
69 101 9 11 0.035589635 
967 24 8 10 0.03556876 
165 86 11 14 0.03556615 
681 174 10 13 0.03550723 
434 19 17 21 0.03545015 
705 0 9 9 0.035276145 
952 38 10 13 0.03525324 
768 1 10 10 0.03520234 
446 104 13 16 0.03519827 
446 14 12 14 0.035143368 
307 13 11 13 0.03508354 
110 6 9 11 0.035075866 
55 88 10 11 0.034981847 
1008 1 9 9 0.034896944 
569 11 10 12 0.03487551 
168 3 11 12 0.03486645 
628 208 13 17 0.034862503 
627 106 11 14 0.034814782 
351 0 10 10 0.034798402 
444 20 11 14 0.034686953 
462 6 9 10 0.03458947 
615 31 10 12 0.034587745 
717 41 12 15 0.034521792 
1008 133 13 18 0.03448391 
221 14 10 12 0.034483407 
461 131 12 16 0.03446482 
424 151 11 13 0.03441499 
518 171 13 15 0.03439978 
413 245 11 14 0.034333367 
177 166 12 15 0.034327466 
253 54 10 13 0.034301423 
268 122 14 16 0.034285612 
572 172 12 14 0.034206063 
536 131 11 14 0.03420266 
992 45 11 12 0.03416601 
102 23 9 11 0.034133125 
556 244 14 17 0.03409213 
622 96 11 13 0.034071397 
426 196 13 17 0.034039516 
213 0 11 11 0.0339922 
829 61 11 14 0.03392268 
894 47 8 10 0.033854563 
996 140 11 15 0.03368927 
81 11 17 21 0.033633493 
239 55 13 17 0.03356401 
438 226 13 17 0.03347499 
460 107 11 16 0.033457685 
145 45 10 13 0.033450276 
599 248 15 20 0.033433735 
615 100 11 14 0.033403978 
543 207 11 14 0.033388864 
40 0 10 9 0.033375815 
385 95 10 12 0.033319637 
291 350 17 24 0.03331739 
511 23 9 12 0.03328058 
927 109 9 11 0.033260923 
437 61 10 12 0.033189263 
820 213 14 16 0.033163056 
656 166 13 16 0.033133157 
141 1 10 9 0.032978155 
630 21 11 14 0.032977853 
47 0 9 9 0.03288792 
302 110 12 15 0.03285509 
709 180 10 13 0.03284631 
656 178 12 16 0.032802925 
103 14 9 11 0.03247196 
940 121 12 14 0.032436676 
226 137 21 26 0.03235214 
169 -5 20 20 0.032306317 
605 282 11 14 0.03222557 
616 171 11 14 0.032198917 
215 16 10 12 0.03218095 
637 318 9 12 0.0321667 
109 150 9 12 0.032135416 
636 50 11 14 0.032130767 
262 108 14 17 0.032026976 
704 6 10 13 0.03201923 
433 274 10 14 0.03198435 
462 272 12 16 0.031957306 
645 92 13 15 0.031911463 
344 109 11 13 0.03189523 
506 172 14 15 0.0318893 
460 382 15 19 0.03188453 
441 122 11 14 0.03187035 
688 191 10 13 0.03182702 
229 53 13 16 0.031820074 
406 51 10 12 0.031818796 
282 146 16 19 0.03181801 
935 93 9 11 0.03179444 
346 162 16 20 0.031757392 
452 228 10 14 0.03154394 
660 277 10 11 0.03153096 
685 126 10 12 0.031513367 
103 75 10 13 0.031415727 
701 149 12 14 0.03140932 
598 59 11 13 0.03138195 
619 37 11 12 0.031376205 
593 172 11 13 0.03132226 
126 29 9 12 0.03131901 
958 75 11 13 0.031286575 
518 100 10 12 0.031241948 
511 235 14 16 0.031214243 
373 42 12 15 0.031122928 
628 219 14 17 0.031074328 
172 119 15 18 0.031065686 
403 212 14 17 0.03103128 
392 74 16 22 0.031019725 
292 139 14 18 0.030996218 
47 5 12 13 0.03094837 
351 62 11 13 0.030866567 
550 52 11 14 0.030859677 
736 0 11 10 0.03072734 
406 180 13 16 0.030667817 
921 78 8 11 0.030648096 
678 0 10 9 0.030588757 
64 117 10 13 0.030523917 
953 283 10 11 0.030506298 
191 140 12 16 0.030451022 
614 83 12 13 0.030450607 
699 200 12 15 0.03042465 
551 173 10 12 0.03037309 
925 53 9 11 0.03027131 
962 30 9 12 0.030231303 
935 65 17 23 0.030149322 
163 133 14 15 0.030113952 
886 117 10 12 0.030090189 
492 54 9 12 0.030071536 
927 44 10 12 0.030027172 
959 110 8 10 0.029994817 
61 87 12 14 0.02994369 
895 128 9 12 0.029910441 
447 36 11 14 0.02987118 
687 291 10 12 0.029865948 
57 65 17 22 0.029857555 
963 61 12 14 0.029855382 
976 59 11 14 0.029808266 
709 11 11 15 0.029769272 
400 123 12 15 0.029757196 
52 106 13 16 0.029754862 
464 16 9 11 0.029736344 
398 71 11 15 0.029681195 
546 194 12 15 0.029606398 
966 85 13 17 0.029567098 
704 144 10 11 0.029496904 
952 69 9 12 0.029487466 
221 76 13 14 0.029472014 
554 99 12 14 0.029428426 
383 60 11 14 0.029403841 
475 218 12 15 0.029398138 
661 363 10 13 0.029336637 
86 10 10 11 0.029297406 
1001 229 10 13 0.029266585 
633 200 14 19 0.029256636 
831 138 12 14 0.029234711 
700 70 20 24 0.029214391 
844 134 11 14 0.029213602 
339 3 12 16 0.0291936 
808 278 10 12 0.029165274 
327 275 13 16 0.029141065 
54 31 10 12 0.029101057 
754 295 9 11 0.029086744 
904 94 10 13 0.029065574 
571 5 12 13 0.029062841 
149 70 10 14 0.029017435 
414 43 10 14 0.028982107 
360 402 12 17 0.028945534 
372 68 13 15 0.028941592 
510 135 12 16 0.028909886 
141 159 14 19 0.0288734 
585 60 13 16 0.028828386 
977 198 9 12 0.02882074 
478 228 12 17 0.028786628 
936 135 9 13 0.02875895 
129 132 12 15 0.028706362 
123 117 13 15 0.02862335 
767 260 14 17 0.028572278 
447 385 16 22 0.02856127 
351 7 13 16 0.028521363 
580 21 12 14 0.028514707 
910 77 8 10 0.028455457 
768 109 11 13 0.028451476 
153 0 9 9 0.02841254 
328 179 13 17 0.028379416 
836 134 19 25 0.028377194 
623 220 12 16 0.028322047 
686 67 12 15 0.028207902 
537 62 11 14 0.028194701 
360 47 9 12 0.02818641 
120 37 9 12 0.028182907 
815 283 13 18 0.028120399 
208 155 10 12 0.028053083 
150 126 12 15 0.02805109 
978 77 12 15 0.028019596 
751 135 8 10 0.028018082 
565 29 12 14 0.028011013 
785 192 21 26 0.02799183 
199 1 9 9 0.02795784 
606 116 12 15 0.027946016 
1013 30 9 12 0.02792247 
1009 98 14 19 0.027896127 
614 64 13 15 0.027816659 
999 131 12 16 0.027746595 
451 30 19 23 0.027724043 
486 47 12 14 0.027718227 
966 53 10 12 0.027701287 
0 165 10 16 0.027596047 
329 61 12 16 0.027585115 
461 44 17 21 0.027563937 
640 66 13 16 0.027551534 
965 117 9 11 0.027429497 
759 5 11 11 0.027420899 
759 228 11 13 0.027417203 
446 70 10 13 0.027406767 
-104 278 534 461 0.027365133 
613 92 12 14 0.027341023 
428 123 11 16 0.027279388 
508 143 17 21 0.027267162 
652 95 13 16 0.027265713 
341 114 12 15 0.027248431 
536 0 9 9 0.027206829 
639 37 11 15 0.027142659 
719 225 13 17 0.027136086 
773 0 11 10 0.027057236 
232 22 11 14 0.02704229 
101 62 11 12 0.027013112 
57 21 10 11 0.026942952 
976 116 11 13 0.026933765 
274 100 12 14 0.02687367 
556 304 14 17 0.026872834 
263 23 10 13 0.02683951 
663 59 9 13 0.026820984 
0 47 7 12 0.026796402 
692 211 13 15 0.026794897 
998 290 14 15 0.026774965 
995 148 11 13 0.026769761 
677 70 11 15 0.026743578 
700 191 12 14 0.026731594 
935 157 10 14 0.026711144 
967 280 8 10 0.026627049 
110 110 12 15 0.026625201 
464 216 11 13 0.026591716 
646 182 12 14 0.026591554 
738 15 18 22 0.02654701 
338 69 12 16 0.026538307 
456 0 9 10 0.026527248 
518 166 11 13 0.026511837 
59 4 11 13 0.026405375 
120 201 11 14 0.026402382 
480 195 12 15 0.026310643 
191 12 11 13 0.02628983 
183 47 10 12 0.026289504 
609 76 12 14 0.026234113 
238 14 10 11 0.026203264 
510 241 14 17 0.026153846 
598 0 9 11 0.026100945 
639 108 11 14 0.02610038 
42 45 11 12 0.026067948 
121 51 9 13 0.025954694 
703 213 14 17 0.025945218 
1012 75 11 15 0.025894355 
668 215 14 16 0.025883228 
919 130 11 13 0.02587709 
605 195 12 15 0.025833745 
453 121 12 14 0.025825964 
69 14 9 12 0.02578563 
376 131 11 17 0.025781846 
482 111 13 15 0.025729159 
173 130 12 15 0.025705248 
718 135 11 14 0.025675789 
18 119 18 22 0.025655933 
415 68 10 13 0.025634129 
674 227 13 16 0.025617039 
267 73 12 15 0.025605906 
613 42 11 13 0.025562394 
717 71 12 15 0.025511567 
900 141 9 11 0.025501205 
298 353 20 27 0.025493044 
41 130 11 15 0.025482336 
978 150 11 12 0.025466405 
563 189 10 12 0.02544899 
160 138 12 14 0.025416097 
984 12 11 13 0.025398444 
452 103 13 17 0.025394797 
416 165 12 16 0.025380377 
903 155 12 16 0.025370404 
86 54 10 12 0.025364544 
351 202 12 15 0.025289666 
283 109 13 16 0.025256613 
515 0 18 22 0.02517003 
241 147 14 18 0.025155095 
938 22 8 10 0.025096005 
1013 126 10 14 0.025081135 
936 275 10 11 0.02506427 
581 29 11 13 0.025053414 
48 108 11 14 0.025035355 
962 194 11 14 0.025034733 
236 108 17 20 0.02501828 
513 65 12 15 0.025002066 
676 328 13 14 0.02497396 
226 0 18 20 0.024940226 
916 182 11 14 0.024915747 
605 106 13 15 0.02489211 
79 0 10 10 0.024890505 
582 3 11 14 0.024860067 
407 62 11 13 0.024822729 
710 45 12 14 0.024809984 
383 36 12 15 0.024806723 
795 194 19 25 0.024800226 
650 38 12 14 0.024740823 
243 106 15 19 0.024735428 
120 192 11 14 0.024669595 
679 180 11 13 0.024663858 
965 76 12 15 0.024620758 
439 0 10 10 0.024603384 
139 75 11 14 0.024486711 
716 107 11 14 0.024472175 
721 147 10 13 0.024385098 
564 182 11 14 0.024381202 
114 109 15 18 0.024376849 
339 144 14 18 0.02437323 
813 278 12 14 0.024372501 
421 123 13 16 0.024361689 
997 124 11 15 0.024355663 
526 101 9 12 0.024323616 
620 166 11 14 0.024320954 
350 35 11 14 0.024319666 
365 42 13 15 0.024312934 
638 18 11 14 0.024307856 
100 99 11 13 0.024296233 
621 54 12 13 0.024283012 
700 167 20 25 0.024242401 
443 131 14 18 0.02421451 
906 45 7 9 0.024196029 
990 15 10 12 0.02418435 
438 37 11 13 0.024183169 
957 86 10 15 0.024140358 
390 212 16 19 0.024123063 
743 77 12 15 0.024034465 
421 99 13 16 0.024028359 
92 111 9 12 0.023997074 
351 68 11 15 0.023974048 
890 133 9 11 0.023974026 
910 56 9 10 0.023942316 
524 178 11 15 0.023911005 
94 74 14 16 0.023904948 
431 115 11 14 0.023901375 
415 52 10 13 0.023899795 
109 50 11 15 0.023884518 
134 47 10 13 0.023822134 
551 153 17 23 0.023811925 
464 225 13 16 0.023773534 
184 25 17 22 0.02375548 
269 132 15 19 0.023716567 
16 77 9 12 0.023710592 
518 83 17 21 0.023688335 
747 14 10 13 0.023642242 
202 0 20 23 0.023635494 
589 182 10 12 0.023582375 
519 125 11 14 0.023521867 
16 88 16 21 0.023520753 
158 62 10 13 0.02351739 
640 1 10 11 0.023515299 
727 1 11 11 0.023491925 
764 287 9 12 0.023466887 
355 162 14 18 0.023464724 
966 111 9 11 0.023444496 
937 187 11 14 0.023439977 
45 53 10 13 0.023395514 
675 193 13 17 0.023394804 
889 60 8 12 0.023390593 
801 155 13 16 0.023386525 
380 6 13 15 0.023334192 
510 44 11 14 0.023311839 
887 125 11 14 0.023284005 
853 155 10 14 0.023268174 
912 175 9 12 0.023262437 
904 78 10 10 0.023254119 
346 17 12 15 0.02322392 
112 99 12 15 0.023192178 
888 73 7 9 0.023188693 
1006 85 14 17 0.023186026 
630 0 10 10 0.02317762 
652 140 12 14 0.023158988 
149 105 11 14 0.02311704 
591 150 11 13 0.023106297 
847 96 9 11 0.023091586 
222 133 13 17 0.023073316 
87 131 12 15 0.023071826 
430 132 13 17 0.023058984 
703 55 18 22 0.02304894 
607 173 10 12 0.023031577 
57 74 12 15 0.023014802 
523 109 13 16 0.02300135 
1003 294 12 14 0.022997364 
558 149 11 15 0.022963598 
366 268 13 16 0.022952678 
961 116 9 13 0.022948133 
698 333 9 11 0.022931106 
689 286 10 13 0.022925483 
930 143 10 13 0.022925157 
421 141 11 13 0.022894587 
103 115 11 15 0.022857584 
142 39 10 13 0.02284722 
464 245 10 12 0.022757236 
607 20 10 13 0.022748124 
192 136 10 12 0.022722302 
50 129 12 15 0.022704836 
293 35 11 13 0.0226663 
335 0 13 13 0.022665085 
431 16 12 14 0.022658866 
329 404 12 16 0.022588959 
294 116 13 17 0.022582028 
550 106 12 15 0.022560058 
692 61 11 13 0.022547295 
459 196 13 17 0.022530058 
503 229 9 13 0.022528313 
759 134 9 11 0.022511015 
449 52 9 12 0.022469966 
52 43 10 12 0.02245436 
851 131 11 14 0.022453055 
315 357 16 19 0.02243112 
431 70 11 14 0.022416692 
573 13 11 13 0.022398949 
685 180 12 14 0.022390423 
69 110 11 13 0.022333313 
417 78 10 13 0.02230164 
633 250 12 15 0.022282705 
671 50 12 15 0.022277296 
677 106 14 16 0.022275249 
638 147 13 15 0.022237841 
22 111 11 14 0.022231746 
903 111 9 11 0.02221465 
895 146 11 14 0.022203565 
456 6 9 11 0.022202069 
423 39 11 13 0.022176767 
278 61 11 14 0.02216875 
537 37 12 13 0.022140795 
151 40 11 14 0.022140611 
935 181 10 13 0.022138761 
406 7 11 12 0.022132168 
951 62 10 12 0.022126265 
45 137 12 15 0.022108201 
171 138 14 17 0.02204689 
991 116 10 12 0.022028811 
579 86 11 15 0.021970334 
958 62 12 14 0.021929689 
151 57 10 13 0.021898635 
992 124 10 15 0.0218709 
308 430 16 22 0.021846494 
548 257 16 18 0.021845654 
904 39 8 10 0.021834027 
436 270 10 14 0.0218337 
750 76 13 15 0.021788174 
917 64 9 10 0.02176672 
62 109 12 14 0.02172053 
478 163 12 16 0.021705497 
735 212 10 13 0.021688655 
589 156 11 13 0.021674737 
653 146 11 14 0.021672808 
879 93 9 11 0.02164745 
724 176 14 16 0.021591224 
1015 21 9 12 0.021559566 
438 70 11 14 0.0215495 
691 589 18 21 0.021506207 
575 30 12 15 0.021465307 
368 164 10 16 0.021458933 
1006 200 14 20 0.021395156 
889 86 9 12 0.021385217 
438 293 9 12 0.021381086 
856 54 9 12 0.021374084 
477 422 11 14 0.021360941 
707 587 12 17 0.021357156 
678 59 12 15 0.021343917 
767 138 18 23 0.021299422 
86 39 9 12 0.021297323 
477 212 12 16 0.021266192 
72 7 10 12 0.02125797 
547 300 10 14 0.021236978 
943 57 8 10 0.021221833 
646 208 14 17 0.021206249 
397 118 12 14 0.021204842 
628 357 10 13 0.021191388 
484 233 14 18 0.02116137 
600 257 13 18 0.02113099 
883 192 16 19 0.021091554 
85 112 19 24 0.021089457 
836 95 10 12 0.02106455 
989 1 11 10 0.021039292 
452 14 10 13 0.021022465 
255 20 10 13 0.021007836 
342 365 14 19 0.021004375 
590 44 11 13 0.020984009 
175 62 10 13 0.020971699 
180 142 14 17 0.020938873 
503 135 12 16 0.020885522 
399 169 12 16 0.020844761 
998 5 10 11 0.020827053 
422 207 12 16 0.02081796 
934 13 8 11 0.020780306 
364 51 12 13 0.020761508 
306 5 13 15 0.020747501 
545 101 11 13 0.020738509 
654 53 11 14 0.020694975 
96 29 10 12 0.02066184 
68 20 9 13 0.020661835 
1008 37 11 13 0.020617528 
752 5 11 12 0.020614484 
790 7 10 10 0.020600298 
848 126 11 13 0.020573072 
897 25 9 12 0.02053401 
111 1 8 9 0.020517606 
658 107 11 13 0.020510633 
559 141 11 13 0.020495862 
543 258 11 15 0.020481966 
155 76 13 16 0.020453569 
401 38 19 24 0.020450372 
948 145 11 13 0.020426905 
235 26 11 15 0.020383535 
976 281 9 11 0.020375928 
250 60 12 14 0.020316629 
895 116 10 12 0.02031309 
629 155 12 14 0.020308971 
275 50 13 15 0.020280797 
124 124 14 17 0.020261448 
607 316 10 13 0.020235844 
922 9 96 123 0.020196766 
221 141 15 22 0.020178294 
157 38 10 13 0.02016501 
398 62 10 12 0.02016079 
484 219 13 15 0.020141702 
64 124 10 13 0.020119816 
975 190 11 12 0.020108689 
389 169 11 15 0.020088142 
711 162 12 16 0.020083534 
989 132 13 17 0.020075804 
488 36 11 14 0.020066058 
606 53 11 15 0.020050172 
