35_Basketball_playingbasketball_35_405
65
824 296 16 22 0.74805224 
356 316 13 18 0.26263335 
583 312 11 13 0.25796515 
558 317 13 17 0.20032552 
549 308 10 14 0.13143015 
358 309 12 16 0.12681372 
349 319 13 18 0.112970136 
517 115 12 13 0.11048057 
580 318 15 19 0.110268205 
342 321 13 17 0.09398235 
563 322 13 16 0.08605208 
543 134 8 11 0.08251745 
334 315 15 19 0.07158395 
575 321 14 17 0.06313693 
499 184 18 20 0.062111016 
560 277 9 11 0.061788954 
566 293 8 12 0.0576396 
805 308 12 12 0.05355825 
550 315 12 16 0.053438753 
550 323 12 16 0.049632944 
559 144 8 11 0.048920806 
843 341 25 34 0.04750342 
574 271 9 11 0.04746088 
533 294 8 11 0.045651715 
833 304 14 18 0.0436072 
545 334 9 12 0.043281093 
811 305 15 17 0.04057394 
548 331 11 14 0.037206758 
361 323 13 15 0.035993565 
328 322 12 17 0.03574729 
828 361 27 29 0.03429003 
555 310 14 17 0.03266899 
492 271 10 11 0.031288855 
544 271 8 10 0.030218724 
530 287 8 10 0.029623821 
815 299 16 18 0.029523158 
567 271 9 12 0.02702576 
560 271 9 12 0.027010191 
502 310 8 11 0.026556227 
486 311 8 10 0.02648941 
545 314 11 16 0.026032038 
537 385 13 19 0.025509799 
544 303 12 15 0.025369124 
547 302 18 25 0.025283227 
895 222 168 280 0.024458775 
584 276 9 10 0.024237055 
835 293 14 19 0.024175435 
577 357 14 17 0.02385853 
589 278 9 10 0.022773677 
575 288 8 10 0.02274634 
749 245 11 12 0.022690153 
1008 482 13 21 0.02236504 
538 119 7 9 0.02204796 
568 167 9 11 0.02203724 
560 293 10 13 0.021850169 
565 276 10 12 0.021738213 
819 301 26 31 0.021618685 
470 221 11 13 0.02149406 
527 300 8 10 0.021368887 
547 339 13 16 0.021119002 
491 180 19 21 0.020984871 
511 265 8 10 0.020871887 
351 319 24 28 0.020617753 
558 308 21 27 0.020436963 
543 277 9 11 0.020097217 
