35_Basketball_basketballgame_ball_35_50
104
949 271 31 40 0.99939597 
276 167 25 32 0.99875665 
411 207 23 29 0.99639434 
586 126 36 46 0.9913584 
209 271 42 58 0.97844166 
774 336 40 41 0.40165222 
970 104 7 9 0.2295737 
943 103 6 9 0.14414467 
817 405 20 21 0.14113498 
997 110 8 9 0.13914022 
1006 75 12 15 0.12985767 
876 93 9 11 0.12787187 
1011 77 10 14 0.12260229 
871 112 7 10 0.12206006 
751 389 33 41 0.11419214 
958 120 7 9 0.09766677 
1000 74 10 14 0.09356358 
877 88 8 11 0.09312661 
845 83 10 12 0.087102056 
879 111 7 9 0.08636256 
929 116 9 11 0.0830257 
973 120 7 10 0.08290043 
771 68 10 13 0.08234038 
920 96 6 8 0.07886408 
889 94 8 11 0.0747216 
812 392 32 34 0.0739364 
583 63 29 39 0.071155414 
848 54 9 11 0.065817416 
960 103 7 9 0.06369218 
970 109 8 10 0.05910852 
861 96 9 11 0.056456495 
836 96 10 11 0.054864306 
842 80 8 11 0.05454899 
928 104 8 9 0.05446723 
858 102 9 10 0.052631866 
854 111 9 11 0.05164681 
854 117 8 10 0.05070189 
877 102 8 10 0.05043092 
954 119 8 10 0.050156485 
888 112 9 10 0.049452066 
959 126 9 10 0.048167873 
927 96 8 9 0.046359155 
936 103 7 9 0.04476122 
839 85 10 12 0.044004228 
1000 67 21 27 0.043437567 
993 104 10 12 0.043203436 
973 104 8 10 0.041810982 
166 372 44 39 0.03670098 
190 293 27 34 0.036458675 
937 96 7 9 0.036335204 
953 111 7 9 0.033027366 
915 95 6 9 0.032503393 
833 88 8 10 0.032471143 
992 120 9 11 0.032316282 
889 102 8 10 0.03191759 
847 49 9 11 0.031569567 
833 58 11 15 0.030929934 
966 134 8 10 0.030713497 
898 444 10 14 0.030113585 
171 46 25 27 0.02972243 
911 112 8 11 0.02972052 
848 70 8 10 0.029619485 
888 89 8 9 0.028463513 
174 51 12 16 0.027603991 
403 192 11 13 0.027355205 
543 153 26 36 0.02731888 
687 72 8 10 0.026976416 
24 86 9 12 0.026972633 
864 117 8 10 0.026837582 
1 90 9 13 0.026426168 
245 276 29 42 0.026188398 
264 107 423 492 0.02614051 
990 124 9 11 0.026129263 
395 256 25 30 0.025850272 
849 60 9 12 0.025806697 
182 305 26 32 0.025277387 
984 127 8 9 0.024922749 
952 105 7 8 0.02435621 
976 259 28 33 0.024262587 
969 126 8 10 0.024005976 
906 111 7 10 0.023936119 
958 112 8 9 0.023906533 
832 69 9 12 0.023820475 
657 48 7 10 0.023726271 
961 134 9 10 0.023580942 
191 319 32 35 0.02351237 
944 109 8 10 0.023402426 
832 79 7 9 0.023334984 
1016 109 9 12 0.022330044 
1005 63 15 17 0.02188196 
1011 70 11 14 0.021761496 
904 78 7 10 0.020966712 
612 180 15 18 0.020964734 
836 55 10 13 0.020923566 
656 57 10 15 0.020855531 
798 384 34 36 0.020689204 
984 133 8 10 0.020679327 
400 205 23 31 0.020493113 
732 39 12 15 0.020455575 
686 77 8 11 0.020349964 
161 349 51 48 0.02025206 
931 111 10 11 0.020089973 
688 62 8 11 0.020079639 
261 207 25 33 0.020062985 
