35_Basketball_basketballgame_ball_35_858
73
775 497 86 68 0.9925476 
574 228 65 94 0.99147594 
4 16 135 149 0.8744092 
172 555 16 22 0.4211715 
64 566 19 22 0.3293952 
177 512 15 19 0.30394068 
305 601 17 20 0.2956224 
343 514 14 18 0.28602487 
289 469 16 20 0.23458582 
115 553 13 17 0.17565452 
41 597 18 22 0.13467406 
670 547 29 37 0.10155261 
404 472 13 16 0.09855739 
179 633 17 20 0.09086324 
489 639 15 21 0.07884742 
92 579 21 27 0.077934675 
388 618 13 16 0.07641828 
193 -125 411 516 0.07621633 
19 425 13 17 0.06614681 
257 444 14 19 0.066046126 
83 498 14 18 0.06602074 
67 535 18 21 0.06571776 
40 634 18 21 0.059097037 
122 630 16 21 0.057519406 
137 594 18 22 0.056795307 
666 552 15 21 0.05209466 
302 604 26 31 0.051523652 
254 423 9 12 0.049749516 
60 654 16 22 0.048025258 
376 454 10 12 0.046809435 
782 509 46 46 0.04574641 
464 486 10 12 0.045605738 
167 447 10 13 0.04471463 
7 634 20 34 0.04458776 
279 476 13 16 0.04297659 
30 438 13 17 0.04050192 
259 568 14 17 0.038210556 
121 554 14 19 0.03532769 
108 559 14 19 0.033430085 
288 605 39 50 0.03341178 
94 486 14 17 0.032659605 
99 570 16 21 0.032602556 
307 568 14 18 0.03220227 
349 557 15 19 0.031666998 
480 540 11 13 0.03138571 
74 492 16 20 0.030726701 
163 474 16 20 0.03061771 
662 552 25 33 0.03031872 
652 567 31 42 0.03025172 
63 573 25 30 0.029445417 
102 563 14 18 0.029394418 
19 466 12 17 0.029267266 
433 479 9 11 0.029142465 
677 558 31 37 0.029055813 
181 667 17 19 0.028039876 
569 257 36 57 0.027436176 
484 345 180 296 0.027289145 
292 450 13 16 0.026862724 
290 461 16 19 0.025898943 
344 452 11 13 0.025720242 
659 226 46 68 0.02539094 
179 485 17 21 0.02502016 
437 479 9 12 0.024085877 
283 477 17 20 0.023898793 
457 595 11 15 0.02331788 
61 559 16 20 0.023261527 
117 634 23 29 0.023126498 
311 469 13 17 0.022257641 
1 435 10 16 0.021144716 
-38 358 482 504 0.02104347 
3 608 25 32 0.020913485 
799 506 53 42 0.020816674 
343 460 13 17 0.020063985 
