35_Basketball_basketballgame_ball_35_287
1243
303 412 9 11 0.8877522 
949 422 12 16 0.81555796 
793 357 10 12 0.81083965 
374 390 7 11 0.7591462 
272 424 11 15 0.71833473 
768 388 13 16 0.7181674 
396 359 8 12 0.7066656 
296 427 11 14 0.65592617 
836 360 13 17 0.6321684 
257 438 9 11 0.6114715 
422 357 12 18 0.5705302 
843 393 17 21 0.5567078 
647 448 12 15 0.540991 
870 362 9 13 0.5319262 
677 369 11 14 0.5054595 
649 311 8 10 0.4984005 
775 359 9 11 0.48904067 
609 409 11 15 0.48279223 
929 367 11 14 0.4802205 
662 413 7 10 0.44491774 
701 401 10 12 0.43968713 
811 418 12 16 0.4351077 
830 303 8 11 0.43344635 
896 382 9 12 0.40804398 
911 362 11 15 0.40778506 
952 379 10 13 0.40702936 
54 364 11 14 0.39684084 
217 447 9 12 0.3842939 
795 423 12 15 0.38174382 
694 322 10 12 0.3789299 
921 350 9 11 0.3667365 
695 415 9 10 0.36376938 
732 436 12 15 0.35566056 
628 453 12 15 0.3536647 
825 309 11 13 0.3503553 
574 311 8 11 0.34060723 
635 407 10 12 0.3396344 
702 342 9 12 0.32239366 
244 403 9 11 0.32054 
1002 365 8 11 0.3176103 
792 351 10 13 0.31691894 
976 398 9 11 0.30712143 
809 304 7 9 0.2892043 
744 327 10 12 0.28262985 
939 312 7 9 0.28205195 
952 396 9 10 0.27780744 
1005 380 9 11 0.26654306 
744 372 11 13 0.26638758 
891 445 11 16 0.26227495 
26 331 10 13 0.25698105 
685 442 10 14 0.2514991 
972 452 9 12 0.24501388 
749 308 10 11 0.24306495 
979 399 10 12 0.24207284 
724 413 10 15 0.23675583 
673 405 9 11 0.22911395 
986 327 9 11 0.2289519 
728 310 11 15 0.22739619 
980 382 9 11 0.22604276 
312 438 9 12 0.2235551 
1000 424 10 12 0.21874382 
761 366 8 11 0.21616426 
584 322 10 12 0.21381496 
673 400 8 10 0.21354154 
944 350 9 12 0.21250552 
608 297 7 9 0.21159665 
428 362 11 16 0.20726824 
186 445 9 11 0.20485568 
994 406 10 13 0.20214795 
872 310 9 12 0.19948073 
766 373 9 11 0.19481185 
540 289 21 29 0.19427858 
832 363 12 14 0.19346267 
829 316 10 12 0.19202794 
255 432 9 11 0.19071008 
631 428 12 14 0.18900463 
790 303 8 10 0.18877818 
931 399 11 14 0.18812518 
685 336 8 11 0.1873502 
966 374 9 11 0.18625122 
891 215 8 10 0.18484953 
713 320 9 11 0.18361276 
377 384 9 12 0.1835652 
1013 430 8 12 0.182083 
585 380 12 14 0.18175656 
808 309 8 11 0.17898308 
796 375 11 14 0.17728342 
661 375 8 11 0.17725357 
757 255 8 10 0.17659461 
965 365 10 13 0.17478253 
615 315 8 12 0.17025624 
648 315 11 13 0.16781585 
895 320 9 11 0.16358839 
822 366 9 11 0.1629258 
885 239 8 9 0.16204616 
367 343 8 9 0.16043863 
711 384 9 10 0.15944047 
965 359 10 11 0.15868321 
815 373 12 14 0.15760016 
417 362 13 15 0.15709512 
359 390 7 9 0.15522139 
937 316 9 11 0.15342055 
626 470 11 15 0.15295596 
207 463 9 11 0.15239048 
895 341 8 10 0.15145774 
446 357 10 14 0.1508623 
714 358 8 10 0.15072054 
285 412 10 12 0.15042222 
758 231 8 10 0.14955418 
1010 153 12 20 0.14729846 
749 327 10 12 0.1461786 
885 197 9 11 0.14614302 
895 375 10 13 0.14527008 
877 311 8 10 0.14403123 
383 374 8 10 0.14385512 
936 335 9 10 0.14359993 
920 311 6 9 0.14246358 
886 324 9 12 0.14115068 
766 326 10 12 0.1389381 
806 198 7 10 0.13865778 
719 384 10 12 0.1355636 
421 379 11 15 0.1347215 
807 316 8 11 0.13347071 
199 399 9 12 0.13161878 
689 318 10 13 0.13159752 
702 220 8 10 0.13140868 
802 335 9 12 0.1301682 
775 245 8 10 0.12634458 
869 343 10 12 0.12603787 
726 342 8 9 0.12567805 
209 445 8 10 0.12561919 
311 336 8 10 0.12480936 
439 364 11 14 0.12419141 
853 341 11 13 0.123709686 
782 230 7 10 0.12336367 
768 304 8 10 0.122085825 
1013 436 9 13 0.12202136 
783 326 13 14 0.121660315 
988 331 9 11 0.12157144 
678 411 9 11 0.121135615 
801 340 9 12 0.12061875 
648 306 8 10 0.120333195 
432 396 9 10 0.120306134 
974 303 8 10 0.11882888 
841 167 9 10 0.11855624 
991 410 11 14 0.11849787 
569 315 11 14 0.11834297 
759 327 9 11 0.11782174 
870 348 9 12 0.117466815 
640 292 8 10 0.11694752 
644 475 16 19 0.11567285 
18 418 13 17 0.11561123 
724 404 10 14 0.11501422 
725 236 8 11 0.11487055 
983 374 9 12 0.11486334 
741 245 8 12 0.11444293 
784 396 11 14 0.11433718 
669 165 9 11 0.11350563 
718 350 8 10 0.11337962 
686 388 9 11 0.11274372 
970 296 6 8 0.11267936 
785 295 8 10 0.111683875 
889 357 9 12 0.11084255 
937 296 7 9 0.11075665 
60 383 12 15 0.1105122 
703 348 8 10 0.11021218 
774 351 10 11 0.11018051 
965 329 8 9 0.10933685 
610 335 7 10 0.109320514 
1007 415 9 11 0.10928965 
893 358 9 11 0.10914975 
764 483 10 12 0.108475976 
975 310 8 10 0.10766247 
705 199 8 9 0.105212376 
864 310 8 10 0.1046115 
856 304 7 9 0.10451262 
894 311 8 9 0.10439216 
381 382 8 11 0.10437794 
814 385 13 18 0.103968754 
898 183 8 11 0.10298533 
933 232 9 11 0.10290816 
493 347 13 16 0.10239018 
847 184 8 9 0.102042034 
29 310 9 11 0.101271644 
497 338 15 18 0.10082159 
895 336 9 11 0.100367226 
352 390 8 10 0.099371016 
997 476 9 12 0.09922239 
277 493 10 13 0.0987036 
885 193 8 9 0.09835004 
993 459 10 13 0.09743849 
743 359 9 11 0.097351894 
591 387 11 15 0.096875586 
341 398 9 11 0.09620623 
440 358 12 15 0.09574887 
725 400 8 11 0.095629565 
328 363 10 12 0.0953407 
353 374 9 11 0.09516482 
681 440 10 13 0.09506403 
881 198 8 11 0.0947909 
785 302 10 11 0.093438186 
944 355 10 13 0.09330863 
895 208 8 9 0.09304652 
943 295 6 8 0.09158482 
519 292 13 17 0.09119783 
954 425 13 15 0.09090539 
640 215 8 9 0.090726085 
882 420 12 15 0.090699054 
535 216 7 9 0.09034603 
687 253 6 9 0.09016334 
912 310 8 10 0.090132475 
969 309 9 11 0.08997611 
367 365 8 10 0.08908732 
586 240 7 10 0.08890208 
819 369 13 16 0.08864686 
937 342 9 12 0.08847453 
993 399 10 13 0.0883505 
621 237 7 10 0.08801011 
984 342 10 12 0.08788584 
890 221 9 11 0.087365344 
919 334 9 11 0.08721538 
655 407 9 11 0.08684201 
745 208 10 11 0.08627533 
750 437 12 14 0.0862317 
335 415 9 10 0.085996054 
312 455 10 12 0.08578653 
646 289 8 10 0.085761905 
630 302 7 10 0.08506842 
21 350 10 12 0.08473755 
687 249 7 9 0.08458752 
775 208 8 9 0.08280285 
1015 390 8 11 0.08262145 
861 206 8 11 0.082576394 
673 446 10 13 0.082228705 
886 168 8 10 0.08194448 
72 326 9 12 0.081452474 
880 256 7 9 0.08114221 
769 240 7 10 0.08104673 
775 343 9 12 0.08080557 
583 308 8 11 0.080033734 
343 391 8 11 0.079839274 
697 404 10 12 0.07900345 
878 214 8 9 0.07869139 
784 391 9 13 0.078588 
818 367 9 12 0.07841097 
736 383 9 12 0.078406274 
975 317 9 10 0.078341044 
920 318 8 11 0.07831836 
901 376 9 11 0.07791154 
58 358 11 14 0.07748067 
726 384 8 11 0.07687731 
777 181 8 11 0.07672002 
970 390 10 12 0.07625925 
872 304 8 10 0.076243296 
687 313 8 10 0.07617405 
848 333 9 11 0.075598314 
780 428 15 17 0.07547808 
687 424 7 11 0.07504115 
903 409 13 17 0.07452687 
800 450 12 16 0.074518144 
417 488 15 20 0.07420595 
301 455 10 12 0.074091665 
949 367 8 11 0.07360774 
822 288 10 11 0.07338604 
431 336 12 15 0.072926246 
918 391 11 14 0.072710745 
889 352 8 11 0.072437815 
983 348 9 10 0.07228771 
969 247 9 12 0.07224308 
988 373 10 11 0.071999736 
800 217 8 10 0.07153838 
948 351 9 11 0.07148312 
655 434 11 13 0.07142647 
831 178 8 10 0.07091274 
853 335 10 11 0.070639424 
319 357 8 10 0.0706057 
688 349 9 11 0.07050987 
633 224 8 11 0.06913923 
741 437 10 13 0.06913646 
817 326 9 12 0.069115005 
206 440 8 11 0.06897665 
1 292 10 17 0.06876054 
635 437 12 13 0.06863941 
918 325 9 11 0.06862127 
736 335 8 10 0.068454295 
748 380 12 14 0.06811748 
971 358 11 11 0.067981705 
694 271 8 10 0.067736484 
711 288 8 10 0.06752288 
918 206 7 10 0.0672189 
958 318 9 11 0.067183256 
819 404 11 15 0.067097545 
726 176 7 10 0.06705824 
913 306 7 9 0.06697061 
788 308 11 13 0.06683918 
845 223 8 11 0.066512056 
758 175 8 11 0.06645414 
713 351 7 9 0.06603061 
361 352 6 9 0.06588659 
941 343 9 11 0.06572903 
240 435 9 11 0.06571678 
905 363 10 14 0.065682344 
385 368 7 10 0.065439805 
361 358 7 8 0.065261364 
874 206 7 9 0.06509614 
204 468 12 14 0.064980194 
720 342 9 11 0.06478746 
631 294 7 10 0.06460546 
287 510 9 12 0.06445151 
990 342 9 11 0.06427292 
615 247 8 10 0.0641952 
623 399 9 10 0.06389535 
634 246 7 9 0.063725635 
451 356 13 16 0.063497424 
888 366 9 11 0.06348611 
949 357 8 11 0.063397594 
967 381 10 11 0.06310651 
719 367 9 12 0.06299323 
705 288 7 10 0.06296103 
622 327 7 9 0.06284384 
705 166 10 12 0.06274177 
358 409 9 11 0.06248572 
589 239 7 10 0.06246606 
318 455 8 11 0.062257323 
726 181 8 10 0.062226888 
699 222 8 10 0.061962903 
776 255 8 10 0.061476283 
873 201 8 10 0.061197173 
862 182 9 11 0.060918193 
595 390 11 14 0.060879014 
662 206 8 10 0.06060712 
720 336 9 10 0.060507257 
901 187 9 12 0.060493074 
681 340 9 11 0.06039389 
900 326 9 10 0.060190715 
894 367 9 11 0.060030602 
573 221 9 12 0.059696417 
727 337 8 10 0.059472267 
615 327 8 10 0.059377383 
984 367 10 12 0.05931527 
454 361 13 17 0.05927276 
622 232 6 9 0.059193704 
618 232 7 9 0.059162274 
829 230 8 10 0.05900993 
976 376 9 11 0.058564022 
616 223 7 9 0.058367852 
858 309 8 11 0.058354463 
903 396 11 13 0.05831087 
300 421 10 13 0.05819408 
982 318 8 10 0.058145914 
890 311 7 9 0.058080234 
447 327 8 10 0.05789045 
880 263 8 9 0.057855573 
890 373 9 12 0.05773566 
701 320 9 11 0.057683382 
637 246 7 9 0.05752403 
858 207 8 10 0.057366952 
781 182 8 10 0.057268634 
58 311 8 11 0.057264145 
767 319 11 12 0.057192244 
673 271 8 10 0.05694593 
1013 454 8 12 0.056740634 
606 232 7 9 0.056739338 
599 303 8 10 0.056668777 
547 286 13 20 0.056552105 
278 321 8 11 0.05619202 
680 382 9 11 0.056153685 
312 443 10 12 0.05612224 
784 375 9 12 0.05602144 
919 344 11 13 0.055988025 
1002 373 10 13 0.05588973 
577 254 7 10 0.05585972 
642 184 7 10 0.05561327 
437 390 8 11 0.055391937 
989 438 10 12 0.055227194 
62 318 9 12 0.05514269 
187 438 12 14 0.055035792 
899 246 8 11 0.054961793 
899 445 12 14 0.054932203 
66 324 9 12 0.054722343 
898 256 7 10 0.054717127 
672 393 8 10 0.054522753 
626 303 7 9 0.054374475 
862 201 8 9 0.05423477 
353 409 9 10 0.05417229 
1006 421 10 14 0.054144185 
792 377 10 14 0.053667895 
881 317 8 11 0.053558152 
982 313 7 9 0.053553455 
909 418 12 17 0.053533647 
992 430 9 10 0.05339294 
1012 423 10 15 0.053242322 
673 477 9 11 0.0532411 
391 391 9 12 0.053188268 
445 309 9 11 0.05316597 
750 410 12 17 0.05303065 
736 152 8 10 0.052957997 
1013 407 9 12 0.05277425 
518 386 16 19 0.052746225 
796 362 9 12 0.052643586 
615 200 8 10 0.05264211 
662 380 8 10 0.05261339 
252 423 9 11 0.052454732 
902 262 9 10 0.052371506 
69 389 11 14 0.052109994 
557 298 11 15 0.052004367 
960 312 8 10 0.05191703 
790 344 10 12 0.051805284 
381 389 8 11 0.051727716 
317 376 10 12 0.05142748 
759 347 12 13 0.05141044 
748 211 10 11 0.05127771 
842 358 14 18 0.051257227 
598 309 9 11 0.050997246 
768 437 12 15 0.05096872 
890 304 7 9 0.050792493 
712 293 8 10 0.050767 
431 327 11 13 0.050660614 
713 183 7 9 0.050532836 
774 242 7 9 0.05041208 
656 215 8 10 0.050395142 
688 429 8 11 0.050382543 
917 359 10 13 0.050307464 
767 344 10 12 0.050263554 
438 370 11 14 0.05002489 
928 359 8 11 0.049884617 
649 398 8 12 0.049863487 
593 221 7 10 0.04985121 
759 305 8 10 0.049825255 
608 435 9 12 0.04969256 
782 341 11 14 0.04956634 
806 152 8 10 0.049474962 
800 193 8 10 0.049458347 
904 230 7 10 0.04913463 
313 325 8 10 0.04885938 
288 440 9 11 0.048849836 
893 305 7 8 0.048848815 
766 367 10 12 0.048808347 
522 289 20 27 0.048783377 
976 326 8 9 0.048625335 
632 288 7 10 0.048357815 
1007 387 10 13 0.04830844 
707 403 12 14 0.04830111 
591 345 10 11 0.04828277 
303 350 6 9 0.04828177 
354 383 7 10 0.048200633 
984 414 10 12 0.048192933 
614 296 7 10 0.0481819 
285 502 9 11 0.04818169 
934 382 9 11 0.048156135 
375 527 9 10 0.04815421 
935 390 9 12 0.048061546 
830 287 8 10 0.047978185 
640 263 8 9 0.047969405 
411 490 23 29 0.047873884 
385 421 9 10 0.047730934 
623 347 8 11 0.047552124 
877 207 8 10 0.047517378 
790 352 18 24 0.04743662 
416 447 9 13 0.04737547 
1008 455 9 11 0.047344014 
423 385 11 15 0.047326192 
847 303 8 10 0.047268964 
943 391 10 13 0.04719199 
991 392 10 11 0.04713863 
942 335 9 10 0.047026265 
76 327 9 12 0.04701834 
948 414 13 15 0.046842743 
753 191 7 9 0.046825595 
747 366 10 13 0.046763267 
858 231 9 11 0.04671492 
914 325 8 11 0.046694722 
742 351 10 12 0.046646502 
325 479 11 15 0.046448484 
677 399 8 11 0.04639274 
0 318 8 12 0.04626192 
1013 460 9 13 0.04603474 
1000 361 9 11 0.045985494 
197 455 9 10 0.045860905 
846 229 7 10 0.045851577 
898 262 7 9 0.045803796 
759 360 9 10 0.04578946 
673 277 9 10 0.04575595 
705 382 9 11 0.04574556 
280 497 10 13 0.04567087 
833 206 8 10 0.0455534 
743 181 7 10 0.04543838 
793 167 8 10 0.04541945 
655 399 8 11 0.045351688 
816 359 9 12 0.045327995 
694 238 7 9 0.045300998 
434 331 13 16 0.045289617 
302 494 9 11 0.045267574 
420 369 13 20 0.045162164 
872 167 7 8 0.04507786 
337 392 9 11 0.044884827 
669 423 11 13 0.04486894 
816 214 9 11 0.0448469 
989 367 10 11 0.04484592 
934 213 8 11 0.044828013 
893 351 9 11 0.044807762 
591 295 6 8 0.044776626 
621 316 8 10 0.044685367 
406 378 12 15 0.04464481 
872 294 7 10 0.04400583 
345 367 7 9 0.043963484 
736 158 8 10 0.043856796 
742 241 7 9 0.04383651 
773 303 9 11 0.04381832 
877 350 8 11 0.043792542 
749 388 13 15 0.043774866 
887 231 9 11 0.043718047 
261 320 7 10 0.04354046 
877 381 10 13 0.043487597 
274 323 9 11 0.0434573 
717 325 9 10 0.043350633 
637 222 9 12 0.043311145 
993 469 12 16 0.04329115 
659 207 7 10 0.043199807 
764 419 11 15 0.04317176 
886 255 7 8 0.043155823 
625 277 8 10 0.043045737 
981 228 9 12 0.04301781 
1014 442 10 14 0.042986263 
767 309 9 10 0.042933047 
777 224 8 10 0.042859126 
420 477 16 18 0.04285045 
576 248 6 8 0.042788062 
680 389 8 10 0.042770937 
592 302 7 10 0.04264232 
698 217 8 10 0.042598 
761 309 8 10 0.042354647 
358 383 8 10 0.042255327 
759 393 11 15 0.042223748 
23 379 12 13 0.042220797 
441 303 8 11 0.042219456 
806 350 9 12 0.04213936 
600 216 8 10 0.0418624 
721 176 8 10 0.041836623 
610 317 8 11 0.041784763 
947 372 9 13 0.041737467 
857 247 8 11 0.041693978 
772 434 16 18 0.04167744 
663 200 8 10 0.041663237 
598 184 7 10 0.041645538 
892 436 15 20 0.04160979 
367 359 7 10 0.041563246 
673 411 9 12 0.04149799 
615 301 7 9 0.04145744 
992 348 8 11 0.041363146 
601 238 8 10 0.04133324 
840 328 9 11 0.04133139 
589 325 9 11 0.041288864 
383 350 7 10 0.041168075 
313 432 8 11 0.04111826 
14 388 9 11 0.04110793 
375 358 8 9 0.041090485 
837 303 9 11 0.04101012 
939 348 9 11 0.040967047 
942 160 8 10 0.040936247 
821 327 9 12 0.04087102 
920 241 8 10 0.04084226 
946 221 9 11 0.040814925 
30 406 11 12 0.04068411 
695 418 10 14 0.040571615 
999 413 10 12 0.0404994 
772 324 10 14 0.040266514 
865 342 9 12 0.040263444 
744 341 8 10 0.040241275 
777 177 8 9 0.040170234 
962 333 9 10 0.039993297 
568 333 10 13 0.039952967 
649 254 7 10 0.03993408 
1012 351 10 13 0.039877936 
401 379 10 13 0.039720565 
920 189 7 10 0.03971391 
855 182 9 11 0.039653953 
871 286 8 11 0.03961993 
793 239 8 10 0.039577045 
446 304 8 11 0.039550733 
70 320 9 11 0.03953232 
935 208 7 9 0.03950752 
813 394 14 20 0.039469957 
673 566 25 29 0.03943618 
950 405 11 13 0.03942433 
966 224 8 10 0.03935813 
64 304 8 10 0.03933807 
846 215 9 10 0.03928779 
880 175 8 10 0.03926271 
928 445 10 14 0.039253246 
710 343 8 11 0.039222922 
760 225 7 9 0.039209574 
487 333 24 30 0.039045967 
651 405 8 11 0.03896072 
957 175 9 11 0.03882062 
333 358 10 11 0.038666602 
935 303 7 8 0.038599126 
840 184 7 9 0.038593374 
901 390 9 12 0.03858009 
437 353 19 26 0.038355134 
823 159 7 10 0.038074717 
759 167 7 9 0.038072743 
609 328 7 9 0.038043022 
439 380 9 13 0.03794449 
58 315 10 13 0.037812594 
752 248 7 9 0.037800834 
1012 413 9 13 0.037780687 
375 352 8 10 0.037717067 
696 350 8 11 0.03764847 
925 343 10 12 0.037594058 
925 390 11 14 0.037509486 
352 368 8 11 0.037491027 
806 215 8 10 0.037376486 
902 255 8 10 0.037370116 
567 340 10 14 0.037308697 
632 400 8 11 0.03729921 
655 221 8 11 0.037222352 
303 344 7 9 0.0370872 
894 393 11 14 0.03701628 
809 249 7 9 0.036939573 
639 199 8 10 0.036925025 
661 430 11 14 0.036877777 
861 246 10 11 0.036787786 
830 368 13 17 0.036546364 
864 287 8 10 0.03648487 
719 214 7 9 0.03647392 
874 213 8 11 0.036425594 
274 487 9 11 0.03641978 
1009 409 9 11 0.036414023 
422 352 11 15 0.03625086 
865 349 9 12 0.036190554 
911 381 8 10 0.03617549 
607 167 9 10 0.03615383 
299 408 19 23 0.03612288 
783 200 7 9 0.036094606 
28 316 10 14 0.036050413 
722 232 9 11 0.03604744 
609 311 9 11 0.036045782 
992 423 9 11 0.036013328 
830 324 10 12 0.035978094 
974 366 8 11 0.035977602 
694 373 9 11 0.035937995 
246 430 9 11 0.035890087 
680 199 8 9 0.035851926 
608 200 8 10 0.035841603 
272 397 10 12 0.035780396 
711 175 8 10 0.035707634 
342 405 8 10 0.03569892 
407 427 11 14 0.03567243 
598 344 8 10 0.035549514 
64 372 12 16 0.03554136 
917 224 8 10 0.03544917 
193 423 9 12 0.0353714 
623 214 7 10 0.035294008 
894 168 8 10 0.03528683 
1008 303 8 11 0.035283525 
397 534 13 16 0.035227325 
932 412 10 13 0.035179343 
776 167 7 8 0.03505071 
317 436 11 14 0.0350309 
974 207 10 11 0.035011306 
798 168 8 10 0.0349572 
352 358 7 9 0.034933876 
198 437 11 13 0.03491671 
709 198 8 10 0.034914214 
259 442 11 12 0.034880973 
253 468 10 11 0.034867555 
742 377 12 15 0.034718804 
679 427 9 12 0.034702912 
657 189 8 10 0.034688883 
793 161 7 8 0.034678556 
551 268 8 11 0.034661353 
704 161 9 11 0.034592375 
902 199 8 10 0.034523383 
1015 394 9 13 0.034514982 
929 198 9 10 0.034483336 
927 335 8 11 0.03431725 
703 183 8 9 0.034263052 
921 246 8 10 0.03426137 
808 205 7 10 0.03416408 
742 151 8 9 0.034008317 
281 303 7 9 0.033911705 
675 471 14 16 0.033906303 
190 452 9 11 0.033878654 
751 344 8 10 0.033810355 
982 423 8 11 0.033807658 
652 470 11 14 0.03378989 
847 248 8 10 0.033711817 
742 177 7 9 0.033705615 
964 411 10 13 0.033639714 
871 181 9 11 0.033601623 
687 407 8 11 0.033496395 
992 277 8 10 0.03347961 
905 165 9 11 0.033439353 
950 333 9 11 0.033410694 
881 247 7 10 0.033403818 
783 277 10 12 0.03339263 
599 327 8 10 0.033377945 
389 461 8 11 0.03332767 
929 304 7 9 0.03319734 
713 215 7 9 0.033157136 
977 429 9 11 0.033154618 
423 342 9 11 0.033154488 
637 400 10 11 0.033136465 
677 271 8 10 0.033131372 
911 396 9 11 0.033124465 
934 361 9 11 0.033121463 
839 191 8 10 0.033026278 
813 303 8 10 0.033000477 
88 312 7 9 0.032939833 
863 176 8 9 0.03292264 
697 256 8 10 0.03282129 
733 305 10 12 0.032769885 
913 223 8 10 0.032613005 
997 455 10 12 0.032601554 
367 350 8 10 0.032543797 
423 325 10 11 0.032505393 
862 213 8 10 0.03245516 
263 414 9 11 0.03241144 
70 311 8 10 0.032411393 
561 213 7 9 0.032389548 
583 348 215 222 0.03231411 
712 413 10 13 0.032297444 
551 442 10 16 0.032260966 
863 305 8 10 0.032257542 
363 344 7 9 0.03222972 
277 446 10 12 0.03208639 
974 296 7 9 0.032069303 
982 429 9 10 0.0319295 
188 482 33 32 0.031918604 
360 367 8 10 0.031886466 
567 208 7 9 0.03187039 
556 307 12 15 0.03181917 
425 311 8 9 0.031818908 
738 327 8 11 0.03179344 
872 176 8 10 0.031789392 
406 358 10 13 0.031784117 
586 296 7 8 0.03175898 
18 432 15 19 0.031685002 
968 315 9 12 0.031634524 
959 375 11 13 0.03162993 
681 422 9 12 0.03159212 
711 335 9 11 0.031583045 
386 325 9 10 0.031522185 
741 431 9 12 0.03149902 
647 422 9 12 0.031476445 
736 136 7 9 0.031465154 
775 294 7 10 0.031350497 
223 469 9 12 0.03134402 
307 270 9 11 0.031329826 
376 510 9 11 0.03130859 
914 206 8 10 0.031260304 
913 319 9 10 0.031258896 
909 160 9 10 0.031230854 
728 198 7 10 0.031097217 
367 385 9 11 0.030954527 
327 398 10 13 0.030951325 
755 411 14 18 0.03093445 
337 376 8 10 0.030934023 
312 341 7 9 0.030893499 
325 461 9 11 0.030881347 
908 447 12 14 0.030860731 
606 215 8 10 0.030791434 
946 412 9 12 0.030616745 
302 447 9 11 0.030611087 
640 190 9 10 0.030561298 
52 358 19 24 0.030546673 
532 294 18 22 0.030484205 
742 322 19 23 0.030469349 
588 320 9 11 0.030434163 
888 333 9 11 0.030399648 
311 399 7 10 0.030305453 
816 208 7 9 0.030296307 
934 199 7 9 0.03025508 
885 396 13 16 0.030216992 
926 320 8 10 0.030206617 
783 397 21 23 0.030202482 
193 429 11 13 0.030192988 
298 344 7 9 0.03008756 
692 382 11 12 0.03007554 
670 143 9 10 0.029939592 
770 358 8 10 0.029870687 
456 304 9 11 0.02980929 
897 201 8 10 0.029808274 
383 395 9 11 0.029804617 
783 316 12 14 0.02971688 
791 287 7 10 0.029649349 
720 254 8 9 0.029644625 
58 370 21 27 0.029587662 
999 342 8 11 0.029585795 
735 215 8 9 0.029583754 
816 174 8 10 0.029544981 
911 257 7 9 0.029458953 
598 348 9 11 0.029438766 
889 209 9 10 0.029427597 
615 341 9 11 0.029416597 
952 303 7 9 0.02940246 
750 360 8 10 0.029367473 
781 177 8 9 0.029331816 
951 327 9 11 0.029323516 
665 144 8 10 0.029280065 
728 440 13 16 0.029167248 
847 345 14 17 0.029125905 
316 424 10 11 0.029114598 
959 407 10 12 0.029087203 
781 358 8 12 0.029024014 
919 185 8 10 0.02897938 
853 379 13 16 0.028947892 
680 438 18 23 0.028922914 
402 319 7 9 0.028918948 
610 248 7 8 0.028915647 
601 232 8 10 0.028905753 
640 208 8 10 0.028904073 
335 382 9 10 0.028740482 
302 435 10 13 0.02873104 
682 317 9 12 0.028728174 
818 378 13 18 0.028715696 
899 428 14 18 0.028712343 
648 391 9 12 0.028690264 
957 413 13 14 0.028661815 
977 224 8 10 0.028661499 
720 192 8 9 0.028658934 
419 324 7 10 0.028632103 
318 459 11 13 0.028611477 
999 391 10 11 0.02860431 
886 247 7 9 0.02856719 
416 374 20 25 0.028550671 
690 231 8 11 0.028521035 
23 340 10 13 0.028489701 
965 230 8 9 0.02844311 
745 319 9 11 0.028432978 
519 456 12 16 0.028421612 
778 328 20 24 0.028399855 
446 318 9 11 0.028382704 
657 185 7 9 0.028379256 
935 305 18 24 0.028357992 
901 205 9 11 0.028350318 
695 247 7 8 0.028328849 
445 350 23 29 0.028305424 
1006 341 10 12 0.02819687 
912 343 9 11 0.028184136 
767 191 8 10 0.028167292 
952 295 7 8 0.028141446 
700 420 10 13 0.028131977 
882 167 8 10 0.028105224 
625 287 8 9 0.0281018 
701 256 8 10 0.028085764 
917 413 10 14 0.0280784 
953 197 10 10 0.02806208 
589 349 9 11 0.028005483 
558 240 7 10 0.027994582 
758 180 8 10 0.027984163 
928 238 8 10 0.027971124 
633 241 7 10 0.02796565 
782 349 9 10 0.02790143 
392 353 18 24 0.027870486 
694 367 9 11 0.027804676 
943 208 8 8 0.027676921 
632 208 7 8 0.027583633 
612 431 9 12 0.027517265 
670 174 9 10 0.027513545 
927 363 17 22 0.027486052 
573 334 9 11 0.027481535 
726 349 8 10 0.027471527 
857 200 8 10 0.027466208 
721 408 17 24 0.027458198 
711 192 8 9 0.027424453 
692 435 12 15 0.027394192 
573 402 16 18 0.027392738 
680 265 7 9 0.027391057 
29 434 11 16 0.027373562 
957 455 12 13 0.027280955 
510 286 20 26 0.02728062 
1006 358 9 11 0.027266199 
853 328 9 11 0.027233565 
445 330 11 13 0.027215626 
508 285 14 18 0.027194317 
682 249 8 10 0.027119985 
684 366 10 12 0.027102007 
736 207 7 10 0.027033033 
352 1 46 59 0.026947552 
625 423 11 14 0.026939379 
953 179 9 11 0.026924875 
400 374 10 13 0.026813045 
991 312 7 10 0.026784291 
588 357 9 11 0.02676717 
390 371 9 12 0.026743256 
946 380 9 13 0.02673427 
798 293 10 11 0.026726374 
992 271 8 10 0.026616385 
663 399 8 10 0.026613038 
624 209 7 9 0.026609046 
368 336 9 11 0.026599875 
630 278 8 10 0.026597293 
998 349 9 11 0.02658195 
1013 188 10 16 0.026581502 
3 418 14 17 0.026482042 
863 224 7 8 0.02643592 
577 240 6 9 0.026429104 
664 420 9 12 0.026373116 
757 389 19 26 0.026318112 
583 222 8 10 0.026289957 
581 385 13 16 0.026272748 
727 192 7 9 0.026247982 
879 424 13 16 0.026221504 
807 356 10 12 0.02621994 
292 423 19 23 0.026157917 
832 296 8 10 0.02615342 
461 511 11 14 0.026107349 
672 437 10 13 0.026092274 
890 342 9 11 0.026088549 
776 213 7 9 0.026071325 
866 358 18 23 0.026049878 
890 387 11 15 0.026047744 
629 484 11 14 0.025972033 
964 427 11 13 0.025939718 
989 445 11 13 0.02590091 
982 321 18 24 0.025866514 
694 231 9 11 0.025804678 
797 303 9 10 0.025801009 
878 358 8 12 0.025796097 
852 364 11 14 0.025792234 
657 200 8 9 0.025768267 
252 432 19 24 0.02576001 
791 270 9 11 0.025745688 
721 182 7 10 0.025737396 
880 268 9 10 0.025733503 
746 305 8 10 0.025709318 
759 249 7 8 0.025701383 
544 215 8 10 0.025620174 
754 261 10 11 0.025544932 
370 395 9 11 0.025511945 
694 357 9 11 0.025502475 
608 339 8 10 0.025480732 
903 225 8 10 0.025465623 
1013 382 9 13 0.025414662 
685 463 11 13 0.025398904 
617 216 7 9 0.025376536 
895 227 10 12 0.025367798 
249 463 10 12 0.025354432 
734 143 8 9 0.025348928 
862 269 8 10 0.02532773 
767 169 7 8 0.025313858 
561 208 7 10 0.025296628 
704 171 9 11 0.025278363 
773 373 10 11 0.025268162 
88 315 8 12 0.02522808 
663 183 7 10 0.025211858 
693 428 11 15 0.025192002 
275 526 13 17 0.025143286 
559 231 7 10 0.025132068 
406 319 7 9 0.025110904 
799 158 8 10 0.025106542 
677 358 13 15 0.025091467 
977 423 9 12 0.025081176 
919 200 9 11 0.0250548 
750 318 10 11 0.02504234 
369 486 10 13 0.025028437 
599 333 9 11 0.024999589 
622 404 10 11 0.024991583 
784 272 9 11 0.02499042 
369 328 7 9 0.024971642 
992 263 7 9 0.024944045 
966 351 11 12 0.024917755 
877 343 8 10 0.024915913 
856 212 9 11 0.024879992 
574 216 9 10 0.024877962 
788 413 13 16 0.024860188 
544 323 13 19 0.024830187 
903 359 18 24 0.024806667 
550 304 12 15 0.024805738 
825 299 19 23 0.02480536 
296 459 11 12 0.024804411 
657 381 8 11 0.024753481 
273 446 9 11 0.024707606 
919 443 11 15 0.024702916 
806 325 9 12 0.024652028 
802 315 9 12 0.024637977 
853 355 12 15 0.024597647 
506 337 15 18 0.024565939 
817 158 8 10 0.024452478 
385 320 8 10 0.024449976 
769 183 7 10 0.024446825 
780 364 9 11 0.02440757 
376 375 9 11 0.024400482 
741 158 8 10 0.02435536 
933 420 11 14 0.02432623 
871 279 9 12 0.024321418 
541 270 10 11 0.024266789 
680 207 8 9 0.024247969 
673 380 8 11 0.024208838 
592 217 7 10 0.024194246 
294 446 10 12 0.024190046 
656 421 9 12 0.024181262 
901 320 7 10 0.024176933 
685 468 12 14 0.024154019 
806 287 9 11 0.02415239 
1006 479 10 12 0.024132838 
692 444 13 15 0.024111742 
654 391 9 12 0.02410288 
687 182 8 9 0.024077779 
769 257 7 9 0.024058266 
585 216 7 10 0.02402549 
718 430 10 14 0.023988072 
767 175 7 9 0.023976002 
932 439 11 14 0.023957985 
408 363 10 14 0.023955606 
396 391 11 15 0.023892434 
567 302 8 11 0.023877565 
915 419 12 16 0.023869768 
863 168 8 9 0.023835726 
713 468 10 14 0.023834016 
735 200 8 10 0.023793804 
824 176 8 11 0.023734903 
911 174 9 10 0.023709686 
344 360 7 9 0.023702787 
826 180 8 11 0.023697222 
880 233 9 10 0.02369293 
182 404 10 14 0.023638971 
319 470 10 12 0.02359318 
335 352 8 10 0.023584906 
630 256 8 10 0.023573136 
840 248 9 10 0.023558095 
701 413 10 12 0.023554945 
912 183 8 10 0.023553684 
891 380 9 12 0.02350553 
955 389 10 14 0.023463126 
965 407 10 12 0.023448633 
329 415 9 11 0.02343034 
791 371 19 22 0.023427404 
369 384 18 23 0.02342642 
861 238 9 11 0.023393197 
807 156 8 10 0.02338377 
608 223 7 9 0.023370765 
237 423 10 12 0.023361769 
721 249 7 9 0.023359405 
984 443 11 13 0.023352064 
288 444 10 13 0.02333239 
799 268 10 12 0.02329761 
664 446 9 12 0.023292467 
392 539 14 16 0.023281502 
743 440 12 16 0.023262057 
630 359 8 10 0.023242911 
813 446 9 11 0.023238668 
528 207 7 9 0.023220506 
928 191 8 10 0.023218192 
401 313 7 9 0.023207072 
637 460 11 14 0.023198038 
1007 335 9 12 0.023194678 
303 319 8 10 0.023171904 
871 222 9 11 0.023117136 
975 240 8 10 0.023073265 
69 304 7 10 0.02304075 
878 222 10 11 0.023036297 
223 464 8 10 0.023029525 
655 321 9 12 0.023026919 
296 367 9 11 0.023013867 
390 321 8 11 0.02301373 
664 478 9 12 0.02299203 
823 247 9 11 0.02298511 
914 333 8 10 0.022978846 
422 447 11 13 0.022975788 
20 387 13 15 0.022966933 
14 424 15 19 0.022961635 
959 295 7 9 0.022943227 
726 324 9 12 0.022939848 
856 169 9 9 0.022853907 
896 175 7 10 0.022853628 
852 371 14 16 0.022820346 
568 324 10 14 0.022816868 
944 327 8 10 0.02281624 
465 231 215 230 0.022797143 
949 375 18 23 0.022764772 
23 405 11 14 0.022750424 
625 296 8 10 0.022739608 
367 550 26 30 0.022726111 
219 451 10 13 0.022706315 
849 389 15 18 0.022691466 
799 310 9 11 0.022675004 
197 420 11 14 0.022671023 
407 312 7 9 0.022656849 
591 308 9 12 0.022650663 
840 215 8 10 0.022609478 
974 393 18 22 0.022606926 
536 270 10 11 0.022605618 
755 429 13 17 0.022604901 
982 235 9 12 0.022589434 
341 415 8 10 0.022577371 
958 191 10 12 0.02256565 
308 506 13 14 0.022560982 
1007 459 11 13 0.022524923 
970 207 9 12 0.0225175 
896 239 9 10 0.022513798 
434 362 20 27 0.022497453 
710 311 9 11 0.022483584 
246 436 9 12 0.022478268 
770 208 8 9 0.022455854 
429 430 9 13 0.022444628 
806 400 21 26 0.022423664 
720 135 8 10 0.022416845 
568 241 7 9 0.02241498 
550 216 7 9 0.022400387 
373 336 8 9 0.02235652 
313 360 8 8 0.022343371 
919 383 8 10 0.022338081 
878 181 8 10 0.022332061 
764 426 14 19 0.022305677 
807 169 8 10 0.022293596 
878 365 8 11 0.022285106 
799 172 8 10 0.022268074 
427 380 12 15 0.022242751 
313 423 8 11 0.022237299 
719 151 7 10 0.022226408 
308 407 10 13 0.022213925 
416 342 9 11 0.022187525 
689 276 10 11 0.022181373 
576 305 8 11 0.022169804 
653 462 12 14 0.022165928 
481 295 8 10 0.022132372 
686 399 9 10 0.02212318 
760 320 9 10 0.022105893 
62 310 9 11 0.022084229 
585 244 8 10 0.022031553 
793 246 9 10 0.02203016 
698 395 18 22 0.022017362 
975 350 11 12 0.022009548 
475 304 13 16 0.021911051 
694 335 12 13 0.021905681 
909 166 10 11 0.02188827 
872 238 7 10 0.021874856 
558 192 8 10 0.021870788 
720 303 8 11 0.0217936 
728 143 8 9 0.021771643 
743 201 9 9 0.021759003 
661 319 9 11 0.021750277 
577 396 15 18 0.02174609 
846 174 9 10 0.021745538 
726 246 8 10 0.021725554 
761 321 20 23 0.02172512 
616 205 6 9 0.021721605 
801 206 8 9 0.021694293 
934 192 8 10 0.02159044 
974 476 8 11 0.021581728 
847 296 9 11 0.021576362 
808 296 9 11 0.021550044 
749 400 23 30 0.021539222 
698 262 9 11 0.021520102 
782 409 14 17 0.02148919 
935 223 8 9 0.021487614 
954 319 9 11 0.021441683 
729 215 7 9 0.021415297 
615 143 9 11 0.02141427 
857 252 8 10 0.021393772 
849 207 7 10 0.021369645 
890 382 19 24 0.021362837 
919 305 6 9 0.021357074 
213 442 18 22 0.021339925 
983 358 10 11 0.02133188 
57 303 8 10 0.021309905 
597 188 8 10 0.021260435 
719 209 8 10 0.021234231 
534 220 9 11 0.021221608 
910 372 10 13 0.02121707 
869 335 10 12 0.021208297 
769 213 8 10 0.02117817 
353 352 8 9 0.02117347 
727 305 11 13 0.021159854 
732 411 12 15 0.021155726 
1001 303 7 10 0.021136152 
913 200 8 11 0.021133367 
403 377 23 30 0.021120923 
752 197 8 10 0.021113321 
272 435 9 11 0.021106215 
786 424 18 21 0.021077458 
944 215 10 11 0.02104337 
905 311 7 9 0.021031877 
733 402 13 17 0.021004483 
856 224 8 10 0.020991493 
777 201 7 9 0.020979544 
5 413 22 27 0.020978732 
263 432 8 11 0.020973979 
705 193 8 10 0.020971622 
694 391 9 10 0.020967256 
798 287 10 11 0.020965701 
1015 467 10 14 0.020957401 
575 324 9 12 0.02095116 
960 353 21 23 0.020936947 
296 399 7 9 0.020915566 
856 286 9 11 0.020909421 
793 172 9 10 0.020874372 
306 337 7 9 0.02087232 
631 273 7 9 0.020854931 
640 271 8 9 0.020851571 
743 135 8 9 0.020831112 
601 297 7 9 0.020813363 
767 198 8 10 0.02079568 
754 236 8 10 0.020755678 
412 182 11 13 0.020690056 
728 168 7 9 0.020687297 
565 295 8 10 0.020649837 
625 458 11 14 0.020625336 
686 448 11 14 0.02062266 
383 345 8 11 0.020617181 
772 308 11 13 0.020614823 
895 409 13 17 0.020609701 
424 324 21 27 0.020601995 
856 175 8 10 0.020568224 
689 414 8 10 0.020560086 
675 450 12 14 0.02053297 
862 189 9 10 0.020516826 
279 351 9 10 0.020511545 
433 303 7 9 0.020500945 
575 207 8 9 0.020498527 
641 317 10 12 0.020487858 
984 453 9 13 0.020455843 
612 457 13 16 0.020454964 
67 382 12 16 0.020424373 
277 452 9 12 0.02040482 
591 231 7 9 0.020404018 
600 319 8 10 0.020393277 
599 199 8 10 0.020387935 
430 320 11 13 0.020375406 
703 355 9 11 0.020375274 
524 286 13 19 0.020354629 
1013 478 9 13 0.02034371 
697 207 7 8 0.020329276 
637 240 8 10 0.020293329 
838 199 7 9 0.020292666 
713 363 10 12 0.020263582 
832 198 8 11 0.020246465 
345 344 7 9 0.02023256 
319 352 7 9 0.020209404 
199 462 11 12 0.020205818 
810 253 7 9 0.020178445 
824 197 7 10 0.0201761 
558 245 8 11 0.020135354 
880 332 9 12 0.020134892 
754 168 7 9 0.020091446 
1000 335 8 10 0.020071188 
857 268 9 11 0.020065691 
432 423 9 11 0.02004485 
799 230 8 10 0.020024654 
748 485 15 16 0.020000335 
