35_Basketball_playingbasketball_35_195
265
460 392 15 18 0.9899233 
971 388 14 18 0.96846765 
580 382 16 22 0.92428446 
205 273 20 29 0.90539265 
303 403 9 12 0.86921906 
113 406 8 12 0.8457612 
711 398 8 11 0.80316997 
135 415 9 11 0.71707386 
505 387 11 15 0.7143571 
1011 397 11 16 0.6853283 
51 399 11 14 0.67940354 
431 402 10 12 0.6350934 
738 398 8 11 0.6350357 
156 405 9 11 0.6277288 
537 403 11 12 0.56005555 
559 396 11 16 0.39744306 
361 403 10 12 0.37000823 
367 419 9 12 0.34415573 
153 402 8 11 0.2551977 
248 406 10 13 0.22297937 
782 389 10 12 0.20256464 
775 405 7 9 0.19292602 
994 233 24 37 0.17161012 
525 430 10 14 0.15913552 
345 400 8 9 0.15090464 
630 459 9 11 0.14580064 
405 412 9 11 0.14522617 
494 478 7 10 0.13314505 
435 404 10 12 0.117744826 
944 415 9 11 0.114832416 
672 487 9 11 0.112405896 
286 431 9 12 0.10523245 
944 422 11 14 0.10398591 
406 398 9 11 0.09911315 
837 223 34 39 0.097526416 
94 465 9 11 0.09704995 
1008 391 11 15 0.096965075 
666 392 8 10 0.095116265 
333 494 8 11 0.08997997 
94 408 9 11 0.08747131 
401 412 10 12 0.08248149 
0 423 7 11 0.08125009 
760 431 8 11 0.08116632 
405 438 8 10 0.079235084 
669 397 9 11 0.07788819 
653 485 8 10 0.07431359 
349 399 9 10 0.074074335 
434 497 7 10 0.073001534 
521 422 8 12 0.072244115 
158 411 10 11 0.06744293 
90 439 7 10 0.06711452 
656 406 8 11 0.06581582 
653 446 9 11 0.064679876 
710 394 9 10 0.06459714 
344 405 9 10 0.063876726 
340 430 10 11 0.061192214 
737 394 8 10 0.06092183 
742 404 7 10 0.059353195 
424 438 9 11 0.059065256 
491 478 7 9 0.058790684 
916 347 14 19 0.058540612 
352 494 10 12 0.055090263 
521 380 10 13 0.053991508 
589 371 13 17 0.05362884 
679 405 8 9 0.05276602 
741 393 8 10 0.051822584 
872 265 13 15 0.051021103 
655 441 7 9 0.050539903 
390 430 9 11 0.050348826 
391 424 8 10 0.049838103 
401 438 8 10 0.04929196 
198 636 15 20 0.04814784 
287 413 8 11 0.047723 
0 374 9 14 0.047539625 
489 422 9 12 0.04657169 
408 431 9 10 0.04639605 
771 405 7 10 0.04552167 
661 471 7 10 0.045251105 
654 414 8 11 0.045241944 
94 445 9 11 0.04520684 
321 435 8 11 0.04459329 
413 429 8 10 0.043969117 
750 416 7 9 0.04366363 
414 407 8 10 0.04351348 
709 238 13 16 0.043481022 
634 478 7 9 0.043333486 
943 408 8 10 0.043197136 
522 435 9 12 0.043012325 
695 462 8 10 0.042738825 
307 399 9 12 0.041845668 
708 500 10 12 0.041774187 
497 497 9 10 0.040719695 
654 480 7 9 0.04014437 
52 413 12 13 0.040020898 
330 500 9 11 0.03990165 
599 445 8 10 0.039507125 
282 430 9 12 0.039141223 
485 495 8 10 0.038577102 
250 412 11 14 0.03850366 
343 413 9 10 0.038364448 
679 401 8 9 0.038355615 
524 459 11 16 0.038294885 
351 404 9 11 0.037501182 
134 408 10 12 0.03661759 
746 422 7 10 0.036414273 
196 280 25 28 0.03629416 
1000 403 10 13 0.03602276 
525 413 8 12 0.035825644 
648 421 9 11 0.03530547 
358 495 8 10 0.03525934 
6 493 9 12 0.035053056 
55 419 11 13 0.03469848 
71 465 12 15 0.034624916 
128 439 7 10 0.03398228 
407 392 10 12 0.03387066 
511 480 7 9 0.03384937 
581 374 16 21 0.033828422 
533 479 8 10 0.033534274 
558 335 7 8 0.033259615 
565 389 12 17 0.033198178 
335 489 7 10 0.03266942 
240 302 16 20 0.032635745 
625 406 8 11 0.032608006 
39 428 10 12 0.03259555 
90 413 9 11 0.03258558 
145 404 9 13 0.032249887 
341 436 9 11 0.032225236 
116 411 9 12 0.032206465 
49 392 10 13 0.0321197 
759 399 8 10 0.03183905 
640 437 9 11 0.031669557 
696 390 7 9 0.03148491 
759 435 8 12 0.031167101 
384 437 8 11 0.031152146 
727 428 9 11 0.031055732 
665 488 8 10 0.03097475 
725 477 8 10 0.030950764 
280 424 8 11 0.03090191 
22 406 10 12 0.030676102 
540 493 9 12 0.030630281 
768 400 7 10 0.030574197 
16 452 9 13 0.030479925 
765 377 8 9 0.030376103 
453 423 9 12 0.030296013 
166 421 9 12 0.030025909 
645 432 7 9 0.029949166 
391 438 8 10 0.029862426 
303 504 10 12 0.029601464 
687 478 8 10 0.029496556 
167 413 8 10 0.029486204 
431 444 8 11 0.029180182 
384 398 9 11 0.029093951 
52 597 25 29 0.028817331 
946 426 12 17 0.028705748 
401 391 8 11 0.02814404 
753 456 7 10 0.02806394 
648 438 7 10 0.02794836 
361 391 9 11 0.027661541 
263 414 9 11 0.027449694 
138 413 12 14 0.02739281 
541 418 10 13 0.027344892 
726 440 8 10 0.027282557 
133 399 11 13 0.027136572 
549 461 11 15 0.026782366 
785 431 8 10 0.026718816 
131 410 19 22 0.02664896 
524 388 11 14 0.026580112 
152 400 17 21 0.026574297 
622 472 8 10 0.026545739 
15 447 9 12 0.026383074 
129 404 9 12 0.026378172 
622 424 7 9 0.026316265 
750 422 7 9 0.026143877 
996 436 10 13 0.026098061 
567 328 8 9 0.026029067 
765 431 8 10 0.025982728 
359 501 8 11 0.025967386 
166 407 9 12 0.02596447 
617 424 8 10 0.025914285 
344 493 8 12 0.025876872 
427 399 8 11 0.025814142 
524 422 10 14 0.025802603 
357 399 19 23 0.025760371 
726 414 8 10 0.025721934 
361 421 10 13 0.025637869 
686 501 12 13 0.025577698 
481 479 7 9 0.02550129 
299 397 11 15 0.025193065 
1008 386 17 27 0.025189754 
401 383 7 10 0.025069928 
428 437 11 12 0.024927678 
566 380 13 17 0.024876453 
425 405 9 12 0.024653394 
703 415 8 10 0.024624035 
1014 467 11 17 0.024501892 
582 493 9 12 0.024353996 
402 398 9 11 0.024275646 
553 396 11 16 0.024204986 
553 430 8 12 0.024171898 
849 139 55 88 0.02416778 
534 399 18 21 0.023982417 
495 473 9 12 0.023767097 
70 478 9 11 0.023754457 
671 482 9 10 0.023653414 
335 405 8 10 0.023485677 
707 394 18 21 0.023453891 
672 404 9 10 0.023323707 
487 416 9 12 0.023311697 
656 465 8 9 0.023254659 
447 504 7 9 0.022983236 
661 403 10 13 0.022965811 
481 486 7 9 0.022955809 
781 413 9 11 0.022950765 
0 508 9 16 0.022873485 
656 401 9 10 0.022855181 
449 426 10 13 0.022759633 
327 448 7 8 0.022697715 
1 415 8 11 0.022550343 
299 399 18 23 0.02254108 
310 414 8 10 0.022462802 
361 411 11 13 0.022443179 
641 432 9 11 0.022400763 
337 401 7 10 0.022397421 
535 419 12 13 0.022170963 
144 431 10 13 0.022133838 
568 376 23 28 0.02211962 
110 400 17 23 0.02209242 
408 423 9 11 0.022081397 
214 272 19 29 0.021967985 
759 405 8 10 0.021940572 
455 495 8 10 0.021893248 
428 399 18 22 0.02182732 
769 447 8 10 0.021592775 
616 399 8 11 0.02155632 
754 471 7 9 0.021413462 
529 478 8 10 0.021412699 
66 477 8 11 0.021392286 
386 431 8 11 0.02138424 
21 453 12 15 0.021285582 
406 478 8 10 0.021234881 
6 487 10 12 0.021220457 
334 381 8 10 0.021154104 
-29 497 490 405 0.02113695 
422 412 10 11 0.021097574 
599 336 9 11 0.021084871 
350 393 10 12 0.021039803 
721 415 8 10 0.020908264 
477 431 10 12 0.020890076 
645 343 9 11 0.020736301 
687 406 8 9 0.020706022 
251 419 12 13 0.020604784 
758 391 8 10 0.020589083 
487 461 7 10 0.020582603 
399 421 9 11 0.020534897 
328 486 9 11 0.020505348 
343 488 8 10 0.020396164 
62 398 9 12 0.02034832 
402 488 7 9 0.020270703 
641 344 9 11 0.020261211 
679 388 9 11 0.020255541 
655 138 10 13 0.020208078 
376 382 8 11 0.020183166 
399 432 9 11 0.020150442 
6 462 8 12 0.020054 
280 413 9 11 0.020014545 
