35_Basketball_basketballgame_ball_35_254
44
15 143 72 95 0.9902535 
630 311 84 76 0.98139715 
457 711 64 76 0.6454502 
207 135 88 118 0.5958451 
313 259 51 77 0.5517339 
295 230 72 76 0.17085941 
353 182 86 111 0.14824902 
317 200 90 116 0.122627154 
621 124 98 139 0.121570714 
152 408 51 67 0.114246435 
257 459 108 139 0.108703785 
18 65 84 126 0.097113006 
273 170 110 134 0.056131206 
1005 360 19 37 0.05509312 
58 146 64 87 0.053651765 
233 157 105 124 0.049523477 
249 -5 101 106 0.04361675 
641 322 48 45 0.042546146 
478 738 103 124 0.038199466 
221 966 119 155 0.036093064 
44 173 43 59 0.035019595 
424 684 60 62 0.03425463 
564 115 102 154 0.032288868 
657 338 64 74 0.031782355 
363 153 68 90 0.030444885 
25 23 98 126 0.029957635 
679 467 50 55 0.029866992 
993 200 33 53 0.029694619 
159 392 77 95 0.029161373 
317 129 94 122 0.026126472 
373 166 105 98 0.026020315 
618 290 70 79 0.025120411 
466 703 43 52 0.02452683 
329 82 33 43 0.02408237 
487 705 59 76 0.023732278 
85 64 104 126 0.023327082 
156 115 95 133 0.023104046 
465 235 64 74 0.022639994 
350 170 190 219 0.021528995 
116 108 97 125 0.02122621 
53 89 101 124 0.021108558 
208 60 108 133 0.020974517 
465 739 70 82 0.020358356 
239 266 47 75 0.02002462 
