35_Basketball_basketballgame_ball_35_256
67
226 69 57 71 0.9982741 
935 357 43 54 0.99453294 
526 56 65 91 0.99451786 
869 329 41 49 0.9910864 
356 152 36 47 0.9893379 
887 375 38 47 0.98923033 
762 351 47 60 0.986214 
463 159 55 68 0.9824325 
922 121 31 39 0.97940105 
951 51 32 41 0.9756166 
984 342 36 51 0.9644618 
956 166 42 50 0.8830027 
778 114 32 41 0.872137 
361 60 39 48 0.8239067 
737 152 36 41 0.75215256 
853 195 30 38 0.6023588 
425 21 28 34 0.59708357 
975 509 25 32 0.5901476 
723 245 39 47 0.5281163 
282 134 30 46 0.509272 
756 326 41 48 0.47298956 
842 168 33 40 0.46904147 
437 105 39 52 0.25977904 
884 504 28 31 0.24004197 
916 5 31 36 0.1717429 
674 103 27 34 0.16961455 
1004 540 19 29 0.111476995 
875 348 43 55 0.103014864 
916 458 35 40 0.09695771 
894 502 32 38 0.08990897 
160 147 41 54 0.088090286 
545 14 36 47 0.08760077 
682 269 30 45 0.07874425 
243 116 47 60 0.07097415 
477 535 54 57 0.059889045 
233 139 41 53 0.05826411 
532 31 54 79 0.057233814 
418 29 37 47 0.0569909 
741 138 31 38 0.050866336 
393 255 31 41 0.049046494 
665 37 24 30 0.04745102 
548 229 92 118 0.04377852 
895 411 31 36 0.0426755 
998 542 17 22 0.04244414 
702 199 33 47 0.04071545 
875 592 39 52 0.038873903 
328 123 31 39 0.038655985 
668 110 39 51 0.038256288 
787 365 31 38 0.037803955 
1011 495 13 22 0.03735935 
986 527 26 33 0.03558173 
507 101 39 49 0.031320106 
123 679 19 20 0.0313011 
976 522 26 34 0.031271275 
261 137 35 43 0.030913522 
995 457 28 38 0.028916826 
-2 313 38 70 0.028705796 
117 664 28 39 0.027315963 
592 82 14 20 0.026410077 
664 2 27 29 0.02482727 
750 334 26 42 0.023968194 
315 182 39 56 0.022346485 
864 192 20 26 0.022316862 
773 262 48 60 0.022187961 
920 108 30 36 0.0216313 
865 432 43 51 0.020102777 
768 46 39 47 0.020074947 
