35_Basketball_Basketball_35_209
829
502 136 34 45 0.99360996 
419 106 33 44 0.9922306 
899 184 17 21 0.96887714 
614 234 10 12 0.55438685 
16 236 14 17 0.53743345 
89 207 8 11 0.53059846 
978 222 15 17 0.4691047 
175 194 14 18 0.40820515 
69 263 8 11 0.34375045 
48 239 11 13 0.34286228 
750 203 7 10 0.33109728 
151 231 8 10 0.32329863 
79 230 7 10 0.3095443 
52 293 9 12 0.305455 
33 263 9 11 0.29183087 
990 157 10 12 0.25691783 
662 239 8 10 0.24904476 
126 78 8 11 0.24899498 
17 232 10 12 0.24849132 
48 48 8 10 0.24293086 
975 167 8 11 0.23727484 
134 229 8 10 0.22926909 
70 292 9 11 0.22625428 
1005 166 9 11 0.22506747 
47 192 10 12 0.22267786 
959 265 12 16 0.2200432 
36 269 10 14 0.21226099 
877 183 10 12 0.20833763 
86 265 8 10 0.20654114 
713 265 8 10 0.20447764 
30 196 9 12 0.19394067 
87 293 10 12 0.19323961 
89 212 9 12 0.18915461 
64 267 10 12 0.18842557 
70 323 9 12 0.1824942 
879 188 10 12 0.17940278 
274 199 8 10 0.16976163 
16 206 10 13 0.164669 
77 225 8 10 0.1641683 
145 254 7 9 0.15632984 
1001 288 11 17 0.1549127 
33 229 8 11 0.15442114 
912 160 9 11 0.15293816 
53 243 9 11 0.15220559 
884 189 10 13 0.14859758 
638 208 7 9 0.14527778 
641 144 9 12 0.14514583 
13 260 9 12 0.14491653 
24 190 8 11 0.14396231 
664 263 7 9 0.14279403 
634 232 7 10 0.14256816 
22 182 8 10 0.13813843 
1013 229 10 16 0.13775967 
929 195 10 13 0.13715504 
966 242 10 14 0.1354123 
695 230 7 10 0.13529761 
989 190 11 13 0.13282718 
63 207 8 10 0.13219325 
666 231 7 10 0.13025795 
950 189 9 12 0.13000534 
335 86 7 9 0.12819777 
56 215 8 10 0.12606202 
55 318 9 12 0.12590809 
982 140 8 11 0.12012948 
153 224 8 11 0.11816599 
942 173 9 12 0.117962465 
25 54 8 9 0.11759071 
925 175 9 12 0.11700593 
165 215 11 13 0.116465755 
392 95 42 62 0.115649395 
949 181 9 12 0.11540628 
178 229 8 12 0.11399461 
10 205 9 13 0.112432726 
977 114 7 9 0.11228441 
254 200 8 10 0.1116717 
945 158 8 10 0.11123579 
7 230 9 12 0.11037789 
119 271 7 10 0.108855456 
32 207 9 11 0.10860021 
127 200 9 10 0.10831028 
941 167 9 11 0.10471604 
838 229 14 17 0.10381697 
967 160 8 10 0.1026763 
49 216 8 10 0.101419926 
382 64 8 11 0.10126816 
967 219 9 13 0.10111737 
962 220 9 12 0.10093395 
161 216 10 12 0.10077332 
70 187 10 12 0.09929024 
838 119 7 10 0.09913013 
934 197 9 12 0.09886332 
337 207 9 10 0.09639945 
727 255 8 10 0.09612785 
634 207 7 9 0.095853746 
151 318 9 11 0.09560396 
637 237 8 11 0.09494955 
648 201 7 8 0.09437471 
886 160 7 10 0.09408597 
15 200 9 11 0.0929367 
929 157 7 10 0.091892086 
111 290 8 9 0.09115499 
997 218 10 13 0.09077608 
998 158 9 12 0.09059363 
959 112 8 10 0.08964193 
952 205 8 12 0.089452446 
879 176 9 11 0.08937008 
895 144 8 9 0.089297466 
896 168 7 9 0.08898431 
746 206 8 10 0.088683724 
887 136 7 9 0.08696944 
932 193 10 12 0.08665145 
766 124 9 10 0.08618797 
917 165 9 11 0.08608954 
970 150 7 9 0.0848988 
353 250 8 9 0.084835276 
0 220 8 11 0.08415131 
37 223 9 10 0.083871804 
273 55 7 10 0.08375071 
880 160 8 10 0.08371887 
64 198 9 11 0.08365896 
270 223 8 11 0.08345099 
627 262 8 10 0.083224915 
920 174 10 13 0.08301471 
887 166 7 10 0.0829396 
674 247 8 10 0.0814612 
335 249 8 10 0.08080793 
965 134 8 10 0.0806778 
988 220 13 14 0.08048899 
969 164 9 11 0.079797454 
666 208 6 8 0.07969684 
974 150 8 10 0.079564035 
921 135 8 10 0.07946848 
320 247 7 9 0.07926338 
213 187 17 20 0.07826922 
174 188 24 30 0.07792385 
978 142 8 11 0.077319674 
862 165 8 10 0.07723692 
942 203 10 12 0.077113196 
29 54 8 10 0.07525522 
637 231 8 10 0.07464471 
32 235 9 12 0.0741839 
94 85 12 16 0.074009605 
105 213 8 10 0.07396372 
295 55 8 10 0.07366578 
919 152 8 9 0.07346774 
58 64 8 10 0.07268122 
33 223 9 11 0.0725427 
989 173 11 12 0.07235983 
510 109 10 12 0.0722267 
951 144 7 9 0.07184921 
896 149 8 9 0.07145307 
840 198 11 13 0.071256354 
47 52 9 12 0.07101014 
106 209 8 10 0.070337884 
215 65 7 9 0.070184626 
647 230 8 10 0.07016565 
271 191 8 10 0.06972184 
938 172 9 13 0.06966744 
169 257 8 10 0.06957402 
633 224 7 10 0.06949739 
265 230 9 10 0.06886831 
136 68 8 11 0.068294 
133 264 8 9 0.06806177 
146 192 8 10 0.06771838 
655 223 7 10 0.0675902 
951 177 9 11 0.06725398 
127 291 10 12 0.06686395 
665 214 7 9 0.06685131 
473 170 16 19 0.06680366 
729 248 7 8 0.06678903 
958 118 8 9 0.06609479 
831 259 13 17 0.06608147 
273 40 7 9 0.06575398 
189 220 23 31 0.065297656 
665 223 7 9 0.065111786 
276 263 9 10 0.0650152 
65 191 8 11 0.06485676 
149 197 9 10 0.06482215 
925 137 8 9 0.06478091 
290 265 7 10 0.064370774 
23 177 7 10 0.06397503 
369 255 8 9 0.06366728 
89 48 8 10 0.06347998 
81 206 8 10 0.06327263 
689 239 7 9 0.06300131 
873 144 7 9 0.06292677 
630 253 10 13 0.06290094 
822 158 7 11 0.06271764 
382 118 31 47 0.06270407 
648 205 7 9 0.062422007 
917 159 8 11 0.062236574 
21 212 9 11 0.062084403 
991 163 9 12 0.06154805 
173 208 11 15 0.06147569 
985 152 8 10 0.061437123 
41 191 8 11 0.0612397 
928 119 7 8 0.060743984 
5 222 9 11 0.06063332 
694 288 8 10 0.060568232 
282 103 8 10 0.06034162 
295 262 8 10 0.0603331 
943 136 7 8 0.06016226 
902 177 10 12 0.05995078 
1 183 8 12 0.05974581 
64 183 10 11 0.059733734 
671 231 7 9 0.059271865 
120 223 8 10 0.059140164 
961 133 8 11 0.059140116 
881 166 8 10 0.05899409 
266 225 8 10 0.05898313 
206 45 8 9 0.058355585 
699 254 7 10 0.058345247 
929 203 11 14 0.05815235 
119 276 8 10 0.057923995 
874 158 7 10 0.05734482 
712 238 7 9 0.057328593 
946 152 8 10 0.05732361 
861 191 8 10 0.057262782 
135 200 9 11 0.05720189 
1006 126 8 9 0.057001952 
879 144 7 9 0.056965385 
144 198 10 11 0.056826387 
681 215 7 8 0.056587808 
310 200 7 8 0.056586258 
8 199 10 12 0.056571413 
134 271 7 9 0.056416743 
946 179 9 12 0.05616712 
127 255 8 10 0.05606613 
7 255 9 13 0.05589159 
384 88 7 9 0.055814873 
129 271 7 10 0.055205334 
55 313 10 12 0.05520532 
81 293 8 11 0.05520498 
52 191 9 12 0.055138543 
38 238 9 11 0.05480628 
17 191 9 10 0.05476284 
5 48 7 9 0.05471992 
770 143 7 9 0.05471653 
295 254 8 11 0.05462114 
639 213 7 9 0.05459384 
872 176 9 11 0.054589804 
175 238 8 10 0.05455853 
223 54 8 10 0.053742606 
656 247 8 9 0.053562332 
151 263 7 9 0.053176887 
950 150 9 11 0.05316712 
296 103 6 9 0.05314938 
168 271 7 9 0.053116273 
273 203 9 12 0.0529048 
582 257 10 13 0.0526379 
968 143 8 10 0.052413095 
885 183 10 13 0.05228957 
734 247 7 9 0.052276783 
950 213 9 12 0.051846653 
288 216 8 10 0.051611472 
978 136 7 10 0.051564783 
721 232 7 10 0.051539633 
37 208 8 10 0.051224053 
162 295 7 9 0.05116326 
640 263 8 10 0.051026218 
614 242 12 15 0.05050755 
873 150 8 11 0.05033232 
711 248 7 8 0.05019797 
319 73 7 9 0.04979066 
985 166 8 11 0.049709346 
506 110 9 11 0.049521115 
69 206 10 11 0.049516965 
696 248 8 10 0.04940556 
64 318 11 14 0.04926109 
696 224 7 10 0.04913792 
369 248 9 10 0.048604812 
120 206 8 11 0.048403297 
983 172 10 12 0.04791148 
678 231 7 9 0.047771107 
608 262 10 13 0.047687728 
0 260 8 13 0.04753234 
146 79 7 9 0.0475296 
61 212 9 11 0.047339566 
192 57 8 9 0.047263764 
860 181 9 12 0.04713496 
953 112 8 9 0.04690278 
687 209 6 8 0.0467215 
938 135 7 9 0.04667575 
696 293 8 11 0.046606924 
3 187 12 13 0.04654558 
735 207 7 10 0.046506967 
886 174 9 11 0.04636193 
379 65 7 9 0.04622967 
957 174 9 10 0.046035986 
240 40 9 10 0.04602996 
174 272 7 9 0.046016507 
957 206 9 12 0.045808986 
319 94 6 8 0.045792073 
63 229 8 10 0.04569619 
717 265 8 9 0.045521062 
888 142 8 10 0.045511566 
726 232 9 10 0.04550802 
105 288 8 11 0.04542483 
42 56 8 10 0.045038313 
1014 215 8 13 0.04492374 
693 311 8 11 0.044887546 
698 200 7 8 0.044422977 
143 248 8 10 0.044356514 
200 69 8 10 0.04435626 
646 261 10 12 0.044179402 
214 40 8 9 0.04414753 
330 63 7 10 0.0439818 
728 207 8 10 0.04393828 
624 255 9 11 0.04374439 
649 248 7 9 0.043558087 
18 183 8 10 0.04349982 
87 308 9 11 0.043449394 
744 270 9 11 0.043242905 
168 261 8 10 0.043208364 
152 46 9 11 0.04304363 
374 47 7 9 0.04303005 
679 224 7 8 0.042993657 
761 121 8 9 0.042983513 
874 187 10 12 0.04297412 
0 323 10 15 0.042855944 
151 269 7 9 0.042785425 
702 272 8 9 0.04267886 
63 309 9 12 0.04266119 
169 204 11 15 0.042628735 
682 209 7 8 0.042611077 
361 265 7 9 0.04260581 
613 252 11 13 0.04235564 
1005 170 11 14 0.04232079 
341 211 9 10 0.042260915 
94 49 7 10 0.042235035 
121 294 8 9 0.042213738 
146 295 8 10 0.042128656 
800 143 9 11 0.042064685 
152 215 9 12 0.04198633 
665 270 8 10 0.04193329 
104 50 9 11 0.04188604 
657 128 7 10 0.041728437 
967 111 8 9 0.041723482 
1013 167 10 13 0.0417092 
186 194 14 17 0.04155589 
112 269 8 10 0.04155191 
241 64 8 9 0.0415011 
590 215 8 11 0.041443538 
223 49 8 9 0.04141814 
296 79 7 10 0.041404266 
592 273 9 12 0.041286368 
154 64 8 10 0.04127816 
149 256 7 9 0.04118302 
461 111 8 10 0.041170634 
733 255 7 10 0.04112982 
1001 120 8 9 0.041054934 
895 173 10 12 0.04095762 
130 230 9 10 0.04094572 
1012 222 10 14 0.040836927 
141 204 10 12 0.04080704 
80 247 11 13 0.04054227 
80 262 8 11 0.040146146 
37 255 10 12 0.04002174 
981 113 8 9 0.03990679 
105 264 8 10 0.039898235 
727 271 8 10 0.039817598 
807 179 9 12 0.03978969 
92 214 10 11 0.039670847 
934 120 9 10 0.039607286 
176 186 11 15 0.039388828 
78 189 9 12 0.039328087 
198 63 8 9 0.03928286 
592 219 8 11 0.039229196 
189 80 7 10 0.039205227 
672 238 8 10 0.039194845 
67 302 9 12 0.0391526 
121 200 8 10 0.039144274 
664 256 7 10 0.038836263 
290 55 7 10 0.038757727 
329 248 7 10 0.03870778 
937 127 8 9 0.038660716 
8 212 9 13 0.038418017 
950 197 11 14 0.038368974 
1001 171 9 12 0.03833866 
862 161 8 9 0.038273048 
647 238 7 9 0.03820907 
671 271 8 11 0.038183074 
351 104 7 9 0.038131483 
122 255 7 9 0.03812015 
361 84 8 11 0.038093135 
45 8 10 11 0.03808997 
128 224 7 10 0.037984617 
959 142 8 9 0.037923105 
1 230 9 13 0.037888322 
609 230 10 12 0.037857134 
376 70 7 9 0.03778828 
87 238 7 9 0.037732795 
62 175 9 10 0.037698068 
38 214 7 9 0.037627004 
96 64 8 10 0.03749808 
295 312 12 14 0.03745776 
649 224 8 11 0.037454575 
88 231 7 10 0.03741296 
331 86 7 9 0.037267152 
927 140 8 10 0.037090518 
57 69 8 11 0.037055247 
24 196 9 12 0.0370235 
32 274 11 13 0.03695635 
790 72 8 9 0.03680061 
280 86 8 9 0.036696833 
720 216 8 9 0.03662201 
961 128 8 10 0.03657593 
974 159 8 10 0.03653666 
1013 275 10 17 0.03636231 
194 61 7 9 0.0363361 
599 223 8 11 0.036292315 
761 138 7 9 0.03628378 
922 121 7 8 0.03625466 
871 166 8 10 0.03624192 
856 166 8 10 0.03618846 
607 224 8 9 0.036108993 
973 196 9 12 0.036103614 
991 135 8 11 0.035893265 
280 97 7 9 0.03588711 
279 79 8 11 0.035852306 
147 231 7 10 0.035559904 
672 200 7 9 0.0355141 
673 252 8 11 0.035480626 
726 261 8 9 0.035440322 
303 80 7 10 0.0354137 
918 194 11 15 0.035337444 
224 31 8 9 0.035322003 
656 133 9 11 0.03528596 
632 246 10 12 0.03522514 
472 125 10 12 0.035149626 
464 174 21 25 0.03514251 
129 239 8 9 0.035016507 
1007 215 9 12 0.03497064 
749 251 9 13 0.034889862 
319 47 7 9 0.034848653 
168 47 8 9 0.034819476 
745 265 9 11 0.034761503 
804 104 9 12 0.034695 
983 95 8 11 0.03467695 
80 235 8 10 0.03463067 
173 256 8 10 0.034457188 
662 245 9 11 0.034454945 
671 223 7 9 0.034424413 
89 220 8 11 0.034420297 
71 240 9 10 0.034386665 
151 31 8 9 0.034372404 
179 206 24 31 0.034325924 
1002 126 9 10 0.034271657 
934 152 7 10 0.03423779 
0 236 8 12 0.03407741 
367 54 7 10 0.034029376 
945 141 7 9 0.034023818 
704 215 7 8 0.033933215 
88 301 9 12 0.03388789 
160 279 7 9 0.033809923 
999 135 8 11 0.033758882 
94 231 7 10 0.033739366 
334 64 7 10 0.033711303 
269 185 9 11 0.033681992 
619 236 9 11 0.033641577 
129 248 7 9 0.033632476 
841 175 7 11 0.03358533 
1001 205 11 13 0.033578146 
160 257 7 9 0.033419117 
472 120 8 11 0.033361647 
903 151 7 9 0.033359468 
107 268 8 10 0.033308133 
46 252 11 12 0.033290848 
373 247 9 10 0.033238728 
902 167 8 10 0.033142935 
358 248 8 9 0.0331044 
835 120 7 10 0.03309632 
297 199 8 9 0.033054102 
176 219 21 30 0.032903627 
97 120 8 12 0.032867275 
170 199 21 27 0.032724127 
359 198 9 11 0.03270665 
78 317 10 13 0.032673314 
63 223 9 11 0.032672066 
141 213 10 11 0.03262068 
81 312 8 11 0.03255813 
86 246 10 12 0.032464862 
647 255 9 11 0.032445204 
48 297 11 14 0.0324093 
849 135 8 10 0.03240392 
304 86 7 8 0.032377943 
96 278 7 10 0.032331258 
272 47 7 10 0.032318566 
670 207 7 9 0.032302316 
104 220 8 11 0.032245398 
612 296 14 18 0.032127447 
215 22 7 9 0.032119755 
39 63 8 10 0.03194154 
526 111 8 11 0.031941153 
80 253 10 11 0.03191303 
38 244 10 11 0.031898916 
703 249 7 9 0.031824708 
95 246 7 10 0.031723384 
266 190 8 10 0.031722903 
205 87 8 11 0.031719618 
176 223 10 13 0.031626787 
998 140 9 11 0.031524137 
145 287 8 9 0.03145946 
319 77 7 9 0.031381894 
620 246 10 12 0.031300448 
39 196 9 11 0.03127095 
985 127 8 9 0.031262793 
691 231 7 10 0.030969642 
967 205 11 15 0.030877706 
128 262 8 10 0.03085915 
745 213 6 9 0.030846504 
1008 109 7 9 0.03081591 
210 64 8 10 0.030708717 
854 136 8 10 0.030490227 
287 238 7 10 0.030429546 
861 173 10 13 0.030329378 
262 200 8 10 0.030308327 
52 48 9 10 0.030207705 
278 56 7 9 0.030200368 
109 212 9 11 0.030077314 
704 192 6 8 0.030065125 
108 51 11 13 0.029907903 
277 255 8 11 0.029897232 
913 152 8 9 0.029811272 
329 30 7 9 0.029631931 
172 212 40 49 0.029630361 
984 101 8 10 0.02962237 
142 183 9 11 0.029616248 
282 237 7 10 0.029562108 
47 61 7 9 0.02949079 
183 63 7 9 0.029440513 
1009 220 9 13 0.029437713 
889 150 7 10 0.029403895 
152 313 9 11 0.029397657 
690 288 8 11 0.029323967 
296 97 6 8 0.029308487 
287 269 8 9 0.029289147 
293 247 8 10 0.029211458 
16 224 9 10 0.029163357 
808 173 10 14 0.02908599 
902 145 7 9 0.029005123 
991 127 7 9 0.028963545 
47 233 10 11 0.028944556 
966 129 8 9 0.02893475 
689 246 7 9 0.028785212 
997 152 9 12 0.028708179 
127 73 9 11 0.028677601 
120 264 7 9 0.028658709 
621 301 10 13 0.02860778 
145 260 8 11 0.028595062 
713 233 7 9 0.028571865 
532 236 14 18 0.028485082 
225 87 8 10 0.028454786 
951 135 7 10 0.028332034 
686 192 7 8 0.028316775 
136 278 7 9 0.028299836 
198 57 7 9 0.028252054 
167 173 9 11 0.0281979 
439 202 18 22 0.028046282 
334 32 7 8 0.02798439 
935 159 7 9 0.02797673 
22 221 9 11 0.027948815 
156 199 8 10 0.0279423 
968 197 10 12 0.027927175 
17 175 8 11 0.02790606 
14 266 10 13 0.02789199 
632 283 11 15 0.027814196 
679 239 6 9 0.02778774 
608 215 7 9 0.027733762 
303 241 7 9 0.027730536 
65 288 8 11 0.027553884 
150 287 7 9 0.027538368 
262 206 8 11 0.027514387 
1012 282 10 16 0.0275091 
119 229 8 11 0.027494855 
330 81 7 9 0.027490176 
274 72 7 8 0.027464818 
94 199 8 11 0.027429191 
104 239 8 9 0.027350372 
158 207 10 12 0.027208066 
295 41 7 9 0.02720194 
671 121 7 9 0.027179278 
1007 121 8 10 0.0271677 
601 228 9 11 0.027064454 
358 206 9 11 0.027050233 
713 199 7 9 0.027041927 
712 215 7 9 0.027034879 
1005 160 8 12 0.0270042 
551 120 12 16 0.026940426 
94 309 9 12 0.026877098 
15 285 11 14 0.026782727 
962 159 8 10 0.026717553 
689 270 8 10 0.026707286 
313 88 6 8 0.02670642 
895 136 7 9 0.026702851 
120 249 6 8 0.026645692 
186 210 14 18 0.026595712 
320 40 7 8 0.026589762 
878 151 8 10 0.026552884 
173 261 8 10 0.026502866 
175 245 8 9 0.026469182 
263 64 8 9 0.026456626 
0 253 9 14 0.026341777 
697 216 7 9 0.026332784 
196 202 13 17 0.026328864 
726 213 8 10 0.026324049 
967 213 20 25 0.026269518 
313 79 7 9 0.02621296 
872 231 10 13 0.026189744 
202 46 7 8 0.026182048 
366 84 7 10 0.026141558 
218 56 7 9 0.026105583 
901 201 11 14 0.026076972 
1008 104 8 10 0.026030613 
631 269 9 10 0.026020551 
61 67 8 11 0.025962843 
366 63 7 9 0.025948292 
152 69 8 10 0.025918964 
721 198 7 9 0.025916986 
305 200 7 8 0.025841126 
224 64 7 9 0.025828669 
297 30 8 9 0.025821447 
8 265 11 15 0.025809651 
63 239 8 10 0.025760865 
399 47 8 11 0.025722697 
856 174 10 13 0.025678568 
980 233 13 15 0.025677815 
96 238 7 9 0.025609037 
985 195 10 12 0.02554167 
144 280 7 9 0.025522828 
313 73 8 9 0.025518103 
865 206 11 15 0.025501823 
278 61 8 10 0.025483934 
710 258 19 25 0.025423624 
982 118 7 9 0.02538971 
784 63 8 9 0.025250169 
864 136 6 8 0.025211787 
681 192 6 8 0.02520956 
727 199 8 10 0.02518679 
962 238 10 14 0.02518486 
545 48 8 11 0.025104437 
230 54 8 10 0.025094425 
156 230 9 11 0.025055952 
184 78 8 11 0.025023649 
294 215 9 11 0.024978207 
192 39 7 10 0.02494349 
112 223 8 10 0.024937099 
686 214 7 8 0.02486149 
769 148 9 10 0.024829024 
936 141 8 10 0.024810748 
302 207 8 9 0.024770398 
150 203 10 13 0.02476803 
168 63 9 11 0.0246839 
679 199 7 9 0.024667347 
950 220 9 13 0.02464882 
167 288 7 10 0.02463655 
657 216 7 8 0.024620887 
135 247 8 10 0.024602508 
752 216 8 10 0.024599725 
0 246 7 12 0.024555925 
314 96 6 8 0.024554145 
343 248 8 11 0.024466323 
269 228 8 11 0.024441333 
928 164 7 11 0.02441774 
744 137 7 8 0.02441139 
120 288 7 10 0.024393545 
0 269 8 13 0.024377571 
111 247 7 10 0.024371823 
670 214 7 9 0.02436246 
183 246 8 11 0.024341183 
971 243 13 16 0.024311634 
829 167 8 10 0.024267966 
119 55 10 11 0.024241606 
182 72 8 9 0.024206325 
721 135 8 10 0.024177052 
360 47 7 10 0.02415125 
297 23 8 9 0.024081316 
953 117 9 11 0.024064984 
327 183 8 11 0.024061019 
30 174 8 10 0.024029499 
180 208 14 19 0.023889763 
656 208 6 8 0.023794541 
278 41 7 9 0.023782631 
255 221 8 12 0.023692165 
840 193 9 12 0.023652356 
914 134 7 9 0.02363272 
153 52 9 10 0.023598503 
207 80 7 9 0.02357426 
898 128 7 9 0.023529505 
737 119 7 9 0.023524364 
1005 277 17 30 0.023505533 
303 23 8 9 0.023503073 
177 79 8 10 0.023474768 
160 237 8 10 0.023465957 
689 129 6 8 0.023377242 
983 212 22 26 0.023347333 
257 31 8 10 0.023274368 
261 261 9 12 0.023240322 
32 244 10 12 0.023225617 
111 264 8 10 0.023121709 
181 222 11 16 0.023112647 
693 237 9 11 0.023104416 
983 251 14 18 0.023075908 
702 278 7 9 0.023054447 
289 41 7 9 0.023052884 
377 94 8 9 0.02294452 
665 120 7 9 0.02294345 
279 46 8 10 0.022822728 
1001 111 7 9 0.022789348 
157 183 9 11 0.022779932 
216 46 8 10 0.022724316 
246 41 8 9 0.022724153 
55 277 10 12 0.022723665 
921 140 8 10 0.022708213 
144 300 8 10 0.022704622 
71 246 9 10 0.022673715 
754 121 7 9 0.022651885 
57 183 8 11 0.022640236 
145 237 7 10 0.022609795 
639 224 8 10 0.022498775 
998 237 13 14 0.022483857 
666 201 7 9 0.022447374 
372 252 9 11 0.022442862 
94 221 8 11 0.022435652 
289 71 8 9 0.022412805 
255 214 9 12 0.022412503 
202 183 10 12 0.022412024 
29 49 8 10 0.022249598 
46 234 18 22 0.02223164 
68 308 11 13 0.022148397 
988 183 13 15 0.022127222 
169 239 7 9 0.022062512 
344 254 8 9 0.022057451 
256 56 7 8 0.021990404 
369 40 7 9 0.021938922 
231 71 7 9 0.021869158 
104 246 8 10 0.021842571 
81 199 9 12 0.021814795 
744 80 8 10 0.021809535 
87 69 8 11 0.021782655 
335 48 8 10 0.021739805 
863 196 9 12 0.021705821 
581 126 11 13 0.0216891 
230 32 8 9 0.021669213 
86 201 11 12 0.02164801 
161 261 7 9 0.021616032 
879 126 8 10 0.02161249 
119 215 8 10 0.021598216 
168 230 8 11 0.021593248 
312 257 7 8 0.021584356 
343 86 7 9 0.021553464 
241 46 8 9 0.02151968 
408 31 9 11 0.02144625 
170 190 10 13 0.02143304 
94 304 8 11 0.021421436 
946 182 19 25 0.021392442 
208 70 7 9 0.021390507 
838 124 8 10 0.021355564 
688 292 8 11 0.021355182 
992 119 7 9 0.021338435 
942 127 7 10 0.021319374 
182 271 9 12 0.02129744 
247 46 7 10 0.02123759 
905 158 8 11 0.021193998 
23 276 11 13 0.0211201 
1 52 8 12 0.021118367 
53 332 10 14 0.021068547 
745 246 10 13 0.021040205 
695 272 8 10 0.021021834 
28 424 100 125 0.02099383 
952 128 8 10 0.020989202 
918 48 7 9 0.02098594 
280 231 8 10 0.020984005 
40 185 8 9 0.02095334 
58 208 8 11 0.020898212 
912 144 7 9 0.020889973 
734 229 8 10 0.020885943 
545 53 8 11 0.020880619 
353 85 7 10 0.020868467 
493 117 9 11 0.020862892 
8 235 10 14 0.020856451 
619 292 11 16 0.020764915 
727 236 8 10 0.020756042 
112 231 8 10 0.02069889 
92 293 9 12 0.020689005 
150 247 8 10 0.020685168 
361 64 7 9 0.020674296 
352 47 8 10 0.02067115 
185 56 7 9 0.020653384 
205 185 16 19 0.020641979 
145 32 7 10 0.020611383 
142 71 8 10 0.020562045 
241 88 6 8 0.02055808 
681 142 8 10 0.020530533 
596 270 10 12 0.020526025 
335 69 7 9 0.020507513 
942 241 11 13 0.02048293 
169 246 8 9 0.020469835 
846 250 11 14 0.020460976 
807 167 9 12 0.020460688 
379 87 7 10 0.020446818 
368 47 8 10 0.020437043 
1006 233 14 16 0.020412458 
290 78 7 10 0.020401094 
335 200 8 10 0.020398308 
208 30 8 9 0.020361599 
298 208 8 10 0.020351235 
958 198 8 13 0.020339642 
841 54 8 10 0.020328436 
919 128 8 9 0.020324448 
80 213 8 11 0.020293837 
48 325 9 13 0.020290796 
6 176 9 10 0.020267969 
980 216 15 17 0.02025261 
750 222 9 11 0.020242285 
47 288 17 23 0.020242162 
439 153 22 34 0.020184178 
304 40 7 9 0.020176418 
329 252 8 11 0.020167356 
734 192 7 9 0.020132296 
0 346 9 15 0.020116955 
992 111 7 9 0.020109685 
312 103 7 9 0.020106915 
689 303 8 10 0.020103524 
134 237 8 10 0.020077847 
877 195 12 15 0.020073535 
313 31 6 9 0.020054605 
321 23 7 9 0.020028533 
589 208 8 10 0.020026933 
