35_Basketball_playingbasketball_35_794
94
283 175 28 36 0.99886405 
511 135 30 38 0.99882823 
556 124 32 39 0.998381 
100 157 26 36 0.9972465 
751 85 42 56 0.9952459 
835 141 32 40 0.99243295 
425 177 19 24 0.9716722 
-3 162 25 51 0.96235025 
267 148 16 25 0.93674994 
184 162 20 29 0.91868657 
394 146 16 22 0.81110984 
325 163 17 21 0.7635091 
113 29 27 33 0.5068371 
440 203 18 24 0.4951423 
381 171 17 21 0.32111812 
380 193 20 28 0.30807605 
435 206 26 34 0.2421956 
244 180 19 31 0.20400245 
149 36 14 18 0.14048328 
206 256 65 124 0.10597616 
159 181 24 28 0.088737085 
504 207 34 43 0.08067518 
0 253 12 17 0.075571895 
400 463 13 15 0.0692125 
70 199 11 14 0.06297562 
136 29 26 31 0.061613504 
383 466 9 12 0.061535552 
367 396 11 15 0.06024294 
602 175 20 23 0.057646953 
142 139 11 16 0.057376258 
400 148 22 28 0.05648548 
264 142 13 21 0.05415193 
166 170 25 33 0.05158233 
385 155 23 27 0.049529176 
330 158 14 18 0.047985364 
395 193 14 21 0.047330033 
232 179 13 18 0.045213968 
67 214 24 34 0.043805413 
174 165 33 44 0.041481487 
375 177 23 27 0.040821362 
128 75 12 16 0.040062707 
246 174 12 16 0.03864199 
386 199 23 30 0.03766781 
149 172 24 32 0.03662681 
463 142 11 15 0.034567915 
856 356 24 31 0.034166533 
340 192 23 34 0.03368244 
120 33 34 36 0.03320977 
236 181 16 24 0.032711834 
496 237 40 49 0.031231768 
69 116 16 20 0.031184992 
68 200 15 22 0.031012535 
181 129 13 17 0.030320086 
130 68 26 33 0.030215684 
178 72 15 21 0.03004777 
564 161 28 32 0.028458852 
390 464 10 12 0.028189307 
0 247 22 25 0.027673973 
329 168 17 26 0.027112463 
241 110 10 11 0.027062872 
887 122 12 15 0.027037486 
836 185 26 44 0.026897827 
131 39 37 49 0.02689379 
565 218 34 43 0.026879909 
425 211 28 39 0.026856665 
264 153 25 33 0.026181746 
804 538 15 21 0.02531692 
711 176 23 40 0.025043271 
238 269 50 93 0.024507126 
377 165 13 17 0.024481848 
4 500 12 16 0.02438929 
371 188 17 24 0.023625964 
125 12 33 39 0.023404613 
386 187 15 21 0.022830004 
110 32 18 24 0.02243895 
904 144 10 13 0.022405243 
87 162 26 33 0.022194335 
334 151 11 14 0.022133762 
842 254 41 58 0.022090616 
135 130 12 16 0.021896947 
182 138 14 18 0.021896796 
377 225 17 22 0.021776175 
96 137 26 39 0.021604264 
1011 455 12 19 0.021462133 
340 149 12 15 0.021303581 
142 39 16 20 0.02124971 
430 222 31 42 0.02118679 
374 207 26 36 0.021185197 
231 219 37 57 0.02117558 
892 119 10 14 0.020993076 
238 174 13 19 0.020879906 
211 114 22 28 0.020837298 
101 121 20 26 0.020498658 
337 467 11 13 0.020020299 
