35_Basketball_playingbasketball_35_795
457
82 36 24 31 0.99797887 
220 74 25 31 0.9974956 
52 269 65 91 0.99514174 
486 497 13 19 0.9774966 
847 84 44 55 0.96276236 
559 59 40 53 0.95940614 
641 17 14 20 0.93875545 
952 28 19 25 0.938403 
972 75 17 25 0.9267737 
135 108 23 30 0.9230927 
212 124 39 45 0.8204899 
39 14 10 12 0.78523153 
609 521 11 14 0.6479599 
912 436 23 35 0.6085904 
852 594 10 15 0.5400852 
695 544 9 11 0.49488768 
520 505 15 18 0.4856394 
195 129 13 16 0.48440692 
590 510 8 11 0.47595546 
596 29 11 15 0.46447238 
695 570 12 14 0.36438754 
382 71 8 10 0.3093871 
156 94 17 23 0.30377033 
477 115 12 18 0.27693886 
662 550 8 11 0.2603179 
10 455 23 30 0.24202795 
785 517 7 9 0.23503907 
377 71 8 10 0.22515763 
462 543 11 15 0.2147672 
439 549 11 14 0.19691537 
524 465 11 15 0.19608562 
453 180 13 17 0.19253153 
771 9 17 20 0.18977237 
1002 100 15 19 0.18607223 
725 550 8 11 0.18218292 
332 5 12 13 0.17723142 
328 55 8 12 0.16524912 
700 548 9 13 0.1616477 
743 549 8 10 0.1613195 
357 7 9 11 0.1588861 
435 521 12 14 0.14741772 
745 544 8 10 0.14470544 
608 549 10 13 0.14445975 
886 226 35 34 0.14371048 
443 568 14 17 0.14132777 
735 559 10 13 0.13104016 
689 547 10 13 0.13099985 
775 536 8 10 0.12806092 
392 8 11 12 0.12704754 
749 543 8 10 0.12590526 
376 22 7 9 0.11872583 
393 46 7 9 0.11223346 
158 430 129 147 0.111667156 
366 37 9 11 0.111343645 
305 47 8 10 0.10933007 
301 203 26 29 0.10442928 
28 28 11 13 0.10342779 
679 565 10 12 0.103107475 
310 78 7 9 0.09927861 
299 3 12 14 0.09565188 
318 94 7 10 0.094351575 
333 113 9 11 0.09275737 
288 245 49 51 0.09171121 
568 542 10 11 0.09080136 
598 46 14 18 0.0904583 
596 532 10 13 0.089695655 
681 542 8 9 0.0884467 
361 38 8 10 0.08729562 
738 2 28 25 0.08596765 
790 518 8 9 0.08300453 
679 571 10 12 0.080152094 
999 116 24 42 0.08001235 
344 81 6 9 0.079823576 
297 36 8 10 0.07912941 
773 587 9 12 0.07716514 
574 543 9 12 0.07692424 
280 28 12 17 0.07633177 
625 542 9 11 0.07455999 
574 549 9 12 0.07432347 
390 134 10 13 0.074175 
712 528 8 9 0.07368432 
680 536 8 9 0.07315551 
502 484 13 17 0.07243531 
826 60 12 15 0.07157951 
21 52 11 13 0.070885636 
575 557 8 11 0.07067823 
408 79 8 10 0.06930445 
336 71 8 9 0.06748012 
384 135 10 12 0.06695961 
353 40 7 9 0.06567236 
785 551 8 9 0.06527752 
621 503 8 10 0.064861715 
727 555 10 13 0.06352203 
367 81 6 8 0.06263234 
397 46 8 10 0.061457545 
367 33 9 10 0.061436135 
722 520 7 9 0.061380014 
625 568 9 11 0.06107034 
736 549 9 11 0.06087492 
125 313 94 92 0.059670106 
56 547 44 55 0.059565313 
665 572 10 12 0.059486352 
625 485 9 11 0.05907166 
726 543 8 12 0.058784578 
322 46 8 10 0.057668146 
601 485 9 11 0.057502657 
657 545 8 11 0.05745535 
123 335 40 41 0.057299975 
969 437 12 15 0.056941643 
742 558 8 12 0.056837954 
322 40 8 10 0.05540167 
351 63 7 9 0.054977488 
725 519 7 9 0.054829143 
480 483 11 14 0.054561656 
599 501 8 10 0.053883765 
574 567 9 11 0.053717658 
661 511 8 10 0.05357754 
333 55 8 11 0.0533925 
398 135 9 12 0.05334793 
360 127 8 9 0.052970245 
369 64 7 8 0.052018188 
626 573 8 11 0.051888656 
649 484 8 10 0.051526777 
277 43 11 15 0.05126604 
428 540 11 14 0.050949372 
1002 102 21 33 0.05044472 
702 519 7 9 0.05028833 
581 543 9 11 0.049224146 
631 555 9 12 0.048601914 
383 39 7 9 0.04772536 
454 253 386 479 0.047667816 
302 64 7 10 0.04753856 
743 565 10 12 0.047387518 
351 47 8 9 0.04706001 
408 104 9 11 0.046749365 
710 532 10 11 0.046708733 
383 77 7 8 0.046094224 
592 505 8 11 0.04530185 
322 54 8 11 0.045040812 
701 554 10 14 0.044685185 
935 133 21 34 0.04466627 
583 568 8 10 0.04464474 
889 209 35 36 0.044628873 
927 346 15 19 0.044597138 
746 1 43 45 0.044424225 
600 496 8 11 0.04407125 
1005 133 13 22 0.04392488 
719 525 9 10 0.043782532 
362 82 7 9 0.043742124 
766 548 8 10 0.043551218 
326 40 7 10 0.043213557 
768 544 7 10 0.04299803 
616 511 9 11 0.042799454 
686 558 9 12 0.042119864 
377 46 7 10 0.041779455 
337 101 8 10 0.04173532 
509 567 9 12 0.041527435 
447 596 9 11 0.041384473 
314 95 8 10 0.041255936 
726 579 13 18 0.04106432 
792 542 8 10 0.04100675 
518 486 11 13 0.04100107 
775 575 8 9 0.040907506 
319 89 7 9 0.04070702 
787 4 16 20 0.040534176 
792 535 9 11 0.039844923 
409 85 8 10 0.039409753 
629 61 12 16 0.0392163 
702 496 7 9 0.039130054 
465 546 12 15 0.039060604 
507 491 12 16 0.03897028 
119 335 185 218 0.03882867 
739 15 17 20 0.03873195 
202 122 20 28 0.03866516 
304 70 8 11 0.038484547 
697 519 8 11 0.038205072 
377 93 8 10 0.038171217 
56 62 10 13 0.038012717 
720 543 10 13 0.037943847 
698 524 9 11 0.03783488 
836 90 35 45 0.037792806 
668 35 15 17 0.03757339 
663 555 9 11 0.037454665 
759 544 9 10 0.037448563 
377 78 7 8 0.037400737 
382 31 7 10 0.037242237 
751 526 7 9 0.037230805 
807 629 11 12 0.036990695 
646 501 8 10 0.036295667 
397 156 10 13 0.036104362 
749 560 8 10 0.03608147 
209 116 25 31 0.036046516 
376 88 8 10 0.03595718 
748 567 9 11 0.035872452 
477 515 12 15 0.035847317 
818 55 23 28 0.035729527 
301 13 10 13 0.0354152 
607 471 9 10 0.035308894 
351 55 7 9 0.03528097 
686 519 8 10 0.035229348 
631 480 8 12 0.035216663 
782 526 8 11 0.0350632 
726 575 10 14 0.0350397 
742 582 9 11 0.03500553 
647 480 8 10 0.035001446 
19 332 42 55 0.034866165 
337 39 8 9 0.034761015 
687 485 8 10 0.034675065 
559 501 11 14 0.034617517 
596 22 19 24 0.034610935 
259 214 30 33 0.03459609 
305 52 8 10 0.034579247 
769 566 8 10 0.03439713 
778 529 8 11 0.03425179 
310 102 8 10 0.034003574 
285 45 11 14 0.033872064 
309 47 8 9 0.033838224 
309 72 8 11 0.033154104 
608 565 10 13 0.033122297 
696 538 8 10 0.032952264 
374 112 9 11 0.03266515 
626 114 50 54 0.032644797 
673 484 8 10 0.032449253 
343 96 7 10 0.032295685 
341 5 10 11 0.03221632 
568 572 9 12 0.032192804 
327 1 11 13 0.03215361 
371 71 6 9 0.031913277 
322 60 8 10 0.031839285 
973 440 13 16 0.031624764 
438 85 9 11 0.031621553 
618 58 24 35 0.031598166 
346 63 7 9 0.03159392 
591 526 12 14 0.031488802 
688 570 12 16 0.03146501 
434 547 11 15 0.031454433 
565 488 9 11 0.03145067 
342 40 8 9 0.03141326 
654 485 8 10 0.031387676 
703 527 8 10 0.031371143 
611 555 11 13 0.031299494 
771 536 7 9 0.031273685 
736 544 8 10 0.031268585 
41 18 13 16 0.031159677 
950 23 15 20 0.030909866 
780 533 9 12 0.030884214 
443 543 12 13 0.030881047 
549 567 13 18 0.030849785 
617 496 8 10 0.030842174 
302 39 8 9 0.030823959 
934 570 12 14 0.030708006 
344 46 7 10 0.03066261 
709 548 12 14 0.030545954 
311 15 9 11 0.03054183 
512 467 12 15 0.030539209 
557 572 9 13 0.03033435 
712 565 10 13 0.030151248 
78 280 102 106 0.030078713 
774 567 8 10 0.030061098 
621 510 9 11 0.030005984 
751 536 8 10 0.029928932 
514 2 17 16 0.029872408 
542 479 13 15 0.029842775 
381 23 7 10 0.029825317 
630 575 8 11 0.029702133 
143 330 107 108 0.029598022 
50 387 32 37 0.02952423 
352 135 8 10 0.02936359 
385 152 9 12 0.02925147 
669 566 10 12 0.02908581 
369 112 8 11 0.028931195 
400 118 8 10 0.028921539 
335 31 9 10 0.028902756 
726 526 8 9 0.028729398 
722 578 24 28 0.028524324 
339 77 7 10 0.02839617 
918 135 41 48 0.0282437 
352 31 8 9 0.028223582 
721 480 8 9 0.028016666 
712 570 11 14 0.027970815 
424 21 10 12 0.027906919 
313 87 8 10 0.027622823 
662 36 14 16 0.027521005 
327 95 8 10 0.02746161 
608 512 8 11 0.027404206 
655 471 8 9 0.02730155 
640 479 8 11 0.027235376 
727 535 7 10 0.02707579 
351 81 7 9 0.026961286 
491 565 12 15 0.026921146 
392 152 10 13 0.026833847 
942 127 21 33 0.026739385 
761 548 9 11 0.026720796 
946 99 23 30 0.026665939 
686 564 12 15 0.026597416 
575 524 12 14 0.026588133 
681 548 10 12 0.02644987 
874 47 26 30 0.026287582 
5 3 13 15 0.026199086 
351 160 11 12 0.026158083 
769 472 7 8 0.025884585 
397 40 9 11 0.02586108 
345 55 7 9 0.025851581 
687 536 7 9 0.025793884 
966 431 21 27 0.02576731 
641 501 8 10 0.025734292 
27 34 14 18 0.02544912 
334 62 8 10 0.025422359 
310 54 8 10 0.025405046 
360 55 7 9 0.025398823 
636 605 10 13 0.02533492 
177 129 39 51 0.025325656 
27 49 15 18 0.025320873 
737 479 7 10 0.025294112 
790 551 8 10 0.025268672 
793 92 43 56 0.025261544 
736 472 7 9 0.025220778 
974 449 13 16 0.025218256 
697 496 8 10 0.025217382 
647 472 9 9 0.025193261 
703 534 9 11 0.025183577 
407 121 10 11 0.02515944 
630 580 9 11 0.025138432 
429 570 11 14 0.025097696 
519 532 8 11 0.025076246 
631 471 8 10 0.024959348 
575 56 31 42 0.024957035 
951 85 25 30 0.024940034 
504 31 17 18 0.024890775 
624 536 8 11 0.024871329 
358 133 9 12 0.02478204 
632 81 51 61 0.024760919 
432 599 8 10 0.024738476 
553 532 10 12 0.024734115 
719 496 7 8 0.024702927 
384 45 7 10 0.024697758 
932 217 29 34 0.024645472 
717 572 13 17 0.024593087 
520 459 20 24 0.024564087 
711 485 7 9 0.024544002 
710 541 11 14 0.024366824 
328 71 8 11 0.024345346 
806 470 9 11 0.024345228 
613 541 10 13 0.024333319 
343 127 8 11 0.024330577 
889 165 49 52 0.02422281 
749 547 9 11 0.024202561 
476 106 22 30 0.024197469 
566 536 12 13 0.024183573 
722 513 7 9 0.024168344 
212 110 15 19 0.024154918 
851 74 30 45 0.024075435 
719 534 9 10 0.024054244 
535 532 11 12 0.024012027 
351 96 8 10 0.023956839 
321 6 8 11 0.023915228 
532 478 13 14 0.023890065 
624 471 9 10 0.023835795 
661 545 8 11 0.023799554 
545 34 73 100 0.023791084 
408 73 8 10 0.02376683 
260 78 10 13 0.023764806 
617 486 7 10 0.0237385 
407 134 11 14 0.023680897 
802 470 8 10 0.023648052 
726 513 7 8 0.023543332 
704 513 7 9 0.023478078 
22 37 21 26 0.023464458 
374 39 8 10 0.02344418 
957 76 24 30 0.023345962 
584 517 10 13 0.023293748 
341 101 8 9 0.023289168 
319 111 8 11 0.02321251 
320 32 8 10 0.023153437 
633 17 15 20 0.023123369 
681 525 10 12 0.023029441 
360 95 9 11 0.02299837 
767 606 9 12 0.02291942 
823 72 27 35 0.022829931 
913 428 18 23 0.022756903 
23 57 13 15 0.022721091 
559 541 10 12 0.022716528 
626 547 10 13 0.022570848 
292 247 30 33 0.022541562 
30 22 12 15 0.02249348 
246 77 12 17 0.02244524 
744 571 10 12 0.022425082 
996 249 14 20 0.022418587 
691 542 18 23 0.022388874 
597 525 12 15 0.022374094 
753 2 20 19 0.022231175 
317 199 32 31 0.022208929 
629 566 8 11 0.022205329 
373 141 11 14 0.02219152 
593 496 8 10 0.022115827 
408 55 9 10 0.02209293 
367 85 6 9 0.022013564 
424 536 12 16 0.021987924 
640 580 8 12 0.021980595 
686 38 13 14 0.021959795 
455 541 13 15 0.02194467 
600 518 8 11 0.021858724 
304 20 8 10 0.021837829 
669 551 8 10 0.02183295 
550 468 12 13 0.021810535 
582 524 9 12 0.021759858 
971 404 18 22 0.021759572 
328 32 8 10 0.021731975 
18 47 20 24 0.021714976 
360 32 9 10 0.021710409 
304 88 7 10 0.021694543 
606 439 9 10 0.021654999 
374 5 9 11 0.021551682 
719 577 15 19 0.021517994 
560 493 11 13 0.021514148 
494 482 14 17 0.021508047 
501 498 11 15 0.021425216 
366 56 7 9 0.021391455 
376 65 7 9 0.02124063 
433 554 11 14 0.021211246 
721 472 6 9 0.021196842 
399 94 8 10 0.021179084 
367 6 9 11 0.021157233 
391 127 9 12 0.021048585 
613 530 9 12 0.021041028 
531 506 12 16 0.021012751 
400 88 8 10 0.021010045 
717 -1 29 26 0.02098608 
570 567 9 12 0.020874528 
301 32 9 10 0.020831024 
725 603 15 17 0.020674512 
360 46 7 9 0.02064033 
548 501 13 17 0.020638151 
359 101 8 10 0.020554593 
690 45 51 55 0.020522455 
505 580 10 14 0.020522257 
376 54 7 10 0.020465763 
703 472 8 10 0.020410132 
562 44 29 38 0.020401428 
727 472 7 8 0.020401234 
727 485 7 9 0.020370832 
439 597 9 11 0.020343963 
268 225 94 97 0.020332562 
944 143 16 23 0.020309445 
437 544 19 22 0.020292398 
375 30 8 10 0.02028875 
304 94 7 10 0.020284856 
392 41 8 11 0.020208366 
759 581 9 10 0.02020702 
622 495 8 9 0.020186447 
733 573 10 12 0.02018553 
447 159 11 14 0.020148115 
680 471 7 10 0.020143118 
596 540 10 13 0.020045085 
311 7 8 11 0.020017201 
375 201 36 41 0.020017184 
988 107 26 38 0.020002872 
