35_Basketball_basketballgame_ball_35_904
32
261 124 50 67 0.99510324 
445 121 61 57 0.97516555 
554 114 47 64 0.96565366 
323 111 51 58 0.7186281 
640 133 54 71 0.34818935 
535 125 44 52 0.13147941 
579 115 46 61 0.10564145 
677 307 17 16 0.072249204 
608 126 41 63 0.07001671 
428 89 93 96 0.06015334 
785 486 17 23 0.056849062 
674 116 58 64 0.05572504 
438 55 99 97 0.050659243 
461 36 71 65 0.040078457 
302 104 82 92 0.039513815 
218 121 46 68 0.034425788 
358 97 55 65 0.033547338 
396 211 46 56 0.03210966 
625 139 35 61 0.03071682 
129 147 43 61 0.029828697 
773 490 24 31 0.02616564 
238 121 52 71 0.025678124 
954 538 13 18 0.024456596 
647 325 33 36 0.024426205 
692 111 39 44 0.023992876 
577 419 16 18 0.02386649 
286 120 39 59 0.02356196 
656 315 35 34 0.021279648 
783 164 30 32 0.021035055 
213 47 62 54 0.021016091 
779 481 17 22 0.020356193 
397 95 63 74 0.020232929 
