35_Basketball_playingbasketball_35_449
40
340 157 97 123 0.9998276 
723 265 56 103 0.90123314 
197 479 110 160 0.16017286 
784 981 25 29 0.111590885 
619 1270 27 31 0.07933673 
3 1310 18 21 0.055829927 
489 1328 19 22 0.05166949 
358 949 378 502 0.040083412 
754 1316 16 17 0.036681157 
546 1300 16 18 0.03569767 
981 1312 9 11 0.034993075 
524 -1 20 19 0.034904152 
782 299 91 118 0.032334697 
741 285 91 118 0.031754546 
92 1308 16 18 0.030959569 
531 1323 14 15 0.029926453 
200 1102 29 34 0.0288777 
453 1301 12 14 0.02866847 
557 1300 16 19 0.027998995 
741 1305 17 17 0.027898597 
811 1301 12 14 0.027539482 
541 1325 12 15 0.026142383 
574 1319 12 15 0.02501579 
981 1317 10 12 0.02483365 
498 1301 16 17 0.024708204 
964 1304 12 14 0.02433379 
122 188 27 27 0.023905361 
770 1298 15 17 0.023836719 
992 1300 9 11 0.023542916 
435 1219 215 202 0.023382287 
630 1278 27 31 0.022764474 
919 1304 9 10 0.022119895 
212 844 28 31 0.0218524 
644 1290 14 17 0.021770958 
542 1331 14 16 0.020958818 
1006 1308 11 12 0.020818686 
654 1299 14 17 0.020666339 
747 1301 15 17 0.020361561 
747 1308 17 19 0.02028181 
281 179 99 127 0.02005473 
