35_Basketball_basketballgame_ball_35_64
143
127 288 55 74 0.9993166 
476 221 59 82 0.99907815 
293 237 62 81 0.99904317 
657 105 32 39 0.99862325 
34 244 55 70 0.9978928 
590 209 66 90 0.996689 
689 215 73 94 0.9960373 
139 108 24 32 0.9954457 
591 79 27 33 0.9951709 
237 243 34 46 0.99427235 
465 63 25 32 0.99385685 
440 109 31 39 0.9934145 
901 174 54 82 0.99339783 
386 67 27 33 0.99282223 
807 182 37 51 0.99275607 
492 160 34 39 0.9918099 
869 59 26 34 0.99166554 
954 185 74 104 0.9910795 
0 244 28 42 0.9887211 
96 129 24 31 0.98863274 
399 146 26 35 0.98835576 
536 17 24 31 0.9858188 
100 197 43 55 0.9833936 
272 126 27 34 0.9813368 
526 90 25 36 0.9790958 
277 219 31 43 0.9770269 
344 154 25 31 0.9755756 
150 139 25 31 0.96907145 
193 216 28 34 0.9636177 
70 210 33 42 0.93334854 
412 14 24 29 0.9230135 
413 112 29 36 0.9077492 
445 2 26 28 0.8996487 
234 190 32 38 0.8737099 
453 44 22 29 0.8398617 
0 294 34 59 0.82901794 
213 103 27 31 0.82751614 
25 77 20 25 0.8097748 
563 198 32 46 0.8051842 
267 6 23 27 0.8049687 
206 8 18 24 0.7921849 
299 92 21 26 0.7903602 
240 68 28 29 0.7737253 
243 165 26 33 0.7550299 
89 38 21 27 0.737175 
621 4 24 30 0.7222358 
35 157 22 25 0.6830773 
46 40 19 26 0.68176335 
54 193 21 27 0.64023435 
718 68 53 65 0.54415184 
336 0 26 26 0.5296043 
263 100 25 32 0.5030304 
352 210 24 32 0.48802695 
0 103 24 40 0.4711578 
738 51 61 75 0.46505195 
156 7 19 22 0.4504432 
488 -3 24 26 0.43462947 
724 94 35 44 0.35315028 
377 168 19 24 0.33562425 
200 48 26 29 0.28450394 
293 1 18 20 0.25775257 
188 168 23 32 0.21316148 
239 173 33 44 0.19534108 
180 78 24 28 0.1780431 
3 214 28 38 0.15989591 
5 267 40 64 0.1401202 
63 -1 17 14 0.13417402 
55 220 50 61 0.12615953 
536 157 30 44 0.099522844 
442 209 16 18 0.096960366 
526 111 29 36 0.09599247 
892 379 22 29 0.09058811 
282 3 24 26 0.0855743 
173 119 24 33 0.08498175 
573 193 45 63 0.084906265 
405 132 28 37 0.0758613 
145 73 23 28 0.07487161 
927 183 60 90 0.0728046 
492 5 24 28 0.07213464 
843 691 49 52 0.0643067 
277 208 26 35 0.060641743 
804 402 47 51 0.060099564 
421 108 40 48 0.058608808 
262 282 42 54 0.052287657 
242 258 41 53 0.04886454 
156 41 18 20 0.048344627 
170 248 32 37 0.047783963 
493 178 35 42 0.047304973 
8 95 19 26 0.0466749 
616 136 33 38 0.044952374 
394 -2 19 15 0.04351661 
221 91 16 19 0.04300843 
961 0 12 11 0.0429967 
141 216 16 21 0.042639203 
256 85 24 31 0.04229731 
691 184 54 70 0.041912314 
453 53 28 37 0.041542403 
532 99 31 35 0.03900816 
655 198 76 113 0.038972467 
165 132 24 32 0.038388155 
454 10 21 25 0.03583656 
354 160 26 32 0.035089426 
404 9 25 27 0.03345618 
56 193 36 46 0.03330258 
180 228 33 35 0.03316313 
387 155 24 31 0.03281324 
208 57 25 30 0.032764655 
204 105 19 25 0.03261095 
302 439 61 51 0.03253126 
675 244 23 38 0.031462993 
217 119 26 32 0.029646508 
28 154 21 24 0.029548293 
799 698 32 33 0.029463882 
384 0 25 22 0.029209862 
100 117 16 20 0.02890744 
654 228 23 33 0.028802857 
731 110 32 39 0.02834704 
449 73 27 33 0.028120467 
302 0 18 19 0.027966632 
190 88 26 33 0.02659738 
698 44 84 107 0.026466267 
334 39 22 31 0.02641171 
379 2 18 18 0.026307516 
177 226 486 492 0.026179107 
688 68 25 33 0.025611643 
463 49 19 23 0.025192445 
374 71 27 35 0.025096918 
617 13 29 37 0.024479836 
233 77 28 33 0.024259489 
302 81 27 33 0.024086777 
46 160 17 22 0.02404055 
513 48 25 33 0.023695217 
290 6 25 29 0.023627155 
710 76 37 49 0.02356082 
44 48 28 37 0.023399243 
578 123 28 33 0.02323564 
219 92 25 32 0.023037855 
254 72 19 24 0.022752265 
614 -2 42 43 0.02216997 
378 615 10 13 0.021751495 
139 78 18 22 0.020736314 
108 107 15 19 0.020431941 
28 65 25 32 0.02032775 
