35_Basketball_playingbasketball_35_283
49
660 351 120 93 0.9454361 
0 254 123 197 0.29535574 
233 6 33 35 0.105320476 
157 309 16 20 0.07213046 
372 909 15 20 0.051875327 
258 0 37 32 0.05086505 
1012 750 11 19 0.04788193 
741 1372 17 18 0.04581505 
671 372 40 33 0.04270079 
780 1374 15 16 0.04237341 
373 29 37 61 0.038909387 
109 1235 10 13 0.03814851 
152 1318 10 12 0.03659501 
430 1184 12 15 0.035694357 
437 957 11 15 0.032243825 
1012 799 12 19 0.0316582 
309 1369 16 16 0.030662743 
290 994 223 249 0.030607209 
866 1373 17 19 0.029979376 
36 637 10 13 0.029095663 
0 925 11 15 0.028931277 
443 15 13 12 0.028665984 
247 1373 9 11 0.028601276 
391 1370 13 14 0.028484026 
151 1324 11 13 0.02819589 
685 363 55 53 0.026640277 
0 979 12 21 0.026312532 
413 880 10 13 0.026096461 
218 1306 13 16 0.025692375 
260 1177 40 58 0.025132641 
110 1326 9 12 0.024748223 
425 1180 11 14 0.024671027 
382 1368 10 12 0.02453895 
128 1309 11 13 0.024185183 
132 1259 12 15 0.024038905 
702 386 72 77 0.023715489 
398 1371 12 14 0.023620248 
302 1370 13 14 0.02359401 
886 1384 11 13 0.023565711 
0 909 15 17 0.023398513 
755 558 24 39 0.023209484 
267 1179 18 20 0.022921119 
422 191 14 17 0.022101043 
382 822 10 11 0.021478923 
429 1373 14 14 0.020948939 
587 323 224 168 0.020799711 
462 341 13 15 0.02069863 
141 643 11 13 0.02059196 
58 982 14 18 0.020024255 
