35_Basketball_playingbasketball_35_36
29
822 56 55 98 0.97288007 
893 64 50 78 0.29885316 
48 432 235 297 0.25414777 
85 471 132 159 0.24578075 
474 283 42 59 0.19901638 
528 630 48 51 0.07153211 
654 49 63 64 0.045423336 
34 504 137 128 0.04103262 
104 616 59 62 0.040742982 
457 299 48 66 0.040038615 
117 520 74 87 0.037035167 
63 548 77 79 0.033250038 
789 231 66 57 0.032018524 
936 93 41 61 0.029376265 
581 86 8 10 0.028943706 
451 261 78 100 0.028475186 
546 613 50 56 0.027690347 
21 314 377 469 0.025657283 
508 637 45 49 0.025483748 
490 282 28 37 0.025340367 
927 95 29 49 0.02512212 
718 453 44 54 0.02496744 
643 22 67 68 0.023238502 
73 581 57 68 0.022869607 
467 275 31 46 0.022305503 
-18 370 84 142 0.022212913 
659 79 57 61 0.022132486 
572 658 11 15 0.021557152 
494 665 15 16 0.021478763 
