35_Basketball_Basketball_35_712
61
585 242 21 26 0.9721081 
103 227 20 26 0.9689432 
656 252 20 26 0.9585518 
298 236 19 25 0.955192 
40 248 19 23 0.9455116 
846 216 21 27 0.9380992 
720 259 18 23 0.92964286 
959 253 19 23 0.92923176 
910 242 19 23 0.9085146 
788 234 15 20 0.88985324 
528 257 17 22 0.864127 
237 236 21 26 0.8224457 
368 237 20 27 0.8176565 
168 225 18 23 0.78096825 
433 252 15 19 0.59348166 
437 277 12 16 0.07970092 
211 128 15 16 0.07580821 
454 285 11 13 0.07433662 
431 261 15 20 0.06453188 
264 595 13 16 0.06010782 
548 299 13 17 0.051159196 
395 599 16 20 0.041876156 
454 -14 108 145 0.040826686 
451 298 12 14 0.039168205 
384 277 12 15 0.037650257 
447 292 14 16 0.035650212 
497 515 13 15 0.032979075 
600 282 13 15 0.031343244 
771 318 17 19 0.02935533 
504 212 12 17 0.028560605 
527 246 10 13 0.028467124 
444 276 12 15 0.02597686 
860 258 17 20 0.02535211 
918 284 11 13 0.025172628 
797 276 10 14 0.02484429 
533 280 13 17 0.024833264 
287 240 15 21 0.024548903 
111 92 440 482 0.024428375 
546 294 10 14 0.023986623 
323 600 15 18 0.023857094 
359 241 15 19 0.023641365 
761 70 10 13 0.023598041 
244 126 16 19 0.023526153 
372 232 13 17 0.023156982 
485 483 11 15 0.022684826 
798 270 12 15 0.022510026 
302 498 30 33 0.022411218 
485 308 12 16 0.02194362 
526 241 10 11 0.021938175 
448 284 12 15 0.021735722 
470 561 20 26 0.021547185 
867 253 14 17 0.021498255 
242 233 15 17 0.021305162 
511 192 9 12 0.021121247 
432 281 11 15 0.020955365 
520 239 9 11 0.020884441 
182 254 12 15 0.020750482 
573 599 14 17 0.020331942 
854 260 13 15 0.020272436 
421 285 10 12 0.020240823 
491 548 16 20 0.020074565 
