35_Basketball_playingbasketball_35_78
41
423 456 72 98 0.99376774 
636 473 71 95 0.9859196 
152 296 91 78 0.9822649 
575 748 76 89 0.97442853 
203 571 76 82 0.7418148 
271 849 51 64 0.29270703 
333 1174 458 474 0.2796937 
126 1018 118 95 0.14718463 
173 554 75 94 0.09423214 
340 1173 125 147 0.088992946 
405 994 24 32 0.06658083 
323 566 32 43 0.049451362 
285 859 55 73 0.046685677 
288 834 51 60 0.046067353 
157 314 111 108 0.045579057 
577 258 65 81 0.044883866 
366 861 241 350 0.040629998 
925 1079 46 46 0.038471468 
164 956 193 222 0.037839964 
241 394 42 39 0.035557296 
120 266 203 191 0.03259654 
226 892 223 233 0.03070136 
194 1097 398 465 0.029569171 
275 853 97 111 0.029337293 
430 810 323 470 0.027688242 
271 883 61 74 0.027661644 
56 590 124 163 0.025984962 
233 1014 126 128 0.025062505 
119 1030 72 65 0.024481282 
253 1053 118 154 0.023782192 
193 1061 40 40 0.023596553 
500 871 207 286 0.023421688 
449 937 409 581 0.022684986 
189 357 119 101 0.02256039 
249 868 59 63 0.022370398 
497 567 45 59 0.022202605 
118 307 61 76 0.021992454 
699 503 27 41 0.021106051 
269 572 63 58 0.020923156 
307 851 40 49 0.02079073 
947 1077 47 50 0.0207821 
