35_Basketball_playingbasketball_35_491
19
337 126 219 303 0.9999504 
161 295 333 468 0.09494026 
285 600 408 460 0.08602025 
627 -38 402 502 0.06810645 
180 -7 200 166 0.04790377 
567 463 400 525 0.045718446 
43 72 219 255 0.039485954 
246 757 122 200 0.039222814 
34 691 30 36 0.03815801 
76 1 301 266 0.037882224 
649 799 512 482 0.03447061 
841 611 56 71 0.032599475 
982 1 33 23 0.02836397 
-27 398 443 467 0.02740361 
291 92 118 140 0.024471855 
283 1037 422 528 0.024414599 
788 757 16 23 0.021477263 
493 144 436 496 0.020543452 
7 693 24 33 0.020262195 
