35_Basketball_playingbasketball_35_19
33
118 303 27 45 0.9917156 
518 248 39 34 0.73476624 
149 525 17 22 0.19159131 
577 358 30 34 0.1590163 
341 123 24 28 0.15288465 
70 310 21 39 0.08213244 
554 140 24 27 0.07252703 
538 253 29 36 0.069975875 
808 596 31 33 0.05510578 
405 149 14 17 0.05271002 
76 93 10 13 0.049767967 
750 121 23 28 0.038342014 
101 358 30 35 0.030370824 
898 72 21 26 0.029759118 
718 99 11 16 0.029753735 
147 515 18 22 0.02736046 
0 132 10 15 0.027324315 
94 119 10 13 0.027200054 
934 77 11 14 0.026720554 
349 97 12 16 0.025538739 
888 10 103 124 0.025465468 
142 521 17 22 0.024843214 
334 103 40 48 0.023542533 
628 83 14 17 0.0231897 
641 120 443 501 0.022648977 
412 141 12 14 0.02264401 
160 527 14 20 0.022349544 
44 46 380 488 0.022027658 
590 533 13 17 0.021251835 
293 311 50 58 0.021214196 
794 105 43 44 0.020627093 
670 160 14 17 0.020093333 
961 93 10 13 0.020029036 
