35_Basketball_Basketball_35_737
48
56 33 63 89 0.99875116 
229 313 28 36 0.99689305 
846 18 84 105 0.9952122 
767 22 81 106 0.99177307 
646 229 59 93 0.99028707 
955 432 21 28 0.9589054 
204 339 27 32 0.7831771 
39 319 87 65 0.49636018 
699 238 65 83 0.48163405 
938 468 19 22 0.24703206 
380 269 10 13 0.23512647 
392 98 10 14 0.19719423 
244 360 24 30 0.14080356 
242 369 16 20 0.13683045 
304 425 33 32 0.13008268 
365 279 8 10 0.12717332 
380 274 11 15 0.08934129 
389 263 8 10 0.071066335 
394 293 10 13 0.070432186 
405 260 9 11 0.064463556 
411 119 34 34 0.06292832 
384 265 10 12 0.06101757 
911 18 93 136 0.059170064 
488 379 49 66 0.049067654 
360 303 11 13 0.04850886 
218 320 26 34 0.044211973 
363 282 11 14 0.042738326 
236 374 17 22 0.039248515 
389 278 9 13 0.037521843 
392 285 10 12 0.033524867 
502 339 32 41 0.03221086 
365 305 10 13 0.03191942 
415 296 10 11 0.028966326 
357 317 15 18 0.02793132 
242 373 27 37 0.027075205 
717 216 89 111 0.02674533 
492 480 44 61 0.025689801 
405 286 11 13 0.025114423 
407 294 10 12 0.023733577 
675 221 63 95 0.0235862 
943 454 23 29 0.023332782 
415 278 10 12 0.023185734 
388 94 19 24 0.022555033 
652 229 35 57 0.021759953 
516 440 14 18 0.021202633 
234 354 40 50 0.020932097 
256 356 29 39 0.020919492 
400 257 10 13 0.02080227 
