35_Basketball_basketballgame_ball_35_276
64
491 131 58 66 0.99963295 
235 0 59 48 0.99947625 
277 165 55 75 0.99933475 
936 154 67 73 0.99931574 
14 -1 59 55 0.99903333 
67 182 56 63 0.99807537 
670 124 66 86 0.9973207 
961 43 53 68 0.9967997 
19 124 39 64 0.9853989 
424 47 66 57 0.9845197 
743 1 43 25 0.18453123 
392 27 45 57 0.1613094 
967 15 52 67 0.15494993 
578 4 32 27 0.13537897 
413 22 55 68 0.10552891 
979 -2 35 34 0.102533266 
167 0 46 47 0.084981054 
112 87 46 57 0.07534104 
991 461 14 18 0.071472675 
397 379 24 33 0.06987575 
407 491 17 22 0.06853701 
23 104 49 65 0.063050896 
748 4 42 46 0.062089443 
591 3 20 18 0.056237068 
940 548 14 16 0.05411236 
614 51 26 34 0.044940613 
582 10 34 41 0.041294012 
724 377 57 51 0.040129643 
147 0 44 46 0.03900605 
958 37 26 35 0.038660362 
1 1 28 45 0.034965303 
835 7 34 37 0.032858685 
999 522 24 31 0.031231955 
335 194 13 17 0.030854097 
890 27 33 40 0.030323956 
46 139 37 55 0.02911056 
789 33 46 55 0.027072467 
588 28 33 41 0.02663468 
814 41 16 19 0.026391577 
357 162 23 30 0.026263846 
471 370 29 31 0.026091777 
945 584 27 29 0.025925007 
3 0 12 13 0.025129464 
1005 530 15 18 0.024661867 
466 379 86 107 0.024245972 
177 330 33 51 0.024131963 
342 0 54 52 0.023929734 
0 25 10 19 0.02379038 
932 548 25 29 0.022913598 
318 7 53 49 0.02269159 
447 137 45 52 0.022552967 
54 159 51 71 0.022537736 
605 33 30 37 0.021824362 
546 253 26 33 0.021666944 
956 21 23 34 0.021416554 
49 118 33 48 0.021293541 
821 66 33 43 0.021110712 
942 52 25 38 0.020907683 
972 553 25 31 0.020796925 
190 1 32 40 0.020633338 
627 63 26 38 0.020572376 
354 14 55 54 0.02038043 
610 -1 15 13 0.02032008 
426 421 14 17 0.020032417 
