35_Basketball_basketballgame_ball_35_709
1376
883 1010 30 37 0.99932957 
223 1008 34 42 0.99879646 
769 998 32 41 0.99839383 
65 990 29 35 0.997993 
895 979 27 33 0.9971445 
179 982 37 45 0.99647886 
286 993 34 41 0.9953928 
347 965 31 36 0.99468577 
2 1001 36 50 0.9940414 
529 411 60 63 0.99180895 
172 940 24 28 0.98924154 
938 980 24 30 0.9889665 
995 930 21 28 0.9882918 
37 988 26 35 0.9873403 
138 959 24 31 0.9856962 
782 714 17 22 0.9844355 
905 926 22 27 0.98322034 
864 976 22 29 0.9828326 
850 919 22 27 0.9810708 
3 967 23 30 0.981058 
1002 1000 23 34 0.9780245 
323 777 21 28 0.9765137 
246 929 25 32 0.96178126 
106 829 20 26 0.95704365 
993 977 27 36 0.9569888 
26 772 21 28 0.95176786 
54 804 21 27 0.9468593 
909 955 21 25 0.94197124 
410 550 17 21 0.9322953 
925 806 21 26 0.9319135 
241 734 18 24 0.9303038 
415 755 20 24 0.9248898 
262 775 20 26 0.9238926 
984 780 19 23 0.9234832 
786 977 25 33 0.92147803 
948 684 17 22 0.91869897 
180 563 17 21 0.9174715 
307 805 19 26 0.9162022 
55 960 23 28 0.9083431 
46 623 25 34 0.9078041 
931 905 20 25 0.90707886 
869 861 19 24 0.90498334 
897 674 17 23 0.9048649 
914 864 19 25 0.903832 
945 655 19 23 0.9035682 
973 833 21 26 0.9034815 
230 685 17 22 0.9023845 
354 752 20 25 0.9010679 
138 821 24 31 0.90074116 
107 643 17 22 0.89209354 
354 554 18 22 0.8839678 
297 685 20 26 0.8839529 
80 566 17 23 0.8759203 
828 720 19 25 0.8747247 
242 550 17 21 0.8663991 
975 581 12 17 0.8629814 
96 931 21 25 0.8547264 
218 603 16 21 0.84162366 
10 555 18 22 0.8356843 
10 612 22 30 0.83152205 
322 704 20 24 0.8291994 
418 599 16 21 0.827159 
147 674 15 20 0.82467777 
974 608 14 18 0.8162292 
269 705 17 21 0.8158518 
764 416 15 18 0.8105611 
275 753 21 26 0.801232 
30 828 22 27 0.80084026 
792 643 17 22 0.79982024 
644 593 80 74 0.7918876 
290 624 16 21 0.78837 
302 554 16 20 0.78734803 
840 652 13 17 0.7824771 
985 719 16 21 0.77841556 
390 582 17 22 0.7761974 
440 704 16 22 0.7725997 
0 888 18 25 0.76776963 
997 814 19 24 0.76612854 
219 759 18 22 0.7571378 
19 856 22 28 0.7557693 
267 984 30 36 0.7481193 
156 709 20 26 0.7471027 
924 580 21 26 0.7356162 
972 907 20 27 0.729983 
0 602 26 35 0.7230961 
-1 812 13 22 0.7145986 
860 810 18 22 0.71150553 
330 645 16 20 0.70853543 
926 732 16 20 0.70836127 
965 968 20 27 0.7066241 
751 491 14 17 0.6991687 
391 628 16 20 0.6958515 
127 422 13 16 0.68340254 
421 475 14 18 0.6823721 
833 774 16 21 0.6764425 
44 422 14 16 0.6746866 
247 323 13 16 0.6653237 
508 936 22 28 0.66432464 
804 780 19 24 0.6633866 
100 973 24 31 0.6623905 
1 928 22 31 0.65487427 
193 663 16 20 0.64938676 
496 989 30 41 0.6430245 
373 668 16 20 0.63668066 
789 313 12 16 0.63428307 
263 662 15 17 0.6294883 
800 548 19 23 0.6274726 
58 594 18 23 0.6210859 
263 964 33 42 0.6158968 
164 587 14 19 0.6131058 
974 759 20 23 0.6056517 
854 894 22 28 0.59780794 
206 374 13 16 0.5972445 
84 861 17 23 0.594775 
201 791 19 25 0.5891535 
868 773 15 19 0.58492386 
362 717 18 22 0.58449405 
312 388 12 14 0.5746593 
798 807 20 25 0.57388055 
295 430 13 17 0.56770504 
75 413 13 16 0.5560193 
827 492 14 16 0.5543382 
410 408 13 17 0.5292563 
346 489 16 21 0.52904284 
166 374 13 16 0.51934135 
977 697 18 21 0.5135809 
354 831 23 29 0.5101031 
814 412 13 15 0.509029 
187 710 16 20 0.5055745 
195 306 12 16 0.5006321 
926 779 15 19 0.49817017 
228 483 17 22 0.49461666 
181 614 15 19 0.49410984 
245 629 16 21 0.4918583 
909 837 18 22 0.48910907 
882 737 15 20 0.4886317 
231 413 13 16 0.48722896 
86 492 11 15 0.48717952 
162 989 31 38 0.4804327 
427 642 18 24 0.4801428 
105 961 28 33 0.47892174 
55 351 11 15 0.477994 
292 321 14 17 0.47304574 
875 787 17 21 0.47140092 
307 601 16 20 0.4683382 
370 645 18 23 0.46699718 
388 784 22 27 0.4648477 
974 863 20 26 0.4642159 
773 693 14 17 0.46411645 
394 867 24 31 0.46195582 
109 407 13 16 0.4608857 
394 371 13 16 0.46000513 
186 733 17 23 0.4535297 
798 429 13 16 0.45293057 
799 366 13 15 0.44972828 
87 394 14 17 0.44874045 
245 357 11 14 0.44858104 
365 358 13 16 0.43557096 
356 691 16 19 0.42820743 
751 964 22 30 0.41681767 
787 401 14 17 0.40583664 
888 467 12 16 0.4045043 
64 433 12 16 0.40315235 
207 333 11 13 0.40273646 
301 458 16 19 0.40227708 
255 612 15 19 0.40141615 
66 467 13 16 0.40073156 
277 484 11 14 0.3973261 
761 740 17 19 0.39138466 
132 626 14 18 0.37659404 
224 893 26 32 0.376313 
108 333 13 15 0.3724186 
911 307 9 12 0.36971024 
882 581 14 17 0.36209 
211 971 22 29 0.35940945 
895 650 15 19 0.35891607 
264 366 12 16 0.35812387 
889 704 15 19 0.3563044 
722 571 16 21 0.34888658 
93 428 12 15 0.34518173 
896 635 15 17 0.34310344 
111 441 13 16 0.34034014 
261 583 15 19 0.33891383 
227 366 10 14 0.33761474 
236 443 16 19 0.33316827 
76 336 11 13 0.33080778 
75 523 14 18 0.32682407 
765 468 16 20 0.32231572 
171 422 13 16 0.32037392 
370 382 12 15 0.31961715 
415 384 10 13 0.31939706 
253 400 14 17 0.31916705 
895 445 12 15 0.31833744 
842 677 14 16 0.3049988 
301 731 18 21 0.30495957 
643 619 68 83 0.30339658 
120 287 10 12 0.30008933 
71 359 11 14 0.29921505 
145 609 15 18 0.29793096 
737 450 12 16 0.29309297 
8 326 10 13 0.28998005 
335 345 13 16 0.28611606 
77 214 11 14 0.28601083 
871 420 11 15 0.2847631 
742 702 15 20 0.28185806 
0 749 14 27 0.27927047 
19 601 24 29 0.27898464 
872 415 10 12 0.2761288 
316 533 13 16 0.27601737 
157 470 11 14 0.27457672 
280 353 13 16 0.27440324 
808 669 14 18 0.27152827 
853 736 16 20 0.26270518 
148 355 12 15 0.25827825 
18 460 14 18 0.2570474 
334 275 12 16 0.25368857 
108 361 12 15 0.25363928 
267 337 13 16 0.2532389 
349 462 12 16 0.25128502 
389 399 11 15 0.2505713 
200 553 14 19 0.25007787 
39 475 13 16 0.23996042 
366 206 11 13 0.23593597 
945 429 12 15 0.23301435 
319 668 14 17 0.23148353 
228 294 10 13 0.2301058 
184 476 13 16 0.2264921 
739 301 11 14 0.22648792 
925 475 13 15 0.22321242 
134 397 12 16 0.22223648 
836 430 12 16 0.2203836 
143 646 14 18 0.21709158 
888 952 18 22 0.21529151 
174 516 15 19 0.21437632 
996 748 16 19 0.21104468 
791 434 13 16 0.21088701 
822 698 15 19 0.21039431 
801 299 10 13 0.20813401 
44 396 12 16 0.20659141 
99 588 15 19 0.20622586 
788 484 13 17 0.20587522 
271 761 21 28 0.20492853 
831 393 12 15 0.20317373 
697 394 16 21 0.19844943 
756 390 13 16 0.19705027 
847 450 13 16 0.19600438 
324 441 13 17 0.19586217 
852 618 15 20 0.1954473 
170 357 13 15 0.19466019 
123 1001 22 28 0.19361688 
925 790 20 25 0.19303991 
230 383 12 15 0.19266476 
437 632 16 23 0.19067785 
953 974 21 29 0.1905441 
288 374 13 17 0.19045576 
856 467 12 16 0.18930443 
182 688 16 20 0.1892129 
741 246 11 14 0.1890746 
188 383 11 15 0.18847781 
925 769 19 23 0.1879983 
140 502 13 16 0.18625894 
87 306 11 13 0.1858004 
152 392 11 14 0.1850535 
85 350 12 15 0.18501312 
299 402 13 15 0.1848723 
59 975 26 36 0.18012945 
269 309 12 15 0.17738846 
944 372 11 14 0.17656279 
941 332 11 14 0.17641914 
774 323 12 14 0.17619573 
398 688 17 20 0.17451671 
376 819 16 19 0.17384233 
615 278 10 14 0.17222433 
236 311 12 14 0.17127232 
1002 680 18 22 0.1710306 
117 325 12 15 0.17091766 
791 340 12 15 0.16891652 
147 555 13 17 0.16805792 
807 326 11 14 0.16603887 
951 355 12 14 0.1656505 
877 384 10 12 0.16554092 
219 434 13 16 0.16536757 
377 472 15 18 0.16289398 
229 889 17 21 0.16215858 
217 453 14 16 0.16119777 
313 859 23 34 0.16051884 
671 572 26 30 0.1596421 
316 473 17 22 0.15907764 
768 371 12 14 0.1553621 
630 363 11 15 0.15428725 
335 624 14 17 0.15367813 
368 712 17 21 0.15235017 
318 584 16 19 0.15143918 
278 330 11 15 0.15003091 
661 239 9 11 0.14860566 
952 312 11 13 0.14757858 
863 847 16 20 0.14743416 
759 721 13 16 0.14669111 
27 430 12 16 0.1456418 
734 373 13 16 0.1452644 
67 370 14 16 0.14425278 
726 461 13 17 0.14396606 
260 498 14 17 0.14359581 
867 442 11 13 0.14249177 
110 465 12 16 0.14209644 
918 898 16 20 0.14193365 
371 656 17 21 0.14178112 
727 428 14 16 0.14097308 
872 499 13 16 0.14045152 
831 433 13 16 0.14018826 
989 439 9 11 0.13983178 
869 336 9 12 0.13965769 
539 361 26 31 0.13924536 
983 439 11 13 0.13852492 
711 313 13 16 0.13851175 
173 503 11 14 0.13722529 
924 744 18 21 0.13572444 
970 937 16 19 0.13460685 
129 787 16 19 0.13332166 
26 364 12 15 0.1308066 
192 532 13 17 0.1301661 
770 918 25 33 0.12810233 
326 317 14 16 0.12810212 
794 615 15 20 0.12808031 
183 364 11 16 0.12730956 
4 415 12 16 0.1260742 
292 585 13 17 0.12471277 
97 985 20 25 0.12429574 
337 475 14 17 0.124292664 
432 1024 16 21 0.12347021 
121 264 9 12 0.12025803 
262 465 14 18 0.12024323 
893 350 12 15 0.12017033 
995 720 15 19 0.120097056 
48 286 11 14 0.119300775 
23 585 21 27 0.11867964 
932 391 11 12 0.117508225 
880 724 18 22 0.11705374 
811 536 15 19 0.11687068 
269 386 13 16 0.116027564 
835 522 17 22 0.11557015 
809 910 23 32 0.1148636 
656 372 11 14 0.11410851 
857 350 10 13 0.11344085 
88 285 11 13 0.112774 
952 483 13 15 0.11245419 
110 295 11 14 0.11237219 
551 429 52 63 0.11086402 
738 329 13 16 0.11084492 
510 360 13 18 0.11033894 
383 343 9 13 0.10965455 
123 551 13 18 0.109491244 
255 242 11 13 0.10835861 
710 431 14 18 0.107577965 
937 447 10 13 0.106425606 
699 452 14 17 0.106220044 
54 504 13 16 0.105741546 
986 751 20 24 0.10436854 
252 301 11 14 0.10407283 
302 303 11 14 0.10396069 
933 419 12 14 0.102299064 
262 427 12 16 0.10185222 
756 311 11 14 0.10047259 
323 354 12 15 0.0998088 
166 397 13 15 0.09945204 
927 350 12 14 0.09866516 
356 419 13 14 0.09856177 
433 580 12 16 0.09779394 
661 368 14 17 0.097778946 
3 446 12 15 0.09718577 
923 897 21 26 0.09715262 
360 602 16 20 0.09702942 
666 585 33 40 0.096896194 
710 349 15 18 0.09687036 
104 317 10 13 0.096788175 
306 460 20 24 0.096612506 
0 475 13 19 0.096154764 
68 299 10 13 0.095614865 
794 836 17 23 0.09501352 
783 346 13 16 0.09455666 
575 451 28 43 0.09446704 
715 575 27 31 0.0942052 
102 563 14 18 0.09414511 
403 449 13 17 0.094130665 
328 204 12 15 0.09385764 
214 480 13 18 0.09371098 
796 482 14 17 0.0935063 
656 569 56 60 0.093254864 
181 288 14 17 0.09318392 
217 442 14 17 0.09301567 
1002 717 14 18 0.09264495 
117 383 11 13 0.09254814 
400 213 11 14 0.092444174 
798 231 11 14 0.092198245 
196 342 12 15 0.09215334 
253 506 13 16 0.09204849 
319 337 14 16 0.091840014 
797 515 12 16 0.09161905 
976 439 11 14 0.091199 
835 921 13 19 0.091061845 
269 436 14 16 0.09037958 
351 270 12 14 0.09037609 
726 310 13 16 0.09030181 
833 304 9 11 0.090284094 
85 266 12 14 0.09019734 
116 595 14 18 0.09017535 
831 308 10 13 0.0894379 
857 308 10 11 0.08924204 
804 540 17 21 0.088890344 
771 299 13 15 0.08789595 
50 602 26 36 0.087633766 
960 608 12 16 0.08760663 
863 341 10 12 0.087207064 
654 601 44 42 0.08687279 
513 414 47 55 0.0867008 
186 715 21 28 0.08644429 
751 442 14 17 0.08633779 
255 373 12 14 0.0859309 
269 419 14 17 0.08586736 
316 419 12 16 0.0857924 
978 461 9 12 0.08540145 
804 296 11 13 0.08454385 
232 451 14 17 0.08440424 
224 300 11 13 0.08393421 
892 767 19 25 0.08348636 
892 403 12 15 0.08294887 
58 621 24 30 0.08265293 
384 720 16 19 0.08202807 
731 411 15 17 0.08190901 
374 507 14 17 0.08168933 
1006 479 9 10 0.08125447 
923 863 22 26 0.08098071 
771 458 15 18 0.08023812 
222 341 11 16 0.08007615 
1012 412 10 15 0.07998156 
241 437 14 16 0.07980943 
851 401 13 16 0.07972986 
974 405 9 11 0.07921627 
751 389 13 16 0.0789453 
85 446 10 13 0.07854691 
699 325 12 15 0.07810429 
349 244 10 12 0.07776412 
133 515 14 17 0.07763484 
214 340 12 15 0.076179795 
135 506 15 17 0.075911716 
198 404 11 14 0.075325586 
778 671 15 19 0.07531466 
900 350 10 13 0.0751077 
163 292 12 14 0.07494117 
757 746 22 30 0.07486448 
148 319 11 14 0.074411735 
740 514 16 17 0.074325554 
371 524 14 17 0.07370971 
968 439 9 12 0.07349265 
827 693 16 19 0.072921194 
119 301 12 15 0.07269579 
787 988 29 39 0.072303906 
370 356 13 16 0.072111055 
194 538 14 17 0.07208028 
378 714 17 20 0.07196028 
856 387 11 13 0.07192893 
1005 728 16 22 0.07117236 
377 542 21 26 0.071069956 
110 326 13 16 0.071000665 
194 941 26 31 0.07070067 
524 267 14 16 0.070487835 
176 286 12 14 0.07047639 
882 810 17 21 0.07041383 
805 601 17 21 0.07034021 
883 709 20 24 0.07024001 
906 381 9 12 0.06986799 
109 593 13 18 0.06943895 
605 339 11 15 0.06931995 
79 491 13 16 0.06922142 
42 480 14 17 0.06886705 
929 755 15 17 0.068836205 
767 326 11 14 0.06848847 
6 363 11 14 0.068233244 
772 377 13 15 0.06818087 
999 341 12 14 0.06772954 
26 581 16 19 0.067632355 
586 458 18 27 0.06755785 
741 353 13 16 0.067511015 
166 365 14 16 0.067156054 
343 246 12 13 0.066837475 
341 467 14 17 0.06677194 
151 460 12 15 0.06676308 
219 406 12 15 0.06668953 
919 525 14 17 0.066378124 
804 477 10 15 0.06634835 
682 436 12 14 0.06568708 
928 394 13 15 0.065633215 
822 317 9 11 0.06548025 
793 278 11 12 0.06534006 
856 355 9 12 0.06532277 
258 396 13 17 0.06492253 
918 377 12 14 0.06490051 
896 396 11 14 0.0646789 
767 231 11 13 0.06460129 
500 921 41 51 0.064515755 
313 594 16 20 0.06424593 
5 521 18 21 0.06407576 
138 402 13 15 0.064060785 
945 260 11 13 0.063652135 
93 223 10 13 0.063647844 
937 328 10 12 0.06298312 
320 348 13 17 0.062898815 
862 775 16 21 0.062780276 
89 381 12 15 0.062470082 
752 314 13 16 0.062157158 
835 634 13 17 0.06200025 
245 279 10 12 0.061314918 
271 857 14 20 0.06111972 
197 560 15 19 0.06104167 
296 516 11 16 0.060992762 
229 577 16 17 0.06023518 
76 317 11 13 0.059926536 
315 462 16 19 0.05986444 
165 313 14 16 0.059606276 
311 510 13 17 0.059560668 
103 521 14 18 0.059448298 
897 392 9 11 0.05928818 
850 333 9 11 0.058913257 
854 383 10 12 0.058303807 
51 424 13 17 0.058255967 
4 395 14 17 0.058226153 
759 331 13 15 0.058104236 
902 389 10 13 0.0580697 
305 723 18 22 0.0578313 
677 347 14 17 0.0578017 
1002 268 9 12 0.057722535 
341 370 14 17 0.05770768 
300 606 19 24 0.057679 
0 907 24 38 0.057369377 
182 694 22 26 0.057163898 
380 353 14 17 0.05707482 
331 635 17 21 0.056970417 
246 793 16 21 0.05691846 
38 310 9 13 0.056862473 
240 331 10 14 0.056740228 
844 1009 16 22 0.056709398 
848 372 11 13 0.0564576 
767 696 15 19 0.056257263 
889 311 9 11 0.05595158 
143 294 11 14 0.05516157 
756 608 15 18 0.055026114 
942 270 10 12 0.05463515 
152 247 10 12 0.054613974 
859 461 12 16 0.054557107 
129 395 12 16 0.054495227 
967 607 14 19 0.054480612 
0 348 12 17 0.054369807 
735 515 14 18 0.0543695 
845 342 10 14 0.054284643 
75 616 17 22 0.05409533 
194 501 13 16 0.0540824 
868 236 10 13 0.053786002 
767 293 13 16 0.053618487 
160 310 11 13 0.053558063 
806 213 9 11 0.05353242 
13 301 11 14 0.053301845 
332 371 14 17 0.053195976 
343 437 12 17 0.053115673 
806 420 12 15 0.052576363 
880 324 9 12 0.052489366 
860 672 13 18 0.05247663 
202 275 12 15 0.052470442 
221 482 17 21 0.052449595 
216 310 11 13 0.052319888 
116 361 12 15 0.052315757 
965 501 14 15 0.052308355 
128 235 13 16 0.05218551 
748 349 12 15 0.05216426 
872 778 17 20 0.052052543 
831 515 15 18 0.051377848 
728 377 12 16 0.051342305 
689 380 11 15 0.05116454 
294 341 12 14 0.051138483 
355 651 15 20 0.0510302 
756 588 15 17 0.050990257 
917 421 11 13 0.05097366 
223 824 14 18 0.050722856 
235 229 11 13 0.05059661 
998 429 10 13 0.050531246 
631 391 14 18 0.050311033 
684 339 14 18 0.05018333 
989 493 11 15 0.05017583 
798 333 10 13 0.050101433 
826 705 16 17 0.050012983 
677 644 56 62 0.049780462 
810 874 14 18 0.04977446 
889 460 14 18 0.049570013 
802 434 12 16 0.049358774 
708 253 12 15 0.04928751 
266 589 16 21 0.04901987 
663 276 12 15 0.048746765 
965 477 11 13 0.048723493 
124 268 10 12 0.048683207 
185 387 12 15 0.04861327 
968 333 11 13 0.048315115 
362 697 15 18 0.048299726 
871 365 10 12 0.048237726 
840 344 10 12 0.048157074 
197 958 25 31 0.048024375 
12 364 12 15 0.04786916 
918 358 10 12 0.04727357 
53 309 10 12 0.047155637 
965 864 20 25 0.047147494 
829 506 14 17 0.04701577 
552 365 28 33 0.046871923 
610 309 10 13 0.046802882 
403 370 12 14 0.046705846 
93 372 11 13 0.04665146 
959 506 12 14 0.04649884 
846 319 9 11 0.046439655 
395 927 39 53 0.04634734 
340 251 12 13 0.0462722 
889 353 12 15 0.046010476 
296 307 13 15 0.045993544 
909 505 13 15 0.04585152 
984 316 10 12 0.04579798 
340 396 14 17 0.04569861 
767 377 12 15 0.045659076 
284 516 14 18 0.045590643 
992 281 10 12 0.045469325 
561 375 29 35 0.045429815 
949 734 15 21 0.04540916 
62 602 23 29 0.045243595 
948 256 10 12 0.04519373 
96 452 10 13 0.04509792 
173 688 15 20 0.045013543 
1002 806 17 22 0.044857003 
937 273 9 11 0.04477871 
215 781 21 28 0.04476789 
30 359 11 14 0.04454743 
786 970 20 24 0.04452306 
988 605 14 17 0.04445065 
392 309 11 14 0.044346824 
214 489 14 17 0.044210628 
227 585 16 21 0.044207495 
665 306 11 14 0.04417871 
11 397 12 15 0.044113312 
34 613 25 32 0.043942004 
629 302 10 13 0.043940984 
825 435 11 15 0.04375731 
139 513 14 17 0.04359733 
59 354 13 15 0.043331668 
872 387 12 14 0.043277185 
933 355 10 13 0.043123037 
859 922 22 27 0.04312068 
685 271 12 15 0.04308029 
753 262 10 13 0.042962074 
886 317 10 13 0.042887755 
108 254 9 11 0.04282805 
693 406 15 19 0.042752594 
156 777 19 20 0.0427506 
794 863 23 30 0.042537533 
796 604 20 26 0.042428534 
350 584 13 18 0.04238478 
141 547 16 19 0.042382516 
92 261 12 15 0.04224297 
191 345 13 15 0.042130966 
671 255 11 13 0.042088557 
839 366 10 13 0.041951757 
996 611 13 16 0.04192814 
263 387 13 16 0.041892648 
188 789 23 27 0.041834798 
536 368 16 22 0.0418201 
949 501 13 15 0.041757923 
340 483 16 20 0.041679263 
872 374 9 11 0.04167288 
2 469 13 17 0.041639917 
401 414 13 15 0.04160778 
717 310 13 17 0.041528936 
927 418 11 14 0.04151717 
127 390 11 14 0.04135796 
78 209 11 13 0.041319672 
738 520 18 21 0.04122503 
669 259 11 14 0.04119913 
845 426 11 15 0.04114869 
4 357 12 15 0.041132946 
886 905 12 15 0.04113181 
563 352 14 18 0.041017424 
568 315 10 13 0.040717077 
329 269 12 15 0.04053054 
853 327 10 11 0.04051732 
731 457 14 19 0.04045048 
167 412 12 16 0.040449623 
104 323 12 15 0.04043717 
811 1002 24 30 0.040431395 
3 944 26 33 0.04000421 
892 528 15 21 0.03996943 
142 260 9 10 0.039958946 
236 587 15 19 0.03995811 
137 255 10 13 0.039935857 
187 286 12 15 0.03993131 
431 210 11 13 0.039879374 
435 332 11 14 0.03977116 
733 306 13 16 0.039674304 
335 469 13 18 0.039651223 
226 254 9 11 0.039631 
262 380 13 15 0.0395756 
270 952 28 36 0.03948677 
912 633 17 19 0.039430633 
938 366 9 12 0.039262224 
124 577 13 15 0.03925353 
265 459 14 17 0.039227754 
189 505 15 18 0.039157294 
308 305 12 16 0.039124023 
820 405 12 16 0.039084274 
851 366 11 12 0.039023492 
405 298 11 13 0.038955305 
990 546 12 15 0.038817227 
387 468 11 14 0.038784593 
848 326 9 12 0.03871213 
737 349 11 14 0.038599532 
260 239 12 13 0.03854867 
124 305 11 14 0.038438603 
123 501 12 16 0.03823785 
912 359 10 11 0.03807016 
236 1000 28 37 0.03804886 
417 385 14 18 0.037952095 
53 239 10 14 0.03783677 
719 650 36 49 0.03780172 
717 481 14 16 0.037769143 
52 289 11 14 0.037685703 
108 398 14 16 0.037617534 
790 282 13 15 0.037545893 
307 1011 27 37 0.037502293 
257 946 27 36 0.037469808 
735 295 12 15 0.037322298 
123 780 17 22 0.037234224 
349 394 13 16 0.037191406 
681 507 14 18 0.037186768 
841 278 9 12 0.03706718 
48 317 12 15 0.036906168 
811 662 14 18 0.036837768 
337 706 16 19 0.03680101 
222 628 14 18 0.036797058 
216 676 13 18 0.036703903 
18 193 13 17 0.036278576 
675 429 16 19 0.036267877 
727 291 10 13 0.03621109 
871 409 10 12 0.03620765 
309 424 12 16 0.03618753 
954 864 19 24 0.036163304 
910 514 12 16 0.036093 
174 255 9 12 0.036066756 
1015 363 9 13 0.035985902 
792 914 29 40 0.035984743 
425 470 13 17 0.035980165 
870 515 14 17 0.03597847 
272 413 13 17 0.035977583 
103 460 12 15 0.035956718 
861 304 10 11 0.03590931 
911 374 10 14 0.035907883 
844 437 12 15 0.035867777 
51 321 13 16 0.035849467 
631 297 9 11 0.035810746 
345 238 10 12 0.035654444 
822 361 12 15 0.03559643 
167 453 13 16 0.035582498 
894 303 9 12 0.03541163 
943 862 21 25 0.035359923 
521 901 33 48 0.035355277 
766 925 19 24 0.03532709 
260 514 15 19 0.035152383 
733 262 11 13 0.035137016 
284 328 14 17 0.035118315 
659 435 15 19 0.035017043 
26 837 25 33 0.034931228 
941 422 11 13 0.034884788 
1012 477 9 12 0.034846827 
800 647 15 20 0.03483442 
70 519 14 19 0.034722574 
785 595 15 18 0.034639325 
710 420 13 17 0.03453845 
835 497 12 16 0.03452589 
83 331 12 15 0.03449758 
3 340 13 15 0.034449186 
178 509 15 18 0.03442344 
409 382 11 13 0.03440314 
214 428 13 16 0.034367867 
402 481 14 17 0.03431913 
848 398 12 15 0.034314442 
902 632 20 23 0.034261502 
572 372 13 17 0.034209166 
889 446 12 15 0.03416886 
780 321 12 16 0.034105785 
998 687 17 22 0.034060728 
74 239 14 17 0.034059174 
856 343 10 12 0.034050446 
152 405 12 14 0.03404702 
791 216 9 11 0.034008007 
954 350 12 14 0.0340049 
228 665 15 17 0.033982813 
387 340 12 15 0.033960123 
861 384 10 12 0.03396001 
78 309 11 13 0.03391016 
333 310 13 17 0.033881694 
898 639 21 27 0.033753578 
640 286 12 14 0.033711288 
64 1020 23 29 0.033533663 
249 373 12 15 0.033492714 
31 327 10 13 0.033454962 
255 466 15 17 0.033413243 
872 460 10 14 0.033402555 
272 206 10 12 0.03338574 
267 521 14 18 0.03338416 
133 721 13 16 0.033382338 
444 391 14 17 0.033354267 
736 253 11 12 0.033320926 
748 321 13 17 0.033293106 
824 312 9 11 0.033249162 
151 453 11 14 0.033227872 
359 705 20 25 0.033222612 
495 979 51 65 0.033208665 
288 267 10 12 0.03316729 
122 595 15 20 0.033091575 
206 282 12 16 0.032983497 
885 381 11 13 0.032970443 
964 719 16 21 0.03296846 
822 375 10 13 0.032966353 
739 379 13 16 0.032851316 
1 281 10 16 0.03279886 
299 586 13 17 0.032793675 
996 398 11 13 0.032724895 
315 392 13 16 0.03266839 
108 953 18 22 0.03266694 
911 423 11 13 0.032577284 
927 344 10 12 0.032554254 
413 724 16 18 0.032550387 
667 300 13 16 0.03246172 
671 430 12 16 0.032399222 
893 411 10 11 0.03235029 
908 250 10 13 0.032330725 
822 561 14 18 0.03224197 
402 994 47 62 0.03219475 
562 370 16 20 0.03215012 
843 646 13 18 0.03213816 
80 348 12 15 0.032080475 
92 323 12 14 0.032056402 
222 410 12 15 0.03202463 
945 362 14 17 0.03177957 
295 465 14 18 0.03176751 
305 713 17 20 0.0317642 
103 934 25 28 0.03175623 
930 468 12 14 0.031635743 
70 483 12 16 0.03163409 
640 318 11 14 0.031568207 
950 269 11 13 0.031559486 
1010 723 12 18 0.03155808 
227 875 17 20 0.031536892 
416 643 14 19 0.031535376 
832 1012 21 28 0.031517174 
747 594 16 19 0.03150012 
789 624 15 18 0.031496864 
587 222 12 14 0.031454884 
805 451 12 14 0.031282127 
935 341 11 13 0.03127814 
372 514 15 18 0.031156968 
838 424 12 14 0.031078484 
41 898 17 23 0.031051908 
898 449 13 17 0.031004613 
997 617 13 17 0.030991456 
293 613 15 20 0.03094326 
823 281 9 11 0.030891279 
494 427 32 42 0.030860515 
76 354 12 15 0.030832736 
934 402 12 13 0.030829499 
1007 611 13 18 0.030817464 
100 452 12 14 0.030727807 
10 973 27 34 0.030675942 
984 357 10 13 0.030637128 
816 319 9 11 0.030612672 
323 655 20 23 0.030584725 
910 280 9 12 0.030493896 
40 279 9 12 0.030475132 
829 240 10 12 0.030469906 
169 506 13 16 0.030420762 
338 632 16 21 0.030413456 
115 466 12 17 0.030413218 
828 358 10 13 0.030409226 
215 410 12 14 0.030396335 
943 357 12 15 0.030276498 
673 596 41 37 0.030179432 
335 401 13 17 0.030113662 
299 495 15 19 0.030017585 
981 468 10 13 0.029981084 
996 435 10 12 0.029975772 
667 396 12 16 0.029970227 
836 689 14 18 0.029920485 
515 353 16 21 0.029865721 
863 564 14 18 0.029856872 
109 259 11 14 0.029844943 
133 580 13 15 0.029832259 
315 383 12 15 0.029832076 
1011 735 12 18 0.029805968 
759 421 15 19 0.029793024 
202 627 15 18 0.029750004 
663 270 12 14 0.029701775 
231 331 12 15 0.029686723 
871 360 9 12 0.029685505 
543 280 11 12 0.02964264 
921 293 9 12 0.02963555 
67 617 17 24 0.029487364 
166 675 12 16 0.029454686 
101 554 15 19 0.029422676 
50 348 12 16 0.02940575 
249 507 12 18 0.029405195 
396 656 14 17 0.02939399 
178 923 23 27 0.029351113 
415 324 11 13 0.029325029 
1007 815 15 22 0.029271021 
946 332 11 13 0.029266488 
133 937 16 19 0.029068315 
670 293 11 14 0.029038925 
47 505 14 18 0.02899916 
90 347 13 16 0.028984489 
288 433 13 17 0.028866613 
828 364 12 14 0.02880487 
879 775 20 24 0.02877314 
430 291 10 12 0.028763093 
878 672 16 21 0.028695462 
108 518 14 17 0.028640276 
850 447 11 13 0.028627586 
388 491 11 14 0.028605675 
852 426 12 15 0.028543657 
873 764 15 18 0.028438903 
788 600 16 21 0.028423522 
186 490 15 17 0.028422374 
39 284 12 14 0.02838318 
694 372 13 16 0.028375695 
805 444 12 15 0.028360495 
909 467 13 15 0.028340869 
990 487 10 13 0.028307294 
291 593 14 17 0.02830591 
767 286 11 13 0.02829098 
172 921 16 19 0.028274266 
831 342 9 11 0.028253866 
814 225 12 16 0.0282193 
814 468 11 15 0.028219262 
921 351 10 13 0.028178426 
831 628 13 18 0.028165903 
109 308 11 14 0.028120534 
303 596 15 19 0.028100109 
288 318 13 16 0.028078642 
1015 451 10 14 0.028028019 
336 248 11 13 0.028027961 
794 398 12 14 0.028017206 
221 578 14 17 0.02799216 
831 314 9 12 0.027991092 
2 597 17 20 0.02795944 
269 451 13 17 0.02795814 
839 453 12 15 0.027940836 
19 771 36 46 0.027924536 
269 237 11 13 0.027923197 
210 522 14 18 0.027920162 
744 600 22 25 0.027892629 
354 463 13 17 0.027755912 
274 444 12 15 0.02772905 
37 366 11 13 0.027696474 
104 216 9 12 0.027665451 
812 628 13 16 0.02766225 
14 454 14 17 0.027652957 
33 316 9 12 0.027633224 
920 770 15 20 0.02762133 
829 371 12 14 0.0276166 
798 386 11 14 0.027609523 
67 270 11 13 0.0275974 
365 292 13 16 0.027568072 
800 214 9 11 0.027526386 
1004 470 12 14 0.027503002 
655 441 15 19 0.027487181 
141 521 12 15 0.027468888 
799 380 13 15 0.027461099 
762 764 17 23 0.027430158 
62 260 11 13 0.027392898 
861 789 22 26 0.027385823 
164 411 20 26 0.027380323 
358 262 11 13 0.027360307 
852 643 13 16 0.027352419 
384 299 10 12 0.027328916 
330 435 14 18 0.027291246 
339 386 15 18 0.027290093 
463 201 13 16 0.027270995 
783 488 14 17 0.027248317 
978 938 14 18 0.027234089 
-4 978 38 57 0.027223162 
120 426 13 16 0.027206102 
807 320 9 12 0.027163409 
421 637 17 22 0.027141336 
41 469 14 17 0.02709876 
876 366 10 12 0.027095864 
980 574 13 18 0.027049212 
904 376 9 11 0.027047986 
81 268 12 14 0.026982782 
41 596 24 30 0.026969856 
910 407 11 12 0.026941365 
104 336 13 16 0.026929293 
87 221 11 14 0.026908888 
255 502 20 24 0.026886273 
37 292 12 15 0.026876057 
768 347 12 15 0.026851943 
278 358 13 19 0.026837787 
885 668 19 27 0.02683133 
293 496 14 18 0.026804399 
227 424 15 19 0.026796382 
382 242 12 13 0.026771145 
631 248 9 10 0.026742041 
789 220 11 14 0.026719548 
367 452 12 16 0.026715122 
295 246 9 10 0.026565054 
148 429 13 16 0.02655752 
387 347 12 15 0.02654749 
653 638 42 53 0.026503788 
385 539 16 20 0.026496349 
642 1416 32 32 0.026440896 
365 371 15 17 0.026433103 
884 322 11 14 0.026423827 
243 727 15 18 0.026423777 
820 1007 21 29 0.026415192 
828 441 13 16 0.02640802 
102 260 11 15 0.026394561 
956 531 12 14 0.026387664 
-1 924 17 24 0.026383081 
823 486 14 18 0.026373712 
876 374 11 12 0.026367012 
349 264 13 15 0.02633718 
696 803 50 57 0.026334364 
149 261 11 11 0.02632296 
187 622 15 19 0.026278049 
111 387 12 14 0.026250482 
579 370 15 19 0.026186425 
725 339 13 15 0.026154412 
814 350 9 11 0.026096005 
915 427 12 15 0.026060777 
139 540 14 17 0.0260553 
164 477 11 13 0.026051668 
817 357 10 14 0.025999667 
321 318 11 14 0.02599583 
833 296 9 10 0.0259933 
566 943 27 37 0.025975 
635 255 11 13 0.025956597 
367 300 11 12 0.025940146 
882 592 14 18 0.025894232 
85 325 13 14 0.025892988 
800 326 12 14 0.025853937 
288 579 14 18 0.025815114 
698 462 14 19 0.025804121 
1000 484 10 13 0.025799554 
155 252 10 12 0.025785733 
900 293 11 12 0.025783474 
319 244 9 12 0.02577928 
213 315 12 13 0.025717346 
983 407 10 13 0.025716452 
852 674 13 17 0.025708027 
795 817 23 31 0.025706861 
28 999 28 38 0.025703704 
323 343 19 23 0.025692232 
35 357 11 13 0.025689652 
887 399 11 13 0.025607036 
918 414 10 12 0.025596865 
764 703 16 20 0.025581667 
813 330 11 14 0.02556509 
295 262 10 12 0.025528476 
939 371 10 13 0.02549687 
954 490 14 15 0.025479931 
235 429 15 18 0.025474979 
917 301 11 14 0.02547097 
776 697 15 21 0.025452502 
838 441 13 16 0.025447052 
28 493 14 18 0.025388885 
898 439 12 14 0.025380775 
961 370 11 15 0.025352899 
18 618 22 28 0.02531289 
125 346 12 15 0.025309633 
928 645 21 25 0.02530819 
997 658 13 15 0.02528133 
1005 446 11 13 0.025249982 
802 996 23 32 0.02524901 
412 395 14 18 0.025237465 
790 227 12 15 0.025226478 
925 643 15 18 0.025188295 
188 524 14 17 0.025172241 
260 575 15 18 0.025157088 
52 396 12 15 0.025125861 
493 938 42 52 0.025111748 
869 921 21 27 0.025097487 
249 380 11 14 0.025096957 
859 473 12 15 0.025040405 
873 796 20 25 0.025033982 
949 530 14 16 0.025014516 
782 479 11 15 0.024996666 
99 546 14 19 0.0249237 
587 443 27 44 0.02487031 
1007 406 10 13 0.024863387 
915 528 21 27 0.02486084 
247 292 10 13 0.024819398 
644 288 15 18 0.024808541 
212 983 27 33 0.02466629 
20 249 14 17 0.024649993 
154 612 13 16 0.024601443 
46 807 22 29 0.02459416 
367 528 14 18 0.024592787 
798 441 13 16 0.024567282 
934 424 13 16 0.024559245 
159 288 10 12 0.024550907 
161 371 13 16 0.02452294 
300 259 10 13 0.024496468 
356 388 13 16 0.024494894 
265 226 11 13 0.02448253 
865 278 9 11 0.024454797 
326 362 14 18 0.024450807 
856 316 11 13 0.02444662 
93 317 11 13 0.024419526 
182 317 12 15 0.024400843 
843 686 14 18 0.024329422 
776 682 16 22 0.024326693 
389 485 12 15 0.024273556 
644 317 13 14 0.024249839 
499 986 20 23 0.0242088 
398 954 44 59 0.024192961 
402 254 12 14 0.024184069 
371 639 15 19 0.024176965 
648 862 12 15 0.02415475 
81 658 17 21 0.02414713 
733 336 13 16 0.024138307 
304 210 11 14 0.024127802 
666 365 14 17 0.02410718 
990 351 10 12 0.02407613 
786 835 27 39 0.024065634 
920 471 12 16 0.024039533 
44 911 15 21 0.024004232 
707 387 13 16 0.024002727 
834 509 14 17 0.023997793 
320 467 15 19 0.02394397 
279 382 11 14 0.023923544 
233 477 15 17 0.023921674 
321 536 14 19 0.023919437 
675 254 11 12 0.023909597 
132 232 11 14 0.02390431 
142 332 13 15 0.023891656 
189 436 12 16 0.0238708 
536 288 12 14 0.023865368 
275 658 14 18 0.023851098 
86 278 12 14 0.023841675 
362 418 13 16 0.023840643 
453 251 11 14 0.02378946 
699 371 12 14 0.023748104 
144 837 18 23 0.023740709 
283 506 15 18 0.023713361 
279 611 13 17 0.02371088 
836 482 13 17 0.02368083 
73 212 19 23 0.023608746 
930 891 16 20 0.023593968 
364 457 13 17 0.02358677 
222 682 16 20 0.023554265 
153 669 14 20 0.023534283 
126 522 13 16 0.023530206 
905 247 10 12 0.023520468 
839 318 9 11 0.023517292 
176 914 22 25 0.023500925 
637 340 13 17 0.023472587 
805 551 23 28 0.023472264 
976 456 10 13 0.023451561 
756 448 13 19 0.023401815 
871 807 20 25 0.023393698 
481 437 43 57 0.023360634 
160 581 14 18 0.023357302 
268 476 15 19 0.023354264 
180 441 12 15 0.023342216 
621 610 60 75 0.023336573 
903 302 11 13 0.023307897 
1001 295 10 12 0.023303866 
101 368 14 17 0.023297394 
244 306 13 15 0.023287607 
46 367 10 13 0.023254832 
879 407 9 11 0.0232513 
268 633 14 18 0.023206193 
701 296 12 16 0.023203816 
635 358 12 15 0.023196362 
332 497 15 18 0.023178034 
200 379 12 14 0.02315089 
89 1045 21 32 0.023112038 
187 556 16 21 0.02309884 
312 730 17 21 0.02306901 
310 1030 31 43 0.023062374 
561 246 10 12 0.023052873 
802 513 15 19 0.02304041 
115 974 18 23 0.023038607 
880 253 9 11 0.023008017 
415 479 15 19 0.022988657 
692 386 15 19 0.022966165 
907 459 13 15 0.022902327 
225 463 22 26 0.022890775 
996 696 16 19 0.02287922 
896 757 13 15 0.022865834 
436 641 18 26 0.022846755 
610 277 11 14 0.022837767 
795 308 11 14 0.022725023 
989 357 9 12 0.022721179 
861 357 10 12 0.022709206 
338 314 13 17 0.022691911 
417 482 21 26 0.022685485 
725 268 13 15 0.02268512 
645 610 40 50 0.022662122 
825 396 11 15 0.022661367 
784 628 11 14 0.022629866 
78 664 16 20 0.02262833 
387 323 104 139 0.022627335 
761 797 23 33 0.022616876 
744 489 14 19 0.022526613 
942 618 15 18 0.02250791 
348 285 12 15 0.022494717 
868 522 15 18 0.022492902 
231 288 9 12 0.022473238 
987 819 21 26 0.022459721 
105 297 12 15 0.022454489 
166 321 14 17 0.022433795 
174 435 13 16 0.022432623 
217 459 22 27 0.022418914 
358 725 18 22 0.022407506 
744 640 94 116 0.022403665 
457 403 27 36 0.02240013 
910 314 10 12 0.02235458 
267 490 14 18 0.022352507 
220 867 18 20 0.022334076 
44 454 11 14 0.022290675 
239 362 12 14 0.02228134 
140 616 15 20 0.022230782 
138 586 14 18 0.022228438 
750 732 25 33 0.02222429 
397 257 15 17 0.022192392 
210 325 14 16 0.022181427 
265 314 12 16 0.022169204 
999 423 11 13 0.022156494 
793 591 22 29 0.022155993 
162 398 21 24 0.022126172 
85 245 10 14 0.022110257 
248 731 17 23 0.022053776 
996 284 10 12 0.022019796 
421 1016 26 36 0.022017464 
169 261 11 13 0.021992026 
656 404 12 16 0.02197335 
923 466 20 26 0.021962795 
755 706 14 19 0.021960348 
1002 687 23 31 0.021946149 
365 260 12 14 0.02189987 
298 253 10 13 0.021875797 
894 517 12 16 0.021840274 
509 335 11 14 0.021798389 
150 389 19 23 0.02179355 
657 244 11 13 0.021791853 
388 697 16 19 0.021734474 
322 836 24 32 0.021733163 
237 520 14 19 0.02173262 
312 270 9 12 0.021723857 
790 305 12 13 0.021673353 
684 503 12 14 0.02164497 
772 354 15 17 0.021630546 
76 485 13 17 0.021591863 
261 267 11 13 0.021563271 
314 782 24 30 0.021556526 
818 775 18 25 0.021536324 
30 293 12 15 0.021518659 
808 774 16 20 0.021516614 
1009 365 10 13 0.021513926 
181 793 17 19 0.021489913 
81 261 11 14 0.021486802 
911 843 21 26 0.021480396 
187 369 12 15 0.021477992 
755 695 21 27 0.021462293 
816 312 8 10 0.021438148 
142 560 14 17 0.02141562 
373 538 16 20 0.021396222 
390 302 11 13 0.02137598 
684 412 13 16 0.021369675 
19 268 12 14 0.021364048 
395 396 13 15 0.021337522 
195 969 17 20 0.02131411 
997 502 10 14 0.021302804 
225 379 11 15 0.021284949 
192 650 22 26 0.021280339 
859 783 16 22 0.021273108 
999 508 12 14 0.021263774 
913 514 20 26 0.021263339 
84 342 12 15 0.021252241 
344 883 28 34 0.021251172 
430 515 14 19 0.02122751 
579 378 15 20 0.021193564 
824 238 11 13 0.021181816 
141 493 14 16 0.021169556 
168 591 16 20 0.021136161 
180 1074 35 46 0.021135084 
805 579 15 18 0.0211172 
342 284 12 15 0.021103382 
219 474 15 20 0.02109634 
130 542 20 26 0.021084532 
0 943 14 22 0.02105914 
41 371 11 13 0.021058308 
305 736 20 25 0.021052761 
611 275 20 24 0.021030333 
360 549 16 21 0.021020731 
924 380 10 13 0.02100066 
918 481 14 17 0.020994486 
213 467 15 19 0.020943595 
816 363 10 14 0.02094252 
919 340 10 12 0.020931887 
876 460 12 16 0.020931209 
745 394 12 15 0.020930054 
171 310 11 14 0.020920109 
726 416 19 22 0.020888073 
139 634 15 18 0.020883784 
71 350 12 15 0.02088291 
820 325 10 12 0.02088137 
135 377 13 16 0.020880487 
847 412 11 12 0.020839332 
386 705 16 21 0.020801054 
379 479 15 18 0.020768074 
124 362 12 16 0.02073955 
382 362 13 17 0.02070792 
849 379 11 13 0.020696843 
988 524 13 16 0.020678958 
744 707 21 26 0.020648135 
440 387 12 17 0.02064447 
278 848 20 31 0.02064191 
761 388 14 16 0.020635832 
358 596 15 19 0.020624597 
439 273 12 15 0.02061596 
355 734 24 29 0.020612035 
89 434 11 15 0.020610336 
156 619 13 17 0.020572266 
31 900 23 28 0.020568162 
104 444 12 15 0.020534366 
901 327 12 13 0.020499734 
28 331 12 15 0.020498723 
736 239 10 13 0.020492923 
131 412 14 17 0.020489195 
104 246 10 12 0.020488612 
983 351 11 13 0.020470249 
24 333 11 15 0.02046823 
375 349 13 16 0.020435711 
166 689 14 18 0.020430947 
143 652 20 26 0.020430835 
390 674 12 16 0.020424949 
79 303 10 13 0.020422125 
936 877 23 26 0.020384239 
350 694 15 20 0.020379793 
1012 603 12 19 0.020374857 
956 543 22 28 0.020368287 
976 839 25 31 0.020354275 
204 424 14 18 0.020338789 
883 798 20 25 0.020334039 
283 285 13 14 0.020314435 
879 707 14 18 0.020309133 
731 595 27 31 0.020288972 
203 397 12 14 0.020277817 
73 331 18 22 0.020262502 
107 368 14 17 0.020257104 
331 351 16 18 0.020256137 
92 496 12 16 0.020251974 
60 293 19 23 0.020233067 
164 705 22 29 0.020231554 
702 434 15 19 0.02019328 
220 773 21 28 0.020187309 
815 550 22 27 0.020171955 
992 432 10 12 0.0201442 
619 281 13 14 0.020143475 
980 363 11 14 0.02014022 
119 280 10 13 0.02009562 
780 351 14 17 0.020050745 
862 763 20 26 0.020050077 
228 435 14 17 0.020020494 
182 393 11 15 0.020009926 
698 590 33 33 0.02000698 
