35_Basketball_Basketball_35_754
62
503 107 16 20 0.8803207 
483 18 16 19 0.7150877 
626 13 14 17 0.4719488 
477 101 23 29 0.46813866 
590 433 20 23 0.34932134 
491 102 24 29 0.32620195 
925 293 11 16 0.16716729 
670 344 14 20 0.16467947 
629 7 11 13 0.16163248 
395 115 21 32 0.1352644 
211 247 17 23 0.12892894 
665 395 18 23 0.10566943 
510 71 14 18 0.08488956 
572 544 15 17 0.07426984 
202 358 16 21 0.06388947 
683 347 16 19 0.054387435 
188 331 14 18 0.05390419 
159 339 11 14 0.046045765 
577 127 27 31 0.044902433 
404 115 23 31 0.042317558 
174 329 16 19 0.038647234 
929 297 17 22 0.036659244 
381 122 14 17 0.035161793 
673 351 18 19 0.03462235 
196 216 439 416 0.034618363 
180 378 16 18 0.032780427 
395 232 28 35 0.03231139 
616 94 19 21 0.03225311 
375 122 13 14 0.0316976 
413 122 13 18 0.030597603 
664 340 12 18 0.03030561 
692 348 12 17 0.029613195 
661 388 16 24 0.029534604 
390 120 15 23 0.028850287 
578 491 13 16 0.028614977 
920 292 20 28 0.028215712 
936 311 48 54 0.027821109 
420 122 13 16 0.027321463 
500 1 26 27 0.02707601 
673 339 17 20 0.026684795 
602 438 15 21 0.026454635 
479 23 24 29 0.026250333 
452 51 14 20 0.02620593 
482 171 48 58 0.025714634 
103 128 11 11 0.025463171 
171 345 17 18 0.024722017 
211 232 22 30 0.024587037 
214 230 13 16 0.024428047 
664 371 26 29 0.023710072 
627 441 17 20 0.02324344 
178 386 18 21 0.022325713 
671 399 18 21 0.02202303 
28 152 211 261 0.022006974 
179 337 17 19 0.021941757 
228 220 16 18 0.021937478 
668 354 27 31 0.021920495 
510 60 12 19 0.021870777 
194 335 14 18 0.02153959 
636 12 12 16 0.020870075 
163 334 12 16 0.020868424 
584 432 15 21 0.020558912 
220 373 13 15 0.020127151 
