35_Basketball_basketballgame_ball_35_290
498
908 136 32 39 0.99887615 
641 120 32 45 0.9958112 
474 177 32 45 0.9919574 
410 257 40 44 0.98840815 
59 203 18 23 0.89428484 
142 327 12 16 0.8930153 
4 315 12 16 0.82165027 
5 238 9 12 0.550347 
535 231 24 35 0.5365242 
153 310 9 10 0.4561802 
428 360 13 18 0.40563387 
137 301 9 12 0.38333917 
9 269 9 10 0.38173097 
33 231 10 13 0.36060014 
32 267 9 11 0.34559032 
160 350 11 15 0.32672992 
52 284 9 12 0.30985355 
2 231 8 13 0.23968744 
46 195 8 10 0.23502892 
111 223 7 9 0.22973771 
158 230 8 10 0.21941692 
418 356 21 28 0.21016958 
5 225 8 11 0.20907858 
14 206 10 13 0.18629412 
216 323 10 15 0.18181874 
199 269 11 13 0.17048325 
37 222 12 15 0.16843772 
129 208 8 11 0.16310018 
22 207 8 11 0.15015702 
103 213 8 10 0.14298554 
13 198 9 11 0.1420745 
201 261 9 12 0.14093934 
161 295 8 10 0.135468 
421 215 8 10 0.13451745 
124 285 8 12 0.13395682 
23 192 8 11 0.13008332 
207 335 8 11 0.12771037 
198 222 7 9 0.12661056 
127 212 8 11 0.12529261 
64 189 9 10 0.12119608 
58 238 8 11 0.11719149 
762 275 28 32 0.11653942 
113 230 7 9 0.11631814 
123 341 13 15 0.11628088 
222 198 8 9 0.11548 
413 348 15 18 0.111216985 
42 192 8 10 0.110280074 
369 221 8 9 0.10886666 
159 303 9 12 0.10767791 
30 245 12 15 0.10487568 
30 173 9 11 0.104649104 
224 270 9 12 0.10264211 
559 190 13 16 0.10221673 
589 192 9 12 0.10190739 
35 264 10 12 0.09859978 
200 255 10 11 0.09651138 
55 157 8 9 0.09385089 
281 232 6 8 0.09135845 
60 373 14 18 0.090389416 
133 207 8 10 0.08862952 
461 317 14 16 0.08428543 
167 287 8 11 0.083849266 
437 209 9 11 0.083274975 
129 231 7 9 0.080514506 
122 276 9 12 0.07978441 
231 269 9 13 0.079756774 
8 181 8 10 0.07906649 
47 325 12 16 0.07848923 
65 183 8 11 0.07795248 
593 303 8 10 0.07736926 
248 239 8 10 0.07607578 
88 175 6 9 0.07565644 
112 240 9 11 0.074660696 
218 257 6 8 0.07392181 
169 308 8 10 0.07286119 
145 260 8 11 0.07281131 
253 215 8 10 0.07244062 
621 328 9 10 0.072359644 
129 188 7 10 0.071853615 
39 154 7 8 0.07113871 
175 247 7 9 0.07104327 
162 247 8 10 0.07066057 
88 197 8 10 0.07033163 
166 304 9 10 0.06999088 
80 191 7 10 0.069895655 
184 268 9 11 0.06906564 
215 279 8 10 0.06891021 
263 257 8 10 0.06889151 
280 217 7 8 0.06822521 
296 240 7 9 0.067929074 
144 255 9 12 0.06764525 
110 182 7 9 0.066784985 
7 192 8 10 0.06590613 
96 198 8 10 0.065680794 
120 240 8 10 0.06556273 
230 332 10 12 0.06513536 
232 256 7 8 0.06433948 
283 302 29 28 0.063705765 
183 240 7 9 0.062841535 
57 135 7 9 0.062423956 
407 357 24 31 0.062388472 
152 247 6 8 0.06222369 
450 219 14 17 0.06200164 
845 336 8 10 0.06149661 
397 282 49 49 0.061333053 
122 216 7 8 0.06108725 
269 287 12 15 0.060484327 
1 192 7 10 0.06018761 
222 292 7 10 0.05971617 
24 263 10 12 0.05962754 
451 215 11 13 0.059597827 
207 278 8 11 0.059537936 
102 209 8 10 0.05942393 
222 288 8 9 0.058749735 
202 239 7 9 0.058678214 
48 280 11 14 0.058213655 
284 407 34 39 0.058151886 
598 303 8 9 0.05796119 
23 151 7 9 0.057959676 
578 331 10 13 0.057861418 
646 288 10 10 0.05778968 
271 249 8 9 0.057568617 
33 168 7 10 0.05719055 
400 259 13 18 0.057086114 
607 311 7 9 0.056702137 
162 253 8 10 0.05667519 
217 285 8 10 0.056669835 
222 194 8 9 0.056634516 
17 192 8 10 0.056346573 
360 239 9 11 0.055913962 
124 291 10 14 0.055379655 
408 224 8 10 0.055136677 
70 176 7 10 0.05469818 
10 204 10 13 0.05455152 
39 169 7 9 0.0543989 
41 301 9 10 0.054234862 
14 287 9 10 0.053304117 
152 315 9 11 0.05314461 
190 254 7 10 0.05299569 
33 223 9 13 0.05282243 
287 239 7 9 0.05279418 
0 150 8 12 0.052573632 
865 336 9 12 0.052562147 
266 209 7 8 0.052538004 
119 232 7 8 0.05186673 
259 257 7 10 0.050619 
619 350 10 12 0.05025998 
137 168 7 9 0.050195124 
54 191 9 10 0.049517427 
136 239 7 9 0.049279246 
38 173 8 10 0.049223598 
127 223 7 9 0.049051393 
215 348 10 13 0.04868771 
125 272 8 11 0.04811659 
823 329 9 11 0.047969025 
158 224 8 11 0.04787119 
167 246 7 10 0.04784382 
250 192 7 9 0.047836993 
127 169 7 8 0.047707118 
303 224 7 9 0.047308907 
186 255 8 10 0.04719567 
149 255 8 10 0.047127828 
106 221 8 10 0.047012057 
217 261 7 9 0.046847872 
206 239 7 9 0.046818435 
352 215 7 9 0.046682306 
224 256 6 8 0.0465244 
216 239 7 9 0.046243906 
152 239 7 10 0.0454484 
254 193 7 9 0.045433905 
120 207 7 10 0.045351118 
7 255 9 12 0.04529095 
31 214 8 12 0.04494083 
175 280 9 10 0.044446863 
207 233 7 8 0.04418921 
68 310 10 12 0.04404738 
119 345 12 15 0.04399612 
0 286 7 12 0.04396863 
31 192 8 10 0.043903355 
120 223 7 8 0.04366013 
112 198 8 10 0.0436475 
111 217 7 10 0.043418776 
894 446 11 16 0.04331133 
272 215 7 9 0.04312417 
62 213 12 16 0.0428333 
80 196 8 11 0.04278997 
111 260 9 11 0.04210587 
111 191 8 10 0.041805808 
159 238 8 9 0.041458275 
11 262 11 14 0.041070532 
21 335 10 12 0.041047823 
232 263 8 11 0.0408506 
158 278 8 10 0.04084047 
270 207 7 10 0.040798623 
48 128 6 9 0.04057052 
23 230 9 11 0.040053613 
407 207 7 9 0.039979596 
639 270 10 13 0.039900288 
107 182 6 9 0.039659254 
272 254 8 10 0.03953321 
248 286 8 10 0.039002184 
217 271 8 11 0.038932417 
137 246 8 9 0.03882242 
598 297 9 10 0.038728457 
31 180 9 10 0.03859152 
144 241 8 8 0.038581226 
134 232 7 9 0.03846681 
119 288 11 16 0.038296025 
353 238 9 11 0.038140107 
177 269 8 9 0.038074087 
104 231 7 9 0.038052257 
112 206 8 10 0.037938505 
201 247 8 9 0.037899066 
48 294 9 12 0.03737577 
53 292 10 13 0.03737441 
190 270 9 11 0.037261557 
406 356 14 19 0.037235647 
579 100 454 527 0.036955066 
128 239 7 10 0.036855683 
327 223 9 10 0.036715444 
398 224 7 10 0.036495887 
10 112 8 11 0.03634285 
176 241 8 9 0.036188524 
14 85 8 9 0.036056794 
136 253 8 12 0.03600119 
135 200 7 9 0.03580845 
304 193 7 10 0.035805468 
282 237 7 9 0.035599396 
399 257 25 33 0.035545982 
222 207 8 9 0.0354706 
224 329 11 15 0.03530957 
699 196 35 35 0.035229072 
23 223 8 10 0.03520022 
173 310 8 11 0.03516333 
24 144 7 9 0.034963284 
161 145 6 9 0.03492805 
436 390 11 13 0.034680855 
265 222 7 9 0.03450824 
102 199 7 10 0.03431752 
165 292 9 12 0.034083962 
439 220 10 12 0.03407695 
288 222 7 8 0.033975784 
228 327 11 13 0.03377765 
238 277 8 9 0.033711832 
64 316 11 13 0.033677 
238 262 8 9 0.033676185 
337 239 7 9 0.033410583 
463 345 12 14 0.033401776 
365 238 8 11 0.033380687 
393 228 9 10 0.03329088 
830 210 10 13 0.033182908 
551 190 13 16 0.032677885 
951 131 12 16 0.03244365 
888 454 10 14 0.03234917 
130 256 8 9 0.032315608 
154 224 8 10 0.032206643 
392 223 8 10 0.032187935 
345 210 6 8 0.031995855 
779 257 14 16 0.03192602 
42 128 7 8 0.031919375 
121 167 7 9 0.031895593 
640 289 11 11 0.0318678 
191 249 7 9 0.031832527 
169 183 7 8 0.031687487 
14 255 9 12 0.031547543 
434 361 13 18 0.031534035 
224 275 8 12 0.031504616 
344 231 8 9 0.03128736 
183 216 7 9 0.031271067 
24 181 8 10 0.031243868 
45 301 9 11 0.03105571 
220 320 11 14 0.03103517 
231 238 6 9 0.030935666 
80 300 11 14 0.030888552 
829 332 9 11 0.030760787 
304 229 7 9 0.030604115 
192 284 9 12 0.030452345 
281 222 7 9 0.030353216 
183 277 8 10 0.030238982 
143 246 8 10 0.030170063 
430 354 21 28 0.030140664 
414 200 7 9 0.030132392 
641 317 8 10 0.030087044 
456 362 13 17 0.03002195 
885 258 16 17 0.02993476 
63 103 7 8 0.029883817 
373 216 8 10 0.029757313 
111 176 6 8 0.029751008 
297 216 7 8 0.029716948 
194 200 7 8 0.029713538 
97 384 10 12 0.029712154 
97 206 8 11 0.029632699 
49 253 9 12 0.029630054 
255 209 7 9 0.029606432 
297 192 8 10 0.02948058 
136 262 7 10 0.029477619 
32 127 7 10 0.029343547 
236 332 11 16 0.029303487 
41 135 7 8 0.029296253 
57 183 7 10 0.029161273 
297 223 8 9 0.029018307 
25 168 8 10 0.02885106 
264 192 8 9 0.028823916 
274 232 6 9 0.028778084 
176 191 8 9 0.028703919 
451 283 11 14 0.028655889 
766 230 14 17 0.02848206 
15 224 10 11 0.028426932 
615 311 9 10 0.028386272 
383 248 7 10 0.028361777 
421 210 8 9 0.028241567 
311 214 7 9 0.028224677 
28 207 9 11 0.028196977 
37 277 11 14 0.028190926 
346 213 8 10 0.028080136 
81 175 8 9 0.027875898 
168 241 7 9 0.027809827 
46 167 7 9 0.027721321 
540 78 14 16 0.027622271 
839 329 8 11 0.027608687 
17 159 7 9 0.027604323 
291 293 19 18 0.027576875 
192 182 7 9 0.027524441 
332 300 14 19 0.027428683 
192 276 9 12 0.027296105 
230 349 9 12 0.02727058 
29 196 8 10 0.027238827 
1 213 8 11 0.027159875 
194 217 8 9 0.027020633 
10 81 8 10 0.026978867 
447 238 11 14 0.026978742 
64 377 15 18 0.026960373 
161 288 8 11 0.026940458 
158 272 8 11 0.02687337 
568 319 9 12 0.026844911 
712 190 36 37 0.02682714 
421 218 11 12 0.026737649 
115 159 6 9 0.02670039 
358 216 7 9 0.026630456 
321 229 8 10 0.026599133 
168 264 8 9 0.02659648 
224 247 7 9 0.026523082 
193 232 8 9 0.026445817 
457 307 22 27 0.026434403 
199 232 8 9 0.026433427 
633 289 9 10 0.026355831 
593 335 9 11 0.026350386 
225 240 7 9 0.026348636 
287 208 7 8 0.026237434 
361 222 7 9 0.026229395 
105 177 7 9 0.026227552 
47 260 10 13 0.02622466 
104 238 8 10 0.026204934 
841 340 10 12 0.026081305 
104 255 9 11 0.02600008 
519 366 11 13 0.025999436 
139 172 8 10 0.0259454 
376 237 9 11 0.025916602 
158 317 9 11 0.025911743 
16 134 8 10 0.025877748 
0 230 16 24 0.025877304 
55 232 9 12 0.025816597 
198 183 7 9 0.02569968 
183 193 7 9 0.025609309 
556 237 12 16 0.025515608 
88 143 6 9 0.025501775 
9 286 8 12 0.025487004 
96 232 10 11 0.025481237 
321 225 8 9 0.025480123 
248 244 8 11 0.025412755 
130 201 7 9 0.025403764 
488 142 24 33 0.02538037 
457 349 28 32 0.025353596 
288 233 7 9 0.025351383 
243 239 7 10 0.025348835 
481 285 46 56 0.025342934 
547 54 12 14 0.02527135 
48 205 10 11 0.025244396 
818 328 8 11 0.025208892 
230 285 8 10 0.025201652 
308 289 15 19 0.02507589 
15 167 8 10 0.024946436 
66 176 8 10 0.024936695 
0 432 10 13 0.024875382 
15 230 10 12 0.024799114 
361 233 8 9 0.024721926 
48 134 7 8 0.024695842 
385 216 7 8 0.024633793 
69 181 8 11 0.024593908 
592 308 9 10 0.024584286 
392 253 9 13 0.024463663 
445 348 11 12 0.024275392 
386 223 7 9 0.024241323 
53 261 108 139 0.024217788 
383 252 9 12 0.024153773 
387 307 47 45 0.024115857 
13 175 8 10 0.024063714 
295 231 7 9 0.02404554 
219 322 21 26 0.024044672 
12 238 9 11 0.023980297 
568 390 9 11 0.02393817 
178 198 7 9 0.023922253 
71 190 9 11 0.02388806 
598 328 9 11 0.023754725 
573 294 10 13 0.023747075 
79 166 8 9 0.023732234 
280 200 7 8 0.023678143 
23 158 7 8 0.023674378 
242 175 6 8 0.023625866 
311 193 7 9 0.023607314 
201 335 10 12 0.023556031 
254 241 8 10 0.023505006 
155 348 11 15 0.02342717 
126 337 10 12 0.023362333 
206 216 8 9 0.02333415 
410 332 26 29 0.02320944 
24 128 7 9 0.023181975 
609 238 9 9 0.023101775 
546 235 15 22 0.023031326 
25 309 9 12 0.022855993 
996 480 17 18 0.022851523 
46 213 11 14 0.022634622 
242 246 7 10 0.022629945 
87 182 7 9 0.022598775 
216 167 7 9 0.022588843 
296 244 8 10 0.02255521 
585 76 9 11 0.02252594 
287 217 7 9 0.02250981 
281 207 7 9 0.022493018 
312 198 7 9 0.022442488 
460 367 14 18 0.022417016 
218 246 7 9 0.022402743 
390 276 12 18 0.022401525 
225 264 7 10 0.022294747 
473 164 10 12 0.022193644 
565 239 11 13 0.022150636 
2 241 9 14 0.022121055 
921 286 10 12 0.022020293 
532 225 18 24 0.022012196 
40 120 8 9 0.02194248 
79 292 12 15 0.021908717 
272 200 8 10 0.02189953 
328 215 7 8 0.021795366 
112 150 7 9 0.021790866 
221 348 10 13 0.021771766 
119 160 7 8 0.021750316 
343 239 7 9 0.021682333 
61 135 7 8 0.021653412 
346 191 7 9 0.021596408 
239 257 7 9 0.021536902 
69 234 13 17 0.021534825 
1014 199 8 12 0.021501493 
44 228 11 14 0.021368846 
13 277 9 12 0.021303255 
129 298 10 14 0.021287987 
166 317 9 11 0.021252867 
230 338 11 15 0.021234494 
129 -35 402 459 0.021179559 
70 300 11 14 0.021164196 
339 282 15 22 0.021127008 
320 214 7 8 0.021097286 
399 361 14 21 0.021077452 
208 302 9 11 0.021066004 
272 168 7 9 0.021050755 
63 276 10 13 0.021011172 
168 280 8 11 0.02098323 
63 270 10 13 0.020971084 
325 307 16 18 0.020964691 
246 232 8 10 0.020949908 
416 207 8 9 0.020878144 
39 207 10 11 0.020831013 
255 269 9 12 0.020821633 
143 222 8 10 0.020779278 
14 182 8 10 0.020760097 
322 300 28 29 0.020664303 
413 316 28 31 0.0206507 
405 366 16 23 0.020632043 
24 251 10 13 0.020601531 
433 213 10 12 0.020595461 
375 232 9 11 0.020589681 
134 190 7 9 0.020544086 
223 332 21 28 0.020531839 
30 232 18 23 0.020482546 
72 143 7 9 0.020434832 
145 144 7 9 0.02043261 
37 310 11 12 0.020416249 
198 200 7 9 0.020400947 
351 220 8 10 0.020357534 
607 285 9 10 0.020323616 
215 312 8 11 0.020223934 
56 242 12 14 0.020165905 
296 210 6 7 0.020126935 
176 223 7 9 0.020121282 
134 213 9 10 0.020115009 
232 232 8 10 0.020097306 
236 270 9 11 0.020065116 
168 207 7 9 0.020060942 
62 302 9 12 0.020025557 
