35_Basketball_basketballgame_ball_35_412
23
656 157 69 96 0.99829966 
856 204 62 97 0.99572694 
66 200 59 66 0.7821989 
101 207 258 305 0.72267056 
0 241 11 22 0.11091093 
547 304 16 21 0.10158209 
86 2 44 42 0.07627476 
822 466 56 55 0.07022588 
213 22 55 68 0.063053355 
620 296 45 52 0.05837157 
3 786 30 34 0.04659381 
411 750 61 74 0.041408505 
833 485 59 60 0.040929247 
538 299 29 35 0.03926511 
843 514 52 37 0.03771212 
1012 492 12 20 0.035959717 
147 174 54 58 0.028226567 
1007 728 15 26 0.026377292 
70 8 60 65 0.025268493 
77 304 512 522 0.025033405 
619 220 46 62 0.02379809 
71 172 66 74 0.022222832 
845 468 40 37 0.02192614 
