35_Basketball_playingbasketball_35_632
58
908 482 17 21 0.9577542 
126 442 20 25 0.815063 
330 515 47 42 0.37500703 
721 486 14 17 0.31560057 
449 324 40 41 0.30146083 
452 455 31 40 0.296954 
961 129 24 30 0.1555228 
31 508 8 10 0.15033756 
478 355 26 28 0.14849412 
139 491 11 13 0.11749027 
849 94 25 30 0.07944578 
888 39 24 28 0.07858808 
29 662 10 13 0.0756991 
929 122 43 49 0.07160908 
38 510 9 12 0.06642983 
647 281 7 10 0.06351544 
963 142 24 32 0.050817743 
0 650 11 15 0.050728712 
137 448 16 21 0.04838099 
929 118 30 33 0.046274822 
323 537 30 35 0.04547973 
891 484 24 31 0.039960433 
109 166 14 16 0.03848507 
471 338 32 32 0.034668554 
586 278 7 10 0.03336067 
206 328 9 12 0.032860257 
939 136 45 52 0.032277957 
23 540 12 15 0.030902062 
303 686 13 15 0.030472342 
135 497 12 15 0.03031022 
37 505 8 10 0.029554015 
935 123 14 18 0.029398488 
942 173 50 62 0.027974192 
294 709 22 31 0.027714862 
238 351 11 13 0.027694855 
720 480 11 15 0.027476802 
862 36 43 48 0.027328752 
38 514 12 14 0.025926232 
182 478 11 14 0.024604136 
893 222 49 68 0.024062531 
641 279 8 10 0.023967406 
585 284 8 11 0.0239519 
451 339 53 47 0.02361764 
822 85 34 36 0.023169594 
30 515 11 13 0.021799276 
220 349 11 13 0.021745972 
945 225 50 63 0.021407982 
833 83 40 48 0.021319564 
876 204 79 110 0.021058396 
981 242 14 18 0.021002367 
896 246 30 43 0.020976871 
688 318 8 9 0.020853397 
631 278 8 11 0.020761691 
717 495 14 17 0.02063218 
870 486 13 16 0.020372199 
560 285 8 11 0.020291181 
709 502 45 54 0.02025133 
328 555 32 30 0.020206753 
