35_Basketball_Basketball_35_579
69
901 90 52 70 0.9964334 
733 296 47 56 0.9957675 
266 529 23 29 0.99439514 
410 341 24 31 0.99147063 
477 569 21 31 0.9859746 
81 96 25 32 0.9819828 
78 598 25 32 0.949216 
203 215 24 29 0.90352994 
510 79 25 31 0.13638322 
491 114 26 32 0.10932979 
704 248 32 33 0.078493856 
455 404 13 15 0.07563775 
848 140 51 65 0.069987915 
79 178 11 15 0.068118975 
203 184 17 19 0.06295595 
177 164 9 11 0.06216336 
481 97 40 53 0.060473636 
205 199 26 29 0.059950463 
106 167 8 10 0.058117364 
499 80 26 35 0.05778582 
456 456 9 11 0.054843538 
198 187 14 17 0.054585766 
67 604 24 32 0.049424194 
105 141 11 14 0.04340661 
64 612 13 19 0.04220322 
43 299 13 14 0.04211838 
104 652 12 15 0.04204648 
219 194 14 19 0.041988727 
126 182 11 15 0.03928137 
686 213 33 42 0.03892075 
191 190 10 14 0.0356314 
488 571 17 23 0.034522507 
103 600 11 14 0.03329773 
213 531 14 15 0.033045772 
109 149 9 11 0.03234998 
193 258 15 19 0.0314245 
696 224 42 47 0.031397004 
491 87 27 41 0.030844146 
44 603 10 11 0.030812422 
62 133 10 12 0.03070755 
43 621 11 14 0.02989091 
454 135 11 14 0.029849995 
326 550 8 10 0.029122908 
522 82 16 24 0.027840266 
57 133 10 12 0.026194464 
115 184 15 16 0.024891365 
455 149 10 13 0.024621366 
63 550 10 12 0.023652831 
177 147 10 11 0.02342902 
366 59 440 527 0.023203239 
494 85 15 22 0.023128727 
2 652 41 71 0.023111796 
467 546 12 14 0.022258613 
391 414 9 13 0.022074856 
132 182 11 14 0.022073153 
99 105 14 19 0.022035934 
180 225 15 18 0.021935463 
53 614 23 28 0.02190804 
220 531 12 13 0.021810725 
253 605 10 11 0.021805914 
175 229 13 17 0.021406608 
455 605 9 12 0.021316728 
550 546 11 14 0.021241874 
570 56 18 22 0.021205408 
438 485 11 15 0.021115402 
468 116 11 14 0.020919543 
153 231 10 12 0.020717757 
106 534 9 11 0.020673525 
246 467 10 13 0.0203946 
