35_Basketball_playingbasketball_35_362
373
889 427 15 19 0.96129024 
16 524 11 14 0.8905916 
536 403 24 28 0.8660578 
47 522 9 12 0.8059138 
206 487 11 14 0.7844627 
704 465 13 16 0.7089903 
475 386 19 22 0.70712245 
621 371 20 24 0.7037594 
71 525 11 14 0.69801074 
69 470 9 11 0.48753974 
23 495 10 12 0.48583257 
96 528 9 11 0.4589825 
184 520 10 11 0.44569415 
168 520 10 11 0.4393404 
262 526 9 12 0.4206331 
151 494 9 11 0.40259883 
221 502 9 12 0.2750353 
48 478 9 11 0.25154853 
627 433 17 20 0.23499128 
88 478 9 10 0.22337495 
141 523 9 12 0.21014792 
92 479 9 10 0.20138292 
53 572 9 12 0.1989972 
118 470 8 10 0.18739167 
362 504 8 11 0.18676671 
302 479 8 9 0.18499719 
241 525 8 10 0.18134305 
85 548 10 13 0.17566729 
46 501 10 12 0.17476203 
24 454 8 9 0.16830091 
184 502 8 10 0.16335574 
113 470 8 10 0.16258852 
136 487 8 9 0.1593753 
102 494 9 11 0.15499306 
49 465 8 9 0.15274622 
292 525 10 12 0.15242584 
53 504 9 11 0.14998683 
119 487 7 10 0.1491136 
245 525 8 10 0.14753836 
1 483 8 14 0.14471951 
41 502 10 12 0.14432186 
221 536 10 12 0.14192559 
239 519 8 11 0.14091797 
183 497 7 9 0.1391061 
312 519 8 11 0.13283654 
578 261 16 19 0.13162787 
279 517 8 10 0.1312538 
884 457 27 32 0.12707339 
494 536 8 10 0.12560742 
118 524 8 11 0.12445216 
376 528 7 9 0.1237496 
365 507 8 11 0.123347156 
334 488 9 10 0.121915914 
70 475 10 12 0.12065447 
293 504 9 11 0.119027615 
497 234 17 19 0.11781857 
304 517 7 9 0.11704319 
46 495 8 11 0.11538624 
617 428 28 33 0.112949 
47 470 9 11 0.11023834 
77 573 9 13 0.1093356 
156 494 9 11 0.10838878 
288 502 9 11 0.10424836 
234 493 10 13 0.10176502 
299 481 7 9 0.10149309 
539 482 13 16 0.100535996 
158 533 11 14 0.09921265 
385 496 8 10 0.0976361 
183 511 9 11 0.09592488 
71 566 10 11 0.09577297 
296 485 8 10 0.09509815 
80 480 8 9 0.09156266 
597 411 22 27 0.09015121 
916 433 28 42 0.09002387 
202 492 8 10 0.089652866 
191 480 8 10 0.08776213 
236 512 9 11 0.08766112 
217 509 10 12 0.087094 
280 502 8 10 0.085684 
160 527 9 11 0.0842082 
394 528 8 10 0.08373695 
318 520 9 11 0.08308005 
70 542 9 12 0.0826225 
238 548 15 18 0.08241292 
177 495 7 9 0.08237509 
29 455 8 9 0.0822121 
29 493 8 11 0.08015449 
113 520 9 12 0.07996233 
95 485 8 10 0.07906101 
176 538 12 14 0.07723645 
277 535 10 12 0.076901376 
231 526 8 10 0.07653975 
186 480 8 10 0.07597214 
188 523 9 12 0.074129485 
286 496 7 9 0.07170684 
197 468 8 11 0.071054086 
224 528 9 11 0.070683606 
149 500 10 13 0.07053518 
320 538 7 9 0.07038159 
192 469 10 11 0.06987943 
49 485 9 12 0.06948482 
295 519 9 11 0.06886343 
383 500 9 11 0.068612 
71 501 9 11 0.06857451 
127 445 9 10 0.06798988 
127 472 8 10 0.067740865 
973 501 10 13 0.06715707 
305 536 9 11 0.06654949 
153 489 7 10 0.066528104 
63 560 9 12 0.065798216 
390 496 8 9 0.06545148 
224 463 9 10 0.065151356 
52 479 9 11 0.06491821 
470 537 8 9 0.06485235 
172 524 9 11 0.06383232 
401 502 8 10 0.063654765 
138 520 9 11 0.0633668 
295 509 9 10 0.061945096 
170 503 9 10 0.061651807 
353 522 7 9 0.061488662 
265 522 9 12 0.060807157 
501 535 8 10 0.060412165 
80 543 9 11 0.059109885 
104 489 8 9 0.058500916 
19 519 11 14 0.058425646 
41 494 9 11 0.058006797 
32 462 10 11 0.056288525 
493 540 8 11 0.056140646 
89 473 8 9 0.056092795 
505 517 9 11 0.05582415 
240 466 7 9 0.054940037 
76 567 9 11 0.05492772 
925 439 12 17 0.054886635 
69 465 8 11 0.054829545 
175 509 8 10 0.054189064 
247 453 9 10 0.053091664 
478 511 7 9 0.0527894 
192 496 7 9 0.052697595 
957 501 9 13 0.052428804 
111 487 8 9 0.052240808 
118 464 8 10 0.051921446 
31 488 9 11 0.05142861 
174 503 9 11 0.050117772 
393 534 8 9 0.050084677 
121 492 8 10 0.05008265 
360 527 7 9 0.049437683 
93 474 8 9 0.048801936 
604 416 28 30 0.04765695 
369 487 7 9 0.047506504 
319 471 7 9 0.04712366 
96 539 10 12 0.04684115 
37 542 11 13 0.046777245 
150 538 12 15 0.046753854 
40 507 9 11 0.046697598 
368 528 8 9 0.046673607 
311 537 9 11 0.04580065 
6 511 9 11 0.04568376 
282 497 8 9 0.045405213 
213 492 9 12 0.04513075 
254 472 8 9 0.044979434 
106 470 8 10 0.044349086 
928 501 11 15 0.04414262 
51 520 10 13 0.044068098 
367 535 8 10 0.04404077 
4 479 10 14 0.04403868 
198 464 8 10 0.043668553 
279 511 8 11 0.043255165 
146 509 9 11 0.043092955 
166 539 9 13 0.041886773 
151 479 6 9 0.041885473 
336 480 7 9 0.041813407 
175 472 7 9 0.04178067 
920 440 12 15 0.04136715 
478 525 8 9 0.041342847 
341 486 8 10 0.04105255 
936 485 10 14 0.04093492 
924 445 15 23 0.040916912 
118 478 8 9 0.040664542 
192 485 7 9 0.040152546 
352 479 8 10 0.040136322 
143 479 8 9 0.03966854 
503 524 8 11 0.03953299 
394 542 8 10 0.039470874 
311 488 8 9 0.039362527 
42 524 9 11 0.039352775 
897 432 41 54 0.038976423 
17 461 9 12 0.038903024 
383 533 7 10 0.03880623 
137 481 7 9 0.038343407 
656 482 13 17 0.0383264 
80 484 9 11 0.03805184 
358 486 8 9 0.037875377 
239 470 7 9 0.037867438 
257 495 8 9 0.03741689 
397 543 8 10 0.0371547 
420 495 8 10 0.03709831 
17 455 8 10 0.036753844 
80 579 10 12 0.03664032 
38 487 8 11 0.036410205 
230 465 8 10 0.036192525 
288 520 9 11 0.03612947 
223 518 9 10 0.03589952 
1012 469 9 12 0.035717513 
399 496 8 10 0.035640992 
303 474 8 8 0.034994166 
226 566 14 16 0.03450766 
375 533 8 11 0.03435339 
174 549 12 14 0.034204643 
114 454 8 10 0.03414229 
249 572 13 15 0.03406451 
133 534 9 12 0.03398067 
474 520 8 10 0.033963654 
457 463 9 11 0.033746578 
465 535 7 10 0.033417985 
265 563 11 14 0.03339573 
100 500 10 12 0.03330858 
8 547 9 12 0.033235785 
112 449 8 10 0.033206336 
65 543 8 11 0.033182997 
358 480 8 9 0.03313105 
99 532 9 13 0.0330864 
199 525 9 11 0.033036605 
238 532 11 13 0.03298878 
39 549 11 13 0.0329348 
574 399 10 13 0.032896977 
983 502 8 11 0.032794006 
330 508 8 11 0.032519463 
216 515 10 12 0.032323122 
21 462 9 12 0.032094914 
101 509 10 12 0.031903226 
167 472 8 8 0.031866536 
165 565 11 13 0.031829365 
110 574 10 11 0.031815372 
326 524 8 11 0.031447414 
62 503 9 11 0.031419154 
233 518 8 11 0.031156106 
118 455 7 9 0.03098892 
38 464 8 11 0.03097273 
180 514 19 23 0.03089109 
167 549 11 14 0.030601846 
309 494 9 10 0.03056359 
375 480 9 9 0.030263752 
172 555 11 13 0.030206535 
158 488 8 10 0.030152138 
345 508 8 10 0.030118035 
447 544 7 9 0.029940542 
160 472 8 9 0.029928457 
336 8 76 81 0.02982584 
45 550 11 13 0.029600117 
161 519 9 11 0.02923643 
273 540 11 12 0.029106935 
217 527 9 12 0.028935336 
216 497 19 24 0.028928155 
160 478 8 9 0.028808497 
957 487 8 10 0.028725939 
222 496 10 13 0.028660169 
344 481 8 9 0.02862643 
456 541 8 10 0.028545203 
229 535 10 12 0.028514551 
287 0 113 118 0.028426234 
271 519 8 11 0.028312389 
185 485 7 9 0.028245961 
74 531 11 13 0.028193487 
368 539 9 11 0.02808693 
167 558 11 13 0.027893793 
61 507 9 12 0.027871529 
69 560 10 12 0.027798511 
477 376 30 33 0.02772897 
229 539 11 14 0.027637199 
167 487 8 9 0.027349725 
86 555 9 12 0.02722709 
222 545 12 15 0.026946811 
116 323 14 15 0.026846759 
85 516 9 12 0.026824888 
168 495 7 9 0.026726965 
314 471 8 9 0.026716538 
41 469 8 11 0.0265831 
608 261 401 512 0.02644368 
432 527 8 10 0.026393693 
472 364 27 36 0.026327616 
159 561 9 11 0.026294027 
52 470 9 10 0.026262032 
52 549 11 13 0.026164586 
113 464 8 11 0.026118957 
254 477 7 10 0.026053745 
262 501 8 10 0.026042964 
456 511 7 10 0.02587207 
29 448 8 10 0.025680946 
535 262 10 11 0.0256289 
367 519 7 9 0.025389666 
249 479 9 10 0.0253572 
44 519 17 22 0.025241593 
509 510 8 11 0.025221128 
540 552 16 20 0.025206031 
215 470 10 11 0.025145331 
362 533 8 10 0.025061484 
327 542 8 10 0.025051793 
1 509 8 12 0.025003182 
352 544 8 10 0.024958838 
253 454 8 10 0.024751214 
405 503 9 10 0.024702998 
77 519 10 12 0.024465904 
232 488 9 12 0.024439761 
42 478 8 11 0.024423534 
947 0 34 22 0.02408046 
332 503 9 11 0.024060577 
611 433 16 19 0.024008084 
8 516 9 13 0.024006963 
401 509 9 11 0.023972498 
350 504 9 10 0.023961935 
330 488 9 11 0.023821132 
112 561 8 10 0.023812724 
790 494 7 9 0.023807818 
147 488 19 24 0.02376656 
56 559 10 12 0.023685385 
302 504 9 11 0.023412988 
997 486 12 17 0.023312075 
197 480 9 10 0.023296444 
71 508 10 12 0.023267237 
147 495 9 11 0.023254648 
378 502 8 10 0.023160174 
208 470 8 10 0.023103835 
274 510 8 11 0.02297964 
232 22 210 216 0.022915749 
441 544 7 9 0.0228501 
360 497 7 8 0.022840919 
86 464 8 9 0.02277419 
261 496 7 9 0.022761542 
101 584 10 11 0.022669956 
497 325 19 21 0.022622926 
230 498 10 13 0.022474661 
588 421 27 30 0.022449574 
416 500 9 11 0.022422984 
149 565 10 12 0.022396524 
448 580 8 12 0.022389343 
992 477 8 10 0.02234809 
229 550 24 29 0.022235842 
377 496 8 10 0.022046706 
132 539 11 13 0.021954317 
243 542 14 16 0.02184199 
0 471 8 12 0.021807961 
256 488 7 10 0.021794362 
264 540 9 11 0.021742953 
510 85 11 15 0.021719666 
104 464 8 10 0.021701843 
335 518 8 11 0.021668227 
79 462 9 10 0.021633351 
126 526 10 12 0.021605654 
11 525 10 14 0.021529347 
721 544 9 11 0.021483647 
367 495 8 9 0.02146673 
129 476 8 9 0.021452641 
15 449 8 10 0.021439793 
474 524 8 11 0.021345286 
289 507 9 11 0.021169404 
0 548 8 12 0.021109264 
358 521 8 9 0.021049013 
1012 535 8 11 0.020983327 
506 239 14 18 0.02096541 
497 527 8 10 0.02088519 
8 463 9 11 0.020875623 
343 537 7 8 0.020853711 
368 481 8 9 0.020757604 
217 534 20 24 0.020645779 
135 518 20 24 0.020611105 
163 533 12 14 0.020438662 
602 541 16 20 0.020422954 
238 497 11 13 0.020405779 
111 565 10 12 0.020222595 
101 518 11 12 0.020196935 
32 520 9 10 0.020150468 
498 90 42 57 0.020101517 
87 483 9 11 0.020082304 
