35_Basketball_playingbasketball_35_73
27
795 376 50 66 0.99737346 
491 372 48 57 0.8579709 
695 57 58 64 0.38024828 
241 290 43 69 0.28933722 
170 359 115 112 0.22931163 
155 279 63 77 0.13678455 
371 288 96 119 0.12630764 
375 272 44 53 0.10279029 
706 82 60 73 0.08444712 
212 355 134 144 0.072542906 
381 288 52 63 0.07023782 
683 64 42 51 0.055804495 
215 273 382 492 0.043750532 
770 58 33 42 0.038788624 
1 627 36 47 0.03792178 
577 453 54 88 0.036553137 
1014 545 10 15 0.032812737 
731 57 60 64 0.031558 
144 290 107 139 0.029276429 
67 63 33 35 0.028610365 
814 86 11 15 0.026500518 
315 240 44 62 0.025776561 
227 274 68 113 0.024521668 
69 415 462 545 0.021492101 
379 249 43 49 0.02121405 
362 256 44 51 0.02009751 
183 264 88 98 0.020015486 
