35_Basketball_basketballgame_ball_35_998
128
684 64 47 66 0.99857414 
342 98 56 76 0.993252 
916 282 42 61 0.993234 
63 281 34 39 0.99156064 
42 390 40 50 0.99085337 
0 310 25 41 0.9865906 
34 201 36 46 0.98215944 
444 141 33 43 0.9697306 
354 317 36 52 0.96897227 
122 284 32 48 0.9425987 
866 300 32 47 0.74497193 
652 101 28 35 0.73912066 
587 50 28 37 0.5404366 
463 103 30 38 0.52569425 
374 105 44 59 0.46013233 
997 320 28 44 0.45222875 
395 110 36 46 0.4447565 
561 244 443 551 0.44067264 
840 221 28 36 0.32753158 
766 54 38 47 0.31197107 
325 407 28 41 0.29285675 
468 429 24 30 0.2845158 
8 426 31 37 0.27464557 
573 150 25 32 0.21735683 
987 271 29 34 0.19767475 
913 211 30 34 0.14489627 
435 527 14 18 0.14335378 
832 98 25 35 0.13490686 
818 331 30 38 0.13420936 
511 47 26 36 0.12999597 
11 213 23 29 0.11620731 
857 272 18 22 0.10388342 
113 117 25 31 0.10211777 
880 288 36 52 0.09460054 
476 234 29 34 0.09120969 
405 11 29 36 0.089612864 
97 73 16 21 0.089319184 
642 479 30 49 0.086938895 
514 343 18 23 0.08455396 
597 19 24 30 0.07366571 
23 207 31 39 0.07187434 
191 135 31 36 0.066154666 
853 281 24 29 0.059671365 
1 257 13 23 0.059375424 
757 42 36 49 0.058490437 
119 164 45 63 0.056258943 
113 113 18 22 0.05539288 
663 88 40 57 0.053946875 
177 130 28 38 0.05268672 
932 14 27 31 0.0515857 
392 97 32 39 0.045637567 
722 442 19 21 0.045301408 
874 299 19 23 0.04426688 
882 269 27 34 0.043374225 
762 24 41 54 0.042797867 
373 314 30 43 0.04194954 
782 549 13 17 0.04179935 
257 156 38 46 0.04113359 
697 1 29 31 0.040713526 
437 555 27 32 0.040064357 
928 219 19 23 0.0398029 
1006 315 16 21 0.03948431 
392 587 27 32 0.038193703 
388 319 17 25 0.035857245 
893 288 14 19 0.03517812 
465 99 20 23 0.034637522 
891 281 23 30 0.03454303 
899 291 12 16 0.034467798 
324 317 37 53 0.032848712 
476 247 34 38 0.03262409 
468 92 29 35 0.032248486 
639 93 28 37 0.032167807 
820 342 18 24 0.031484395 
80 292 19 25 0.03142276 
122 367 19 22 0.03116958 
470 421 41 50 0.031103112 
85 101 14 18 0.030584594 
871 98 28 37 0.030232336 
688 7 31 36 0.02985514 
446 264 28 36 0.029769225 
218 363 476 451 0.02969898 
498 18 29 35 0.029496208 
440 133 26 33 0.028146343 
412 110 29 41 0.027130518 
708 0 17 15 0.027108608 
423 514 27 34 0.02698081 
426 47 28 36 0.026324708 
180 118 16 21 0.025626501 
986 300 25 33 0.025607305 
0 239 10 16 0.02545804 
503 351 12 14 0.025353359 
989 308 15 20 0.024752099 
4 409 26 35 0.024666922 
996 52 25 42 0.02450871 
776 70 43 53 0.024461988 
854 291 30 42 0.024334164 
106 365 34 46 0.02398061 
399 301 372 418 0.02387724 
977 286 26 39 0.023706844 
411 495 17 22 0.022862501 
866 275 40 53 0.022857588 
952 306 25 33 0.022481732 
18 443 19 24 0.022454804 
865 279 17 23 0.022451308 
846 268 25 31 0.022449235 
682 36 48 66 0.022434402 
630 87 25 33 0.022309585 
394 182 29 39 0.022211093 
819 290 28 35 0.02219546 
1007 348 15 23 0.021996455 
832 231 29 39 0.021600105 
76 145 16 20 0.021397527 
752 94 31 40 0.021298345 
469 225 29 32 0.021240521 
745 37 33 46 0.021204097 
396 436 23 30 0.021158773 
226 123 23 30 0.021066444 
998 259 13 15 0.020995244 
446 524 14 17 0.020884529 
776 95 29 43 0.02087799 
933 296 35 43 0.020842964 
510 333 12 15 0.020544756 
568 132 28 36 0.020496614 
462 437 26 34 0.02046738 
272 82 46 57 0.020457527 
829 427 31 32 0.020376956 
703 144 40 38 0.020237079 
502 34 31 39 0.020066904 
