35_Basketball_basketballgame_ball_35_82
880
284 253 49 61 0.99611014 
438 192 46 60 0.994964 
770 407 22 27 0.98537594 
604 412 17 21 0.9849362 
141 228 13 17 0.9735493 
704 311 21 27 0.9717112 
650 405 19 26 0.9632271 
800 406 20 28 0.95829177 
110 370 16 19 0.9343103 
151 200 14 18 0.8998442 
28 206 13 16 0.8908458 
77 205 12 16 0.88096833 
33 374 15 19 0.87707716 
250 168 14 17 0.827623 
113 211 14 18 0.8228998 
99 233 14 18 0.82162476 
48 176 12 16 0.801494 
756 275 13 17 0.74372196 
437 134 12 15 0.7335655 
10 287 14 19 0.7244637 
30 117 11 14 0.719884 
192 156 12 16 0.7172253 
654 249 13 17 0.7122315 
648 320 14 19 0.7081808 
494 118 11 13 0.6960404 
537 37 10 12 0.68972135 
518 87 15 19 0.68679255 
184 248 12 16 0.67937684 
746 153 14 19 0.6744736 
154 305 12 17 0.6706248 
798 208 13 17 0.6686506 
207 262 10 13 0.65418637 
741 327 14 17 0.6541576 
647 217 13 16 0.64790744 
48 221 13 16 0.6353563 
633 375 15 18 0.6198921 
44 95 10 13 0.59835464 
174 228 12 15 0.58546644 
609 216 12 16 0.5775825 
34 141 14 16 0.55974334 
192 119 12 15 0.54847425 
495 97 13 16 0.5358503 
152 109 11 13 0.53082997 
53 367 13 18 0.52277297 
28 24 10 13 0.5124389 
391 138 12 16 0.50723666 
294 198 12 15 0.50169164 
629 148 12 15 0.50103104 
12 63 12 14 0.49860036 
765 222 12 14 0.49356666 
40 161 11 15 0.48389384 
162 43 10 12 0.46945345 
989 0 41 66 0.45576197 
639 195 13 17 0.45269978 
563 412 18 23 0.44737613 
614 172 12 15 0.44615507 
32 289 14 18 0.44592723 
65 110 11 15 0.4446744 
100 34 11 14 0.4323362 
166 102 10 12 0.4167111 
51 74 11 14 0.4142039 
708 187 16 18 0.40454364 
240 241 13 15 0.40149477 
618 398 13 16 0.3945635 
594 227 13 15 0.38868794 
637 237 13 15 0.38795778 
223 180 14 18 0.3874097 
106 298 13 17 0.38688672 
606 193 13 16 0.3854456 
55 44 13 15 0.38363668 
141 266 14 18 0.37939394 
514 179 15 19 0.37861937 
93 140 10 13 0.37179968 
115 165 12 14 0.36640102 
89 317 12 15 0.3652297 
340 520 22 25 0.3454738 
439 153 12 17 0.34407994 
154 408 49 53 0.34112117 
753 122 12 14 0.3370377 
693 139 13 15 0.32738772 
733 306 14 16 0.32450253 
86 95 10 14 0.32226837 
220 149 11 14 0.3172922 
260 143 11 14 0.31572807 
171 275 13 16 0.3113768 
208 294 14 19 0.30516896 
91 210 13 16 0.30060947 
197 54 11 13 0.29940796 
125 106 10 13 0.2978106 
85 182 13 17 0.29521948 
343 223 11 14 0.29498726 
145 162 15 18 0.2862521 
685 141 11 14 0.2858081 
723 125 12 15 0.2855654 
782 28 11 13 0.28232035 
268 5 11 14 0.2821656 
235 105 13 16 0.27575648 
397 102 11 14 0.27318794 
603 143 11 14 0.27253917 
706 256 13 16 0.27122217 
553 182 14 16 0.27067217 
689 219 12 16 0.26221368 
655 385 16 20 0.26215893 
685 117 11 14 0.2609064 
727 212 12 16 0.2580099 
291 204 15 19 0.25792262 
680 190 13 16 0.2518199 
676 320 16 19 0.24652497 
675 409 13 17 0.24580769 
246 191 10 12 0.24471392 
780 405 23 30 0.24107537 
77 403 11 15 0.23492965 
199 98 11 13 0.23486249 
0 141 9 14 0.231042 
44 261 11 13 0.22450352 
108 78 12 14 0.22017439 
36 135 12 15 0.21888001 
735 144 10 13 0.21342383 
786 382 15 17 0.20848463 
102 333 10 15 0.20472288 
425 125 10 12 0.20469034 
238 120 14 17 0.20179287 
174 282 11 15 0.20076603 
141 45 9 11 0.19910687 
197 186 11 14 0.19825004 
270 165 11 14 0.19531956 
250 228 11 13 0.1949842 
102 258 15 19 0.19464767 
742 271 10 12 0.19456258 
670 290 15 20 0.19169785 
37 325 13 16 0.18931456 
401 154 13 16 0.18926804 
737 114 11 14 0.18864655 
132 71 10 13 0.18788302 
121 143 9 12 0.18736647 
634 366 16 19 0.186949 
183 3 9 10 0.18511193 
62 136 11 13 0.184316 
629 213 12 15 0.17686002 
193 306 12 16 0.1740478 
29 73 12 15 0.17292608 
570 125 9 11 0.17289747 
224 66 13 15 0.17250283 
44 26 11 14 0.16560708 
5 132 12 15 0.16501012 
733 181 11 14 0.1575491 
223 22 10 13 0.1570651 
840 106 12 15 0.15588176 
725 100 11 14 0.15570012 
645 174 10 14 0.15500313 
204 139 11 14 0.15027988 
123 213 11 14 0.14971343 
750 39 10 12 0.1491447 
14 387 14 17 0.14849314 
672 153 12 15 0.14576557 
88 134 11 14 0.14390357 
678 374 17 21 0.14225668 
767 38 11 12 0.14108232 
778 360 15 17 0.14107874 
243 124 13 16 0.13975316 
803 275 11 15 0.13874386 
128 133 11 13 0.13835894 
571 172 12 15 0.13726439 
777 279 10 12 0.13721834 
68 162 14 18 0.1356992 
621 230 11 15 0.13456994 
102 148 11 13 0.13173187 
782 245 14 16 0.13126066 
103 118 9 12 0.12991336 
119 339 14 18 0.1298773 
208 86 9 11 0.12977977 
676 148 13 15 0.12896168 
768 134 12 15 0.12808159 
203 94 11 13 0.12688377 
88 73 12 15 0.12679237 
5 80 11 13 0.12563983 
843 226 14 20 0.12496212 
396 208 14 17 0.12403644 
404 119 10 13 0.12370061 
103 188 13 18 0.12365078 
590 21 12 15 0.1236128 
683 232 14 17 0.1231139 
10 193 14 18 0.122623764 
102 389 10 13 0.11908094 
469 116 10 12 0.11834977 
69 338 13 16 0.11653134 
605 128 10 11 0.11455532 
12 134 10 13 0.112276986 
80 125 9 12 0.11199744 
11 109 14 16 0.11025963 
157 165 13 17 0.10983307 
53 214 13 17 0.10810936 
550 128 9 10 0.106681675 
1 379 11 17 0.10556199 
150 326 9 11 0.1026858 
660 164 12 14 0.10183708 
604 244 15 19 0.101505965 
627 36 16 19 0.10075244 
224 271 10 13 0.100244805 
7 242 11 14 0.09990351 
55 3 12 14 0.099663004 
110 124 10 14 0.09842943 
124 141 11 13 0.098274246 
590 27 13 17 0.09762404 
158 337 14 17 0.09667335 
157 427 29 36 0.0964834 
148 140 14 17 0.09585083 
612 299 15 17 0.09505521 
631 297 13 15 0.09462666 
784 386 19 23 0.09445184 
782 92 14 15 0.09309846 
763 244 15 17 0.09268493 
93 75 11 14 0.09162252 
169 315 11 14 0.09154282 
121 283 10 14 0.09132774 
744 78 10 13 0.09106322 
489 117 11 13 0.09101014 
510 111 11 14 0.0906754 
44 2 12 15 0.090350315 
240 85 9 12 0.090107344 
174 337 14 17 0.08978265 
678 122 13 16 0.08943561 
691 176 12 17 0.08751607 
739 282 13 17 0.086943656 
590 15 11 14 0.086169645 
739 50 12 14 0.08616314 
741 225 13 16 0.08599735 
253 62 10 13 0.08512429 
3 187 14 19 0.08512199 
645 155 10 12 0.08492861 
718 214 12 15 0.08392048 
801 93 10 14 0.08318054 
688 172 11 15 0.08293309 
221 164 13 15 0.08279615 
647 343 14 18 0.08089749 
204 217 13 16 0.07929111 
662 141 11 14 0.07912985 
63 170 12 15 0.07614763 
601 132 9 11 0.07603195 
226 171 15 18 0.07325565 
610 332 16 19 0.073165506 
693 248 14 18 0.07225994 
116 53 9 11 0.07219309 
231 101 12 16 0.07169465 
604 239 13 14 0.07146981 
631 126 9 11 0.07145662 
63 105 11 13 0.07133147 
164 335 12 15 0.07102307 
637 306 13 16 0.07036069 
23 69 11 13 0.06973548 
68 104 10 12 0.06954039 
627 164 12 15 0.06945304 
248 60 11 14 0.069373414 
23 402 13 17 0.06924172 
263 68 10 14 0.06903984 
533 126 9 12 0.06857488 
642 544 13 17 0.06791075 
67 140 11 14 0.06779446 
143 140 12 15 0.067466855 
780 335 16 20 0.067332074 
720 103 10 12 0.06655823 
73 263 9 12 0.06630128 
7 159 10 14 0.06563861 
774 113 12 14 0.06534225 
652 393 21 25 0.065133005 
184 300 11 14 0.06494543 
84 193 14 19 0.06487323 
812 236 11 15 0.064411454 
123 188 15 18 0.06329863 
56 134 11 13 0.063040085 
223 94 11 15 0.06290289 
527 59 13 15 0.062829435 
666 406 19 24 0.06261115 
380 6 10 11 0.06254021 
145 12 8 11 0.06250921 
85 127 11 13 0.06242673 
143 52 9 11 0.061404854 
40 347 12 16 0.061273348 
262 196 13 16 0.06100123 
287 209 13 16 0.060913805 
797 335 15 21 0.06006627 
469 70 12 15 0.05907439 
676 130 14 16 0.058504738 
99 40 14 17 0.058186315 
54 125 11 13 0.0578478 
748 386 15 19 0.05773441 
86 243 11 14 0.05756523 
663 170 12 15 0.057525713 
104 122 11 15 0.05746067 
61 148 13 15 0.057192016 
725 281 12 15 0.05697676 
96 145 11 14 0.056703415 
460 155 14 16 0.056689437 
205 277 11 15 0.056286108 
134 261 15 19 0.056102127 
560 40 9 11 0.0560448 
643 222 15 19 0.054996293 
791 394 20 27 0.054972526 
148 332 12 14 0.054527607 
629 134 11 12 0.05417388 
591 179 12 16 0.05400626 
676 396 14 18 0.053938255 
28 179 14 16 0.053840905 
786 331 16 20 0.05365213 
209 125 11 13 0.053262588 
56 23 9 11 0.05321155 
582 404 14 18 0.05292119 
789 326 12 15 0.05215229 
459 98 12 14 0.0520442 
108 395 10 13 0.051131893 
189 203 14 16 0.050865557 
87 61 10 12 0.050407004 
196 236 14 17 0.050336353 
125 308 14 17 0.050092258 
455 153 13 17 0.0498517 
160 102 11 14 0.049750395 
684 133 14 17 0.049700793 
705 398 19 22 0.049659815 
36 339 14 17 0.049479734 
20 396 13 17 0.049432002 
465 38 10 14 0.049239725 
238 210 14 17 0.049133185 
115 186 17 19 0.04912827 
145 272 14 18 0.048987154 
636 149 12 16 0.04893557 
732 125 12 14 0.048836987 
177 115 10 13 0.048789147 
587 332 10 12 0.048646018 
915 635 41 37 0.04855648 
745 186 12 14 0.048476975 
670 315 16 22 0.04844597 
15 339 12 15 0.048387025 
206 205 11 14 0.048301514 
106 185 19 23 0.048233088 
625 157 11 13 0.04807016 
187 21 10 13 0.04787564 
0 228 7 13 0.047623772 
744 393 19 27 0.047602918 
97 332 10 14 0.0469321 
685 248 15 20 0.046787422 
58 209 14 19 0.046566363 
779 283 12 14 0.04654355 
726 236 10 12 0.04652822 
103 184 11 14 0.04638901 
812 188 11 15 0.046067573 
388 174 23 27 0.04604266 
14 281 18 26 0.045902025 
828 284 10 12 0.0458986 
1 128 9 13 0.0458187 
246 92 11 13 0.04559725 
93 124 12 13 0.045591485 
523 163 13 15 0.045540053 
13 102 10 12 0.045500673 
625 143 12 15 0.045310136 
71 301 9 15 0.04502365 
183 148 13 17 0.04487628 
614 325 21 26 0.044868108 
93 286 10 13 0.044731855 
98 386 10 14 0.044622973 
685 167 11 13 0.04459993 
487 159 9 11 0.044575926 
673 125 11 14 0.044370938 
2 372 18 27 0.044340298 
122 434 15 19 0.04411772 
75 307 12 15 0.04406543 
231 289 12 15 0.04393906 
240 190 11 14 0.04390476 
271 159 13 16 0.04377446 
596 234 13 16 0.043564726 
145 261 16 19 0.04353106 
623 128 10 11 0.043512695 
55 149 12 15 0.04350985 
489 98 12 15 0.043444246 
627 323 14 20 0.043231856 
79 181 13 17 0.0432093 
118 117 11 14 0.043021955 
549 249 15 20 0.042932674 
463 112 11 13 0.04279735 
711 210 13 17 0.042691663 
708 203 14 16 0.042419504 
76 262 10 12 0.042402964 
40 369 16 22 0.042282198 
245 87 10 13 0.042261455 
620 298 12 16 0.042244744 
152 29 10 12 0.042172223 
51 268 12 16 0.042067047 
166 325 11 12 0.042030174 
194 150 14 17 0.041863855 
132 192 12 17 0.041549027 
270 177 13 15 0.041417874 
727 96 11 13 0.041231573 
630 170 11 14 0.041205857 
111 130 10 14 0.040986404 
703 230 11 15 0.040885247 
30 338 13 18 0.04078768 
134 140 10 13 0.04074102 
60 23 10 11 0.04062683 
686 101 10 12 0.04061674 
230 147 14 16 0.04058919 
788 156 11 14 0.04057672 
111 47 10 12 0.040515374 
188 14 10 13 0.040451422 
789 150 9 12 0.040373456 
742 182 12 15 0.040195554 
636 360 12 15 0.04013783 
770 184 14 18 0.039955404 
410 193 12 16 0.039810795 
737 47 10 13 0.039808236 
239 249 14 16 0.039662804 
548 167 22 26 0.039512895 
391 378 44 54 0.03949303 
87 274 11 15 0.03946735 
90 186 14 19 0.03941527 
152 315 11 13 0.039353877 
703 146 12 13 0.03922992 
220 154 13 17 0.03918814 
686 111 12 15 0.039176784 
109 148 11 14 0.03914795 
773 243 12 16 0.039143495 
109 324 13 14 0.039108753 
227 387 16 22 0.038794845 
51 260 11 15 0.038612038 
621 166 11 14 0.038585767 
111 159 12 14 0.03853871 
149 339 13 17 0.038465098 
0 110 9 13 0.03846481 
527 159 9 11 0.03835745 
216 165 11 15 0.03832804 
90 323 12 15 0.038105294 
710 144 11 13 0.03809914 
248 67 12 14 0.03804289 
667 179 13 16 0.038027015 
668 215 15 18 0.03799998 
251 192 11 13 0.03798939 
691 116 12 14 0.0379138 
239 33 9 11 0.037899572 
765 238 13 16 0.037810303 
598 248 15 19 0.03777384 
558 216 14 19 0.037668485 
63 188 12 15 0.037547603 
159 326 9 11 0.03743828 
588 170 14 17 0.037142854 
70 148 11 14 0.03713281 
633 120 9 12 0.036982648 
1 292 10 15 0.03693976 
40 256 18 23 0.03674922 
208 402 17 21 0.03670251 
140 444 12 14 0.03661424 
148 135 13 15 0.036499895 
873 35 25 32 0.036494303 
722 194 14 17 0.036469277 
141 146 14 16 0.03633916 
40 24 10 13 0.03619942 
204 319 13 15 0.03614775 
4 21 9 12 0.03611173 
602 331 10 13 0.036081985 
678 247 15 20 0.036061645 
531 55 12 13 0.03560709 
514 115 12 14 0.035569258 
774 229 11 14 0.03553268 
251 84 12 14 0.035449896 
0 194 11 17 0.03538218 
716 143 12 14 0.035226 
188 3 9 12 0.035090625 
381 411 30 37 0.034984797 
596 290 11 14 0.03492 
393 97 19 23 0.034826495 
182 141 10 14 0.03459574 
517 166 14 18 0.034333628 
96 259 12 16 0.03426093 
7 114 14 15 0.03425145 
196 203 12 15 0.034248818 
150 121 13 15 0.033962376 
772 335 16 22 0.033916175 
699 134 12 16 0.03390505 
789 221 12 13 0.03365876 
668 266 14 16 0.033517547 
61 194 14 17 0.033477277 
545 126 9 13 0.03338686 
271 236 12 17 0.03326802 
132 107 11 12 0.033266194 
231 115 14 17 0.033251133 
808 231 10 14 0.032983106 
133 126 11 14 0.032983087 
749 270 14 18 0.032951836 
787 228 12 13 0.032900292 
608 180 11 15 0.032868214 
692 123 13 16 0.032847166 
148 8 10 12 0.032803837 
254 195 11 14 0.03276956 
767 244 21 24 0.03275547 
251 125 11 14 0.032615233 
767 115 11 14 0.03261116 
580 425 447 441 0.032485746 
127 56 8 11 0.03246945 
503 165 13 15 0.032405633 
11 126 12 14 0.032389652 
246 99 11 15 0.032349512 
709 109 11 14 0.03232749 
459 83 13 17 0.032264553 
391 106 14 17 0.032261956 
51 375 15 20 0.032162134 
654 85 11 12 0.03213136 
582 128 9 10 0.032115113 
79 349 11 15 0.032061033 
238 128 16 18 0.032046113 
12 55 14 16 0.03203166 
251 272 13 17 0.031902127 
610 400 17 22 0.03184118 
192 182 12 15 0.031810977 
215 379 27 36 0.031774696 
246 55 11 14 0.03174364 
725 303 14 18 0.03166191 
479 116 9 12 0.03159009 
78 253 10 14 0.0314735 
178 4 10 12 0.031469055 
154 145 14 17 0.031318426 
714 190 16 19 0.031267185 
212 85 9 11 0.031265907 
131 242 14 18 0.03125119 
564 165 12 16 0.03124174 
774 237 11 15 0.03120941 
26 267 13 19 0.031197142 
700 203 14 17 0.031094158 
732 93 10 13 0.031081606 
157 224 13 17 0.03107085 
719 120 12 15 0.030893074 
891 399 49 62 0.030754833 
392 186 24 29 0.030739421 
198 133 12 14 0.030713636 
621 193 12 16 0.030687667 
554 162 16 19 0.030666184 
180 282 12 16 0.030627156 
629 539 9 13 0.030550286 
725 2 11 13 0.030492341 
183 117 10 13 0.03047464 
124 334 11 15 0.03044037 
487 112 11 14 0.030391037 
757 205 12 14 0.03037845 
783 158 11 14 0.030373702 
643 191 12 16 0.030329324 
151 37 9 12 0.03031232 
781 228 13 15 0.030309336 
204 282 14 19 0.030293435 
402 366 26 34 0.030241549 
741 211 14 16 0.03019957 
214 80 9 12 0.030191988 
33 208 13 17 0.030078078 
92 274 12 15 0.030035034 
212 38 10 11 0.029974004 
178 419 30 37 0.029963436 
534 33 18 21 0.029950438 
749 83 12 15 0.029863039 
680 113 19 23 0.029829359 
746 221 13 15 0.029781789 
173 109 11 14 0.02976231 
107 332 14 18 0.029760975 
573 255 15 20 0.029519735 
96 421 12 15 0.029430201 
639 199 19 23 0.029407326 
70 120 12 15 0.029350935 
356 34 26 29 0.029231869 
76 340 10 13 0.029193256 
724 186 13 17 0.029178694 
261 170 12 15 0.029161932 
33 187 13 16 0.029077526 
21 37 12 13 0.02907129 
655 158 10 12 0.029055318 
78 355 14 20 0.028996846 
632 551 10 14 0.028977504 
639 250 13 16 0.028917093 
778 392 22 28 0.028875632 
25 19 17 22 0.028755581 
556 227 15 18 0.028704314 
613 127 10 12 0.028682465 
580 138 13 16 0.028667213 
88 85 10 13 0.028651953 
676 137 20 23 0.02863864 
652 172 12 15 0.028613944 
838 220 14 21 0.02856747 
216 19 11 14 0.028521089 
70 273 12 19 0.028484263 
548 163 16 19 0.028403537 
807 142 11 15 0.028374115 
86 310 14 16 0.028343882 
37 76 10 13 0.028337857 
676 308 15 19 0.028284451 
491 113 18 23 0.028274419 
88 291 10 12 0.028262889 
132 306 13 16 0.028255438 
72 398 13 17 0.028228207 
701 114 11 14 0.028179942 
669 187 14 16 0.028134407 
184 294 20 25 0.028112011 
786 85 13 15 0.028072396 
254 66 11 15 0.027951859 
128 61 9 11 0.0279273 
8 101 11 12 0.027911296 
124 278 10 14 0.027892534 
135 147 11 14 0.02783766 
97 118 10 12 0.02782191 
60 203 14 18 0.027743485 
562 405 16 20 0.027698347 
275 180 11 13 0.0276735 
168 227 12 15 0.0276658 
76 268 10 14 0.027618095 
778 108 14 16 0.027564364 
192 184 19 23 0.02747932 
550 212 14 17 0.027457308 
129 23 8 11 0.02740952 
484 201 15 21 0.027389258 
183 210 13 16 0.027353793 
74 157 14 18 0.027352795 
247 222 13 15 0.027284779 
229 29 10 13 0.027268216 
400 121 12 15 0.027237663 
240 90 13 15 0.027233452 
54 205 12 16 0.027216377 
205 147 12 15 0.027189933 
137 40 9 11 0.027156288 
631 84 12 15 0.027121319 
54 102 10 13 0.027099019 
582 164 14 17 0.027094537 
693 322 13 18 0.027056213 
189 194 14 17 0.027019937 
243 106 12 15 0.026941178 
16 42 11 13 0.026931368 
105 304 11 15 0.026890785 
757 109 10 12 0.026890216 
82 205 17 22 0.026824724 
595 264 15 19 0.026785143 
589 16 21 26 0.026776083 
100 414 11 16 0.026718594 
335 225 15 17 0.026717944 
47 274 12 16 0.026700905 
7 93 11 13 0.026654765 
713 182 15 17 0.026647238 
755 150 13 16 0.026644245 
693 273 13 16 0.026535412 
239 258 12 14 0.02651843 
206 6 11 13 0.026486289 
542 163 14 18 0.026381118 
4 171 15 18 0.026372625 
223 308 22 27 0.026345016 
779 237 14 18 0.026306259 
61 120 13 17 0.026256898 
69 178 13 17 0.02625601 
78 242 14 17 0.0262364 
252 74 12 16 0.026201032 
238 80 10 12 0.026180558 
174 39 9 11 0.026116695 
636 211 14 17 0.026104242 
559 396 13 19 0.026078226 
194 58 11 14 0.026063237 
57 363 14 18 0.026013114 
197 168 12 16 0.025992556 
158 123 11 13 0.025965303 
100 380 13 17 0.025964327 
45 140 10 13 0.025962312 
230 45 12 15 0.025949834 
389 114 12 16 0.025938738 
428 121 11 13 0.02592653 
238 53 10 13 0.02588477 
693 297 14 18 0.025880396 
528 130 12 15 0.025857452 
414 117 9 12 0.025816888 
448 52 12 15 0.025789488 
894 628 75 56 0.025789116 
420 179 11 15 0.02576669 
478 157 12 15 0.025765585 
818 92 13 16 0.025756048 
192 101 10 12 0.025734236 
566 206 13 15 0.02572283 
155 115 12 15 0.02572148 
110 59 13 14 0.025694393 
305 155 15 18 0.025677392 
726 76 9 13 0.025647812 
784 393 37 43 0.025618387 
680 164 10 13 0.025617579 
734 144 19 24 0.025611684 
631 382 14 18 0.025580892 
534 149 10 12 0.025492404 
208 39 9 11 0.025261158 
60 238 11 15 0.025224505 
554 256 16 19 0.025173413 
720 282 12 16 0.025171446 
197 212 14 16 0.02515534 
777 28 11 13 0.025138136 
101 73 18 22 0.025135271 
784 222 11 13 0.025099967 
234 284 16 19 0.025059614 
88 329 11 15 0.025059551 
668 543 11 14 0.025057385 
493 77 10 12 0.025046863 
639 176 13 16 0.024971722 
660 315 15 19 0.024919257 
200 49 10 13 0.02491624 
125 116 11 14 0.024883443 
413 166 12 16 0.024858538 
71 60 10 12 0.024858072 
799 281 12 14 0.024843091 
831 238 9 12 0.024826393 
706 235 13 16 0.02481777 
655 195 11 15 0.024705868 
38 169 12 16 0.024664115 
614 235 11 15 0.024593016 
735 107 19 23 0.024573168 
600 188 12 16 0.024554566 
202 53 10 12 0.024552763 
142 437 28 33 0.024552148 
181 46 12 14 0.024521263 
97 348 10 14 0.02451562 
636 406 21 28 0.024447575 
201 400 27 34 0.024444602 
493 109 13 16 0.024355894 
788 345 15 19 0.024316294 
615 160 10 12 0.02419133 
142 70 10 13 0.024141636 
111 338 12 17 0.024130328 
221 242 13 17 0.024087539 
63 333 13 17 0.024064928 
61 385 12 17 0.024035888 
677 181 14 17 0.02400101 
685 224 18 22 0.023959331 
253 246 10 11 0.023939652 
168 29 9 11 0.02390824 
758 323 11 15 0.023903811 
234 272 23 28 0.023852248 
273 222 9 12 0.023810044 
6 294 15 19 0.023805495 
191 19 90 125 0.023767322 
759 139 11 15 0.02374686 
298 208 14 17 0.023740653 
230 147 23 26 0.023723932 
624 57 23 26 0.023687454 
644 97 13 15 0.023679867 
124 235 12 18 0.023616794 
0 299 10 14 0.02360523 
175 141 10 13 0.02357968 
521 54 11 13 0.023579307 
41 90 17 21 0.023519766 
621 43 24 28 0.023499789 
0 443 7 12 0.023356285 
10 236 13 16 0.023352526 
204 256 18 23 0.023284353 
10 162 13 16 0.023282748 
510 171 17 21 0.023083972 
164 116 12 15 0.023076748 
574 167 12 16 0.023050405 
196 68 11 15 0.023040675 
216 243 12 17 0.022952486 
550 235 14 17 0.022952281 
80 12 10 13 0.022923922 
680 171 11 15 0.022904467 
30 273 23 29 0.022854982 
127 326 10 13 0.022853235 
46 262 20 27 0.022837693 
112 142 11 13 0.022823937 
545 132 10 13 0.022807445 
19 363 14 17 0.02274823 
514 55 102 119 0.022712946 
149 155 19 24 0.022707067 
360 449 23 29 0.022672048 
223 87 10 12 0.022662202 
838 241 12 16 0.022558564 
128 268 10 13 0.022523394 
21 332 11 16 0.0224552 
215 30 10 11 0.02242932 
226 274 14 16 0.02240777 
359 124 11 14 0.022403134 
21 379 13 18 0.022387078 
384 117 11 15 0.022300426 
0 181 13 19 0.022237908 
703 193 14 17 0.02222459 
529 63 16 19 0.022222616 
599 69 10 13 0.022221642 
174 302 10 13 0.022123441 
528 150 10 12 0.02212094 
54 636 12 13 0.022097368 
203 12 14 17 0.022070529 
133 63 10 12 0.022068165 
134 357 11 15 0.022053184 
389 557 12 17 0.022044022 
149 220 12 16 0.02204251 
144 340 12 14 0.022008799 
664 548 12 14 0.021994825 
129 28 8 11 0.021977559 
0 233 11 16 0.021965846 
57 117 10 14 0.021925138 
137 233 13 18 0.02187934 
784 148 10 12 0.021859104 
521 171 13 18 0.021851778 
611 188 13 17 0.021834806 
36 125 11 13 0.021812355 
756 85 11 14 0.021800911 
58 39 12 14 0.021798095 
278 221 12 13 0.021744689 
759 318 11 13 0.021733338 
136 447 27 31 0.021711363 
455 117 10 12 0.021681948 
594 164 14 17 0.021667307 
444 127 11 13 0.021666119 
115 122 12 15 0.021626977 
738 302 14 17 0.021602388 
17 61 12 14 0.02158418 
165 132 11 13 0.021551382 
45 377 12 19 0.021499166 
421 120 20 24 0.02149668 
733 218 13 17 0.021430898 
626 187 13 16 0.021404466 
180 220 13 16 0.021378791 
0 203 8 14 0.021352759 
210 211 12 17 0.021274034 
814 778 14 16 0.02125054 
116 260 11 15 0.021219399 
92 194 14 17 0.021216188 
231 209 13 18 0.02115839 
829 80 89 123 0.021155333 
829 785 31 30 0.02110076 
475 85 12 15 0.021099204 
676 265 13 16 0.021073518 
277 227 15 19 0.021054175 
53 82 11 13 0.021037601 
925 632 15 18 0.021029217 
162 320 21 25 0.021026399 
117 58 11 14 0.021021226 
175 44 9 12 0.020968098 
661 266 14 16 0.020889735 
204 181 12 15 0.020871978 
133 30 9 11 0.020827115 
573 120 9 12 0.020822117 
142 75 11 13 0.020816695 
1 15 9 13 0.020803198 
623 138 20 24 0.020779723 
81 98 11 15 0.020765921 
35 48 14 17 0.020703685 
262 83 11 14 0.020670386 
197 288 18 25 0.020651124 
52 10 13 15 0.02062963 
677 384 17 22 0.020623596 
748 204 14 16 0.020618549 
86 447 10 14 0.020615332 
592 50 12 15 0.02061492 
0 254 11 16 0.02060384 
60 155 13 16 0.020596558 
469 82 14 17 0.02058848 
142 122 11 14 0.020557936 
637 315 13 18 0.020548627 
662 135 11 13 0.020527301 
843 224 23 31 0.020517556 
393 159 23 25 0.020502603 
223 52 10 12 0.020474106 
578 253 16 19 0.020463565 
197 315 13 16 0.020408494 
575 42 12 15 0.020357067 
165 140 12 15 0.020334756 
414 175 13 18 0.020334385 
0 267 11 16 0.020330604 
126 261 11 15 0.02032842 
206 119 11 13 0.020316781 
385 139 13 17 0.020315463 
575 131 11 14 0.02030052 
679 287 20 26 0.02030015 
112 166 19 23 0.020285536 
55 236 11 15 0.020240434 
755 211 21 24 0.020233167 
616 405 20 25 0.020231923 
681 102 10 12 0.0202303 
488 76 10 12 0.020198824 
647 244 13 17 0.020184109 
149 105 18 22 0.020183405 
565 256 15 19 0.020180345 
278 126 13 17 0.020162458 
798 229 10 13 0.020142255 
273 171 13 17 0.020126164 
789 51 14 17 0.020099076 
766 78 11 12 0.020099048 
641 372 14 17 0.020058751 
102 223 12 15 0.020015167 
740 231 13 17 0.020005714 
