35_Basketball_basketballgame_ball_35_446
94
471 325 109 152 0.99894136 
867 847 26 33 0.80715525 
830 744 17 22 0.7862535 
791 935 22 28 0.63974035 
235 850 16 23 0.6271008 
883 811 19 25 0.6037673 
763 829 16 21 0.60085326 
796 892 29 38 0.508638 
862 779 16 21 0.5064517 
762 741 18 22 0.4764007 
863 896 26 33 0.4298323 
722 821 16 20 0.41371724 
730 874 18 23 0.39181602 
255 802 19 25 0.32194945 
316 811 18 23 0.23601294 
806 866 17 23 0.22169527 
689 868 18 22 0.20836261 
808 813 22 29 0.20601301 
927 760 17 25 0.19674101 
665 847 17 21 0.17997819 
928 915 19 24 0.16273892 
301 863 25 29 0.15326497 
203 947 263 295 0.15087871 
692 897 24 30 0.1438351 
884 952 22 26 0.13841273 
756 896 20 27 0.12792942 
723 864 21 28 0.1152962 
277 770 21 27 0.11390588 
717 776 17 23 0.104757 
801 874 28 37 0.09658485 
696 729 19 22 0.08586032 
900 988 27 36 0.085713916 
111 292 50 45 0.08165026 
822 991 27 33 0.07704787 
711 950 26 34 0.07106104 
779 781 15 18 0.068115324 
713 853 18 23 0.067051485 
818 783 18 20 0.066617586 
274 1088 31 35 0.05861132 
689 909 30 36 0.051838458 
306 739 16 19 0.050634567 
642 909 24 32 0.046686746 
745 738 16 19 0.04577877 
211 1064 41 46 0.045656014 
338 826 45 60 0.04271968 
341 843 27 38 0.042129427 
908 740 13 17 0.04087719 
823 776 22 26 0.04054554 
864 649 24 31 0.037619572 
885 850 26 35 0.037058555 
958 711 26 32 0.03668379 
130 1025 377 401 0.03394953 
809 824 24 31 0.03344218 
339 769 27 34 0.033342183 
560 557 106 164 0.03284181 
782 898 27 35 0.03245524 
747 738 25 28 0.031430144 
812 806 16 19 0.030939724 
300 744 16 18 0.03015391 
663 850 24 32 0.029853158 
498 513 47 52 0.029302321 
5 147 28 34 0.02858415 
27 499 28 32 0.027082888 
914 765 21 28 0.026317932 
330 841 27 34 0.026054526 
233 946 69 80 0.025532652 
274 780 19 23 0.025481388 
787 851 17 21 0.025090408 
477 117 99 146 0.024910877 
307 769 16 21 0.024803234 
772 869 23 28 0.024618203 
251 763 18 20 0.024436036 
228 734 24 28 0.0238959 
859 693 14 19 0.023889147 
635 954 57 70 0.023858739 
294 855 21 31 0.023816343 
780 789 17 23 0.023432469 
832 857 24 29 0.023247067 
906 770 15 20 0.023120616 
690 873 26 32 0.02222902 
878 933 25 32 0.022221642 
869 829 27 34 0.022155924 
816 836 22 27 0.021955093 
291 807 23 29 0.021898072 
780 905 17 23 0.02175598 
241 768 24 29 0.021681616 
698 856 22 28 0.02168117 
870 908 29 34 0.021607196 
875 822 18 22 0.021292282 
817 899 26 32 0.021008559 
703 1104 34 34 0.020464152 
359 844 28 37 0.020371336 
214 761 26 32 0.020359796 
824 812 23 30 0.020232994 
