35_Basketball_Basketball_35_458
21
491 29 47 64 0.99879444 
245 36 40 56 0.9911697 
743 27 40 57 0.98526025 
638 300 22 33 0.15735833 
163 137 32 39 0.12923954 
418 217 18 20 0.114258766 
588 220 24 27 0.10427005 
635 257 16 21 0.066833 
644 291 15 21 0.037885424 
500 187 27 32 0.036287248 
642 282 15 17 0.033846922 
562 115 13 19 0.03331922 
177 131 31 38 0.031018568 
609 222 19 21 0.030547053 
414 203 28 35 0.030066222 
268 96 16 21 0.0296595 
597 217 25 27 0.026194489 
48 126 23 30 0.025188088 
516 230 23 29 0.024084132 
170 155 18 26 0.021178257 
450 233 425 530 0.020236623 
