35_Basketball_basketballgame_ball_35_565
1108
786 470 25 35 0.9898066 
881 354 21 28 0.9858065 
579 423 17 23 0.985069 
533 449 16 20 0.9767641 
540 326 13 15 0.9718736 
800 427 21 28 0.9718212 
898 290 18 23 0.9614596 
517 434 15 20 0.95803785 
797 331 17 25 0.95095986 
614 343 14 18 0.94171447 
867 432 21 28 0.9384787 
828 229 12 15 0.93499994 
702 386 21 28 0.9257527 
876 459 21 29 0.9073463 
868 216 14 19 0.8970867 
963 282 18 22 0.88998973 
802 259 13 17 0.8798051 
780 384 20 25 0.8563058 
223 449 13 20 0.85291976 
404 415 12 15 0.8442501 
705 484 26 31 0.8409229 
708 314 13 16 0.81952584 
590 474 20 27 0.81765753 
315 423 15 18 0.80706215 
733 308 14 19 0.795791 
501 369 12 16 0.76537865 
443 415 12 16 0.7628879 
947 355 18 24 0.7610342 
915 255 12 15 0.75873685 
646 325 11 15 0.75481814 
172 454 16 19 0.7485441 
660 308 12 16 0.7453819 
639 224 7 10 0.7447759 
567 310 11 15 0.74070156 
784 186 10 14 0.72178894 
687 308 12 15 0.7187994 
763 250 12 16 0.70941824 
137 451 13 18 0.69589925 
519 338 12 15 0.68600726 
437 341 10 13 0.67007846 
551 434 15 19 0.6579612 
256 458 16 20 0.6524686 
792 317 13 17 0.6524087 
928 394 17 21 0.63799 
956 245 13 16 0.63350666 
847 180 10 12 0.6182028 
400 341 10 13 0.61581707 
382 409 13 18 0.59999216 
549 280 9 11 0.5991594 
722 285 12 15 0.5988672 
939 234 13 17 0.59307134 
670 327 12 14 0.5851949 
470 380 13 16 0.56504345 
856 251 13 18 0.552666 
854 194 13 16 0.524091 
605 430 16 21 0.5132608 
275 460 15 20 0.5082917 
196 455 13 18 0.50793105 
817 277 14 17 0.49853054 
650 349 12 16 0.4858123 
978 266 13 16 0.46007633 
160 390 7 9 0.45412612 
547 367 12 15 0.44316378 
204 413 9 12 0.44072008 
491 398 13 17 0.43762615 
870 468 26 34 0.42422765 
660 290 13 16 0.40841666 
828 384 17 23 0.40133655 
636 304 9 12 0.39158562 
704 247 11 15 0.385393 
382 390 13 17 0.37760434 
672 263 10 13 0.37621385 
688 491 27 39 0.36789402 
381 342 10 12 0.358545 
133 435 10 13 0.35614386 
332 374 9 11 0.35400137 
676 496 29 40 0.33089355 
70 406 10 12 0.3301605 
457 310 9 12 0.32840285 
181 368 8 10 0.32720074 
868 486 16 21 0.32627746 
868 513 22 27 0.32616445 
501 422 13 16 0.324713 
443 367 12 15 0.32386246 
842 277 12 15 0.32293126 
785 233 12 16 0.3181585 
718 251 10 12 0.31751043 
633 270 9 12 0.31396714 
515 356 12 15 0.31074032 
614 300 10 13 0.30353183 
464 349 10 13 0.28918493 
116 424 10 12 0.28397754 
424 452 12 15 0.2823158 
419 337 10 13 0.26983175 
700 349 15 18 0.26822323 
378 343 9 12 0.26681373 
910 234 12 14 0.26134256 
99 452 12 15 0.26116538 
669 369 15 23 0.25980288 
817 210 11 16 0.25803807 
293 398 10 13 0.25157905 
469 451 16 20 0.2433361 
117 391 9 12 0.24314886 
426 311 8 10 0.24310766 
386 393 13 17 0.24087726 
255 372 9 10 0.23810413 
347 583 15 16 0.2377293 
197 430 10 12 0.2374556 
425 404 12 15 0.23415814 
455 391 11 14 0.23071322 
753 293 9 13 0.2256716 
793 322 16 21 0.2183972 
388 449 14 18 0.21767302 
480 422 12 15 0.21550193 
799 290 13 16 0.21295437 
189 414 8 11 0.21140246 
486 366 12 14 0.21044883 
309 451 15 19 0.21014501 
670 299 12 15 0.20908713 
306 465 15 19 0.20645736 
756 300 10 14 0.20272243 
760 465 16 21 0.198778 
494 325 10 14 0.19731458 
339 358 8 11 0.19542724 
550 343 11 14 0.19042677 
662 256 8 11 0.18179226 
879 173 9 11 0.18112575 
870 443 23 30 0.17797138 
663 231 10 11 0.1769174 
565 349 11 14 0.17512378 
470 294 8 10 0.17290546 
729 478 22 33 0.17040865 
979 147 11 13 0.1689536 
939 484 16 19 0.16787936 
529 294 9 10 0.16680548 
240 396 9 11 0.1663622 
778 266 13 15 0.1648428 
820 207 11 14 0.16452004 
14 389 8 11 0.16358554 
889 250 11 15 0.16208892 
680 349 12 14 0.16204843 
830 372 15 17 0.1606236 
844 314 15 19 0.15898146 
752 445 13 17 0.15801752 
264 457 19 24 0.15698878 
463 343 10 13 0.15648869 
1 416 8 12 0.15077738 
352 326 7 10 0.15016548 
469 356 9 11 0.15011612 
313 351 8 10 0.15002859 
774 443 15 18 0.14994977 
335 446 20 25 0.14982116 
129 430 11 14 0.14955537 
532 252 9 11 0.14864622 
461 316 9 12 0.14856645 
87 404 10 11 0.14791523 
408 289 7 9 0.14727205 
719 485 25 34 0.145832 
238 411 9 13 0.14402357 
566 340 10 13 0.14383602 
747 360 15 20 0.14345507 
750 287 10 12 0.14171585 
680 253 10 12 0.13953383 
200 407 11 14 0.13914196 
688 271 11 13 0.13712415 
198 381 8 10 0.1363892 
245 384 9 10 0.13634859 
850 435 15 20 0.13616028 
529 249 10 11 0.13524885 
708 249 12 15 0.13155507 
489 357 11 13 0.13140276 
669 230 9 11 0.13053057 
698 325 11 14 0.13022463 
184 388 8 10 0.12907128 
157 441 14 16 0.12837018 
619 397 14 17 0.12804188 
616 279 8 11 0.12626837 
198 376 8 10 0.12612253 
38 433 9 11 0.124044314 
494 411 14 17 0.123881474 
394 482 13 18 0.12338014 
703 208 8 10 0.1233097 
1009 195 9 13 0.12313816 
278 372 8 11 0.121971846 
447 287 8 10 0.12115402 
352 352 8 10 0.11953375 
916 162 12 15 0.11945329 
656 267 9 13 0.11906795 
70 436 10 11 0.11894144 
407 387 12 16 0.1186283 
216 429 11 13 0.118251786 
503 255 8 9 0.11817386 
391 308 8 11 0.118046075 
414 311 9 11 0.11574206 
657 237 10 12 0.11535102 
101 439 9 12 0.115177296 
182 374 8 9 0.11423379 
724 280 10 13 0.11398976 
425 315 11 14 0.1138282 
834 379 13 17 0.11293654 
83 491 13 18 0.112409174 
702 380 15 19 0.111979485 
112 395 9 11 0.11195075 
572 350 9 12 0.11154205 
685 230 10 12 0.11071627 
56 400 8 10 0.10856693 
237 472 15 22 0.10824164 
377 326 8 9 0.10740771 
612 308 11 15 0.106677204 
15 415 10 12 0.106113955 
960 249 15 17 0.10579355 
751 189 9 11 0.105761185 
976 197 11 13 0.105555214 
545 283 8 11 0.10490279 
992 199 10 12 0.10471805 
735 469 20 29 0.104655825 
501 301 11 14 0.10253906 
322 333 8 10 0.10217426 
76 404 10 12 0.101984985 
664 224 9 11 0.10193669 
494 366 13 16 0.10104534 
55 406 9 11 0.10062052 
661 278 11 14 0.10059271 
512 283 9 11 0.10028377 
65 407 8 11 0.100154266 
607 259 10 14 0.09937786 
1004 140 15 18 0.09901209 
495 255 8 11 0.09879903 
685 450 19 25 0.09855308 
596 388 13 16 0.09843536 
770 468 25 32 0.09818314 
523 335 11 14 0.097963095 
619 294 13 15 0.097784266 
886 262 11 15 0.09738351 
605 396 12 15 0.09726681 
993 203 12 15 0.09724146 
249 408 9 12 0.097060174 
318 366 8 10 0.096849054 
657 262 9 13 0.09675388 
617 230 9 11 0.09608014 
280 464 15 19 0.09540221 
335 365 11 13 0.0942015 
358 373 11 14 0.09395026 
632 307 10 14 0.09372251 
780 343 16 20 0.09361527 
931 283 15 20 0.09304399 
595 342 11 14 0.09293537 
469 286 8 11 0.09211255 
592 346 12 16 0.09170588 
61 422 9 11 0.091310136 
681 220 9 12 0.091145426 
215 380 8 11 0.09112905 
502 296 9 11 0.09104119 
998 291 13 18 0.08965297 
612 316 11 14 0.08915073 
582 268 10 11 0.08909381 
926 245 10 13 0.08903094 
357 379 11 14 0.088029414 
574 334 9 13 0.08737789 
669 461 17 23 0.087120734 
389 489 14 21 0.086284675 
509 363 12 16 0.08580588 
685 217 8 10 0.08505929 
787 214 12 15 0.08468464 
56 412 9 11 0.08414676 
772 546 25 29 0.08404452 
694 349 14 17 0.0836317 
365 402 13 17 0.083143644 
947 238 13 16 0.08235218 
511 352 11 13 0.08227151 
662 370 15 21 0.081748724 
481 295 8 11 0.07893148 
192 429 9 13 0.07878267 
341 364 10 12 0.07869972 
775 533 25 30 0.078439236 
606 334 11 14 0.07833492 
361 333 9 10 0.07825202 
866 410 14 18 0.07823019 
917 231 10 13 0.07815731 
359 357 8 10 0.07731938 
906 427 17 21 0.077032305 
698 139 15 21 0.076365694 
279 368 8 11 0.076317415 
405 511 25 29 0.07630502 
440 460 12 15 0.07577414 
71 401 10 12 0.07548726 
311 367 9 11 0.07526375 
235 458 14 17 0.07472359 
953 206 10 12 0.0741804 
385 304 8 10 0.07409776 
176 388 8 10 0.073912285 
353 321 8 10 0.073682144 
385 404 14 19 0.07347553 
319 358 8 9 0.07346462 
110 446 9 12 0.07319494 
346 443 15 21 0.07280686 
432 285 7 10 0.0727433 
351 374 11 14 0.072378784 
565 294 9 11 0.07200272 
666 305 12 16 0.07100026 
295 367 8 10 0.07086712 
63 412 9 12 0.07079261 
777 448 17 21 0.070787154 
623 254 9 11 0.07045908 
782 218 13 16 0.0700928 
577 264 9 12 0.06988696 
948 155 11 13 0.06963013 
142 474 14 18 0.06939785 
438 469 12 17 0.0693952 
718 345 12 15 0.06937781 
448 350 10 13 0.06855475 
848 186 12 16 0.0684513 
335 570 12 18 0.06839358 
787 184 10 12 0.06831207 
297 335 7 8 0.06789324 
878 236 11 15 0.06779332 
287 343 7 10 0.06772531 
700 290 11 14 0.06771765 
995 282 13 19 0.0675263 
512 256 7 8 0.06746067 
244 388 10 13 0.06740412 
926 292 13 18 0.06737701 
191 389 8 11 0.06711398 
447 324 8 11 0.06693712 
525 423 12 15 0.0667267 
676 459 15 21 0.06607381 
227 453 15 19 0.0660586 
526 317 10 12 0.065628424 
692 315 12 15 0.065609515 
831 213 10 13 0.06548159 
243 467 13 18 0.06538732 
453 442 13 19 0.06509945 
391 279 8 9 0.064958245 
274 374 8 10 0.06467639 
312 374 10 12 0.064468324 
849 194 12 15 0.06395268 
495 280 9 11 0.063769944 
495 261 8 10 0.063646644 
868 419 15 19 0.06341045 
568 336 11 12 0.063177474 
674 267 12 14 0.06298437 
906 438 16 21 0.062957875 
925 334 16 19 0.06282482 
402 232 7 9 0.062325437 
334 326 8 9 0.061972406 
264 336 7 9 0.06155959 
337 304 7 9 0.06125044 
536 287 8 11 0.061203126 
433 303 8 9 0.06093468 
184 429 11 13 0.06076458 
233 408 9 12 0.060740035 
663 503 30 42 0.060456734 
185 421 10 12 0.060138218 
1014 275 11 16 0.05984106 
957 206 10 12 0.059614077 
477 467 14 19 0.059534527 
444 426 13 17 0.059370626 
142 390 8 10 0.059309997 
536 270 9 11 0.05871641 
455 294 7 9 0.057892907 
324 447 22 26 0.057526227 
522 428 15 19 0.057464115 
355 411 12 16 0.05742785 
422 372 12 14 0.05734813 
472 310 9 13 0.05701543 
391 340 9 11 0.05692711 
328 326 7 11 0.056805845 
816 432 16 19 0.056682948 
504 285 9 10 0.056631915 
216 590 27 32 0.056548875 
305 367 8 10 0.056087118 
699 488 19 26 0.055896115 
88 392 8 9 0.055830635 
716 296 14 17 0.055812437 
950 292 13 18 0.055625577 
417 294 8 10 0.055564187 
343 303 7 9 0.055497993 
622 309 11 13 0.055471726 
588 228 11 14 0.05529787 
369 303 8 9 0.055194423 
599 433 15 19 0.055188093 
453 350 11 13 0.05448851 
167 389 8 10 0.05405818 
802 285 13 16 0.053895716 
55 439 7 10 0.053792655 
441 247 7 9 0.05370806 
820 289 13 16 0.05361215 
28 399 10 11 0.053548045 
591 221 10 13 0.053524632 
599 219 10 14 0.05329852 
247 344 8 8 0.05328518 
541 347 12 15 0.053193357 
516 348 12 15 0.053072415 
561 293 8 11 0.05280765 
820 472 16 23 0.05279597 
477 278 8 10 0.05275878 
490 254 9 11 0.052675154 
815 237 9 12 0.052666347 
749 447 20 26 0.052507557 
151 407 9 11 0.052473266 
591 302 11 12 0.05217773 
297 381 9 11 0.052057248 
871 508 15 18 0.05191851 
684 355 12 16 0.05179538 
462 303 8 10 0.05165621 
313 455 16 20 0.051458877 
561 355 12 15 0.051388696 
216 406 8 11 0.051226478 
618 406 17 23 0.051099773 
792 292 12 16 0.05104363 
192 384 8 10 0.05101703 
826 394 18 23 0.05069298 
101 472 10 13 0.05051328 
67 508 9 13 0.0501552 
241 344 7 9 0.050125312 
252 411 10 12 0.049920447 
574 550 11 14 0.04988328 
378 491 22 28 0.04987899 
288 402 11 13 0.049854137 
641 401 16 22 0.049747545 
387 520 18 20 0.049730726 
606 324 11 14 0.049481444 
748 461 21 29 0.049220286 
136 390 9 10 0.04914779 
415 289 6 9 0.049133588 
731 493 23 32 0.04909745 
992 392 21 30 0.04909713 
497 235 8 11 0.049070567 
296 374 8 11 0.0490354 
406 216 9 11 0.049028482 
727 224 9 12 0.048786387 
7 420 9 11 0.04877773 
742 214 10 12 0.048771914 
794 311 15 18 0.04873675 
455 405 12 15 0.048734017 
152 436 14 17 0.048665576 
191 407 8 12 0.048625972 
488 351 11 13 0.048224878 
397 470 12 18 0.048187096 
273 367 7 10 0.04818477 
429 372 12 15 0.04813017 
259 470 13 18 0.04804159 
712 278 9 12 0.047959875 
568 264 8 11 0.047678348 
710 300 13 15 0.047545422 
638 332 11 15 0.047478613 
451 410 14 17 0.047099747 
375 393 15 19 0.046712928 
796 217 13 16 0.046646137 
358 320 7 9 0.04664491 
754 329 15 17 0.046644144 
432 272 7 8 0.04662786 
431 279 8 11 0.046602223 
454 383 11 13 0.046367504 
700 493 30 41 0.046292134 
465 263 7 10 0.046134293 
525 312 10 12 0.046077125 
508 427 14 19 0.045962323 
275 443 13 16 0.045946095 
327 398 10 13 0.045846943 
760 473 20 29 0.04583763 
50 405 7 10 0.04576808 
742 473 20 31 0.04569235 
805 438 24 28 0.045618903 
881 262 11 15 0.045609523 
457 305 8 9 0.04557893 
358 405 12 16 0.045510277 
184 407 9 11 0.045331985 
296 358 9 10 0.045331813 
360 327 7 10 0.045248374 
265 359 7 10 0.04520132 
937 389 16 19 0.045137804 
775 392 17 21 0.045092855 
242 335 6 9 0.045081507 
641 324 11 15 0.045022808 
991 277 12 16 0.044938713 
249 351 9 9 0.044920735 
886 463 20 26 0.044905238 
476 612 33 37 0.04489781 
348 366 10 12 0.04489016 
988 442 20 22 0.044810027 
199 359 7 8 0.04461433 
402 215 8 11 0.04454389 
475 339 12 14 0.044542708 
361 366 10 14 0.04420875 
449 292 8 10 0.04419504 
638 387 13 15 0.04417942 
192 398 9 10 0.04412718 
600 262 9 13 0.04403302 
409 311 9 11 0.044028442 
580 334 11 13 0.04401444 
303 374 9 11 0.043994278 
868 489 25 30 0.04389358 
685 395 11 16 0.043861434 
922 504 18 23 0.043745518 
376 320 8 10 0.04364749 
750 280 10 13 0.04355332 
552 241 7 8 0.043546844 
496 270 8 9 0.043503806 
823 222 13 16 0.043492895 
1005 306 13 16 0.043458395 
686 344 11 14 0.04340918 
671 245 9 11 0.043232918 
788 450 12 17 0.043211468 
135 384 8 9 0.04317497 
451 434 14 18 0.043038376 
914 402 15 20 0.042908706 
750 218 10 14 0.042895854 
384 357 9 12 0.04288827 
858 269 12 15 0.042855732 
990 331 12 16 0.042832173 
303 335 7 9 0.04276313 
381 383 12 15 0.042648524 
491 524 14 19 0.042590924 
1012 192 10 13 0.042557582 
177 374 8 9 0.042491928 
345 327 8 9 0.042401846 
470 341 10 13 0.041945066 
111 384 8 9 0.041941576 
680 228 10 13 0.04183846 
118 492 12 15 0.041809186 
199 434 10 13 0.041749112 
344 334 7 9 0.041719325 
232 345 7 9 0.041678984 
646 509 10 14 0.04155825 
884 237 11 14 0.041405134 
317 351 8 10 0.04113367 
39 416 9 11 0.041109234 
380 348 10 12 0.04094057 
214 344 6 9 0.040938634 
479 373 11 14 0.04086178 
193 352 6 9 0.040695056 
374 309 8 10 0.04053859 
423 239 8 9 0.040511925 
273 319 6 8 0.04046945 
692 488 17 25 0.040412694 
611 416 16 23 0.040354975 
167 367 7 9 0.040296476 
491 503 12 16 0.04027627 
725 299 13 17 0.04015453 
190 422 9 12 0.04014621 
248 357 9 10 0.04009202 
796 393 15 20 0.039901074 
661 269 12 14 0.03988442 
247 428 13 15 0.039868526 
1002 401 17 23 0.03982083 
624 261 8 12 0.039809894 
190 435 10 13 0.039703738 
535 302 9 11 0.03963719 
669 237 9 12 0.039535444 
828 355 13 17 0.03949576 
119 384 9 11 0.0394637 
1006 221 10 13 0.039444093 
613 322 12 14 0.039433923 
558 362 12 16 0.03931414 
127 383 8 9 0.03921797 
256 556 26 33 0.039147988 
464 373 12 13 0.039079595 
526 529 54 59 0.039038442 
437 303 8 9 0.03898584 
460 389 12 14 0.038835436 
1001 362 12 17 0.038818303 
374 304 7 10 0.038798034 
905 483 15 21 0.038785037 
551 507 13 15 0.038563542 
698 207 8 11 0.0385263 
424 322 10 13 0.038453624 
934 487 16 22 0.038435213 
34 436 10 13 0.038308937 
29 405 9 10 0.038307235 
336 352 8 11 0.0382902 
462 444 13 18 0.038273755 
808 332 15 20 0.038183283 
745 284 11 13 0.03817369 
311 311 7 9 0.038166378 
163 442 14 17 0.038068213 
611 336 13 17 0.03801601 
209 351 6 9 0.03801132 
517 284 8 11 0.03795079 
210 344 7 10 0.03791199 
700 331 11 13 0.037829272 
788 519 17 23 0.03780863 
992 377 17 21 0.037676238 
735 229 10 14 0.037675485 
62 400 9 10 0.037613917 
65 438 9 12 0.037588328 
481 367 11 12 0.03757127 
302 381 8 11 0.037562802 
623 278 8 12 0.0375004 
750 348 15 18 0.03736781 
762 539 25 29 0.03731475 
424 246 9 11 0.037122354 
814 271 13 15 0.03706963 
472 280 9 10 0.037048195 
257 336 7 8 0.036904693 
292 441 13 16 0.036860723 
630 294 10 14 0.03685805 
423 418 13 15 0.036856093 
668 274 12 14 0.036784254 
333 379 10 12 0.036714703 
689 445 17 19 0.03666477 
513 260 8 10 0.03662979 
446 269 8 9 0.036588855 
775 454 23 27 0.036493775 
535 263 8 10 0.036381215 
595 403 16 19 0.036348037 
808 471 22 28 0.036322568 
446 264 7 10 0.036304906 
497 403 14 17 0.03615576 
980 203 12 14 0.036148284 
353 280 7 9 0.036129657 
205 436 10 12 0.03610488 
953 355 22 29 0.03609378 
326 332 7 10 0.036047306 
744 218 10 14 0.035960834 
705 310 13 16 0.035815563 
533 385 13 15 0.035770908 
572 216 9 11 0.035703532 
199 422 11 13 0.035550036 
254 344 7 8 0.035486676 
384 337 9 11 0.035453465 
382 325 8 10 0.03541583 
612 260 10 13 0.035391442 
402 475 14 18 0.035354696 
409 272 7 9 0.035275485 
518 255 8 9 0.035189014 
281 358 8 10 0.03514529 
908 418 16 20 0.034978367 
995 210 13 15 0.034821074 
215 352 7 8 0.034773912 
296 327 9 11 0.034745578 
927 275 13 17 0.03467357 
366 328 8 10 0.034562264 
137 493 11 15 0.03451863 
738 213 9 12 0.034464758 
655 371 14 18 0.03445498 
532 541 33 32 0.034440674 
423 303 8 10 0.03433977 
696 135 12 15 0.034277283 
543 247 9 11 0.034169614 
432 348 11 13 0.03409496 
910 246 12 15 0.034093656 
576 244 9 11 0.03409245 
401 288 7 10 0.034086842 
20 413 10 12 0.034066845 
296 320 7 9 0.034006704 
663 245 9 11 0.033834938 
231 349 7 9 0.033806194 
281 352 7 9 0.033768978 
376 335 9 11 0.03371674 
966 151 11 13 0.033689033 
137 476 11 16 0.033612907 
637 263 9 12 0.033557314 
238 478 21 30 0.03354656 
160 359 7 9 0.03353525 
797 559 26 34 0.03350381 
947 407 15 19 0.033499412 
631 264 9 12 0.03347659 
441 240 7 9 0.03343184 
440 269 8 10 0.033419393 
465 280 7 10 0.03336073 
757 276 10 14 0.033345282 
442 317 9 12 0.03333559 
316 381 9 10 0.033311173 
949 322 15 20 0.03324593 
225 352 7 9 0.033226144 
501 231 9 11 0.03321505 
713 477 18 24 0.033203073 
399 386 12 18 0.033166897 
488 248 8 9 0.033078443 
369 309 8 10 0.03307607 
647 513 12 17 0.032964557 
724 247 11 13 0.032853045 
401 293 8 10 0.03284933 
386 309 8 10 0.032835335 
600 333 11 13 0.03278141 
471 300 9 11 0.032739446 
1012 280 13 20 0.032695252 
428 429 11 15 0.032689396 
754 339 14 18 0.032594178 
209 381 8 11 0.03243702 
614 255 9 12 0.032436132 
551 273 9 10 0.032400675 
714 309 13 16 0.032327484 
418 302 8 10 0.032257237 
351 406 12 16 0.032212354 
151 398 8 9 0.032211203 
413 371 13 16 0.032194328 
254 358 8 10 0.032172665 
244 398 9 10 0.032171622 
327 457 22 27 0.03216191 
199 367 7 10 0.032132976 
439 296 7 9 0.03206119 
463 323 9 12 0.031993955 
970 273 16 21 0.03198123 
193 358 7 9 0.031938974 
902 448 16 20 0.031933445 
1001 299 14 19 0.03190844 
360 342 9 10 0.031900916 
25 406 9 11 0.031895652 
441 287 7 9 0.03182729 
93 398 8 11 0.03182409 
829 206 10 13 0.031703915 
801 325 18 25 0.031644102 
903 206 9 13 0.031581454 
147 470 15 20 0.031574164 
639 317 10 14 0.031526364 
564 363 11 15 0.031385176 
205 419 10 12 0.03137298 
479 299 9 12 0.031291045 
312 344 7 9 0.031273346 
681 306 12 16 0.031211106 
593 394 12 17 0.03114967 
179 464 15 19 0.031138025 
477 347 11 14 0.031022497 
198 389 9 10 0.031020345 
957 466 14 17 0.03101983 
384 278 8 11 0.030934049 
478 224 8 10 0.030927747 
909 214 9 12 0.030872013 
366 357 9 10 0.030869335 
38 375 11 11 0.030832678 
778 183 9 12 0.030829309 
385 556 27 29 0.030814802 
803 387 12 16 0.030809276 
904 212 10 13 0.030807357 
424 271 7 9 0.030731712 
931 460 12 16 0.03072659 
965 501 10 13 0.03064309 
873 213 14 17 0.030618811 
321 294 7 9 0.03061495 
474 384 13 17 0.03056244 
135 411 10 12 0.03055534 
139 501 14 17 0.030531058 
220 421 11 13 0.030492144 
412 380 14 16 0.030488182 
685 491 13 19 0.03043366 
142 384 9 11 0.030428043 
572 504 11 13 0.030331578 
823 370 15 18 0.030329017 
966 205 10 13 0.030207884 
48 415 7 11 0.030170606 
441 264 7 10 0.030100226 
328 304 7 9 0.030055115 
411 476 14 16 0.030045994 
1000 219 10 13 0.030041846 
383 321 8 10 0.03001966 
430 231 9 10 0.02996108 
47 422 8 10 0.029910082 
366 296 7 10 0.02990548 
811 287 15 19 0.029894823 
217 358 8 9 0.029850615 
543 355 11 14 0.029754996 
296 303 6 8 0.029751895 
329 310 7 9 0.02973125 
1013 340 10 15 0.029629696 
488 231 9 10 0.02962221 
652 361 15 20 0.029560236 
345 -46 229 219 0.029516751 
526 323 11 14 0.02944892 
657 300 12 17 0.029427174 
665 217 8 10 0.02929904 
781 524 23 29 0.029290525 
458 394 12 15 0.029239347 
954 348 16 24 0.029212167 
571 302 11 14 0.02920205 
174 429 10 12 0.029181711 
102 408 9 10 0.029169966 
834 234 12 15 0.02914271 
634 463 17 22 0.029133659 
449 417 16 20 0.029049696 
600 325 12 14 0.028863542 
483 475 13 17 0.028607428 
398 304 8 9 0.028600141 
522 309 9 12 0.028521273 
610 435 17 23 0.028405972 
208 368 7 9 0.028404452 
364 371 11 13 0.02834077 
299 397 11 13 0.028194131 
712 238 9 12 0.028154919 
670 224 9 11 0.028072009 
169 384 9 10 0.027995931 
494 525 25 31 0.02799209 
104 397 8 11 0.027970325 
988 268 12 17 0.027911996 
998 254 12 15 0.027879113 
153 391 8 10 0.02786536 
298 496 22 30 0.027859414 
422 295 7 10 0.02783426 
607 247 9 9 0.02781069 
589 285 9 12 0.02775142 
669 357 12 18 0.027733069 
428 324 10 12 0.027716313 
184 361 7 9 0.027713656 
592 263 8 12 0.02769944 
351 263 7 9 0.027671881 
245 459 13 18 0.027648425 
760 450 22 27 0.027621055 
693 230 9 12 0.02755492 
802 316 14 16 0.027522855 
271 381 7 10 0.027498446 
999 267 11 14 0.027479496 
504 279 8 11 0.02747543 
665 325 11 13 0.027468039 
573 472 25 30 0.027463939 
194 375 8 10 0.027433783 
442 252 7 10 0.027376888 
600 245 8 10 0.027331084 
248 368 8 10 0.027272783 
54 429 9 12 0.027263852 
635 217 18 24 0.027235286 
536 279 9 10 0.027215524 
449 310 9 11 0.027083348 
443 475 12 16 0.027072659 
438 310 8 11 0.027037712 
790 298 13 17 0.026970858 
603 402 14 18 0.026942464 
710 342 12 15 0.026851906 
449 394 11 15 0.026837936 
545 274 18 22 0.02672155 
980 270 14 19 0.02671877 
143 374 8 9 0.026711186 
631 247 9 11 0.026576797 
341 499 23 30 0.026500912 
427 457 13 15 0.02648619 
405 348 10 12 0.026461352 
605 221 8 12 0.02643638 
183 435 12 14 0.026429862 
168 420 10 12 0.026414676 
477 246 8 10 0.026392872 
947 473 16 20 0.026389165 
566 371 11 16 0.026380388 
835 213 13 16 0.02637116 
472 335 10 13 0.026355978 
433 337 18 22 0.026339967 
926 140 100 129 0.026270568 
910 409 15 20 0.026214113 
988 158 10 12 0.026131501 
827 282 11 15 0.0261208 
629 466 16 22 0.026119353 
972 316 12 16 0.026060324 
829 300 12 17 0.025998402 
679 314 12 14 0.025997082 
813 382 23 28 0.025990464 
498 307 9 12 0.025976993 
526 300 10 13 0.025955731 
894 276 13 16 0.025903419 
711 215 8 10 0.025874685 
668 453 15 20 0.025804551 
639 506 23 30 0.025798528 
371 427 15 18 0.025793932 
179 444 15 18 0.025785021 
223 413 10 13 0.025751533 
1000 261 11 14 0.025733989 
69 442 11 15 0.025661394 
697 287 10 13 0.025656994 
48 430 9 12 0.025614165 
380 507 24 27 0.025589492 
63 382 9 11 0.025560547 
767 284 12 15 0.025486922 
931 495 15 22 0.025485441 
295 296 7 9 0.025484893 
599 239 8 11 0.025477031 
905 236 11 14 0.025453862 
207 390 8 10 0.025442006 
795 409 15 18 0.025345927 
730 441 17 20 0.025328945 
549 333 10 13 0.025250122 
189 444 12 16 0.025229828 
416 272 7 9 0.025229307 
917 150 10 12 0.025213264 
198 399 9 11 0.025185747 
632 331 12 16 0.02515154 
556 277 9 12 0.025131121 
848 259 11 13 0.02511867 
511 394 11 15 0.025100483 
374 400 17 23 0.025072776 
558 342 10 14 0.024990473 
461 456 15 18 0.024927188 
983 332 12 17 0.024842696 
240 359 8 10 0.02484092 
208 375 8 11 0.024834858 
636 274 10 13 0.024806026 
161 367 7 9 0.024796253 
287 367 8 10 0.024789043 
241 367 7 9 0.024781838 
935 189 103 127 0.024765098 
233 529 27 29 0.024753297 
214 433 12 15 0.024628753 
815 230 10 14 0.024608554 
831 259 11 14 0.02460522 
628 505 24 35 0.02459471 
445 452 12 16 0.024575295 
135 397 9 11 0.024469834 
604 421 15 20 0.024469271 
363 296 6 8 0.024355102 
427 398 12 14 0.024352817 
263 365 8 11 0.024339609 
425 251 8 12 0.024333373 
289 304 7 8 0.024311833 
336 343 8 9 0.024259826 
580 324 12 15 0.024241144 
1011 308 12 16 0.024225334 
249 329 6 8 0.024216779 
802 295 15 18 0.024191339 
623 400 18 26 0.024171172 
367 491 24 31 0.02415964 
639 508 13 18 0.02414803 
343 295 7 9 0.02408783 
944 337 22 32 0.02407063 
781 461 23 31 0.02405798 
473 223 9 11 0.024050642 
105 391 8 10 0.024041982 
223 375 8 10 0.024006963 
151 430 13 16 0.02399713 
934 241 13 15 0.023992378 
86 411 11 12 0.023969185 
662 291 19 22 0.02393759 
493 392 13 15 0.023853773 
861 518 18 22 0.02379505 
740 230 11 14 0.023769913 
537 329 11 15 0.023744749 
765 441 21 26 0.023736455 
495 321 9 11 0.023707854 
311 441 21 26 0.023602474 
755 285 12 16 0.023593005 
712 294 11 14 0.023551218 
625 248 8 11 0.023548685 
693 390 17 23 0.023488542 
157 448 14 18 0.02345919 
691 343 13 16 0.023455132 
559 271 8 10 0.02344263 
265 382 9 11 0.023421189 
526 381 12 15 0.023416637 
558 380 11 14 0.02340975 
56 444 8 10 0.023367273 
405 358 10 12 0.023359342 
584 285 9 12 0.023339855 
279 383 8 9 0.023328835 
558 301 9 13 0.023263548 
850 320 14 18 0.023254866 
448 305 8 9 0.023238394 
740 207 10 12 0.02323657 
713 501 18 23 0.023234025 
479 482 13 17 0.023233894 
433 337 9 10 0.023229014 
520 303 9 11 0.023178328 
265 342 7 9 0.023146594 
357 587 12 15 0.023095557 
286 351 8 9 0.0230347 
855 274 11 15 0.022994589 
246 336 7 8 0.022951255 
199 406 18 23 0.02294671 
21 431 10 11 0.02294071 
421 432 14 19 0.022939818 
427 354 13 16 0.02288324 
724 339 13 16 0.022843309 
802 401 15 19 0.022778329 
675 361 15 21 0.022753939 
573 365 11 14 0.022746358 
543 271 8 10 0.022732815 
348 493 24 29 0.022722306 
411 392 13 15 0.022712093 
1008 189 18 27 0.022708004 
478 254 7 10 0.022705466 
540 311 11 12 0.022700245 
446 334 9 12 0.022636592 
894 202 12 14 0.022618182 
302 445 15 18 0.022574887 
654 313 13 16 0.022565119 
490 541 26 32 0.022519056 
503 249 8 10 0.022477005 
173 415 9 11 0.022461921 
74 325 207 230 0.022400169 
668 489 26 35 0.022398043 
989 383 16 23 0.022387125 
724 475 15 23 0.022383103 
513 333 12 15 0.022378992 
142 406 10 12 0.022341257 
621 222 8 10 0.022329101 
777 219 11 15 0.02230819 
1013 417 11 16 0.022279069 
891 257 14 18 0.022264117 
937 197 11 14 0.022214048 
186 511 19 22 0.022181 
837 196 13 15 0.022164285 
476 506 15 18 0.022136481 
714 321 13 16 0.022127768 
943 329 13 21 0.022113806 
601 390 20 25 0.02209922 
77 423 9 11 0.022064868 
55 414 21 27 0.021985795 
631 496 41 55 0.021982182 
785 321 12 16 0.021898324 
71 423 10 12 0.021825278 
477 532 10 13 0.021796772 
536 309 10 12 0.02179115 
592 208 7 9 0.021778136 
824 197 10 13 0.021756193 
396 336 18 23 0.021742882 
845 203 11 14 0.021738553 
151 350 8 10 0.02172055 
312 317 7 10 0.021712456 
918 511 17 20 0.021684347 
168 396 8 10 0.021678671 
430 470 14 17 0.021618374 
993 193 9 11 0.021615526 
879 393 13 17 0.021602005 
496 396 14 17 0.021594213 
367 287 7 9 0.021594191 
677 418 15 19 0.021589784 
782 293 11 15 0.021562062 
936 401 21 26 0.021555122 
583 236 10 12 0.021554578 
968 260 12 15 0.021549782 
822 379 17 22 0.02151984 
632 239 9 11 0.021511955 
796 383 21 26 0.021509476 
463 363 11 14 0.021492677 
316 426 23 26 0.021440037 
757 226 13 16 0.021428984 
446 240 8 9 0.021393571 
838 320 15 18 0.021370942 
129 432 19 24 0.021357965 
408 372 11 13 0.021337545 
665 285 13 16 0.021293145 
816 244 11 14 0.021288184 
541 380 12 16 0.021273319 
781 183 17 22 0.02120239 
657 249 19 25 0.021192566 
924 258 12 16 0.0211837 
225 367 7 10 0.021164928 
328 368 10 12 0.02116293 
502 272 8 10 0.021148663 
846 218 12 14 0.021118568 
310 430 15 20 0.02107218 
63 444 9 12 0.021053184 
364 432 16 22 0.021004576 
974 192 11 13 0.020981947 
163 540 15 18 0.020966385 
593 217 8 11 0.020961022 
821 245 11 14 0.020929467 
287 319 7 9 0.020919522 
188 463 15 21 0.020906804 
356 534 14 16 0.020859122 
918 292 12 17 0.020857973 
159 394 8 11 0.020851703 
113 376 7 8 0.020828817 
713 270 10 12 0.020811252 
829 218 19 23 0.020791385 
304 304 6 8 0.020769771 
621 473 14 19 0.020763984 
536 319 12 14 0.020762635 
559 246 8 10 0.020749414 
553 302 10 12 0.020742876 
609 295 10 13 0.02074167 
391 348 10 12 0.02074099 
879 434 17 22 0.020737084 
675 295 11 15 0.020699974 
621 236 10 12 0.02069979 
277 396 11 13 0.020697054 
678 142 9 12 0.02069229 
301 358 8 10 0.02068617 
974 192 20 23 0.020662613 
341 411 13 15 0.02065109 
703 300 12 15 0.020638583 
261 414 9 10 0.020633057 
343 288 8 9 0.02063133 
230 375 7 10 0.020609317 
328 287 6 9 0.020590447 
281 311 7 9 0.020586468 
204 484 16 19 0.02058534 
792 336 14 20 0.020583032 
289 336 7 9 0.020557715 
459 410 12 15 0.020551002 
278 390 9 12 0.020549143 
537 524 37 39 0.020530084 
250 465 22 28 0.02050808 
919 223 10 14 0.020482834 
153 474 16 19 0.020477695 
119 407 9 10 0.02045436 
406 232 7 9 0.020441692 
168 428 11 13 0.02043411 
728 313 13 16 0.020429717 
326 434 24 29 0.02040271 
335 321 8 8 0.020367391 
561 308 10 15 0.02032524 
375 354 9 12 0.020314584 
241 375 8 10 0.020311885 
143 368 7 9 0.020300386 
441 324 10 11 0.02027978 
821 298 14 18 0.020257283 
518 261 9 12 0.020238703 
227 477 19 29 0.020229753 
271 351 7 9 0.020225162 
423 304 19 24 0.020220721 
613 492 40 54 0.02022058 
576 255 9 10 0.020184834 
637 295 10 14 0.020175293 
486 482 13 17 0.02017264 
411 420 11 14 0.02017177 
111 419 19 22 0.02011929 
288 382 8 11 0.020108145 
799 422 15 19 0.020065308 
838 204 12 14 0.020065092 
617 235 9 12 0.020058347 
813 300 14 18 0.020048326 
931 472 21 26 0.02003677 
