35_Basketball_Basketball_35_393
28
181 27 258 215 0.9110066 
757 164 43 64 0.528059 
202 15 412 434 0.25615883 
783 94 49 58 0.1916308 
824 380 184 247 0.18304545 
-55 300 476 399 0.1530018 
533 677 13 17 0.08800098 
726 127 77 109 0.08480673 
271 170 400 400 0.082819395 
773 180 40 46 0.049412318 
794 197 31 37 0.04841387 
199 694 51 60 0.047398884 
813 98 37 43 0.039363146 
38 83 464 519 0.03904443 
782 97 27 42 0.034579307 
748 179 35 60 0.03185155 
56 615 23 32 0.031343203 
763 271 40 47 0.030412812 
781 266 51 75 0.028004743 
776 248 103 147 0.027163027 
140 354 366 479 0.0266215 
739 268 50 60 0.024907252 
579 684 28 32 0.024212465 
547 667 16 19 0.023581292 
690 93 92 135 0.02334474 
765 95 52 81 0.023031155 
701 109 187 235 0.0228584 
369 691 36 41 0.021520553 
