35_Basketball_Basketball_35_457
943
609 137 42 54 0.8792791 
169 401 15 18 0.5434669 
247 390 9 12 0.5428681 
184 358 9 11 0.46793112 
408 336 7 9 0.46278265 
153 296 7 9 0.4461098 
164 420 13 17 0.41572073 
940 319 12 15 0.4109774 
19 275 14 16 0.40604654 
158 367 8 11 0.39008933 
211 401 14 15 0.3883624 
377 328 7 10 0.3659084 
127 269 8 10 0.36223185 
144 334 7 8 0.34923938 
41 350 10 13 0.346145 
80 344 8 11 0.28903592 
62 431 11 15 0.27133125 
56 420 11 14 0.26399106 
87 359 8 10 0.2537923 
289 335 8 11 0.24850215 
264 303 9 11 0.24807167 
192 367 8 11 0.24102476 
359 319 8 9 0.22978346 
167 271 7 9 0.22585227 
206 386 9 13 0.2246017 
81 255 8 10 0.22237504 
49 378 11 14 0.21648204 
127 381 10 13 0.21518315 
113 270 9 11 0.20920615 
280 288 8 9 0.20856024 
56 254 9 11 0.20059079 
109 397 9 12 0.1998062 
473 320 7 8 0.19645475 
113 334 8 10 0.19442298 
183 351 9 10 0.19373095 
69 271 8 11 0.19297934 
16 390 11 14 0.1877666 
119 406 13 16 0.18424337 
182 303 7 10 0.18292603 
58 259 9 12 0.17916414 
22 199 7 9 0.17837234 
167 389 11 12 0.17502753 
60 415 11 14 0.17384997 
71 398 14 16 0.17241739 
424 349 8 9 0.1721171 
239 312 7 10 0.17032538 
87 230 7 8 0.16978815 
5 410 14 17 0.16932131 
137 286 8 10 0.16809058 
80 308 8 9 0.16771288 
22 245 7 9 0.16727877 
207 334 7 11 0.1670599 
54 248 8 9 0.16604349 
128 369 7 10 0.16547261 
507 335 7 9 0.16327335 
31 260 8 11 0.162706 
168 316 8 10 0.16043855 
184 364 10 12 0.15975325 
125 310 8 10 0.15734799 
465 368 7 9 0.15732259 
64 304 8 11 0.15562671 
127 374 9 10 0.15536004 
86 278 8 9 0.15459444 
521 328 7 9 0.15128772 
438 327 8 10 0.14961042 
885 361 9 11 0.14439051 
158 297 7 10 0.14263478 
48 247 8 9 0.1417805 
400 318 8 10 0.13562082 
337 310 7 9 0.13481319 
113 264 6 8 0.13427198 
0 350 6 11 0.13403271 
177 302 7 10 0.13363892 
37 191 7 10 0.13351822 
25 215 8 10 0.13319322 
290 328 7 9 0.1325068 
0 283 7 13 0.1322273 
113 357 9 13 0.13179418 
79 206 8 9 0.12943827 
244 367 8 11 0.12787773 
96 288 7 10 0.12716292 
81 231 7 9 0.12628156 
122 302 7 9 0.12549543 
449 391 7 9 0.12547602 
159 342 8 11 0.12430533 
25 221 8 10 0.12358303 
254 327 8 10 0.12189317 
320 336 7 8 0.12155146 
200 264 7 8 0.12105203 
40 223 7 8 0.12064636 
415 288 7 9 0.120183006 
359 325 8 11 0.119606934 
320 303 8 9 0.11942722 
118 357 9 11 0.11881296 
38 311 9 12 0.1186551 
875 489 34 39 0.11634494 
40 344 10 12 0.116249576 
469 368 7 10 0.11617637 
272 360 7 9 0.11534795 
318 320 8 10 0.11516203 
124 409 12 14 0.11456152 
374 309 8 10 0.11428933 
122 254 7 9 0.114167236 
64 276 9 12 0.11387734 
233 312 8 10 0.11376041 
156 402 12 17 0.11257887 
257 374 9 11 0.11242322 
470 351 7 9 0.11193527 
2 198 8 11 0.11192446 
94 382 8 10 0.111235306 
112 224 7 9 0.11093302 
254 272 7 8 0.11091071 
283 374 7 10 0.11052728 
118 270 8 10 0.10934939 
37 365 10 11 0.10833767 
1 414 9 14 0.10818077 
126 295 8 9 0.10782037 
311 295 7 9 0.1071841 
152 350 8 9 0.105295725 
347 452 13 15 0.10499889 
160 426 13 16 0.1039237 
305 286 7 9 0.10379603 
174 382 9 11 0.103458785 
193 311 7 9 0.103327855 
142 280 8 10 0.1029277 
57 224 7 8 0.10268066 
487 312 7 8 0.10224461 
488 341 7 9 0.10198731 
48 215 7 8 0.101462655 
134 382 8 11 0.10099232 
96 271 8 10 0.10057551 
73 233 7 8 0.10047107 
327 303 6 8 0.10028442 
207 365 9 10 0.100193545 
63 224 6 8 0.10012425 
210 360 7 9 0.09949264 
17 192 7 9 0.09817646 
7 240 8 10 0.097665146 
927 203 28 27 0.097557865 
213 359 7 9 0.097358234 
132 413 10 13 0.097122505 
513 360 7 9 0.09697488 
182 297 7 9 0.095793575 
208 312 7 9 0.0957426 
49 208 7 9 0.09564096 
241 278 7 10 0.09535273 
113 229 6 9 0.09506141 
201 303 7 9 0.09452795 
136 294 7 10 0.09434643 
441 302 7 9 0.09373828 
455 391 7 10 0.093680345 
433 312 6 8 0.093607984 
0 334 7 11 0.09352812 
97 308 8 10 0.09295769 
160 336 8 11 0.092493534 
263 343 7 9 0.092456274 
39 255 9 10 0.091789044 
142 286 7 10 0.09164561 
126 400 10 12 0.09123097 
474 385 7 8 0.090896875 
98 264 7 9 0.09084444 
166 408 15 18 0.0908261 
370 287 7 9 0.09061058 
486 361 8 9 0.08967847 
263 279 7 9 0.08911771 
201 381 11 14 0.08886641 
434 328 8 9 0.08872907 
32 366 8 10 0.08860793 
482 359 8 9 0.08793941 
11 356 8 11 0.087314874 
1 279 8 13 0.08638243 
23 206 7 9 0.08622184 
35 316 10 12 0.0861423 
440 359 8 9 0.08588308 
70 382 9 11 0.08571974 
118 335 7 10 0.084652804 
446 287 8 8 0.084127456 
393 352 7 8 0.08408162 
319 326 7 9 0.08397981 
31 221 7 9 0.083856195 
199 374 8 10 0.08370236 
184 412 11 14 0.083541214 
434 391 7 10 0.08262312 
449 374 8 11 0.08251854 
438 391 7 10 0.08219508 
528 350 8 10 0.081897944 
337 304 7 9 0.081553556 
191 273 6 8 0.08131591 
38 327 8 9 0.08116173 
432 383 6 9 0.0802465 
312 341 7 9 0.08022414 
246 374 8 11 0.08010865 
79 201 7 9 0.07905525 
889 545 13 16 0.078622036 
424 318 6 8 0.07844897 
527 397 7 9 0.07841162 
177 296 7 9 0.07838306 
48 241 6 8 0.078306034 
230 293 8 11 0.078141324 
328 357 8 10 0.07798237 
57 214 6 8 0.07778722 
111 274 10 13 0.07769941 
215 312 7 10 0.077587105 
224 287 7 9 0.077390775 
498 352 6 8 0.0771002 
328 285 6 9 0.077054754 
447 303 6 7 0.0770117 
29 216 7 10 0.076481745 
442 298 6 8 0.076373994 
152 269 7 9 0.07615493 
377 367 7 9 0.07566856 
416 304 7 9 0.07564981 
441 321 6 8 0.07505869 
379 350 7 10 0.074941404 
375 304 7 10 0.07488634 
478 384 7 9 0.07427109 
81 248 8 9 0.0741696 
201 317 8 11 0.073698126 
368 343 8 10 0.07338143 
413 423 8 10 0.07320037 
21 396 10 13 0.07317726 
343 303 8 10 0.0729229 
422 382 8 10 0.072661094 
128 225 7 8 0.07213972 
448 321 6 7 0.07189223 
145 295 8 11 0.07184082 
207 316 8 10 0.071786076 
490 399 7 8 0.07170396 
313 326 7 10 0.07169209 
28 278 10 13 0.07156157 
225 303 8 9 0.071518615 
30 283 10 13 0.07093329 
46 355 9 11 0.07078289 
74 207 6 9 0.07052599 
54 318 9 11 0.07023118 
217 279 7 9 0.069928534 
162 271 7 9 0.06972348 
423 312 6 9 0.0696556 
487 365 8 10 0.069578215 
87 272 7 10 0.06945839 
56 426 12 16 0.06930745 
497 328 6 8 0.06914137 
138 281 8 10 0.06889491 
313 337 6 8 0.06868459 
409 407 9 13 0.068375334 
417 310 8 9 0.068249844 
382 352 7 9 0.06797112 
247 319 7 9 0.067887105 
119 352 9 11 0.06781463 
422 375 8 10 0.067759626 
232 289 7 9 0.066894144 
239 273 7 8 0.06673305 
466 351 7 9 0.066669546 
145 301 8 9 0.06655189 
97 224 7 9 0.06653554 
88 287 9 10 0.066483125 
96 377 8 10 0.06639181 
8 223 7 10 0.06637393 
96 304 7 10 0.06635485 
328 336 6 8 0.066059075 
519 391 8 9 0.06554395 
64 209 7 8 0.06547071 
255 334 7 10 0.06523482 
112 341 8 11 0.0651988 
208 296 7 9 0.06501405 
239 406 11 15 0.064833656 
257 256 7 8 0.06476836 
310 288 7 9 0.06457161 
184 309 7 9 0.0642939 
128 248 7 9 0.06422473 
169 385 10 12 0.06381705 
503 401 7 9 0.063518144 
432 295 6 8 0.06338667 
56 209 7 9 0.06334088 
355 319 7 9 0.063246086 
506 304 7 8 0.06314093 
916 311 14 17 0.06293892 
40 333 8 10 0.06268102 
417 350 7 10 0.062665425 
152 358 9 11 0.06252652 
352 311 7 9 0.062390037 
321 279 7 10 0.062379405 
80 292 7 11 0.06219343 
318 310 8 9 0.06214807 
5 276 9 13 0.06205734 
118 364 9 12 0.0619652 
479 303 7 8 0.06193451 
16 223 7 9 0.061398808 
270 309 7 9 0.06128462 
306 342 6 8 0.061195873 
293 335 7 10 0.061109506 
278 279 7 9 0.060960382 
322 351 7 10 0.060889505 
214 391 10 13 0.060888417 
121 390 9 11 0.06076522 
121 249 8 9 0.060621496 
0 254 6 12 0.060304224 
170 302 7 8 0.060123987 
199 287 6 9 0.059952844 
954 303 9 11 0.059115577 
376 295 7 8 0.058782153 
175 337 8 9 0.05872063 
498 319 5 7 0.058037937 
512 383 8 9 0.057999 
374 288 7 8 0.05799857 
481 353 7 8 0.057801537 
218 430 9 12 0.05774444 
136 247 6 9 0.05774191 
39 231 7 9 0.057538357 
535 382 7 9 0.057170197 
398 351 7 8 0.057148494 
314 303 7 9 0.057146657 
455 335 7 9 0.05703635 
1011 444 10 14 0.056996487 
141 357 9 11 0.05691942 
112 350 8 11 0.056863442 
199 369 8 9 0.056652837 
56 396 9 12 0.056651775 
315 311 6 8 0.056564413 
230 412 10 13 0.056401327 
111 209 6 8 0.05627057 
433 332 9 10 0.056149703 
193 317 7 9 0.056144595 
239 303 7 9 0.055977754 
18 245 7 9 0.055877276 
474 303 7 8 0.05586799 
242 396 10 14 0.055854186 
110 414 12 14 0.055774793 
125 303 8 10 0.05562439 
45 343 8 11 0.05536385 
481 336 7 9 0.05533909 
201 296 6 9 0.055264752 
177 287 7 9 0.055184506 
215 317 7 9 0.055180587 
418 382 7 10 0.054923307 
82 225 6 8 0.054801058 
102 310 8 10 0.05467637 
273 272 8 9 0.054482624 
510 305 7 8 0.05439223 
422 390 7 9 0.054378394 
218 397 11 15 0.054142833 
177 374 9 12 0.05399662 
336 440 12 15 0.053836625 
382 367 7 9 0.0538213 
136 349 10 13 0.0535278 
118 399 11 12 0.05348176 
34 295 10 11 0.05344432 
46 311 8 10 0.053396158 
247 280 7 8 0.053269655 
181 371 10 12 0.053077947 
122 297 8 10 0.052908085 
256 280 7 8 0.052768648 
522 333 7 9 0.052631732 
224 310 9 10 0.05253284 
169 256 7 9 0.05247564 
260 379 9 12 0.05244828 
142 342 10 11 0.05237501 
422 304 6 8 0.05230453 
209 420 10 13 0.052231133 
457 342 7 10 0.05222014 
96 239 6 9 0.052008238 
240 350 7 9 0.05198264 
256 352 8 10 0.05188301 
110 405 11 14 0.05185863 
221 411 13 15 0.051716477 
126 253 8 9 0.05163351 
168 337 8 10 0.051494617 
191 277 6 9 0.051363256 
64 214 7 8 0.051087152 
73 349 8 10 0.051008612 
218 403 13 15 0.050958894 
77 392 11 12 0.050923984 
65 230 6 9 0.050873037 
200 269 8 9 0.0508352 
400 313 7 9 0.050630014 
994 328 8 10 0.05003205 
79 414 10 13 0.04981383 
42 216 7 9 0.049807288 
271 295 8 9 0.049760573 
473 389 8 10 0.049529493 
177 342 7 9 0.049522184 
212 383 9 11 0.04950064 
293 327 7 9 0.04902146 
230 358 9 11 0.048912052 
95 246 7 10 0.048787814 
113 329 8 10 0.04875171 
473 325 7 9 0.048539147 
381 374 7 10 0.048377063 
72 237 7 9 0.048255898 
92 387 11 13 0.04818449 
185 278 8 10 0.04804774 
129 229 8 10 0.048040327 
142 349 10 12 0.047865637 
337 366 8 11 0.047781825 
32 311 11 13 0.047749445 
753 220 42 37 0.047302227 
487 337 7 10 0.047000553 
456 305 6 7 0.04682082 
207 265 6 9 0.046810992 
528 344 8 10 0.046680693 
377 383 7 10 0.046677854 
87 304 8 10 0.046602286 
226 294 8 10 0.046535403 
371 304 7 9 0.046511482 
497 359 7 9 0.046498176 
471 344 7 8 0.046469696 
215 272 8 10 0.046466246 
131 405 11 15 0.046360347 
249 272 8 9 0.046343695 
70 304 8 11 0.04612422 
250 327 8 10 0.046090208 
449 327 7 10 0.045908533 
391 336 7 8 0.045888755 
369 311 7 9 0.045797475 
186 272 7 9 0.04565957 
190 346 7 9 0.04564544 
536 360 8 10 0.045385458 
264 273 6 8 0.04522836 
103 262 7 9 0.04510867 
326 352 8 10 0.04509267 
88 226 6 8 0.045089237 
210 409 15 18 0.04506066 
125 357 7 10 0.045037985 
136 240 6 8 0.04503421 
384 391 7 9 0.044818394 
183 345 8 10 0.04464839 
72 326 9 12 0.04432273 
506 340 8 10 0.044169217 
200 405 9 12 0.044122867 
503 376 7 9 0.04404374 
423 368 7 9 0.044003103 
15 168 7 9 0.04396906 
279 272 7 9 0.04356681 
247 384 9 11 0.043473937 
463 313 6 7 0.043323506 
393 319 7 9 0.043268166 
168 297 7 9 0.04320829 
463 343 7 9 0.043104306 
391 305 6 9 0.042877287 
72 332 9 11 0.04271738 
214 365 8 11 0.04263982 
32 231 8 10 0.04250259 
180 404 11 15 0.042262364 
416 343 7 10 0.04219226 
257 357 7 8 0.042006135 
326 281 7 9 0.041881844 
120 264 8 10 0.041641388 
505 311 7 9 0.041569438 
406 365 9 11 0.04151695 
457 311 6 8 0.04138997 
82 359 9 12 0.04122447 
400 288 7 9 0.041172385 
439 384 7 9 0.041106794 
167 264 7 9 0.04106173 
152 288 6 9 0.041060537 
64 200 7 8 0.040999047 
62 391 10 12 0.040944822 
256 342 8 9 0.040911302 
232 344 8 9 0.04078016 
145 271 7 9 0.040692672 
430 350 7 9 0.04059557 
1 239 8 10 0.040469427 
405 320 8 9 0.040419407 
438 397 7 9 0.04039909 
225 366 8 11 0.040364165 
384 304 8 9 0.04033756 
479 319 6 9 0.04025533 
103 303 7 9 0.040168136 
160 254 7 9 0.040086478 
256 286 7 8 0.040078994 
947 324 9 12 0.04005185 
529 359 7 10 0.040007707 
517 385 8 9 0.03990522 
104 277 9 11 0.039830603 
554 350 10 12 0.03981525 
392 311 6 9 0.039799366 
126 316 10 13 0.03965536 
206 375 8 10 0.039629526 
193 305 7 9 0.039610006 
152 265 7 9 0.039561372 
541 359 8 11 0.039428324 
258 309 8 10 0.039380435 
360 314 8 10 0.03936547 
104 294 7 9 0.039224558 
71 215 7 9 0.039176263 
256 368 9 12 0.03915542 
161 313 7 8 0.039111614 
206 303 8 9 0.039040554 
234 273 7 8 0.039021157 
369 335 7 9 0.038946956 
57 311 8 10 0.038915582 
34 184 7 9 0.038901 
510 341 7 9 0.038883597 
213 420 12 14 0.03883444 
539 470 23 27 0.038832188 
504 319 6 8 0.038616717 
111 214 7 8 0.03828209 
74 344 8 11 0.03824983 
247 351 8 10 0.038009193 
256 320 8 10 0.038005725 
24 404 10 14 0.037940662 
39 197 7 9 0.037928388 
173 428 13 15 0.037910927 
136 343 10 11 0.037903864 
274 278 7 9 0.0378148 
151 279 8 10 0.03771937 
66 184 7 9 0.037695907 
223 328 8 10 0.037644062 
139 335 7 9 0.037625916 
48 316 8 11 0.03755797 
206 327 10 12 0.037492793 
367 360 8 11 0.03729779 
359 366 7 10 0.037285004 
18 174 7 10 0.03710696 
215 327 8 11 0.03710164 
153 255 7 8 0.037075635 
321 298 8 9 0.03698527 
314 319 8 10 0.0369335 
489 327 7 9 0.03692239 
449 368 8 9 0.036922053 
102 288 8 10 0.03679981 
200 311 8 10 0.03677251 
1008 389 11 15 0.03671224 
441 352 7 9 0.03655878 
21 382 11 13 0.036254946 
158 398 19 24 0.03621385 
542 305 7 9 0.03612216 
447 383 7 8 0.036122043 
417 389 8 10 0.03602608 
120 373 9 11 0.035965547 
72 223 7 9 0.03592184 
455 373 7 10 0.03578661 
488 318 6 8 0.035734933 
160 287 7 10 0.035661854 
32 301 9 11 0.035616387 
377 358 8 10 0.035574734 
216 254 7 8 0.03556603 
281 256 6 8 0.035531748 
214 296 7 8 0.035507508 
278 359 8 10 0.03535571 
406 360 9 11 0.035320114 
57 229 8 9 0.035314746 
473 313 7 7 0.035084374 
366 445 15 17 0.035068702 
87 395 11 15 0.035036493 
80 237 8 10 0.035031207 
246 296 8 10 0.03499341 
284 289 8 9 0.034982223 
119 341 9 11 0.03494665 
358 376 7 8 0.03481467 
487 297 7 7 0.034769505 
38 301 8 10 0.034726635 
104 223 7 10 0.034705356 
133 318 9 12 0.03465642 
269 344 8 10 0.034638222 
288 270 7 9 0.034621406 
287 294 8 9 0.034557916 
85 260 8 10 0.03444534 
304 365 7 9 0.034426928 
401 305 7 9 0.03442551 
295 297 7 8 0.03442515 
473 337 7 9 0.034379657 
341 367 8 11 0.034312397 
450 334 7 9 0.03424657 
167 276 8 10 0.034233592 
262 368 10 12 0.034094803 
74 202 7 8 0.034027483 
174 241 7 8 0.03391879 
305 337 7 9 0.033865716 
248 256 7 8 0.033857524 
60 256 8 11 0.03384523 
287 393 8 10 0.033815145 
86 248 7 9 0.03366326 
189 349 9 11 0.033658847 
306 327 7 10 0.033637438 
487 302 6 7 0.033627953 
25 255 8 10 0.033554066 
17 291 10 13 0.033535916 
93 326 8 10 0.033518236 
456 369 7 9 0.033480678 
327 380 9 11 0.033477113 
926 396 9 10 0.033368584 
134 418 10 14 0.03335633 
232 350 7 8 0.033238795 
0 355 6 11 0.03317375 
126 341 9 11 0.03304678 
105 214 7 9 0.03293977 
62 396 12 15 0.03291834 
464 372 7 9 0.032913093 
297 279 9 11 0.03284776 
1008 335 8 10 0.032761503 
31 238 8 10 0.032708872 
521 398 8 10 0.03266792 
413 335 7 10 0.032664113 
7 397 11 13 0.03247622 
22 333 8 10 0.03247501 
87 389 10 12 0.032445896 
240 316 8 10 0.032401018 
135 254 8 9 0.032280907 
218 286 7 9 0.032277465 
356 422 10 12 0.032276552 
17 240 7 10 0.03227224 
18 205 8 10 0.032191124 
125 387 11 13 0.032158747 
112 318 7 10 0.032147117 
42 248 8 10 0.032111526 
153 345 9 11 0.032042086 
208 271 7 9 0.032022856 
381 327 8 10 0.03199175 
87 351 8 10 0.031930648 
84 414 10 13 0.031906657 
391 326 8 9 0.031778682 
496 400 7 9 0.03171986 
38 184 7 9 0.031692248 
88 238 7 9 0.03160547 
443 287 7 8 0.031537317 
269 365 9 11 0.031395867 
178 349 9 11 0.031354487 
170 239 7 8 0.031325873 
543 342 7 10 0.031293135 
536 397 7 11 0.031230768 
495 312 7 8 0.0312224 
368 264 7 8 0.031205183 
266 298 7 9 0.031203724 
440 344 7 9 0.03112924 
513 400 7 9 0.031105429 
383 296 7 8 0.031051662 
136 326 8 10 0.031006198 
558 352 10 15 0.030981971 
229 387 10 13 0.030904092 
56 284 8 11 0.030825783 
16 262 9 11 0.030772755 
336 287 6 9 0.030766176 
412 412 9 12 0.03071385 
424 336 7 9 0.03070592 
329 364 8 12 0.030690651 
883 542 25 29 0.030665454 
33 360 9 11 0.030665219 
409 304 7 9 0.030660478 
536 336 7 9 0.030427955 
414 443 10 12 0.030403502 
520 313 6 8 0.030374205 
438 332 8 11 0.030288707 
240 295 8 10 0.030258121 
337 372 9 12 0.030204391 
465 287 7 8 0.0301884 
24 261 9 12 0.03015643 
359 332 8 10 0.030137042 
185 254 8 10 0.030061232 
337 281 7 8 0.02998985 
495 383 7 9 0.029972002 
47 223 7 9 0.029848902 
17 283 11 14 0.029827757 
263 350 7 10 0.02981521 
777 216 33 42 0.029799338 
466 359 8 9 0.029753637 
263 286 7 8 0.029743018 
520 318 7 9 0.029705934 
6 203 9 11 0.029701455 
454 328 7 9 0.029655606 
191 254 6 9 0.029642915 
384 311 8 9 0.02962243 
488 376 7 8 0.029603597 
410 288 8 9 0.029579442 
102 382 8 10 0.029538926 
24 174 7 9 0.029532066 
90 214 7 9 0.02946191 
463 398 7 9 0.029437024 
225 372 8 10 0.029371878 
214 373 9 11 0.02931634 
382 358 8 10 0.029310318 
513 328 6 8 0.02922792 
376 345 7 9 0.029113216 
122 382 9 13 0.029026838 
870 421 9 11 0.028998509 
69 410 13 15 0.028955521 
215 303 8 9 0.028946279 
152 400 12 15 0.02893105 
31 175 6 8 0.028913708 
49 184 7 8 0.028912527 
528 366 7 9 0.028843286 
327 296 6 9 0.028775314 
41 396 11 13 0.028770287 
16 228 8 10 0.028742358 
512 353 7 8 0.028728426 
447 359 7 9 0.02872413 
329 310 7 9 0.028692065 
342 309 8 10 0.028685587 
56 280 8 10 0.028685242 
134 263 7 10 0.028684836 
104 390 10 12 0.028652152 
247 285 8 9 0.02863874 
391 356 7 10 0.02862221 
37 278 8 11 0.02857455 
349 304 7 10 0.028489318 
240 285 8 10 0.028484594 
513 320 6 8 0.028461711 
103 200 7 8 0.028436441 
91 396 12 15 0.028381951 
84 343 8 11 0.028356204 
439 312 7 8 0.028348422 
25 169 7 9 0.02833842 
392 344 7 9 0.028331751 
463 392 8 10 0.028291008 
136 302 7 9 0.028224748 
502 352 8 9 0.028211975 
415 293 7 9 0.028157072 
81 272 9 10 0.02814952 
128 323 10 11 0.028148333 
112 257 8 9 0.028128935 
935 540 35 34 0.028079733 
135 310 8 10 0.027989537 
497 377 7 8 0.027894989 
222 391 10 12 0.027725123 
519 360 7 10 0.027724758 
471 372 7 9 0.027593395 
225 358 8 10 0.027553592 
157 360 9 11 0.027472163 
487 352 7 8 0.027427614 
0 310 9 12 0.027424995 
376 320 8 10 0.02741459 
401 344 6 9 0.027362134 
341 372 9 11 0.027347999 
150 290 17 23 0.027269024 
306 294 7 9 0.027173398 
164 387 21 27 0.027153999 
48 200 7 9 0.027138056 
105 208 8 9 0.027066365 
101 376 7 10 0.026936483 
456 319 6 8 0.026894402 
125 432 14 16 0.026873069 
1016 310 8 13 0.026759814 
271 350 7 10 0.026759421 
65 238 7 9 0.02674988 
153 231 7 8 0.026737256 
418 375 8 10 0.026644215 
1008 342 8 11 0.026641687 
0 341 7 14 0.026636695 
40 238 8 9 0.026618397 
159 248 7 9 0.026549906 
15 310 9 11 0.02654385 
1007 382 10 15 0.026487697 
251 389 11 13 0.0264122 
223 272 6 9 0.026391292 
469 358 8 9 0.026384834 
370 294 7 9 0.026360238 
239 261 6 9 0.026328692 
264 358 7 8 0.026322085 
343 263 7 9 0.026296329 
162 316 7 10 0.026273727 
234 279 8 9 0.026269417 
478 391 7 9 0.026252339 
31 208 7 9 0.026216952 
418 317 7 10 0.026209796 
210 277 7 9 0.02619636 
154 238 7 9 0.026140196 
368 365 7 10 0.025895484 
150 318 8 10 0.025860397 
431 346 7 8 0.02584218 
511 310 7 9 0.025821975 
384 344 7 9 0.025727205 
117 429 16 18 0.025682958 
64 190 8 9 0.025666378 
455 271 8 9 0.025624087 
644 70 49 59 0.025623897 
247 313 7 8 0.025599375 
95 174 8 10 0.025585938 
230 420 11 15 0.025570894 
126 337 8 9 0.025553249 
188 418 11 14 0.025549574 
465 318 6 9 0.025520755 
144 264 8 9 0.025518397 
33 196 8 10 0.025451967 
285 368 9 11 0.025355656 
447 296 6 8 0.0253466 
194 287 7 9 0.025274243 
385 319 7 10 0.025249247 
39 261 8 10 0.025247786 
47 334 8 10 0.025233598 
249 342 8 9 0.02522821 
481 311 6 8 0.025161527 
345 270 7 9 0.025156591 
360 360 9 11 0.025101187 
7 192 7 9 0.02491804 
426 297 7 8 0.02486137 
88 292 9 11 0.024803003 
353 278 7 9 0.024672192 
353 375 8 9 0.024607854 
495 390 7 9 0.024599703 
142 241 7 8 0.02456366 
345 287 7 9 0.024539575 
247 249 7 7 0.024504445 
921 391 10 12 0.024461638 
360 343 8 9 0.02444978 
494 344 7 8 0.024429772 
489 393 7 9 0.024403205 
215 264 7 9 0.02440216 
96 208 7 8 0.024345962 
334 335 7 9 0.0243116 
47 327 8 11 0.02426489 
0 245 8 11 0.024252018 
402 360 8 10 0.024244213 
528 374 8 9 0.024220094 
7 254 8 11 0.024219265 
203 383 19 24 0.02413835 
40 207 7 9 0.024124647 
429 423 9 11 0.024093742 
262 256 7 8 0.02405858 
296 302 8 9 0.024051046 
888 420 10 12 0.024039352 
39 371 14 16 0.024038635 
392 384 6 9 0.024025898 
526 334 7 9 0.023981214 
96 230 6 8 0.023974651 
42 269 8 11 0.0239448 
96 276 8 11 0.023904456 
201 325 10 13 0.02389431 
239 360 9 12 0.023883838 
16 217 7 9 0.0238681 
153 248 7 9 0.023865702 
320 271 7 9 0.023844466 
94 335 9 11 0.02380293 
351 287 7 9 0.023760235 
881 468 11 14 0.023748387 
88 207 7 9 0.023720067 
353 335 7 9 0.023719145 
889 491 18 21 0.023708433 
383 272 6 8 0.02369014 
943 364 9 12 0.023671828 
345 296 7 8 0.023618475 
432 272 7 8 0.023613205 
240 382 9 10 0.023519285 
503 328 7 8 0.023505544 
71 357 9 12 0.023500327 
339 256 7 8 0.023464162 
287 264 7 9 0.023411201 
48 252 8 10 0.023376469 
128 289 9 10 0.023362678 
334 360 8 10 0.0233623 
405 328 19 25 0.023359394 
71 309 8 9 0.023255417 
345 335 7 9 0.023177246 
62 404 14 15 0.023162093 
354 366 7 10 0.023149464 
72 286 10 12 0.023041831 
95 255 8 11 0.02302276 
96 215 7 9 0.023009088 
400 324 7 9 0.022894021 
153 370 10 12 0.022888688 
182 287 8 9 0.022873767 
10 216 7 9 0.02278796 
56 404 9 12 0.022712665 
682 344 241 258 0.022631807 
432 289 6 8 0.022619396 
424 407 8 10 0.02261873 
23 328 7 10 0.022601828 
531 384 7 9 0.022596445 
706 126 41 52 0.022477342 
71 185 7 8 0.022376226 
996 437 12 16 0.022362908 
525 327 7 9 0.022343963 
134 375 8 10 0.022332422 
440 365 8 9 0.022300191 
111 296 8 9 0.0222993 
167 287 7 10 0.022244416 
456 350 7 9 0.022221282 
328 328 7 9 0.02222035 
104 316 8 11 0.02221665 
335 329 7 9 0.022169864 
365 318 7 10 0.022164961 
93 424 14 18 0.022060836 
130 240 6 8 0.022042716 
949 334 10 13 0.022007506 
70 390 12 14 0.02200524 
505 383 8 9 0.021984048 
142 382 8 11 0.021971839 
392 287 7 9 0.021959124 
481 296 7 8 0.021955816 
295 373 9 12 0.021942228 
322 285 7 9 0.021938348 
536 376 7 10 0.0218185 
408 278 7 8 0.021785367 
135 225 6 8 0.021757863 
112 302 8 9 0.021750977 
46 368 11 12 0.02170812 
337 315 7 10 0.021706127 
496 288 7 8 0.021691367 
314 280 7 9 0.021669379 
535 342 7 10 0.021598121 
110 392 9 11 0.02159057 
79 214 7 9 0.021446977 
22 194 8 8 0.02142441 
183 262 8 9 0.02138808 
43 371 18 22 0.021381017 
150 326 8 11 0.021377858 
320 341 8 10 0.021351682 
301 280 8 10 0.021351624 
495 334 7 10 0.021343514 
243 391 9 12 0.02133379 
279 352 8 9 0.021325454 
153 361 19 23 0.021321706 
535 319 7 9 0.021317521 
287 421 9 11 0.021304633 
937 365 10 12 0.021249406 
55 242 8 8 0.021247393 
181 352 19 24 0.021234183 
56 411 19 23 0.02121871 
106 403 10 13 0.02116426 
81 191 6 7 0.021152375 
173 319 8 10 0.021121725 
674 460 17 20 0.021069214 
222 280 7 9 0.021016778 
8 390 11 14 0.021010848 
78 317 10 12 0.020955697 
408 272 7 8 0.020929413 
464 384 8 9 0.020886423 
23 410 10 15 0.020838087 
72 319 8 10 0.020822782 
16 183 8 10 0.020812389 
304 303 7 10 0.02080312 
6 309 9 11 0.020797916 
1003 439 21 27 0.02066497 
153 223 7 8 0.020641083 
225 334 8 10 0.020593068 
298 285 9 10 0.020588879 
261 389 10 11 0.020578666 
2 194 8 10 0.020536248 
430 376 8 10 0.020516247 
991 368 9 12 0.020463413 
407 327 7 9 0.020446738 
2 223 7 10 0.020442095 
72 263 8 10 0.020373844 
997 327 8 11 0.020267893 
360 273 8 9 0.020213164 
47 231 7 9 0.020150198 
416 327 7 9 0.02014518 
503 360 7 9 0.020125257 
409 351 8 10 0.020119522 
544 349 8 11 0.02011558 
160 327 8 10 0.020076564 
38 414 11 14 0.020053612 
375 279 6 9 0.02005078 
1004 383 21 29 0.020013802 
