35_Basketball_playingbasketball_35_764
26
490 247 29 38 0.9981102 
303 189 30 37 0.93206125 
437 430 15 20 0.11637217 
106 100 31 35 0.10589809 
431 447 18 28 0.09633235 
291 192 27 34 0.095283434 
435 273 14 17 0.06140356 
134 86 28 37 0.058268096 
435 439 15 23 0.03985514 
610 436 17 20 0.039187662 
312 203 19 25 0.0336797 
453 235 12 14 0.03297663 
484 434 15 18 0.032203276 
940 359 15 17 0.027637618 
280 194 23 34 0.027463954 
433 433 13 20 0.026140593 
426 509 13 17 0.026057102 
432 426 12 18 0.025469385 
599 433 14 17 0.025105214 
460 234 12 15 0.02431616 
449 237 10 11 0.023378223 
591 363 14 17 0.022307662 
405 231 51 50 0.022225419 
434 268 24 27 0.02053464 
603 367 28 29 0.020448899 
448 412 11 14 0.020420494 
