35_Basketball_playingbasketball_35_431
19
446 148 47 62 0.94221723 
144 121 27 39 0.8454666 
470 46 68 82 0.81483847 
797 99 28 35 0.26522216 
348 416 15 22 0.0682781 
436 57 53 67 0.05645689 
834 115 17 22 0.053358536 
496 55 83 102 0.045189075 
355 417 14 21 0.04157967 
342 416 14 21 0.03318548 
390 491 28 35 0.031401135 
540 66 50 74 0.029470125 
379 471 42 48 0.027158394 
378 487 27 35 0.02675521 
444 439 31 32 0.02628991 
785 93 28 32 0.025787855 
438 63 31 42 0.023564732 
530 510 25 39 0.021710683 
479 25 165 217 0.02001577 
