35_Basketball_basketballgame_ball_35_393
174
415 301 13 17 0.9320432 
676 285 13 19 0.91469634 
856 283 16 21 0.9077927 
703 301 13 17 0.88169205 
22 330 9 13 0.6943251 
118 225 8 10 0.6619759 
64 269 8 10 0.5321393 
95 228 7 10 0.49931484 
165 291 11 15 0.4861302 
126 315 9 11 0.44481468 
781 289 14 16 0.41544667 
109 235 9 12 0.3653478 
710 292 13 16 0.3440482 
71 229 7 10 0.34215334 
109 333 8 11 0.34005654 
20 240 8 10 0.31659096 
2 327 9 15 0.3160132 
82 333 9 12 0.31439444 
13 271 10 10 0.30362576 
70 225 7 10 0.29926622 
79 280 8 10 0.2898905 
93 316 9 12 0.2694045 
14 301 10 12 0.24625988 
51 334 8 11 0.24023694 
49 253 8 10 0.23877473 
111 231 9 11 0.23313689 
78 248 9 12 0.18954873 
79 285 9 11 0.18117803 
13 278 10 12 0.17647937 
86 329 8 10 0.15468644 
38 351 9 12 0.14234017 
17 243 10 13 0.13344161 
71 350 9 11 0.13321395 
32 256 9 10 0.1282641 
45 280 8 10 0.12265727 
133 327 9 11 0.1191815 
686 388 8 11 0.11034493 
66 229 9 12 0.10524902 
400 304 10 12 0.10332295 
430 352 9 11 0.09940283 
129 332 9 10 0.09802969 
79 291 9 10 0.09266745 
65 303 8 10 0.092417054 
807 316 11 15 0.09046054 
86 264 9 12 0.087366 
71 237 9 10 0.08687725 
11 284 9 12 0.08686652 
41 297 8 11 0.082276836 
681 289 12 18 0.08204441 
783 310 19 27 0.08098873 
446 352 7 9 0.08094639 
69 264 8 10 0.07753873 
694 340 9 11 0.07609301 
21 361 11 13 0.07447538 
54 341 9 10 0.07185163 
9 302 10 12 0.07010489 
31 259 10 13 0.06736701 
89 302 8 11 0.06657734 
105 329 9 11 0.06584518 
137 286 9 11 0.06397977 
122 317 9 11 0.06316518 
47 328 9 11 0.06291807 
118 325 8 11 0.062781796 
657 292 11 14 0.06271041 
47 284 8 10 0.06149869 
64 237 8 10 0.061317578 
408 302 14 15 0.060738165 
682 383 9 12 0.060495045 
52 254 9 11 0.06046697 
373 220 12 13 0.060067773 
15 251 11 13 0.05996703 
661 292 13 15 0.058799088 
73 245 10 12 0.05863931 
65 360 7 9 0.058015693 
94 344 9 10 0.057018165 
46 295 8 10 0.056407012 
439 340 7 10 0.055218566 
798 284 11 14 0.055032164 
57 293 8 10 0.053062636 
89 351 8 11 0.0523435 
57 311 8 10 0.051234927 
677 316 9 13 0.051109515 
80 264 9 11 0.05045779 
41 278 8 11 0.047827404 
778 290 21 28 0.04781797 
13 263 12 15 0.04488675 
811 316 14 17 0.04414222 
143 328 9 11 0.04368323 
63 309 7 10 0.043425538 
94 326 8 11 0.042929575 
440 351 8 11 0.04043749 
798 314 13 17 0.03884454 
156 309 10 12 0.038694732 
8 294 10 13 0.03866536 
1 358 7 11 0.036525548 
79 269 9 11 0.036449127 
93 349 9 12 0.03500222 
16 361 9 11 0.034834955 
675 309 10 13 0.034759127 
158 302 10 11 0.034660306 
47 320 9 10 0.034390915 
64 350 9 11 0.03430068 
63 344 8 11 0.0342758 
8 255 9 12 0.034218684 
407 326 10 12 0.033935085 
105 233 8 10 0.03376462 
41 327 8 10 0.03373364 
699 421 8 11 0.033705074 
903 131 9 12 0.03334065 
21 251 11 13 0.033338547 
8 307 9 11 0.03270415 
148 332 11 13 0.03229184 
161 288 12 15 0.031625967 
715 289 11 14 0.03152426 
804 285 12 14 0.031421512 
446 356 7 10 0.03069706 
93 374 10 13 0.030434499 
424 357 10 12 0.030006664 
63 295 8 10 0.029912056 
57 350 8 10 0.029340034 
152 292 9 11 0.028998347 
73 278 9 11 0.02844392 
89 239 8 11 0.027665233 
18 328 9 11 0.02756475 
94 236 9 12 0.027545076 
5 358 9 12 0.027452104 
44 299 10 12 0.027369164 
790 306 21 30 0.02722396 
71 357 8 10 0.027011093 
463 351 6 8 0.026729707 
38 255 8 10 0.02599774 
91 224 9 11 0.025912093 
64 275 8 11 0.025846846 
0 320 8 13 0.0255718 
110 340 9 11 0.025496809 
32 343 8 10 0.025316153 
63 244 9 11 0.025172066 
90 311 9 12 0.025162136 
133 318 9 12 0.024918236 
463 357 7 10 0.02484471 
105 361 8 10 0.024713833 
18 299 11 13 0.02459216 
126 342 9 11 0.024570806 
121 344 8 10 0.02456635 
648 19 9 12 0.024343155 
775 423 11 12 0.024288768 
678 341 9 11 0.024027316 
18 328 19 22 0.023977552 
79 367 9 10 0.023957133 
7 320 9 12 0.023904294 
54 316 9 12 0.023826065 
658 317 11 15 0.023560753 
38 344 8 9 0.02299988 
152 217 8 10 0.022985214 
62 366 7 9 0.022873577 
686 318 11 16 0.022752661 
772 333 11 13 0.022349993 
55 288 8 10 0.022278437 
40 367 7 10 0.022008268 
86 359 8 10 0.021940006 
56 360 8 10 0.02183595 
789 280 12 14 0.021535017 
23 261 11 14 0.021492677 
422 366 9 11 0.021203041 
93 302 9 10 0.021009896 
562 280 7 10 0.021000316 
59 268 9 11 0.020903705 
95 334 8 10 0.02070356 
135 261 8 11 0.020477006 
21 268 10 13 0.020403855 
720 335 7 10 0.020370832 
104 366 8 9 0.020202475 
14 307 10 11 0.020128788 
686 404 8 9 0.020001717 
