35_Basketball_playingbasketball_35_782
44
510 333 102 126 0.9998592 
216 584 95 111 0.99976367 
761 -1 68 71 0.9995485 
284 49 66 85 0.999479 
114 14 67 87 0.9993098 
226 3 59 81 0.9984238 
928 411 77 98 0.99742776 
420 30 57 82 0.9952863 
110 340 79 108 0.994337 
463 76 66 90 0.9872662 
524 269 81 97 0.95475453 
127 938 123 88 0.6551564 
315 2 26 26 0.19646919 
589 -3 58 61 0.16731395 
361 9 44 57 0.121363305 
308 1 42 44 0.09154658 
642 -1 51 60 0.088600695 
175 193 103 139 0.07078902 
380 18 45 62 0.05705458 
651 23 49 61 0.054523062 
88 925 193 207 0.04690593 
532 110 49 61 0.045832496 
246 21 65 88 0.043179315 
426 9 52 65 0.041964997 
54 434 39 52 0.039770573 
229 158 168 241 0.03880721 
586 21 97 137 0.03755599 
597 9 69 83 0.03647515 
473 20 53 58 0.034396734 
403 12 49 67 0.03399303 
634 44 53 78 0.03339502 
666 -1 29 27 0.033365138 
442 25 60 66 0.032748073 
27 264 24 31 0.031914663 
272 1017 189 274 0.026994482 
394 30 46 70 0.026115762 
426 0 18 15 0.026095418 
5 1076 15 21 0.02566945 
306 1034 104 146 0.024156155 
659 1071 36 50 0.024069276 
644 82 14 18 0.023868987 
1005 6 20 34 0.021584185 
632 85 31 45 0.021431295 
482 27 30 37 0.020334106 
