35_Basketball_playingbasketball_35_644
21
336 208 173 212 0.999201 
748 415 250 293 0.33724293 
519 827 338 480 0.15480602 
12 876 42 64 0.06256284 
613 931 209 294 0.052360266 
4 1272 52 84 0.051068295 
719 1263 78 132 0.050826 
12 1253 57 74 0.047606725 
250 308 58 75 0.037786044 
100 1407 98 138 0.031832986 
952 1090 76 169 0.031232247 
28 1348 95 127 0.030723106 
771 1263 88 136 0.028805034 
-5 1264 89 146 0.028315375 
580 674 364 456 0.026383843 
794 457 178 152 0.026089367 
772 1233 170 230 0.02585916 
99 953 35 43 0.025023988 
-1 1297 147 227 0.02425757 
129 920 26 37 0.02424438 
592 445 452 450 0.02026885 
