35_Basketball_playingbasketball_35_127
61
636 32 33 43 0.99928623 
318 56 29 38 0.9992586 
886 64 27 35 0.9985372 
531 165 37 46 0.9978801 
491 111 37 47 0.9969806 
597 186 48 62 0.9965635 
91 18 18 24 0.9659217 
15 62 16 20 0.86769426 
418 74 23 28 0.8533835 
851 3 26 29 0.8387997 
167 1 23 23 0.701622 
1004 115 18 33 0.5032894 
736 16 55 66 0.12810104 
760 15 18 21 0.11916723 
458 138 25 35 0.11740941 
123 2 17 18 0.11451146 
820 12 23 30 0.094640605 
168 47 14 18 0.08983521 
406 138 22 29 0.07421708 
813 67 25 32 0.071839936 
461 195 25 37 0.052474685 
108 2 17 18 0.050435603 
126 123 10 13 0.048899766 
406 66 23 32 0.048050206 
834 19 15 20 0.047071427 
819 61 14 16 0.04165067 
412 67 36 47 0.04123065 
732 0 97 110 0.03788018 
899 134 31 39 0.0365511 
403 68 15 22 0.035906833 
163 33 25 33 0.035695694 
392 5 27 27 0.03441214 
680 14 25 30 0.033639822 
463 135 12 17 0.031234438 
403 2 24 23 0.03026851 
119 74 15 16 0.029506106 
843 10 25 35 0.026886523 
103 41 26 34 0.026757376 
816 67 15 18 0.026614718 
645 565 10 12 0.02613717 
347 208 24 27 0.025854908 
862 4 20 21 0.025728127 
205 345 511 493 0.025672007 
432 258 17 23 0.025619546 
760 53 208 238 0.025381323 
406 36 39 52 0.02487637 
740 36 14 19 0.024405526 
378 3 29 29 0.024110112 
158 1 17 19 0.024008343 
618 108 14 20 0.023881339 
402 15 17 20 0.023594921 
989 270 10 14 0.022732869 
307 140 31 28 0.022431348 
571 139 445 440 0.021875512 
694 49 14 19 0.021470327 
830 13 24 32 0.021462712 
192 25 13 16 0.021288613 
864 13 18 22 0.021106107 
776 66 16 20 0.020599037 
803 71 26 35 0.020307455 
566 173 30 36 0.020230873 
