56_Voter_peoplevoting_56_1046
26
428 432 115 153 0.9999304 
446 311 50 67 0.22233008 
585 581 237 233 0.08720137 
792 366 12 15 0.06677078 
799 339 12 13 0.05774858 
449 299 38 50 0.05135248 
976 384 20 28 0.045908783 
60 1469 27 34 0.045007855 
-25 593 401 440 0.041624986 
330 321 46 55 0.040258393 
550 9 112 126 0.038481988 
326 1067 420 525 0.03793065 
597 18 66 71 0.03217803 
873 398 9 11 0.031946868 
714 206 212 279 0.03141755 
125 961 37 41 0.028523592 
673 0 38 33 0.028443383 
851 1206 27 31 0.028147599 
85 637 231 194 0.026131665 
740 619 243 226 0.025388086 
133 344 14 17 0.02522965 
998 367 27 33 0.024905402 
881 372 11 13 0.023209786 
906 459 22 24 0.02307853 
40 345 14 18 0.022502068 
885 370 13 15 0.021599205 
