56_Voter_peoplevoting_56_260
48
910 428 30 39 0.9989988 
836 321 30 37 0.9987307 
931 318 26 35 0.99861693 
857 217 28 36 0.99813443 
946 220 25 33 0.9979923 
42 311 27 36 0.99707437 
847 418 29 35 0.98695797 
26 213 29 36 0.9811921 
276 153 39 47 0.97752875 
690 155 37 44 0.9680742 
930 123 27 32 0.9665545 
471 130 39 53 0.94845444 
53 38 36 45 0.94340646 
1004 431 20 34 0.84780145 
0 413 19 37 0.81160045 
995 339 23 29 0.54678905 
62 116 32 40 0.22215357 
850 27 31 39 0.20752384 
886 322 24 31 0.15453874 
81 303 17 23 0.09541695 
94 24 47 55 0.09138578 
847 497 21 30 0.087846026 
726 138 14 16 0.0756355 
88 168 28 37 0.055571496 
506 98 25 29 0.054104257 
317 148 13 17 0.0484274 
924 23 27 36 0.045408126 
683 213 16 20 0.040304717 
324 214 18 23 0.030934777 
316 161 15 21 0.02990817 
484 122 41 55 0.029849932 
362 538 12 16 0.029306535 
702 137 14 17 0.027115574 
69 18 49 57 0.026108649 
445 124 47 64 0.025857866 
852 25 53 62 0.025769286 
996 333 18 22 0.025166485 
269 564 13 14 0.024977082 
831 4 26 30 0.024630066 
729 539 10 11 0.02402671 
250 157 41 49 0.024015803 
533 195 15 19 0.023987664 
310 140 24 32 0.023465797 
698 135 23 33 0.022585886 
683 185 15 20 0.021908136 
720 138 13 16 0.02153929 
603 307 16 17 0.020510588 
635 163 14 18 0.020237856 
