56_Voter_peoplevoting_56_620
71
129 192 48 65 0.9987639 
289 201 34 50 0.99539965 
365 197 25 35 0.99244106 
816 140 37 55 0.97473043 
496 227 24 29 0.5885449 
345 240 26 31 0.44620255 
543 211 11 19 0.41004524 
528 217 12 16 0.21899934 
452 236 11 18 0.16218032 
250 250 16 21 0.14385283 
493 243 21 26 0.11499008 
445 238 15 23 0.10456014 
360 356 19 21 0.0984398 
478 234 12 18 0.08975988 
532 213 13 17 0.08831266 
549 216 13 17 0.07447901 
597 100 109 164 0.07028826 
456 257 11 15 0.06923071 
500 220 18 23 0.0675306 
614 237 10 13 0.06480036 
480 223 22 32 0.05886106 
421 344 14 16 0.05751915 
440 357 13 16 0.055389885 
453 276 12 16 0.05188636 
341 242 18 24 0.05153369 
368 206 32 39 0.05084593 
448 231 12 15 0.05019187 
555 150 14 17 0.046825394 
554 219 13 17 0.045019012 
476 255 10 13 0.042795528 
470 267 12 14 0.041677136 
483 226 14 19 0.04102297 
239 244 21 30 0.040880878 
823 131 29 39 0.03968912 
473 261 11 14 0.03935194 
574 236 14 17 0.038727857 
360 248 17 21 0.038284805 
438 239 16 24 0.036320813 
494 328 8 10 0.03575949 
415 190 11 15 0.035206877 
456 355 12 15 0.034627095 
238 241 14 21 0.03411109 
437 210 11 15 0.03398112 
495 212 12 16 0.030673305 
336 213 23 35 0.030601082 
486 269 11 16 0.030568285 
530 223 16 19 0.02960496 
251 227 14 17 0.028211573 
248 317 41 53 0.027882036 
187 346 16 18 0.027456142 
339 223 27 39 0.02731124 
471 241 13 17 0.027113102 
505 221 21 30 0.026951468 
826 131 18 23 0.025558718 
460 269 13 16 0.025450125 
447 229 20 28 0.02485078 
449 272 21 28 0.024156436 
502 281 24 32 0.023989988 
490 210 24 31 0.022478702 
465 260 22 27 0.022446914 
580 230 13 16 0.02236115 
242 231 22 30 0.02206611 
277 210 30 42 0.022001365 
487 249 13 17 0.021988787 
358 204 25 36 0.021858558 
546 207 21 28 0.02173555 
472 231 21 28 0.021439742 
534 217 22 27 0.021108652 
346 219 13 20 0.02081439 
734 208 9 11 0.020789247 
485 316 9 10 0.020641835 
