56_Voter_peoplevoting_56_370
47
210 572 128 152 0.99973387 
276 359 88 128 0.99835134 
390 280 36 45 0.99569964 
446 336 50 63 0.99013805 
75 609 38 50 0.49636298 
437 662 58 69 0.48601726 
755 367 60 73 0.44686326 
205 367 34 48 0.371163 
503 242 34 37 0.14482279 
985 120 31 39 0.14130959 
990 149 26 34 0.1012347 
492 605 39 40 0.060712434 
485 844 31 28 0.059561525 
192 364 32 49 0.05890698 
47 584 77 97 0.05843718 
476 847 57 56 0.05781514 
538 619 18 22 0.054610785 
468 673 32 43 0.046061683 
46 243 30 39 0.045639817 
535 621 393 518 0.044114057 
524 273 24 30 0.043184467 
549 338 43 55 0.04265865 
188 343 74 102 0.04204242 
7 588 87 143 0.03950951 
645 702 35 33 0.037877724 
599 926 477 385 0.03752326 
351 460 420 439 0.037019264 
988 115 17 19 0.036480103 
-9 930 386 416 0.034022294 
630 197 12 19 0.03387528 
328 453 26 33 0.033029027 
1002 158 18 24 0.03224428 
265 636 370 449 0.032199703 
513 253 32 36 0.029442472 
954 168 17 20 0.026539072 
556 316 49 65 0.02622567 
398 768 215 265 0.024835022 
83 592 41 50 0.024785763 
515 606 44 46 0.024737375 
631 397 33 42 0.024562173 
450 667 87 104 0.0234959 
708 134 33 38 0.023184223 
245 1114 163 152 0.02284228 
995 110 13 16 0.02261194 
638 705 52 50 0.021817533 
441 482 98 121 0.021226967 
565 671 36 42 0.020506257 
