56_Voter_peoplevoting_56_781
146
365 197 61 72 0.99589914 
289 108 40 52 0.97500813 
652 156 24 32 0.96718633 
364 83 56 72 0.9342694 
777 128 23 29 0.91674125 
677 102 26 35 0.83482033 
105 78 51 64 0.8170211 
644 119 26 33 0.79593664 
750 113 21 29 0.7487989 
831 131 14 17 0.61920726 
598 138 22 27 0.49190176 
814 136 16 21 0.45388362 
949 136 18 21 0.3526392 
994 121 15 21 0.30676457 
607 314 14 20 0.2705549 
878 113 15 17 0.22620077 
456 218 46 78 0.179961 
893 120 14 19 0.16679604 
236 427 32 43 0.16125399 
756 84 14 18 0.15396982 
676 119 16 24 0.15157896 
875 122 16 20 0.14105766 
340 72 28 36 0.14022553 
435 128 24 31 0.1374568 
218 129 32 37 0.13249798 
853 116 13 17 0.12436835 
788 129 21 28 0.10812428 
648 141 27 35 0.092498556 
279 165 25 32 0.09106779 
349 75 47 59 0.08705413 
845 167 15 21 0.085138485 
688 109 24 32 0.08188078 
595 134 17 22 0.07705134 
761 121 23 29 0.07347627 
319 117 30 38 0.06989983 
317 58 14 16 0.06986345 
427 111 42 54 0.06717969 
890 78 9 12 0.06601078 
810 99 14 19 0.0607755 
898 116 14 18 0.05989674 
573 151 21 30 0.058727194 
1007 93 11 14 0.05770852 
882 117 19 25 0.05707164 
704 68 12 15 0.056643683 
472 257 31 51 0.054054793 
655 131 19 23 0.05340762 
1001 122 15 21 0.052306797 
621 229 14 19 0.0516327 
740 134 15 21 0.05026012 
823 130 19 25 0.050018877 
749 124 16 23 0.048442382 
910 111 11 15 0.047269233 
128 81 56 68 0.046844203 
943 129 15 21 0.046117544 
355 67 28 45 0.044298936 
469 214 27 46 0.043223683 
199 125 49 60 0.042711806 
845 129 12 18 0.04245765 
942 103 16 21 0.041088495 
804 129 19 26 0.040277053 
572 229 17 25 0.04021852 
871 128 15 17 0.04015685 
751 76 14 18 0.040075414 
25 199 112 149 0.039718393 
669 79 11 13 0.039468758 
834 154 24 33 0.039162006 
666 123 21 27 0.03871254 
852 127 16 22 0.038677894 
232 84 48 55 0.038339727 
394 191 50 66 0.038189 
605 199 14 19 0.037596364 
603 176 16 22 0.03679616 
410 72 46 61 0.036277812 
356 76 17 27 0.036259364 
917 176 12 15 0.03625257 
604 235 24 35 0.03542925 
644 107 16 22 0.03510207 
751 129 20 28 0.034704663 
381 36 14 20 0.0345305 
869 78 9 11 0.034495935 
345 69 19 23 0.03439321 
178 93 35 41 0.034169983 
577 224 22 30 0.033708178 
888 83 11 13 0.033501565 
440 204 51 70 0.032922793 
836 168 16 21 0.032505076 
493 120 29 33 0.032446615 
750 143 14 20 0.0323382 
943 75 10 13 0.031754863 
940 111 14 20 0.031061154 
685 57 12 15 0.030103935 
398 109 53 65 0.030091546 
617 229 24 30 0.02997361 
260 99 23 31 0.029708311 
60 120 42 57 0.028463313 
574 124 13 17 0.028082324 
340 89 28 46 0.027986052 
756 99 17 21 0.027859017 
646 157 19 25 0.027799336 
552 466 11 16 0.027656605 
261 94 43 55 0.027312765 
735 68 13 19 0.026990023 
290 100 28 38 0.026924914 
524 279 14 18 0.026816081 
243 98 31 33 0.026788458 
872 115 14 17 0.026728317 
928 178 11 15 0.026249232 
1012 123 12 19 0.026097536 
985 116 20 28 0.026000284 
760 87 16 19 0.025952052 
892 110 14 19 0.025921661 
771 162 16 20 0.0256058 
918 152 10 13 0.025514387 
964 187 10 13 0.025309687 
857 123 14 18 0.02517632 
843 100 12 16 0.025165105 
217 106 32 40 0.025031526 
702 11 10 12 0.025013901 
960 183 9 14 0.024972185 
250 77 24 26 0.024539292 
665 77 10 12 0.024286976 
594 215 42 58 0.024172291 
758 39 10 13 0.023601437 
661 164 21 27 0.023457557 
877 103 14 17 0.023440583 
318 77 27 33 0.023161657 
424 68 25 40 0.0231269 
331 127 16 23 0.022965278 
586 104 14 16 0.022947062 
639 119 18 25 0.022801457 
739 71 14 20 0.0227988 
960 138 15 19 0.022749338 
935 127 14 21 0.022729713 
276 175 51 69 0.022707574 
918 156 13 19 0.0226914 
598 169 16 21 0.022657238 
497 124 40 48 0.022287816 
748 70 13 16 0.022195205 
331 79 29 39 0.021866228 
182 94 54 58 0.021774093 
839 96 11 14 0.021388311 
281 76 15 18 0.021118687 
145 62 86 102 0.020297695 
305 84 45 55 0.020029804 
670 96 24 31 0.02002078 
808 140 23 29 0.02001909 
