56_Voter_peoplevoting_56_228
53
795 328 28 35 0.9981504 
115 74 41 70 0.99723095 
921 326 25 32 0.996114 
466 403 24 39 0.9942233 
550 277 42 44 0.9914164 
601 304 43 53 0.9861166 
634 243 45 55 0.97282106 
12 213 39 47 0.9606108 
28 210 35 44 0.30881912 
1006 509 8 12 0.13301466 
877 360 22 34 0.11567833 
336 335 26 33 0.09657485 
967 471 9 12 0.08784218 
911 397 27 31 0.07710839 
263 315 14 17 0.072116956 
494 594 15 19 0.06667356 
988 506 10 12 0.05791975 
485 300 24 40 0.05744954 
683 296 37 40 0.05136605 
523 282 52 64 0.043523215 
887 360 21 33 0.042569514 
487 306 13 21 0.04046474 
80 215 10 12 0.038820285 
991 484 10 14 0.03611389 
488 284 13 17 0.034440465 
857 362 22 32 0.03355703 
794 292 16 19 0.033460606 
511 259 12 15 0.030580593 
998 485 10 13 0.028987609 
-1 264 20 39 0.028746134 
254 326 13 16 0.028336922 
142 -3 45 47 0.026148297 
452 394 32 40 0.026143488 
337 330 17 21 0.02579984 
630 301 30 39 0.024379058 
847 365 22 31 0.02432816 
485 288 21 31 0.024249673 
540 566 12 13 0.024202082 
503 269 11 14 0.024150608 
658 270 49 61 0.023837926 
79 219 13 17 0.022536797 
780 321 15 20 0.022465901 
999 490 12 14 0.02237522 
974 478 12 14 0.022112558 
690 298 21 24 0.022039149 
498 293 48 58 0.021803595 
258 306 24 28 0.021467771 
476 299 43 59 0.021263074 
256 146 87 116 0.020933088 
824 384 24 29 0.020713627 
967 465 12 14 0.020647103 
275 317 12 16 0.020628806 
778 311 18 21 0.020134797 
