56_Voter_peoplevoting_56_21
76
799 252 23 27 0.59899515 
682 292 99 107 0.39063263 
325 246 13 18 0.38767317 
657 316 34 46 0.38465136 
610 345 24 38 0.34988078 
213 269 60 89 0.22284482 
492 284 59 79 0.19722277 
810 248 14 21 0.17089286 
321 267 27 33 0.15508169 
284 285 43 56 0.13641399 
671 306 58 66 0.13353896 
330 363 31 36 0.11961205 
787 256 26 29 0.10232406 
292 274 15 19 0.080960475 
329 247 15 19 0.07949912 
685 290 15 19 0.076762974 
305 281 43 59 0.07017171 
865 314 44 53 0.06670067 
744 504 107 135 0.06384509 
672 309 32 38 0.061006658 
574 476 105 120 0.06033004 
263 284 43 65 0.057141982 
312 254 43 52 0.05670657 
133 312 17 21 0.053955108 
468 290 53 74 0.04973222 
597 506 65 76 0.047729094 
861 454 25 31 0.0475753 
318 279 27 37 0.046964973 
672 296 26 31 0.046345465 
778 265 27 30 0.042396028 
694 308 32 35 0.039427184 
315 290 16 21 0.037326563 
906 379 49 60 0.036947254 
247 296 30 47 0.03618199 
131 299 29 34 0.035629056 
322 305 17 24 0.03362218 
301 267 24 30 0.033438046 
279 281 31 44 0.031679664 
324 251 25 33 0.031300332 
95 302 400 503 0.030444885 
364 118 45 57 0.029782578 
288 276 22 30 0.029569304 
729 283 62 67 0.029498296 
598 331 40 62 0.029273445 
594 333 25 33 0.029203199 
502 239 65 63 0.029078193 
327 243 9 12 0.028910277 
258 291 16 22 0.028008623 
600 330 16 21 0.027874906 
821 281 16 20 0.026583407 
774 531 111 135 0.026503816 
277 305 31 38 0.026452472 
879 319 28 31 0.026250083 
747 284 36 34 0.026015645 
92 250 12 16 0.025834298 
136 281 48 57 0.025584508 
331 255 15 18 0.025496922 
639 107 12 16 0.0241099 
578 315 47 75 0.023425365 
258 288 25 37 0.023416076 
330 267 17 20 0.022814205 
789 242 25 31 0.022765467 
336 248 16 20 0.022601552 
245 384 47 61 0.022541098 
863 345 35 38 0.022341354 
171 247 89 107 0.022198524 
896 436 46 63 0.021944012 
662 257 15 21 0.02118539 
655 244 40 52 0.021060014 
876 451 30 39 0.02098331 
677 292 18 21 0.020843152 
652 261 26 35 0.020805642 
382 182 47 58 0.020694202 
798 243 15 19 0.02029897 
409 318 27 40 0.020229537 
767 273 28 31 0.020059898 
