56_Voter_peoplevoting_56_110
43
90 321 50 63 0.99928147 
202 311 35 49 0.9937736 
417 250 27 35 0.7724912 
892 327 20 22 0.75265884 
810 260 15 20 0.62202674 
165 237 16 19 0.43952408 
486 279 9 10 0.17246917 
434 253 24 30 0.12325474 
415 240 16 26 0.12178196 
430 395 45 73 0.096383624 
886 322 17 22 0.071487255 
818 258 14 21 0.066699564 
828 380 11 14 0.052195165 
548 523 36 38 0.050872717 
853 285 14 18 0.04636722 
487 273 9 11 0.045187827 
885 331 29 31 0.04486521 
780 259 14 20 0.04469567 
494 284 8 10 0.04288382 
481 273 9 12 0.038737066 
404 413 61 88 0.03824923 
492 280 9 11 0.03769527 
884 334 17 20 0.03641832 
808 262 26 31 0.035420965 
428 363 49 68 0.03447145 
806 255 16 20 0.0316957 
671 476 113 168 0.03105853 
228 268 11 13 0.02971911 
904 327 15 20 0.028839141 
869 386 13 14 0.028528104 
822 250 23 31 0.027867759 
891 368 15 16 0.027704537 
939 370 11 14 0.02645417 
877 339 14 18 0.025411848 
516 524 36 28 0.023688171 
415 254 16 24 0.023410546 
492 271 9 12 0.0216513 
872 348 10 13 0.021072336 
85 486 11 12 0.020536773 
921 365 15 17 0.02043122 
401 417 104 139 0.020214982 
161 262 10 13 0.020067502 
212 302 27 41 0.020056427 
