56_Voter_peoplevoting_56_528
87
622 131 31 40 0.99715483 
458 185 37 45 0.98882324 
905 240 54 62 0.9878593 
485 27 14 21 0.98313487 
517 149 35 42 0.9821321 
179 64 16 26 0.9744766 
319 60 19 25 0.9564222 
533 245 45 36 0.93149346 
419 47 15 24 0.9274728 
261 66 16 24 0.8190258 
915 72 18 22 0.69413924 
782 41 15 21 0.65087867 
785 125 21 24 0.6172438 
690 89 19 26 0.583725 
612 61 16 23 0.50285715 
893 63 16 21 0.42871296 
935 91 15 21 0.4278666 
656 75 25 30 0.33853683 
47 64 20 31 0.27371293 
797 398 26 33 0.20655389 
83 68 19 31 0.20476542 
441 43 15 18 0.18170288 
836 115 14 19 0.16206732 
776 43 12 17 0.11612724 
777 111 24 32 0.11285589 
837 105 15 20 0.112855576 
697 85 17 26 0.108313255 
843 101 14 18 0.104461156 
524 236 31 45 0.08735803 
602 230 23 27 0.07373587 
761 46 9 12 0.06983047 
891 66 24 34 0.06268175 
456 29 13 16 0.060753696 
770 106 18 25 0.05900035 
698 93 24 33 0.05671331 
939 92 20 27 0.05530295 
851 101 10 14 0.05466317 
673 29 16 22 0.054413203 
947 84 16 20 0.054058082 
766 45 11 14 0.053746317 
844 388 101 124 0.046857864 
679 88 23 34 0.045980953 
438 25 13 15 0.04592787 
479 48 13 17 0.045683816 
770 85 21 33 0.043737903 
390 57 15 18 0.042533766 
622 55 20 30 0.04071891 
395 53 14 17 0.03746308 
347 57 17 20 0.037082396 
426 44 14 20 0.03335727 
940 50 12 15 0.032308277 
659 84 25 35 0.03223967 
539 54 14 17 0.0318639 
51 2 29 32 0.031324968 
247 67 14 17 0.031011796 
980 97 26 28 0.030665465 
407 50 15 20 0.029981727 
557 58 13 19 0.02983525 
342 105 14 18 0.029223949 
653 76 18 21 0.028989514 
33 54 24 31 0.02752374 
832 107 12 18 0.027421866 
549 51 13 18 0.026051387 
919 69 24 31 0.025911849 
796 389 43 53 0.025075357 
977 104 18 21 0.024716638 
994 94 19 26 0.02470495 
979 70 39 58 0.024089001 
893 62 38 48 0.02400969 
329 58 17 22 0.023318522 
908 66 19 24 0.023313576 
908 60 14 19 0.023201127 
915 62 16 20 0.022656173 
918 156 105 142 0.022550544 
635 52 14 19 0.022351507 
671 17 22 29 0.02217914 
940 85 16 21 0.021759741 
363 52 13 17 0.021578476 
618 67 16 23 0.021483993 
543 28 10 12 0.021322368 
479 20 15 20 0.021299275 
772 75 14 18 0.021178553 
364 29 12 16 0.021003801 
788 134 24 32 0.020786589 
793 454 55 67 0.020710066 
273 73 15 19 0.020646952 
923 60 14 18 0.020134311 
