56_Voter_peoplevoting_56_305
21
71 228 27 36 0.9893393 
442 201 30 45 0.93883234 
754 226 22 39 0.10874401 
548 103 16 20 0.054219093 
771 299 42 67 0.046622436 
426 198 35 46 0.036860272 
435 221 33 38 0.033943687 
685 290 41 63 0.031341158 
548 183 11 14 0.029608 
535 179 11 16 0.027789008 
735 242 39 51 0.027428912 
992 407 8 10 0.025964327 
52 257 17 22 0.025584012 
888 400 8 9 0.023944065 
543 89 7 10 0.02310468 
848 400 8 9 0.02152139 
543 93 10 13 0.021046089 
887 406 8 10 0.020844957 
854 400 7 9 0.020569248 
662 235 405 484 0.020184759 
849 415 8 10 0.020056393 
