56_Voter_peoplevoting_56_339
44
540 146 34 44 0.9977301 
657 231 26 35 0.99684864 
336 311 14 21 0.5594318 
908 272 41 58 0.1332136 
322 43 28 35 0.10818049 
107 427 12 15 0.10562055 
184 503 8 11 0.06903374 
165 500 10 12 0.06229353 
100 501 11 14 0.06052289 
403 164 37 51 0.0596798 
399 203 16 19 0.05556777 
973 321 11 16 0.048469648 
780 392 24 28 0.045083717 
12 494 15 17 0.04469828 
105 423 11 14 0.0429493 
61 496 10 13 0.042583946 
78 492 18 18 0.038456712 
988 308 12 15 0.035915848 
118 437 11 14 0.035871096 
982 309 13 17 0.035835445 
487 157 13 15 0.03436579 
97 454 11 14 0.03374477 
102 422 21 26 0.031942 
343 281 12 15 0.03157213 
85 423 11 14 0.030983703 
386 295 22 30 0.030723782 
56 498 11 13 0.029554045 
175 502 8 10 0.028017344 
357 304 12 16 0.02795278 
8 494 11 14 0.02746755 
386 289 16 21 0.027185671 
561 269 50 55 0.023225931 
558 273 16 18 0.02302563 
923 287 18 26 0.022646168 
408 136 10 11 0.022464642 
1005 539 10 13 0.022176027 
676 219 14 20 0.022109408 
111 501 9 9 0.022078782 
153 473 8 10 0.022022948 
931 275 25 42 0.022020226 
83 422 22 27 0.021733 
558 399 12 14 0.02104385 
625 307 28 33 0.02104377 
666 217 26 38 0.020340394 
