56_Voter_peoplevoting_56_459
42
243 90 32 48 0.99829775 
742 89 37 49 0.995116 
354 75 28 46 0.9934848 
864 89 31 43 0.9504934 
496 81 18 35 0.54966354 
86 43 21 40 0.5076109 
971 157 15 18 0.46398205 
634 97 35 35 0.29252177 
272 167 40 45 0.175732 
323 97 29 36 0.11727331 
389 151 37 38 0.0985262 
121 36 26 40 0.074082114 
757 373 10 13 0.06880183 
884 200 33 29 0.06335796 
820 140 14 15 0.052351836 
769 388 9 12 0.04715691 
993 111 9 11 0.04680431 
369 141 28 37 0.04349721 
859 70 27 49 0.040939562 
333 91 36 37 0.036955256 
49 269 10 13 0.035682447 
805 208 13 15 0.032220185 
740 357 10 13 0.032188933 
761 414 11 13 0.031420946 
965 150 15 17 0.03112115 
830 173 12 16 0.030375177 
159 252 8 11 0.030051742 
376 147 35 38 0.029997312 
744 316 9 11 0.029686792 
279 208 29 30 0.02955623 
779 136 18 21 0.02846573 
367 122 31 41 0.028310139 
760 334 9 11 0.027214807 
179 175 24 31 0.026042543 
833 170 17 21 0.024668543 
846 163 14 19 0.024140336 
544 478 28 28 0.023779409 
809 134 25 29 0.022799052 
628 89 27 37 0.021610623 
895 103 30 33 0.020630414 
803 189 25 29 0.02048247 
273 188 31 36 0.020172331 
