56_Voter_peoplevoting_56_118
41
282 93 91 118 0.9997327 
361 13 79 99 0.99067104 
107 7 60 62 0.9661497 
568 130 53 79 0.7131495 
668 67 40 50 0.4551934 
450 -1 46 69 0.44746783 
697 120 42 60 0.42077652 
658 84 64 86 0.3708197 
574 96 56 84 0.35233024 
586 245 112 101 0.1891081 
227 455 61 75 0.12431549 
72 417 109 102 0.08928279 
109 122 43 62 0.087194204 
813 -3 58 49 0.08425026 
589 82 89 112 0.076398924 
988 338 35 69 0.0668169 
525 223 187 220 0.055227682 
554 99 52 92 0.050119277 
423 -10 69 103 0.05004067 
435 154 323 403 0.04113874 
587 136 60 88 0.040865377 
247 441 86 101 0.03910644 
801 9 54 59 0.037411503 
943 424 86 158 0.037290495 
793 29 49 60 0.0356681 
843 -4 67 55 0.031730127 
525 21 33 39 0.031535085 
211 464 98 109 0.028285896 
911 14 117 181 0.027268572 
3 310 201 216 0.026997251 
404 6 56 82 0.026505416 
468 14 52 72 0.02634296 
108 118 76 99 0.023905175 
88 408 200 185 0.022864636 
304 58 88 116 0.021997144 
506 20 48 62 0.021857893 
36 383 124 109 0.02170455 
543 61 104 135 0.02128362 
42 431 37 38 0.02086676 
635 241 65 72 0.02029725 
513 15 32 42 0.020069566 
