56_Voter_peoplevoting_56_268
373
392 252 27 40 0.9899498 
242 275 35 41 0.984295 
742 227 26 35 0.9750209 
806 218 23 31 0.96938163 
111 184 10 13 0.9424156 
277 181 15 19 0.9058054 
77 183 10 13 0.90448993 
300 210 16 19 0.8997396 
863 232 22 28 0.88019633 
631 193 18 20 0.8739701 
138 217 21 25 0.8531274 
262 224 20 25 0.79467845 
516 214 13 16 0.7531913 
415 225 21 27 0.71744597 
26 182 13 17 0.7025948 
336 231 20 28 0.6966426 
392 183 12 17 0.694485 
358 204 10 13 0.611709 
828 218 17 25 0.6039881 
597 209 11 15 0.5948375 
128 189 10 12 0.5799439 
369 181 10 12 0.5687971 
654 222 25 31 0.5544861 
477 224 18 21 0.5356301 
947 204 23 28 0.5210379 
771 224 19 24 0.5138093 
411 197 11 14 0.44921204 
582 225 13 20 0.43742222 
358 226 13 21 0.41567057 
677 195 13 17 0.35810784 
301 180 11 14 0.34245545 
558 198 11 13 0.31606013 
223 205 15 20 0.30762678 
237 179 12 15 0.26258397 
446 218 15 19 0.24746846 
564 182 10 12 0.22028534 
646 223 21 31 0.21433425 
120 213 12 16 0.2032481 
345 182 8 11 0.20150359 
666 222 21 29 0.19285512 
76 210 15 18 0.1908668 
961 210 15 21 0.1851495 
97 172 9 12 0.18439338 
245 181 11 15 0.1769962 
746 219 18 24 0.17556235 
222 181 10 14 0.17496106 
116 182 8 12 0.16700977 
864 203 12 16 0.16390763 
407 226 16 22 0.1624323 
230 175 13 15 0.15384902 
24 164 9 10 0.15099229 
57 166 8 10 0.14962225 
280 289 15 19 0.14954396 
264 168 8 10 0.14829423 
935 202 23 27 0.14772633 
262 172 9 12 0.14571059 
570 224 21 30 0.1382543 
95 168 9 11 0.13303347 
345 227 18 27 0.13028672 
931 204 17 21 0.12848264 
278 176 12 15 0.1243657 
78 161 9 11 0.123838976 
337 207 9 11 0.12319483 
311 176 8 9 0.120560504 
633 223 20 28 0.11870998 
469 217 22 26 0.116879456 
134 184 9 12 0.115729935 
103 224 9 12 0.115574576 
318 183 9 12 0.11180733 
201 182 9 12 0.110945046 
684 192 11 15 0.10943311 
38 159 7 9 0.10794997 
182 275 13 17 0.10761246 
613 248 15 17 0.107211046 
202 167 8 11 0.10677295 
175 186 12 15 0.10634388 
173 217 15 19 0.102249324 
61 174 8 10 0.098192304 
619 215 16 22 0.09783204 
201 190 10 12 0.09770846 
38 166 8 10 0.09736798 
455 205 10 14 0.09544917 
455 213 19 26 0.09503687 
482 193 13 16 0.094992466 
222 198 13 18 0.09393235 
884 236 14 18 0.09162718 
128 194 10 13 0.087901555 
237 197 13 19 0.08789964 
57 173 8 11 0.084722385 
142 187 9 11 0.08400634 
348 183 9 11 0.081641234 
347 258 16 22 0.08099325 
175 255 13 15 0.08074533 
29 177 11 12 0.08032364 
34 159 8 10 0.08010842 
703 172 8 10 0.07854356 
201 174 9 11 0.07775235 
364 205 10 13 0.07697708 
848 191 11 14 0.07649062 
763 225 20 30 0.07624895 
322 132 7 9 0.07382846 
175 168 7 10 0.072946064 
198 196 14 17 0.07253564 
440 203 11 15 0.07223373 
521 284 14 17 0.07203 
169 172 9 12 0.07189223 
4 206 9 12 0.07058355 
181 187 9 12 0.070579074 
666 206 24 30 0.07050001 
340 141 9 11 0.06983183 
32 165 9 10 0.069701806 
257 176 8 12 0.06867399 
565 186 12 16 0.06864107 
321 165 7 10 0.06830766 
244 202 12 18 0.06788734 
522 213 11 14 0.06753421 
325 184 9 12 0.06753166 
522 218 12 17 0.06561421 
309 180 12 15 0.06451023 
337 136 9 10 0.06285601 
977 205 15 18 0.062133275 
674 219 14 20 0.061443068 
109 179 18 22 0.06011301 
492 287 12 16 0.05957218 
335 211 11 14 0.05937472 
563 195 12 15 0.059102435 
560 188 11 15 0.058927685 
873 237 15 23 0.05745794 
352 160 8 10 0.057394497 
402 237 26 36 0.056971338 
277 189 16 21 0.056068964 
454 182 9 11 0.05571146 
4 179 11 15 0.05509667 
535 212 10 13 0.05381246 
189 203 15 18 0.053130127 
204 208 12 17 0.052071072 
733 187 11 13 0.051693987 
6 176 9 11 0.051596686 
571 188 12 16 0.05140275 
73 160 8 10 0.051164944 
87 160 7 10 0.050736498 
73 164 10 11 0.05055534 
177 259 14 18 0.050352626 
158 183 10 12 0.049762987 
253 210 13 17 0.049525037 
174 173 8 10 0.049087513 
258 234 20 24 0.048827074 
253 179 10 13 0.048430935 
168 220 13 17 0.048056595 
190 187 10 11 0.04699101 
230 250 25 31 0.046856593 
818 218 17 24 0.04655357 
612 209 17 23 0.046352856 
119 176 8 11 0.046268485 
467 211 17 23 0.04614356 
969 204 20 25 0.04614197 
565 232 17 22 0.045733057 
178 148 8 11 0.04569935 
603 210 12 18 0.04557501 
119 208 10 13 0.045320444 
349 188 8 11 0.045212265 
355 199 19 23 0.04518669 
310 142 8 11 0.044451807 
144 168 7 9 0.044305936 
127 159 8 9 0.04389271 
61 168 8 10 0.043596722 
342 177 9 11 0.043525394 
229 200 19 24 0.043449793 
0 159 6 10 0.04326741 
508 172 9 11 0.043094635 
670 199 17 21 0.04297382 
690 197 11 14 0.04210478 
326 133 8 9 0.042014256 
267 212 15 19 0.04185991 
236 261 31 37 0.041851174 
237 168 9 11 0.04181532 
673 192 11 14 0.041497678 
327 166 8 9 0.041431308 
47 180 9 11 0.04139935 
49 204 9 13 0.041315652 
342 264 16 20 0.04093552 
36 195 12 14 0.04075197 
233 169 9 11 0.04051101 
178 212 17 21 0.040432997 
172 194 13 15 0.04002807 
326 233 16 22 0.039797727 
587 220 12 18 0.039693717 
127 166 7 9 0.039502993 
576 220 13 19 0.039491344 
39 172 9 12 0.039164294 
216 196 10 16 0.039021734 
407 192 11 14 0.038961478 
908 208 16 18 0.03878841 
191 167 8 10 0.0387292 
63 180 9 12 0.038724333 
228 196 14 19 0.03871965 
75 179 17 22 0.038486093 
268 167 9 11 0.038160056 
386 186 11 15 0.037994534 
335 190 7 10 0.037834477 
697 173 9 11 0.037601005 
187 216 16 22 0.037515305 
847 249 12 17 0.037299313 
397 178 9 11 0.036884397 
527 228 12 17 0.036389187 
343 199 10 12 0.035981197 
221 177 19 24 0.035494905 
36 189 11 14 0.03520251 
600 436 36 46 0.035170518 
117 187 10 13 0.034992795 
460 204 12 17 0.03471821 
217 187 10 14 0.034393337 
527 209 9 10 0.034290977 
484 282 22 25 0.03426945 
121 198 9 11 0.034087572 
47 200 10 12 0.033687104 
16 159 8 10 0.03347896 
575 212 11 15 0.03339091 
136 174 9 10 0.03324557 
90 166 8 11 0.03289807 
184 165 9 11 0.032793086 
80 217 15 17 0.032781564 
664 173 11 14 0.032560665 
203 268 12 15 0.032111168 
82 141 8 11 0.03204475 
278 156 8 10 0.03203916 
270 173 12 15 0.031955536 
253 238 17 23 0.031842247 
166 214 12 15 0.031838838 
947 197 15 20 0.0317347 
625 202 21 29 0.03173317 
260 203 15 18 0.031704467 
150 168 7 10 0.031641845 
247 241 28 33 0.031594846 
351 199 10 13 0.031381354 
260 211 16 19 0.031299885 
444 199 11 16 0.031256348 
327 219 14 16 0.030985856 
841 219 14 19 0.030954577 
383 205 11 14 0.030803792 
840 175 11 13 0.030626595 
261 145 8 10 0.030440416 
490 225 13 18 0.030310009 
294 195 13 16 0.030229919 
677 180 11 13 0.030178111 
24 176 11 14 0.030141542 
23 202 10 13 0.030129436 
299 176 18 23 0.02984534 
693 192 9 12 0.029549802 
132 195 10 13 0.029353965 
125 204 11 15 0.029166704 
296 176 10 13 0.029012999 
421 214 15 19 0.029003585 
884 246 13 20 0.028969951 
33 152 8 11 0.02866216 
580 212 14 19 0.028648412 
213 193 20 28 0.028645175 
311 158 9 12 0.028597342 
38 153 8 10 0.028580775 
619 227 21 28 0.028456949 
677 223 20 28 0.028292684 
272 230 16 20 0.028263258 
699 231 16 22 0.028217439 
230 290 15 20 0.028207 
475 212 17 21 0.027992964 
677 174 11 13 0.0278314 
29 193 13 17 0.027748372 
682 198 15 19 0.027676566 
151 184 9 11 0.027425034 
186 269 12 16 0.027342336 
561 177 10 12 0.02731583 
5 211 10 14 0.027277032 
55 161 8 10 0.027172863 
108 227 11 14 0.027131096 
519 279 11 15 0.027125131 
158 209 11 16 0.026897598 
101 168 9 11 0.026808647 
799 224 15 21 0.026691675 
425 219 14 21 0.02636941 
112 207 10 13 0.026304731 
344 159 8 11 0.026241085 
528 254 10 14 0.02623092 
7 143 7 9 0.026190542 
606 216 12 19 0.025991594 
87 150 7 9 0.025971657 
202 161 7 10 0.025944773 
400 233 14 17 0.025826551 
693 224 16 22 0.0255994 
408 196 19 22 0.025419746 
105 158 8 9 0.025323471 
83 182 10 12 0.025301443 
597 214 14 20 0.025295122 
372 206 9 12 0.025200222 
440 217 14 19 0.02519575 
728 181 10 13 0.02514449 
563 202 13 16 0.02477712 
107 188 9 11 0.024716176 
185 160 8 10 0.024621949 
181 241 16 17 0.024344957 
608 243 14 19 0.02431596 
566 221 14 18 0.024093077 
256 225 16 22 0.024051527 
112 178 9 11 0.023927463 
1 230 9 12 0.023923445 
420 198 10 13 0.02384026 
181 196 11 14 0.023838418 
312 135 7 9 0.023704408 
851 193 14 17 0.023610393 
197 200 18 24 0.023556855 
255 196 11 16 0.023503477 
341 211 9 13 0.023346724 
64 159 8 10 0.023272654 
294 205 16 21 0.023226118 
127 175 8 10 0.023149638 
47 165 9 11 0.023102088 
111 158 7 9 0.02309968 
137 168 7 9 0.023084382 
352 221 12 17 0.023080407 
186 234 15 20 0.023029067 
542 206 9 13 0.023012493 
555 193 19 22 0.022870647 
14 152 7 10 0.02281859 
296 195 23 28 0.022796785 
69 151 8 9 0.022676159 
559 176 18 23 0.022555538 
718 174 9 11 0.022522215 
168 187 10 13 0.022509495 
640 211 24 31 0.022490596 
190 161 8 10 0.022348972 
573 205 12 14 0.02228079 
9 166 8 10 0.022255063 
427 238 15 21 0.02216841 
408 255 24 40 0.022145823 
213 207 14 20 0.022137286 
23 194 12 17 0.022099515 
712 168 7 10 0.021991687 
664 158 8 9 0.02194061 
317 176 8 10 0.021765452 
671 173 9 12 0.021698615 
126 184 18 23 0.021695321 
443 148 11 15 0.021695131 
467 203 14 19 0.02164601 
84 206 10 14 0.021591917 
85 279 184 251 0.021579463 
261 178 10 14 0.021552255 
6 219 9 13 0.021535277 
283 175 12 15 0.021477263 
678 165 10 12 0.021467842 
565 189 21 26 0.021404894 
366 176 17 23 0.021371849 
688 173 9 12 0.021361064 
118 225 12 17 0.021306587 
370 149 105 126 0.021306483 
532 218 14 20 0.021174822 
155 224 12 18 0.021104712 
193 221 16 21 0.021103043 
625 217 17 24 0.021079725 
367 158 8 11 0.021027198 
268 204 13 18 0.021018902 
273 276 23 30 0.021011235 
865 200 20 25 0.020960594 
337 183 7 10 0.020851012 
15 165 8 11 0.020850493 
183 203 13 17 0.020819442 
106 182 9 12 0.020743117 
336 200 9 12 0.020661077 
687 234 22 31 0.020541571 
391 212 10 14 0.020258078 
157 386 11 14 0.02022817 
167 159 8 9 0.020157516 
123 213 20 25 0.020145612 
854 243 12 18 0.020106923 
372 177 10 12 0.020105464 
