56_Voter_peoplevoting_56_410
357
826 430 18 20 0.9723164 
492 445 16 20 0.9703789 
270 468 17 21 0.96532136 
472 435 14 17 0.9425273 
123 451 15 18 0.92702067 
322 442 14 18 0.89007455 
283 423 18 21 0.8690779 
177 433 15 19 0.8608901 
743 475 18 20 0.827319 
931 456 18 25 0.75129503 
424 430 17 21 0.7404524 
57 443 19 23 0.7324091 
936 425 15 20 0.71160424 
194 421 19 27 0.7109988 
214 459 16 20 0.671394 
550 446 14 19 0.6698905 
285 442 14 18 0.6606272 
614 461 15 21 0.6358765 
27 419 26 36 0.5661893 
619 410 13 17 0.54808015 
367 435 16 19 0.5099909 
527 429 13 16 0.48062277 
84 434 15 17 0.43556672 
96 434 16 21 0.42124444 
147 443 15 21 0.39887288 
694 470 23 30 0.39404744 
963 444 15 21 0.37822476 
236 453 14 18 0.33623156 
644 465 15 21 0.31030822 
447 429 12 16 0.30199978 
510 427 13 16 0.3016914 
987 451 14 19 0.29571864 
810 472 28 31 0.26982 
598 422 12 15 0.26153368 
155 412 15 19 0.24399512 
891 465 17 21 0.22071622 
138 419 12 16 0.20429307 
364 419 14 19 0.20328487 
403 401 15 18 0.19027266 
414 432 16 21 0.18814403 
404 372 14 20 0.1765795 
529 433 14 17 0.17283015 
189 469 13 16 0.17165558 
985 442 14 18 0.17076142 
349 441 13 18 0.16081423 
186 426 20 26 0.15890314 
451 395 14 17 0.15847197 
969 449 14 19 0.15456803 
869 463 24 32 0.1508205 
894 435 15 18 0.15062378 
922 442 16 20 0.14211558 
228 432 17 18 0.14208838 
863 442 15 20 0.13181175 
924 450 18 23 0.12607889 
982 455 20 26 0.12510598 
19 428 27 35 0.12497069 
571 448 13 18 0.12101386 
563 433 14 16 0.11924479 
893 448 17 23 0.11924276 
303 442 13 19 0.11309327 
286 445 19 25 0.11235553 
270 415 10 12 0.110363916 
590 422 11 14 0.10845471 
406 417 12 15 0.107803844 
583 427 12 16 0.10140783 
119 419 11 15 0.101086535 
318 413 13 15 0.09952902 
423 455 16 19 0.097483955 
85 436 21 24 0.09578522 
35 414 17 21 0.09448354 
217 452 17 21 0.09420812 
365 441 22 25 0.09395581 
91 442 21 28 0.090942554 
169 58 27 28 0.08932535 
136 368 10 11 0.084942885 
813 465 17 20 0.08361481 
429 403 12 16 0.082916595 
575 398 10 14 0.08169033 
172 422 13 17 0.07965136 
861 471 26 32 0.07655556 
392 373 10 13 0.075588934 
406 466 15 19 0.07485689 
119 434 13 17 0.074272834 
602 436 14 18 0.07225127 
819 460 26 30 0.07010701 
246 57 28 29 0.07007422 
172 474 12 15 0.06868705 
381 426 15 21 0.06717496 
341 441 15 19 0.06607519 
351 468 21 27 0.06574282 
223 428 14 17 0.06511661 
587 466 11 15 0.06341261 
620 462 22 26 0.061840292 
917 436 15 18 0.061275575 
226 453 20 24 0.061090745 
94 455 13 18 0.060517997 
938 456 22 28 0.05988964 
542 435 13 15 0.058454003 
548 429 12 16 0.058296084 
210 428 14 17 0.05745089 
124 419 12 16 0.057216756 
243 412 12 16 0.055931207 
35 391 25 29 0.055513438 
558 429 14 17 0.055429943 
709 439 16 21 0.05538637 
749 427 21 28 0.05522347 
760 489 23 29 0.055184875 
119 444 15 20 0.054974314 
501 435 13 17 0.05471434 
93 391 17 21 0.05466742 
443 452 14 17 0.054363467 
565 455 15 22 0.054171752 
183 473 12 15 0.05390566 
543 448 16 20 0.053768426 
205 461 20 26 0.053469654 
548 436 14 16 0.05306447 
399 372 12 17 0.052923527 
194 467 12 15 0.05243108 
817 459 18 20 0.052365653 
553 449 20 28 0.052334256 
407 442 22 27 0.052188408 
603 428 11 14 0.051790107 
504 430 12 16 0.05141119 
452 423 12 15 0.050947785 
435 403 13 17 0.050776415 
290 456 15 20 0.049734272 
567 444 13 17 0.04966792 
423 399 11 14 0.049217273 
324 418 12 14 0.049164586 
437 429 13 17 0.04912277 
628 441 16 21 0.04851572 
385 392 14 18 0.04823162 
357 426 15 20 0.047302704 
385 419 14 18 0.04707999 
460 457 13 19 0.046614405 
332 430 13 16 0.046278212 
134 415 13 16 0.046148792 
411 459 13 18 0.0457872 
930 444 14 18 0.045784023 
898 428 13 16 0.045740172 
289 432 15 20 0.045710832 
131 417 20 25 0.04497804 
371 422 12 17 0.0446928 
452 460 16 20 0.044663083 
26 384 24 29 0.04438475 
494 397 12 14 0.04321773 
250 477 11 15 0.04311247 
612 452 15 21 0.042896938 
514 422 13 16 0.042806786 
325 435 19 24 0.04264228 
831 458 23 27 0.04227348 
358 413 13 15 0.042241424 
153 448 14 19 0.042192392 
574 421 12 17 0.04159818 
202 428 17 22 0.041580874 
379 448 15 19 0.040432837 
404 384 13 18 0.040414084 
175 419 22 27 0.040318716 
642 446 22 29 0.04016635 
917 431 12 15 0.039954174 
588 434 12 15 0.03991529 
859 486 24 30 0.039874684 
137 410 21 27 0.039449133 
875 459 15 21 0.039223492 
811 429 22 27 0.03918933 
372 429 20 24 0.0391868 
326 429 13 17 0.03911451 
473 387 10 14 0.03904076 
589 434 21 28 0.038252953 
446 422 12 16 0.03808663 
174 495 13 18 0.037856948 
496 391 11 13 0.03776475 
854 465 12 18 0.037482303 
740 480 24 27 0.037468743 
228 443 16 19 0.037252646 
278 422 14 18 0.037161022 
262 415 10 12 0.037093077 
580 512 13 17 0.036811914 
823 402 12 15 0.036792263 
77 450 13 17 0.03668067 
130 443 16 21 0.03664281 
669 437 15 18 0.03663947 
648 441 17 19 0.036226884 
848 422 10 13 0.036118854 
586 422 18 24 0.03609521 
263 419 12 16 0.03587108 
196 474 14 15 0.035365503 
322 60 27 28 0.035308994 
423 479 24 28 0.03513538 
897 443 14 18 0.034991022 
122 422 19 24 0.034880526 
546 452 18 24 0.034779545 
752 467 17 22 0.03472988 
83 466 13 17 0.034264382 
951 420 12 16 0.03425766 
254 413 11 14 0.03416472 
162 411 14 17 0.03415463 
600 440 21 28 0.033873066 
308 439 18 23 0.03382985 
313 413 10 14 0.03369143 
171 385 14 16 0.033674836 
474 449 14 19 0.032893483 
844 462 16 22 0.03283687 
959 438 14 17 0.03273375 
445 412 12 15 0.03240622 
638 467 25 32 0.032337736 
493 409 12 15 0.032190762 
112 418 13 17 0.03209624 
83 448 16 20 0.03193491 
188 459 21 25 0.031458072 
445 400 14 19 0.031327337 
992 457 16 23 0.031096013 
143 502 10 14 0.03109378 
420 462 23 29 0.030970622 
647 459 17 22 0.030878598 
873 445 22 30 0.03085592 
235 461 15 20 0.030672085 
133 457 11 14 0.030551685 
909 478 14 16 0.030525295 
933 463 29 35 0.030446095 
430 453 22 27 0.030199276 
434 483 17 23 0.02949102 
979 427 22 28 0.029473066 
440 421 11 15 0.029452734 
917 456 16 20 0.02939712 
351 427 12 17 0.029382184 
442 437 20 25 0.029332263 
151 428 12 17 0.029115595 
423 410 13 15 0.02911176 
167 469 11 16 0.029096799 
318 413 22 26 0.028900858 
403 427 14 19 0.028816476 
302 412 10 14 0.028783554 
53 437 18 21 0.02872011 
357 435 15 19 0.028717183 
516 450 15 20 0.028619703 
543 423 10 12 0.028616393 
852 444 20 28 0.028113551 
732 31 13 13 0.027929027 
593 417 20 24 0.027867408 
222 445 14 16 0.027761728 
279 433 16 19 0.027708404 
452 452 15 18 0.027670428 
967 465 14 19 0.027551102 
905 514 17 19 0.02749198 
532 441 14 17 0.027452786 
401 376 21 30 0.027396329 
897 472 15 19 0.027395936 
946 464 17 22 0.027316408 
399 419 13 16 0.027173659 
912 430 11 14 0.0271097 
544 398 10 12 0.027109366 
330 -132 407 472 0.027094707 
269 416 20 26 0.026924307 
880 465 28 35 0.026828524 
386 430 15 21 0.026825061 
681 462 42 52 0.026741935 
847 426 12 17 0.026733976 
861 460 12 16 0.026700137 
523 451 13 18 0.026656266 
421 387 11 14 0.026643084 
143 437 15 21 0.026473848 
766 24 18 19 0.02588554 
333 413 11 14 0.025835615 
166 418 14 17 0.02581304 
86 457 13 19 0.025811013 
972 377 15 19 0.025802448 
464 435 13 17 0.025799854 
550 421 11 15 0.025697818 
557 458 21 30 0.02555973 
946 425 14 18 0.025473291 
903 425 23 28 0.025213404 
685 462 25 32 0.025164744 
487 428 11 14 0.025004044 
892 417 24 28 0.02499776 
180 422 14 16 0.024842203 
516 434 12 16 0.024828207 
970 452 21 27 0.024774093 
251 484 11 14 0.024728559 
400 438 21 28 0.024688883 
908 458 13 18 0.02457871 
542 378 8 11 0.024554659 
524 442 14 17 0.024477934 
488 421 11 15 0.024255019 
286 464 13 18 0.024250844 
145 422 23 31 0.024244266 
126 413 13 16 0.02415946 
927 425 19 25 0.024105592 
537 427 20 25 0.024079178 
549 76 19 20 0.023986494 
461 442 12 17 0.023914855 
640 460 14 19 0.023889054 
269 441 13 18 0.02385613 
965 455 16 21 0.023660535 
341 428 12 16 0.023630915 
853 464 24 30 0.023605771 
105 439 16 21 0.023591952 
54 453 16 21 0.02353747 
317 446 22 28 0.023530437 
800 442 14 21 0.023528397 
946 453 14 18 0.023425495 
52 416 16 22 0.023389902 
409 466 23 27 0.02336617 
805 481 18 20 0.023060145 
608 459 15 20 0.022999529 
499 501 11 16 0.0229879 
697 457 28 32 0.022970222 
885 448 17 23 0.022932282 
452 442 14 18 0.022882503 
231 485 9 11 0.022851033 
952 414 12 15 0.022801884 
817 445 25 30 0.022797935 
204 474 12 16 0.022740744 
398 428 13 18 0.02270565 
431 362 15 18 0.022595845 
402 406 20 24 0.02254656 
508 441 14 18 0.022535414 
701 442 14 18 0.02249348 
128 429 22 27 0.022491865 
269 453 12 15 0.022462718 
403 363 24 32 0.022450292 
435 439 15 20 0.02237645 
470 421 13 15 0.022160126 
557 421 12 15 0.022122303 
531 422 12 14 0.022067184 
496 382 11 13 0.022024982 
298 453 16 21 0.021896735 
658 437 22 27 0.02188731 
622 472 29 31 0.021878187 
308 467 13 18 0.021863911 
48 400 16 20 0.021581274 
341 467 15 22 0.021421472 
351 420 13 17 0.021407353 
169 470 20 25 0.021391366 
206 467 12 15 0.021363772 
489 399 9 12 0.021276882 
911 440 13 18 0.021276746 
752 423 12 15 0.021256011 
798 528 15 18 0.021175142 
858 455 23 30 0.021140093 
150 339 13 16 0.021089735 
619 451 17 23 0.02102584 
153 335 11 13 0.02100114 
77 458 14 19 0.020929642 
853 493 18 23 0.020805025 
399 469 14 17 0.020771265 
691 444 15 17 0.020688806 
238 416 14 17 0.020673776 
685 446 26 30 0.020620154 
362 453 18 23 0.02053668 
928 437 39 50 0.020425946 
662 369 15 20 0.020309573 
582 462 20 27 0.020282045 
571 434 13 17 0.020269204 
355 411 21 27 0.020209083 
535 452 11 17 0.020204648 
722 434 18 23 0.020014443 
