61_Street_Battle_streetfight_61_640
20
694 112 129 175 0.9965321 
663 673 26 31 0.87018585 
625 244 107 119 0.09401709 
406 53 168 266 0.089831345 
679 678 17 22 0.07899277 
643 138 143 187 0.07280745 
612 115 80 125 0.046911728 
633 699 13 16 0.041672546 
696 267 32 34 0.041248973 
601 677 16 19 0.037393045 
283 557 110 142 0.03206489 
668 667 38 44 0.030453842 
540 121 47 63 0.029696152 
302 760 29 38 0.029574024 
457 133 101 126 0.027874125 
546 89 194 242 0.027721113 
614 382 122 138 0.021181718 
308 396 398 467 0.020588396 
685 670 23 31 0.02051703 
369 186 392 490 0.020488903 
