61_Street_Battle_streetfight_61_158
46
611 174 85 109 0.9976573 
749 166 27 30 0.99245703 
875 192 31 54 0.99196285 
315 273 23 30 0.75778186 
345 356 49 60 0.37246698 
518 175 14 21 0.2344837 
309 286 24 31 0.17846462 
-17 504 237 259 0.12303507 
374 294 38 45 0.0695297 
858 169 13 17 0.0580994 
312 280 17 20 0.05433134 
1005 658 19 31 0.049559638 
1004 163 21 31 0.049531516 
357 382 35 42 0.04832622 
967 162 31 39 0.04577784 
496 201 29 36 0.041891713 
407 260 398 429 0.040370703 
216 138 9 11 0.039314292 
222 149 12 18 0.039129566 
950 164 28 40 0.0369101 
0 658 41 67 0.036646295 
521 171 24 29 0.035943877 
823 219 31 40 0.035622913 
981 162 15 19 0.03358292 
369 542 26 34 0.03344761 
549 157 40 48 0.03218452 
514 177 12 18 0.029397508 
947 169 16 23 0.028452834 
494 194 15 19 0.027330754 
407 216 15 20 0.02705504 
838 146 14 19 0.026861016 
316 269 36 53 0.026383094 
-39 434 361 427 0.026152156 
500 189 26 32 0.024101216 
332 272 29 45 0.02369896 
567 106 27 35 0.023679713 
992 157 26 35 0.023420427 
814 178 14 16 0.023233764 
597 349 230 269 0.022595711 
955 167 39 53 0.02199457 
742 156 42 52 0.02198488 
394 285 54 70 0.021833649 
801 171 14 17 0.02182759 
208 141 10 12 0.020734588 
497 200 18 23 0.02062188 
827 143 23 29 0.02001043 
