61_Street_Battle_streetfight_61_546
27
425 151 22 31 0.7864537 
526 151 22 31 0.7809882 
827 5 30 32 0.07206477 
75 127 17 20 0.069391906 
534 143 25 35 0.06493837 
434 144 18 28 0.0556245 
114 130 16 21 0.050502256 
531 139 19 22 0.048597265 
130 163 24 29 0.036841437 
995 480 20 33 0.030807115 
31 94 17 22 0.030675022 
104 121 22 30 0.029724797 
412 144 29 37 0.027949788 
429 198 15 20 0.02757601 
109 115 15 20 0.02698586 
100 127 16 24 0.02656497 
114 120 17 22 0.024873858 
581 114 12 17 0.024127128 
709 32 15 18 0.023207191 
90 118 23 32 0.022495106 
520 148 38 48 0.0221386 
520 160 15 22 0.021886658 
526 195 24 29 0.021756614 
512 219 25 30 0.021649959 
436 130 23 33 0.021627255 
644 257 32 40 0.020936787 
598 97 16 19 0.020205459 
