61_Street_Battle_streetfight_61_432
159
645 320 26 34 0.99928445 
178 149 28 37 0.9972512 
637 518 33 43 0.99668866 
148 234 37 46 0.99610704 
101 152 29 39 0.9959858 
806 416 30 41 0.99530315 
846 324 23 29 0.9941293 
740 322 26 36 0.9906213 
621 271 23 29 0.98868775 
761 248 15 19 0.98782593 
966 374 28 33 0.9840322 
500 297 27 34 0.9834515 
586 218 17 23 0.9790573 
794 287 18 25 0.9767944 
899 283 16 20 0.9724504 
142 299 34 45 0.9646596 
845 273 18 22 0.96392584 
855 401 24 30 0.955408 
652 201 14 20 0.9545454 
824 268 12 15 0.95121706 
632 216 17 22 0.9490521 
708 396 35 45 0.9475753 
263 174 18 23 0.9357837 
524 209 18 24 0.89745724 
796 263 13 18 0.894574 
887 324 22 26 0.88807076 
833 287 17 22 0.8853931 
548 237 24 32 0.87486607 
414 530 30 40 0.80870557 
499 506 34 38 0.7618026 
212 209 29 43 0.7255815 
262 210 29 34 0.6282184 
187 109 12 15 0.5611455 
319 150 23 32 0.5475395 
934 271 9 12 0.5076055 
403 162 37 51 0.47757956 
507 185 17 23 0.4173196 
225 106 16 21 0.41589078 
615 244 12 16 0.38923082 
221 202 29 38 0.38395742 
715 349 20 28 0.372204 
424 164 27 51 0.2716523 
952 372 25 32 0.25997418 
960 617 41 64 0.25070408 
921 384 22 32 0.21721843 
833 347 15 21 0.20472406 
875 297 15 22 0.19836837 
229 196 26 31 0.17767608 
367 169 32 41 0.17134748 
224 313 31 33 0.16336654 
205 194 25 37 0.159286 
156 124 23 28 0.1550345 
442 180 26 40 0.15373915 
793 358 24 31 0.15303934 
205 191 17 25 0.14224176 
324 167 23 34 0.14020865 
121 121 17 19 0.1296133 
382 167 45 56 0.12163772 
458 178 15 19 0.120988004 
320 117 11 16 0.1086221 
837 372 16 21 0.10842444 
763 356 21 25 0.1047339 
451 176 24 34 0.0990411 
157 170 15 19 0.09721407 
320 149 14 20 0.09380103 
596 299 12 17 0.092767484 
468 170 11 15 0.084471725 
940 295 15 18 0.08019134 
941 374 22 30 0.07861653 
238 204 28 35 0.073853455 
946 333 19 22 0.07201737 
830 302 14 19 0.067425236 
281 193 15 19 0.067415744 
298 212 23 27 0.06731712 
981 380 23 31 0.06418571 
942 330 16 18 0.06327147 
217 300 31 36 0.06248536 
510 175 12 17 0.061684158 
248 220 13 16 0.061377544 
275 213 26 34 0.060703557 
929 393 14 19 0.05973525 
250 208 28 33 0.059439447 
630 241 14 17 0.059053577 
372 176 17 22 0.05792719 
213 188 24 32 0.05248808 
543 248 25 36 0.052012287 
789 388 23 30 0.051551174 
214 323 47 53 0.05138618 
930 276 11 16 0.049909256 
733 234 12 16 0.049106333 
218 226 18 25 0.04843922 
513 180 14 19 0.047166545 
452 196 15 22 0.046479646 
948 326 16 18 0.0450546 
837 317 23 31 0.04482798 
307 205 15 18 0.04453304 
801 267 13 16 0.044526987 
926 282 13 17 0.04441972 
911 389 25 34 0.044084273 
983 316 14 18 0.043855604 
281 248 16 19 0.040296707 
825 308 20 28 0.037962668 
907 278 12 16 0.037400138 
643 248 14 19 0.03671111 
131 123 13 17 0.03412627 
187 226 24 35 0.034060508 
277 187 15 19 0.033589628 
132 116 10 13 0.03344311 
980 342 15 19 0.033414323 
823 286 19 27 0.032167163 
466 177 13 19 0.032000877 
182 107 20 24 0.031729896 
463 166 13 15 0.031559877 
822 305 15 20 0.031197 
954 331 13 17 0.031079924 
349 115 10 14 0.030980583 
813 289 15 20 0.030978302 
218 211 17 24 0.03092823 
625 307 11 15 0.030413525 
339 175 14 20 0.029222798 
832 359 22 29 0.027242681 
278 200 14 19 0.027230771 
283 218 15 21 0.027140161 
417 521 44 61 0.02686106 
617 246 17 21 0.026857732 
918 291 12 15 0.02604573 
965 275 12 16 0.025998708 
325 187 16 22 0.025740428 
197 210 24 36 0.025731293 
371 161 13 19 0.025022013 
913 308 23 28 0.024900477 
458 163 21 30 0.024647247 
437 637 12 16 0.024561945 
313 148 38 50 0.024334772 
166 195 16 21 0.02416063 
162 157 24 31 0.024088683 
411 661 15 16 0.023673914 
82 290 18 20 0.023666091 
736 267 12 17 0.02321028 
336 170 26 34 0.022852201 
149 168 25 32 0.022833033 
852 305 14 17 0.022745967 
270 294 41 51 0.02204181 
741 263 11 15 0.021998212 
495 182 25 33 0.021927772 
211 287 32 38 0.021919949 
468 184 13 20 0.02174781 
727 232 14 20 0.021721227 
615 255 25 31 0.021274386 
391 154 34 43 0.021027356 
219 174 18 21 0.020907698 
141 126 11 15 0.020736834 
317 111 18 26 0.02067686 
676 619 21 34 0.020676339 
924 379 16 23 0.020405466 
329 160 17 25 0.020359501 
285 218 27 33 0.02029351 
213 162 15 21 0.020054877 
377 645 10 12 0.020001391 
