61_Street_Battle_streetfight_61_430
186
139 450 17 21 0.9957432 
570 471 24 34 0.9944852 
916 581 23 29 0.98236096 
795 458 15 18 0.9767933 
234 462 18 24 0.9727085 
863 486 19 22 0.96491677 
952 434 20 25 0.96232617 
839 459 19 22 0.9563258 
289 452 18 23 0.9493787 
453 451 19 22 0.9227884 
905 431 17 22 0.9167586 
198 461 17 20 0.9069456 
91 463 16 20 0.88852733 
622 463 22 27 0.88637036 
271 459 13 16 0.8739659 
691 452 16 22 0.8715146 
914 429 22 27 0.8696163 
912 390 15 19 0.8675279 
519 459 19 22 0.8453944 
164 457 17 22 0.843796 
428 477 14 19 0.81974566 
965 534 40 74 0.7376426 
860 454 14 17 0.6994757 
372 461 22 34 0.6958337 
36 453 18 22 0.6695277 
477 452 15 18 0.6478768 
66 444 15 18 0.5443733 
552 469 15 19 0.41697326 
596 445 14 19 0.39714825 
672 444 10 14 0.39681897 
309 463 16 19 0.36162248 
413 440 10 12 0.30805877 
975 451 17 19 0.28116992 
756 443 23 29 0.24499574 
119 465 11 13 0.24215142 
136 416 16 18 0.23475422 
214 433 16 20 0.21546395 
140 381 12 14 0.203423 
918 437 26 30 0.18798487 
51 456 14 17 0.18203887 
895 488 18 21 0.16783535 
1003 391 17 22 0.16619709 
379 476 15 23 0.12181537 
267 570 14 17 0.11435321 
553 472 23 30 0.11181742 
847 456 19 23 0.10476319 
937 481 24 28 0.09712695 
423 460 11 15 0.09543425 
994 437 16 22 0.09541604 
590 515 42 55 0.08805371 
764 103 22 30 0.08563032 
319 430 11 15 0.08385807 
1013 450 11 18 0.0833757 
674 437 12 16 0.08169231 
358 459 26 31 0.07876311 
268 510 12 19 0.07851929 
549 425 15 16 0.077656746 
214 448 15 18 0.07687851 
496 544 9 12 0.076876804 
708 451 15 21 0.07522324 
590 478 20 26 0.07012723 
849 431 10 13 0.06903137 
69 459 14 18 0.06514607 
728 445 13 19 0.06468364 
746 34 16 20 0.061609562 
171 463 13 19 0.059118334 
429 454 12 14 0.058239065 
972 455 22 27 0.057205647 
462 430 10 11 0.05699851 
499 468 13 16 0.05257156 
750 28 12 15 0.05206942 
518 469 17 21 0.051613994 
750 440 17 22 0.05159551 
737 459 18 20 0.051090714 
728 448 21 26 0.050086375 
405 424 9 11 0.0499621 
98 500 11 14 0.048928883 
279 552 14 19 0.048902784 
855 480 21 26 0.04856978 
260 513 14 18 0.04811421 
411 533 14 18 0.047805805 
733 42 22 26 0.047087956 
63 439 14 16 0.0462766 
310 465 23 27 0.04574019 
957 418 14 17 0.04541568 
380 451 15 26 0.045309715 
255 516 13 18 0.0450319 
91 477 16 21 0.04299835 
666 445 11 13 0.042474885 
592 448 22 28 0.040765107 
389 444 11 15 0.040440377 
985 408 16 19 0.04042004 
20 468 13 18 0.039971866 
572 419 11 13 0.039788246 
416 468 11 14 0.039209228 
676 450 12 15 0.038915817 
434 421 8 10 0.03835522 
238 491 14 17 0.037576832 
679 430 11 15 0.037180766 
299 456 19 26 0.03610744 
727 482 52 57 0.036043007 
767 87 25 30 0.03598005 
745 449 25 30 0.034660354 
557 518 23 32 0.034470245 
715 445 13 17 0.03334808 
180 467 13 18 0.0332139 
758 109 16 22 0.032845423 
244 491 15 18 0.03276178 
388 499 13 16 0.032502722 
972 420 13 17 0.03165333 
709 456 23 28 0.031388655 
323 473 14 18 0.03130457 
552 414 12 15 0.031275306 
168 420 12 16 0.031247256 
972 397 13 16 0.031139357 
465 448 18 24 0.030486587 
511 421 12 13 0.03029626 
253 564 11 14 0.030097302 
613 455 24 29 0.030067585 
79 414 10 12 0.02993993 
657 477 14 18 0.028981892 
841 470 17 21 0.028707316 
1005 444 18 26 0.028471917 
941 430 22 28 0.02834734 
368 475 27 36 0.028194375 
674 557 13 15 0.027754072 
127 540 13 17 0.02763503 
842 479 16 22 0.027487857 
726 460 25 28 0.027411325 
189 491 13 15 0.027183276 
261 568 23 28 0.02688179 
236 455 16 19 0.026855065 
923 452 18 21 0.026680702 
460 434 13 15 0.026402207 
726 50 25 31 0.026168272 
110 467 11 15 0.026131423 
59 457 14 17 0.025573403 
425 449 20 25 0.025360819 
96 428 10 13 0.025215957 
63 426 13 15 0.025119187 
431 429 10 13 0.024547808 
395 511 16 19 0.02434082 
996 427 17 22 0.024332363 
738 440 23 27 0.024304459 
386 451 14 21 0.024274996 
0 415 9 12 0.024249908 
814 484 14 19 0.023950351 
402 428 10 12 0.02373051 
254 612 14 20 0.02359268 
1004 381 15 20 0.023566427 
93 489 15 18 0.023497557 
281 544 22 32 0.023419483 
984 412 24 28 0.023338033 
386 478 14 21 0.023296721 
173 444 12 14 0.023005733 
127 535 12 14 0.022974996 
496 473 13 18 0.022969455 
317 454 22 31 0.022876363 
187 596 11 12 0.022814753 
339 467 28 30 0.022779627 
199 279 9 12 0.022595793 
417 459 12 15 0.022490555 
455 438 13 15 0.022315253 
224 575 10 13 0.022162756 
627 455 17 20 0.022021228 
269 556 22 26 0.021942617 
45 447 13 16 0.02170718 
39 404 13 16 0.021669056 
777 96 18 22 0.021654557 
288 446 14 19 0.021422802 
475 461 17 20 0.021357214 
568 414 12 15 0.021231337 
26 465 14 19 0.021225369 
75 465 12 17 0.021114929 
413 452 14 16 0.020996528 
416 422 9 11 0.020980736 
55 427 11 14 0.020968977 
261 475 14 19 0.020960629 
492 428 11 13 0.020937428 
959 521 33 59 0.020751989 
354 469 31 36 0.020744193 
96 438 10 12 0.020523503 
913 360 15 18 0.020504039 
219 457 15 20 0.020398764 
13 469 15 19 0.020106379 
783 556 13 18 0.0200554 
