61_Street_Battle_streetfight_61_50
41
453 155 40 51 0.9042303 
509 145 39 58 0.29089835 
195 57 34 42 0.2011793 
864 165 107 142 0.19658342 
713 380 106 135 0.15169142 
100 62 34 37 0.150153 
406 139 41 57 0.11769742 
893 146 73 97 0.09743766 
418 91 43 61 0.07024671 
823 161 57 91 0.06847992 
924 470 60 61 0.06144505 
219 214 28 34 0.05917199 
831 150 90 131 0.057612196 
84 84 24 33 0.043173984 
262 126 27 34 0.041309413 
194 20 34 39 0.04076255 
306 56 15 20 0.04017035 
405 105 44 66 0.040170237 
245 89 22 25 0.039929636 
533 130 41 55 0.03878541 
294 52 23 29 0.037937578 
95 77 48 55 0.03792976 
524 125 13 15 0.03461726 
852 173 184 237 0.03335297 
188 24 48 59 0.032681998 
958 415 53 63 0.031317383 
374 114 47 73 0.030323949 
436 101 26 37 0.029359251 
79 83 13 19 0.029199835 
445 297 32 36 0.026851214 
23 194 47 57 0.025873832 
273 46 26 33 0.02493899 
158 24 85 111 0.024772884 
397 70 21 28 0.024473593 
417 122 17 18 0.024015302 
941 405 53 58 0.023957051 
86 0 198 247 0.023475543 
172 93 14 17 0.022716837 
181 116 16 19 0.02204796 
90 88 35 35 0.021766052 
720 309 108 113 0.02007783 
