61_Street_Battle_streetfight_61_936
28
832 382 36 42 0.9919045 
129 265 34 44 0.98314255 
497 217 35 52 0.9519675 
671 326 32 37 0.8038691 
705 328 35 33 0.5713719 
970 260 37 45 0.36095282 
846 278 30 31 0.17431179 
956 313 65 92 0.15178818 
195 262 27 36 0.13212068 
484 265 24 29 0.05830289 
361 334 27 30 0.053040776 
380 529 27 33 0.04235695 
546 208 23 35 0.04058 
148 272 31 36 0.037483964 
346 308 39 46 0.032093123 
675 312 51 55 0.030546574 
868 390 22 30 0.029699067 
52 257 14 17 0.026069827 
1006 206 16 20 0.02484305 
987 236 17 19 0.024142358 
355 344 20 22 0.024012327 
958 209 15 17 0.023609778 
995 265 29 37 0.023410005 
120 267 28 37 0.02301944 
867 215 99 116 0.022156756 
672 88 126 194 0.020733329 
964 273 55 78 0.020672984 
190 242 29 38 0.020007303 
