16_Award_Ceremony_Awards_Ceremony_16_73
354
260 122 35 46 0.9983298 
410 145 36 49 0.9979693 
316 73 33 38 0.9973489 
615 146 37 47 0.9909952 
266 78 18 23 0.9900109 
203 54 19 24 0.9860989 
91 72 17 23 0.98526275 
727 90 39 52 0.9819118 
640 79 17 22 0.9799392 
492 61 15 19 0.96459454 
720 40 18 23 0.9614724 
637 44 16 20 0.94411033 
654 22 15 19 0.94249237 
563 29 17 20 0.942179 
619 33 14 17 0.9185094 
603 20 13 17 0.9098074 
472 28 14 17 0.87230885 
593 71 16 21 0.86342865 
533 68 13 17 0.856443 
686 25 13 18 0.8367519 
697 41 16 20 0.8287773 
866 37 13 19 0.8244907 
538 44 16 20 0.79959965 
568 76 16 19 0.78794366 
365 50 14 19 0.7831664 
608 59 16 20 0.7709544 
6 83 14 17 0.7031746 
990 0 14 18 0.70150906 
168 57 14 18 0.68767065 
701 1 14 16 0.6768486 
989 35 13 17 0.6587478 
240 58 14 17 0.64452386 
414 63 14 20 0.5840856 
904 113 21 31 0.5731444 
852 21 12 16 0.5636631 
345 37 10 13 0.55552435 
813 32 12 16 0.5525939 
624 73 15 19 0.53658766 
918 37 10 13 0.5254579 
458 58 18 22 0.51552373 
184 66 18 23 0.5093451 
889 36 12 15 0.50721246 
771 0 13 15 0.47670844 
445 54 13 17 0.46947443 
656 64 14 17 0.4578922 
722 14 14 17 0.40050983 
973 20 11 15 0.38324755 
582 16 13 17 0.38143072 
749 38 14 19 0.37382555 
151 140 11 15 0.35360393 
142 56 16 22 0.34476718 
973 36 11 15 0.34168473 
22 80 16 20 0.33120576 
240 81 13 19 0.32778406 
571 50 13 17 0.3173647 
156 78 15 18 0.3145122 
836 36 11 15 0.3083189 
427 60 13 18 0.30021065 
508 0 13 14 0.29716676 
226 68 16 21 0.2791862 
1004 22 12 16 0.2713799 
431 80 15 19 0.27026987 
590 0 13 13 0.26094532 
584 45 12 15 0.25716284 
546 77 13 16 0.21661125 
39 77 10 13 0.20825344 
877 18 11 13 0.19616611 
548 1 14 17 0.18499918 
234 64 18 24 0.17871958 
492 29 11 14 0.17498806 
455 45 14 17 0.17189534 
15 64 11 13 0.1650648 
123 58 14 17 0.16282257 
421 58 15 23 0.15769784 
382 63 15 23 0.14515565 
389 33 11 15 0.14485946 
489 34 12 15 0.1391631 
785 38 11 14 0.13701065 
9 75 19 25 0.13632078 
792 539 27 28 0.13145956 
641 14 11 14 0.13038006 
833 42 11 14 0.12837148 
387 81 14 20 0.12806244 
588 49 11 13 0.12495619 
754 37 12 16 0.1228394 
741 6 11 13 0.119831614 
20 70 14 17 0.119015105 
494 23 11 13 0.11800506 
527 34 13 15 0.11462959 
456 38 12 15 0.114568904 
892 31 10 14 0.113637164 
805 62 9 11 0.10508114 
445 38 11 14 0.104998484 
446 52 21 26 0.10326158 
982 33 15 20 0.099726744 
151 73 15 22 0.09720959 
320 44 8 10 0.09654787 
845 125 10 14 0.094344914 
803 21 11 13 0.088764004 
672 51 13 18 0.08799729 
1001 76 11 14 0.087324746 
52 61 13 17 0.087043084 
132 57 20 25 0.08449578 
445 46 12 14 0.08272155 
627 81 15 18 0.08236591 
757 30 10 13 0.08211798 
347 61 15 19 0.082083106 
599 41 11 16 0.07935312 
699 8 15 18 0.07814697 
904 29 10 14 0.07780154 
1005 15 11 14 0.07765318 
517 60 13 16 0.0764789 
146 62 15 23 0.07545223 
788 43 10 13 0.07443414 
345 87 17 22 0.07416423 
500 23 11 14 0.073712386 
792 53 9 12 0.073417105 
601 32 16 20 0.07328911 
758 -1 10 9 0.073027365 
800 69 9 12 0.070994735 
595 61 19 25 0.07051095 
386 70 16 23 0.07041579 
356 52 20 25 0.070120655 
970 24 16 22 0.06941298 
676 530 15 19 0.06935673 
424 52 12 17 0.06903873 
367 75 13 20 0.06841067 
822 54 8 10 0.06834891 
896 193 17 18 0.066798456 
532 37 16 20 0.06534764 
558 4 14 18 0.0652231 
51 64 21 26 0.064546384 
810 35 9 14 0.063517995 
334 65 24 35 0.06330606 
421 46 10 13 0.063237965 
360 23 8 11 0.062377986 
658 42 12 17 0.06031372 
804 70 9 11 0.057541743 
814 42 12 15 0.05729152 
543 1 12 14 0.057188857 
327 54 11 14 0.055780716 
913 43 10 14 0.055443402 
341 96 24 31 0.05462937 
815 0 10 9 0.053938292 
383 87 14 19 0.053874798 
81 56 18 21 0.05362081 
389 43 12 15 0.053446967 
585 11 15 19 0.052385036 
950 4 10 12 0.0520253 
893 60 10 12 0.051998094 
229 71 20 27 0.0511969 
456 33 10 12 0.050969183 
429 62 19 27 0.050557114 
536 0 9 11 0.05007486 
799 16 11 12 0.049971472 
647 21 14 17 0.049358528 
834 31 11 13 0.049077753 
854 37 11 14 0.04893305 
645 7 13 15 0.048928834 
478 59 12 16 0.048119854 
584 36 12 17 0.04782759 
171 61 16 22 0.047512006 
273 59 10 14 0.047473896 
488 22 12 14 0.04714003 
366 0 8 8 0.046532188 
443 64 15 21 0.04609195 
76 52 17 20 0.045891445 
838 1 10 11 0.045729686 
735 5 12 15 0.045643754 
699 17 14 17 0.0450016 
807 29 12 16 0.044820745 
976 54 9 13 0.0444588 
10 87 14 20 0.044388838 
342 0 7 9 0.043669328 
210 333 9 12 0.043216474 
558 54 11 15 0.04298903 
332 53 12 16 0.04280312 
758 51 11 14 0.04231087 
562 9 15 17 0.041985497 
533 136 14 17 0.041225053 
856 26 19 24 0.041080378 
793 59 9 13 0.040627815 
351 251 14 16 0.04059856 
431 0 9 8 0.0404042 
816 51 10 12 0.040151093 
344 22 9 11 0.0397311 
915 9 12 16 0.039527573 
5 96 15 19 0.039199747 
415 52 12 17 0.038933337 
106 80 14 18 0.038828354 
537 71 18 23 0.03851149 
325 0 9 10 0.038301058 
652 15 14 17 0.038208473 
437 58 13 19 0.038171344 
798 35 11 14 0.03808076 
334 80 26 35 0.037793305 
823 64 9 11 0.037527025 
374 75 19 27 0.037483014 
903 126 13 21 0.03733938 
527 62 12 16 0.037137672 
800 63 9 11 0.036845934 
367 28 9 12 0.03630221 
759 3 11 12 0.036255796 
847 38 10 13 0.035801675 
800 27 10 14 0.035546478 
360 0 9 9 0.03532321 
366 6 9 12 0.03525625 
599 15 14 17 0.034821507 
422 15 9 11 0.03473362 
8 67 12 14 0.03464667 
429 22 8 11 0.03457541 
453 12 12 14 0.03427793 
884 188 23 25 0.034043305 
911 51 10 15 0.03393607 
819 6 11 13 0.03372533 
391 22 8 11 0.03370357 
0 99 10 17 0.033583973 
424 21 9 11 0.033370763 
314 40 9 10 0.033267114 
461 3 9 11 0.03308503 
862 0 11 11 0.033022337 
781 22 10 12 0.03291789 
692 20 13 18 0.032883227 
550 27 15 18 0.032762803 
796 136 15 19 0.032584235 
784 50 11 13 0.032027524 
491 41 14 19 0.031848688 
43 75 12 17 0.031612605 
872 15 12 15 0.031491857 
367 12 9 11 0.031426843 
997 167 10 13 0.031357985 
820 0 9 9 0.031351574 
717 24 15 20 0.031309433 
799 55 9 11 0.031089747 
790 12 10 12 0.030865831 
407 61 14 19 0.03073363 
328 59 12 15 0.030623738 
699 29 14 19 0.030562848 
818 35 12 16 0.03053081 
676 110 16 21 0.030348405 
365 23 9 12 0.030299583 
438 0 9 9 0.0300871 
128 98 13 17 0.029969798 
610 22 13 16 0.029713202 
501 52 13 18 0.029523991 
880 7 10 12 0.029402161 
396 33 11 15 0.029365774 
597 197 13 16 0.029245703 
710 79 16 21 0.029105322 
285 6 9 10 0.028716944 
993 124 25 39 0.028617112 
623 90 14 16 0.028502617 
456 5 10 12 0.02846894 
370 54 15 21 0.02830305 
439 14 9 12 0.028122665 
700 33 19 25 0.028121172 
1001 59 9 11 0.027958388 
389 51 12 17 0.027805135 
896 117 24 37 0.027743587 
726 8 12 14 0.027612854 
487 54 16 20 0.027563522 
792 67 12 16 0.027534906 
735 1 10 11 0.027190777 
626 36 13 17 0.027041985 
374 65 14 22 0.02698002 
325 28 11 13 0.026891582 
393 65 15 19 0.02687398 
120 153 9 12 0.02661023 
509 20 11 15 0.02648855 
508 57 15 18 0.026454477 
805 -1 11 11 0.026303047 
903 1 10 11 0.026299004 
21 92 14 19 0.0260088 
2 83 11 16 0.025975036 
53 56 11 13 0.025876004 
589 30 11 14 0.025593787 
965 148 10 14 0.025400331 
913 6 10 13 0.02533595 
346 69 17 25 0.025274875 
156 143 11 15 0.025176361 
342 60 14 18 0.025153283 
915 125 16 23 0.02504128 
905 145 12 19 0.025029384 
733 10 12 16 0.02501631 
381 53 11 16 0.0248198 
894 24 9 11 0.024751231 
833 4 12 14 0.024574654 
841 63 9 11 0.024403397 
154 65 18 25 0.024397979 
250 71 21 26 0.024376791 
878 63 8 10 0.024205916 
423 7 9 10 0.02407412 
836 130 25 37 0.024000892 
145 135 19 24 0.023953026 
355 72 15 20 0.02394373 
28 149 26 28 0.023920942 
27 70 13 17 0.023854064 
440 138 24 36 0.023656804 
805 54 10 13 0.02351403 
978 20 12 16 0.02344622 
673 45 17 19 0.023419088 
394 81 14 19 0.023346834 
0 68 9 13 0.023210227 
603 43 14 17 0.023122905 
547 49 13 17 0.023105836 
70 56 16 20 0.02301536 
277 69 12 16 0.022841517 
567 54 14 19 0.022797773 
883 141 11 18 0.022779945 
279 2 8 9 0.022689264 
823 318 13 16 0.022565125 
858 20 12 15 0.022467786 
879 145 12 20 0.022161968 
342 4 8 11 0.022151195 
690 91 22 31 0.022049023 
778 27 11 14 0.021881714 
342 32 18 22 0.021789793 
903 135 21 32 0.021743786 
603 80 12 17 0.021720419 
868 0 10 10 0.021676073 
790 28 12 16 0.021551687 
486 13 11 15 0.021479439 
878 68 9 11 0.021403719 
647 72 18 22 0.02137602 
446 0 10 9 0.021297636 
584 2 14 16 0.02128131 
182 63 13 18 0.021236641 
657 49 18 24 0.021235887 
971 30 22 28 0.021150984 
889 60 9 11 0.021057859 
436 69 21 26 0.021039043 
909 29 12 16 0.02090789 
758 24 10 12 0.020879986 
156 55 18 25 0.02085334 
942 21 9 11 0.020810783 
815 23 10 13 0.02076792 
475 52 13 18 0.020656599 
532 30 13 17 0.020635135 
645 38 19 24 0.020535102 
903 108 13 18 0.020447137 
753 -8 23 23 0.020430172 
441 43 12 15 0.020418031 
749 6 10 12 0.020411756 
763 53 11 13 0.020394703 
282 74 14 18 0.020221323 
438 6 9 11 0.020159457 
845 61 9 12 0.020155359 
456 1 10 10 0.0201494 
651 5 12 15 0.020144718 
591 -1 19 20 0.020091258 
848 122 41 48 0.020090105 
376 7 9 10 0.02008253 
576 71 18 24 0.020042814 
1003 16 20 27 0.020012904 
