16_Award_Ceremony_Awards_Ceremony_16_231
40
432 144 127 157 0.9999355 
559 99 115 161 0.99983454 
130 150 63 54 0.9964444 
39 143 41 53 0.9804047 
793 143 17 21 0.917839 
714 137 17 20 0.90383184 
903 155 19 25 0.84008217 
298 131 17 25 0.6921664 
924 135 18 23 0.64394546 
87 114 17 22 0.42620155 
751 210 28 39 0.33465192 
738 159 19 24 0.33226827 
862 267 61 86 0.18854806 
997 185 16 23 0.12684087 
472 112 134 158 0.11568315 
918 119 12 15 0.096257634 
98 143 25 33 0.09243269 
931 141 15 19 0.07853099 
52 609 27 38 0.050772566 
916 122 22 28 0.04704706 
427 644 17 22 0.044197764 
923 202 21 32 0.04419021 
249 128 17 26 0.040581536 
786 175 24 29 0.040114764 
991 375 16 20 0.029237758 
127 138 38 46 0.028519265 
831 274 25 36 0.028405266 
293 131 27 43 0.027787484 
781 183 18 20 0.026692875 
796 178 22 28 0.02632274 
930 125 14 17 0.026314113 
787 171 16 20 0.02629262 
-3 583 44 74 0.025154652 
853 240 57 82 0.023495074 
871 236 14 18 0.023493474 
245 125 15 22 0.023095256 
714 220 32 37 0.022759257 
376 105 28 41 0.021802636 
926 197 14 20 0.021136057 
879 210 14 19 0.021030629 
