16_Award_Ceremony_Awards_Ceremony_16_141
60
542 297 27 37 0.99934644 
188 277 33 46 0.9993393 
392 237 45 56 0.9980564 
92 260 43 56 0.9969105 
566 312 25 34 0.9948833 
141 263 36 52 0.99069387 
636 322 21 28 0.9903072 
603 312 24 33 0.98428637 
345 246 42 58 0.96561784 
12 247 41 55 0.9062625 
458 259 35 42 0.85085255 
277 63 45 88 0.8036609 
500 287 24 34 0.7672802 
433 263 36 49 0.70038426 
34 303 27 42 0.59436345 
613 430 13 16 0.5501062 
-3 233 35 52 0.5328753 
160 270 40 50 0.4739141 
362 244 44 57 0.4512387 
554 302 25 33 0.40326065 
499 277 11 16 0.23746577 
212 423 31 30 0.22453539 
396 461 41 47 0.16875386 
508 390 17 21 0.15138574 
503 378 27 35 0.13958357 
540 438 17 21 0.12422556 
293 55 34 65 0.10763975 
493 282 23 31 0.0975268 
610 309 17 22 0.0890795 
512 289 19 27 0.07097429 
408 247 43 56 0.070957534 
664 436 11 12 0.07094684 
28 257 36 55 0.06701526 
644 424 9 12 0.065308325 
515 285 14 19 0.06337312 
442 325 28 40 0.059107248 
427 279 32 40 0.052244548 
476 447 25 30 0.04206325 
464 441 31 29 0.040565334 
476 268 29 36 0.040365607 
666 430 13 15 0.03732713 
616 325 16 23 0.036117602 
491 453 16 21 0.03609862 
145 456 32 43 0.03475765 
32 444 61 49 0.03453353 
42 270 31 47 0.033864964 
431 248 29 44 0.03288822 
533 311 16 21 0.03045599 
260 93 56 78 0.029472021 
594 444 14 15 0.0289332 
43 436 32 31 0.028249077 
447 274 35 44 0.027794225 
610 434 12 14 0.027473493 
519 595 14 17 0.025805386 
111 262 35 46 0.024900464 
508 277 12 17 0.022426164 
487 303 23 34 0.02223285 
516 278 13 17 0.0210662 
588 449 15 14 0.020938072 
0 221 10 15 0.020562084 
