16_Award_Ceremony_Awards_Ceremony_16_84
33
437 160 255 361 0.9997255 
528 1065 330 410 0.22999837 
520 942 194 273 0.19267906 
259 1036 530 462 0.071455285 
507 1132 253 237 0.065702066 
87 8 48 55 0.05402535 
-16 743 587 445 0.046449885 
7 0 213 207 0.04475307 
727 68 70 58 0.043485258 
166 313 471 481 0.043254822 
45 24 27 36 0.04269169 
661 1102 10 13 0.039804887 
78 287 88 65 0.039241776 
74 92 16 20 0.037424628 
188 566 477 546 0.037198607 
282 818 368 488 0.036954034 
26 317 395 510 0.03432809 
103 96 13 17 0.030389512 
512 39 340 480 0.029756647 
47 121 13 18 0.029265516 
344 33 72 71 0.02887578 
82 893 518 545 0.026501928 
1013 955 11 18 0.025209846 
96 591 34 32 0.024654232 
74 16 117 125 0.023562185 
986 1140 15 16 0.023477139 
100 1574 13 14 0.023391463 
40 594 49 52 0.022987403 
671 69 68 58 0.022875875 
997 9 25 36 0.02261566 
39 305 32 36 0.022523323 
36 1 17 15 0.022024274 
75 379 15 19 0.02065106 
