16_Award_Ceremony_Awards_Ceremony_16_495
94
398 161 197 277 0.99991155 
-1 188 11 19 0.39527774 
328 651 366 448 0.2789631 
63 632 13 16 0.17651781 
815 1212 12 17 0.15505809 
6 541 11 17 0.13165304 
916 225 18 23 0.13066632 
6 303 10 13 0.13056159 
20 2 13 16 0.12272038 
169 368 472 570 0.09409571 
21 650 13 16 0.08826649 
29 880 10 14 0.07962532 
817 1304 8 11 0.075394236 
780 1282 11 14 0.06400518 
0 75 10 16 0.06318431 
77 141 12 16 0.060735766 
822 1304 9 11 0.060670473 
85 308 8 12 0.05757304 
21 766 9 13 0.05500861 
169 1315 10 14 0.05203493 
923 29 13 16 0.049331937 
935 686 12 14 0.048046954 
82 191 9 11 0.04790376 
46 546 12 17 0.047635082 
53 693 13 16 0.04709114 
766 1327 10 13 0.04629749 
16 646 12 16 0.044574354 
816 1119 10 15 0.043715682 
999 2 11 11 0.042126104 
823 1416 8 10 0.041644763 
13 -1 17 16 0.04009156 
90 438 9 11 0.038406394 
926 2 12 12 0.0383228 
897 685 12 16 0.038137577 
20 678 11 15 0.0379242 
921 12 12 15 0.03775112 
171 1331 13 16 0.036060482 
816 1014 8 10 0.03549869 
0 532 20 32 0.034714054 
903 611 12 15 0.034273807 
64 536 24 30 0.034052238 
995 291 13 15 0.03359356 
39 716 12 16 0.033384316 
970 2 16 16 0.033195727 
878 1396 10 13 0.03239665 
77 469 8 12 0.030734368 
781 1213 10 13 0.030493474 
915 516 17 22 0.029941775 
837 1053 10 15 0.029711869 
121 633 14 17 0.029069647 
872 1004 8 10 0.028834432 
14 629 9 12 0.028126257 
27 653 10 12 0.028086552 
168 1325 13 16 0.028017199 
779 1219 12 15 0.027583633 
1 587 10 17 0.027181938 
660 866 191 267 0.027135475 
976 508 9 13 0.02651142 
106 78 8 12 0.026346901 
758 1284 9 11 0.026227217 
979 2 13 15 0.02620736 
88 454 9 11 0.025744887 
164 1129 24 36 0.02562927 
64 625 11 14 0.025518123 
763 1156 11 14 0.025302555 
806 1308 9 11 0.025062833 
927 103 9 11 0.024761703 
77 463 9 11 0.024181863 
761 1326 10 14 0.024013996 
103 190 9 11 0.023991467 
73 462 8 11 0.023833219 
942 101 8 10 0.023612207 
156 1214 12 14 0.023412777 
773 1043 10 14 0.022748886 
995 272 13 16 0.022388477 
1 801 11 18 0.022291712 
7 646 12 14 0.02225093 
782 1208 9 12 0.021705236 
95 66 10 12 0.02163597 
46 710 11 15 0.02140948 
791 1046 9 12 0.021271354 
55 272 11 13 0.021254165 
7 63 10 13 0.021074774 
809 1304 8 10 0.020940833 
62 182 12 16 0.020928973 
805 1047 10 13 0.02086774 
78 439 8 12 0.020689264 
959 36 10 14 0.020678941 
23 623 8 11 0.020592617 
2 305 9 14 0.020542547 
5 67 10 14 0.020477735 
111 447 8 10 0.02041924 
101 776 8 10 0.020299572 
126 768 9 12 0.020143682 
