16_Award_Ceremony_Awards_Ceremony_16_195
46
456 182 27 41 0.9972209 
532 210 31 38 0.9780763 
237 26 37 57 0.96928763 
597 236 25 37 0.9669986 
302 102 38 50 0.9000252 
672 271 14 21 0.3751705 
682 298 16 20 0.36238605 
870 279 14 21 0.2974039 
122 437 28 26 0.24894945 
355 115 51 66 0.12704644 
401 235 34 38 0.1267378 
424 366 20 32 0.10884108 
966 377 15 22 0.10133667 
231 400 15 20 0.08026941 
264 357 41 61 0.0623251 
573 261 28 33 0.060048297 
190 278 16 22 0.047826298 
660 291 11 15 0.046642825 
876 355 36 48 0.04404583 
270 330 19 28 0.04359525 
435 370 17 25 0.042533815 
586 246 27 34 0.040783215 
589 248 16 22 0.039914317 
677 349 13 17 0.038713917 
587 262 17 21 0.037628315 
930 245 15 24 0.03589393 
604 127 38 44 0.03443674 
571 272 16 19 0.033687048 
282 340 17 22 0.03249674 
627 247 23 33 0.029690659 
862 275 18 23 0.028652273 
803 348 24 33 0.028568102 
306 -2 31 35 0.026661897 
613 241 26 35 0.026284143 
352 0 61 62 0.025488578 
128 298 22 28 0.02548436 
710 310 9 10 0.023931216 
415 358 36 48 0.023883734 
870 282 26 37 0.023615 
438 185 26 33 0.023373878 
555 218 14 21 0.022308482 
851 276 24 33 0.021710303 
951 10 14 17 0.021607988 
849 291 38 50 0.021490688 
139 433 16 19 0.02065975 
211 81 34 45 0.020461695 
