16_Award_Ceremony_Awards_Ceremony_16_4
423
85 258 14 21 0.7081785 
40 262 10 13 0.634222 
371 303 13 21 0.610914 
15 252 12 16 0.56213164 
907 268 12 17 0.55830115 
381 281 11 14 0.5427358 
1007 273 17 33 0.4176255 
462 355 14 20 0.4112851 
766 338 21 37 0.39701074 
291 354 33 56 0.38538978 
823 282 13 19 0.3710093 
0 252 12 17 0.36187282 
322 305 23 27 0.3384254 
724 263 9 11 0.29189834 
556 275 14 19 0.28671145 
902 270 13 18 0.25880173 
67 340 27 42 0.2577252 
590 299 20 23 0.25768194 
639 299 13 19 0.23179609 
680 264 8 11 0.22558045 
274 279 9 11 0.22469386 
854 279 14 21 0.22341642 
639 307 21 28 0.22297987 
463 254 8 12 0.22135113 
302 301 11 15 0.22097714 
217 276 10 11 0.21081409 
536 279 9 12 0.21049193 
950 261 25 31 0.2072876 
401 277 9 11 0.20038149 
807 277 12 16 0.19342822 
630 264 7 10 0.18800853 
727 309 12 16 0.17978951 
632 269 8 11 0.17901738 
0 298 24 42 0.1755081 
364 270 10 12 0.17478912 
696 301 10 13 0.17052898 
718 295 12 17 0.16826798 
241 280 10 11 0.16794035 
457 297 11 15 0.16671102 
682 285 12 15 0.15430228 
947 268 16 19 0.15248083 
5 247 10 13 0.14837512 
701 293 12 15 0.14539297 
256 278 11 13 0.14499478 
-1 288 22 31 0.14302036 
575 284 10 14 0.13399373 
224 332 29 34 0.13295832 
914 267 14 17 0.13176928 
177 278 9 10 0.12997402 
680 291 12 15 0.12957257 
657 271 7 10 0.12837481 
382 331 14 16 0.12516409 
712 264 8 10 0.12305706 
401 271 8 10 0.121361926 
753 264 9 11 0.11779313 
847 276 14 21 0.11253669 
438 284 9 12 0.11040304 
259 309 13 16 0.11022976 
736 264 9 11 0.10571099 
597 271 9 10 0.10417021 
361 275 10 12 0.10205029 
465 279 8 11 0.101097986 
859 285 15 20 0.099446766 
471 306 11 14 0.09899951 
649 305 17 24 0.097239606 
151 276 8 10 0.09476541 
213 299 13 17 0.09462721 
293 301 15 18 0.09399121 
181 280 7 10 0.09192529 
783 271 9 12 0.09026122 
67 260 19 20 0.0886775 
446 284 10 13 0.08696008 
198 285 10 12 0.08448958 
220 300 11 16 0.08432839 
197 279 9 11 0.08224346 
732 286 11 13 0.08179627 
327 269 8 10 0.08116961 
456 280 8 11 0.080328576 
294 277 10 13 0.079797 
257 273 8 10 0.079736285 
484 284 12 15 0.07929537 
394 255 8 10 0.07910567 
1 283 12 18 0.07833784 
15 295 24 33 0.078185044 
857 263 9 12 0.0770424 
434 283 9 12 0.07566208 
407 300 12 17 0.07555215 
306 299 13 18 0.074485764 
77 261 16 20 0.074454084 
383 264 8 9 0.073386654 
591 271 9 12 0.07297627 
662 271 8 10 0.07236103 
182 284 8 12 0.070977494 
828 279 11 17 0.070531845 
892 301 12 20 0.06976062 
191 285 9 12 0.06867027 
803 352 30 52 0.06600411 
771 288 14 19 0.065431856 
463 249 8 10 0.06516954 
470 270 9 11 0.06395774 
383 270 9 11 0.06373015 
198 270 9 10 0.06310683 
399 263 8 10 0.063064 
741 268 9 10 0.06298411 
627 315 16 20 0.06273229 
832 263 8 11 0.06264687 
709 291 13 18 0.06254815 
393 263 7 9 0.062283117 
158 280 9 11 0.06208871 
361 262 8 11 0.061200682 
422 278 8 11 0.061038483 
454 382 13 16 0.06069566 
420 380 16 19 0.059653588 
359 255 8 10 0.05961678 
854 268 14 19 0.059536066 
112 308 27 31 0.059385434 
788 276 13 15 0.05845899 
285 275 12 15 0.058368534 
565 255 8 11 0.05793875 
563 275 11 16 0.056890886 
60 259 18 20 0.05666881 
335 279 10 12 0.055910464 
3 313 28 50 0.054992422 
815 269 9 14 0.0546752 
744 246 9 11 0.054653626 
680 280 10 12 0.054565124 
757 266 11 12 0.054222815 
636 271 9 11 0.05337687 
456 268 9 11 0.053324535 
22 301 23 36 0.053006053 
312 280 9 12 0.052999016 
457 247 8 9 0.05263286 
924 344 28 31 0.052186567 
313 272 7 9 0.051332913 
797 276 14 17 0.050698757 
127 278 8 10 0.050673675 
596 275 11 13 0.050247986 
193 272 8 10 0.050069727 
54 259 12 18 0.04995017 
158 284 10 13 0.04994601 
200 265 7 10 0.049631853 
625 267 9 11 0.04926827 
286 300 15 17 0.049166217 
961 266 15 20 0.049075197 
275 280 13 16 0.049007144 
471 263 7 10 0.04809444 
87 314 36 52 0.04803859 
558 330 23 33 0.04796594 
457 261 9 11 0.047908965 
464 271 8 11 0.04777635 
813 280 13 19 0.047745436 
595 293 15 19 0.04753554 
374 271 9 10 0.04712283 
796 242 13 16 0.047046427 
674 263 8 10 0.046241656 
331 301 14 18 0.04588199 
37 256 19 24 0.04554532 
32 267 11 16 0.04549059 
360 284 10 13 0.04542754 
220 273 9 11 0.044041187 
741 294 10 13 0.04337631 
404 344 17 21 0.04323501 
458 255 9 12 0.043205157 
735 246 8 10 0.042747416 
705 264 8 12 0.04270782 
8 296 17 23 0.042628504 
342 269 7 9 0.04250341 
316 312 23 29 0.042409047 
393 247 9 10 0.042302813 
1 245 19 24 0.04228597 
442 238 8 11 0.042132445 
566 260 9 11 0.041929178 
310 330 14 18 0.041821834 
469 277 9 13 0.04180902 
415 283 10 13 0.04171782 
921 268 13 16 0.041258473 
616 287 10 13 0.04101794 
992 430 28 40 0.040739197 
165 309 12 16 0.040656768 
18 257 12 16 0.04059705 
214 284 12 14 0.040236827 
278 272 20 24 0.039979775 
773 304 14 18 0.039893344 
154 300 13 16 0.039843116 
367 293 9 12 0.039650053 
412 306 12 15 0.039606813 
190 291 9 13 0.039254744 
832 277 19 27 0.037860613 
631 275 9 12 0.037822265 
146 273 9 11 0.037774134 
672 256 7 9 0.037687417 
411 380 28 28 0.03763669 
603 296 14 20 0.037574064 
822 267 9 13 0.03685974 
205 287 9 12 0.036824025 
10 302 39 54 0.036788505 
156 294 12 14 0.036784653 
287 272 9 10 0.03674844 
484 372 11 14 0.036692116 
468 254 8 11 0.036118664 
567 270 10 13 0.035744235 
635 319 16 22 0.035688657 
208 347 41 50 0.03567426 
865 289 15 19 0.035535157 
375 256 8 10 0.03551276 
582 263 9 11 0.035106152 
328 265 8 9 0.035070043 
725 292 12 15 0.03483193 
644 294 14 19 0.034564126 
505 279 8 10 0.03446445 
725 301 13 16 0.034407225 
614 271 8 10 0.03411181 
386 337 14 18 0.034057967 
125 273 9 10 0.0339817 
520 287 9 11 0.033523753 
630 306 15 20 0.03350851 
34 262 10 13 0.03308932 
206 292 13 16 0.0329555 
718 257 19 24 0.032945935 
629 330 12 18 0.03286638 
424 297 12 17 0.032820743 
442 230 8 10 0.032805927 
897 272 13 18 0.032793418 
376 295 8 12 0.032744735 
199 289 12 15 0.03248869 
525 285 10 12 0.032427296 
127 292 13 15 0.03237452 
56 354 34 38 0.032305464 
413 229 8 10 0.032069195 
278 302 11 15 0.032038916 
566 301 12 16 0.0319083 
462 305 13 15 0.031813674 
198 307 12 16 0.031792693 
534 231 8 11 0.031766504 
858 273 22 27 0.031476073 
733 277 11 14 0.031324938 
537 238 8 10 0.03127962 
766 296 12 18 0.031275786 
261 273 8 9 0.031210199 
360 299 23 29 0.030936407 
333 294 12 14 0.030892607 
302 278 10 12 0.030891722 
35 268 17 21 0.0308461 
781 298 15 18 0.030564627 
847 307 13 17 0.03050799 
363 337 14 18 0.030474005 
204 290 21 27 0.030452121 
254 300 22 27 0.030325854 
719 275 11 13 0.03031483 
407 295 11 14 0.030269653 
700 306 13 18 0.030239655 
696 262 9 12 0.030141452 
727 278 10 13 0.030082414 
638 247 7 8 0.029931797 
904 264 10 16 0.029914105 
268 306 13 17 0.029846074 
76 326 36 55 0.029521994 
703 287 11 14 0.029337192 
361 379 39 51 0.029314118 
203 305 17 19 0.029082153 
119 377 37 41 0.029009936 
678 296 13 17 0.028921379 
381 322 15 19 0.02876203 
854 407 39 38 0.028689733 
244 281 12 15 0.028645204 
542 290 12 15 0.028613279 
441 244 8 10 0.028596215 
720 257 8 10 0.028542737 
272 274 9 10 0.028447287 
121 272 9 12 0.028437624 
541 238 8 10 0.028412867 
157 307 14 17 0.028331213 
480 279 10 13 0.028063849 
129 39 422 471 0.02788028 
337 265 7 10 0.027854454 
519 293 12 15 0.02774607 
358 247 7 9 0.027675096 
478 316 10 15 0.027551504 
743 240 8 10 0.027544217 
613 297 14 19 0.02753372 
430 354 14 19 0.027526248 
684 262 9 12 0.027498446 
377 263 8 9 0.027456999 
672 268 9 11 0.027330097 
855 289 22 27 0.027286638 
405 264 8 10 0.027119255 
776 286 21 25 0.02709064 
294 272 8 11 0.027023027 
169 278 8 10 0.026865928 
378 278 17 22 0.02686275 
595 285 15 18 0.026801106 
278 351 32 50 0.026782382 
573 269 10 13 0.026704894 
619 307 15 18 0.026690038 
466 296 19 24 0.02668678 
254 289 13 16 0.026608245 
326 293 12 15 0.026601577 
608 271 8 10 0.02648127 
366 287 10 12 0.026474955 
438 261 9 13 0.026432049 
422 284 10 13 0.026371064 
540 322 29 33 0.026336985 
727 256 8 10 0.026238117 
7 242 9 12 0.0262152 
22 267 12 15 0.026209874 
471 315 12 15 0.026071018 
427 375 12 16 0.026048657 
420 306 12 16 0.025881937 
884 239 13 16 0.025876168 
461 357 23 29 0.02586998 
733 301 11 16 0.025755882 
261 284 9 13 0.025747351 
750 300 10 14 0.02567648 
316 295 23 31 0.025608107 
389 362 24 30 0.025439724 
541 333 33 40 0.025322173 
112 276 11 12 0.02530246 
541 283 11 16 0.025282292 
294 339 29 37 0.025195058 
167 293 10 13 0.025135422 
19 246 11 15 0.025087759 
575 247 8 9 0.024999987 
349 284 10 12 0.024963304 
619 291 13 15 0.0249522 
365 263 8 11 0.02494222 
337 270 8 9 0.0247848 
748 245 10 12 0.02467084 
489 264 9 9 0.024593212 
741 284 12 14 0.024591919 
648 273 9 11 0.024539918 
317 285 10 12 0.024539689 
750 291 12 16 0.024510818 
455 240 8 10 0.02446955 
663 275 9 11 0.024413241 
487 385 12 15 0.02434184 
880 269 10 12 0.024286987 
626 256 8 10 0.02425387 
303 327 27 30 0.024247685 
629 285 10 15 0.02414413 
391 269 8 9 0.024117839 
232 326 19 20 0.024038076 
376 367 26 34 0.023945363 
151 306 12 16 0.02389058 
319 271 8 9 0.02388624 
298 363 42 58 0.023775091 
774 261 11 14 0.023716342 
241 273 8 9 0.023603538 
477 269 8 10 0.023595635 
338 306 13 19 0.023457944 
893 294 20 31 0.023420578 
400 307 11 14 0.023392491 
466 350 14 17 0.023230389 
476 308 10 15 0.023157585 
754 324 28 39 0.023095278 
470 282 10 14 0.02304159 
256 302 13 16 0.023001393 
270 290 12 16 0.02299864 
885 269 10 13 0.022935165 
575 262 9 12 0.022901978 
485 367 9 13 0.022861619 
470 247 8 11 0.022735199 
766 262 9 12 0.02271647 
773 300 25 28 0.022703776 
475 300 10 14 0.02255692 
614 309 24 31 0.022491347 
631 298 14 19 0.022476519 
200 313 13 16 0.02246628 
168 273 9 10 0.02245236 
741 300 12 15 0.022436546 
611 287 20 25 0.02238786 
174 273 10 11 0.02238548 
428 293 12 17 0.022371616 
742 276 11 14 0.02225593 
159 272 8 10 0.02225392 
176 282 12 15 0.022228604 
409 335 22 29 0.022173433 
718 305 15 20 0.02216811 
782 281 13 19 0.02214353 
569 247 8 10 0.022074727 
329 277 9 12 0.0219407 
360 291 12 15 0.021933058 
764 277 12 15 0.021926891 
900 320 14 18 0.021897163 
543 267 10 14 0.021877803 
632 247 8 9 0.02186808 
423 356 14 18 0.021864062 
288 272 20 24 0.021815082 
689 237 9 11 0.021778978 
568 290 12 16 0.021763572 
341 293 11 14 0.02176262 
439 267 8 12 0.021751069 
935 348 30 35 0.021682216 
184 291 10 13 0.021473203 
765 284 15 21 0.021464987 
585 269 10 15 0.021337012 
165 301 12 16 0.021285882 
630 291 12 15 0.021284174 
510 253 26 31 0.021281641 
366 256 8 10 0.02114934 
182 300 11 12 0.02112492 
276 296 21 27 0.021062855 
758 289 14 19 0.020996954 
526 347 38 41 0.020962812 
0 314 12 22 0.020940932 
371 307 21 27 0.020884441 
460 317 12 14 0.02086633 
764 268 10 13 0.020766038 
961 261 26 36 0.020757172 
775 345 37 50 0.020708356 
582 275 11 16 0.020695005 
310 292 12 17 0.020689068 
655 275 8 10 0.020580025 
412 292 13 17 0.020552384 
685 305 13 16 0.020446377 
205 270 8 10 0.020386964 
45 255 12 18 0.020377476 
413 224 8 10 0.02033553 
379 388 32 37 0.020292211 
148 293 21 27 0.020257065 
354 255 9 11 0.020228695 
135 358 46 60 0.020201646 
893 414 96 114 0.02019485 
762 291 22 30 0.020025125 
