16_Award_Ceremony_Awards_Ceremony_16_569
29
562 138 141 175 0.99960893 
443 5 70 84 0.9985083 
87 15 68 91 0.9980515 
820 83 132 217 0.99702495 
260 7 70 99 0.9956922 
189 37 44 56 0.9931753 
503 5 51 71 0.73316705 
792 47 115 203 0.7150162 
3 41 33 46 0.5070523 
347 78 45 55 0.09912188 
230 36 31 53 0.06268519 
163 89 32 55 0.054852854 
390 1 31 30 0.044561464 
233 54 39 63 0.041234992 
2 67 17 25 0.035799924 
541 606 133 148 0.035742093 
0 242 12 20 0.034599744 
0 13 46 67 0.033394095 
362 2 29 36 0.030558411 
377 10 14 18 0.02995138 
766 65 96 153 0.02836999 
368 -1 44 46 0.027274793 
0 135 25 37 0.027045188 
425 34 16 23 0.026529884 
388 675 11 15 0.025884321 
513 -1 30 34 0.025769059 
79 461 193 297 0.020486401 
228 78 31 42 0.020351725 
22 48 29 36 0.020240828 
