14_Traffic_Traffic_14_170
876
329 278 10 12 0.7386909 
830 491 14 17 0.6640771 
949 613 11 13 0.61741036 
213 353 11 14 0.60855263 
852 605 9 11 0.51755726 
956 645 15 17 0.4782019 
442 317 10 13 0.40900362 
400 279 9 11 0.4051475 
598 382 11 13 0.3523856 
928 630 11 14 0.33533722 
319 160 8 11 0.3170555 
985 228 18 20 0.31456208 
951 564 10 12 0.31139025 
331 205 8 10 0.28918704 
349 605 9 11 0.26994547 
579 416 7 10 0.26944274 
253 415 9 12 0.26717627 
473 357 10 12 0.26141602 
476 334 10 12 0.259706 
921 587 9 11 0.2558992 
746 569 8 11 0.25196582 
967 594 11 13 0.2431433 
908 634 13 17 0.22728625 
192 367 8 11 0.22579448 
879 578 12 15 0.21929386 
448 348 8 11 0.21853189 
503 276 9 12 0.20418988 
536 382 6 9 0.20230025 
627 186 13 16 0.20187795 
428 303 10 13 0.19924362 
511 331 10 11 0.19704738 
526 360 8 11 0.19157189 
384 340 10 12 0.18713047 
384 255 8 10 0.1849307 
359 214 7 9 0.18420976 
856 565 7 11 0.18230678 
892 651 9 13 0.18210045 
987 699 10 12 0.1791816 
344 223 8 10 0.17879046 
541 430 9 11 0.17201027 
320 164 9 11 0.1711719 
554 375 8 9 0.16777 
638 482 14 17 0.16688024 
119 414 13 17 0.16650356 
1008 590 9 10 0.16548193 
426 307 9 12 0.15329342 
897 605 10 12 0.15321042 
985 580 10 13 0.15097806 
492 254 10 13 0.14615022 
913 510 8 10 0.14577822 
879 490 8 10 0.1376641 
319 216 8 10 0.13744159 
437 261 9 10 0.13639064 
175 334 11 14 0.1345706 
831 585 10 12 0.13121444 
888 520 8 12 0.13075323 
462 301 8 10 0.12720029 
278 144 7 9 0.12711754 
550 415 8 11 0.1251652 
302 240 9 11 0.12507428 
862 557 10 13 0.12348094 
444 312 10 12 0.12343823 
576 389 8 9 0.12320463 
864 620 9 11 0.12242933 
326 223 8 10 0.1218481 
245 165 8 11 0.12129187 
172 140 9 11 0.11736471 
406 284 9 11 0.11561427 
645 430 10 13 0.11559705 
748 611 12 13 0.11346878 
173 693 13 18 0.10982716 
311 270 9 10 0.10760975 
846 625 10 14 0.105971575 
958 581 9 12 0.10447268 
330 201 8 10 0.1029235 
519 344 9 11 0.10269107 
431 366 9 11 0.10146291 
494 351 10 13 0.100313544 
438 279 8 10 0.10030462 
359 209 7 9 0.10015181 
499 636 12 15 0.10002778 
342 180 9 12 0.0965929 
464 311 8 11 0.09651605 
581 419 8 11 0.0964595 
574 446 7 10 0.09516544 
285 189 8 11 0.095152825 
863 491 9 12 0.09407371 
928 558 9 11 0.0935513 
508 407 9 12 0.093316354 
998 550 9 13 0.09286 
415 407 10 13 0.091749884 
474 340 9 12 0.0916137 
516 327 9 11 0.09158292 
975 558 9 11 0.09101336 
417 296 8 10 0.09064046 
605 388 9 10 0.09039695 
934 565 9 10 0.09022485 
989 576 9 12 0.08975195 
957 630 10 11 0.08974993 
285 184 7 10 0.08898331 
1008 559 9 11 0.088931814 
383 374 10 11 0.088799916 
1014 571 9 13 0.08821296 
920 527 9 12 0.08781304 
407 341 9 12 0.0873341 
278 368 11 14 0.08667143 
279 263 8 9 0.08626441 
985 588 10 13 0.08610535 
473 350 10 13 0.085582875 
867 470 11 12 0.08533198 
713 348 47 56 0.0834148 
432 261 8 10 0.08269546 
183 366 8 10 0.08230135 
784 597 10 12 0.08189375 
575 384 9 11 0.0815808 
784 591 9 11 0.08148335 
157 748 15 17 0.08094954 
898 677 11 12 0.08072902 
993 550 9 12 0.08066788 
639 489 14 18 0.080623575 
133 695 11 13 0.08052388 
253 236 13 16 0.08048759 
961 590 9 13 0.08035882 
182 358 8 11 0.07947607 
489 294 8 11 0.07923669 
984 535 10 12 0.07880741 
679 479 8 11 0.0780783 
321 221 8 10 0.07762722 
1007 629 9 10 0.07739528 
153 382 9 12 0.077272266 
374 581 12 15 0.076608144 
302 600 7 10 0.076494455 
905 651 14 16 0.07617569 
490 356 9 11 0.075955056 
910 517 10 12 0.075854205 
350 247 8 10 0.07517908 
952 571 10 13 0.07510244 
983 559 8 10 0.07441193 
337 174 9 12 0.07312948 
597 377 9 10 0.07285446 
862 549 9 13 0.07277712 
224 205 11 14 0.07251056 
832 654 9 12 0.072361276 
392 216 7 11 0.0717916 
945 558 10 13 0.07174572 
902 630 13 17 0.07168196 
129 683 10 12 0.07140648 
514 248 17 20 0.07126147 
957 699 14 17 0.07039014 
546 391 7 8 0.07027475 
522 359 9 11 0.06986326 
632 403 10 12 0.06974024 
248 439 11 14 0.06777124 
376 312 8 10 0.067619264 
552 383 8 10 0.0669369 
925 527 8 11 0.06681847 
367 479 9 12 0.06680067 
559 368 9 12 0.0664149 
361 221 7 9 0.06621842 
73 743 26 24 0.06589973 
325 166 8 11 0.06585015 
476 328 10 12 0.065235645 
575 375 8 9 0.064971305 
970 590 11 13 0.06496324 
203 701 13 17 0.06469722 
914 505 7 10 0.064647 
368 589 11 16 0.063850656 
279 380 12 16 0.0635629 
509 271 8 11 0.063145906 
1013 566 9 13 0.06264438 
296 164 7 10 0.062586464 
286 270 8 11 0.06255761 
431 350 9 11 0.06242298 
425 263 8 9 0.06240934 
422 296 8 9 0.061923556 
433 279 8 10 0.06161321 
422 413 9 12 0.061246343 
362 272 8 10 0.060911436 
399 255 7 9 0.060764927 
246 161 8 10 0.060209617 
493 296 8 10 0.059892617 
1007 584 10 12 0.05974888 
305 134 7 8 0.05916651 
508 277 8 11 0.058201343 
796 286 16 20 0.058106318 
382 319 7 10 0.05791822 
429 296 9 11 0.05783661 
741 576 14 16 0.057767443 
305 207 9 11 0.057739753 
98 678 10 13 0.057481293 
361 240 6 8 0.057134762 
888 647 11 13 0.057124168 
367 263 8 10 0.056832578 
550 389 7 9 0.056739837 
329 273 9 11 0.056698214 
281 176 6 9 0.05664494 
837 610 13 18 0.05662373 
521 364 8 11 0.056390326 
454 345 9 10 0.056270644 
983 615 9 12 0.056234874 
485 384 8 10 0.05605882 
433 256 8 11 0.055654064 
326 228 9 11 0.05542443 
493 624 26 29 0.055398475 
309 460 10 13 0.055294536 
178 356 9 12 0.055166893 
296 160 7 9 0.055134367 
989 596 9 11 0.055091906 
189 242 9 12 0.05507726 
799 613 9 11 0.05473048 
837 661 9 11 0.054702386 
361 294 8 11 0.054458164 
487 403 9 12 0.05445133 
1000 556 9 11 0.054450523 
847 648 9 11 0.05442965 
983 564 9 12 0.05397191 
153 704 9 11 0.053820763 
1007 613 9 12 0.05357628 
297 239 8 10 0.05350366 
574 361 8 10 0.053470526 
430 359 9 12 0.05336783 
594 381 9 12 0.05336027 
608 399 8 11 0.053099677 
903 598 11 12 0.053055357 
407 655 8 11 0.053028833 
645 647 8 10 0.052993976 
559 415 7 9 0.052914485 
353 214 7 10 0.052819226 
417 358 8 11 0.052688144 
196 610 17 21 0.05222427 
438 374 8 10 0.052214928 
929 563 10 12 0.051441986 
430 420 8 11 0.05132315 
281 127 7 8 0.05130959 
910 523 12 15 0.05129049 
965 695 11 14 0.050854165 
641 475 14 17 0.05079468 
405 205 10 11 0.050748255 
861 544 8 11 0.05072113 
345 227 8 11 0.050645664 
285 197 9 10 0.05061715 
433 370 9 12 0.050468437 
368 224 6 8 0.05046363 
673 479 9 11 0.05039031 
241 334 8 10 0.05033289 
1008 564 9 12 0.050128493 
366 277 7 10 0.050037287 
966 477 8 9 0.04989917 
965 510 10 12 0.04989232 
985 540 9 12 0.04981368 
523 251 14 16 0.04948241 
576 399 10 11 0.049254604 
857 559 9 14 0.04923863 
205 383 8 10 0.04921216 
501 351 9 12 0.04912217 
524 208 11 14 0.048954614 
880 518 10 14 0.048752457 
385 260 9 10 0.048697516 
502 311 7 10 0.04851158 
279 167 7 9 0.04845395 
924 585 10 12 0.04843329 
454 272 10 12 0.048309244 
148 613 11 14 0.04824999 
134 122 12 14 0.047977332 
321 172 9 11 0.047911778 
432 284 9 11 0.047879007 
871 489 9 10 0.047370125 
248 211 10 12 0.047297254 
150 619 11 14 0.047273077 
610 184 14 17 0.047209438 
305 127 8 10 0.046966292 
365 294 8 10 0.046939973 
190 360 9 11 0.04680497 
641 422 10 13 0.04664182 
272 150 8 10 0.046539 
652 429 12 15 0.04622901 
631 358 9 11 0.046010345 
897 631 10 14 0.045874238 
402 339 9 11 0.04579884 
851 608 12 16 0.045732398 
783 584 9 10 0.045667067 
909 560 9 11 0.045036662 
505 411 9 11 0.044997312 
1012 559 9 12 0.04486721 
225 150 6 8 0.044835724 
197 374 8 9 0.04481103 
377 317 9 10 0.04479609 
542 343 7 9 0.044701476 
233 324 9 11 0.044567578 
975 562 10 14 0.044553764 
691 486 12 14 0.04454113 
366 270 7 10 0.044497926 
548 298 11 14 0.044496648 
374 230 8 9 0.044229493 
360 246 8 10 0.04416325 
908 623 10 13 0.044131696 
323 143 7 8 0.04405752 
485 389 9 11 0.04400284 
369 231 8 9 0.043890618 
244 595 17 22 0.0438481 
350 229 8 10 0.043780167 
208 324 9 11 0.043643948 
399 247 8 9 0.04358711 
392 247 7 9 0.0435776 
695 327 10 11 0.043486904 
89 460 16 20 0.04321693 
504 283 9 11 0.043144923 
350 311 9 11 0.04312402 
991 556 9 12 0.043103643 
328 213 8 11 0.043051906 
192 312 9 11 0.04295328 
376 303 7 9 0.042836927 
216 384 8 9 0.042657286 
384 380 10 13 0.04264809 
511 295 10 12 0.04257643 
962 508 9 13 0.04244449 
332 282 10 13 0.042102218 
482 311 8 10 0.04192838 
567 360 9 11 0.04186766 
911 564 8 12 0.041721843 
482 383 7 9 0.041643366 
933 624 9 11 0.041619204 
391 254 8 10 0.041410893 
576 407 9 10 0.04141016 
469 396 10 12 0.041361757 
193 286 10 12 0.041316114 
849 424 8 11 0.041249715 
504 251 11 14 0.04120547 
471 382 8 10 0.041181214 
414 622 8 10 0.0411404 
311 175 7 10 0.041070245 
162 742 14 16 0.041040894 
303 159 6 9 0.04100353 
490 270 8 10 0.04097365 
553 487 8 11 0.04087457 
631 365 10 12 0.04066699 
274 144 7 9 0.040647436 
248 197 9 11 0.0405032 
245 587 15 18 0.040320393 
469 390 8 10 0.040303 
207 318 10 12 0.040187407 
208 431 9 11 0.040118296 
326 190 7 10 0.03980929 
384 248 8 9 0.0398082 
359 231 8 10 0.039709143 
538 343 8 10 0.03964563 
989 566 9 11 0.03957784 
178 366 9 10 0.039558414 
639 471 13 15 0.039538972 
359 184 7 10 0.039446663 
180 338 9 12 0.039441634 
241 136 8 9 0.039187446 
114 412 10 14 0.039050866 
311 214 8 10 0.03904436 
440 343 8 10 0.038955066 
543 422 12 12 0.0389135 
1012 590 9 12 0.03868027 
473 376 8 10 0.038476784 
425 419 10 13 0.03841847 
944 654 9 11 0.038365375 
368 359 9 11 0.037851322 
273 228 8 11 0.037839476 
575 366 8 10 0.037725087 
438 284 7 10 0.037548583 
789 596 8 11 0.037361775 
326 560 8 11 0.037175994 
975 645 10 13 0.037172247 
569 384 8 9 0.036999546 
304 559 7 10 0.03695637 
406 239 8 9 0.03688292 
448 276 9 11 0.036878925 
846 311 28 33 0.036778014 
550 343 8 10 0.03665389 
513 381 10 12 0.03662733 
956 559 9 12 0.036576048 
884 576 10 12 0.03655796 
240 319 8 11 0.03647261 
168 690 22 27 0.03637166 
537 348 9 11 0.036304824 
256 339 9 11 0.036265526 
311 265 8 10 0.03623702 
776 598 9 13 0.036232177 
561 408 8 10 0.036206808 
200 709 14 18 0.036163833 
581 383 8 10 0.03611382 
419 381 10 13 0.035946302 
1001 622 11 15 0.035913106 
334 262 9 11 0.035887238 
471 293 9 11 0.035592485 
107 467 13 18 0.035449058 
541 435 11 12 0.03542182 
848 600 12 14 0.03539164 
224 128 7 8 0.035333075 
158 692 9 12 0.03532784 
613 483 8 12 0.035244796 
398 295 8 10 0.035216905 
509 206 11 13 0.035216637 
584 524 10 14 0.035097018 
709 341 9 11 0.03502702 
511 388 9 10 0.03492902 
704 333 10 12 0.034852277 
327 594 11 13 0.03482877 
320 263 9 11 0.03477528 
287 127 6 8 0.034676544 
439 348 9 12 0.03458562 
191 381 8 11 0.034555774 
326 273 17 22 0.034294013 
241 171 9 11 0.034172494 
169 697 12 16 0.034088317 
265 159 6 9 0.034015276 
344 216 8 10 0.033949886 
918 519 8 10 0.03393211 
287 208 8 10 0.033927906 
201 166 10 12 0.03386902 
318 270 9 10 0.033820007 
1007 636 12 14 0.033426803 
373 436 9 10 0.033413835 
198 292 10 11 0.033403777 
975 516 9 12 0.033315036 
502 228 9 12 0.03327536 
98 404 12 17 0.03324544 
350 433 9 11 0.033235125 
686 479 9 11 0.033150215 
198 692 11 15 0.033115435 
215 169 8 11 0.0330678 
918 503 7 10 0.03304754 
493 326 8 10 0.03292941 
360 595 11 13 0.032913715 
313 535 7 9 0.032841988 
903 644 13 16 0.032773927 
327 172 7 10 0.032736626 
286 287 10 13 0.03270832 
776 508 104 120 0.032684285 
302 263 8 11 0.032672137 
373 360 9 11 0.03262774 
954 579 9 13 0.03260254 
189 223 9 10 0.03253093 
789 591 8 11 0.032522086 
485 132 10 12 0.032441705 
423 358 9 11 0.032402232 
264 176 7 9 0.03236656 
309 127 8 10 0.032346062 
857 491 9 13 0.032312993 
350 251 9 12 0.032303207 
767 605 11 14 0.032186087 
984 550 8 11 0.032167073 
840 359 8 9 0.03213791 
960 532 9 12 0.032136075 
701 328 10 12 0.032111254 
367 327 8 10 0.03210862 
488 247 10 14 0.0320681 
513 350 9 11 0.031990185 
900 702 17 22 0.03196759 
389 383 9 11 0.03192225 
976 552 8 11 0.031845223 
492 208 8 11 0.03181842 
449 246 8 11 0.031805027 
567 364 8 11 0.031784028 
423 351 8 10 0.031733498 
184 224 8 10 0.03171949 
319 296 8 10 0.031696923 
594 375 8 11 0.031668074 
886 531 10 12 0.031662878 
898 684 13 17 0.03160845 
405 661 9 12 0.031538412 
535 335 9 11 0.03151603 
354 209 7 9 0.03141264 
494 300 8 10 0.03128231 
263 111 7 9 0.031281225 
934 549 9 12 0.031240722 
473 363 10 13 0.031232234 
440 321 10 13 0.031203909 
1013 619 11 15 0.031192893 
512 367 8 10 0.031180527 
532 253 10 13 0.031171901 
298 604 10 12 0.031067634 
377 604 12 15 0.031034943 
439 380 8 11 0.031015929 
421 408 8 11 0.030933857 
329 677 10 12 0.030819956 
893 518 7 11 0.03078978 
295 151 7 9 0.030789094 
480 232 9 10 0.03072026 
488 325 10 11 0.030643236 
566 245 12 15 0.030583203 
302 183 8 9 0.030503565 
901 611 11 13 0.030496752 
904 658 12 15 0.030480796 
512 375 9 10 0.03039355 
436 367 8 11 0.030371107 
835 610 22 28 0.030195715 
312 222 7 10 0.0301806 
348 611 11 12 0.030143606 
361 501 10 12 0.03011765 
509 246 15 18 0.03011341 
175 605 13 16 0.029912181 
394 279 8 10 0.029906888 
458 295 8 11 0.029638372 
768 612 11 14 0.029632144 
630 463 8 11 0.029629502 
274 261 8 11 0.029582085 
520 408 8 10 0.029568352 
52 529 13 16 0.029531855 
345 485 9 11 0.029499877 
208 219 10 12 0.029488398 
934 572 10 13 0.029483175 
953 638 11 14 0.02947436 
387 78 10 13 0.029447323 
405 336 10 12 0.029369174 
353 189 8 10 0.02930591 
826 590 11 12 0.029267661 
429 703 12 15 0.029264173 
387 182 7 10 0.029192653 
943 646 9 13 0.02917443 
706 405 19 20 0.029165726 
281 268 9 12 0.02909356 
1014 581 9 13 0.029052734 
327 316 9 12 0.02904828 
367 255 8 9 0.029033508 
501 460 14 15 0.029003585 
624 447 9 11 0.028991891 
287 275 9 12 0.028888306 
249 417 10 14 0.028880006 
923 714 16 18 0.028870855 
424 248 9 10 0.028858038 
424 254 9 11 0.028854037 
1014 668 9 13 0.028847119 
469 278 9 10 0.028840296 
943 551 9 13 0.028799187 
646 198 12 16 0.028761933 
448 413 9 12 0.02874928 
589 525 9 11 0.028741458 
927 551 10 12 0.028698599 
359 189 8 10 0.028668597 
414 279 8 11 0.02861759 
247 335 8 11 0.02861152 
101 696 11 13 0.028579796 
344 206 7 9 0.028567765 
974 528 9 10 0.028527245 
246 136 7 9 0.028525148 
479 318 9 10 0.028505394 
918 568 9 11 0.028500354 
301 453 13 16 0.028411182 
306 212 9 11 0.028392525 
326 151 7 9 0.028388869 
525 439 11 11 0.028381336 
636 341 9 12 0.028316775 
206 172 9 11 0.028309718 
361 264 9 11 0.028291166 
359 508 9 11 0.028285645 
304 268 9 12 0.028275616 
566 408 7 10 0.028219292 
384 324 9 10 0.028148172 
968 516 9 11 0.02806803 
506 334 9 11 0.02796027 
366 247 7 9 0.027923055 
849 451 10 14 0.027920136 
253 408 9 13 0.02786998 
488 301 9 11 0.0278512 
165 366 9 12 0.02783246 
193 317 10 11 0.027818777 
944 503 8 11 0.02777321 
961 528 8 9 0.027749624 
295 284 9 13 0.027749505 
383 198 8 11 0.027671058 
584 438 7 10 0.027641222 
652 478 9 12 0.027571192 
557 278 9 11 0.027456645 
511 623 10 12 0.02741683 
244 318 9 11 0.027397545 
628 90 11 13 0.027374025 
431 404 9 11 0.027301375 
622 499 10 14 0.027231043 
879 501 9 12 0.027151678 
201 255 8 11 0.027123708 
478 375 8 10 0.027063603 
231 167 8 11 0.027029928 
416 263 8 9 0.027012235 
857 487 7 10 0.026984937 
176 270 9 12 0.026976086 
708 335 10 13 0.026915127 
241 160 9 11 0.026908845 
840 535 8 11 0.026890907 
273 136 6 8 0.026871078 
967 528 8 10 0.026842626 
945 608 9 13 0.026831469 
744 606 12 16 0.026825765 
976 606 9 11 0.026776623 
181 353 9 11 0.0267757 
569 268 10 12 0.026773207 
517 376 8 10 0.026735917 
649 592 9 10 0.02669186 
848 447 9 11 0.026683226 
250 527 9 11 0.026661873 
278 332 9 11 0.026658298 
642 436 11 13 0.026582755 
447 408 9 11 0.026575508 
850 428 9 12 0.026559185 
310 288 9 11 0.026535278 
909 596 8 12 0.026442247 
309 293 9 11 0.026433052 
867 615 10 12 0.026377246 
389 336 9 11 0.02632816 
737 580 10 13 0.026287967 
263 119 7 8 0.02625423 
390 262 7 10 0.02623985 
1007 594 10 13 0.026218656 
399 273 9 11 0.026183737 
273 167 7 10 0.026181532 
407 262 7 10 0.026153965 
952 704 13 16 0.026095988 
615 389 8 10 0.02603875 
703 287 9 11 0.0259711 
1013 527 9 12 0.02596394 
1006 227 14 17 0.025933342 
321 228 10 12 0.025927218 
877 541 9 10 0.025875323 
324 159 8 11 0.025832016 
894 660 10 13 0.025814572 
524 237 10 13 0.025785625 
390 309 9 11 0.0257815 
789 604 10 14 0.025729483 
510 401 9 10 0.025695788 
228 342 10 12 0.025631107 
681 94 8 11 0.02561106 
228 196 12 15 0.025593167 
344 239 8 9 0.02551938 
957 575 10 12 0.025515573 
54 250 13 15 0.025464168 
505 391 8 9 0.025462015 
390 349 8 11 0.02545047 
351 317 9 11 0.025401726 
904 501 8 11 0.025387837 
279 161 7 9 0.025328992 
414 286 8 10 0.025259737 
622 296 9 10 0.025210988 
198 318 8 11 0.025187131 
552 368 10 13 0.02512242 
272 175 8 10 0.025098974 
135 160 10 12 0.025090652 
289 239 8 11 0.025070552 
926 688 9 11 0.02498633 
494 270 9 11 0.02493485 
392 296 8 9 0.024857825 
94 533 12 15 0.024821812 
863 473 12 14 0.024811102 
655 583 8 10 0.024797505 
528 302 8 10 0.024758179 
287 135 6 7 0.024729457 
601 429 8 10 0.024709592 
189 335 9 11 0.02469674 
287 244 10 11 0.0246689 
614 566 8 12 0.02466531 
157 708 10 14 0.024649609 
326 312 9 10 0.024555264 
872 581 10 13 0.024554636 
465 391 8 10 0.024548138 
376 365 9 12 0.024545133 
208 421 11 12 0.024531107 
113 688 8 10 0.024530116 
454 375 8 10 0.024433706 
424 278 7 10 0.02442301 
966 532 9 12 0.024394216 
210 347 18 22 0.024357507 
285 176 8 10 0.024339898 
486 343 10 11 0.024335282 
295 198 8 9 0.024329647 
545 397 9 10 0.02429983 
185 173 8 11 0.024278358 
905 563 10 12 0.024269186 
359 159 8 9 0.02423759 
224 145 7 9 0.024199368 
328 135 8 10 0.024178604 
612 614 9 11 0.02416434 
648 189 10 13 0.02410022 
518 235 13 13 0.024056487 
168 662 11 15 0.024044544 
416 389 10 10 0.024010591 
256 175 8 10 0.023910277 
350 621 10 12 0.02387078 
192 325 9 10 0.023842206 
393 286 7 9 0.023826962 
550 408 8 10 0.023820998 
247 431 9 11 0.023792341 
544 384 7 9 0.023773279 
280 287 10 12 0.02376237 
302 190 8 10 0.023751518 
807 678 10 12 0.023679636 
174 254 10 12 0.023653733 
108 150 13 18 0.023637114 
504 400 10 11 0.023608448 
296 119 7 9 0.023551218 
303 287 9 12 0.023538392 
401 261 8 10 0.023518652 
503 340 8 11 0.023500446 
1009 527 9 10 0.023498604 
350 224 8 10 0.023480969 
188 175 9 11 0.02343463 
370 430 9 12 0.023370015 
238 406 8 10 0.02333847 
349 303 9 11 0.023299925 
945 661 9 12 0.023282086 
577 429 7 10 0.023241667 
359 349 8 11 0.023216868 
516 621 11 13 0.023206307 
343 285 8 10 0.023189308 
326 262 9 12 0.023154307 
377 255 7 9 0.023111513 
863 628 11 13 0.023105703 
440 414 8 11 0.023071287 
263 135 7 9 0.023069633 
1013 612 11 15 0.023068551 
628 630 8 11 0.023061875 
399 382 9 12 0.023058223 
645 498 11 14 0.023039725 
670 95 9 11 0.023029132 
429 443 11 15 0.023011973 
567 414 7 9 0.023003718 
295 279 8 11 0.022972282 
278 310 10 12 0.022966443 
318 624 7 10 0.022928074 
878 663 8 10 0.02292503 
623 467 9 12 0.022920832 
956 564 9 13 0.022914851 
304 86 8 10 0.022912415 
975 512 9 11 0.022884317 
549 430 9 11 0.022879979 
550 358 9 11 0.022862906 
114 747 12 15 0.022860855 
827 653 8 11 0.02282234 
203 695 12 15 0.022806015 
440 335 9 11 0.022793053 
311 199 8 10 0.022775467 
154 694 8 11 0.022712147 
239 324 8 11 0.022691146 
320 183 9 11 0.022654017 
1015 651 10 14 0.022608101 
348 478 9 12 0.022597268 
420 374 11 12 0.022578558 
898 687 22 30 0.022576772 
241 141 8 10 0.022572378 
974 693 11 16 0.022567937 
107 739 23 28 0.022537744 
248 192 8 11 0.022507293 
510 285 8 11 0.022487804 
905 518 8 11 0.022465833 
61 437 15 17 0.022459377 
831 610 13 17 0.022413606 
57 441 22 27 0.022349438 
239 119 7 9 0.022324298 
1012 642 11 15 0.02231255 
448 375 8 10 0.022305924 
430 247 8 10 0.022299925 
902 529 13 17 0.02227352 
503 261 11 12 0.022267217 
155 620 11 15 0.022266276 
490 259 10 13 0.022199148 
230 172 9 12 0.022185978 
951 650 13 16 0.022176689 
482 405 9 12 0.02208016 
498 277 9 11 0.022052629 
824 671 7 9 0.022046864 
511 430 10 12 0.022041373 
518 271 10 11 0.022036422 
636 332 11 13 0.022035336 
157 376 9 11 0.022026574 
192 716 12 16 0.022023605 
286 464 10 12 0.022004953 
351 239 7 9 0.02195271 
103 148 23 30 0.0218979 
342 200 7 9 0.021882512 
965 582 12 15 0.021876391 
439 312 18 23 0.021813085 
525 350 8 11 0.021798503 
421 624 8 11 0.021724682 
924 701 14 15 0.021677537 
246 141 7 9 0.021675635 
297 191 8 10 0.021665003 
432 344 8 10 0.021642564 
245 324 9 11 0.021634309 
599 525 9 11 0.021630384 
1004 472 10 13 0.021604097 
414 311 9 11 0.02155074 
622 437 8 10 0.021532657 
493 247 10 14 0.021522753 
263 204 9 11 0.02152139 
831 619 12 16 0.021521347 
575 440 8 11 0.021516811 
280 136 7 8 0.021488486 
976 533 9 11 0.021479532 
257 135 7 9 0.021475377 
303 143 8 9 0.021459982 
583 530 11 14 0.02143358 
839 624 14 17 0.02143159 
297 182 8 10 0.02140078 
490 212 10 12 0.021390907 
272 255 9 12 0.021354072 
989 615 8 11 0.021328054 
496 380 217 230 0.021318385 
173 657 14 17 0.02130588 
262 127 7 8 0.02129902 
886 623 9 11 0.021203637 
809 662 9 11 0.021159455 
258 111 7 10 0.021147707 
314 159 8 10 0.02113034 
998 544 10 12 0.021120202 
157 127 10 12 0.021104269 
151 434 10 14 0.021073634 
601 357 9 10 0.021068875 
742 562 18 24 0.02106846 
560 398 7 10 0.02106722 
447 253 9 10 0.021038929 
312 341 9 11 0.021023404 
956 622 11 13 0.021007093 
334 213 9 10 0.021005504 
975 663 10 12 0.020984499 
361 485 11 14 0.02098132 
919 629 10 13 0.02096792 
318 153 18 23 0.020948993 
151 599 8 10 0.020924222 
296 176 8 10 0.020921946 
634 477 10 14 0.020900449 
254 208 8 10 0.020877773 
144 597 8 11 0.020854412 
904 295 11 14 0.0208431 
321 199 7 9 0.020816123 
535 377 8 10 0.02081208 
1009 559 18 26 0.02077956 
9 117 9 12 0.02075458 
68 436 13 16 0.020751199 
437 432 23 32 0.020699302 
230 127 7 9 0.020672375 
632 371 9 11 0.020665368 
754 389 25 30 0.020645194 
878 509 10 13 0.020637814 
908 698 12 18 0.020622313 
447 391 8 11 0.020611078 
207 159 9 10 0.020596044 
288 213 8 9 0.020590998 
142 630 10 12 0.020570258 
835 597 12 15 0.020547941 
216 143 7 9 0.020540874 
136 631 9 12 0.0205021 
360 287 8 11 0.020497618 
286 351 10 12 0.020477826 
183 168 8 10 0.020461919 
358 459 11 13 0.020456417 
304 291 11 14 0.020446964 
401 325 9 11 0.020433206 
967 562 11 14 0.020353572 
290 150 7 9 0.020349646 
230 262 10 12 0.020336922 
271 119 7 9 0.020321053 
888 646 18 24 0.020310787 
42 521 26 31 0.020295529 
220 356 10 13 0.020293599 
303 111 6 9 0.020291883 
305 81 7 9 0.020290518 
481 304 8 9 0.02028919 
415 269 9 11 0.020234192 
1004 551 12 15 0.020233648 
635 181 12 15 0.020232212 
617 436 9 11 0.020217894 
641 424 19 23 0.020205118 
16 94 11 15 0.02020141 
369 310 8 11 0.020188512 
297 262 9 12 0.020187596 
461 253 9 12 0.020174406 
544 367 8 10 0.020165617 
303 152 8 9 0.020142073 
424 298 18 23 0.020130254 
190 340 9 11 0.020117695 
829 592 14 17 0.020089082 
439 303 8 10 0.02008602 
534 359 8 10 0.020030564 
127 746 11 14 0.020012839 
