14_Traffic_Traffic_14_361
131
914 292 13 15 0.2918561 
848 291 17 20 0.28423494 
517 301 11 13 0.22370954 
673 319 9 12 0.19075643 
485 308 10 12 0.18263122 
721 310 9 12 0.14108463 
886 289 13 17 0.13350067 
657 320 8 10 0.098822735 
927 292 11 15 0.09128663 
720 317 10 12 0.09119876 
839 287 21 26 0.089909054 
912 287 12 15 0.08850404 
725 310 10 13 0.08709209 
725 317 10 11 0.079786666 
550 278 9 10 0.074039735 
693 290 11 14 0.07363471 
832 281 13 18 0.06720077 
430 305 9 11 0.06250002 
421 333 10 12 0.062195428 
406 334 8 10 0.06153875 
671 312 9 11 0.05745482 
359 321 8 10 0.056748066 
645 334 12 13 0.05419604 
560 272 8 10 0.05202889 
581 247 9 11 0.051930986 
1 236 12 16 0.051438518 
637 238 10 12 0.051330622 
607 315 9 11 0.050410446 
469 315 12 13 0.05010191 
719 286 9 13 0.0461852 
606 270 8 11 0.04573199 
512 283 10 12 0.04470746 
661 323 10 11 0.044565942 
481 309 10 13 0.042201005 
494 324 10 11 0.041673433 
837 150 9 11 0.040823903 
401 335 8 10 0.040280856 
858 289 14 18 0.040215224 
513 278 9 11 0.03991655 
367 321 8 10 0.039407235 
590 270 7 10 0.03922578 
401 246 9 10 0.038462047 
890 285 14 17 0.03842941 
416 333 10 12 0.03836176 
352 320 9 12 0.037340317 
478 283 10 12 0.03700791 
567 327 8 10 0.036106125 
408 246 9 10 0.035834562 
496 302 10 13 0.035809465 
816 267 10 13 0.035794437 
384 215 8 11 0.03553183 
513 273 8 10 0.035453133 
414 304 10 12 0.035321277 
501 301 10 13 0.035232686 
591 248 8 10 0.035019916 
456 286 8 10 0.03484118 
577 280 8 9 0.034757238 
592 230 11 13 0.034528304 
462 316 13 14 0.034276295 
932 297 13 17 0.033844095 
485 279 9 10 0.03367164 
951 298 12 16 0.032968096 
583 264 9 10 0.032410663 
731 308 11 14 0.03219685 
598 255 8 10 0.03217604 
519 366 9 11 0.031916175 
607 294 8 10 0.031777922 
522 300 11 13 0.031525858 
733 318 10 12 0.031183386 
455 318 10 12 0.031138787 
901 286 11 14 0.030886216 
915 280 11 13 0.030690763 
435 222 8 11 0.03032717 
529 274 10 13 0.030319974 
599 262 8 10 0.029406944 
359 342 9 11 0.029353783 
869 286 11 16 0.02925975 
584 269 9 10 0.028798355 
428 263 9 11 0.028773274 
485 271 9 10 0.027507188 
639 242 11 13 0.027203523 
880 288 13 19 0.027100556 
-6 187 283 253 0.026680218 
513 305 11 14 0.026666118 
854 328 22 24 0.02659185 
376 341 11 13 0.026530426 
726 322 11 13 0.025795225 
584 285 9 11 0.025484715 
671 238 28 32 0.025364215 
499 318 10 12 0.025083745 
657 279 9 12 0.024933564 
407 329 9 12 0.024753245 
413 351 9 11 0.024454314 
577 264 8 10 0.024430022 
583 280 8 10 0.024285927 
455 223 10 12 0.024226282 
413 221 10 12 0.024187252 
446 295 10 12 0.024080075 
590 287 8 10 0.024030253 
408 -40 436 518 0.023992987 
732 324 12 14 0.02374859 
590 264 9 10 0.023385916 
425 303 9 12 0.023372546 
677 299 10 13 0.022820972 
714 317 9 12 0.022661757 
585 310 9 11 0.02261345 
556 343 10 12 0.022330256 
460 178 11 12 0.02216659 
356 174 11 14 0.021946577 
380 243 12 15 0.021936957 
662 279 10 14 0.021655424 
337 277 10 13 0.021518214 
444 300 12 14 0.02147334 
675 288 13 17 0.021396039 
468 338 12 14 0.021314312 
552 272 9 11 0.02126563 
652 334 10 12 0.021047808 
441 269 8 11 0.02085202 
640 328 10 11 0.020741485 
644 328 12 13 0.020684136 
358 381 12 16 0.02067176 
601 270 9 11 0.020657927 
590 280 8 9 0.020597972 
818 373 17 18 0.020562457 
903 279 9 11 0.020405002 
608 304 9 10 0.020329403 
664 303 9 11 0.02031442 
671 302 9 12 0.020216072 
452 333 14 16 0.020115927 
662 344 10 11 0.020100307 
631 327 8 9 0.02002279 
