14_Traffic_Traffic_14_722
27
535 43 13 16 0.2868878 
543 87 12 18 0.20294029 
208 73 12 16 0.1827842 
518 45 12 15 0.057385623 
526 77 9 11 0.054119844 
247 79 16 19 0.05053203 
589 42 25 31 0.045103036 
523 43 13 17 0.04326143 
189 77 8 10 0.040774606 
437 148 14 18 0.03893785 
550 54 10 13 0.0343368 
742 29 48 67 0.032491315 
247 64 9 11 0.032023914 
353 214 193 274 0.031705465 
185 72 9 11 0.03134433 
519 40 11 13 0.031103294 
587 17 29 34 0.029484503 
125 265 18 20 0.02524122 
765 35 30 41 0.023540165 
536 85 12 16 0.020779831 
538 109 10 14 0.020249506 
438 143 12 14 0.020202909 
592 34 19 22 0.020161955 
213 79 12 16 0.020144392 
129 456 43 38 0.020131119 
278 157 388 452 0.020094445 
565 22 130 153 0.020008175 
