14_Traffic_Traffic_14_380
146
651 199 32 37 0.99102074 
299 241 85 79 0.98470277 
718 224 48 60 0.9839342 
45 165 27 31 0.96996325 
541 191 33 43 0.962495 
923 274 84 105 0.8454833 
765 117 19 25 0.7815372 
190 162 21 24 0.73987365 
1 154 16 19 0.69730717 
995 147 17 19 0.61242515 
495 187 23 29 0.40340245 
224 163 24 28 0.33764175 
799 209 46 73 0.32529902 
606 449 29 32 0.2279215 
408 181 24 29 0.18809026 
451 154 20 27 0.17907321 
457 176 23 29 0.17896952 
116 166 23 28 0.15346162 
441 185 17 23 0.12134797 
628 347 16 20 0.11759571 
899 295 59 81 0.115461014 
923 126 23 28 0.10599079 
127 144 12 15 0.101192445 
401 187 25 33 0.1011094 
890 211 38 39 0.098092146 
398 169 25 35 0.08429184 
173 181 14 16 0.07969041 
0 179 10 16 0.07771856 
445 160 16 22 0.06822619 
391 147 12 13 0.06813869 
385 199 28 43 0.06658684 
379 161 15 18 0.060873497 
988 122 11 14 0.060780693 
884 269 59 85 0.05967976 
985 119 11 13 0.058056742 
20 261 15 21 0.057838548 
763 148 12 16 0.0572461 
1012 98 11 17 0.05493239 
598 405 11 12 0.054720283 
424 183 25 29 0.053098194 
382 164 24 36 0.052410945 
258 124 9 12 0.050856397 
775 119 16 20 0.049217362 
988 222 38 63 0.048491143 
894 221 54 59 0.04661001 
420 140 12 14 0.045903333 
734 140 12 16 0.045508526 
37 352 12 15 0.044467892 
793 173 27 37 0.04363537 
471 213 13 18 0.04335421 
438 179 15 21 0.042904623 
0 224 16 20 0.042598765 
724 117 9 13 0.041745696 
829 214 60 74 0.03990203 
740 123 11 14 0.03918054 
691 158 24 30 0.03902031 
484 161 13 16 0.038252603 
387 162 12 16 0.037731018 
190 175 13 17 0.03741853 
652 449 14 16 0.036234457 
442 166 22 32 0.036225352 
378 306 15 20 0.03505217 
533 167 16 21 0.03495075 
821 191 54 75 0.033923786 
228 159 14 17 0.03324481 
260 163 12 15 0.032941233 
878 242 54 66 0.032551806 
126 136 13 15 0.0324551 
497 180 18 23 0.032225944 
244 169 14 19 0.032186903 
191 186 11 15 0.032009155 
178 186 12 15 0.031533077 
1009 147 13 20 0.03150685 
397 208 16 24 0.030942 
1002 143 16 21 0.03081443 
108 142 20 27 0.030698141 
556 153 15 19 0.030596599 
388 155 14 18 0.030230239 
901 251 63 77 0.03010732 
288 142 9 11 0.028621208 
640 171 12 13 0.028574241 
257 142 8 10 0.028488748 
117 138 14 19 0.027938081 
418 189 18 21 0.027754279 
171 180 24 27 0.026674183 
460 217 21 34 0.026627742 
280 136 7 10 0.026588073 
487 253 13 17 0.02582212 
810 224 53 74 0.02570183 
447 182 23 30 0.025452167 
725 124 9 12 0.025441669 
451 225 26 38 0.025245469 
337 141 9 12 0.0251335 
510 216 27 40 0.025098022 
211 162 25 31 0.025027452 
279 159 10 13 0.0248998 
110 141 12 18 0.024876278 
125 154 13 16 0.024717303 
642 348 12 15 0.024625706 
536 179 27 41 0.024622498 
922 117 46 57 0.02460534 
468 232 12 18 0.024542691 
218 176 27 29 0.024521768 
402 197 29 39 0.024507683 
479 163 12 16 0.024400197 
783 223 38 56 0.02433566 
617 453 35 32 0.02431475 
759 141 21 28 0.024191746 
429 148 9 13 0.023922354 
439 148 12 15 0.023874737 
371 162 27 32 0.023590025 
491 222 12 15 0.023562713 
622 466 36 39 0.023527242 
109 158 24 30 0.02332499 
184 209 24 34 0.023282535 
13 317 12 14 0.02324094 
801 248 33 49 0.02303421 
644 167 12 15 0.023016496 
438 170 15 21 0.022949591 
395 143 13 14 0.022941109 
413 145 16 17 0.022901425 
502 181 26 32 0.022364786 
777 164 28 34 0.021945788 
104 194 27 32 0.021814592 
338 247 62 59 0.021752423 
656 154 12 16 0.02157904 
540 201 20 28 0.021576392 
630 448 30 29 0.021514378 
475 180 12 17 0.02141541 
734 205 53 74 0.02129748 
803 176 30 42 0.021163702 
384 150 11 13 0.021153193 
459 159 21 30 0.02111519 
194 168 24 27 0.021074934 
807 194 31 46 0.020984141 
123 141 21 24 0.020875037 
486 232 13 16 0.020865537 
939 131 13 16 0.02059097 
904 266 31 44 0.020589791 
405 161 15 21 0.020454818 
266 237 57 72 0.02041991 
432 219 48 56 0.020385494 
469 221 21 28 0.0203321 
278 118 8 10 0.02029211 
787 160 29 35 0.020187758 
111 184 26 31 0.02011298 
