14_Traffic_Traffic_14_840
516
145 279 31 36 0.99894136 
704 277 29 34 0.998885 
92 257 27 29 0.9979236 
923 272 31 35 0.99789053 
53 253 31 34 0.9973519 
19 284 35 38 0.99733365 
607 287 31 35 0.9970457 
808 284 29 32 0.9951645 
276 274 33 37 0.99327457 
489 271 35 40 0.9929899 
578 258 26 31 0.98961496 
186 256 33 40 0.9853548 
315 254 21 27 0.9817426 
133 238 26 29 0.9813415 
960 257 28 33 0.98073316 
259 238 26 29 0.97616845 
773 266 25 29 0.97508436 
627 211 14 16 0.96344805 
52 199 14 19 0.9602573 
861 265 26 29 0.9599826 
382 297 29 33 0.95243335 
667 263 31 34 0.9230578 
610 241 17 20 0.92289776 
630 242 22 25 0.9193495 
517 211 14 18 0.9170132 
706 240 27 31 0.9023003 
708 213 13 16 0.888502 
209 252 28 35 0.88263255 
574 207 15 17 0.8816562 
755 147 12 15 0.88044125 
743 224 17 22 0.8715169 
749 256 24 29 0.8621891 
27 209 16 19 0.843782 
863 196 10 14 0.8347656 
413 228 22 26 0.82168144 
935 167 12 16 0.80831134 
891 172 12 18 0.77260876 
791 216 16 18 0.76648766 
633 191 12 15 0.75524217 
598 225 15 19 0.72373384 
343 233 24 30 0.717431 
531 224 15 19 0.7100957 
885 240 19 21 0.67061055 
323 200 14 17 0.666383 
0 195 14 19 0.6547972 
494 185 12 15 0.64751595 
264 196 17 19 0.6303337 
836 193 13 17 0.6178081 
650 217 17 20 0.6151881 
978 189 9 11 0.6044783 
102 166 13 17 0.59731555 
226 204 14 18 0.5959512 
559 239 24 29 0.5730707 
391 267 28 30 0.5542031 
662 184 14 16 0.5072957 
306 201 12 16 0.4879936 
695 195 12 15 0.45516968 
878 198 11 14 0.45197487 
199 228 27 29 0.3746129 
468 242 25 31 0.34757364 
728 489 15 20 0.34705332 
192 182 10 13 0.33667657 
535 173 12 15 0.33168498 
867 196 12 15 0.326788 
611 159 9 11 0.31542942 
604 233 18 23 0.3134847 
980 231 23 27 0.2990898 
838 263 20 25 0.29049072 
900 175 12 16 0.280813 
745 205 22 27 0.27819422 
993 199 11 15 0.26206037 
594 152 9 11 0.26081407 
287 211 15 18 0.25598747 
1011 220 11 19 0.25068817 
536 151 9 11 0.23534113 
629 150 8 12 0.22549678 
525 156 10 12 0.21334247 
367 211 12 15 0.21334243 
799 183 12 15 0.21172418 
224 500 29 34 0.21124141 
772 187 11 14 0.20810787 
831 188 14 19 0.20801854 
706 258 33 40 0.20332576 
432 158 10 14 0.18003197 
978 213 15 19 0.1788035 
502 156 10 12 0.17807558 
613 200 13 17 0.17643361 
773 234 22 27 0.17585897 
561 182 12 15 0.1749187 
978 386 17 20 0.17452912 
615 241 24 27 0.1728693 
890 168 10 13 0.17141804 
661 240 21 25 0.16996469 
401 230 27 31 0.16648099 
526 151 9 12 0.16512677 
445 249 22 27 0.16063574 
542 151 8 10 0.1603596 
964 242 28 37 0.1590264 
797 206 15 17 0.15895922 
839 210 13 17 0.14478338 
651 516 15 23 0.14349724 
562 248 26 33 0.14298452 
53 157 9 12 0.13988613 
736 174 12 17 0.13543782 
409 187 11 13 0.13276868 
389 237 23 27 0.1324914 
456 190 10 13 0.12769774 
494 225 17 20 0.12638244 
569 150 8 10 0.1258052 
107 419 26 33 0.12360582 
863 229 15 17 0.121297896 
676 217 16 18 0.11803189 
614 180 11 13 0.11331501 
223 197 15 19 0.11092384 
1005 205 14 16 0.10939043 
197 390 24 27 0.10369131 
988 277 25 27 0.10237519 
592 226 14 19 0.1007307 
523 215 18 24 0.09893435 
137 198 22 26 0.09756642 
214 208 22 24 0.09748362 
474 254 27 32 0.09742494 
584 188 13 15 0.09669748 
346 149 8 10 0.09503417 
76 469 22 29 0.09444144 
574 157 9 12 0.093934886 
599 172 11 13 0.09264163 
732 462 10 13 0.0902777 
384 203 9 13 0.08972541 
95 166 12 15 0.089405864 
832 185 11 13 0.08915207 
389 278 31 38 0.08575638 
384 199 10 11 0.08448032 
507 347 30 45 0.08420241 
121 220 16 21 0.08416793 
132 463 26 30 0.083452575 
327 178 9 12 0.083115876 
542 188 13 15 0.082831204 
411 222 18 21 0.08243223 
135 195 14 18 0.082122736 
873 244 26 30 0.08153554 
383 242 14 17 0.08048816 
550 151 7 10 0.08030685 
455 248 22 29 0.07885702 
381 375 23 33 0.07854121 
205 215 26 30 0.07801785 
498 151 8 11 0.07675882 
813 184 11 12 0.07673936 
695 219 12 14 0.07672865 
720 198 12 14 0.0766282 
122 414 25 30 0.07584317 
442 330 25 35 0.0744344 
545 196 12 15 0.07272216 
562 144 8 10 0.071968354 
465 218 16 18 0.071825266 
353 243 19 24 0.07161449 
881 211 12 14 0.07070125 
609 164 10 12 0.0703016 
659 494 17 19 0.07019898 
506 270 27 34 0.069880016 
634 221 22 27 0.069471985 
291 206 15 18 0.06856815 
621 181 9 12 0.06764263 
559 226 24 29 0.06761273 
836 201 15 19 0.06741281 
573 151 8 11 0.066244446 
908 174 10 13 0.06595187 
470 156 7 10 0.06590327 
768 183 12 15 0.065086626 
234 203 13 17 0.06429637 
486 210 12 15 0.06390134 
718 241 17 20 0.062219962 
939 444 33 38 0.06213451 
527 280 14 19 0.062112812 
310 186 13 15 0.061999667 
409 148 8 10 0.061509617 
446 214 11 13 0.06125942 
479 232 26 30 0.06124775 
416 145 9 10 0.061196923 
74 203 27 32 0.060888566 
165 249 16 20 0.060304884 
391 206 9 12 0.06026729 
599 167 10 12 0.0598873 
256 240 17 22 0.059538793 
125 226 26 32 0.059301987 
170 455 26 32 0.058759693 
825 268 24 30 0.058551352 
651 237 22 26 0.058298547 
432 152 8 10 0.058106318 
670 203 12 14 0.05798382 
422 143 8 11 0.05795387 
668 466 15 19 0.05790863 
1003 283 15 20 0.05643605 
676 203 15 17 0.055325624 
501 163 12 15 0.054700933 
317 182 11 12 0.054448456 
358 209 14 17 0.054363135 
934 253 40 51 0.054218605 
422 149 8 9 0.05367114 
452 298 26 35 0.053410128 
279 503 18 22 0.052812748 
848 256 26 31 0.05259139 
445 243 17 21 0.052519802 
462 166 10 14 0.052444845 
485 158 8 9 0.05243788 
271 234 20 22 0.052418955 
515 226 23 30 0.051544245 
258 290 25 33 0.051376823 
71 246 37 42 0.051268976 
699 513 18 22 0.050745845 
90 166 9 13 0.05071514 
283 458 18 21 0.05064642 
700 205 16 17 0.050438568 
724 203 14 17 0.050097242 
566 145 8 10 0.049744707 
550 157 9 11 0.049208526 
389 190 9 14 0.04908372 
196 226 18 21 0.048201405 
755 198 13 16 0.048175022 
903 259 13 18 0.0477076 
656 134 8 11 0.047656167 
333 222 24 28 0.047523703 
993 201 20 24 0.0470346 
431 210 13 17 0.04656148 
683 202 14 17 0.04605138 
838 481 13 18 0.04581082 
363 246 15 21 0.045653127 
911 167 9 11 0.04526494 
707 226 21 25 0.045015287 
918 172 9 11 0.044814415 
992 224 23 29 0.044753034 
452 302 43 50 0.044487912 
626 221 17 21 0.044174764 
587 195 12 16 0.04412112 
916 166 10 12 0.04393123 
509 234 13 19 0.043503575 
14 196 12 16 0.043377213 
539 180 12 15 0.04333908 
657 142 8 11 0.043074436 
396 212 10 12 0.043011233 
609 153 8 9 0.042971022 
1002 210 18 26 0.042549204 
462 198 12 14 0.042140316 
709 179 12 14 0.0419347 
989 210 13 17 0.041693714 
59 384 28 34 0.041547865 
842 252 16 21 0.041460495 
462 210 15 19 0.041378744 
588 183 12 14 0.04127116 
635 217 15 18 0.04119195 
349 209 14 16 0.04093175 
222 256 18 23 0.040594123 
580 196 15 19 0.040526986 
718 202 14 17 0.04023427 
594 350 29 40 0.039555173 
636 233 22 28 0.03953876 
353 276 23 32 0.039491836 
868 221 13 15 0.039437227 
29 191 13 16 0.03931515 
540 166 10 13 0.03930584 
464 203 16 19 0.03927664 
688 197 12 15 0.039132852 
420 219 21 26 0.03905041 
667 196 13 16 0.038557608 
936 205 11 14 0.038117588 
683 214 13 17 0.037731152 
613 187 14 16 0.03768676 
525 162 12 14 0.037407488 
849 268 30 34 0.03738572 
280 221 22 27 0.03731656 
362 432 14 17 0.03712249 
658 213 14 18 0.03698734 
613 150 9 11 0.036858805 
724 358 23 30 0.03681686 
415 399 24 29 0.03670096 
623 145 9 11 0.03640763 
167 250 24 31 0.036384474 
735 225 16 21 0.036011636 
34 195 14 17 0.035972685 
465 158 9 11 0.035961065 
615 144 9 12 0.035913687 
671 210 15 19 0.035845656 
546 456 35 48 0.035740927 
475 323 45 58 0.035452303 
952 419 11 15 0.035443787 
145 196 17 19 0.03527063 
407 213 13 15 0.03518356 
7 191 18 26 0.035040896 
310 236 14 17 0.03502692 
481 157 8 10 0.034729555 
34 203 17 22 0.034575313 
384 192 10 13 0.0345748 
625 153 11 15 0.034501083 
589 204 10 13 0.034273125 
23 190 10 15 0.03424912 
780 228 17 21 0.03411959 
606 248 456 532 0.03410564 
569 155 10 12 0.034041703 
438 249 16 21 0.033859126 
437 208 9 12 0.033848274 
229 249 23 31 0.033774707 
46 229 24 28 0.033452757 
896 212 10 13 0.03338972 
850 209 13 15 0.033327222 
507 148 11 14 0.033288468 
246 521 15 20 0.033263244 
525 228 17 21 0.033255678 
753 199 21 29 0.032936905 
607 172 10 13 0.03291241 
334 144 10 13 0.03240076 
496 165 11 14 0.032264747 
275 201 13 17 0.032185454 
376 197 11 13 0.031815473 
661 202 13 15 0.031732656 
219 466 17 21 0.03164278 
272 255 31 39 0.03163324 
474 237 19 22 0.03159018 
775 173 10 14 0.03146392 
919 183 10 12 0.031462643 
373 204 13 16 0.031460274 
148 452 36 44 0.031354953 
561 213 12 15 0.031322215 
757 382 16 19 0.031308655 
669 482 14 18 0.031118987 
333 236 24 30 0.030916858 
455 163 12 15 0.030845843 
126 239 16 21 0.030817583 
494 214 11 15 0.03078 
194 147 16 20 0.030775331 
824 188 10 14 0.030740408 
534 186 13 15 0.030388167 
703 243 18 19 0.030384867 
452 212 12 15 0.030376721 
612 207 17 20 0.030277641 
732 210 13 18 0.03019832 
979 217 23 27 0.030196274 
315 234 15 17 0.030186713 
661 148 9 11 0.03016221 
147 242 27 30 0.030158672 
648 205 23 27 0.030101186 
45 202 19 24 0.03009211 
387 266 20 23 0.030024631 
583 225 13 18 0.029809386 
657 187 13 15 0.02976415 
640 143 9 12 0.029700011 
573 161 12 15 0.029666968 
797 196 16 17 0.029580094 
438 189 11 14 0.029558843 
434 162 13 17 0.029394697 
1012 476 10 18 0.029361127 
1000 218 12 16 0.029348258 
99 385 25 29 0.029224448 
844 204 13 18 0.029222995 
419 302 26 34 0.028991206 
568 163 11 13 0.028956259 
565 212 21 24 0.028847732 
598 177 12 15 0.02884271 
44 228 15 20 0.028727207 
784 216 15 19 0.028718185 
494 347 31 41 0.028639242 
464 150 8 11 0.028448602 
376 190 9 12 0.028438848 
1003 225 20 30 0.028437894 
840 269 24 32 0.02840607 
495 232 24 29 0.028304826 
276 165 10 14 0.028138746 
565 263 18 22 0.028071016 
991 192 12 14 0.028057426 
712 215 17 20 0.028015938 
331 220 14 18 0.027995918 
559 219 14 18 0.027776765 
145 205 19 22 0.027647456 
667 225 22 27 0.02736542 
900 213 12 14 0.027347047 
406 220 16 19 0.02728783 
477 171 10 13 0.02723635 
902 168 10 11 0.027152034 
190 237 43 51 0.027099071 
486 218 14 18 0.026997415 
409 298 25 33 0.026971227 
389 172 12 18 0.026955118 
15 503 16 23 0.02670213 
881 203 12 16 0.026639583 
543 157 9 10 0.02663083 
416 410 27 32 0.026524035 
294 202 21 24 0.026375514 
3 286 22 35 0.026344687 
381 210 10 14 0.026324231 
916 203 14 18 0.026244916 
469 224 25 29 0.026203314 
272 170 12 15 0.02617727 
456 149 8 10 0.026125986 
439 172 11 15 0.026108129 
421 204 13 15 0.026073106 
976 191 12 17 0.025996866 
624 499 13 16 0.025992861 
26 194 20 26 0.025978766 
132 211 27 33 0.025930354 
370 247 15 20 0.025847673 
612 369 26 38 0.0257355 
752 224 15 19 0.025675053 
757 173 11 14 0.02550597 
379 271 30 37 0.025453294 
622 145 19 24 0.025359822 
794 182 12 15 0.025275636 
649 503 24 29 0.025149012 
752 257 35 45 0.025147062 
304 262 24 33 0.0251394 
830 259 18 21 0.02510803 
872 258 25 32 0.025047446 
117 459 39 51 0.025026532 
499 155 8 11 0.024986202 
399 149 7 10 0.024946248 
859 240 17 19 0.02471425 
699 192 11 13 0.024537371 
1 308 11 18 0.024331536 
821 183 10 13 0.024280053 
798 183 20 23 0.024124624 
1005 480 14 21 0.024053061 
679 134 8 11 0.024000641 
894 194 13 16 0.023988398 
716 227 22 27 0.02392056 
767 165 10 12 0.023876995 
343 444 10 14 0.023862258 
494 172 12 15 0.0238503 
542 293 29 33 0.023807585 
924 204 11 15 0.02371951 
774 192 12 16 0.023711815 
49 152 10 13 0.02370432 
346 210 23 28 0.023591964 
116 226 23 28 0.02345723 
0 426 19 29 0.023397831 
321 174 11 13 0.023393605 
980 205 13 17 0.023321941 
758 177 13 17 0.023297781 
459 287 30 37 0.023205502 
662 476 25 30 0.023199752 
364 206 20 25 0.023157602 
445 259 27 35 0.023105664 
848 244 24 29 0.02308564 
559 175 12 14 0.022769509 
309 245 35 43 0.022741823 
521 152 19 23 0.02257408 
13 469 26 32 0.022558317 
773 167 9 12 0.02254115 
477 212 13 16 0.022485135 
611 251 18 22 0.022457756 
894 247 22 25 0.022435676 
998 193 11 13 0.022402981 
656 224 17 19 0.022393465 
447 158 9 12 0.022199929 
340 465 14 17 0.022179471 
901 254 22 29 0.022173375 
574 144 8 10 0.022162145 
606 152 18 23 0.022152396 
694 520 19 22 0.022133054 
956 445 13 16 0.022131104 
507 226 15 19 0.022104137 
549 245 23 30 0.02205503 
253 217 15 17 0.021961289 
547 488 51 61 0.021894468 
654 520 19 26 0.021844951 
453 220 11 15 0.021828517 
190 176 17 23 0.021777002 
683 408 17 21 0.02176348 
1008 239 15 22 0.021688445 
550 484 32 41 0.021660121 
623 187 11 15 0.0216551 
814 232 24 29 0.021624496 
447 149 8 11 0.0216088 
865 238 25 29 0.021601792 
381 242 23 27 0.021589555 
686 141 9 12 0.021562545 
504 143 10 14 0.021552183 
465 289 45 49 0.021529753 
394 172 19 27 0.021522999 
197 375 27 31 0.021407899 
447 189 9 13 0.021406101 
414 357 12 16 0.021386236 
306 185 21 24 0.02132955 
412 195 11 13 0.021259515 
253 226 16 20 0.02125228 
774 459 13 16 0.0212236 
683 393 17 22 0.02120851 
65 376 26 29 0.021057265 
592 246 25 31 0.021034507 
896 240 16 20 0.02101692 
521 165 11 13 0.021008728 
496 158 20 24 0.020987317 
690 501 27 31 0.020934122 
710 155 12 16 0.020909611 
438 149 9 12 0.020814085 
1004 200 13 14 0.020795366 
824 281 26 35 0.020762566 
551 145 8 10 0.02072935 
421 151 22 25 0.020682795 
761 148 12 15 0.020655774 
441 302 28 36 0.02057846 
243 200 12 17 0.02057508 
145 401 29 31 0.020561613 
458 408 23 32 0.020519739 
389 468 10 12 0.020514116 
86 323 28 37 0.020513838 
423 157 11 14 0.020504855 
356 290 21 32 0.02041662 
870 215 12 15 0.020395413 
734 179 22 27 0.020338556 
766 95 11 13 0.020312712 
425 253 25 29 0.020277547 
645 142 10 13 0.020253146 
673 462 13 15 0.020224182 
95 412 28 35 0.020110784 
761 96 10 12 0.020087026 
774 96 10 13 0.020068899 
724 216 15 20 0.020061625 
50 509 48 49 0.02003951 
