14_Traffic_Traffic_14_675
34
577 326 121 164 0.9855972 
269 508 380 407 0.38203654 
688 280 443 574 0.21391624 
577 165 29 34 0.11514745 
54 -4 405 446 0.11245457 
98 444 464 573 0.08790002 
319 -5 213 238 0.061042108 
717 177 106 156 0.05702299 
500 470 411 509 0.056007672 
511 181 25 32 0.053396873 
985 199 8 10 0.050456055 
348 4 118 138 0.04776327 
1005 235 15 16 0.046707585 
694 826 15 17 0.04228448 
681 162 35 48 0.042111322 
488 230 10 14 0.040764008 
270 70 398 448 0.03935276 
702 414 260 359 0.038764384 
923 274 14 18 0.035859838 
-3 549 72 134 0.035654977 
1014 266 9 15 0.035476018 
322 631 287 210 0.033894826 
989 198 8 11 0.030486504 
535 225 197 270 0.024875965 
-7 665 352 500 0.024760267 
585 -8 93 107 0.024090754 
984 222 11 13 0.023896415 
582 -75 361 476 0.022435471 
998 235 14 16 0.021987945 
1001 181 9 14 0.021496454 
516 245 10 13 0.02075236 
1009 260 11 16 0.020675868 
985 193 9 12 0.020561729 
558 471 42 51 0.020111123 
