14_Traffic_Traffic_14_654
26
453 352 93 110 0.9994647 
555 683 355 485 0.118074805 
210 264 57 69 0.07324123 
931 986 98 165 0.07318853 
582 428 31 36 0.057655998 
68 234 50 59 0.04904828 
0 409 10 19 0.044351127 
868 154 12 17 0.041167382 
879 133 44 55 0.037888084 
331 105 26 35 0.035010662 
935 191 81 112 0.03264526 
875 143 24 35 0.030857751 
205 246 95 114 0.027822806 
534 357 52 71 0.026714591 
304 305 30 32 0.024800863 
129 1216 26 31 0.024673821 
353 239 30 37 0.024570026 
663 764 218 302 0.024511606 
62 779 381 408 0.024498098 
910 158 80 104 0.023931487 
325 240 35 41 0.022907002 
985 58 39 66 0.022840502 
92 1272 104 105 0.022072334 
283 221 100 118 0.021815486 
393 -2 37 34 0.021758499 
911 144 54 68 0.021207893 
