14_Traffic_Traffic_14_505
57
615 552 81 119 0.98781306 
648 263 19 23 0.9524306 
115 188 18 24 0.93421906 
165 237 16 21 0.20943522 
624 213 9 11 0.09677544 
646 213 10 13 0.08827034 
666 211 16 19 0.077714555 
213 221 15 20 0.06572808 
158 346 35 54 0.05952099 
326 347 29 33 0.057042036 
703 197 10 12 0.05147387 
77 265 16 20 0.05137592 
57 362 40 61 0.0499952 
0 256 21 31 0.048778187 
656 197 9 12 0.048213407 
616 197 10 13 0.03811822 
657 189 10 13 0.035185665 
218 233 15 21 0.03413049 
132 354 37 53 0.033781737 
35 261 26 30 0.033483993 
659 301 16 19 0.032935597 
98 242 15 19 0.032140292 
598 239 12 14 0.032083016 
792 126 7 9 0.031260006 
84 250 13 17 0.029007185 
985 181 10 12 0.028885817 
556 146 10 15 0.028313708 
214 215 12 15 0.028244209 
653 204 11 14 0.027852315 
778 392 119 149 0.027811084 
315 196 15 17 0.027480362 
262 238 12 15 0.027284192 
380 286 14 18 0.027059415 
219 373 29 41 0.02456671 
104 189 12 16 0.024524536 
114 297 16 20 0.023878891 
700 259 14 18 0.023314068 
170 230 15 19 0.023026234 
170 322 47 70 0.022798026 
694 128 8 10 0.02261712 
157 100 40 53 0.022452397 
121 183 22 29 0.022360712 
986 307 15 17 0.022242881 
104 283 43 57 0.022082757 
407 168 9 10 0.021807395 
828 221 13 16 0.021739494 
243 83 39 49 0.021524046 
791 190 8 11 0.021450479 
207 225 23 31 0.021290466 
651 211 12 15 0.021216247 
617 213 9 12 0.021088297 
228 239 14 18 0.021061884 
645 216 14 19 0.02106137 
704 191 11 13 0.021000061 
117 365 43 55 0.020473255 
861 270 11 14 0.020402074 
658 183 9 12 0.020216027 
