14_Traffic_Traffic_14_443
156
660 154 13 17 0.96564263 
510 130 13 16 0.78102326 
459 159 10 12 0.23721777 
473 168 10 12 0.22701082 
497 143 8 11 0.18938257 
802 147 11 15 0.1620639 
643 170 12 15 0.11412504 
732 192 11 13 0.11090022 
299 206 15 18 0.0891307 
56 309 8 11 0.08739703 
421 150 8 11 0.07801625 
455 161 12 15 0.07548277 
429 224 16 18 0.07536025 
497 147 10 13 0.07216488 
1006 267 13 21 0.06656581 
603 124 11 14 0.06625117 
749 189 9 11 0.06557684 
501 140 12 14 0.062341347 
1 176 12 22 0.061005827 
690 150 11 15 0.060916312 
478 159 9 12 0.060892686 
449 156 10 13 0.060236666 
500 148 13 14 0.060177412 
40 311 8 10 0.059419192 
478 143 7 10 0.059353475 
22 310 7 10 0.058837995 
565 156 10 14 0.0587424 
735 223 10 12 0.058014646 
819 228 15 19 0.056886952 
590 150 11 14 0.055578277 
89 139 12 16 0.052635595 
742 230 12 15 0.051733688 
612 140 12 13 0.051614728 
449 174 9 13 0.05082542 
557 161 15 19 0.05051817 
21 334 8 11 0.05040889 
634 244 12 15 0.05005884 
671 287 9 12 0.049826376 
572 170 14 16 0.04964901 
582 150 11 13 0.049204733 
640 166 11 16 0.049068186 
381 140 14 16 0.048549123 
472 160 9 11 0.04808215 
597 108 8 11 0.046588153 
421 155 9 13 0.046535883 
88 311 10 12 0.04608804 
742 197 12 16 0.04504658 
748 196 13 16 0.044711106 
595 150 12 15 0.04396288 
704 179 9 12 0.04373167 
478 150 8 10 0.043600228 
18 305 7 10 0.043540884 
476 176 11 15 0.04160418 
509 145 14 16 0.041236334 
632 157 9 14 0.041038852 
825 152 9 11 0.041001324 
509 157 12 15 0.040786665 
798 141 19 25 0.04009922 
125 377 9 10 0.0394505 
685 131 9 12 0.03883885 
506 132 11 15 0.03858041 
576 149 11 13 0.03703715 
848 266 12 15 0.035852354 
661 110 10 12 0.03444457 
1006 258 13 19 0.03443343 
380 146 18 19 0.03424228 
744 190 9 11 0.033958152 
62 312 8 10 0.033768825 
875 216 17 21 0.033724595 
567 153 10 12 0.033496525 
384 135 11 14 0.03340344 
542 172 11 17 0.033012137 
525 133 10 13 0.032848988 
495 134 9 13 0.03173733 
82 312 7 10 0.031387888 
729 232 8 11 0.031200094 
454 156 20 24 0.03083804 
509 102 209 227 0.030348292 
495 155 11 14 0.030143633 
992 240 9 13 0.030089717 
80 317 8 11 0.02987963 
514 135 15 19 0.029788896 
663 221 11 13 0.029553572 
658 143 10 12 0.029497053 
548 169 15 19 0.029155474 
56 140 9 12 0.028540902 
64 334 7 9 0.028412357 
447 153 9 11 0.028262319 
1002 252 20 34 0.028189678 
485 163 11 15 0.027824696 
575 142 12 14 0.027808132 
472 160 18 24 0.027382158 
469 170 21 26 0.026972044 
93 312 8 10 0.026964428 
95 315 8 11 0.026490398 
734 200 12 16 0.026452787 
128 320 7 8 0.02581722 
79 336 7 8 0.025725733 
568 169 11 16 0.025677864 
104 384 7 9 0.025417078 
121 376 8 11 0.025266394 
184 222 9 11 0.025265368 
509 179 25 30 0.025220778 
502 154 14 16 0.025189495 
515 156 13 16 0.025169281 
16 328 8 10 0.025079386 
70 327 7 9 0.02500683 
136 384 8 10 0.024934288 
852 172 16 20 0.024490861 
23 329 8 10 0.024452267 
40 305 8 10 0.02442008 
606 131 11 14 0.024176395 
668 163 11 14 0.02412335 
520 160 24 31 0.024067862 
632 191 8 12 0.024020227 
822 156 158 218 0.023845604 
573 154 13 15 0.023731869 
730 223 8 11 0.02365861 
502 133 19 24 0.023539227 
892 34 31 33 0.023517575 
637 158 9 12 0.023482135 
736 229 11 15 0.02342061 
72 310 7 10 0.023123126 
858 179 12 17 0.022800023 
294 211 15 17 0.022458896 
532 142 11 13 0.022249768 
179 243 13 15 0.02199104 
966 275 10 12 0.021859786 
676 173 10 14 0.021843182 
104 345 8 10 0.021789312 
871 164 13 16 0.021770457 
40 334 7 9 0.02176798 
64 317 7 10 0.021743871 
631 151 9 12 0.0214318 
746 184 9 12 0.021416275 
22 305 8 11 0.02139544 
448 165 11 15 0.0212881 
740 224 12 14 0.02116022 
561 125 9 11 0.02104435 
55 327 8 11 0.020996356 
830 152 9 12 0.020862961 
120 319 6 8 0.020805392 
496 128 9 11 0.020767502 
959 274 11 13 0.020760445 
574 128 10 13 0.02069828 
670 195 10 13 0.020596713 
644 101 9 13 0.020439902 
531 147 13 16 0.020437138 
999 264 24 40 0.020419687 
48 310 8 11 0.020397728 
929 562 13 13 0.02038779 
801 231 10 13 0.020351928 
145 319 7 9 0.020325297 
104 318 7 9 0.020236801 
709 176 9 12 0.0201587 
534 170 14 19 0.020144792 
