52_Photographers_photographertakingphoto_52_96
51
180 337 18 23 0.8836896 
112 364 14 16 0.23988588 
218 334 9 12 0.12053884 
174 325 11 13 0.06987825 
233 344 9 11 0.06190204 
216 350 9 11 0.060484797 
440 593 7 9 0.055618074 
318 585 10 11 0.05469673 
355 749 10 13 0.046546515 
447 632 6 9 0.04436011 
110 358 24 28 0.040372882 
470 599 7 9 0.03796614 
391 438 52 72 0.035599466 
249 574 9 12 0.03547013 
433 592 7 9 0.03343842 
482 606 7 9 0.031017305 
181 350 15 19 0.030054905 
221 403 11 13 0.029925477 
431 583 7 9 0.029051214 
447 592 7 9 0.028086185 
196 389 11 13 0.0274739 
191 405 11 13 0.027134003 
171 389 14 18 0.026950555 
173 333 16 20 0.02649305 
449 616 8 9 0.02594299 
347 604 12 13 0.025809033 
401 584 7 8 0.025564538 
425 592 7 9 0.025454903 
463 616 8 10 0.025339391 
218 339 10 13 0.024907134 
353 639 8 10 0.024673374 
448 584 7 9 0.02404139 
189 388 12 13 0.023868257 
415 607 7 9 0.023745574 
455 592 7 8 0.023714669 
311 638 11 13 0.022355247 
456 598 7 8 0.0220773 
231 337 8 10 0.021720419 
172 382 14 17 0.021556105 
24 333 10 13 0.021484282 
241 631 8 9 0.02092702 
487 606 7 9 0.020755917 
168 339 14 18 0.020745046 
578 352 24 28 0.02046593 
160 348 11 15 0.020447416 
488 600 7 8 0.020386877 
400 623 8 8 0.020304266 
469 591 7 9 0.02019384 
198 405 9 13 0.020151747 
471 618 8 10 0.020118747 
256 616 7 9 0.020055987 
