52_Photographers_taketouristphotos_52_328
677
240 140 149 198 0.99829584 
899 651 12 15 0.2836405 
902 605 16 18 0.26568744 
819 575 14 18 0.22354019 
989 621 12 15 0.21156234 
607 475 10 13 0.19783707 
920 524 12 14 0.17168747 
910 697 15 17 0.16591002 
703 470 9 10 0.16375586 
970 526 10 11 0.15002239 
781 470 8 10 0.14687505 
885 619 12 14 0.14298594 
659 518 12 15 0.1417544 
923 605 13 16 0.14074342 
30 680 16 21 0.1383307 
687 494 9 12 0.13694687 
962 638 12 15 0.13258314 
744 495 9 12 0.12991205 
703 495 10 11 0.12561563 
980 643 13 15 0.12271789 
689 464 7 9 0.121873185 
749 495 9 11 0.118441716 
725 657 12 14 0.1183457 
679 478 9 11 0.109081306 
903 562 14 15 0.10817653 
941 584 13 17 0.106310986 
927 729 13 18 0.105449505 
909 464 9 11 0.10502968 
885 572 11 14 0.10485074 
967 619 13 15 0.098401085 
916 549 13 14 0.09815857 
941 596 14 15 0.095987834 
1 667 17 20 0.09526731 
655 480 9 10 0.0950377 
781 656 15 18 0.09362943 
719 511 11 14 0.09158426 
812 608 13 15 0.08993697 
907 588 12 13 0.08956549 
765 520 11 12 0.089449205 
692 507 10 12 0.08930772 
965 666 11 14 0.087509565 
701 520 10 12 0.0869139 
785 650 15 18 0.086238004 
740 522 13 14 0.08611768 
894 645 13 16 0.08551773 
672 507 10 13 0.08200742 
779 547 13 15 0.08147689 
799 663 14 18 0.08060852 
679 503 9 11 0.07958078 
924 519 11 13 0.07812384 
903 597 15 16 0.07742833 
769 502 9 11 0.077098474 
671 494 9 11 0.07665186 
678 472 9 11 0.07621633 
721 456 9 10 0.076110855 
939 532 12 13 0.07575779 
648 496 8 11 0.0755693 
509 564 13 15 0.07538008 
791 508 10 11 0.07451479 
760 432 8 10 0.073801026 
734 564 10 12 0.07350903 
939 561 14 15 0.07294196 
1000 547 11 13 0.07232649 
661 447 8 10 0.0713245 
687 501 11 14 0.07046993 
711 446 8 10 0.070215605 
734 492 11 13 0.069743305 
772 596 11 13 0.06973152 
624 456 8 11 0.069676265 
985 627 13 16 0.069417916 
884 636 15 19 0.06870462 
623 479 12 14 0.06848676 
698 432 8 9 0.06775313 
751 595 13 16 0.06682182 
818 470 7 10 0.06659106 
990 716 8 11 0.06651706 
991 655 12 15 0.066415995 
627 483 12 14 0.066411875 
631 456 9 11 0.06357439 
778 464 8 10 0.06337472 
759 487 9 11 0.06334221 
806 611 13 14 0.06323189 
977 573 16 17 0.06318947 
920 610 13 17 0.063036844 
783 635 15 17 0.06265085 
881 432 7 9 0.062302552 
658 454 8 10 0.06226998 
816 463 8 10 0.062165674 
753 486 8 11 0.062137853 
761 470 9 10 0.06156518 
768 494 9 11 0.061133906 
491 612 13 15 0.06072579 
592 461 10 12 0.06052842 
590 469 9 11 0.06050689 
742 471 9 10 0.060442086 
760 519 11 13 0.060154434 
678 453 9 10 0.05990328 
764 541 10 13 0.05987926 
990 614 11 15 0.05967135 
960 536 9 12 0.059112903 
943 500 11 12 0.058529053 
852 618 14 17 0.058394298 
861 621 10 14 0.05784778 
733 487 11 13 0.05729753 
756 571 12 14 0.056572843 
572 501 13 15 0.056090724 
935 511 9 11 0.05603323 
768 454 9 11 0.055624813 
750 572 13 15 0.055330228 
673 470 9 11 0.0552066 
568 500 10 12 0.055182155 
793 465 8 10 0.055084795 
896 415 8 10 0.055061355 
858 588 14 16 0.054845218 
786 644 15 17 0.054841593 
694 495 9 11 0.054747418 
793 487 8 9 0.054721415 
794 494 8 11 0.054429755 
648 518 11 15 0.054367058 
761 465 8 9 0.05415919 
696 470 8 10 0.053876277 
704 499 10 12 0.05360961 
602 471 9 11 0.0534677 
941 528 11 12 0.053381447 
708 470 9 11 0.053342164 
15 642 11 14 0.053096846 
909 582 13 15 0.05201808 
662 463 9 11 0.051787034 
680 494 9 11 0.05170615 
516 564 13 15 0.051584657 
734 509 11 12 0.051434096 
951 518 11 12 0.051355302 
571 495 11 13 0.050875567 
966 533 11 12 0.050759986 
728 470 9 11 0.05035539 
636 519 13 16 0.050306853 
943 684 13 14 0.05024614 
537 654 16 21 0.05012842 
690 628 14 16 0.04996165 
632 511 9 11 0.049659364 
696 524 10 11 0.04955162 
687 469 8 10 0.04932953 
785 455 8 9 0.0491248 
872 594 13 16 0.049107425 
606 504 10 11 0.049078956 
779 666 15 18 0.049047273 
776 544 12 13 0.049028862 
935 582 13 16 0.04901246 
719 658 11 14 0.048935328 
65 667 15 17 0.04880846 
736 518 12 15 0.048808236 
601 476 10 12 0.04866439 
829 591 14 18 0.048568685 
909 448 9 10 0.048484035 
783 502 9 12 0.047991917 
648 508 11 14 0.047643833 
971 476 11 13 0.04693835 
681 485 9 11 0.04691881 
839 479 10 13 0.046693712 
792 502 10 13 0.046692315 
896 438 8 10 0.04666444 
816 478 10 11 0.04659955 
782 464 8 10 0.04658915 
685 488 9 10 0.046186496 
597 520 11 13 0.046181288 
964 540 12 13 0.046166513 
582 486 9 11 0.04613206 
22 706 13 17 0.045877397 
711 478 8 10 0.0458539 
896 612 12 16 0.045720022 
953 541 9 13 0.045609936 
734 431 8 9 0.045442406 
662 495 10 11 0.04536143 
661 480 8 10 0.045269772 
507 570 15 17 0.04526763 
639 485 10 11 0.04526634 
991 531 11 13 0.04526052 
645 460 9 11 0.04504522 
964 570 13 15 0.044980306 
750 525 9 12 0.04486106 
594 438 8 10 0.044828486 
760 533 11 13 0.044822287 
735 470 8 10 0.044819143 
712 440 8 11 0.044740055 
1012 714 10 16 0.044738982 
928 438 9 10 0.04463357 
760 620 11 13 0.044629995 
907 556 14 16 0.044609632 
752 479 8 10 0.04445547 
875 635 16 21 0.04438744 
676 527 13 15 0.044329103 
623 439 8 10 0.04418892 
766 565 12 15 0.04418083 
654 502 9 11 0.04412324 
487 625 14 18 0.043932784 
989 527 11 13 0.04381322 
728 439 9 10 0.0437943 
891 677 14 17 0.043449137 
639 460 10 12 0.04294149 
710 501 8 11 0.04285019 
611 477 10 13 0.04273466 
671 488 9 11 0.04262411 
720 494 9 11 0.042565558 
615 454 8 11 0.042555407 
934 630 12 15 0.042453542 
968 431 7 9 0.042369425 
739 532 13 16 0.042347323 
905 467 9 11 0.04212546 
937 539 11 14 0.042038847 
766 488 9 11 0.041926175 
791 556 12 15 0.041901752 
807 455 7 9 0.041898258 
674 453 8 10 0.041897178 
887 567 12 14 0.04182786 
36 721 16 20 0.04149205 
697 454 8 10 0.041402165 
828 621 12 14 0.041335575 
672 464 8 9 0.04119712 
860 580 13 15 0.04103173 
785 507 9 13 0.041019034 
821 478 10 11 0.040979274 
545 616 14 17 0.04067824 
875 589 13 15 0.04050568 
863 557 12 15 0.04049663 
694 463 8 11 0.04036099 
928 432 9 10 0.040329363 
914 415 8 9 0.04029721 
870 439 8 9 0.03993426 
696 477 8 11 0.03991553 
999 707 11 16 0.03974521 
674 447 8 10 0.039571088 
918 415 9 11 0.039525118 
727 445 9 11 0.039247233 
608 507 11 14 0.03906995 
627 681 15 18 0.03882485 
796 509 10 11 0.03877638 
948 582 11 14 0.03876709 
646 455 9 11 0.038684294 
765 621 13 15 0.03868261 
724 514 11 14 0.038636133 
605 495 9 11 0.03861186 
883 626 15 19 0.03857403 
758 479 9 11 0.03821727 
1006 526 10 12 0.03783581 
671 533 10 13 0.03782462 
782 494 8 10 0.03782368 
661 532 12 15 0.037820447 
935 423 8 10 0.037676048 
27 652 13 15 0.03746804 
884 738 14 15 0.037438557 
685 479 9 10 0.037374895 
750 500 9 12 0.03730364 
973 565 14 16 0.037284624 
684 667 13 15 0.037273485 
624 686 12 15 0.03713345 
639 469 9 12 0.037070855 
959 661 13 15 0.037059758 
900 525 11 13 0.036942236 
727 462 9 11 0.03680221 
847 519 10 12 0.036689617 
628 501 10 11 0.036687218 
981 635 15 18 0.036547877 
877 603 14 16 0.036492977 
848 439 8 9 0.036349952 
703 454 8 10 0.036305286 
990 595 12 15 0.036183406 
735 464 9 10 0.03614867 
567 439 9 11 0.03608255 
803 570 14 19 0.03590729 
679 463 8 10 0.035869893 
751 446 8 10 0.03571349 
935 516 9 11 0.03571333 
637 510 11 13 0.035693437 
783 525 11 13 0.035679292 
753 589 15 18 0.03556292 
846 612 13 14 0.035558473 
819 514 13 17 0.035535492 
772 621 12 14 0.035459332 
852 603 14 16 0.035419248 
731 589 12 15 0.035337444 
727 493 9 12 0.03523289 
773 501 10 12 0.03500821 
893 564 12 14 0.034918725 
833 470 9 12 0.03491524 
972 519 10 12 0.03487995 
869 664 15 20 0.034807984 
882 438 7 9 0.034745373 
924 619 13 15 0.034680665 
831 463 8 9 0.034614317 
673 432 7 8 0.03461178 
949 495 9 10 0.034529626 
639 478 10 13 0.03435265 
704 476 9 11 0.03417198 
800 455 7 10 0.034131944 
648 485 8 11 0.03406723 
855 594 15 17 0.033928044 
678 432 8 8 0.033898957 
951 667 12 15 0.03375948 
663 469 8 10 0.033750314 
929 446 9 11 0.033542667 
870 633 14 20 0.03352912 
628 493 11 13 0.033349838 
941 509 10 12 0.033333745 
798 534 11 14 0.0333097 
758 504 9 11 0.03320625 
844 580 11 15 0.03314465 
769 448 9 11 0.033125523 
528 642 13 15 0.03307826 
848 523 11 13 0.032952867 
714 614 12 14 0.032831755 
735 446 9 11 0.03277397 
697 437 9 11 0.032701503 
744 596 12 14 0.03267001 
830 440 8 9 0.032657586 
675 637 13 15 0.032622542 
590 478 9 12 0.032558765 
591 455 10 12 0.03253403 
903 584 11 14 0.03252157 
765 589 12 15 0.032472104 
609 455 8 11 0.03247109 
951 626 10 13 0.03237279 
959 595 13 15 0.032281414 
696 448 8 9 0.032219503 
656 462 9 11 0.03208713 
951 414 8 9 0.032085266 
943 462 11 13 0.03196756 
565 472 8 10 0.031947736 
788 550 12 15 0.0319078 
934 493 10 12 0.031850725 
843 657 16 19 0.031813942 
799 469 8 10 0.031762373 
902 432 8 9 0.03174355 
582 491 10 13 0.03166748 
997 611 13 15 0.03160264 
595 541 15 18 0.031502407 
822 463 10 10 0.031444654 
798 517 10 12 0.0313187 
597 461 9 11 0.031311326 
963 678 12 14 0.03126304 
591 518 11 14 0.03125396 
929 487 9 11 0.031231869 
790 619 11 14 0.031110855 
939 547 14 15 0.031103583 
710 516 11 14 0.031085396 
654 495 9 11 0.031004054 
841 430 8 9 0.03099858 
896 433 8 10 0.03092576 
999 595 13 17 0.030912586 
797 463 8 11 0.030884441 
982 610 13 15 0.030862128 
735 454 9 10 0.030814487 
670 515 11 14 0.030741444 
980 565 12 15 0.030691978 
614 485 9 12 0.030636167 
920 406 9 9 0.030582616 
526 609 12 15 0.030562855 
748 541 11 15 0.030537883 
576 462 8 9 0.030481812 
711 510 11 13 0.030439155 
744 476 9 10 0.030402707 
915 564 13 15 0.03036694 
796 715 12 15 0.030341495 
743 447 8 9 0.030323781 
878 610 14 17 0.030292101 
757 614 13 14 0.030166589 
774 447 8 10 0.030164741 
744 423 8 10 0.030130388 
1002 540 13 16 0.030090123 
727 487 10 12 0.030050555 
905 571 10 12 0.030021103 
845 606 12 14 0.03001663 
808 463 8 10 0.029984148 
751 439 8 10 0.02985378 
887 447 8 10 0.029790752 
525 564 16 19 0.029782707 
838 581 12 15 0.029770114 
964 626 14 17 0.029678954 
748 548 11 14 0.029669564 
925 554 12 15 0.029630158 
950 524 10 12 0.029629981 
831 613 12 14 0.029568445 
981 660 13 15 0.029565684 
919 618 12 15 0.029554656 
885 432 8 9 0.029515717 
912 492 10 12 0.029443782 
718 478 8 10 0.029429369 
655 522 12 13 0.029397814 
766 463 8 10 0.029351931 
940 572 14 16 0.029344622 
935 439 8 10 0.029318541 
821 471 9 11 0.029309025 
823 456 8 10 0.029177638 
846 563 12 16 0.029162845 
991 557 10 13 0.029103043 
916 579 13 15 0.029089559 
901 415 8 10 0.029070355 
645 470 10 11 0.028924674 
951 486 9 11 0.028858682 
895 556 12 15 0.028843874 
824 572 15 18 0.028825434 
646 479 10 12 0.028810473 
825 446 8 10 0.028776657 
608 483 9 12 0.028721694 
655 470 9 11 0.028670924 
709 659 11 15 0.02856345 
860 614 12 15 0.028525686 
800 439 8 9 0.028417569 
913 423 8 8 0.028354982 
896 420 9 10 0.028274782 
641 500 9 12 0.02823809 
687 424 8 9 0.0281872 
826 439 8 10 0.02818079 
972 531 10 12 0.028179929 
492 675 11 14 0.028104808 
911 502 10 13 0.028076272 
793 480 9 10 0.027961515 
855 475 10 11 0.027947117 
782 486 9 12 0.027939104 
841 424 8 10 0.027909141 
935 447 9 9 0.02784892 
783 606 12 14 0.027755683 
926 582 11 14 0.027728736 
742 653 10 13 0.027500974 
723 669 13 16 0.02740605 
686 447 8 10 0.027401354 
979 651 14 16 0.02728106 
901 530 11 14 0.027278362 
899 615 14 18 0.027219944 
972 612 13 15 0.027152285 
848 432 7 9 0.027135707 
714 431 8 9 0.027100112 
765 432 9 10 0.027051551 
918 658 16 18 0.026967587 
676 664 16 20 0.026953358 
617 733 24 29 0.026905226 
490 619 15 19 0.026850123 
608 430 8 10 0.026844824 
807 448 8 9 0.026843682 
855 432 8 9 0.026835013 
674 439 7 9 0.026819356 
788 577 14 18 0.026785199 
942 456 10 11 0.026741767 
936 527 10 12 0.026711293 
836 612 13 15 0.026678953 
667 628 16 19 0.026653726 
886 439 9 10 0.026637694 
599 486 10 11 0.026630659 
909 572 13 14 0.026604671 
772 518 10 12 0.026583219 
915 573 13 15 0.026543656 
839 455 8 10 0.0265009 
674 477 8 11 0.026463712 
846 571 12 14 0.02646218 
918 422 7 8 0.026408056 
921 401 8 9 0.026398754 
980 587 14 16 0.026369277 
780 477 10 11 0.026361436 
920 456 8 10 0.026295697 
676 517 12 14 0.026250329 
897 409 8 10 0.026232496 
894 655 15 19 0.02617906 
974 439 9 11 0.026154928 
720 487 9 11 0.026126297 
896 586 11 15 0.026122367 
760 492 9 11 0.026065286 
798 626 14 17 0.026035005 
927 454 8 10 0.026030235 
774 494 9 11 0.02595257 
798 619 13 14 0.025887055 
703 488 10 11 0.02582915 
900 517 11 13 0.025754863 
648 447 8 10 0.025747793 
984 531 10 14 0.02574558 
923 530 12 14 0.02572593 
562 502 9 10 0.025718924 
929 492 10 12 0.025660204 
702 439 9 10 0.025651066 
559 476 9 11 0.025648188 
952 534 9 12 0.025635978 
934 431 8 9 0.025556969 
793 430 9 10 0.025502965 
662 486 9 11 0.025491469 
899 548 13 15 0.025451306 
1013 662 10 14 0.025417853 
939 628 13 16 0.025372248 
973 542 10 13 0.025265079 
795 636 13 15 0.025264623 
952 440 9 9 0.025214516 
790 533 12 14 0.025212081 
614 492 10 12 0.025205892 
864 432 7 9 0.025181675 
1014 612 10 13 0.025164971 
960 682 12 14 0.025163569 
935 639 15 20 0.025129488 
552 478 10 12 0.025104867 
806 479 9 11 0.025066564 
756 581 13 15 0.025034504 
830 657 15 17 0.024957247 
709 463 9 11 0.024943268 
718 532 12 16 0.024879973 
920 462 8 11 0.024806246 
998 603 15 18 0.024783015 
608 446 9 11 0.024753297 
927 509 11 13 0.024714166 
740 565 10 13 0.024707967 
836 588 14 17 0.024637565 
809 501 9 12 0.02459949 
863 455 9 11 0.024527036 
631 470 10 11 0.024514921 
686 525 10 12 0.024505345 
780 618 13 15 0.024484513 
767 437 8 10 0.02447583 
486 605 14 17 0.024458883 
996 659 10 14 0.02440937 
672 525 10 14 0.024292657 
733 596 11 12 0.02428963 
909 543 13 15 0.02428256 
892 487 10 12 0.024234908 
885 556 11 14 0.024194064 
744 602 12 15 0.024191385 
867 620 13 16 0.024154216 
648 439 8 9 0.02413174 
942 517 10 12 0.023971729 
638 446 9 10 0.023934415 
990 563 10 13 0.023908652 
831 445 8 10 0.0239024 
632 446 9 10 0.023856344 
701 578 14 15 0.023850266 
764 580 13 16 0.023839733 
765 547 11 14 0.02380323 
837 471 10 12 0.02379932 
781 552 13 17 0.023796305 
23 681 14 19 0.023757558 
51 599 17 17 0.023749873 
577 531 13 15 0.02373272 
742 463 8 11 0.02368925 
710 485 9 11 0.023679702 
397 279 77 58 0.023635622 
751 453 9 10 0.023617089 
959 572 12 14 0.023612726 
592 446 9 11 0.023608537 
909 509 10 12 0.023539662 
27 708 22 26 0.02351496 
702 509 11 13 0.023512453 
648 423 8 10 0.023473356 
858 601 14 18 0.02342961 
662 502 9 11 0.023413239 
816 456 7 9 0.023392739 
881 557 10 12 0.02338604 
933 622 11 14 0.023305299 
623 445 9 11 0.023274824 
2 620 13 17 0.023274237 
525 636 14 16 0.023270283 
683 641 13 16 0.02325533 
575 548 13 16 0.02323198 
863 635 12 19 0.023195518 
733 439 9 10 0.023132294 
675 617 14 17 0.023080194 
580 508 12 14 0.02307994 
743 573 12 16 0.02307312 
621 510 10 11 0.023069616 
799 479 10 11 0.02304436 
1016 502 8 13 0.023039196 
752 620 10 12 0.022969112 
709 495 9 11 0.022959521 
866 672 16 19 0.022927389 
818 605 13 16 0.022911787 
927 416 8 9 0.022909664 
968 511 9 11 0.022908457 
804 565 12 15 0.022902407 
832 392 8 9 0.022844804 
891 691 14 17 0.022844343 
927 627 13 15 0.022783035 
725 646 14 17 0.022771489 
782 531 13 14 0.022739002 
855 439 8 8 0.022704167 
575 613 10 13 0.022667907 
527 463 10 11 0.02265465 
649 431 8 9 0.02259145 
606 516 10 13 0.02255808 
823 626 12 15 0.022546738 
704 447 8 9 0.022503642 
334 227 131 128 0.022480795 
596 534 14 17 0.022441974 
598 502 10 11 0.02242703 
733 675 12 14 0.022410048 
687 518 9 12 0.02240917 
687 539 12 14 0.022398535 
783 449 8 9 0.022384448 
953 445 9 10 0.022339195 
752 432 8 10 0.022337748 
720 471 8 11 0.022333514 
734 478 10 11 0.022281792 
922 549 12 15 0.022274027 
726 581 12 16 0.022265036 
783 518 11 13 0.022221766 
607 406 8 10 0.02221991 
699 634 14 18 0.022218738 
832 456 8 9 0.022034023 
598 456 8 11 0.022007622 
930 423 8 8 0.022005385 
731 549 13 15 0.022003148 
615 430 8 10 0.02199688 
873 400 8 8 0.02189058 
965 605 11 14 0.021832451 
584 461 8 10 0.021816272 
687 617 13 18 0.021813272 
894 617 12 16 0.021796772 
815 431 8 9 0.021777743 
984 519 9 11 0.021762434 
678 439 8 9 0.021736532 
663 423 8 10 0.021722525 
870 423 8 10 0.021713143 
871 432 7 9 0.021648929 
975 660 13 17 0.021632755 
887 398 8 10 0.021598632 
961 422 9 10 0.021585574 
959 446 8 10 0.021546435 
647 547 12 14 0.021544714 
806 440 8 9 0.021536272 
840 438 8 10 0.021518592 
975 606 11 15 0.021512972 
857 447 8 9 0.02147285 
987 643 14 16 0.021458207 
949 463 8 11 0.021447992 
790 539 13 15 0.021392535 
567 488 10 12 0.021389827 
946 727 15 18 0.02119785 
983 429 8 10 0.021171605 
591 486 9 10 0.021159168 
770 570 12 15 0.021137163 
711 454 9 10 0.021133749 
662 440 8 10 0.021119982 
833 478 9 11 0.02111833 
815 439 8 10 0.021105412 
992 551 11 13 0.021087047 
740 508 12 14 0.02106609 
809 422 8 10 0.021021249 
835 536 15 17 0.021001572 
735 500 11 13 0.020983225 
561 494 9 12 0.020964162 
592 432 10 11 0.020960236 
823 643 11 16 0.020942854 
880 616 22 24 0.02092968 
815 720 13 16 0.020929478 
568 506 12 14 0.02090931 
745 441 8 9 0.020882832 
759 627 13 16 0.020862084 
1003 557 13 15 0.020834757 
616 439 8 9 0.020813515 
579 615 12 14 0.02078203 
983 717 13 14 0.0207724 
992 512 8 10 0.020718392 
719 503 10 11 0.020602342 
789 662 20 24 0.02060119 
615 448 8 10 0.020566087 
831 416 7 9 0.020534884 
718 431 9 10 0.020492248 
751 398 8 10 0.020491127 
772 533 11 13 0.020429237 
986 619 21 24 0.020383764 
958 620 12 16 0.02034217 
577 455 7 10 0.020295495 
574 487 10 12 0.020288266 
900 542 12 14 0.020244336 
825 416 8 8 0.020207226 
928 503 10 12 0.020184249 
962 588 13 16 0.02017814 
983 454 9 10 0.020155868 
668 603 14 16 0.020133194 
750 472 8 10 0.020121133 
957 509 11 14 0.020105356 
922 652 14 18 0.02009737 
869 571 12 15 0.020073505 
584 454 8 11 0.020027708 
765 508 13 14 0.020014385 
608 439 8 10 0.02000424 
