52_Photographers_taketouristphotos_52_80
27
331 510 57 64 0.9960949 
870 264 9 12 0.13944322 
998 321 9 13 0.080265574 
993 289 10 13 0.07618524 
670 332 12 16 0.07565079 
984 269 10 13 0.06915417 
849 296 10 12 0.05244565 
836 295 9 12 0.040462524 
854 310 11 14 0.038593348 
989 267 11 15 0.037452858 
981 302 9 11 0.03540141 
735 350 11 14 0.034457833 
741 356 11 13 0.032813516 
650 332 15 16 0.03164933 
316 607 34 35 0.031553432 
980 310 11 15 0.029826103 
990 273 11 16 0.02838811 
997 333 11 15 0.026461024 
604 291 40 47 0.024948165 
872 298 11 15 0.024860414 
789 312 11 13 0.024693267 
976 296 9 11 0.02464848 
841 334 27 29 0.024584454 
545 298 11 14 0.021673793 
661 331 15 18 0.021512132 
54 319 8 9 0.02101374 
685 347 24 27 0.020686194 
