52_Photographers_photographertakingphoto_52_428
41
499 305 131 113 0.9864421 
632 266 78 114 0.6176102 
555 284 115 125 0.278626 
987 283 12 15 0.22830532 
999 223 9 11 0.14979695 
961 283 9 12 0.14191408 
926 239 10 12 0.119509466 
972 247 10 12 0.103225775 
985 264 9 11 0.07631728 
1001 260 11 13 0.07595497 
985 280 10 13 0.06710293 
932 244 9 11 0.05412607 
1002 239 8 11 0.052839193 
949 223 9 12 0.05214135 
994 222 8 9 0.052043423 
1004 278 9 11 0.044010308 
926 254 9 10 0.043421876 
1001 245 9 10 0.041750148 
988 266 11 13 0.03641267 
912 251 8 11 0.035840742 
1004 255 10 13 0.03473255 
1005 228 10 11 0.034484092 
938 262 8 10 0.033530302 
970 264 8 10 0.033494573 
643 9 25 40 0.03347515 
967 294 8 10 0.032375284 
999 279 10 12 0.032180186 
998 284 10 13 0.031002512 
964 279 9 12 0.029985508 
960 272 8 10 0.029672872 
1015 243 9 13 0.027558882 
935 255 8 10 0.027027197 
943 280 9 11 0.026739324 
976 182 10 11 0.024964686 
1005 244 9 11 0.024181325 
974 269 9 11 0.02360098 
966 240 8 10 0.023232726 
999 266 11 13 0.022599755 
953 263 7 9 0.02234785 
983 232 8 10 0.022226159 
1014 221 9 12 0.021509051 
