52_Photographers_photographertakingphoto_52_263
70
626 260 26 38 0.99609345 
135 295 21 30 0.9931879 
352 299 22 30 0.987939 
686 247 20 32 0.9673117 
801 285 24 36 0.963342 
753 286 22 33 0.94089663 
37 279 22 30 0.79788077 
401 293 22 28 0.7374174 
473 305 16 18 0.5170511 
669 369 36 47 0.3611041 
64 390 18 22 0.339445 
81 319 18 21 0.26305208 
268 299 14 17 0.24604368 
747 428 43 65 0.17237417 
316 308 11 16 0.1378677 
77 328 24 28 0.13515803 
68 387 22 30 0.08064782 
341 302 17 21 0.07699948 
43 432 14 20 0.06488956 
72 309 10 13 0.061062306 
172 330 24 29 0.0586159 
85 333 24 32 0.053388752 
463 304 15 20 0.053292003 
409 299 24 27 0.051170666 
40 430 11 16 0.05049517 
180 323 14 17 0.043600153 
26 370 31 42 0.042618297 
172 312 16 18 0.042301673 
426 312 16 20 0.04114393 
635 308 24 27 0.040681038 
57 377 27 36 0.039047875 
336 301 15 19 0.038188096 
358 295 14 22 0.035636943 
784 288 25 35 0.03506801 
168 314 12 17 0.03390671 
494 278 29 34 0.032743663 
400 313 12 16 0.03218422 
80 345 25 33 0.031892408 
273 302 17 20 0.03175738 
82 388 14 20 0.030702958 
82 359 17 22 0.030372325 
59 461 18 21 0.029725702 
90 315 14 21 0.029625267 
294 325 11 14 0.02725374 
79 394 23 32 0.026848441 
318 326 9 12 0.026841959 
348 -31 420 534 0.026729695 
398 304 22 28 0.026102291 
513 317 33 32 0.025988529 
731 416 71 102 0.025393907 
43 424 24 31 0.025304224 
310 325 11 13 0.024895823 
781 362 42 52 0.024745174 
261 294 15 22 0.024406502 
693 252 26 31 0.024366887 
153 319 40 50 0.024270881 
387 437 11 14 0.024199493 
311 313 14 17 0.023884406 
24 279 25 35 0.023605593 
135 309 44 55 0.023397608 
18 356 25 36 0.022683851 
686 379 31 39 0.022657314 
284 332 11 13 0.02217427 
154 308 21 32 0.022122813 
302 326 10 12 0.021655634 
96 337 17 24 0.021010425 
661 378 29 41 0.020772884 
481 301 14 19 0.02072411 
288 348 9 12 0.020473117 
310 334 11 14 0.02031328 
