52_Photographers_taketouristphotos_52_51
108
448 936 35 42 0.9988142 
859 829 16 20 0.30096236 
709 734 11 14 0.26647678 
884 756 15 18 0.15931605 
724 723 10 13 0.12527056 
793 716 13 16 0.12230485 
877 705 8 9 0.11967438 
906 733 10 12 0.1182623 
895 704 8 10 0.10808085 
839 871 10 13 0.08607794 
909 742 11 13 0.085462995 
903 704 8 10 0.07502172 
709 718 9 11 0.071546935 
886 720 9 10 0.06783417 
754 712 15 18 0.06569923 
887 725 9 10 0.06354819 
812 739 12 15 0.06250849 
806 726 14 19 0.06067734 
921 702 9 12 0.058845565 
432 1050 14 16 0.058588948 
421 1271 8 9 0.05695045 
909 748 11 14 0.054340992 
920 733 10 13 0.050464127 
890 710 9 10 0.049526427 
873 703 8 11 0.04924866 
905 728 10 12 0.047510576 
893 727 9 11 0.047500595 
863 703 8 11 0.047293052 
765 1288 16 23 0.046714377 
757 872 10 11 0.046609554 
419 1085 10 13 0.04647829 
908 717 9 11 0.045279447 
418 1278 8 12 0.04352403 
911 757 10 12 0.04349203 
732 887 10 13 0.042857323 
710 713 9 12 0.041737005 
750 871 10 12 0.041676633 
885 734 11 12 0.039915763 
861 726 10 13 0.039831806 
761 859 11 13 0.039830822 
417 1284 8 11 0.039532084 
697 726 9 13 0.038321316 
293 1020 12 13 0.03763538 
701 725 11 13 0.0364801 
414 1235 9 12 0.03632033 
820 838 13 16 0.036267627 
527 867 25 32 0.035861287 
905 709 9 10 0.035535593 
880 735 12 14 0.034294434 
783 879 8 10 0.03355425 
919 741 9 12 0.032937735 
449 1262 8 11 0.032769002 
720 880 9 11 0.03147594 
701 751 9 12 0.029681247 
920 727 10 12 0.029533809 
830 751 12 14 0.029485324 
734 726 9 11 0.029232668 
479 1286 8 10 0.029127724 
875 784 13 16 0.028799362 
908 711 9 11 0.028786678 
416 1252 10 13 0.028607704 
873 709 9 11 0.028413318 
735 718 10 12 0.02781935 
430 975 15 20 0.027718864 
893 733 9 11 0.027580826 
317 42 10 12 0.027340071 
416 1246 8 11 0.027311798 
806 730 23 26 0.027220126 
846 852 12 16 0.027180377 
714 901 13 16 0.026790129 
742 710 10 12 0.026438557 
837 704 10 11 0.02638201 
438 0 16 12 0.026222588 
708 726 12 14 0.02616747 
294 900 12 17 0.026095008 
744 886 9 12 0.026079498 
893 742 10 11 0.025796143 
422 1284 8 11 0.025637966 
855 724 11 15 0.02550763 
744 870 12 14 0.025453916 
822 791 13 14 0.02540383 
454 1052 10 13 0.024686 
812 747 11 14 0.02424059 
877 722 11 13 0.024104128 
705 740 10 12 0.023849595 
742 727 10 11 0.023555461 
443 667 123 139 0.023488695 
705 713 8 11 0.022481563 
486 728 10 12 0.022479402 
770 1297 15 20 0.022431752 
462 1272 8 10 0.022156933 
855 878 9 11 0.022094144 
278 69 10 12 0.022089794 
502 1063 8 10 0.021521097 
738 710 9 11 0.02119874 
861 871 10 11 0.0209867 
741 732 12 14 0.020941751 
154 -6 60 63 0.020930963 
801 850 15 18 0.020779738 
750 724 12 14 0.020704562 
863 708 9 11 0.02066368 
441 1049 15 18 0.02064648 
863 720 8 11 0.02061778 
416 1120 10 11 0.020432314 
449 1253 9 12 0.020337615 
530 1053 14 16 0.020104337 
901 917 10 12 0.020072924 
918 750 10 14 0.020034743 
