52_Photographers_photographertakingphoto_52_701
26
251 157 106 129 0.9995943 
287 279 101 117 0.9995927 
578 492 11 14 0.20993762 
1 281 41 75 0.10939324 
715 401 36 38 0.09062871 
591 283 12 12 0.03804092 
601 304 16 17 0.032346856 
268 207 100 131 0.03233877 
33 403 61 80 0.030568028 
478 283 10 12 0.03041312 
16 312 46 70 0.026881136 
943 398 13 14 0.026735388 
203 120 95 126 0.025882017 
541 250 11 12 0.02567404 
541 477 15 22 0.025162145 
884 301 16 16 0.024108544 
560 493 32 27 0.023270834 
555 310 14 16 0.022981875 
42 354 14 19 0.022273108 
576 496 16 18 0.021986727 
539 203 15 16 0.021961004 
1012 320 10 18 0.021904824 
530 379 27 28 0.021904739 
660 482 55 59 0.021670097 
674 382 27 37 0.021642152 
29 347 30 38 0.021465376 
