52_Photographers_photographertakingphoto_52_479
26
199 285 124 151 0.9999161 
291 96 118 138 0.99974877 
371 290 111 146 0.99903286 
349 566 108 140 0.99873894 
521 209 137 167 0.9976164 
937 255 25 30 0.36157757 
901 248 29 36 0.34736642 
975 257 25 32 0.32712317 
859 298 64 73 0.19840045 
868 269 31 35 0.14538905 
862 273 51 63 0.083765246 
933 243 25 30 0.07807735 
877 276 33 36 0.07176922 
404 242 143 188 0.0626378 
883 258 29 32 0.046796285 
916 252 27 33 0.042223 
974 250 18 20 0.04202762 
849 278 103 115 0.040129874 
894 262 28 35 0.03847434 
894 311 14 15 0.03687093 
873 266 21 22 0.03336308 
835 309 68 77 0.0321771 
205 484 88 67 0.029596077 
888 280 19 23 0.029472122 
948 250 39 47 0.020678135 
459 213 152 201 0.020443063 
