52_Photographers_taketouristphotos_52_487
26
628 145 57 62 0.9851199 
942 386 61 59 0.9806709 
-1 340 30 54 0.9046154 
973 227 18 23 0.35194364 
965 212 16 19 0.07157573 
929 381 41 51 0.06408859 
969 315 15 18 0.059786897 
547 47 59 62 0.05943649 
1012 238 11 18 0.044107746 
959 231 26 29 0.043058686 
969 210 24 27 0.03788201 
957 235 15 19 0.035562176 
969 382 45 45 0.03321944 
963 309 16 19 0.03068636 
959 310 28 29 0.02993057 
501 25 108 102 0.028124997 
487 20 73 59 0.02803969 
280 66 26 32 0.027854817 
942 374 42 46 0.02611529 
396 149 55 71 0.024405604 
555 76 51 67 0.024310334 
591 122 52 65 0.0239362 
978 214 14 16 0.022839462 
588 129 35 42 0.022141011 
391 411 12 14 0.021120438 
948 239 27 27 0.020078931 
