52_Photographers_photographertakingphoto_52_506
306
437 299 43 62 0.99297297 
966 321 8 10 0.20876312 
142 443 10 13 0.1919944 
124 422 11 13 0.17485681 
21 375 10 12 0.15163848 
166 448 7 9 0.12138856 
153 462 10 12 0.12099832 
960 304 7 9 0.11028402 
557 307 10 14 0.103617236 
70 368 8 10 0.09539187 
198 356 9 12 0.09388756 
1001 312 7 9 0.092061244 
208 411 9 12 0.08681527 
1000 318 7 9 0.08584217 
991 349 8 10 0.08320429 
982 311 7 9 0.07914094 
121 356 10 12 0.078956515 
30 357 8 11 0.0775119 
1013 342 8 12 0.075206414 
1013 616 9 13 0.07376126 
752 351 7 8 0.07220443 
282 543 8 10 0.07091925 
18 379 10 12 0.07023686 
720 316 8 9 0.067556754 
2 383 9 12 0.06597999 
404 308 35 49 0.06596492 
5 360 9 11 0.06257329 
104 365 9 11 0.06219312 
982 269 8 10 0.058545135 
942 305 8 9 0.058323946 
236 405 11 13 0.056853086 
1006 303 7 10 0.0567516 
1000 342 7 9 0.0561193 
712 296 7 8 0.05607793 
1005 311 7 9 0.055440582 
14 313 9 10 0.054363225 
526 312 9 12 0.053329784 
95 345 7 9 0.052329708 
119 375 8 10 0.052292336 
41 368 9 11 0.051438447 
983 359 8 10 0.051401693 
688 303 8 9 0.05105626 
1001 288 8 10 0.050765764 
671 301 7 10 0.050401863 
105 359 8 10 0.050393917 
823 313 7 8 0.050272863 
954 294 9 10 0.050149057 
137 376 9 10 0.05012093 
124 353 10 11 0.04951615 
164 431 9 10 0.049452227 
999 335 7 9 0.047698412 
655 368 11 14 0.047657534 
605 333 9 11 0.047362365 
655 343 7 9 0.047143742 
54 382 8 10 0.046343032 
96 350 8 9 0.046296585 
200 485 12 14 0.04616956 
639 580 12 13 0.045691013 
55 344 7 7 0.04568426 
142 375 9 10 0.04502873 
93 454 9 12 0.04467523 
168 403 10 12 0.044590548 
982 319 7 9 0.04455419 
81 319 8 9 0.0444719 
994 320 7 9 0.04435011 
101 429 8 11 0.04414182 
1006 287 8 10 0.043969955 
65 372 7 9 0.043284528 
993 327 7 8 0.043107525 
110 366 9 11 0.042918596 
4 388 9 12 0.042830836 
975 344 8 11 0.04261508 
1014 336 7 10 0.042600445 
897 328 8 10 0.042561166 
141 367 10 11 0.042304523 
681 534 9 11 0.04194338 
985 294 7 10 0.04156849 
172 400 10 12 0.040799428 
1008 343 9 10 0.04061009 
189 406 10 12 0.04009359 
978 310 8 10 0.04008667 
993 334 8 9 0.040065806 
830 327 7 9 0.039999273 
983 326 7 9 0.039633084 
181 455 11 14 0.03945461 
999 326 7 10 0.03939082 
93 310 9 10 0.039000213 
167 415 8 11 0.0388373 
960 344 8 10 0.038536042 
69 309 9 11 0.038166333 
937 348 9 10 0.038095925 
559 286 8 10 0.037898295 
942 309 9 11 0.037191026 
998 270 8 10 0.03712734 
200 423 9 11 0.03708449 
682 312 7 9 0.03684894 
704 312 7 8 0.036664058 
998 368 8 10 0.03625548 
1009 615 9 13 0.036230247 
89 452 9 12 0.036199573 
1000 373 8 10 0.03550224 
688 358 9 11 0.03545706 
0 406 8 12 0.035453215 
1006 317 7 10 0.035237424 
0 376 9 11 0.034957875 
993 368 7 10 0.03484481 
813 549 10 11 0.0345418 
672 296 8 10 0.034213666 
104 328 7 9 0.03419455 
55 359 8 8 0.034146737 
89 335 7 8 0.034146365 
103 373 8 11 0.03411208 
110 342 8 10 0.034025826 
952 319 8 10 0.03362757 
992 384 6 8 0.0335415 
73 396 9 11 0.033512894 
943 350 7 9 0.033291377 
817 649 8 11 0.033158507 
194 535 11 14 0.032807995 
109 360 8 10 0.032690592 
142 351 8 10 0.032599222 
38 420 8 11 0.0324854 
194 372 9 11 0.03192538 
161 447 9 11 0.031894762 
626 320 7 10 0.031412527 
977 319 8 10 0.031321738 
96 422 9 12 0.03128201 
57 454 9 10 0.0312106 
221 463 9 11 0.031197896 
961 309 8 9 0.030946268 
111 336 8 9 0.030899098 
832 573 8 10 0.030742597 
628 535 9 10 0.030716639 
169 359 8 10 0.030705534 
640 313 8 9 0.030507172 
138 352 9 11 0.03019338 
614 511 8 10 0.030107968 
105 334 8 10 0.03007379 
71 351 7 8 0.029943902 
112 384 8 9 0.029924266 
94 416 9 11 0.029839724 
601 343 9 12 0.029837763 
809 327 7 8 0.029721858 
201 344 9 10 0.029703792 
942 345 7 9 0.029641943 
1006 293 8 10 0.029550137 
65 351 8 9 0.029489342 
712 350 9 9 0.029445335 
862 556 10 12 0.029240679 
1009 336 8 9 0.02922413 
963 324 8 10 0.029218612 
527 374 9 11 0.029165102 
655 334 8 10 0.02909127 
1000 293 9 10 0.028959543 
127 376 8 10 0.028942902 
728 361 7 8 0.028933434 
598 543 9 12 0.02877904 
152 457 9 11 0.02874976 
178 655 8 10 0.028664809 
80 350 7 9 0.028587686 
152 366 8 11 0.028585415 
41 351 8 9 0.028574936 
823 285 7 9 0.028543556 
1016 319 7 9 0.028519068 
977 270 9 10 0.028342765 
664 526 9 11 0.02830576 
32 308 10 12 0.028229738 
751 321 7 8 0.028184107 
67 304 7 8 0.028103156 
233 591 8 10 0.027805416 
568 295 9 10 0.02754152 
688 288 8 9 0.02752957 
961 351 8 9 0.027514264 
119 366 8 10 0.027433338 
977 360 8 10 0.027405756 
761 335 7 9 0.02739671 
182 414 9 11 0.027240451 
177 419 8 11 0.026886405 
103 351 7 9 0.026833856 
174 359 8 10 0.02682185 
605 348 11 13 0.026733305 
144 310 8 10 0.02671244 
22 369 8 9 0.026283426 
983 390 8 10 0.026145732 
103 438 8 10 0.026032176 
573 390 8 11 0.026003487 
335 550 8 11 0.025921296 
497 544 9 10 0.025779724 
494 303 10 14 0.025703812 
144 344 8 10 0.025644269 
1001 304 8 10 0.025613975 
78 392 9 11 0.025600065 
46 352 7 8 0.025445266 
126 439 9 12 0.025402486 
47 357 8 10 0.02537833 
527 358 10 10 0.025359463 
449 313 47 63 0.025219405 
887 312 9 11 0.024970781 
1014 293 7 10 0.024952883 
953 288 8 10 0.024949253 
670 521 9 10 0.024940433 
992 302 7 9 0.024916492 
113 373 8 10 0.024915643 
991 296 7 9 0.024887763 
581 343 10 11 0.024835993 
200 446 9 11 0.024806349 
1015 326 8 11 0.024777258 
89 328 8 9 0.024745092 
48 390 8 11 0.024661148 
573 518 8 10 0.024656164 
106 303 8 9 0.024634555 
582 310 9 10 0.024518574 
472 531 9 11 0.024439752 
337 59 11 12 0.024422131 
593 541 10 13 0.024383856 
978 304 7 10 0.024341552 
1015 270 7 10 0.024313997 
417 306 44 58 0.02426687 
188 460 9 12 0.02419122 
9 295 7 10 0.024090417 
654 312 8 9 0.024079012 
612 366 9 11 0.024033427 
961 337 7 8 0.023993822 
881 329 8 9 0.023981148 
56 389 9 11 0.02394121 
814 327 7 8 0.023907222 
62 391 9 11 0.023906888 
361 559 7 10 0.023825448 
993 374 6 9 0.023779968 
119 327 8 9 0.023773046 
839 341 7 10 0.023613263 
985 351 7 9 0.023366598 
993 424 7 9 0.023361528 
650 335 8 10 0.023359776 
662 334 7 9 0.023182014 
72 392 9 11 0.023133695 
712 329 7 8 0.023075577 
106 343 8 10 0.023072109 
686 319 8 9 0.022991387 
192 301 9 11 0.022980291 
505 156 11 13 0.022953099 
682 326 8 10 0.02284666 
521 390 9 11 0.022816906 
968 344 8 11 0.022814741 
182 359 7 8 0.022762572 
89 344 9 10 0.022626908 
776 343 9 10 0.022533156 
729 335 7 9 0.022531763 
1001 391 7 10 0.02250506 
942 279 8 10 0.022463413 
808 311 7 8 0.022350643 
46 373 8 10 0.022253554 
172 541 9 12 0.022151232 
95 459 9 11 0.022132816 
120 447 8 10 0.02212317 
554 304 10 12 0.02203532 
686 327 8 10 0.021971567 
894 312 8 9 0.021964572 
743 335 6 8 0.021963367 
921 352 7 8 0.021902137 
14 414 9 10 0.021818573 
73 335 8 9 0.021815987 
841 318 8 9 0.021806901 
704 320 7 8 0.021802215 
761 360 7 9 0.021762546 
993 344 8 10 0.021759141 
653 528 10 12 0.021714712 
831 320 7 9 0.02171037 
87 358 7 9 0.021699192 
984 375 7 9 0.021696893 
695 303 7 9 0.021657867 
45 399 8 9 0.0216482 
842 313 7 9 0.021526258 
109 318 9 10 0.021499095 
975 383 9 10 0.021472782 
679 295 7 9 0.021469604 
136 381 9 10 0.021392979 
631 320 8 10 0.021381425 
985 367 8 10 0.02132322 
657 350 8 10 0.02129383 
73 344 8 9 0.021285752 
978 325 8 10 0.021252628 
49 344 7 9 0.02123961 
984 289 7 9 0.021217123 
984 344 7 10 0.021088256 
921 359 6 8 0.021032192 
81 357 8 10 0.020998273 
685 528 11 11 0.020959409 
617 344 9 12 0.020902261 
137 440 10 13 0.020838203 
32 303 8 10 0.020813584 
180 420 9 11 0.020792205 
525 392 9 11 0.020786412 
684 540 11 12 0.02073668 
944 368 8 10 0.020719413 
78 336 8 9 0.020519257 
824 318 7 8 0.020507991 
15 351 8 9 0.020449022 
604 572 11 12 0.02044377 
983 303 8 9 0.020422477 
751 345 7 8 0.02040655 
505 575 9 11 0.020279042 
816 278 8 10 0.020263327 
522 316 10 12 0.020241855 
148 440 9 11 0.020231608 
554 287 8 10 0.02006747 
