52_Photographers_taketouristphotos_52_3
40
268 52 94 117 0.99946994 
702 163 76 98 0.9929523 
383 344 25 34 0.31993324 
108 1067 65 60 0.2592942 
413 286 30 37 0.19960742 
589 387 374 491 0.17866828 
628 534 198 277 0.15206848 
784 156 13 17 0.1497452 
357 387 13 16 0.13082597 
184 363 23 34 0.12104173 
374 352 122 172 0.07575525 
324 514 16 21 0.07070995 
227 404 26 31 0.059276 
325 508 26 32 0.05051003 
318 441 13 16 0.049144156 
937 569 31 37 0.04744267 
361 380 13 16 0.039040457 
282 450 27 30 0.03638885 
297 343 24 33 0.033834245 
430 274 16 19 0.033687003 
414 398 11 14 0.03261689 
325 347 15 21 0.03222442 
310 503 44 50 0.029748352 
287 443 16 19 0.02827811 
425 296 29 37 0.027169561 
366 225 24 32 0.024793003 
434 309 25 35 0.024719661 
471 395 12 16 0.02452237 
174 401 23 32 0.024500342 
310 341 25 33 0.024373723 
235 290 25 33 0.024278155 
426 280 18 23 0.023850387 
144 340 22 29 0.023796417 
845 489 33 32 0.022350352 
336 515 17 20 0.02191717 
100 1154 65 51 0.021460822 
350 385 23 28 0.020849617 
283 449 51 53 0.020544054 
351 391 13 17 0.020216612 
311 442 14 16 0.020061981 
