52_Photographers_photographertakingphoto_52_130
28
647 370 14 19 0.12900043 
668 368 16 21 0.07232273 
636 329 13 18 0.07205361 
643 358 23 29 0.059687413 
568 348 37 39 0.047751006 
806 383 13 17 0.047230035 
318 402 54 67 0.04694417 
727 368 12 14 0.046497162 
657 359 25 31 0.045497138 
541 316 43 54 0.04291337 
725 388 13 15 0.036954954 
394 44 422 534 0.03661888 
691 402 16 19 0.03455652 
725 396 13 16 0.034138076 
653 347 10 12 0.034113865 
383 379 11 12 0.03256045 
647 342 40 50 0.03224674 
390 346 56 68 0.03134201 
341 373 15 17 0.029004328 
344 368 11 12 0.027549593 
763 422 11 14 0.027371064 
589 325 14 17 0.026878443 
596 397 12 15 0.023902293 
576 326 27 33 0.023785397 
825 302 28 33 0.023740578 
807 593 33 34 0.02346648 
690 387 15 18 0.021571308 
684 426 13 16 0.020776935 
