8_Election_Campain_Election_Campaign_8_244
27
388 99 106 148 0.99992776 
102 65 138 169 0.99988663 
507 128 120 166 0.99959093 
650 73 89 110 0.99958545 
849 141 89 107 0.99912065 
784 118 66 87 0.99765825 
255 158 81 97 0.99304914 
735 138 49 68 0.9490901 
2 168 56 76 0.87744266 
967 91 63 148 0.83451796 
699 112 76 100 0.23444226 
341 357 42 50 0.1243525 
926 115 89 134 0.095574915 
22 164 62 73 0.07867269 
362 173 27 41 0.062240243 
342 75 409 520 0.05889538 
820 245 25 37 0.048574395 
813 224 43 62 0.038704477 
748 102 14 20 0.034211718 
993 202 30 47 0.03397788 
444 114 107 148 0.031217115 
359 361 31 35 0.024084032 
341 146 49 73 0.022674978 
978 170 44 79 0.022551415 
364 188 16 22 0.021751815 
730 143 33 45 0.021700533 
334 124 87 118 0.020048805 
