8_Election_Campain_Election_Campaign_8_148
469
243 370 102 126 0.9998474 
812 287 67 77 0.999345 
676 254 62 69 0.9991615 
626 348 89 111 0.9990596 
888 422 70 82 0.9986033 
965 295 59 76 0.9985281 
428 293 83 107 0.9980673 
733 259 65 78 0.99777156 
2 208 69 94 0.99760216 
502 212 55 65 0.9973502 
719 440 103 154 0.9971675 
571 319 71 88 0.99715924 
426 228 57 65 0.9965264 
373 120 15 20 0.9960783 
585 189 43 55 0.99479717 
194 113 25 31 0.99400395 
316 273 73 95 0.99377453 
128 84 27 33 0.99362224 
478 149 28 33 0.9932074 
504 284 63 98 0.9730367 
861 493 82 109 0.95959866 
93 205 50 59 0.9580899 
481 112 16 21 0.9401802 
0 377 64 124 0.93696874 
753 101 10 12 0.93387353 
614 134 16 20 0.93348926 
726 131 16 19 0.89872205 
510 152 20 26 0.8979643 
170 96 20 25 0.88393587 
321 98 20 28 0.879909 
552 120 15 20 0.8752428 
754 219 32 36 0.871025 
637 179 23 27 0.8705936 
996 142 15 21 0.85706407 
7 8 14 18 0.8429911 
660 108 10 13 0.7716641 
36 11 12 15 0.7373743 
766 117 10 13 0.71386504 
495 148 26 32 0.6654157 
800 125 10 13 0.6357644 
807 98 10 14 0.6296538 
225 103 18 22 0.6149686 
248 287 56 67 0.5801825 
650 86 9 12 0.5654666 
781 100 10 12 0.5592499 
566 150 18 22 0.53836757 
301 70 9 12 0.5263576 
903 598 90 110 0.51475936 
596 156 25 29 0.51466507 
379 245 52 69 0.5117997 
846 124 13 18 0.4960781 
685 91 10 13 0.48926148 
659 148 13 17 0.48727506 
687 121 12 15 0.4715485 
324 93 15 21 0.37912464 
908 248 29 36 0.3434885 
704 124 11 14 0.33808106 
889 124 18 21 0.33727673 
557 73 9 11 0.32848024 
838 129 15 18 0.31904274 
232 55 10 13 0.31142026 
706 116 13 16 0.28641796 
682 87 9 12 0.27812815 
212 55 9 12 0.2710295 
271 66 12 16 0.2578785 
928 180 19 30 0.25397334 
268 76 11 15 0.25323567 
590 102 11 15 0.24597342 
505 95 9 11 0.24031724 
820 130 12 18 0.23141207 
422 247 66 87 0.2194103 
85 470 38 59 0.21724735 
373 135 12 17 0.20291619 
93 14 10 12 0.19163397 
317 30 10 13 0.1892261 
703 98 10 12 0.18553436 
823 110 12 16 0.1826704 
666 86 8 11 0.17896655 
269 199 13 17 0.1718463 
339 180 16 19 0.16975912 
520 70 8 10 0.16812465 
487 86 8 12 0.16625933 
495 71 8 11 0.16387288 
159 10 9 12 0.16377681 
117 26 11 14 0.1625566 
949 146 16 20 0.160295 
755 130 11 15 0.15732081 
340 44 11 13 0.15648869 
67 2 13 16 0.1465247 
758 125 11 15 0.14613226 
343 132 21 24 0.14583959 
301 163 12 16 0.14133483 
275 243 15 17 0.13732633 
630 101 9 11 0.13594604 
884 540 96 123 0.1345381 
393 505 88 118 0.1258971 
489 72 8 10 0.1258343 
604 87 8 10 0.123540714 
153 265 54 89 0.123173185 
288 36 9 11 0.12277075 
179 96 22 27 0.12099678 
735 104 10 12 0.120064184 
630 96 9 12 0.12004931 
900 245 26 31 0.116207756 
302 64 9 12 0.114540234 
554 76 9 11 0.11203754 
951 299 28 43 0.11088655 
921 162 15 22 0.108683415 
246 84 13 17 0.106354706 
931 138 14 19 0.10336175 
337 184 23 26 0.100540206 
898 124 16 20 0.09678271 
836 192 30 43 0.09627618 
270 7 11 13 0.0924747 
727 78 8 11 0.09073576 
615 102 9 12 0.08887734 
589 94 8 11 0.08861783 
790 162 13 17 0.08808686 
585 93 8 11 0.08799063 
629 107 10 13 0.08753173 
996 182 11 16 0.08483984 
153 10 10 13 0.083253376 
621 86 8 10 0.08181433 
700 163 16 19 0.07946312 
36 124 19 25 0.07887434 
836 507 66 94 0.07855223 
139 15 13 15 0.078399114 
186 103 24 29 0.07754661 
728 220 31 34 0.07718487 
188 75 15 19 0.07606613 
588 522 49 57 0.07587142 
366 137 12 16 0.075694494 
270 22 8 10 0.07527024 
635 77 8 11 0.07423914 
876 155 19 23 0.07401754 
550 102 11 13 0.073617175 
54 0 15 18 0.07347838 
464 62 10 11 0.07272705 
939 140 13 18 0.072036624 
656 104 12 15 0.07094329 
897 256 29 39 0.07047782 
923 263 16 22 0.07005617 
734 87 10 12 0.06948231 
617 87 8 10 0.06918021 
44 565 43 59 0.06902518 
810 95 11 13 0.06737655 
704 110 13 15 0.06721247 
751 84 9 11 0.06705122 
114 22 11 14 0.066247776 
678 122 12 16 0.06465037 
190 7 9 11 0.06453534 
221 294 66 87 0.06409479 
936 184 20 30 0.06403533 
255 645 131 130 0.06304949 
520 152 15 22 0.06261954 
278 165 10 13 0.06252384 
924 164 24 34 0.061517794 
528 84 11 15 0.061308138 
212 103 21 28 0.061253864 
624 103 9 11 0.060894873 
24 54 10 14 0.060571846 
61 64 15 22 0.059510592 
166 13 9 12 0.059355818 
704 86 8 10 0.058381982 
891 234 26 31 0.058341034 
743 78 10 11 0.0582335 
355 133 14 17 0.057995405 
707 129 14 17 0.05733839 
294 15 8 10 0.057122767 
987 215 22 29 0.056636628 
261 30 8 11 0.055918343 
597 108 9 12 0.05575623 
356 251 58 76 0.055447873 
396 184 42 47 0.055284083 
1010 419 14 29 0.055148054 
729 94 10 13 0.05505244 
624 107 11 14 0.05492925 
247 37 9 13 0.053644996 
987 692 40 62 0.05275556 
654 81 9 11 0.052684385 
297 63 9 13 0.052245356 
158 576 55 66 0.05208673 
575 100 10 14 0.050937206 
233 322 103 121 0.05047419 
756 165 15 19 0.050297778 
17 547 42 68 0.049836736 
187 93 16 20 0.049823813 
647 81 10 12 0.049603328 
772 468 102 121 0.049081627 
584 105 13 17 0.048879303 
577 95 8 11 0.048308685 
942 144 15 19 0.048138104 
851 121 13 18 0.04761098 
482 86 9 11 0.047472585 
388 137 12 14 0.047196902 
29 51 11 15 0.046989013 
517 77 9 11 0.046939414 
756 96 9 13 0.0465963 
845 196 15 22 0.04657742 
663 81 10 12 0.04645845 
391 229 69 91 0.045158193 
598 79 9 11 0.0450683 
726 64 9 11 0.04500678 
216 99 14 20 0.04470855 
266 188 21 31 0.044661555 
651 89 11 14 0.04400573 
743 85 11 12 0.043524724 
47 4 12 16 0.043417122 
650 363 97 132 0.043133 
310 63 8 11 0.043023344 
887 226 23 29 0.04252505 
696 80 9 12 0.04249347 
397 134 14 15 0.042487532 
293 280 57 70 0.042460207 
885 117 15 20 0.042233977 
313 36 10 12 0.042176828 
434 148 15 20 0.04207283 
233 108 16 21 0.04191377 
772 115 10 13 0.04143367 
657 113 11 15 0.041106552 
830 130 13 19 0.040864434 
816 125 11 17 0.04042207 
265 24 8 10 0.04039127 
404 138 13 14 0.039665747 
781 105 11 15 0.039379466 
43 10 12 15 0.039085355 
788 52 10 13 0.03878239 
776 109 9 13 0.03873474 
69 93 9 13 0.038475342 
270 293 41 45 0.038350955 
876 451 83 104 0.037926592 
294 74 11 13 0.037830226 
406 148 15 18 0.037820037 
934 559 71 96 0.037531685 
226 60 11 13 0.03749699 
208 59 11 12 0.037366137 
144 58 12 16 0.037190087 
331 149 12 17 0.037124697 
87 19 11 14 0.03703525 
655 48 8 10 0.037000213 
696 403 103 141 0.03685822 
609 155 15 19 0.03669014 
701 67 10 12 0.036472455 
673 124 11 14 0.03589659 
630 62 8 10 0.035696033 
725 115 14 18 0.035548892 
533 81 9 11 0.035089023 
778 274 65 82 0.035063468 
1 533 38 78 0.03506075 
644 67 10 13 0.03488237 
224 31 9 11 0.034852166 
577 87 7 9 0.034732208 
192 30 9 11 0.034198754 
721 64 9 12 0.034191646 
502 70 8 10 0.034145843 
614 95 9 11 0.03406675 
484 104 13 16 0.034004327 
663 90 11 14 0.03398009 
250 89 13 17 0.033892386 
742 71 9 10 0.033715017 
951 175 25 30 0.0336793 
996 129 22 28 0.033670865 
125 12 11 15 0.033525467 
118 14 13 16 0.033382382 
598 71 10 12 0.03333938 
112 60 11 14 0.03323165 
310 263 52 64 0.032935366 
962 183 17 21 0.032544494 
950 534 61 77 0.032528285 
276 175 16 21 0.032183927 
750 97 16 22 0.03202839 
577 502 46 58 0.031907335 
879 165 24 35 0.031879123 
752 202 28 36 0.031515006 
720 134 15 20 0.031385176 
727 110 11 14 0.03133857 
283 145 13 17 0.031274192 
525 69 8 10 0.03125917 
263 108 12 18 0.031230677 
913 233 25 34 0.031184906 
134 413 32 45 0.031083822 
670 92 10 12 0.03100736 
264 80 13 16 0.030921333 
821 103 12 15 0.030775705 
358 553 95 151 0.03070299 
606 92 10 12 0.030630758 
655 142 14 18 0.03054436 
757 86 8 10 0.030448882 
706 167 15 20 0.0302924 
778 96 10 13 0.030096287 
625 95 9 11 0.029999675 
701 80 10 12 0.029976558 
65 26 10 15 0.029860588 
304 57 8 12 0.029807756 
61 87 15 18 0.029764501 
0 83 7 15 0.02962871 
148 20 13 15 0.029544964 
716 120 19 25 0.029497625 
584 89 8 10 0.029445989 
227 12 10 14 0.02935622 
144 90 17 21 0.029342664 
697 64 8 11 0.0292295 
324 30 9 12 0.02909653 
341 157 10 13 0.028959785 
736 64 9 11 0.02879788 
50 593 47 62 0.028792938 
69 8 12 16 0.02871132 
310 68 9 12 0.028688045 
561 237 15 19 0.028675891 
235 59 11 13 0.028672047 
759 138 10 14 0.028664138 
829 251 36 37 0.028561162 
277 75 11 16 0.028553514 
184 284 71 104 0.028483946 
923 150 23 31 0.02848132 
313 24 10 13 0.02821086 
232 49 9 12 0.0281287 
794 126 10 12 0.028101083 
732 224 19 21 0.028057087 
279 157 12 15 0.028056156 
316 68 10 12 0.02797217 
633 72 8 11 0.0278354 
397 201 47 55 0.027817793 
505 89 8 10 0.027792616 
304 40 8 10 0.02762007 
944 192 16 22 0.027397908 
803 119 12 16 0.027393417 
734 78 11 12 0.027313033 
56 69 13 18 0.027243007 
137 205 25 45 0.027208041 
262 48 7 10 0.027007429 
336 38 19 24 0.026892882 
910 216 13 17 0.026885819 
757 79 8 10 0.026858585 
149 264 37 53 0.026484389 
534 712 17 21 0.026346592 
93 5 12 15 0.026286773 
803 128 12 16 0.026284283 
984 117 37 50 0.026256815 
248 33 8 11 0.026249643 
720 77 9 12 0.026155954 
288 62 11 12 0.02609299 
899 1 12 12 0.02595076 
492 86 9 12 0.025944568 
699 97 21 26 0.025865518 
630 43 10 13 0.025774723 
639 70 9 12 0.025756618 
622 80 9 11 0.025705561 
92 110 16 19 0.02564606 
896 307 42 52 0.025514066 
604 78 9 11 0.02549286 
516 141 16 21 0.025343152 
274 5 11 13 0.0253378 
743 102 10 12 0.025194248 
681 81 8 11 0.025182834 
637 140 12 17 0.025157223 
687 79 9 12 0.02509946 
47 93 10 12 0.02501225 
817 78 11 12 0.02497444 
615 105 11 14 0.024950352 
656 51 9 12 0.0248212 
346 173 14 17 0.024818383 
667 151 15 19 0.024790274 
469 68 10 12 0.0246818 
101 -1 16 14 0.024626818 
0 9 13 19 0.024557885 
265 7 10 12 0.02445704 
794 157 14 19 0.02443822 
741 64 9 11 0.024436673 
199 100 23 33 0.024429424 
100 21 10 13 0.024334027 
185 40 7 10 0.024311317 
116 34 12 15 0.024209209 
481 71 8 11 0.024124624 
238 69 11 14 0.024098584 
223 22 9 10 0.024085412 
550 108 14 18 0.024064941 
777 75 9 11 0.0239222 
752 170 16 20 0.023859726 
67 22 11 14 0.023828605 
369 211 18 21 0.023765521 
494 55 8 9 0.02361755 
347 43 12 15 0.023607746 
772 186 13 16 0.023480112 
783 169 15 17 0.023413686 
954 143 22 27 0.023334056 
646 148 12 16 0.023260372 
96 411 31 39 0.023177508 
774 132 10 14 0.02299369 
655 122 10 14 0.022978416 
141 24 12 15 0.02294423 
757 108 10 13 0.022930253 
308 84 11 16 0.022925198 
448 237 62 70 0.02292377 
304 97 12 17 0.022912627 
293 32 8 10 0.022887759 
756 211 18 22 0.022846017 
195 81 12 17 0.022841042 
407 178 32 33 0.02264621 
989 246 17 22 0.02261051 
15 116 10 12 0.022603841 
150 137 24 37 0.022578625 
509 99 9 13 0.022543132 
782 73 9 10 0.022508591 
887 16 14 17 0.022477956 
261 53 9 11 0.02246654 
544 91 10 14 0.02245068 
459 159 22 29 0.022354303 
511 109 10 15 0.022323616 
346 126 16 19 0.022292295 
815 85 11 12 0.022249995 
892 179 17 27 0.022223748 
938 146 22 29 0.022217518 
655 133 10 14 0.022203796 
597 80 20 24 0.022202771 
457 534 46 66 0.02205893 
333 620 98 131 0.022037886 
358 155 10 12 0.022026304 
257 48 8 11 0.021996794 
174 21 8 11 0.021970892 
649 47 9 10 0.021962289 
688 70 9 11 0.021927599 
760 149 11 16 0.02192588 
890 333 46 56 0.021862509 
53 88 14 18 0.021827152 
532 89 11 16 0.021810707 
977 203 25 33 0.021804238 
191 35 8 12 0.02175043 
266 12 10 13 0.021703552 
314 67 108 126 0.02166859 
335 50 12 15 0.021634137 
288 69 11 14 0.021587543 
910 95 23 30 0.021579377 
920 142 21 28 0.021556342 
668 79 11 13 0.021554086 
286 76 12 16 0.021507895 
223 36 9 12 0.021470414 
495 94 8 11 0.021453913 
762 113 18 23 0.021451095 
694 95 9 12 0.02142434 
19 10 14 18 0.021322437 
489 66 7 9 0.021272207 
388 188 12 17 0.021207115 
235 95 21 26 0.021201506 
95 0 11 11 0.021043425 
22 117 10 13 0.0210117 
478 235 62 71 0.020944294 
49 0 12 13 0.020928616 
55 69 23 32 0.020914689 
736 212 41 46 0.020865552 
794 131 11 14 0.020808445 
1003 405 23 47 0.020790342 
257 53 8 11 0.020773234 
71 187 52 69 0.02058255 
270 29 8 11 0.020467713 
640 83 9 12 0.020449834 
256 24 8 10 0.020438986 
238 47 10 12 0.020405265 
356 147 12 15 0.020339409 
553 67 18 23 0.020304885 
255 35 10 12 0.020216506 
561 39 8 9 0.020187128 
856 154 22 32 0.020167831 
0 54 8 15 0.020139728 
716 115 13 19 0.020094706 
375 236 37 47 0.02009294 
681 86 18 23 0.020091001 
297 64 17 23 0.020070381 
35 50 13 16 0.020049686 
