8_Election_Campain_Election_Campaign_8_86
78
121 172 51 73 0.9992531 
11 154 54 74 0.99876726 
378 216 40 59 0.9959143 
577 235 52 67 0.99406046 
213 230 39 53 0.9682971 
475 274 37 47 0.95996016 
344 262 31 40 0.932134 
462 253 26 32 0.67776966 
641 104 109 147 0.6710825 
499 672 18 19 0.15344901 
662 10 116 179 0.14252771 
844 94 114 135 0.12865776 
808 45 184 244 0.11286299 
308 267 24 33 0.10099386 
619 273 356 442 0.09608392 
226 669 17 18 0.07858625 
320 269 21 31 0.075470544 
570 198 15 22 0.07112107 
996 325 26 38 0.06507042 
321 622 8 11 0.06281862 
473 264 19 23 0.05903036 
914 279 14 19 0.057638537 
877 125 64 90 0.057032276 
473 265 29 35 0.05563597 
333 268 24 32 0.051940996 
279 615 11 15 0.0506311 
33 250 12 15 0.049478773 
142 567 24 35 0.04781116 
812 225 26 31 0.047638856 
838 241 13 18 0.04714955 
318 612 10 13 0.039508432 
308 575 10 12 0.03861363 
847 305 11 15 0.037828244 
829 235 13 19 0.03769226 
311 604 13 18 0.036131207 
819 315 12 13 0.035172395 
448 635 30 36 0.035135683 
305 280 24 33 0.03512314 
301 604 12 18 0.034472305 
149 566 12 16 0.034259994 
812 312 15 16 0.034098934 
335 601 11 15 0.03404225 
139 651 16 19 0.033920784 
296 608 11 15 0.033197198 
688 31 59 94 0.032246903 
268 670 19 19 0.030655196 
81 175 39 56 0.03005055 
325 614 11 14 0.029394954 
131 644 13 18 0.02860338 
990 362 32 41 0.028338874 
455 256 15 23 0.028277978 
272 276 27 31 0.028238855 
416 618 28 38 0.02790479 
756 475 117 144 0.027886163 
568 198 27 34 0.027704392 
793 263 17 18 0.027697248 
304 620 10 13 0.02670331 
68 175 17 22 0.026594477 
134 648 15 20 0.025375107 
435 639 50 52 0.025355706 
823 231 23 30 0.025352819 
916 153 36 53 0.024779908 
893 296 53 62 0.024746697 
939 330 27 37 0.02419216 
915 0 84 121 0.023853786 
844 322 95 110 0.023669837 
209 625 14 18 0.02349366 
802 407 10 12 0.023424637 
665 186 67 85 0.023107998 
892 355 16 18 0.023042912 
-3 235 40 59 0.021536887 
500 595 13 18 0.021495394 
358 270 18 25 0.021291424 
870 319 62 70 0.021157548 
421 654 15 19 0.02110928 
800 229 12 15 0.020748282 
875 22 115 166 0.020316685 
7 108 47 71 0.020164143 
