8_Election_Campain_Election_Campaign_8_437
148
731 50 24 29 0.9871252 
649 52 25 30 0.9866621 
364 65 22 26 0.9755387 
571 52 23 29 0.9714957 
522 35 14 17 0.9667303 
438 65 21 25 0.96634454 
755 145 14 18 0.9659236 
215 160 14 19 0.96096075 
682 259 24 30 0.9558308 
581 256 21 25 0.95096534 
641 146 14 18 0.9381245 
132 263 19 23 0.93197924 
258 164 21 26 0.92362136 
475 252 23 28 0.909312 
250 267 21 25 0.9004515 
282 61 15 18 0.89545214 
587 148 15 19 0.8848724 
88 160 14 18 0.86104006 
149 161 15 18 0.85919785 
149 64 15 18 0.8533163 
698 144 14 19 0.8529318 
26 157 14 18 0.8513946 
215 62 15 19 0.8231069 
88 66 14 18 0.8150116 
701 58 16 22 0.74882454 
621 58 16 21 0.7397438 
369 254 21 26 0.70871544 
22 70 14 18 0.66697174 
611 4 26 26 0.5573312 
530 378 44 42 0.46070033 
410 67 15 20 0.43821108 
490 98 26 32 0.3911235 
125 151 13 17 0.36520606 
692 4 25 25 0.36339545 
63 150 13 17 0.3290337 
695 44 22 30 0.31672814 
258 51 13 18 0.31305107 
352 153 25 32 0.26053047 
784 58 13 19 0.22472112 
627 261 13 18 0.20415324 
158 224 15 18 0.1988789 
302 172 14 19 0.18847127 
495 143 23 30 0.18182592 
190 153 11 16 0.15686631 
615 47 20 27 0.13633908 
447 314 32 54 0.12980656 
352 143 18 22 0.118424565 
491 90 18 21 0.110780515 
424 144 18 20 0.10724069 
733 268 12 17 0.09805005 
191 55 12 16 0.097943775 
293 119 21 25 0.09624324 
75 143 15 18 0.093111426 
627 336 24 33 0.09192484 
204 144 14 17 0.08765688 
829 83 213 291 0.08763689 
126 55 13 18 0.084484115 
755 303 437 472 0.08380892 
516 81 14 19 0.06893855 
22 323 542 537 0.06521297 
250 120 15 17 0.06273836 
531 40 16 19 0.060455095 
484 57 16 20 0.056175865 
483 42 16 17 0.050417427 
139 47 16 20 0.04999291 
63 58 13 17 0.0497363 
593 344 38 47 0.04940173 
495 140 15 22 0.04730314 
226 120 14 17 0.046513785 
791 394 11 12 0.04557737 
404 50 23 32 0.045299947 
172 270 10 15 0.045256183 
195 58 13 15 0.044047743 
197 148 12 16 0.043990083 
284 224 18 21 0.043660447 
524 261 11 16 0.04363028 
777 1 21 19 0.043416202 
294 275 10 13 0.04281722 
766 156 12 15 0.03955481 
422 150 25 32 0.03887722 
476 13 16 19 0.038644224 
461 311 29 48 0.036608186 
480 19 23 25 0.036379512 
129 50 20 25 0.036082476 
701 137 20 26 0.035622977 
230 25 14 19 0.03434243 
460 36 14 17 0.034159448 
628 268 15 20 0.034007475 
12 183 15 19 0.033275656 
492 152 31 37 0.032709263 
617 343 28 40 0.032681026 
623 210 24 27 0.032357667 
477 49 18 24 0.031793103 
639 60 353 434 0.031685174 
45 223 21 32 0.03108388 
119 129 12 15 0.030692011 
544 3 13 15 0.029984023 
730 211 24 27 0.028968353 
68 53 13 17 0.028745212 
4 148 12 17 0.02864798 
410 23 17 20 0.028582595 
709 154 13 15 0.02848359 
99 121 13 16 0.02814362 
871 432 136 129 0.028071893 
502 89 22 28 0.027834997 
158 215 12 15 0.027609609 
594 152 15 19 0.027520282 
531 61 16 17 0.027441457 
651 146 15 19 0.027250119 
622 247 21 30 0.027174199 
402 209 25 29 0.027067006 
22 150 16 20 0.027062755 
480 31 23 26 0.026856953 
542 116 23 27 0.026705762 
143 60 15 20 0.02666862 
117 230 15 17 0.026588112 
190 199 10 13 0.026160661 
727 254 21 29 0.02608268 
127 191 9 13 0.025809348 
799 411 13 16 0.025660636 
702 2 18 20 0.025617212 
447 330 13 19 0.025369143 
184 150 12 16 0.024971943 
438 326 26 39 0.024207955 
435 141 14 18 0.023837565 
374 138 13 18 0.023570865 
462 341 26 38 0.023371821 
199 143 12 15 0.022869071 
159 197 11 15 0.02269266 
585 357 32 40 0.022626653 
524 60 14 17 0.022466362 
485 71 15 20 0.021894518 
518 253 20 28 0.021879092 
675 348 16 23 0.021819193 
364 239 36 45 0.021783724 
486 79 22 27 0.021667693 
489 65 16 19 0.021570317 
691 36 20 25 0.02138733 
76 51 13 17 0.021332366 
2 143 20 28 0.02103635 
388 333 15 24 0.02102799 
676 216 363 434 0.020889632 
775 43 22 29 0.020790149 
264 51 15 19 0.020533912 
763 141 13 18 0.020482121 
560 354 42 48 0.020321831 
504 102 17 23 0.020280879 
140 141 13 16 0.020243704 
