8_Election_Campain_Election_Campaign_8_236
18
156 360 62 83 0.9987563 
324 337 66 95 0.998434 
558 132 75 93 0.9976888 
408 355 44 55 0.97299135 
764 345 47 59 0.91265714 
924 400 37 66 0.124256045 
489 610 34 31 0.07414047 
839 374 9 12 0.0732386 
828 239 45 60 0.06981261 
807 375 14 20 0.051520105 
367 371 34 55 0.047082104 
858 240 40 54 0.04643839 
434 0 22 18 0.035978045 
455 381 41 57 0.027909836 
427 370 44 60 0.027150083 
363 345 33 62 0.026007159 
736 109 10 15 0.024788944 
379 384 35 46 0.021151304 
