8_Election_Campain_Election_Campaign_8_118
156
712 376 106 129 0.9996939 
291 165 55 69 0.99942493 
532 167 35 46 0.998552 
405 207 72 92 0.99846846 
888 331 58 76 0.99752134 
994 237 31 38 0.9952057 
649 201 36 42 0.9948125 
693 244 88 126 0.9926514 
174 215 38 50 0.98842084 
531 292 66 106 0.9796704 
362 172 41 58 0.9717927 
215 190 41 51 0.97047365 
959 272 35 43 0.95661145 
148 196 45 61 0.9459999 
211 279 37 52 0.8752841 
889 234 23 34 0.575027 
104 199 36 52 0.51169515 
921 484 106 195 0.4705589 
2 553 23 40 0.44866627 
960 226 15 17 0.41306958 
990 327 36 46 0.38674986 
884 245 24 37 0.3582639 
818 229 35 64 0.2717833 
901 200 10 12 0.2581636 
597 196 12 16 0.25656626 
805 183 11 13 0.24735974 
860 184 10 12 0.23260929 
866 226 38 55 0.21546163 
952 200 11 12 0.21338044 
584 164 10 12 0.20156817 
773 183 10 14 0.19433327 
983 201 12 15 0.18440962 
721 196 19 24 0.16230991 
195 202 40 53 0.16026647 
811 220 31 45 0.15310866 
712 186 9 13 0.13677308 
822 182 8 11 0.13466933 
899 232 12 17 0.12194537 
626 160 13 17 0.11551712 
53 190 29 45 0.10522288 
588 234 21 30 0.10320412 
810 216 18 22 0.10118145 
236 420 14 19 0.09622567 
931 190 11 13 0.09557806 
638 197 13 19 0.09496645 
116 197 47 58 0.08893003 
885 194 11 14 0.08815849 
641 196 29 35 0.08206468 
945 180 11 15 0.078409016 
985 208 19 21 0.06646117 
990 276 28 37 0.065081306 
950 225 14 18 0.06302327 
498 179 25 41 0.06276979 
909 244 11 16 0.056434907 
604 322 60 82 0.055434413 
907 254 21 30 0.054211847 
845 182 8 10 0.054141693 
950 239 17 22 0.05214889 
817 218 18 23 0.051495317 
948 485 68 106 0.048419334 
383 201 34 51 0.04618367 
954 233 18 20 0.04557305 
832 228 30 54 0.04470182 
721 172 10 12 0.044626426 
715 188 13 16 0.044271644 
711 235 56 77 0.043273233 
727 198 26 30 0.04298538 
826 68 17 23 0.04276682 
993 263 27 35 0.040651955 
0 609 42 62 0.039502256 
972 258 39 52 0.039237436 
639 157 10 13 0.03880604 
814 180 12 14 0.03872907 
977 197 11 15 0.038647454 
724 173 12 14 0.038467467 
863 331 56 82 0.036787424 
880 192 11 13 0.03672333 
1012 187 11 18 0.036634807 
832 417 58 93 0.036544286 
92 239 13 17 0.035321143 
632 148 12 14 0.03520809 
87 207 45 61 0.034954432 
913 262 25 33 0.0349343 
947 186 13 15 0.03300545 
688 288 105 178 0.032686 
70 198 43 57 0.032609574 
815 175 9 11 0.032462817 
928 195 10 13 0.03181366 
763 212 17 20 0.031198278 
946 198 10 12 0.031190403 
855 194 14 15 0.031123336 
651 167 14 17 0.031116182 
868 35 13 15 0.030448304 
840 176 8 10 0.03007534 
915 253 14 19 0.029433494 
804 214 29 38 0.028999388 
1007 203 12 17 0.02894804 
920 190 8 10 0.028866818 
723 190 15 18 0.028855413 
1000 61 22 36 0.027374262 
976 274 18 25 0.02718231 
783 388 92 133 0.026957797 
101 243 15 20 0.02664829 
982 222 25 29 0.02658394 
910 191 8 9 0.026552407 
591 190 20 27 0.026431913 
949 246 28 33 0.026388876 
499 141 13 17 0.026382279 
62 243 12 15 0.026351158 
717 180 13 17 0.026219472 
741 44 12 15 0.02619629 
632 197 22 29 0.02598491 
705 186 11 15 0.025345279 
732 174 11 14 0.0252968 
474 410 61 63 0.025175733 
895 255 16 25 0.02504539 
855 183 19 22 0.02500305 
965 197 10 14 0.024832524 
643 158 10 13 0.024818597 
907 197 10 13 0.024771323 
801 180 19 23 0.024676777 
158 177 31 57 0.024414815 
911 251 12 17 0.02437865 
812 204 15 18 0.02423014 
636 144 10 12 0.024007427 
956 255 28 35 0.023972098 
870 189 9 12 0.023852624 
599 142 9 13 0.023663051 
679 69 9 11 0.022913601 
822 54 10 13 0.022802988 
1001 280 17 22 0.022559926 
733 180 11 14 0.022389205 
565 297 83 105 0.022185069 
823 186 9 12 0.0220935 
655 76 12 16 0.02193724 
827 223 17 29 0.021893742 
646 165 12 16 0.02183884 
85 221 28 38 0.021831656 
597 146 12 16 0.021751987 
913 271 35 48 0.021655634 
958 190 10 13 0.021647286 
884 421 93 134 0.02155785 
789 10 18 22 0.02155167 
994 203 14 18 0.021523107 
959 374 53 65 0.021504212 
0 559 39 68 0.021482889 
980 189 15 18 0.021421753 
807 176 11 14 0.021199282 
920 199 10 12 0.02119052 
589 229 16 21 0.020871973 
949 194 18 23 0.020763978 
731 189 16 19 0.020668026 
981 216 16 19 0.020257294 
-6 331 82 142 0.02024217 
793 3 16 16 0.020193554 
850 408 89 130 0.020141052 
