8_Election_Campain_Election_Campaign_8_84
186
122 543 42 54 0.99414486 
35 527 29 35 0.99271303 
210 507 24 37 0.9903824 
311 496 25 31 0.9892587 
490 190 17 22 0.9873487 
76 502 24 31 0.9708095 
128 484 17 23 0.9553516 
291 500 21 29 0.95417506 
881 506 19 27 0.94710195 
631 203 18 24 0.9362851 
444 185 17 22 0.91340226 
524 178 14 18 0.9076052 
534 512 22 28 0.90473104 
976 487 25 29 0.88717514 
923 601 37 61 0.84412134 
8 530 19 25 0.8304097 
257 426 18 25 0.78583235 
88 503 24 31 0.76965165 
185 489 15 20 0.56748015 
846 485 11 14 0.49771553 
778 486 19 30 0.48312557 
164 464 13 17 0.39157718 
445 539 24 31 0.38223892 
100 505 23 31 0.3744411 
675 247 13 17 0.365921 
198 456 11 16 0.30136722 
220 469 11 13 0.28263393 
227 440 12 17 0.23136531 
218 475 16 21 0.21569134 
154 446 10 11 0.20781972 
946 508 15 18 0.20309848 
173 469 12 16 0.1727599 
972 463 17 21 0.16721629 
179 422 8 11 0.15637842 
174 381 7 9 0.13938622 
178 474 12 15 0.13838927 
604 214 12 16 0.13073342 
560 179 12 17 0.13031475 
207 437 8 11 0.11676906 
287 419 14 17 0.1086703 
166 397 10 12 0.10700597 
292 430 15 22 0.1049042 
670 269 14 19 0.10483213 
183 429 7 10 0.103848435 
927 465 15 20 0.09440293 
228 431 10 12 0.0875496 
987 430 17 20 0.08462931 
602 213 21 26 0.081249736 
450 187 22 29 0.079687975 
882 387 15 20 0.07909928 
975 454 11 15 0.0763961 
992 487 16 23 0.07576817 
190 413 8 11 0.07478065 
176 416 8 11 0.074300036 
216 461 13 17 0.07328675 
973 472 26 32 0.07033244 
932 451 12 15 0.07026334 
831 464 8 11 0.069933966 
454 571 26 42 0.06807127 
158 451 8 11 0.06749577 
228 422 9 11 0.06632362 
32 412 10 12 0.06412097 
153 439 10 12 0.06407558 
921 593 27 44 0.063795485 
214 480 23 30 0.058058746 
176 559 25 39 0.05617708 
167 392 10 12 0.053728007 
539 196 23 30 0.05371005 
142 413 10 12 0.052066647 
611 213 13 16 0.051669687 
167 404 8 10 0.0513313 
206 431 9 12 0.050894 
170 377 7 9 0.049873304 
826 462 9 12 0.0498324 
108 509 25 32 0.048832502 
189 431 8 10 0.048312508 
542 240 15 19 0.048164774 
206 444 9 12 0.04809222 
299 431 13 20 0.047811016 
770 387 15 19 0.046926994 
930 460 14 18 0.045936003 
553 182 22 31 0.044654645 
283 421 20 29 0.043751687 
184 416 8 10 0.043498132 
207 424 8 10 0.043077115 
138 414 8 11 0.042589426 
792 367 12 16 0.04218829 
368 643 21 29 0.040863525 
168 414 8 11 0.04077749 
880 727 38 42 0.04063374 
113 506 17 23 0.040545948 
135 431 8 12 0.040491957 
515 251 12 14 0.037978187 
260 520 17 23 0.0373293 
197 512 23 34 0.03729284 
173 390 10 11 0.03704839 
184 536 24 34 0.037025034 
168 432 8 11 0.036978833 
430 589 47 69 0.03666923 
141 524 27 33 0.03616579 
854 619 14 18 0.035957556 
622 237 13 16 0.034669083 
201 447 8 10 0.034637842 
151 430 8 11 0.034428205 
115 452 11 15 0.0342866 
273 422 21 30 0.034132313 
152 449 11 15 0.033875078 
952 460 10 14 0.033726934 
529 182 15 20 0.03364048 
957 453 10 14 0.033122867 
952 469 12 17 0.033121955 
821 358 9 12 0.033082988 
143 430 9 12 0.033076383 
8 737 26 31 0.032489493 
57 420 9 13 0.032429613 
508 203 14 17 0.03207597 
940 453 10 14 0.03203868 
291 416 10 13 0.032004382 
186 518 22 33 0.031958412 
563 182 14 20 0.031950023 
244 444 14 18 0.031562015 
611 222 16 19 0.03145548 
572 181 10 13 0.03133183 
177 429 8 11 0.031308852 
984 332 10 13 0.031103913 
642 256 15 20 0.031022435 
927 445 14 18 0.030893836 
705 308 11 14 0.030736318 
236 442 14 18 0.030446207 
194 455 11 15 0.030336618 
29 419 12 16 0.03015706 
150 423 8 11 0.029618742 
803 421 9 12 0.029249366 
167 454 9 11 0.029157639 
260 413 15 18 0.029117113 
168 437 8 12 0.029066404 
449 533 17 21 0.02894854 
550 180 11 16 0.028749721 
170 446 8 11 0.028628204 
160 414 8 10 0.028625146 
549 173 11 14 0.028435148 
638 264 17 19 0.027453762 
921 453 9 12 0.02691266 
225 417 8 10 0.026191004 
926 477 14 18 0.025343958 
668 253 20 27 0.025251003 
529 173 14 18 0.025078423 
926 449 21 27 0.024876865 
160 389 9 12 0.024578474 
336 428 9 13 0.024556875 
786 483 16 24 0.024368713 
224 479 16 20 0.02408445 
623 203 15 21 0.024020903 
605 206 13 18 0.024000363 
944 503 12 16 0.023356143 
458 181 16 21 0.022967495 
549 186 13 19 0.02296085 
641 207 15 20 0.022949757 
838 464 8 10 0.022936556 
56 12 110 126 0.02254651 
201 437 10 12 0.022484893 
554 200 15 20 0.022330241 
535 202 14 17 0.022248542 
663 250 13 18 0.022238934 
973 427 14 18 0.02194931 
142 436 8 11 0.021639293 
864 465 11 16 0.021632917 
25 422 10 13 0.021592865 
764 625 43 80 0.021511719 
173 406 9 11 0.021502737 
22 399 9 12 0.021492908 
136 422 8 11 0.021453828 
141 512 26 30 0.021399146 
542 179 13 17 0.02136154 
683 249 12 17 0.021326588 
941 460 10 15 0.0212898 
574 188 10 15 0.021274244 
785 500 16 21 0.021258272 
279 505 16 20 0.02117093 
223 427 20 27 0.021161022 
242 415 39 50 0.020584056 
826 455 8 11 0.020527137 
840 479 19 24 0.020505413 
516 183 42 50 0.020252088 
221 453 11 14 0.020137187 
172 395 10 12 0.020109177 
