8_Election_Campain_Election_Campaign_8_157
170
163 420 33 45 0.9993456 
268 441 21 25 0.9826612 
219 456 21 27 0.9654578 
-1 471 20 30 0.9547979 
326 460 23 36 0.9344633 
805 461 12 16 0.7088303 
726 415 17 21 0.6962999 
405 460 13 18 0.4574971 
645 443 12 15 0.37513584 
333 433 13 15 0.3254035 
1004 340 15 22 0.22060595 
630 424 13 14 0.21345761 
766 439 23 31 0.193825 
585 547 18 20 0.17217189 
686 451 14 18 0.16256921 
606 464 15 20 0.1571148 
921 448 8 9 0.1570405 
583 450 22 30 0.14473462 
894 389 9 11 0.14295658 
583 403 13 16 0.13680696 
666 441 14 21 0.13330556 
662 438 13 19 0.12318499 
906 441 7 10 0.1224155 
653 441 12 18 0.107022256 
920 262 17 20 0.1068194 
612 461 12 16 0.1020003 
774 360 8 11 0.095101036 
854 436 11 15 0.092608005 
792 370 10 13 0.08330846 
991 306 11 13 0.07953008 
536 446 9 13 0.079107925 
820 453 10 13 0.07648797 
360 266 12 15 0.07406046 
309 460 26 31 0.0730886 
903 452 11 13 0.07196374 
464 395 13 18 0.07169726 
434 440 25 30 0.071633175 
685 443 14 18 0.07067537 
830 463 9 12 0.06802951 
894 448 7 10 0.06568378 
890 447 8 11 0.06495063 
874 351 9 11 0.062988855 
447 275 11 14 0.06279073 
702 421 9 10 0.06247962 
951 386 11 14 0.062472373 
503 464 13 18 0.060993582 
690 457 14 16 0.060945377 
909 446 9 11 0.058812547 
810 460 11 14 0.058363736 
946 253 10 12 0.056416936 
617 483 11 17 0.05514629 
958 448 11 12 0.0543892 
832 437 11 15 0.053749356 
662 489 14 20 0.05305108 
830 113 31 38 0.05103554 
915 247 25 29 0.04737506 
932 236 10 13 0.045437425 
338 433 13 18 0.04475687 
816 454 10 14 0.044389885 
594 458 21 28 0.042656645 
909 452 11 13 0.042107414 
358 273 13 15 0.04078337 
678 441 14 18 0.040736496 
399 463 14 19 0.04056586 
826 185 19 35 0.039944902 
790 450 13 17 0.03906989 
693 438 11 14 0.038499255 
799 306 12 16 0.038216025 
919 250 15 18 0.03795551 
887 342 9 10 0.037888076 
438 449 24 34 0.03771751 
797 452 14 18 0.03728915 
734 441 16 19 0.03712395 
397 474 11 16 0.0370907 
719 453 13 17 0.036245085 
655 430 9 13 0.0357207 
894 397 8 10 0.035629794 
940 437 10 12 0.035166778 
851 323 12 17 0.03452117 
572 415 10 12 0.034272738 
405 449 20 28 0.034081183 
772 453 16 19 0.033293173 
230 540 20 30 0.03323781 
559 457 14 20 0.033177912 
557 451 25 31 0.033148054 
951 454 11 12 0.032964937 
612 474 14 19 0.032806743 
769 364 8 10 0.032770842 
461 413 12 16 0.03260511 
508 439 10 13 0.032542333 
639 438 11 15 0.032456562 
759 376 8 10 0.032143228 
617 438 16 20 0.03189634 
562 437 38 47 0.031844594 
625 348 10 12 0.03181063 
680 451 12 16 0.031681348 
936 445 11 13 0.031426415 
653 327 13 17 0.031404093 
885 410 10 13 0.03119451 
623 425 15 18 0.0311776 
822 461 11 13 0.031172955 
530 503 39 53 0.030875027 
895 453 9 10 0.030489815 
589 440 22 32 0.030315483 
811 315 14 18 0.03020541 
56 607 9 12 0.029750869 
662 360 15 19 0.02887576 
985 300 10 12 0.028072596 
863 455 11 12 0.027872588 
687 432 8 11 0.027820459 
556 438 10 15 0.027561065 
502 441 13 18 0.02747924 
822 447 11 14 0.027435571 
105 527 23 30 0.026904397 
774 323 9 13 0.026466442 
477 440 14 16 0.026367482 
912 236 26 28 0.026326664 
465 459 24 27 0.026289923 
863 470 11 12 0.025991585 
900 388 10 12 0.025722904 
890 384 9 13 0.025597233 
800 464 13 15 0.02545049 
832 432 10 12 0.024950158 
777 447 16 21 0.024914924 
832 338 12 17 0.024821486 
1004 445 12 16 0.02468289 
801 310 25 30 0.02458922 
489 449 22 29 0.024494516 
943 389 13 16 0.024050096 
574 443 13 16 0.023905223 
829 454 11 13 0.023577161 
233 524 22 33 0.023415769 
449 463 14 20 0.023356006 
672 471 10 12 0.02334669 
846 309 21 33 0.023088109 
574 450 16 22 0.023011215 
726 444 12 16 0.02286876 
547 441 22 30 0.022828732 
764 340 10 14 0.02277262 
832 308 10 13 0.022744901 
503 432 10 11 0.022678984 
570 366 215 213 0.022660865 
944 455 10 11 0.02218214 
455 389 21 27 0.02209924 
849 470 8 12 0.021969689 
680 458 12 16 0.021958198 
917 333 13 14 0.02193819 
805 313 15 19 0.021734182 
479 455 24 29 0.02173121 
236 559 13 18 0.02172051 
793 301 42 50 0.021700284 
349 442 12 17 0.021324646 
766 324 10 13 0.021265656 
789 340 11 15 0.021239817 
537 449 13 17 0.021192737 
867 459 11 13 0.021159315 
597 471 16 20 0.021098481 
616 398 11 15 0.021038555 
614 482 20 29 0.021008944 
732 408 12 14 0.02093705 
543 352 12 16 0.020853505 
676 470 11 13 0.020841451 
889 439 7 10 0.02061856 
519 292 9 12 0.020572562 
760 324 9 12 0.020453641 
343 430 22 29 0.020408494 
342 440 12 16 0.020299306 
944 460 10 13 0.020256631 
781 326 8 12 0.020217309 
549 484 11 13 0.020156525 
