8_Election_Campain_Election_Campaign_8_218
53
840 248 104 127 0.99896765 
433 319 60 78 0.998914 
675 549 57 75 0.9966878 
535 338 54 62 0.9947436 
174 382 83 98 0.99449676 
602 341 44 53 0.9900407 
689 330 50 64 0.9694467 
158 338 39 47 0.96495324 
286 330 70 88 0.9361706 
122 286 47 64 0.9284246 
791 262 46 61 0.8986881 
397 337 30 38 0.86758316 
87 324 55 71 0.21444547 
46 179 43 49 0.16362481 
358 174 26 28 0.13353793 
271 340 52 70 0.09422655 
156 351 55 74 0.09152026 
243 334 8 13 0.08873377 
254 362 31 42 0.056877304 
666 359 33 41 0.052571736 
289 309 56 69 0.05049588 
672 340 49 61 0.04952194 
486 301 46 55 0.049213532 
215 256 47 59 0.048618477 
471 338 35 44 0.043487106 
409 536 56 45 0.041820783 
649 540 52 67 0.039335698 
589 343 37 43 0.037257798 
808 260 55 74 0.037246045 
466 545 35 35 0.036818933 
257 377 19 24 0.031798374 
100 360 31 38 0.030954996 
809 293 36 43 0.030928165 
457 306 54 70 0.029877806 
469 283 51 59 0.029555967 
359 184 31 36 0.029116169 
28 211 35 39 0.028383926 
227 373 56 74 0.02797642 
639 421 40 53 0.027255345 
576 339 29 44 0.02475072 
758 250 49 60 0.02431979 
143 309 34 41 0.023737073 
272 363 12 17 0.023360759 
747 229 37 42 0.022839384 
267 355 30 44 0.022799391 
242 312 9 11 0.02279859 
733 235 35 41 0.021430714 
131 308 73 92 0.021305943 
431 161 25 39 0.021305868 
248 331 49 68 0.021133803 
138 327 31 41 0.020914908 
574 310 32 38 0.020517498 
619 244 25 32 0.020270897 
