8_Election_Campain_Election_Campaign_8_297
100
498 279 35 44 0.9968419 
643 260 41 53 0.99620867 
159 457 49 57 0.9912354 
786 246 46 53 0.9789792 
599 273 33 43 0.9753083 
924 301 30 39 0.93778986 
414 322 28 32 0.92019886 
710 232 24 32 0.59782165 
485 158 11 14 0.51450646 
538 270 23 29 0.44882238 
940 303 30 43 0.36282173 
581 279 30 35 0.3092944 
718 141 11 15 0.28017658 
402 296 27 31 0.1683038 
405 237 14 17 0.15652597 
199 451 33 38 0.15256672 
713 197 15 17 0.14648013 
821 184 11 12 0.1282766 
405 309 31 35 0.12563363 
507 137 24 31 0.11314198 
117 203 22 30 0.103810586 
397 233 24 27 0.088784724 
370 310 24 30 0.08027889 
691 140 14 16 0.076242514 
715 230 15 22 0.07570335 
326 313 10 13 0.0753575 
767 196 12 16 0.07154391 
584 35 12 17 0.071455635 
73 461 34 43 0.068824776 
766 305 27 36 0.06349603 
516 143 14 20 0.06311378 
451 336 19 23 0.058181584 
795 181 12 15 0.056702845 
395 282 15 17 0.055572607 
392 290 27 31 0.05532832 
460 231 16 19 0.05125411 
564 131 10 12 0.050258093 
399 300 14 17 0.050140515 
670 152 15 20 0.048399348 
484 148 21 28 0.047141656 
380 271 17 20 0.046939347 
384 259 11 14 0.046760906 
557 133 13 15 0.046643924 
325 230 10 13 0.045260407 
770 203 12 14 0.04523349 
405 164 16 19 0.04488315 
389 274 27 31 0.044087205 
443 274 15 18 0.043524537 
566 293 23 32 0.0431834 
452 273 13 17 0.042766448 
489 126 9 11 0.0421087 
439 267 12 15 0.0413677 
541 617 15 22 0.040715557 
397 248 13 17 0.03961173 
490 155 12 17 0.037867557 
178 263 324 443 0.03663183 
421 252 11 14 0.036455013 
467 229 12 16 0.035459705 
768 175 10 12 0.0343411 
245 515 48 33 0.033475548 
749 116 13 13 0.03283077 
606 67 27 31 0.03278932 
574 285 24 33 0.03248054 
438 260 12 16 0.032088708 
398 205 11 12 0.031289928 
492 139 22 31 0.030579394 
551 138 13 15 0.030348567 
480 160 14 16 0.03012333 
404 244 27 31 0.030104207 
706 244 24 34 0.029973116 
174 465 56 56 0.029358309 
433 250 24 30 0.028502213 
181 482 101 89 0.027711695 
167 196 12 16 0.02762718 
351 376 12 16 0.026401388 
381 300 14 18 0.026392452 
412 253 14 15 0.02624305 
402 309 18 24 0.02552168 
984 405 11 16 0.025315957 
870 314 16 20 0.024945369 
636 124 11 13 0.023737065 
612 301 16 21 0.023484437 
1011 233 13 18 0.023071494 
744 112 12 14 0.02300837 
380 255 26 33 0.022886842 
720 234 16 23 0.022881271 
523 145 21 30 0.022819387 
863 429 30 40 0.022731597 
523 237 20 27 0.02220502 
502 142 16 22 0.021935035 
377 296 25 31 0.021838292 
346 373 22 30 0.021521183 
388 175 12 16 0.021344671 
355 384 12 17 0.021130271 
789 183 15 18 0.020872615 
886 178 15 19 0.020763705 
631 117 14 17 0.020620374 
392 321 49 49 0.020361453 
889 302 27 39 0.02034415 
755 261 12 17 0.020028945 
