8_Election_Campain_Election_Campaign_8_347
55
212 131 33 43 0.9967001 
754 167 24 35 0.99138707 
923 587 12 15 0.9148614 
22 571 14 20 0.894335 
1010 572 11 16 0.5986606 
967 577 14 16 0.45813802 
175 562 13 17 0.30694532 
887 579 14 17 0.16855237 
965 586 13 15 0.12276654 
145 565 15 18 0.08798581 
41 660 11 14 0.08608219 
1007 565 17 25 0.085663 
960 587 10 13 0.08528939 
759 283 12 14 0.084175974 
892 575 11 14 0.08241485 
1001 641 9 11 0.07754607 
53 513 12 16 0.07377282 
933 556 10 12 0.06911151 
16 574 14 19 0.05585049 
933 614 11 14 0.05060681 
951 598 12 14 0.047355227 
967 634 10 13 0.046645112 
951 588 10 12 0.044396643 
34 572 15 19 0.041919854 
167 563 14 18 0.04183236 
852 572 11 16 0.038285457 
330 177 56 67 0.036621053 
778 677 29 45 0.031561445 
957 596 11 15 0.031347934 
1014 639 9 11 0.03123093 
929 613 10 13 0.030693458 
117 516 11 17 0.030578395 
1004 644 10 12 0.029296605 
930 588 10 13 0.029064458 
675 334 13 16 0.02753075 
108 520 16 20 0.026984977 
966 593 11 13 0.026758973 
463 579 13 17 0.025896037 
913 621 9 11 0.025357531 
911 590 9 13 0.024147687 
43 656 10 12 0.024117868 
901 572 10 14 0.023745904 
477 586 15 19 0.02354397 
929 542 9 11 0.02336577 
912 616 9 11 0.023093212 
31 74 113 144 0.023017123 
935 607 10 13 0.022770623 
938 613 11 14 0.022166433 
45 603 13 15 0.022149589 
158 564 12 15 0.02209413 
962 660 12 16 0.021923795 
1012 582 13 18 0.020754104 
397 613 9 11 0.020728441 
961 656 10 12 0.020097211 
134 564 15 19 0.020088837 
