8_Election_Campain_Election_Campaign_8_357
35
197 286 133 192 0.9727625 
671 824 8 10 0.08751157 
133 815 12 16 0.08342579 
356 831 9 11 0.05770021 
270 754 9 12 0.05091455 
270 823 8 10 0.048204426 
223 831 11 12 0.04678237 
294 822 7 10 0.0383904 
128 818 13 17 0.035229817 
269 788 8 11 0.035186786 
239 772 9 11 0.03422014 
606 571 41 57 0.033077694 
878 791 13 17 0.031107292 
191 796 8 10 0.030904435 
135 808 10 12 0.028186884 
293 848 8 10 0.027916018 
922 862 7 9 0.027874865 
272 848 8 10 0.027538592 
290 823 9 11 0.02723799 
265 790 9 11 0.02663999 
647 804 11 13 0.025764205 
357 665 16 21 0.023601403 
136 791 8 10 0.023560824 
140 790 9 11 0.022732852 
830 781 10 12 0.022324525 
237 807 9 11 0.022072699 
846 844 13 16 0.022013195 
129 792 9 10 0.021840706 
779 786 15 16 0.021465924 
168 798 8 10 0.021342207 
268 828 9 11 0.021029176 
869 856 39 50 0.020848073 
672 646 8 9 0.020825628 
112 848 9 12 0.020781985 
132 822 14 18 0.020263093 
