8_Election_Campain_Election_Campaign_8_174
717
737 484 63 71 0.999303 
266 453 31 39 0.9990433 
129 413 34 44 0.99899286 
899 509 58 73 0.99889684 
311 442 30 33 0.99881446 
608 418 24 29 0.9988122 
584 458 39 47 0.9987159 
69 470 45 54 0.99812263 
742 444 32 36 0.997741 
8 480 46 56 0.99744654 
206 432 33 41 0.99706846 
503 343 32 40 0.99628556 
817 574 86 122 0.99616665 
167 423 30 37 0.9956494 
169 529 71 78 0.99563956 
951 465 40 51 0.9947484 
623 503 42 53 0.9946414 
198 478 37 44 0.9943869 
930 420 29 39 0.99425125 
386 537 73 85 0.9939044 
166 453 37 44 0.9934424 
297 486 45 52 0.9933529 
580 415 28 32 0.99292094 
453 448 40 44 0.9920615 
850 385 18 23 0.9913728 
656 421 23 28 0.99043244 
167 609 83 89 0.9889402 
822 441 29 34 0.98848736 
420 428 28 32 0.9825618 
990 333 13 15 0.981859 
434 446 27 38 0.98013294 
91 393 22 29 0.9794063 
771 380 17 21 0.9780824 
890 391 16 24 0.97413176 
693 397 18 24 0.9706407 
876 460 41 49 0.9694995 
258 422 27 28 0.9661257 
754 372 16 21 0.9630304 
979 405 23 28 0.95508933 
49 426 24 28 0.9462177 
449 616 75 87 0.9405041 
613 359 13 17 0.93606275 
805 413 19 24 0.9339773 
247 420 24 29 0.9296924 
346 393 14 19 0.9286299 
954 419 25 32 0.9256344 
52 445 28 37 0.9197799 
432 381 18 23 0.9093984 
320 473 35 46 0.90411514 
578 341 11 15 0.8872682 
428 437 26 33 0.8830593 
33 386 21 27 0.882903 
183 350 9 11 0.8702117 
936 338 19 24 0.84360945 
727 397 18 22 0.8176589 
214 402 22 28 0.806248 
854 308 11 14 0.8053202 
306 415 23 26 0.79149854 
491 330 13 16 0.7912776 
171 373 14 17 0.78895295 
1011 362 12 19 0.7807383 
675 363 11 14 0.77129066 
667 462 25 35 0.73283046 
932 392 23 26 0.7272061 
291 422 18 23 0.7220537 
557 357 12 14 0.7198272 
721 431 19 23 0.7075177 
428 502 43 59 0.69474167 
577 376 15 19 0.68868434 
871 385 15 20 0.6857124 
402 398 15 20 0.68126017 
627 378 15 18 0.6667016 
893 338 11 14 0.6496707 
758 413 27 29 0.6430598 
228 380 14 16 0.63100094 
725 374 11 14 0.62582386 
641 340 10 13 0.604225 
475 368 14 19 0.6013583 
971 337 11 15 0.5900352 
795 398 19 22 0.58314604 
336 379 11 14 0.5761022 
656 398 19 21 0.5755128 
114 340 13 16 0.5554279 
665 336 10 13 0.5502963 
487 591 66 75 0.5423863 
129 373 11 14 0.53114605 
163 349 9 11 0.5228766 
830 373 14 18 0.5163873 
596 379 12 15 0.49364385 
281 373 10 13 0.48989025 
676 385 13 16 0.48645395 
313 379 9 12 0.48374167 
1001 439 25 39 0.4662057 
151 392 15 20 0.4561661 
999 386 18 22 0.44630545 
445 418 25 29 0.44228283 
624 344 9 11 0.44189194 
728 342 9 12 0.4348727 
706 373 9 12 0.42419472 
496 380 11 14 0.39949995 
93 377 12 15 0.39847407 
636 380 15 17 0.39842826 
176 464 40 48 0.39759147 
255 381 10 12 0.35860464 
741 366 10 13 0.3526511 
798 372 15 18 0.34138173 
665 595 74 75 0.3375987 
543 372 14 17 0.3211351 
876 374 12 15 0.30177274 
679 451 27 33 0.29926276 
239 400 15 21 0.29820123 
981 292 9 11 0.2870249 
39 362 11 13 0.2865325 
1 373 11 15 0.27604297 
409 375 9 11 0.2751401 
272 364 8 11 0.26700035 
69 392 17 19 0.26378846 
941 296 9 11 0.25513896 
376 375 12 15 0.2529801 
255 374 10 12 0.23793834 
455 381 13 16 0.23443563 
179 403 13 17 0.23373075 
319 349 8 11 0.2279426 
130 390 17 21 0.22739936 
279 368 9 11 0.22457138 
190 370 9 12 0.22025314 
821 378 15 19 0.21857716 
711 367 11 13 0.2150484 
299 374 8 11 0.21198295 
0 397 9 15 0.21005978 
38 332 8 11 0.20465863 
466 518 36 57 0.20449567 
21 342 8 10 0.20082334 
660 377 12 15 0.20039546 
917 346 11 14 0.19910331 
1014 299 9 13 0.19743448 
55 408 17 20 0.19733994 
996 296 8 10 0.19671726 
12 370 10 13 0.19398521 
95 359 9 11 0.19162609 
800 406 20 25 0.18759155 
928 399 27 36 0.18518451 
564 378 13 16 0.18244645 
398 340 9 11 0.17686804 
467 345 14 18 0.17442149 
186 365 9 13 0.17409089 
206 373 11 14 0.17117755 
319 330 6 8 0.16106963 
215 371 11 14 0.1595307 
718 436 26 32 0.15869191 
263 358 8 11 0.15823275 
409 326 7 9 0.15779664 
136 388 19 25 0.1570245 
437 425 28 33 0.15640582 
255 368 10 12 0.15564127 
21 351 9 11 0.1550996 
845 175 10 13 0.15471494 
406 513 59 74 0.15132621 
231 357 9 10 0.15124407 
184 353 10 13 0.15075997 
430 366 11 14 0.149267 
387 404 13 16 0.14667298 
903 308 10 12 0.14635886 
835 402 16 19 0.14104751 
920 302 8 10 0.14034387 
219 368 10 12 0.14019653 
716 365 10 12 0.13797534 
760 410 16 19 0.13721216 
902 302 9 12 0.13489151 
24 355 9 12 0.13437152 
916 394 12 19 0.13293196 
141 381 13 16 0.13204604 
684 327 8 10 0.12928142 
224 342 8 9 0.12592442 
720 377 13 18 0.12540668 
232 335 7 8 0.12275288 
61 364 13 15 0.120641 
392 326 6 9 0.12006014 
653 377 14 17 0.11852855 
328 367 9 10 0.11780278 
409 400 15 21 0.116389476 
320 345 7 9 0.11623674 
360 381 11 14 0.11373112 
161 343 10 12 0.113487184 
192 333 7 9 0.11268707 
571 422 26 34 0.11159043 
565 356 11 14 0.1103973 
298 380 10 12 0.1097616 
685 380 11 14 0.10892635 
353 365 9 12 0.10751215 
5 418 14 22 0.10475917 
131 381 14 17 0.10366097 
976 521 37 55 0.10363952 
83 447 25 30 0.10359454 
928 300 9 10 0.10229052 
918 319 8 12 0.10137636 
784 311 7 10 0.10054492 
965 299 11 12 0.1000196 
290 358 8 11 0.099566266 
7 366 13 16 0.09882778 
353 329 8 9 0.097944885 
158 335 8 10 0.09787477 
690 446 23 31 0.09731007 
392 352 8 9 0.096721165 
694 373 10 13 0.09658134 
284 401 16 20 0.09575525 
716 449 27 39 0.09360349 
199 342 7 10 0.093393505 
303 337 7 10 0.093387485 
359 375 8 12 0.092624456 
37 375 13 16 0.09214092 
201 372 9 12 0.09082729 
452 334 10 12 0.09051609 
285 408 22 28 0.09043863 
479 359 11 14 0.0904271 
452 359 11 14 0.090147406 
353 361 9 11 0.090034716 
53 346 10 13 0.08996252 
384 415 24 33 0.089143984 
629 347 10 12 0.0887251 
89 374 12 15 0.08714827 
241 410 23 30 0.087021925 
8 349 9 12 0.08641438 
578 443 35 44 0.086111896 
74 340 8 12 0.085487805 
334 341 8 10 0.085419424 
688 376 11 13 0.0847458 
572 354 11 15 0.08416298 
78 336 7 10 0.08348287 
280 395 13 16 0.08340114 
760 437 26 31 0.08330846 
248 359 8 9 0.08326446 
280 390 10 13 0.082751945 
236 374 11 13 0.081761375 
832 369 10 12 0.08060629 
374 325 8 10 0.080498666 
172 309 9 11 0.080223225 
727 368 11 14 0.07938661 
415 350 8 10 0.07930924 
54 366 12 15 0.07915563 
943 392 18 20 0.079143 
900 335 10 13 0.07901972 
448 333 10 12 0.07801684 
644 376 13 16 0.07799793 
1004 436 19 23 0.07792522 
485 359 10 13 0.0778985 
52 381 14 18 0.077792734 
927 346 11 14 0.07772221 
116 400 15 20 0.07751233 
98 350 8 11 0.076976694 
758 312 8 10 0.07485088 
936 299 9 11 0.074393764 
34 334 8 10 0.07431644 
653 406 24 29 0.074135415 
217 335 6 8 0.0739446 
358 329 7 9 0.07243847 
36 381 15 19 0.07243684 
152 335 8 11 0.07235918 
753 316 9 11 0.07209038 
787 462 27 33 0.07197568 
1003 396 16 22 0.07171316 
272 425 16 19 0.071386896 
772 364 13 16 0.0712444 
730 440 29 35 0.07081679 
152 359 9 11 0.07079029 
791 311 8 10 0.07077184 
351 370 10 13 0.070672475 
78 340 9 12 0.07050164 
31 357 10 12 0.07023809 
238 368 8 10 0.06978825 
193 432 27 34 0.06888431 
744 313 7 10 0.06854513 
613 394 14 17 0.068479165 
319 333 7 10 0.06830339 
961 300 10 11 0.06785678 
285 368 9 11 0.066386245 
753 391 16 19 0.06616652 
335 337 7 9 0.066071115 
771 359 11 13 0.065596096 
431 543 53 67 0.065217316 
444 380 13 18 0.06502569 
37 312 9 12 0.064214386 
766 312 7 9 0.064164184 
248 366 10 12 0.063783586 
591 374 13 17 0.062322173 
696 367 8 11 0.062320307 
902 296 8 11 0.062299132 
76 393 23 28 0.062027924 
389 398 12 15 0.061906494 
633 359 9 12 0.061420925 
207 388 11 14 0.060680635 
122 396 20 24 0.06053731 
636 363 12 16 0.060093436 
666 396 15 19 0.06008285 
302 368 8 10 0.05991305 
693 378 11 14 0.059695665 
620 395 15 18 0.059572924 
22 335 9 11 0.059286986 
390 400 19 24 0.059206206 
990 449 30 45 0.05890672 
452 372 16 19 0.058709618 
155 380 12 15 0.05791273 
446 349 10 12 0.05769487 
337 359 7 9 0.05736676 
315 328 7 9 0.056974348 
407 322 7 9 0.056767825 
898 301 9 11 0.05639715 
49 343 10 12 0.05615947 
263 364 8 12 0.056043223 
896 396 17 21 0.05584222 
708 376 13 17 0.05581443 
324 404 15 17 0.055265646 
909 309 8 11 0.055090975 
424 385 13 18 0.055073164 
603 379 13 15 0.054982167 
101 375 10 13 0.054905016 
74 336 8 10 0.054765668 
658 390 16 19 0.05398116 
136 351 9 10 0.053467583 
147 380 13 16 0.052693523 
399 561 88 104 0.05257544 
757 317 8 9 0.05233037 
256 352 8 10 0.05207405 
63 443 29 34 0.051988896 
358 359 10 11 0.051985886 
981 363 15 17 0.05194577 
31 374 12 15 0.05172397 
213 359 10 11 0.051660568 
369 326 8 10 0.05146051 
548 365 12 14 0.05143434 
340 376 11 14 0.05136751 
186 334 8 10 0.051065132 
223 385 15 16 0.051043898 
97 344 9 11 0.050581336 
982 299 10 12 0.050536312 
710 465 32 42 0.05044989 
382 342 8 10 0.050187778 
676 371 12 14 0.050009266 
565 438 13 19 0.049370404 
45 384 21 26 0.049111146 
206 368 10 12 0.048932906 
186 328 8 10 0.048765678 
816 384 14 18 0.048688848 
189 380 11 14 0.048672017 
978 288 10 11 0.048564993 
867 463 29 41 0.048111018 
393 334 8 11 0.04799889 
34 329 8 10 0.047792498 
384 398 11 14 0.04761483 
21 312 8 11 0.04742169 
408 471 26 34 0.047300443 
415 344 8 10 0.046922605 
265 435 32 39 0.046891 
693 458 29 34 0.046780348 
238 424 22 31 0.046778716 
206 394 11 17 0.046636134 
130 367 12 15 0.046495095 
538 274 15 18 0.046312507 
992 398 20 27 0.046228033 
446 328 9 11 0.04602691 
993 299 11 13 0.04599595 
62 392 15 18 0.045746643 
910 366 11 14 0.045530073 
224 356 9 12 0.045479756 
8 343 8 12 0.045294024 
364 379 12 17 0.044591628 
443 411 21 23 0.044446014 
45 363 11 14 0.04443398 
636 391 13 18 0.044211704 
174 406 25 28 0.044035766 
368 375 9 12 0.04399143 
761 371 16 20 0.04399123 
980 459 29 37 0.04384871 
165 354 10 13 0.043807823 
896 462 30 37 0.043660283 
600 531 23 35 0.043230664 
945 309 9 12 0.04316592 
22 327 8 10 0.042999573 
175 562 49 52 0.0427191 
133 399 25 31 0.042616047 
825 425 25 34 0.042511713 
415 452 31 42 0.042452693 
671 381 13 16 0.042405047 
788 379 13 17 0.0423551 
790 372 14 18 0.04225011 
181 370 11 16 0.04223956 
181 380 11 14 0.042217262 
912 318 10 12 0.04195762 
383 336 9 10 0.04160498 
912 343 10 13 0.04136981 
380 383 13 18 0.041141845 
918 393 21 29 0.040692087 
560 419 23 33 0.04068815 
262 353 7 10 0.040674135 
286 325 8 11 0.040596787 
592 421 19 23 0.040392827 
234 366 10 11 0.04024203 
299 337 7 9 0.040205423 
385 320 7 9 0.039910868 
777 312 8 9 0.03988088 
342 358 7 10 0.039838705 
20 318 9 11 0.039819777 
225 351 8 10 0.039798446 
685 445 18 23 0.03957606 
493 373 19 26 0.03939523 
46 327 8 10 0.0393305 
16 348 10 13 0.039322574 
713 360 10 13 0.0392354 
680 332 9 12 0.039172035 
387 378 11 15 0.03915199 
291 396 14 17 0.03908318 
716 420 18 21 0.039071575 
733 349 10 11 0.039026238 
30 261 8 11 0.039000224 
713 324 11 13 0.038988627 
59 465 35 43 0.03884201 
629 391 14 20 0.038758717 
600 342 7 11 0.038459547 
987 373 15 18 0.038442723 
644 336 11 14 0.038408846 
475 349 12 17 0.038254417 
329 373 8 11 0.0381096 
25 262 9 10 0.03797662 
314 407 22 27 0.037938032 
224 337 7 9 0.0378607 
294 352 8 9 0.03767452 
334 376 18 23 0.03748341 
344 351 6 9 0.03746995 
88 365 10 13 0.037170373 
534 370 13 18 0.037122995 
8 357 11 14 0.03709751 
655 319 9 11 0.036875155 
732 371 12 15 0.036779113 
305 358 7 10 0.03668191 
991 289 9 10 0.036625855 
492 329 20 24 0.036350515 
825 414 22 28 0.03622825 
655 325 9 11 0.036130685 
238 358 9 10 0.036074042 
910 464 26 33 0.035939876 
670 351 10 12 0.035815697 
903 372 11 13 0.03570266 
668 510 14 20 0.0356593 
214 350 9 12 0.03564955 
421 404 13 17 0.03549188 
468 308 9 12 0.03543908 
620 381 17 21 0.0353448 
272 325 8 10 0.035112653 
406 342 8 10 0.03498007 
177 399 11 13 0.034900736 
150 339 9 12 0.034899488 
1012 352 11 16 0.03475084 
224 403 16 21 0.034693435 
313 351 8 11 0.034692682 
289 351 8 10 0.03467753 
198 335 7 10 0.034409992 
574 435 26 35 0.034406364 
767 431 19 24 0.034300674 
23 302 7 9 0.03403413 
257 335 8 10 0.034023836 
357 386 13 18 0.03400016 
87 389 15 20 0.03392637 
178 435 36 44 0.033909146 
657 334 9 12 0.033876464 
196 278 12 14 0.033794962 
946 351 15 19 0.033632316 
692 392 14 18 0.03356967 
965 317 11 13 0.033453897 
180 345 18 22 0.03339999 
296 367 8 10 0.033306196 
409 349 8 10 0.033256743 
713 334 9 11 0.033183016 
606 395 14 17 0.03318243 
730 303 8 11 0.03316916 
446 372 14 17 0.033038292 
682 386 13 18 0.032971136 
256 357 10 12 0.032915257 
871 340 9 13 0.032826487 
413 366 11 14 0.03274105 
85 342 8 11 0.03273761 
248 374 10 12 0.032684818 
606 386 14 16 0.032631855 
125 341 9 12 0.03254355 
442 327 8 11 0.03242061 
705 443 27 33 0.032315988 
284 391 12 14 0.03214901 
274 407 24 28 0.032065168 
329 361 8 10 0.03204675 
375 321 8 10 0.03197151 
909 482 50 63 0.031929333 
645 345 10 13 0.031914357 
471 377 12 15 0.031862017 
1013 410 12 17 0.031861488 
733 334 9 12 0.03185484 
103 344 7 10 0.03171476 
765 363 12 16 0.031630028 
173 303 9 11 0.031589653 
846 370 12 16 0.03149906 
441 332 9 11 0.031419978 
157 366 11 13 0.031316586 
234 386 13 16 0.031155929 
329 342 7 10 0.03114837 
337 328 7 8 0.031115009 
55 419 20 24 0.031018468 
661 320 8 10 0.030653093 
699 475 38 47 0.030602334 
250 380 10 13 0.030600071 
568 465 27 36 0.030375892 
1009 296 8 10 0.030359378 
334 366 8 10 0.030283757 
596 365 12 14 0.030230757 
443 440 29 37 0.030228285 
328 336 7 9 0.03021064 
442 347 9 13 0.030123789 
869 368 11 12 0.030105444 
544 358 12 15 0.030008331 
911 379 14 21 0.029988032 
498 577 48 57 0.02995152 
850 315 9 12 0.02989669 
237 335 8 9 0.029867165 
297 369 18 22 0.029691795 
448 342 10 13 0.029657323 
983 376 15 20 0.029567769 
211 377 12 15 0.029450638 
466 347 22 26 0.029407974 
311 422 28 33 0.029170647 
911 296 8 10 0.028980844 
735 327 8 10 0.02897863 
591 365 11 14 0.028785314 
476 333 11 15 0.028774831 
369 320 7 10 0.028568644 
427 371 20 25 0.02856716 
593 493 26 33 0.02852262 
361 350 9 11 0.028351204 
312 460 33 41 0.028277202 
184 431 18 24 0.028148847 
497 335 26 33 0.028128665 
424 634 60 64 0.028039146 
611 383 22 25 0.028036954 
23 365 11 14 0.02796016 
554 353 20 25 0.027864585 
605 371 14 16 0.027847236 
277 360 8 11 0.027777446 
975 396 35 46 0.027756605 
313 334 8 10 0.027749712 
183 287 9 11 0.027713554 
391 322 7 9 0.027698232 
455 360 22 26 0.027625052 
62 432 20 24 0.027586676 
401 373 9 13 0.027547458 
159 342 17 23 0.027506433 
565 534 40 59 0.027402883 
911 303 9 11 0.02735911 
669 369 14 17 0.027343092 
160 373 11 15 0.027341126 
857 448 28 35 0.027211932 
232 329 8 10 0.02701788 
214 397 14 19 0.027014032 
684 621 44 45 0.02699123 
873 315 10 14 0.026957659 
718 319 7 10 0.026939953 
200 348 9 11 0.026700497 
8 335 7 10 0.026575204 
423 371 13 15 0.026508823 
984 327 12 16 0.026494034 
158 355 11 14 0.026452042 
249 352 7 9 0.026272252 
20 395 12 17 0.026185233 
686 358 9 11 0.026115399 
789 341 8 11 0.026112972 
46 333 8 10 0.02608024 
952 119 10 11 0.025965266 
397 349 9 11 0.025899624 
285 428 19 23 0.02579503 
424 494 33 49 0.025741814 
213 390 11 14 0.02567128 
174 336 8 9 0.025660047 
424 345 8 11 0.0255536 
655 437 26 35 0.025527338 
714 487 28 38 0.02543885 
272 381 9 11 0.025348 
791 351 9 12 0.02532256 
249 343 7 9 0.025260417 
983 279 8 11 0.02515544 
475 339 12 17 0.02515466 
523 260 10 12 0.025102474 
661 114 32 41 0.02505689 
887 474 47 58 0.024951154 
613 404 15 19 0.024874285 
192 341 8 11 0.024836801 
444 466 49 61 0.024756152 
33 315 10 12 0.024752019 
411 378 12 14 0.02462992 
457 379 23 27 0.02448363 
87 294 9 11 0.024466528 
824 378 20 25 0.024404539 
476 503 28 51 0.024396384 
418 476 15 20 0.024389142 
333 417 12 17 0.024332264 
695 320 10 12 0.024294637 
879 370 11 13 0.024164788 
419 387 21 27 0.024161575 
88 272 9 10 0.02413514 
574 417 18 22 0.02413261 
610 463 29 34 0.024128102 
38 288 8 11 0.024039507 
305 350 8 10 0.024019804 
793 498 26 41 0.024010025 
903 314 11 13 0.023969254 
399 392 12 16 0.023893256 
752 301 9 10 0.023873713 
917 352 12 17 0.023867952 
803 368 12 16 0.023800038 
608 508 40 56 0.023762258 
256 328 8 10 0.023699874 
724 386 20 26 0.023623876 
1007 286 9 11 0.023608755 
662 327 10 13 0.023505447 
142 351 8 10 0.023496391 
882 372 12 16 0.023478216 
384 350 8 11 0.023433264 
543 360 19 24 0.023357764 
190 294 9 11 0.023356425 
613 381 12 16 0.02329045 
262 336 7 10 0.023255607 
645 393 13 17 0.023239695 
779 374 14 17 0.023229692 
903 391 18 26 0.023222372 
199 396 12 18 0.023219636 
167 486 51 63 0.023200944 
71 269 9 10 0.023198081 
430 344 9 11 0.023110224 
7 317 8 11 0.02310593 
474 571 57 70 0.023069417 
737 357 11 14 0.023049576 
955 347 12 16 0.023039684 
419 479 28 39 0.023010857 
65 267 9 11 0.023003513 
464 372 22 24 0.022850115 
56 286 9 12 0.022842929 
14 357 10 13 0.022767885 
545 541 45 59 0.02274922 
706 363 18 22 0.022661557 
278 368 18 22 0.022619383 
256 342 7 8 0.022615632 
836 327 9 12 0.022527585 
416 357 9 11 0.02252365 
145 342 9 11 0.022518447 
395 419 27 35 0.022439683 
914 463 38 48 0.022436464 
736 318 8 9 0.02238522 
337 351 7 10 0.022339527 
344 327 7 9 0.022333143 
30 363 13 16 0.022293866 
425 410 15 18 0.022293843 
58 401 24 30 0.022272298 
399 367 10 12 0.022196764 
294 389 12 14 0.022176038 
702 336 9 10 0.022134535 
851 305 18 21 0.02210214 
333 393 15 19 0.022064744 
898 308 10 13 0.022011714 
1010 402 13 20 0.0220095 
933 454 28 37 0.02197879 
69 260 10 13 0.021898607 
735 67 60 88 0.021898538 
43 379 15 21 0.021883933 
32 339 10 12 0.021877164 
720 312 7 9 0.021870703 
928 518 49 62 0.021858972 
648 414 23 29 0.021849006 
728 308 9 12 0.02183863 
696 335 9 11 0.021832518 
238 352 8 10 0.021817932 
311 357 8 9 0.021813171 
45 373 12 17 0.021706704 
298 342 8 10 0.021693066 
964 308 12 13 0.021606328 
173 385 12 15 0.02148278 
167 369 12 14 0.021438634 
667 386 20 23 0.021372288 
133 355 12 13 0.021342015 
209 350 9 12 0.021325843 
862 340 11 15 0.021317672 
463 401 12 16 0.021282012 
408 368 10 14 0.021218797 
830 407 16 21 0.02120709 
162 481 36 45 0.021066386 
382 369 11 13 0.021061482 
925 318 9 12 0.0210405 
721 341 9 12 0.021003101 
217 341 7 10 0.020965297 
200 377 12 16 0.02077448 
106 395 15 22 0.020760288 
0 413 11 19 0.020740882 
376 350 9 11 0.020721326 
154 438 29 40 0.020705145 
680 467 33 37 0.020694476 
273 372 10 12 0.020677133 
343 343 7 9 0.020651024 
977 283 18 22 0.02063491 
328 388 11 13 0.020586353 
407 368 19 24 0.020541245 
185 302 9 11 0.020530242 
153 363 9 12 0.020493532 
375 369 10 12 0.020438513 
462 353 14 17 0.02040885 
229 341 9 10 0.020371903 
43 433 31 36 0.020305496 
623 375 13 17 0.020247808 
280 321 9 11 0.020220065 
189 508 57 69 0.020218225 
400 328 7 9 0.0201733 
288 345 7 9 0.020105561 
143 357 8 11 0.02007847 
38 340 9 12 0.020057002 
659 500 24 34 0.020009551 
