29_Students_Schoolkids_Students_Schoolkids_29_380
21
402 187 139 173 0.9997867 
743 170 38 47 0.28480196 
686 81 32 39 0.08944679 
152 47 122 170 0.07686633 
681 150 17 19 0.054172914 
710 121 29 36 0.050841957 
737 -2 28 22 0.04184611 
762 107 41 51 0.03367866 
588 445 38 38 0.031425226 
646 108 27 34 0.030949995 
362 52 42 56 0.030132456 
751 247 35 40 0.030112283 
908 59 17 22 0.028384646 
682 0 16 13 0.02373678 
389 46 11 13 0.021887708 
729 81 32 40 0.021609882 
721 98 40 47 0.021359276 
368 38 10 13 0.021351842 
497 450 102 134 0.02121752 
534 5 373 443 0.020669542 
596 459 41 38 0.020344248 
