29_Students_Schoolkids_Students_Schoolkids_29_66
86
648 127 33 43 0.9943474 
399 106 34 43 0.9942128 
450 169 32 43 0.99308044 
324 195 26 49 0.9884416 
191 91 28 40 0.97905356 
15 142 24 40 0.9426742 
320 109 37 45 0.9345973 
816 181 21 33 0.8843565 
474 127 25 41 0.8750093 
919 174 21 35 0.8537076 
169 141 27 50 0.7891415 
284 120 21 35 0.5825554 
704 201 23 42 0.57559806 
780 144 22 32 0.5519647 
0 164 21 44 0.5479209 
864 145 22 28 0.50302356 
502 127 27 41 0.4706659 
113 125 23 46 0.41062325 
307 116 36 42 0.37575838 
650 230 19 21 0.28018776 
4 153 27 47 0.23960458 
633 233 16 21 0.15529121 
771 179 18 21 0.1377262 
534 78 21 38 0.108249836 
582 121 15 22 0.10771505 
849 179 22 31 0.10672874 
288 115 37 47 0.08451872 
448 474 10 13 0.07727312 
909 166 23 40 0.07608115 
25 272 16 18 0.07306123 
963 169 24 41 0.0691226 
977 146 28 34 0.0689155 
693 198 26 39 0.06692592 
300 208 33 36 0.066648014 
171 125 38 55 0.06664317 
0 164 11 18 0.059880383 
717 203 24 40 0.05987619 
84 211 60 66 0.054692376 
859 160 23 30 0.05151131 
873 157 16 22 0.050974175 
250 279 27 36 0.046060096 
101 127 26 37 0.044493992 
453 460 10 12 0.04416353 
911 209 14 18 0.041397728 
884 197 13 17 0.040944576 
586 126 16 22 0.036633696 
423 472 14 18 0.035096116 
988 148 30 37 0.034058925 
812 135 17 25 0.03357372 
420 464 23 30 0.033510733 
852 192 24 32 0.033508178 
969 155 34 42 0.033251062 
684 209 29 35 0.03283809 
764 182 17 22 0.03258994 
641 228 23 30 0.03167077 
1001 153 25 41 0.031198943 
857 218 17 19 0.029577356 
101 63 23 32 0.028852936 
597 459 12 16 0.02786715 
486 481 11 16 0.02764126 
774 158 24 31 0.027552698 
123 137 27 44 0.027439052 
660 198 26 37 0.02711041 
807 170 26 34 0.02705701 
663 290 28 30 0.02661581 
450 511 16 18 0.026160223 
910 188 25 33 0.025501978 
13 154 16 26 0.025240956 
187 139 40 53 0.02514919 
204 99 32 34 0.024762152 
242 124 16 19 0.024693344 
630 476 8 11 0.02434833 
513 137 18 27 0.024027552 
493 475 16 19 0.024012933 
904 210 24 28 0.02365963 
36 149 28 34 0.023211284 
926 173 27 34 0.022742257 
728 205 22 35 0.022368962 
862 186 24 32 0.02217946 
651 232 27 36 0.022077981 
525 85 24 38 0.021720568 
639 130 27 38 0.020507203 
629 233 27 34 0.020404981 
619 227 26 31 0.020397278 
575 96 24 38 0.020135034 
597 445 10 12 0.020082098 
