29_Students_Schoolkids_Students_Schoolkids_29_161
35
575 154 120 176 0.9990721 
845 79 88 107 0.9986895 
518 149 74 100 0.99408334 
550 162 85 114 0.8792496 
364 183 27 32 0.53238136 
180 197 39 53 0.146697 
993 429 32 56 0.10339772 
876 7 70 64 0.09698818 
458 242 22 28 0.06346311 
562 122 427 472 0.062273823 
972 72 12 15 0.059970688 
477 188 39 55 0.059032988 
346 179 24 33 0.051707063 
266 313 408 443 0.04222223 
797 125 47 68 0.03855585 
261 279 27 35 0.037303198 
477 234 14 18 0.034443818 
998 69 13 16 0.027190287 
470 184 15 21 0.027071439 
217 311 29 31 0.026971458 
932 290 96 135 0.025541432 
417 240 24 28 0.025108129 
468 183 25 35 0.024949022 
856 12 100 114 0.024919078 
970 72 22 29 0.024598496 
232 271 30 35 0.024368092 
823 497 116 186 0.024238806 
481 261 24 33 0.024071356 
299 253 41 53 0.023478232 
201 305 28 33 0.023252213 
404 230 13 18 0.022909116 
336 176 24 35 0.022834545 
466 232 24 32 0.022541057 
380 220 15 22 0.021633664 
451 281 14 17 0.020904185 
