29_Students_Schoolkids_Students_Schoolkids_29_10
105
657 366 26 32 0.9984382 
576 337 22 28 0.9957373 
458 295 17 20 0.98451936 
524 377 23 28 0.9832607 
525 317 17 22 0.98102355 
557 280 14 18 0.97627777 
481 368 21 27 0.9614565 
422 353 26 33 0.9566907 
465 330 18 24 0.9231758 
523 275 12 15 0.91802835 
483 304 14 17 0.7012259 
612 323 17 21 0.45646828 
629 352 21 23 0.40886343 
595 290 14 17 0.35175133 
510 287 11 14 0.2573999 
527 295 12 14 0.25032026 
584 413 19 19 0.13632162 
431 338 13 16 0.12428191 
439 300 12 16 0.12103495 
498 321 14 19 0.11575436 
501 300 13 17 0.1066521 
482 276 10 12 0.10348068 
641 353 16 19 0.07708884 
516 227 11 14 0.07352897 
503 291 12 16 0.07342034 
618 317 14 18 0.07188365 
462 243 11 14 0.06698605 
493 300 13 17 0.064102896 
508 298 14 19 0.06365195 
599 262 10 12 0.062797144 
485 270 11 14 0.061674 
525 361 17 21 0.061453953 
542 198 16 22 0.060852848 
493 271 10 13 0.06000564 
517 282 13 15 0.056350417 
508 259 11 14 0.054317474 
504 250 11 14 0.05373663 
605 316 15 19 0.04628672 
550 373 12 16 0.04619583 
566 334 23 29 0.043258805 
593 253 10 12 0.04201293 
464 291 16 21 0.041957494 
495 293 11 15 0.04073047 
456 276 10 13 0.040254705 
531 274 11 16 0.038742196 
545 300 12 15 0.038020972 
557 342 15 21 0.035541814 
452 229 12 15 0.03539669 
642 363 23 31 0.035099916 
601 266 10 13 0.034739774 
507 322 13 17 0.034497816 
124 190 17 22 0.03297589 
492 248 13 16 0.03122332 
426 339 22 28 0.031202184 
471 278 10 11 0.029998358 
551 289 12 18 0.0298486 
642 397 14 18 0.02973691 
541 401 16 22 0.029124716 
488 247 11 13 0.028241158 
446 199 9 10 0.028000368 
611 332 16 22 0.027965479 
442 304 13 16 0.02789968 
443 295 19 25 0.027436411 
583 130 16 20 0.02690139 
496 286 10 14 0.02677818 
574 203 45 57 0.02672882 
637 566 11 15 0.026292685 
486 264 10 12 0.025912797 
575 80 437 566 0.025496101 
523 297 19 22 0.024884215 
472 270 10 12 0.024803707 
606 263 10 12 0.024707634 
613 278 10 13 0.024650127 
463 173 10 12 0.024633933 
529 310 15 19 0.024615247 
567 434 13 17 0.024189562 
540 275 13 16 0.024090251 
485 293 13 16 0.023565399 
502 269 11 14 0.023257183 
-7 7 361 486 0.023236146 
421 339 14 16 0.023163158 
427 482 16 20 0.023149334 
633 369 17 20 0.023117643 
608 278 10 13 0.023097826 
549 321 14 19 0.023010213 
484 285 12 15 0.022991618 
516 292 12 15 0.022985352 
493 262 10 12 0.02289896 
833 38 8 11 0.02271647 
615 262 11 13 0.022406412 
624 353 16 20 0.022148056 
605 285 10 13 0.022008102 
512 277 12 16 0.021982212 
420 369 26 34 0.021890435 
593 260 10 12 0.021686481 
449 278 8 11 0.021563958 
446 286 10 13 0.021486789 
604 308 15 18 0.021401979 
163 179 25 27 0.02139436 
459 270 11 13 0.021265635 
508 247 10 12 0.021123398 
441 462 17 17 0.020444619 
625 348 12 16 0.02043388 
467 239 10 13 0.020423612 
508 312 15 19 0.020098073 
