29_Students_Schoolkids_Students_Schoolkids_29_316
46
634 183 110 142 0.999926 
165 152 103 124 0.9997385 
98 5 55 58 0.99892116 
257 16 68 79 0.998874 
328 20 54 67 0.998836 
939 1 69 75 0.99824166 
551 109 85 104 0.9977622 
291 124 74 95 0.9972568 
500 2 75 57 0.9960062 
157 21 48 58 0.9951079 
25 132 78 89 0.9948243 
828 10 80 92 0.99464226 
407 0 45 50 0.9936692 
710 0 56 48 0.9935715 
885 100 82 97 0.9931196 
656 3 30 33 0.9899121 
63 -1 35 36 0.9883039 
765 2 49 53 0.9881334 
-5 55 62 87 0.9854176 
560 8 50 50 0.928397 
206 22 44 58 0.9143436 
483 16 37 47 0.23755209 
488 10 58 63 0.1204389 
291 11 66 79 0.10095576 
495 1 50 40 0.085826494 
722 131 42 60 0.06047273 
519 22 63 65 0.059242718 
608 0 28 36 0.058167517 
15 98 73 97 0.056712545 
853 341 134 163 0.0443745 
388 13 25 36 0.041368112 
5 -5 52 49 0.037013426 
134 20 51 59 0.036140274 
943 32 54 70 0.035755225 
532 0 44 41 0.03145525 
593 3 29 42 0.031306278 
428 651 36 32 0.029705318 
679 0 27 33 0.029591236 
519 44 37 43 0.02940917 
379 21 28 44 0.027665325 
528 219 80 113 0.027633306 
691 1 28 32 0.023733858 
866 138 28 42 0.021062762 
989 3 33 45 0.020655692 
68 4 44 50 0.020554133 
874 217 61 72 0.0200965 
