29_Students_Schoolkids_Students_Schoolkids_29_822
45
468 45 84 107 0.99659926 
334 261 81 101 0.994839 
597 264 74 101 0.99366015 
200 265 17 23 0.7435565 
679 225 13 17 0.05624621 
830 116 12 15 0.054322544 
860 115 11 13 0.051273882 
878 111 11 14 0.04784009 
701 230 9 13 0.0458162 
928 106 10 13 0.04184952 
208 271 18 21 0.041399088 
223 253 12 16 0.040577013 
973 173 9 12 0.040430523 
953 117 9 11 0.040141046 
343 217 11 15 0.039541498 
913 126 9 12 0.038398817 
952 110 9 11 0.03787291 
928 132 8 12 0.036622867 
917 144 8 10 0.035558764 
229 246 11 15 0.034577757 
216 273 17 21 0.030115014 
629 542 114 150 0.028557524 
911 118 9 11 0.028185328 
936 119 8 11 0.026287554 
933 107 10 13 0.02615659 
412 162 22 28 0.026143257 
913 132 8 11 0.025907047 
944 107 9 12 0.025694035 
668 289 51 77 0.025350934 
951 236 9 12 0.025204996 
949 183 10 11 0.024779867 
959 316 9 11 0.024133878 
957 110 8 11 0.024079397 
795 148 11 14 0.024068782 
711 642 15 19 0.023712004 
78 354 432 415 0.023457272 
871 396 160 204 0.022599416 
969 107 8 12 0.02182071 
928 157 8 10 0.02181502 
879 136 9 11 0.021600297 
182 270 11 15 0.021295043 
980 106 12 15 0.020910492 
402 167 21 26 0.020704983 
199 253 12 15 0.020603215 
294 362 31 35 0.020287272 
