29_Students_Schoolkids_Students_Schoolkids_29_221
92
260 227 30 39 0.9968953 
232 222 35 55 0.96219957 
523 192 14 21 0.957196 
382 219 22 44 0.9021227 
733 190 10 12 0.6549543 
292 237 15 23 0.6417174 
444 270 24 46 0.5869683 
757 216 10 12 0.3578663 
716 195 9 13 0.33123615 
282 232 22 33 0.29066128 
568 197 8 9 0.2804216 
189 238 38 48 0.20934084 
810 215 7 9 0.17736866 
560 205 8 10 0.15821953 
164 241 14 19 0.1517879 
784 184 7 9 0.1288679 
768 193 7 8 0.123429425 
50 298 14 18 0.11747126 
530 193 13 18 0.10911623 
785 206 8 10 0.105649255 
561 201 7 9 0.102303095 
785 190 7 9 0.101309426 
493 199 9 12 0.091609776 
314 262 15 20 0.08701451 
302 253 26 32 0.08570909 
496 204 8 11 0.084798634 
20 302 62 58 0.07896562 
792 220 8 11 0.07486046 
39 294 24 27 0.069727816 
166 385 431 411 0.06549353 
761 192 6 9 0.06142217 
205 232 41 55 0.05910197 
294 244 24 35 0.05797712 
539 197 9 11 0.05092321 
741 215 8 11 0.04938147 
798 216 8 10 0.048677586 
76 274 15 18 0.044322457 
736 214 8 11 0.042970493 
801 232 8 11 0.042102683 
71 317 29 36 0.04128966 
71 277 13 16 0.037913885 
753 192 8 9 0.037531495 
20 283 14 17 0.037252884 
84 271 17 20 0.037141267 
465 357 44 51 0.03706775 
785 199 8 10 0.036733326 
774 223 8 9 0.03644318 
500 205 10 14 0.035449952 
359 235 26 34 0.0351906 
742 221 7 11 0.033476762 
426 281 38 46 0.03299219 
392 354 11 14 0.031005844 
549 248 8 11 0.029892959 
785 212 9 12 0.029599523 
492 188 12 15 0.028875412 
0 285 11 16 0.028143022 
736 220 9 12 0.02763825 
553 199 8 10 0.02698318 
761 196 7 9 0.026978279 
522 314 23 39 0.026684243 
520 185 10 12 0.02647609 
1 289 15 19 0.026162852 
23 292 13 17 0.026130572 
61 317 11 16 0.026111323 
74 329 17 20 0.025823977 
185 471 63 56 0.025295122 
728 208 10 11 0.025152132 
513 195 13 17 0.025066886 
158 243 23 30 0.025060821 
759 209 9 11 0.024933713 
127 293 11 16 0.02427377 
801 160 8 10 0.024082651 
150 239 36 51 0.023781529 
368 226 33 48 0.023721464 
775 192 8 9 0.023393882 
541 205 9 12 0.022796215 
783 231 9 11 0.022709966 
38 309 33 37 0.022347393 
789 198 8 10 0.022144824 
712 252 10 13 0.021801561 
710 228 9 11 0.021761686 
640 16 423 467 0.02147415 
564 258 11 14 0.021351682 
28 294 17 18 0.020977806 
109 305 14 19 0.020896485 
57 297 13 18 0.020885553 
309 513 46 57 0.020871742 
778 183 8 10 0.020839965 
35 304 19 20 0.020817077 
710 223 9 11 0.020672588 
785 221 9 10 0.020498358 
346 230 25 39 0.02004871 
