29_Students_Schoolkids_Students_Schoolkids_29_585
24
109 165 45 55 0.9975364 
465 48 72 88 0.99725395 
1012 143 13 20 0.051762775 
137 156 24 34 0.04399464 
388 341 13 17 0.041631415 
280 216 8 10 0.04004307 
888 31 9 10 0.037131842 
305 238 11 12 0.036122333 
1001 137 21 32 0.035432465 
1001 191 11 15 0.030139592 
280 220 9 11 0.029772256 
994 144 15 18 0.029202415 
859 58 14 18 0.028067188 
342 296 15 18 0.026611185 
1 463 8 13 0.025739325 
363 313 17 22 0.024720559 
965 156 13 16 0.024537146 
857 82 10 12 0.023924928 
858 12 14 15 0.023744011 
1005 193 14 19 0.023486858 
272 221 10 12 0.022615187 
445 270 29 48 0.022026312 
1008 228 12 15 0.020793807 
860 20 12 13 0.020516561 
