29_Students_Schoolkids_Students_Schoolkids_29_42
37
249 233 186 238 0.9998363 
185 163 26 36 0.9989096 
560 264 24 28 0.9865876 
518 271 15 22 0.92804337 
448 198 18 31 0.5681468 
486 237 22 27 0.32723534 
556 302 17 20 0.13324858 
435 196 23 29 0.09693185 
665 0 53 43 0.09429602 
500 264 14 19 0.09161664 
828 -13 130 157 0.06939998 
808 477 87 134 0.064773865 
22 447 384 465 0.057692014 
520 679 60 50 0.05441911 
474 239 22 29 0.050541323 
800 422 177 214 0.043410096 
616 31 417 461 0.042059112 
490 228 18 24 0.041827682 
594 294 16 21 0.04175459 
122 381 42 39 0.040604822 
599 284 24 31 0.040446937 
510 268 16 21 0.039810114 
491 252 23 30 0.039661642 
227 185 39 47 0.036158036 
428 197 17 22 0.035458192 
914 581 19 24 0.033780914 
530 190 386 496 0.032185208 
606 268 13 17 0.026248762 
138 346 53 56 0.026125662 
110 386 68 56 0.025643505 
778 17 183 229 0.023639953 
147 333 35 47 0.023409119 
638 -3 64 60 0.022795826 
59 395 13 16 0.021015154 
866 9 75 96 0.020952486 
548 333 11 16 0.020696484 
650 2 39 24 0.02042316 
