29_Students_Schoolkids_Students_Schoolkids_29_432
140
587 2 72 61 0.983705 
713 28 127 158 0.35875246 
151 472 12 17 0.27972853 
265 611 62 75 0.26179817 
894 167 62 86 0.19894928 
204 483 15 19 0.17654555 
867 -4 118 137 0.1635306 
147 488 12 17 0.15412854 
181 403 11 15 0.15179802 
61 518 13 15 0.13158704 
199 363 11 15 0.12267717 
102 502 14 17 0.11693794 
272 431 24 28 0.1163025 
125 572 24 33 0.115596384 
170 489 15 17 0.109622784 
132 470 11 14 0.10415039 
787 18 28 37 0.09633326 
199 470 11 14 0.09522651 
245 384 22 28 0.08972279 
10 501 16 21 0.08286273 
133 413 12 16 0.082300626 
319 367 26 30 0.06957522 
206 398 12 17 0.06894993 
211 398 13 15 0.06832131 
805 40 156 190 0.062328644 
302 416 15 22 0.06217054 
219 429 14 15 0.06202975 
51 426 15 20 0.060983963 
501 11 56 74 0.058677904 
60 546 19 23 0.053757012 
24 380 13 16 0.05323543 
372 302 12 15 0.053203784 
27 443 15 19 0.052628513 
113 436 11 14 0.052255455 
152 483 15 18 0.05177902 
231 382 10 13 0.050881978 
447 121 59 63 0.05002273 
248 602 105 114 0.049957633 
144 470 11 15 0.049636826 
381 286 9 11 0.049568113 
416 311 11 13 0.049358755 
76 489 15 20 0.04870098 
151 343 12 15 0.048597798 
180 427 10 13 0.047812305 
262 425 39 47 0.047116704 
95 478 11 14 0.046246074 
178 484 13 17 0.045738295 
366 302 12 14 0.04565026 
100 477 10 13 0.04458927 
1 379 11 17 0.044159133 
115 428 12 15 0.043862127 
126 472 14 17 0.042320095 
175 422 12 16 0.041442692 
18 505 16 22 0.04129501 
276 366 25 28 0.040540274 
126 495 10 12 0.040130313 
55 517 13 17 0.03974469 
220 388 11 13 0.039473187 
137 418 14 17 0.03791176 
134 481 12 16 0.037708297 
120 470 11 14 0.03730789 
132 462 10 12 0.036064856 
167 496 13 15 0.035840433 
1 248 466 448 0.034899224 
220 413 12 13 0.034209482 
207 392 10 13 0.03310223 
121 586 12 17 0.03240863 
231 413 10 12 0.032153893 
93 545 14 16 0.031766675 
48 420 12 16 0.031202761 
437 341 54 86 0.030965017 
206 410 14 17 0.030889755 
145 460 10 15 0.030345824 
25 373 28 30 0.030110579 
144 456 9 12 0.02997537 
73 707 28 33 0.029258607 
149 463 12 15 0.029227475 
293 318 10 11 0.028603911 
245 381 16 19 0.028398972 
693 52 167 238 0.027781455 
73 553 16 19 0.027447427 
142 464 18 25 0.02744567 
218 394 12 15 0.027213322 
298 400 24 36 0.027210576 
118 486 12 13 0.027166096 
176 332 9 12 0.027024833 
215 340 10 12 0.026499975 
77 566 13 17 0.026351305 
68 494 17 21 0.02616614 
345 299 99 118 0.025996532 
291 416 24 31 0.025865791 
221 382 13 15 0.025781607 
218 419 14 15 0.025646912 
58 428 16 21 0.025551867 
199 431 9 11 0.025468415 
50 624 16 21 0.02539443 
155 326 10 12 0.025320042 
208 402 21 26 0.025260923 
338 419 16 21 0.025198497 
83 460 15 16 0.02516127 
197 399 16 22 0.025138373 
35 462 24 28 0.02508208 
196 333 10 12 0.024871733 
477 -73 447 450 0.024791716 
203 358 12 16 0.024308005 
200 463 11 14 0.024180874 
270 370 14 18 0.024176005 
236 420 12 14 0.024056833 
117 442 10 12 0.024055615 
147 414 12 14 0.023890756 
129 475 20 26 0.023633754 
191 482 12 16 0.023373878 
12 379 13 17 0.022690184 
280 425 25 32 0.022237226 
84 467 14 17 0.022196984 
188 403 13 18 0.022013687 
3 504 23 34 0.021942524 
128 419 14 17 0.021913981 
161 360 9 11 0.021874258 
367 292 13 15 0.02178951 
192 476 12 16 0.021621127 
140 428 11 14 0.021605574 
266 372 24 28 0.021559251 
445 304 90 114 0.021474293 
436 106 106 102 0.021350717 
43 484 16 18 0.021342717 
183 548 14 18 0.021252934 
101 495 13 16 0.021086827 
196 341 10 12 0.021076595 
50 469 17 19 0.020917315 
213 421 22 25 0.020862347 
143 324 11 14 0.020567793 
102 471 10 13 0.020535624 
400 71 39 59 0.02048114 
133 422 14 18 0.020408519 
27 450 21 30 0.02027406 
175 399 12 15 0.0201157 
27 430 25 33 0.020099709 
378 301 13 14 0.020051334 
209 333 11 14 0.020002643 
