29_Students_Schoolkids_Students_Schoolkids_29_684
38
456 39 51 66 0.9989317 
205 58 59 72 0.9979796 
789 480 8 10 0.63973653 
357 136 36 37 0.36478645 
959 464 14 19 0.20446262 
824 464 10 13 0.13556425 
991 472 9 10 0.13113703 
847 463 10 13 0.07459699 
829 467 9 12 0.05014556 
426 541 9 11 0.047709238 
551 524 13 17 0.04403254 
840 459 10 13 0.04327928 
361 151 22 23 0.040631324 
138 632 52 57 0.0403422 
786 482 10 14 0.038818255 
321 518 8 10 0.03751607 
955 470 16 21 0.03531183 
440 520 7 10 0.03527618 
661 487 9 11 0.03424186 
997 483 15 20 0.032971896 
294 509 8 10 0.031610005 
554 501 8 10 0.03144761 
851 467 9 12 0.031212153 
685 487 10 12 0.030764544 
986 470 10 14 0.029510638 
527 494 10 11 0.029408645 
345 165 48 48 0.026396772 
639 502 11 12 0.02620114 
996 477 13 17 0.026137978 
951 465 14 21 0.02544685 
556 528 15 18 0.024056543 
799 468 9 12 0.02363497 
474 557 10 13 0.023175618 
401 535 7 10 0.022953277 
837 468 12 13 0.022075014 
984 469 21 25 0.022046417 
441 525 7 10 0.021779105 
657 492 10 12 0.021656211 
