29_Students_Schoolkids_Students_Schoolkids_29_494
128
786 127 30 38 0.9971226 
294 320 58 69 0.99419266 
354 246 48 53 0.9930796 
717 129 29 46 0.98745245 
282 27 44 52 0.97626126 
464 157 29 33 0.97591406 
542 148 25 31 0.95816267 
438 161 23 27 0.91585 
352 159 22 33 0.87090933 
383 167 33 36 0.867106 
863 139 28 33 0.72218204 
908 141 26 27 0.6887772 
826 135 19 23 0.68656963 
653 137 26 37 0.49280787 
610 194 28 45 0.48099074 
670 152 34 34 0.36709043 
286 571 53 47 0.31032106 
530 204 18 23 0.27584803 
551 246 26 30 0.1825179 
549 158 22 32 0.16659267 
893 137 14 24 0.16503495 
674 240 34 40 0.16239485 
804 131 29 32 0.16133967 
529 141 23 30 0.14949799 
41 146 84 102 0.1381532 
369 171 52 56 0.13486916 
510 161 14 18 0.13313948 
406 158 27 36 0.12843508 
881 133 21 30 0.12671494 
896 134 21 29 0.123662055 
471 244 32 37 0.12144451 
761 121 26 38 0.12007616 
682 128 42 47 0.10181349 
183 627 57 77 0.09445677 
480 272 29 35 0.09208956 
688 344 61 73 0.08866792 
616 137 21 31 0.08053111 
200 341 52 66 0.077349655 
387 292 37 53 0.07511115 
583 200 38 48 0.07356724 
565 170 24 29 0.07352602 
622 148 23 29 0.07036162 
1 366 36 67 0.068800494 
523 144 16 23 0.068319164 
642 133 23 32 0.056793187 
261 296 42 55 0.05554585 
526 305 13 15 0.054703742 
557 166 22 31 0.05025265 
507 639 38 34 0.048697278 
386 198 43 52 0.04548367 
667 129 38 42 0.045410194 
428 162 18 24 0.045227967 
914 130 23 30 0.04471355 
53 126 65 78 0.043976225 
661 167 41 50 0.043075573 
92 422 46 53 0.0427364 
249 218 31 38 0.040825676 
586 249 28 36 0.039900325 
705 113 56 59 0.039425418 
617 204 35 40 0.038663644 
828 499 15 20 0.038298775 
183 329 45 62 0.03793645 
567 240 38 41 0.037929893 
440 151 34 43 0.03741145 
467 252 20 27 0.03734311 
421 165 17 25 0.036483817 
357 150 44 54 0.036035918 
883 218 13 14 0.0354795 
431 195 13 17 0.035440203 
513 151 20 27 0.0345209 
769 126 36 46 0.034360923 
598 136 24 29 0.031948987 
547 241 19 27 0.031366546 
508 174 17 21 0.031314496 
164 303 47 61 0.03113387 
491 163 14 20 0.030901603 
362 391 33 41 0.030561771 
884 204 49 57 0.029969644 
594 184 15 21 0.0297101 
575 215 40 47 0.029069202 
555 151 27 33 0.028881121 
278 564 42 39 0.028087484 
606 202 15 25 0.027979178 
860 143 21 22 0.02795276 
912 152 26 29 0.027497662 
816 138 28 31 0.027425276 
667 222 32 47 0.026509302 
629 133 24 30 0.026381435 
567 155 26 34 0.02635325 
462 165 18 23 0.026332978 
228 673 11 14 0.02623266 
588 209 16 20 0.025391566 
677 183 31 35 0.025188336 
579 165 28 32 0.02518008 
318 231 392 479 0.024981586 
221 349 55 67 0.024778564 
486 245 30 35 0.024778485 
526 159 13 18 0.024757374 
173 310 28 38 0.02467496 
156 587 97 136 0.024564153 
905 119 29 33 0.023532474 
409 153 18 25 0.02348031 
642 129 16 22 0.023163669 
64 89 95 155 0.023162818 
518 201 13 17 0.022492226 
352 202 57 67 0.022415822 
572 175 28 30 0.022413336 
603 263 16 21 0.022248153 
541 225 31 38 0.022181427 
874 129 17 24 0.022043519 
506 282 27 32 0.022031827 
615 133 14 20 0.02183044 
462 237 28 36 0.021724094 
532 154 15 21 0.021545017 
677 190 18 22 0.021469412 
522 153 21 30 0.021424321 
542 141 16 23 0.021415645 
681 115 37 40 0.021393877 
386 247 26 36 0.02136365 
511 294 27 28 0.021087632 
498 152 21 30 0.020938734 
737 143 31 36 0.020764884 
570 182 17 21 0.0206069 
800 78 8 11 0.020533992 
651 144 40 46 0.020410212 
80 134 57 88 0.020326888 
474 144 27 36 0.020298215 
888 124 24 34 0.020172134 
