29_Students_Schoolkids_Students_Schoolkids_29_358
163
491 381 15 21 0.969057 
546 379 17 23 0.9535634 
624 376 19 25 0.9192577 
269 364 15 19 0.8844825 
573 392 16 20 0.87780845 
941 421 22 26 0.84745586 
713 372 19 24 0.8304365 
364 423 16 20 0.784421 
846 411 16 21 0.71886146 
672 391 16 19 0.6712396 
498 422 17 20 0.58691704 
770 391 17 22 0.48844364 
435 425 15 19 0.37281844 
889 403 12 16 0.29550248 
455 418 15 19 0.2635445 
434 402 14 18 0.19669731 
883 369 15 20 0.16109714 
475 437 12 14 0.14855096 
341 442 15 18 0.13895302 
417 412 13 16 0.12974103 
829 417 15 19 0.115306824 
406 412 12 16 0.09730722 
902 420 14 18 0.09020268 
313 446 9 11 0.08717583 
536 403 12 15 0.081277706 
799 402 13 16 0.07927537 
900 403 13 16 0.076610714 
696 392 13 17 0.07589478 
836 426 10 14 0.07278827 
469 419 11 15 0.06846788 
538 421 13 16 0.068020925 
903 413 12 14 0.06626672 
1004 462 18 23 0.06443117 
739 428 13 17 0.06253999 
250 436 11 14 0.060285892 
803 398 13 16 0.05962895 
327 452 10 12 0.058633562 
803 416 13 15 0.053968716 
828 402 14 17 0.05235666 
400 438 10 12 0.052337155 
461 434 11 13 0.051182725 
461 456 10 13 0.047349166 
871 401 13 15 0.04677598 
977 430 11 15 0.045655638 
407 406 21 26 0.045227453 
404 418 14 18 0.044676945 
479 461 11 14 0.044616718 
348 419 12 15 0.04407501 
346 437 14 16 0.043157995 
505 419 15 19 0.042646404 
382 422 9 13 0.042429354 
799 410 14 17 0.04227237 
874 420 12 14 0.042213153 
584 414 10 12 0.04101084 
415 436 11 13 0.04091476 
693 357 20 29 0.040708274 
380 434 13 16 0.040557966 
517 397 15 18 0.040520787 
837 409 18 25 0.04045075 
702 365 22 29 0.0403182 
287 441 12 15 0.039700076 
502 414 13 16 0.03896998 
778 391 13 17 0.037764966 
947 413 14 18 0.0361713 
282 433 22 25 0.03571402 
534 387 11 15 0.035583805 
420 407 12 16 0.03541165 
881 366 12 16 0.035264418 
892 388 12 14 0.03464666 
518 412 12 15 0.033792358 
371 431 14 16 0.03338357 
508 414 12 15 0.033255666 
825 414 11 15 0.03276539 
414 425 10 15 0.032589674 
417 403 20 27 0.032509472 
901 378 11 14 0.032234892 
441 418 19 25 0.0318978 
252 430 12 15 0.03148533 
836 399 10 13 0.03119419 
573 373 12 14 0.031125825 
487 404 10 14 0.031043127 
879 377 14 19 0.030758347 
476 414 10 13 0.03072659 
1006 428 14 18 0.03059318 
342 431 12 15 0.030283993 
695 354 14 20 0.030116351 
541 409 12 15 0.030063286 
358 445 11 14 0.030061869 
433 433 11 15 0.029529681 
779 401 13 17 0.029475499 
805 389 11 15 0.029314741 
470 427 12 16 0.029313235 
501 442 13 16 0.028193932 
277 357 12 18 0.028037276 
475 428 13 17 0.027813846 
759 387 11 16 0.027804697 
813 396 11 16 0.027650576 
550 410 10 14 0.027556121 
709 362 15 20 0.027470851 
380 447 16 20 0.027234575 
431 408 13 19 0.027183414 
533 404 20 25 0.027077498 
791 404 12 17 0.026811091 
860 396 11 14 0.026284698 
881 375 23 28 0.026199665 
383 413 10 13 0.025886483 
780 381 11 14 0.025772804 
399 443 9 13 0.025681246 
886 383 14 17 0.025547955 
460 414 20 25 0.025173703 
774 383 11 13 0.025140306 
877 386 11 14 0.025113355 
248 443 10 12 0.024888374 
580 380 13 18 0.024841012 
470 460 11 14 0.024460167 
400 408 10 13 0.024313362 
757 403 11 15 0.024288801 
856 396 10 12 0.024249975 
791 388 11 14 0.02417265 
924 410 12 17 0.024171548 
614 404 13 17 0.024116287 
741 393 13 16 0.023750037 
478 404 10 14 0.023703555 
951 424 16 21 0.0236955 
716 358 15 18 0.023655804 
524 401 12 16 0.02364242 
872 381 11 15 0.023616893 
811 402 12 16 0.023464538 
567 373 11 15 0.023310933 
439 407 21 26 0.0231171 
551 420 11 14 0.023029543 
334 450 13 14 0.0230072 
707 411 11 15 0.02290279 
871 393 20 25 0.022860456 
907 402 12 17 0.022565864 
378 426 14 17 0.022442477 
404 435 11 14 0.022160921 
446 413 11 15 0.022147218 
699 351 14 16 0.022088392 
571 381 13 18 0.021994913 
860 391 10 13 0.021975111 
620 405 13 17 0.021969179 
390 427 10 14 0.021939725 
288 454 9 11 0.021828942 
974 426 20 27 0.021569591 
990 423 11 13 0.021280285 
387 450 13 18 0.021232247 
495 368 9 11 0.021116737 
748 388 14 18 0.021032372 
558 420 12 15 0.021019481 
724 355 13 16 0.020918757 
895 420 14 17 0.020878065 
775 375 9 11 0.020871846 
738 383 21 28 0.020629693 
399 426 13 15 0.020596813 
476 370 14 15 0.020356422 
567 387 15 21 0.020300532 
337 437 13 15 0.020253679 
316 439 11 13 0.020234106 
833 445 10 13 0.020117005 
532 372 11 14 0.020052215 
524 386 13 17 0.020038186 
811 412 12 15 0.02000084 
