29_Students_Schoolkids_Students_Schoolkids_29_311
102
234 378 17 22 0.9765772 
298 378 14 18 0.9651257 
446 394 15 19 0.9312557 
120 369 11 14 0.882523 
48 374 13 16 0.8559265 
203 389 13 17 0.7547357 
0 364 8 13 0.4604568 
204 383 13 15 0.36971885 
417 435 21 26 0.36295065 
261 423 17 19 0.3555575 
446 370 13 17 0.29418108 
686 416 25 31 0.16650347 
99 358 12 15 0.12124277 
176 416 10 12 0.10444668 
17 431 9 11 0.097375944 
833 387 14 18 0.09095986 
830 426 11 13 0.0837572 
73 389 9 11 0.07995125 
179 419 12 15 0.075417906 
141 403 9 13 0.06727061 
504 246 476 552 0.05743509 
19 435 11 14 0.057242922 
33 374 9 12 0.05158141 
680 417 39 51 0.051065117 
16 423 8 11 0.04916792 
135 355 10 13 0.04677527 
9 374 9 12 0.046737958 
33 379 10 13 0.044378277 
93 389 9 11 0.04262176 
95 406 8 11 0.042498164 
725 453 10 14 0.04146793 
826 390 23 28 0.039227057 
94 382 10 12 0.03913999 
162 375 9 10 0.038850285 
722 433 14 20 0.03853386 
413 448 14 20 0.037658185 
425 150 10 11 0.037588067 
761 72 7 9 0.037314843 
688 441 27 35 0.03693419 
427 439 20 26 0.036882345 
31 368 8 10 0.036487658 
1014 117 7 11 0.03636474 
730 70 9 11 0.036197264 
23 415 10 13 0.03552304 
236 409 12 14 0.035188194 
734 434 13 20 0.033704136 
767 72 9 10 0.03337327 
162 367 9 11 0.033092216 
739 442 13 17 0.03283717 
161 379 9 11 0.032683358 
43 492 11 15 0.03163172 
367 118 10 12 0.03159336 
692 460 17 23 0.03095548 
142 355 10 12 0.030539839 
94 399 8 10 0.03042614 
15 411 10 15 0.03041607 
442 436 20 30 0.029811325 
86 352 10 12 0.029713357 
15 405 9 13 0.028933093 
173 396 9 11 0.028783694 
77 384 8 11 0.028775137 
100 374 12 13 0.028368233 
230 400 15 19 0.027591245 
471 436 9 14 0.026158461 
506 127 8 11 0.026114754 
0 381 7 13 0.026040979 
444 372 20 26 0.025766999 
305 380 13 15 0.025344953 
126 351 9 11 0.02524885 
260 413 18 20 0.025051218 
20 443 11 13 0.02492268 
70 358 9 11 0.02474607 
698 422 29 32 0.024482287 
765 461 13 15 0.024284184 
671 445 9 14 0.02417517 
196 402 13 17 0.023876168 
733 412 10 14 0.023762979 
436 447 15 19 0.023404617 
505 134 8 10 0.023155322 
697 418 17 21 0.022657175 
182 427 13 16 0.022605943 
166 415 10 12 0.02254778 
530 91 10 13 0.022519134 
94 354 20 23 0.022375269 
255 396 12 16 0.022231922 
400 490 13 19 0.021775544 
286 415 12 16 0.02169066 
705 15 8 10 0.02137277 
309 414 11 12 0.021365907 
0 432 7 11 0.02132176 
210 380 11 15 0.021238707 
453 434 22 32 0.021232216 
118 351 10 12 0.02104999 
5 366 10 12 0.020844525 
407 456 14 18 0.020818666 
304 37 8 10 0.0207898 
535 92 10 13 0.020766988 
411 489 18 22 0.020592917 
746 93 9 12 0.020553604 
312 5 9 10 0.020228745 
188 407 14 16 0.020152492 
47 369 11 15 0.020113666 
