29_Students_Schoolkids_Students_Schoolkids_29_158
61
575 696 74 89 0.99852115 
595 396 44 52 0.9946655 
550 500 50 60 0.99425703 
74 1118 87 120 0.54218435 
507 233 14 17 0.26688302 
686 169 15 20 0.18370682 
619 319 13 15 0.13057494 
737 230 12 15 0.12268073 
-2 1284 24 52 0.09103166 
673 396 34 42 0.07990556 
911 346 43 49 0.072161674 
440 165 11 13 0.06565028 
590 243 41 54 0.0625983 
732 214 9 11 0.059912708 
686 390 31 40 0.056732524 
658 504 27 40 0.05407891 
452 217 15 17 0.045688644 
662 228 10 13 0.04478681 
751 267 13 14 0.043036316 
735 222 10 13 0.04058637 
368 219 33 34 0.04009801 
635 351 16 18 0.034190033 
614 319 23 25 0.033720896 
584 300 10 13 0.03369989 
663 404 30 35 0.032996066 
120 1096 95 137 0.032844946 
453 225 15 18 0.03264611 
684 376 27 35 0.032631356 
436 269 11 14 0.031791523 
651 369 12 16 0.03169747 
833 401 34 37 0.031462394 
775 363 36 40 0.030603306 
474 155 14 17 0.030400632 
682 364 25 32 0.029992823 
685 362 15 19 0.028785612 
530 508 28 40 0.028403683 
462 188 11 13 0.028148172 
675 373 25 32 0.028115563 
430 273 11 14 0.027436877 
718 222 9 12 0.027397256 
599 254 10 11 0.026615633 
721 252 9 12 0.026056074 
662 236 9 12 0.025899239 
160 1085 101 148 0.02469081 
456 188 9 12 0.023917265 
434 166 9 13 0.023681352 
612 330 17 18 0.023532666 
663 356 11 14 0.023233764 
677 417 13 18 0.022919966 
725 246 12 15 0.02261344 
502 223 13 16 0.022157304 
655 414 11 14 0.021972759 
504 240 13 15 0.021577453 
43 245 17 19 0.021460341 
625 345 42 49 0.021228343 
709 537 29 34 0.021223694 
681 158 26 33 0.02052618 
768 373 51 64 0.020418623 
39 241 28 34 0.020269776 
694 368 28 34 0.020196378 
369 232 43 50 0.02007977 
