29_Students_Schoolkids_Students_Schoolkids_29_477
40
730 83 34 43 0.99805427 
432 102 53 64 0.99732816 
873 296 66 89 0.99650735 
872 209 44 57 0.9782583 
841 143 43 56 0.9700446 
832 104 35 44 0.9336119 
499 111 48 58 0.7121442 
969 400 56 95 0.31354898 
833 89 25 33 0.21993883 
82 416 145 134 0.13664496 
827 62 30 33 0.08066989 
839 116 48 60 0.06032753 
826 75 29 37 0.05902242 
789 130 15 19 0.049499437 
981 369 45 82 0.044442244 
884 79 25 34 0.038210463 
716 83 12 18 0.032640323 
476 106 33 42 0.031886328 
105 141 8 9 0.028759023 
797 6 9 11 0.028542519 
889 324 57 95 0.02797001 
941 385 99 138 0.027873132 
834 1 14 12 0.027159305 
348 206 15 18 0.026055899 
420 115 14 19 0.025360625 
488 93 77 95 0.025046783 
568 109 10 12 0.024716051 
34 157 8 10 0.024395362 
864 176 46 65 0.023997324 
482 119 40 45 0.02367663 
901 30 14 18 0.023271931 
897 43 24 29 0.022248803 
885 0 15 12 0.02183955 
875 315 36 55 0.02177911 
816 234 43 58 0.02170864 
866 22 12 15 0.021652674 
311 137 45 59 0.021200247 
215 135 10 12 0.020406326 
891 30 21 30 0.020349067 
151 133 9 11 0.020313004 
