29_Students_Schoolkids_Students_Schoolkids_29_525
125
608 176 181 221 0.99936825 
353 103 84 105 0.9971635 
193 35 62 71 0.9866443 
486 491 12 14 0.3037839 
155 121 12 16 0.08082046 
538 447 7 9 0.08046921 
469 478 9 12 0.06455265 
342 5 9 12 0.06302719 
506 423 8 10 0.05863053 
637 18 11 14 0.057383344 
503 462 8 10 0.057327565 
537 431 8 10 0.05707101 
495 454 8 10 0.055467628 
538 438 8 10 0.05541061 
520 433 7 9 0.05439207 
518 416 7 9 0.052192748 
514 398 8 10 0.051073905 
488 454 7 10 0.05071 
125 104 12 17 0.050395355 
462 456 9 11 0.05025023 
527 424 8 10 0.04968544 
555 440 8 10 0.048244886 
584 13 8 11 0.04811743 
511 431 9 10 0.046632804 
520 437 7 10 0.04629746 
565 191 48 75 0.045971643 
505 469 9 11 0.042559683 
542 431 9 11 0.041266855 
464 433 7 9 0.040726766 
519 453 9 10 0.03980829 
417 326 8 10 0.03978438 
526 431 8 9 0.039285265 
342 13 9 12 0.03926503 
488 448 7 9 0.038782228 
487 412 10 12 0.038494006 
526 447 7 9 0.038073767 
502 456 8 11 0.037994776 
244 41 52 63 0.037086483 
519 423 8 9 0.036999602 
535 425 7 8 0.03596302 
505 430 9 10 0.035001278 
570 211 28 47 0.034396343 
745 449 146 159 0.03432276 
450 445 8 9 0.03428089 
286 460 47 63 0.033761337 
512 455 8 10 0.033743534 
509 470 9 11 0.033409905 
464 439 7 9 0.033077225 
520 447 8 10 0.03301171 
480 439 8 10 0.032903578 
149 116 22 29 0.032583185 
457 457 7 10 0.0325155 
538 542 7 10 0.032449506 
544 407 7 9 0.032448847 
454 440 8 10 0.032361448 
448 439 9 11 0.032323163 
504 438 8 11 0.032186106 
510 424 8 10 0.03202815 
456 391 8 10 0.030858798 
534 456 8 9 0.029737184 
503 486 9 10 0.029626194 
530 462 8 10 0.029232884 
537 416 7 7 0.029223438 
453 422 9 11 0.028902438 
472 440 7 9 0.02874486 
471 417 7 10 0.028480925 
463 416 7 10 0.02839455 
1 153 12 20 0.028217023 
511 463 9 11 0.028194623 
471 494 8 11 0.028192416 
482 135 43 54 0.028129669 
533 22 10 13 0.02802017 
544 425 7 9 0.027902115 
522 509 10 13 0.027583037 
487 431 8 10 0.02735117 
533 3 13 14 0.027209831 
491 488 10 12 0.027039882 
470 484 8 10 0.026864855 
536 408 7 9 0.02645213 
505 407 8 9 0.026393376 
446 461 8 10 0.026228726 
559 422 7 9 0.026025109 
544 454 7 9 0.025857726 
528 455 8 9 0.025753368 
518 493 8 10 0.025726845 
488 423 9 10 0.0256672 
513 415 8 10 0.025552586 
480 446 8 10 0.02537134 
518 488 8 10 0.025317222 
480 478 9 11 0.025263412 
161 113 9 12 0.025252577 
464 484 9 11 0.024913957 
527 408 8 8 0.024685863 
464 502 7 10 0.024478642 
534 463 8 9 0.02418792 
526 523 9 11 0.023760859 
505 479 10 11 0.023753831 
582 0 11 11 0.02371347 
479 500 11 12 0.02318992 
492 414 9 11 0.02309738 
513 436 8 11 0.023084123 
482 463 8 10 0.022845497 
541 472 8 10 0.022776742 
555 444 8 11 0.0227582 
525 438 7 10 0.022718392 
448 302 10 11 0.022375826 
456 462 8 10 0.022212137 
492 423 9 10 0.022003938 
552 454 8 10 0.021989575 
509 477 8 10 0.021839635 
498 460 8 11 0.021836298 
493 431 9 10 0.021709831 
486 439 8 10 0.021290816 
482 454 8 10 0.020888098 
469 472 9 12 0.020780656 
381 29 13 17 0.020697981 
464 421 7 10 0.02066396 
537 536 8 10 0.020648215 
416 342 10 12 0.020634769 
465 445 8 11 0.020372234 
528 400 8 8 0.020344477 
501 531 14 16 0.020268284 
350 15 9 12 0.020239271 
495 479 9 10 0.020157838 
168 114 32 35 0.020145493 
