29_Students_Schoolkids_Students_Schoolkids_29_374
35
691 128 28 37 0.99752015 
392 116 21 28 0.9862211 
410 270 58 56 0.95128316 
465 488 51 61 0.24111927 
677 188 16 18 0.23176064 
472 88 14 20 0.12985194 
428 463 45 47 0.1141532 
486 480 50 77 0.11267058 
439 479 49 49 0.10204604 
382 277 58 64 0.08897316 
673 162 14 17 0.070560224 
810 88 8 11 0.04671486 
320 486 62 63 0.039276995 
701 116 25 29 0.036466688 
728 79 9 11 0.033999927 
712 123 16 21 0.033098873 
443 502 43 45 0.03253728 
685 229 13 17 0.03164791 
489 469 28 48 0.029300708 
328 498 36 40 0.028926147 
381 259 15 20 0.028758513 
725 100 24 34 0.026913153 
9 0 19 23 0.024662264 
586 531 42 47 0.023622029 
231 461 53 83 0.023359494 
732 77 10 12 0.023109099 
422 465 27 41 0.022571495 
367 203 12 17 0.022113971 
345 508 69 72 0.022095911 
436 262 37 51 0.02203247 
484 91 11 16 0.021588383 
435 180 17 20 0.021421188 
99 235 382 438 0.021248627 
707 109 16 20 0.021189025 
468 476 37 46 0.020084167 
