59_peopledrivingcar_peopledrivingcar_59_592
19
391 64 34 37 0.9828367 
378 595 117 157 0.10570366 
240 167 233 185 0.065988414 
320 204 140 120 0.061809096 
515 156 14 18 0.052418124 
272 166 133 129 0.04833708 
453 136 14 17 0.046700593 
961 131 43 49 0.046031144 
480 158 10 12 0.045119096 
460 158 12 15 0.04061886 
515 148 12 15 0.03998777 
418 253 17 16 0.038523495 
507 150 24 28 0.03455811 
955 123 35 39 0.02877098 
455 162 16 20 0.0272892 
73 158 28 35 0.025399784 
550 191 24 32 0.024515208 
125 279 372 455 0.024324864 
516 142 11 14 0.021312071 
