59_peopledrivingcar_peopledrivingcar_59_763
59
443 215 51 59 0.99605113 
748 421 68 91 0.9940487 
582 118 10 13 0.09529663 
407 3 11 14 0.082720265 
163 0 15 14 0.08235816 
528 131 12 13 0.07730315 
568 141 12 14 0.067655586 
607 165 10 12 0.05955408 
142 26 16 19 0.050394524 
215 0 14 13 0.048303217 
424 32 9 11 0.047094032 
638 198 11 13 0.039760545 
501 57 13 16 0.036789685 
449 7 9 11 0.03662032 
678 169 13 16 0.03574846 
588 174 12 14 0.03365102 
55 25 13 16 0.03341277 
614 189 9 12 0.03279065 
597 213 11 14 0.03181428 
604 141 10 13 0.03150676 
477 154 14 16 0.0307171 
596 140 12 16 0.030366153 
608 172 11 12 0.030026147 
630 189 11 14 0.029837146 
598 106 12 15 0.029489793 
640 204 11 12 0.029412907 
636 188 12 14 0.029330077 
608 205 10 13 0.028228246 
616 131 13 16 0.028030597 
523 62 10 12 0.026927087 
397 26 14 17 0.026848868 
1012 437 10 15 0.026530864 
621 137 12 15 0.02644099 
136 7 11 14 0.025952505 
615 207 10 13 0.025612278 
457 184 15 19 0.024655411 
601 164 9 12 0.024345035 
644 148 12 15 0.024129484 
646 156 11 12 0.023828706 
382 22 9 11 0.023691887 
653 166 9 11 0.023259643 
711 143 12 15 0.023063982 
981 414 10 12 0.023038639 
117 12 10 13 0.022992324 
598 123 11 12 0.02278907 
630 168 10 11 0.022754364 
613 182 9 11 0.022623537 
539 60 12 14 0.022577947 
620 228 15 19 0.022478994 
633 146 10 14 0.022250814 
432 20 9 12 0.02222511 
533 20 10 11 0.021610403 
588 117 11 13 0.021609433 
172 0 14 13 0.021188373 
168 62 12 14 0.020668602 
571 135 14 17 0.020613369 
624 166 9 12 0.020336987 
655 213 11 15 0.020129504 
201 423 418 408 0.020088742 
