59_peopledrivingcar_peopledrivingcar_59_856
50
184 252 23 25 0.9647508 
556 246 12 16 0.8229272 
148 271 21 25 0.19949687 
0 299 10 15 0.11234568 
450 275 12 14 0.100335754 
663 360 8 10 0.075671226 
562 245 11 15 0.07100834 
549 334 8 11 0.06644754 
664 364 9 12 0.0491405 
660 415 9 10 0.04895815 
100 357 8 10 0.045327876 
84 350 8 10 0.042881984 
558 313 8 10 0.042860888 
957 310 9 11 0.04279801 
491 306 14 16 0.040738516 
425 453 52 65 0.035166 
550 341 9 12 0.031832032 
920 311 11 14 0.03169775 
816 310 10 12 0.031230338 
655 393 8 10 0.03014313 
878 333 10 13 0.029139794 
600 255 8 10 0.02853092 
326 309 9 12 0.028427964 
872 334 10 12 0.028398493 
83 170 16 19 0.028386435 
554 316 8 11 0.027881492 
569 342 10 13 0.027034363 
101 351 9 11 0.02626656 
799 328 8 11 0.026022358 
782 420 13 17 0.025957935 
551 329 9 11 0.025325444 
757 350 33 33 0.02474146 
156 317 32 35 0.024556508 
649 398 7 9 0.024066659 
492 270 10 11 0.02400514 
670 366 9 11 0.023234729 
484 343 11 15 0.022961939 
509 253 9 12 0.022634607 
601 239 8 10 0.022630002 
591 276 8 11 0.022422692 
304 214 10 13 0.021893475 
879 312 10 12 0.02153764 
221 326 12 16 0.02140189 
11 316 10 13 0.021146584 
613 381 9 11 0.02073758 
614 377 8 9 0.020719422 
80 332 9 11 0.02028474 
800 333 8 9 0.020265918 
5 340 10 13 0.020165274 
679 407 7 10 0.020017585 
