59_peopledrivingcar_peopledrivingcar_59_532
142
132 50 22 30 0.98778194 
232 51 22 30 0.97679293 
95 51 25 30 0.975749 
171 91 22 27 0.973807 
0 74 21 27 0.9263882 
64 87 25 32 0.9208404 
502 90 13 17 0.74416816 
301 73 17 21 0.6516514 
196 380 242 269 0.49985433 
786 129 15 18 0.36302367 
352 462 31 34 0.2771423 
714 129 13 17 0.27482873 
943 130 12 15 0.21947671 
672 102 11 14 0.18701205 
817 81 14 19 0.15554453 
879 83 11 13 0.15220416 
381 96 16 20 0.1367826 
513 112 14 18 0.1279449 
210 113 16 16 0.12061547 
873 115 10 12 0.10270067 
293 76 22 26 0.09590044 
373 178 18 21 0.09057487 
844 103 9 12 0.090076305 
652 100 13 17 0.08420906 
290 349 244 324 0.08100496 
257 123 17 22 0.07898377 
462 52 12 16 0.07889074 
862 109 9 12 0.07198533 
52 80 29 37 0.07136363 
841 107 11 13 0.06941008 
589 82 14 16 0.0657819 
854 25 13 17 0.058674872 
404 84 12 14 0.05864921 
506 86 14 17 0.05743318 
529 216 42 59 0.055313718 
713 96 8 11 0.05500033 
540 86 13 15 0.054303642 
177 83 26 30 0.052272033 
641 332 12 14 0.051977668 
456 31 10 12 0.051929 
726 102 10 12 0.050189476 
653 324 10 14 0.048721187 
874 85 9 11 0.048522435 
697 100 8 10 0.047974195 
560 87 10 14 0.04707671 
782 117 19 26 0.046263702 
727 96 47 59 0.04579438 
203 102 24 27 0.04437113 
711 137 14 17 0.04429056 
536 90 11 13 0.043953434 
546 212 13 17 0.042871825 
687 110 9 12 0.042346064 
702 97 8 10 0.041888054 
82 42 32 44 0.040471748 
843 165 9 12 0.03980601 
984 93 9 12 0.03960471 
462 32 9 12 0.039274607 
230 106 16 20 0.039130725 
516 84 12 16 0.038877316 
73 56 28 33 0.035728194 
585 74 23 29 0.035621602 
845 160 8 10 0.035220787 
974 99 10 12 0.03498132 
342 73 14 15 0.03437859 
718 101 10 12 0.03424077 
469 109 11 14 0.03396336 
645 325 12 16 0.03389761 
592 47 11 13 0.033870038 
676 105 11 15 0.03370481 
564 92 11 13 0.033373877 
292 89 18 22 0.032816928 
849 8 118 140 0.0327663 
550 86 10 13 0.03205925 
448 277 12 13 0.031152183 
762 70 14 20 0.030595297 
463 78 11 14 0.029007535 
515 235 14 18 0.028697984 
765 96 43 51 0.028598314 
950 78 10 13 0.028529407 
399 197 32 39 0.028374746 
468 77 10 12 0.02826186 
876 125 11 13 0.028158246 
748 118 12 15 0.02807252 
878 89 13 14 0.027977427 
422 71 10 12 0.027879229 
779 107 15 18 0.027849928 
745 110 9 11 0.027797943 
717 120 10 12 0.02746124 
439 171 13 17 0.027317777 
522 226 24 33 0.026278008 
732 58 42 56 0.026270287 
748 173 12 14 0.026193589 
622 190 11 13 0.026132694 
749 68 24 29 0.025970608 
537 205 24 32 0.025601728 
709 145 16 18 0.02545721 
1013 125 9 14 0.025100661 
680 332 13 18 0.025009139 
854 81 12 16 0.024810238 
807 92 11 15 0.024751928 
469 192 26 29 0.02463152 
727 95 10 13 0.024554763 
575 83 10 13 0.024327712 
585 83 11 13 0.02430737 
856 104 9 11 0.024112761 
710 20 13 17 0.023916643 
926 79 9 10 0.023726203 
740 115 25 35 0.023327554 
921 79 8 10 0.023317238 
942 125 19 24 0.023240427 
581 61 9 10 0.022833278 
740 74 27 35 0.02268992 
668 85 10 12 0.022689594 
488 86 9 12 0.022668157 
902 140 12 15 0.022602355 
354 195 14 16 0.022594865 
455 190 25 29 0.022480788 
398 251 14 20 0.022318386 
245 116 27 31 0.02216254 
455 52 14 17 0.022122387 
989 93 10 13 0.022077136 
540 78 12 14 0.021553403 
945 79 10 12 0.0215146 
610 90 13 13 0.021435961 
407 184 31 38 0.02136169 
936 144 10 13 0.021182291 
896 79 10 12 0.021097649 
529 168 110 145 0.021079158 
876 79 20 25 0.020993477 
392 207 29 43 0.02086802 
467 84 12 14 0.020658601 
397 203 47 60 0.020548739 
268 129 12 16 0.020478942 
976 119 9 12 0.02042667 
157 84 45 47 0.020332953 
870 111 20 25 0.0203299 
706 56 79 107 0.02030853 
304 76 24 28 0.020261845 
902 134 11 13 0.020234989 
469 39 9 11 0.020118933 
812 105 12 15 0.020073045 
331 185 22 25 0.020072518 
