59_peopledrivingcar_peopledrivingcar_59_404
30
864 182 48 65 0.9994679 
788 102 28 37 0.66313726 
698 83 14 16 0.2574819 
627 0 125 123 0.22906424 
204 401 87 79 0.14642437 
713 270 27 37 0.13020378 
740 81 14 18 0.12683217 
708 257 45 56 0.0739688 
717 273 16 20 0.06616851 
193 442 129 125 0.056990568 
198 363 76 78 0.04263553 
794 89 34 42 0.042289585 
182 0 111 103 0.041818723 
188 391 213 190 0.039752573 
693 76 25 27 0.03711201 
547 -54 389 438 0.036066275 
800 105 19 25 0.028546507 
233 382 69 75 0.027964443 
734 259 50 57 0.026520627 
799 108 28 39 0.026418393 
703 250 27 38 0.02453702 
837 107 41 53 0.024410073 
208 338 63 66 0.02371017 
767 280 38 42 0.023051746 
450 112 45 46 0.022424726 
247 503 84 66 0.021778986 
671 196 54 62 0.021549752 
721 266 16 21 0.020227807 
-96 61 416 522 0.020207211 
567 130 13 15 0.020136362 
