40_Gymnastics_Gymnastics_40_593
209
171 261 42 55 0.9950222 
542 183 43 55 0.9947595 
302 186 43 55 0.9946049 
843 255 37 50 0.9944043 
754 196 35 49 0.99217916 
939 299 39 53 0.98956174 
629 203 41 54 0.9872497 
38 244 44 54 0.98688835 
71 287 38 53 0.98416877 
417 207 37 51 0.98287374 
22 47 24 30 0.9797831 
99 41 19 26 0.94403094 
16 107 22 30 0.898077 
112 116 18 22 0.7330517 
946 118 18 22 0.72822356 
167 138 20 25 0.7043015 
771 1 18 21 0.59389055 
231 254 20 25 0.50868094 
839 34 18 22 0.50716496 
233 33 16 20 0.48474103 
931 176 15 22 0.4623257 
910 28 15 20 0.4244997 
91 163 24 32 0.3563546 
79 175 35 50 0.33279213 
556 132 24 31 0.33246908 
940 259 28 32 0.32520223 
361 19 15 19 0.31568578 
697 3 18 19 0.30879346 
410 66 18 22 0.29766542 
971 73 18 24 0.28831896 
164 30 15 20 0.28516513 
660 66 15 20 0.28120357 
549 72 14 18 0.23752785 
16 218 17 23 0.22314243 
66 232 29 34 0.20581472 
1010 34 14 23 0.20082767 
547 67 50 62 0.16852392 
77 61 16 20 0.16838057 
108 447 24 31 0.16600548 
0 269 18 32 0.16431786 
479 96 25 31 0.13593408 
966 102 16 20 0.13428472 
500 11 16 17 0.13299242 
775 175 26 31 0.12371585 
617 0 23 24 0.12218028 
626 150 25 34 0.1220776 
351 68 26 33 0.11076144 
866 191 18 24 0.10991 
455 61 14 17 0.1091932 
676 66 14 19 0.10821063 
710 35 17 20 0.10117475 
459 92 12 15 0.09633945 
980 212 25 31 0.09016131 
835 89 13 16 0.08782449 
56 240 36 42 0.08537481 
972 151 24 34 0.08262877 
381 535 23 30 0.08203281 
143 22 20 26 0.08197785 
155 63 15 19 0.07718871 
142 231 21 28 0.07682013 
162 20 16 22 0.07011009 
702 106 30 36 0.069793746 
417 119 18 22 0.069500625 
644 17 14 19 0.06921747 
698 33 14 18 0.065367594 
952 88 14 17 0.06236031 
717 71 14 18 0.06126091 
601 17 14 18 0.058156207 
652 54 11 14 0.05728749 
1006 40 20 32 0.054032553 
550 71 23 31 0.053859245 
245 310 35 47 0.053245135 
887 58 14 19 0.052128553 
928 158 23 32 0.051849313 
419 0 16 18 0.05147804 
738 203 25 38 0.050236795 
506 27 14 18 0.050014544 
827 0 17 14 0.04971108 
826 52 16 19 0.049076594 
41 115 15 20 0.04843377 
70 154 22 28 0.04785771 
627 34 25 28 0.04778612 
30 111 21 27 0.047530342 
843 83 15 23 0.046873584 
507 77 13 17 0.04606696 
331 85 25 30 0.04391571 
470 96 21 30 0.043791786 
499 17 21 25 0.043594517 
834 -1 18 17 0.04349562 
843 -2 16 14 0.042347886 
334 36 15 19 0.041465547 
830 37 21 26 0.041413575 
640 19 22 31 0.04044956 
630 150 16 21 0.040432375 
528 47 81 104 0.040029407 
27 0 18 20 0.03892162 
518 23 14 17 0.035670206 
437 12 15 17 0.035300467 
654 59 13 17 0.035094045 
6 45 23 32 0.035076715 
221 239 37 52 0.035039153 
935 274 41 54 0.03391634 
634 606 26 31 0.033618838 
568 69 34 38 0.03308137 
2 15 22 31 0.03287342 
733 67 13 16 0.032644328 
750 58 16 20 0.03197046 
436 27 15 19 0.03175718 
506 6 14 16 0.03156664 
462 0 14 12 0.031455055 
862 51 16 20 0.031204129 
853 166 16 25 0.030002832 
357 23 22 27 0.029988527 
458 88 25 33 0.029882615 
993 216 17 22 0.029860768 
99 142 23 30 0.029601619 
46 5 25 29 0.029550923 
801 56 9 13 0.029508905 
986 0 15 13 0.029159835 
41 22 24 29 0.029005319 
97 155 18 23 0.028792027 
-4 279 26 41 0.02877707 
816 57 12 16 0.028495885 
454 66 24 30 0.027623463 
574 13 25 30 0.027614031 
228 37 25 31 0.02750071 
364 0 16 13 0.027465317 
909 8 13 16 0.027447795 
869 74 14 17 0.027115807 
789 67 11 16 0.027106073 
588 71 18 24 0.027088204 
838 79 12 18 0.027039023 
884 115 16 21 0.026799435 
149 423 13 16 0.026762601 
959 3 14 17 0.026655266 
859 96 40 46 0.02656197 
562 87 18 23 0.026558088 
709 45 17 21 0.026512515 
570 26 29 34 0.026357127 
245 347 11 16 0.025974143 
499 78 21 27 0.025954619 
648 58 12 16 0.025952354 
910 52 15 22 0.025894282 
103 132 23 29 0.02579954 
557 -1 17 13 0.025773402 
780 187 17 24 0.025760977 
646 65 13 17 0.025719985 
45 0 15 14 0.025659008 
28 8 26 32 0.025616307 
663 34 14 18 0.025569918 
549 108 44 58 0.025492635 
133 154 21 30 0.02547985 
87 187 22 28 0.025389347 
341 78 26 35 0.025378989 
668 63 14 20 0.025364202 
299 -1 33 31 0.025239738 
613 149 43 54 0.025236465 
957 92 22 27 0.025220044 
993 0 20 19 0.02513832 
519 65 15 21 0.025109643 
723 67 13 18 0.025062015 
486 87 24 32 0.024813091 
459 97 14 18 0.024720846 
935 247 26 30 0.024450015 
30 34 25 31 0.024403034 
435 14 22 29 0.024180727 
833 73 23 30 0.024101252 
-1 69 9 16 0.024055826 
453 79 23 28 0.023939753 
818 94 13 14 0.023934841 
17 1 26 30 0.023906171 
902 432 17 20 0.023859393 
15 316 28 34 0.02385 
993 110 16 20 0.02384677 
551 5 25 27 0.023748761 
330 624 8 10 0.023617001 
671 68 21 29 0.023614869 
304 -1 21 18 0.023508992 
555 23 48 58 0.023057612 
151 262 27 38 0.02271459 
958 106 22 28 0.022689682 
796 65 15 20 0.02237835 
885 38 16 20 0.022266993 
466 60 13 16 0.022194544 
3 220 41 52 0.022159148 
76 464 23 34 0.022157459 
933 66 15 21 0.022150885 
239 27 19 23 0.022098135 
631 106 13 18 0.021846533 
313 12 25 29 0.021496085 
30 25 15 18 0.021397805 
170 37 15 20 0.021272276 
159 265 35 44 0.021253517 
883 164 21 32 0.021130867 
684 109 11 13 0.021122279 
792 102 22 27 0.021116698 
449 11 22 30 0.021052692 
822 48 12 14 0.02092785 
801 61 14 17 0.02061059 
428 19 15 19 0.020580944 
795 74 15 19 0.020518702 
459 55 15 18 0.020517968 
245 61 23 29 0.020472115 
813 53 20 25 0.020389166 
621 59 24 29 0.02024193 
441 33 14 18 0.02020476 
741 66 13 17 0.02017417 
236 105 13 19 0.020054542 
937 179 17 24 0.020046145 
