40_Gymnastics_Gymnastics_40_48
33
29 421 14 23 0.8006832 
811 172 24 29 0.22562063 
16 421 12 17 0.16195056 
819 184 18 24 0.14871314 
159 264 16 20 0.13606803 
22 420 16 20 0.13410993 
793 204 16 18 0.103577085 
194 336 27 34 0.085019596 
176 251 15 18 0.07410321 
154 312 31 34 0.065721914 
140 256 17 24 0.060226053 
140 338 13 15 0.056072153 
168 304 38 45 0.05504218 
478 100 44 53 0.05212337 
500 98 27 47 0.040458392 
20 414 14 18 0.039741192 
282 412 41 52 0.03489559 
36 412 15 21 0.032475308 
797 178 24 30 0.031831075 
198 281 15 20 0.03074811 
3 429 11 15 0.028251655 
824 179 15 20 0.02662802 
134 340 13 17 0.02640883 
517 75 45 49 0.025699927 
502 83 45 51 0.025573766 
205 469 23 29 0.025481438 
186 299 24 34 0.024732389 
458 92 42 58 0.024407655 
300 375 15 18 0.023738854 
651 280 14 17 0.023198115 
187 321 29 37 0.022252683 
39 404 13 17 0.021482972 
279 238 18 21 0.020361632 
