40_Gymnastics_Gymnastics_40_484
24
495 270 78 101 0.99491113 
833 71 40 52 0.83799714 
642 82 52 65 0.69417614 
477 75 46 63 0.45356432 
979 0 39 44 0.42634025 
808 206 44 51 0.4249397 
987 187 34 58 0.3412645 
139 -1 40 38 0.2762246 
823 413 45 64 0.25253314 
988 312 34 60 0.08096651 
120 97 52 61 0.07229252 
613 259 44 60 0.06788188 
466 109 63 84 0.053031966 
317 85 39 53 0.041767906 
458 52 76 101 0.034675 
362 168 48 73 0.034522682 
1011 423 13 24 0.03319655 
465 251 64 78 0.03009042 
0 0 33 32 0.027540317 
593 241 73 104 0.026171578 
634 48 60 75 0.023314325 
997 632 22 33 0.02225509 
646 36 31 35 0.02171875 
981 377 14 23 0.020247037 
