40_Gymnastics_Gymnastics_40_492
129
307 7 25 32 0.9984528 
471 153 38 49 0.9973888 
510 55 23 30 0.99722433 
548 46 25 32 0.9956328 
485 64 22 29 0.9953915 
556 129 41 53 0.9935737 
359 149 40 55 0.9800846 
654 124 40 53 0.9770009 
210 17 23 28 0.9650837 
380 0 20 24 0.9560167 
589 78 22 27 0.9050327 
450 -1 20 20 0.8982936 
467 79 17 24 0.8909075 
341 -2 24 25 0.87386477 
35 2 21 28 0.846957 
270 19 19 26 0.7930942 
447 111 16 20 0.63217497 
366 76 19 26 0.61801004 
426 81 13 16 0.6128619 
405 27 17 22 0.5577856 
404 68 11 15 0.53301924 
417 0 15 16 0.52233434 
353 -1 18 20 0.52229685 
170 19 15 19 0.48192543 
386 68 13 16 0.45067838 
476 69 22 29 0.37267837 
303 45 23 30 0.3044434 
312 78 16 23 0.18859453 
378 81 14 19 0.17892271 
444 57 15 23 0.17735879 
332 94 13 17 0.16794568 
480 47 11 14 0.16565229 
571 2 17 23 0.16189799 
445 54 12 16 0.15883628 
540 14 17 21 0.15798871 
234 32 16 21 0.14391519 
97 40 12 15 0.107501835 
407 115 13 17 0.10422961 
78 50 12 14 0.09571592 
395 114 15 20 0.08911088 
599 79 18 23 0.08509229 
259 8 25 31 0.08378609 
380 73 16 22 0.0758341 
518 26 15 20 0.06770654 
75 0 14 14 0.06758901 
328 90 13 18 0.065885805 
334 0 20 21 0.06257899 
395 283 43 51 0.055343524 
588 89 28 36 0.053804114 
494 4 13 17 0.052708615 
428 26 13 18 0.050041504 
308 61 22 34 0.04975013 
434 129 15 20 0.046881944 
438 62 15 20 0.046807554 
481 51 15 19 0.04670742 
42 0 15 19 0.04644987 
360 79 16 23 0.04593432 
276 14 15 21 0.045756053 
529 292 21 32 0.0455964 
258 6 16 19 0.045430996 
29 43 14 18 0.044799455 
556 0 15 12 0.042376608 
460 33 14 17 0.042268924 
535 333 10 13 0.042126756 
439 52 13 18 0.041166708 
285 -1 14 13 0.0402803 
1008 26 11 16 0.039806277 
35 38 11 14 0.03962755 
6 85 12 15 0.039526254 
413 82 13 17 0.037517812 
557 -1 23 23 0.03630847 
51 2 15 20 0.036238987 
431 55 14 20 0.035038654 
221 -1 15 13 0.03389526 
332 104 14 18 0.033835053 
386 81 13 19 0.033017743 
175 9 20 27 0.032827977 
60 2 14 16 0.03251739 
976 11 13 16 0.032340437 
448 63 16 23 0.032146864 
543 108 22 28 0.031966724 
403 79 15 21 0.0318477 
420 27 14 19 0.03156494 
973 3 32 36 0.030650986 
506 308 26 33 0.029948387 
457 113 16 20 0.029869672 
409 21 16 20 0.029317748 
211 1 17 19 0.029271306 
338 24 17 19 0.02875068 
915 0 18 12 0.028263321 
408 -1 21 22 0.02783159 
82 46 10 13 0.027255611 
92 20 11 14 0.027062625 
291 -1 15 14 0.026961347 
457 385 38 52 0.026959041 
337 7 23 29 0.02616733 
226 26 17 21 0.025385134 
978 1 17 20 0.024706522 
534 325 12 17 0.024318213 
317 169 10 12 0.023937376 
317 3 22 27 0.023935685 
389 89 11 15 0.023856383 
183 2 13 17 0.023485254 
601 274 28 40 0.023384755 
322 83 15 22 0.022950068 
537 75 26 28 0.02247206 
392 112 12 15 0.022439903 
419 113 16 22 0.022295574 
78 41 10 13 0.022221372 
109 46 10 12 0.022122758 
459 125 24 29 0.022108464 
409 67 14 18 0.022019316 
312 44 16 21 0.021541862 
914 13 15 15 0.021484695 
182 46 10 13 0.021468818 
20 -3 44 42 0.021324383 
75 6 16 18 0.021249078 
112 53 9 12 0.021207148 
316 70 20 30 0.021191485 
430 66 14 18 0.021190163 
518 6 13 15 0.021162333 
200 8 40 47 0.021132145 
393 74 20 29 0.020948686 
491 383 27 38 0.020907825 
428 116 12 18 0.020850156 
443 130 15 20 0.020784527 
333 64 15 20 0.02078148 
529 291 13 20 0.020575963 
185 1 23 28 0.020023797 
