40_Gymnastics_Gymnastics_40_175
23
565 204 58 72 0.97137386 
202 75 69 67 0.82787395 
115 232 43 56 0.7868241 
565 344 41 46 0.7547129 
439 325 46 79 0.38437128 
652 361 45 68 0.10713703 
131 256 32 43 0.08410891 
606 196 54 68 0.07536608 
135 233 30 41 0.065633856 
652 174 44 56 0.053442914 
185 241 30 45 0.04894136 
90 223 84 97 0.04622337 
445 319 30 50 0.035560805 
637 186 45 61 0.032339375 
147 223 37 43 0.027950333 
142 247 30 41 0.026923502 
345 593 46 43 0.02663889 
234 71 58 65 0.026524343 
359 218 198 221 0.0246985 
649 354 30 54 0.024638334 
448 345 57 76 0.02249827 
750 237 35 37 0.021629948 
160 241 45 50 0.020878738 
