40_Gymnastics_Gymnastics_40_47
75
594 67 65 96 0.99733776 
442 77 22 30 0.91921216 
333 40 25 34 0.8077101 
989 5 26 30 0.45938456 
4 133 22 28 0.4390501 
875 15 46 58 0.4092275 
84 44 16 26 0.24649404 
814 497 29 40 0.23362952 
156 236 22 29 0.20585206 
792 130 23 29 0.19031173 
100 112 27 34 0.18477778 
733 45 22 30 0.18438067 
42 134 19 25 0.17505556 
318 102 26 32 0.16159844 
358 110 34 41 0.13383266 
989 474 29 57 0.11912873 
780 36 26 31 0.07749246 
419 173 24 39 0.049165275 
368 100 29 33 0.04856779 
770 51 15 20 0.04741925 
549 78 16 21 0.042895023 
112 -55 386 482 0.04236163 
150 177 16 20 0.04170303 
88 104 32 37 0.039994065 
563 59 47 66 0.039536934 
693 163 44 59 0.038713012 
498 44 24 28 0.038148604 
895 37 36 43 0.037337486 
563 460 47 62 0.037293427 
164 119 39 46 0.037214063 
130 172 16 21 0.036819793 
499 407 117 154 0.036498144 
64 100 46 53 0.035673317 
594 26 30 35 0.03424829 
87 134 45 53 0.03379464 
304 104 27 32 0.033531595 
283 29 25 31 0.033422574 
752 64 43 54 0.032222997 
866 0 79 97 0.032022767 
498 88 24 31 0.031666517 
215 192 25 31 0.031072767 
90 35 17 22 0.028949209 
363 104 19 22 0.028941812 
39 121 30 33 0.027964596 
474 138 31 39 0.027692122 
212 197 40 50 0.027474742 
735 50 40 50 0.027246093 
664 34 29 41 0.026578734 
769 46 28 34 0.02598433 
137 168 23 29 0.025903238 
111 126 19 23 0.02560097 
308 72 17 21 0.025268333 
981 63 25 32 0.024761885 
723 33 28 36 0.024578134 
300 163 14 18 0.024265677 
754 94 54 63 0.023941701 
773 111 46 58 0.02357353 
37 25 16 19 0.023511337 
460 45 24 27 0.02345297 
153 94 49 58 0.023146046 
499 81 16 19 0.022935852 
584 20 48 60 0.022885788 
322 231 16 19 0.022767529 
506 100 17 22 0.02212532 
282 23 44 48 0.021942023 
96 542 30 34 0.0217484 
172 641 35 36 0.021707186 
223 183 21 28 0.021587634 
301 110 43 52 0.021419952 
376 103 18 20 0.021286169 
737 34 29 35 0.02090658 
78 199 25 29 0.020885894 
697 60 27 35 0.020796556 
125 159 27 34 0.020194724 
25 185 46 62 0.020103373 
