40_Gymnastics_Gymnastics_40_727
88
666 173 19 23 0.9663462 
82 476 30 36 0.95834947 
218 538 33 42 0.86250144 
697 560 34 36 0.839853 
859 435 22 28 0.54788786 
323 124 13 16 0.5003928 
590 72 17 21 0.4414313 
730 346 16 23 0.24448058 
876 434 15 23 0.21618828 
535 222 12 16 0.20726602 
416 125 12 14 0.1556441 
502 207 11 15 0.15124224 
703 518 10 13 0.09694213 
844 18 50 72 0.08877354 
96 470 30 38 0.08418234 
362 187 16 21 0.080788165 
448 76 11 15 0.07002273 
362 100 14 18 0.06752076 
734 141 14 17 0.06449291 
631 108 14 16 0.06396743 
216 525 27 36 0.063268326 
660 548 21 30 0.062870495 
860 418 13 15 0.055403933 
356 92 13 15 0.054295413 
420 120 11 14 0.05399204 
394 152 9 11 0.05002946 
318 126 22 29 0.046209577 
735 352 16 20 0.04185693 
577 94 26 32 0.03802499 
409 126 10 12 0.037954204 
851 426 26 29 0.03760836 
412 119 20 25 0.036419593 
505 199 10 12 0.036043197 
500 217 12 17 0.035558935 
362 94 13 15 0.03516774 
592 81 25 30 0.034621775 
498 210 12 15 0.033209946 
797 413 14 16 0.03259554 
672 198 26 28 0.03229899 
509 197 9 10 0.03226708 
320 120 12 15 0.031407733 
9 28 41 56 0.03106106 
884 430 11 16 0.03053892 
540 215 10 13 0.0293447 
862 40 32 38 0.029254977 
339 27 12 16 0.029218396 
586 125 24 29 0.028840087 
398 114 12 15 0.028580802 
799 405 13 14 0.027832383 
658 525 17 17 0.027247025 
853 418 15 17 0.026868189 
526 216 10 11 0.02676427 
399 123 12 13 0.026599288 
348 99 16 19 0.026498526 
336 166 25 28 0.026347304 
352 74 11 15 0.026240578 
662 540 15 19 0.026240468 
471 191 11 14 0.026119027 
845 418 13 17 0.025738548 
707 517 12 14 0.025137536 
658 534 27 33 0.025072243 
583 67 15 24 0.024858784 
640 513 35 33 0.024809804 
461 75 13 15 0.024094421 
430 195 9 12 0.02404423 
683 194 15 20 0.023665708 
352 99 22 27 0.02332412 
447 82 12 16 0.023113368 
319 137 45 52 0.023110699 
228 523 29 36 0.023063222 
78 469 13 19 0.022490501 
77 472 19 27 0.022253793 
699 542 29 33 0.022058737 
399 89 11 15 0.022055527 
600 89 23 31 0.021866292 
866 418 13 16 0.021843867 
722 126 12 14 0.021628195 
353 176 23 30 0.021337705 
667 531 16 19 0.021198284 
333 130 12 16 0.021050205 
254 617 36 37 0.020985108 
345 169 15 17 0.020876272 
340 133 11 14 0.02085181 
734 334 12 17 0.020720571 
529 221 13 15 0.02069889 
324 585 31 32 0.020618785 
57 142 28 34 0.020126013 
430 116 10 14 0.0200708 
