40_Gymnastics_Gymnastics_40_24
94
692 265 65 58 0.6126892 
991 481 11 15 0.2855699 
535 447 11 14 0.24580261 
620 239 32 39 0.16912758 
666 219 29 35 0.15202437 
667 225 58 74 0.13491552 
690 262 44 39 0.11825397 
573 468 11 14 0.10114926 
965 361 13 16 0.09918989 
118 521 14 17 0.0982679 
70 550 11 15 0.08799277 
503 500 12 15 0.08556377 
654 208 51 69 0.07501559 
680 320 44 33 0.07234644 
165 468 11 14 0.071759194 
394 429 12 16 0.07158103 
175 532 14 18 0.07149406 
608 476 13 16 0.056431886 
562 563 14 19 0.05579792 
138 553 14 19 0.05421863 
622 234 52 62 0.053142782 
480 435 13 17 0.05306224 
143 444 13 17 0.04817679 
27 354 17 22 0.047686312 
529 548 11 14 0.047547888 
540 492 11 13 0.04742986 
272 452 12 14 0.04643845 
428 545 13 15 0.046373717 
534 529 12 15 0.044813335 
663 475 13 16 0.04461721 
918 241 15 20 0.04329554 
48 378 17 20 0.043284003 
684 288 68 56 0.043268263 
805 57 18 20 0.04303738 
3 463 26 47 0.042975616 
644 195 93 130 0.04145602 
573 501 12 14 0.040271364 
238 47 16 20 0.038656607 
99 497 14 18 0.037358385 
101 56 15 19 0.037212186 
671 229 33 41 0.036845133 
81 365 27 36 0.03673649 
610 530 14 18 0.03388057 
447 451 12 14 0.033674702 
599 515 11 13 0.03327017 
190 562 14 18 0.033051644 
951 479 12 16 0.032645594 
552 201 94 112 0.03259994 
653 269 15 22 0.03230983 
658 295 56 53 0.031458717 
470 521 12 17 0.03120579 
582 493 12 14 0.029752454 
897 348 16 20 0.028233713 
478 493 10 12 0.028221145 
663 482 10 13 0.02700298 
418 468 13 16 0.026814204 
669 450 12 15 0.026582519 
184 508 10 13 0.026554994 
531 541 12 15 0.026549233 
488 0 31 33 0.026300054 
486 9 44 56 0.026281293 
918 426 10 12 0.026191827 
697 434 11 13 0.026073555 
612 481 12 15 0.025927573 
114 443 16 18 0.025061637 
484 440 12 15 0.025008908 
558 533 12 16 0.024817597 
944 426 10 13 0.024650985 
1008 428 11 13 0.024081554 
117 604 14 16 0.023763644 
455 466 12 15 0.023721458 
212 444 12 15 0.023682702 
596 550 12 15 0.023262903 
492 473 12 15 0.022869602 
640 257 29 35 0.022720234 
868 239 18 21 0.022718515 
77 589 15 20 0.022259401 
196 491 11 12 0.022244083 
127 639 12 12 0.022182211 
99 638 12 12 0.02217699 
637 527 11 13 0.02215963 
618 194 63 81 0.022120956 
156 513 11 14 0.021887831 
290 351 447 502 0.021871662 
707 254 42 44 0.021584764 
477 522 13 17 0.021255974 
683 48 16 19 0.021093613 
389 451 14 18 0.020935599 
455 431 10 14 0.020583253 
293 -52 426 491 0.020432651 
279 239 27 34 0.020346723 
540 485 13 15 0.020263286 
636 469 13 17 0.020095503 
510 471 10 14 0.020066783 
