40_Gymnastics_Gymnastics_40_420
39
756 467 92 115 0.99974984 
595 412 87 111 0.99940836 
314 216 63 84 0.99888045 
242 193 65 87 0.99847335 
165 177 67 86 0.99823844 
475 395 80 102 0.99615496 
402 328 81 100 0.9934909 
385 293 57 75 0.4854194 
382 224 62 76 0.2913631 
280 203 63 88 0.284323 
330 494 48 82 0.265664 
20 210 20 25 0.12543848 
366 312 55 79 0.10568793 
894 209 117 116 0.09729571 
2 560 191 238 0.058390405 
161 483 104 139 0.058012173 
26 208 23 25 0.055971965 
376 255 58 76 0.041964095 
190 371 29 43 0.03878781 
348 491 57 98 0.036028557 
746 243 13 16 0.03487767 
525 -48 432 470 0.034244742 
335 506 34 45 0.031688984 
802 284 15 16 0.031123701 
796 -9 212 210 0.027814202 
296 366 54 69 0.027197896 
215 172 73 99 0.02669272 
735 243 23 28 0.025616499 
316 110 16 18 0.025150085 
-9 817 280 325 0.025040917 
802 15 115 138 0.023534846 
341 325 57 85 0.023486156 
781 31 49 64 0.022728702 
45 430 106 110 0.02271147 
97 -46 425 499 0.022457412 
402 147 15 17 0.021566339 
281 410 56 73 0.021506557 
315 357 58 85 0.021126349 
266 430 51 67 0.020763792 
