40_Gymnastics_Gymnastics_40_161
22
588 195 65 120 0.9562726 
385 10 84 89 0.71999484 
466 209 51 65 0.48098385 
157 372 267 276 0.14646007 
212 208 22 26 0.10718102 
246 204 25 32 0.06158693 
630 433 147 166 0.05518791 
345 482 20 22 0.0517363 
493 194 72 110 0.028009208 
532 186 82 119 0.026350496 
292 724 25 29 0.026244331 
466 205 34 40 0.025311327 
108 277 388 493 0.024894658 
587 285 420 473 0.02458803 
565 712 70 75 0.024475385 
665 733 19 24 0.024274241 
372 457 23 28 0.024249366 
459 220 39 41 0.022548866 
31 637 32 31 0.02209739 
182 185 17 19 0.02053193 
724 660 109 123 0.020162508 
811 186 18 19 0.020081798 
