40_Gymnastics_Gymnastics_40_285
20
773 415 91 62 0.47133926 
868 40 13 16 0.2599636 
787 421 51 38 0.07882865 
0 92 32 64 0.06678346 
772 427 49 43 0.0532661 
686 371 240 177 0.03352179 
477 450 69 54 0.0324745 
887 167 11 14 0.030544132 
802 412 53 40 0.030156935 
859 29 10 13 0.028960986 
248 139 11 16 0.02625503 
236 568 60 69 0.026129602 
911 238 120 113 0.025868034 
459 436 105 92 0.025163023 
280 41 11 16 0.02497105 
841 266 134 149 0.024396963 
273 76 10 15 0.024165532 
735 427 86 63 0.022682082 
771 427 129 82 0.020769775 
940 266 70 62 0.02003656 
