40_Gymnastics_Gymnastics_40_255
150
526 357 110 76 0.25171202 
321 464 10 12 0.20874262 
140 367 11 13 0.13287625 
506 405 8 10 0.124404974 
773 454 10 13 0.1093167 
323 465 12 14 0.10241419 
804 366 11 13 0.09836167 
481 407 8 9 0.084602125 
290 437 9 11 0.08144041 
346 436 9 11 0.07867132 
386 413 9 11 0.07835132 
792 446 10 12 0.0746299 
278 461 8 11 0.072396025 
412 472 9 11 0.07120455 
463 406 9 10 0.06890005 
165 182 14 17 0.063257694 
704 367 11 14 0.063095614 
192 352 10 14 0.060338806 
457 450 10 13 0.059752647 
259 101 476 521 0.059342224 
255 414 9 11 0.054468673 
293 433 8 10 0.0538323 
536 445 9 12 0.053705532 
723 354 11 14 0.05225269 
460 448 10 12 0.05126947 
432 468 9 11 0.050744437 
375 273 39 47 0.050525744 
662 423 9 12 0.050361212 
382 282 24 28 0.049092505 
313 480 8 10 0.047388814 
784 440 9 12 0.047278937 
469 400 8 9 0.04643384 
388 408 10 12 0.046353307 
320 293 19 21 0.04554924 
114 357 10 12 0.045284934 
248 409 9 12 0.044971008 
840 420 8 11 0.04431223 
472 446 9 10 0.04429996 
311 429 9 12 0.04417278 
553 491 9 12 0.04286118 
901 405 9 12 0.04268059 
801 371 11 14 0.04211525 
546 346 75 57 0.041888285 
745 397 10 13 0.0412648 
823 368 10 12 0.040005848 
792 479 10 12 0.038627334 
517 447 8 10 0.03855659 
146 67 13 16 0.038346406 
465 401 9 10 0.03809624 
801 421 11 15 0.037860435 
305 470 8 10 0.036455464 
253 432 8 10 0.036115695 
350 526 8 10 0.035753585 
655 427 11 13 0.035730354 
372 406 9 10 0.035613902 
430 455 10 12 0.035266098 
495 437 8 10 0.035249334 
352 407 9 10 0.035232265 
183 286 10 13 0.03403639 
754 365 11 14 0.03395487 
841 416 10 12 0.033789113 
148 407 27 32 0.03367864 
571 379 47 28 0.033518896 
525 406 8 10 0.03283314 
202 293 10 12 0.03271066 
334 407 8 9 0.03258488 
262 414 8 10 0.03247195 
454 471 11 15 0.032220457 
481 423 9 11 0.03204694 
97 372 11 13 0.03179009 
897 454 10 13 0.03159596 
157 412 13 14 0.0315361 
863 366 9 10 0.03138618 
753 361 9 11 0.031078031 
824 372 11 13 0.030745665 
366 437 8 11 0.030646835 
772 428 9 13 0.030599428 
386 438 7 9 0.029125404 
169 368 9 11 0.028900374 
686 340 10 12 0.028575493 
251 283 16 19 0.028420914 
477 447 7 9 0.028318556 
318 479 9 10 0.028222978 
872 432 10 13 0.02775518 
97 368 9 11 0.027447222 
430 416 9 10 0.027226612 
361 456 8 11 0.027219446 
745 421 9 12 0.027013386 
161 420 14 18 0.02697315 
380 477 9 10 0.02668838 
400 472 8 10 0.02659796 
387 527 8 10 0.026535086 
470 469 11 12 0.026169896 
312 423 10 13 0.025875766 
369 526 8 10 0.025809474 
260 284 13 16 0.025797242 
613 478 10 12 0.025770146 
861 420 9 11 0.02557331 
553 445 11 13 0.025480963 
425 455 10 12 0.024938503 
726 416 9 12 0.024634562 
278 438 8 10 0.024506975 
814 446 8 10 0.024486948 
310 416 10 11 0.024136346 
512 485 9 11 0.024062892 
856 428 9 11 0.023879526 
743 414 10 12 0.02380282 
278 408 7 8 0.023685912 
918 430 9 11 0.023450444 
349 486 9 12 0.023364598 
806 361 10 11 0.0231046 
200 288 10 12 0.023097994 
289 488 9 12 0.023078404 
469 405 8 10 0.023047999 
125 429 8 10 0.02301316 
480 401 8 9 0.02299217 
165 295 9 11 0.02279443 
267 124 15 19 0.02276272 
745 404 10 12 0.022717133 
309 470 9 11 0.022657365 
634 436 12 14 0.022390189 
183 170 13 17 0.022377176 
439 416 9 10 0.022328919 
369 401 8 10 0.022139601 
501 424 10 11 0.02210738 
376 472 9 12 0.022071175 
774 449 9 11 0.021994984 
483 415 10 10 0.021955913 
366 433 9 10 0.0218272 
707 371 11 13 0.021799922 
334 400 7 9 0.021787513 
813 371 11 13 0.021631066 
346 493 9 12 0.021473894 
430 460 11 14 0.021390172 
265 496 10 11 0.021317752 
95 453 8 10 0.021109639 
399 476 9 11 0.02109648 
272 436 9 11 0.020868808 
575 355 35 27 0.020864967 
264 432 8 11 0.020748002 
733 436 11 14 0.02071677 
295 407 7 9 0.02064191 
361 432 9 11 0.020593619 
408 474 10 12 0.020540804 
541 407 9 10 0.020313416 
326 477 10 11 0.020283716 
405 423 9 11 0.020265698 
652 446 11 14 0.020124678 
171 370 13 15 0.020117328 
348 431 10 12 0.020030443 
