40_Gymnastics_Gymnastics_40_920
87
122 160 62 78 0.99945945 
259 170 60 76 0.9993856 
395 173 64 81 0.9991073 
481 168 62 83 0.9981597 
569 149 71 84 0.99804735 
746 123 77 98 0.9944887 
316 436 16 22 0.31436306 
993 231 6 9 0.18990967 
959 222 8 11 0.10570485 
1006 215 8 12 0.08786627 
982 221 7 9 0.07341817 
990 255 7 9 0.07249397 
997 231 7 9 0.05856367 
970 239 8 9 0.05180997 
932 493 17 20 0.05002414 
985 254 7 10 0.04671555 
1012 307 9 16 0.045556907 
985 230 7 9 0.044707887 
984 248 7 9 0.044702347 
961 216 7 9 0.04464496 
999 246 9 11 0.04444677 
970 231 7 9 0.042519107 
920 62 8 10 0.04208919 
978 216 7 9 0.041603968 
390 398 36 45 0.041516658 
991 263 7 9 0.04141488 
1006 271 8 10 0.038830675 
1015 262 8 10 0.03534746 
983 279 9 11 0.034981787 
998 239 8 10 0.03391891 
967 214 7 9 0.033421088 
659 133 7 9 0.032208677 
936 72 7 10 0.032104976 
1005 276 8 10 0.032004356 
640 109 7 9 0.031876408 
993 237 8 10 0.03151779 
2 235 14 19 0.031305853 
975 232 7 9 0.03127994 
905 73 7 9 0.03126806 
974 238 7 9 0.031174319 
969 209 6 9 0.030923547 
300 407 22 28 0.03075274 
1014 239 7 11 0.030498063 
1013 28 9 13 0.029970368 
720 379 25 41 0.029662468 
239 441 8 9 0.029259972 
993 226 7 9 0.028604494 
200 495 11 12 0.028580675 
1001 263 7 9 0.02798856 
991 269 8 9 0.027593687 
208 468 10 12 0.026837992 
1008 247 7 10 0.026226511 
3 216 13 17 0.026086936 
688 373 12 13 0.025843838 
275 426 14 20 0.025786962 
975 253 10 12 0.025661513 
1003 87 8 10 0.025439596 
991 248 8 9 0.02538464 
634 119 8 8 0.02537893 
984 239 8 10 0.024580387 
974 453 14 19 0.024237726 
221 437 9 11 0.023931557 
704 423 10 13 0.023851275 
255 440 9 10 0.023790602 
775 440 7 9 0.023644436 
1001 253 8 11 0.023362475 
1015 255 7 11 0.023345893 
26 534 9 11 0.02323985 
657 128 8 10 0.023091672 
948 434 13 16 0.023031417 
692 371 11 12 0.022852639 
15 167 8 10 0.022786923 
441 405 10 14 0.022670569 
664 135 7 9 0.022556476 
985 261 8 10 0.02236292 
952 207 7 10 0.02224905 
222 431 9 11 0.021920864 
925 518 10 12 0.021627614 
1007 254 7 10 0.021488426 
1007 263 8 10 0.021464635 
2 226 14 19 0.021248711 
974 112 9 10 0.020709293 
925 461 11 17 0.020691508 
679 425 11 13 0.020616988 
625 128 8 10 0.02036332 
42 7 30 32 0.020249823 
633 112 7 9 0.020248301 
