40_Gymnastics_Gymnastics_40_521
21
248 108 59 83 0.99950826 
318 425 61 74 0.9991498 
641 86 59 74 0.99890614 
490 314 65 92 0.9980671 
981 0 38 32 0.16799313 
375 341 38 51 0.08417626 
94 474 64 53 0.038183182 
676 234 13 17 0.03599545 
923 330 52 50 0.03193529 
674 477 28 29 0.031661663 
788 455 42 42 0.031462263 
107 484 38 28 0.029412424 
136 19 14 17 0.028884916 
61 54 8 12 0.02809598 
658 178 391 478 0.026926456 
54 50 11 13 0.026923595 
75 466 108 97 0.025904441 
78 22 10 11 0.025597032 
-115 368 409 410 0.022949204 
222 552 43 58 0.02089873 
221 459 14 16 0.0206717 
