40_Gymnastics_Gymnastics_40_364
40
553 1230 136 97 0.9967853 
537 1135 166 237 0.3131865 
961 961 30 38 0.24054214 
730 1209 24 32 0.1318317 
849 1426 45 55 0.12976024 
969 1168 23 30 0.12962711 
816 7 64 80 0.10144935 
39 604 249 277 0.07843667 
-91 513 367 442 0.06288634 
819 1330 16 19 0.05325765 
43 1282 15 18 0.047930397 
359 1385 47 61 0.040954933 
996 1238 27 41 0.04026682 
370 1422 48 61 0.039325405 
595 1209 85 81 0.037928525 
869 657 151 194 0.03776868 
639 469 332 472 0.036266956 
82 1295 18 23 0.036149703 
24 737 17 20 0.03606584 
915 1264 34 39 0.033959042 
895 935 34 46 0.027548732 
632 1225 48 38 0.027419588 
879 934 56 74 0.025517339 
7 658 158 188 0.02513895 
907 945 45 63 0.024458751 
945 947 41 58 0.024073083 
372 1450 46 58 0.024047315 
386 1452 28 35 0.024046402 
355 1286 36 42 0.023455143 
134 1300 16 20 0.022540167 
667 1190 423 501 0.022178497 
726 582 119 162 0.022077337 
760 1305 19 20 0.021183992 
871 1318 25 32 0.02093427 
905 1239 49 58 0.020846525 
381 743 18 23 0.02061154 
807 1198 14 18 0.020540189 
958 1166 25 32 0.020478759 
494 1379 199 251 0.02040708 
7 478 35 47 0.02036685 
