51_Dresses_wearingdress_51_451
27
384 213 183 237 0.9997303 
217 683 393 488 0.28305513 
-44 185 455 504 0.15133384 
353 716 224 239 0.13838616 
409 746 107 111 0.1322223 
5 710 105 165 0.08891598 
639 349 373 463 0.064434 
518 769 59 70 0.052425206 
303 856 242 359 0.049796414 
966 1171 22 29 0.04701434 
485 733 108 119 0.039291095 
535 811 466 449 0.037332922 
396 633 212 224 0.036702104 
609 996 280 278 0.035081416 
534 47 379 467 0.03496321 
520 702 12 14 0.03355306 
430 689 122 148 0.03312277 
244 31 379 494 0.03309748 
524 563 376 489 0.031060718 
989 26 10 13 0.027754072 
494 666 189 289 0.025251983 
543 136 41 45 0.024596894 
-38 293 201 298 0.02409718 
45 202 207 291 0.023806859 
2 532 51 83 0.022266649 
79 12 355 466 0.021860167 
-7 122 104 155 0.021286285 
