51_Dresses_wearingdress_51_445
49
350 306 79 100 0.98748606 
184 324 74 103 0.98556757 
861 308 80 99 0.98172337 
354 667 27 31 0.1815803 
128 1052 36 34 0.08082741 
984 710 13 17 0.075200066 
418 707 31 35 0.06612338 
294 760 26 28 0.056136727 
475 657 463 475 0.056096785 
134 854 26 29 0.054682788 
806 809 29 35 0.054293122 
955 927 31 41 0.049739346 
157 19 41 47 0.04547231 
200 827 15 20 0.04479108 
252 802 26 28 0.04272856 
441 758 31 36 0.040856 
492 783 28 32 0.040056307 
133 253 496 517 0.039867807 
498 754 13 15 0.03977686 
396 47 85 104 0.038572866 
221 754 14 20 0.03724102 
991 562 29 61 0.03618796 
262 842 12 14 0.03577789 
197 772 14 18 0.03571545 
253 704 30 35 0.035568558 
168 880 15 19 0.033921342 
236 1007 27 37 0.033423275 
429 747 35 40 0.032002825 
176 44 51 56 0.028381413 
477 756 49 66 0.02721599 
441 754 48 62 0.026453614 
452 770 15 18 0.02620707 
143 743 21 29 0.025884349 
302 724 11 13 0.024453387 
216 758 30 38 0.02433443 
701 527 83 112 0.02382347 
873 759 54 70 0.023150407 
175 756 26 31 0.022824708 
227 757 17 21 0.02255295 
397 807 15 18 0.022127938 
164 867 22 25 0.022106566 
212 793 32 37 0.021139095 
367 672 17 21 0.020885484 
770 819 14 19 0.020787876 
190 820 27 30 0.020742197 
701 639 36 40 0.020602487 
202 774 27 31 0.020242974 
186 766 24 29 0.020189676 
501 502 29 40 0.020084577 
