51_Dresses_wearingdress_51_606
91
622 82 111 148 0.9999621 
256 227 97 120 0.99975127 
406 228 14 18 0.96175426 
204 178 16 21 0.21223982 
485 237 15 20 0.19141896 
400 284 11 13 0.13970663 
172 24 21 29 0.13636261 
858 92 9 12 0.11259236 
202 217 44 56 0.09464869 
233 6 18 19 0.08533255 
440 247 10 12 0.07546654 
392 256 9 11 0.07229963 
476 235 15 18 0.068320036 
397 254 8 11 0.06738928 
173 253 11 15 0.06661126 
469 234 13 18 0.06658682 
936 148 9 12 0.05911237 
146 76 15 20 0.05813674 
463 262 11 14 0.052535046 
377 238 9 10 0.05030124 
360 244 13 16 0.048586775 
154 791 209 292 0.046509705 
1007 28 10 13 0.04447411 
692 1190 27 32 0.044290606 
195 -2 26 25 0.04352735 
959 144 10 11 0.042499125 
527 234 11 14 0.042119324 
423 279 11 13 0.04158675 
167 258 10 14 0.039828453 
404 280 11 12 0.039425086 
386 218 14 19 0.039097995 
824 333 43 57 0.038981892 
99 117 13 17 0.038932443 
968 120 9 11 0.03807793 
451 206 17 20 0.037580878 
886 133 9 11 0.03699583 
985 261 11 14 0.036531456 
547 236 17 23 0.035981037 
860 88 10 13 0.035326052 
391 248 9 11 0.03488744 
389 569 358 472 0.034797765 
795 269 12 17 0.034602668 
482 190 22 30 0.033440683 
146 56 14 20 0.03308209 
415 261 10 12 0.03296554 
416 270 9 10 0.032897826 
422 246 11 13 0.032685425 
415 277 10 12 0.032383695 
918 134 8 10 0.031119738 
452 243 15 17 0.030288674 
847 102 8 10 0.029582558 
421 271 9 11 0.029545736 
847 96 8 10 0.028536633 
461 241 14 18 0.027711477 
872 102 8 11 0.027512398 
958 104 9 11 0.027428264 
998 4 10 12 0.027361676 
478 193 15 21 0.026812624 
188 183 10 13 0.026549058 
382 201 15 19 0.0251429 
421 251 12 14 0.025045179 
113 246 8 11 0.025027944 
429 252 9 12 0.02498675 
354 613 121 164 0.024905816 
444 250 11 13 0.023976939 
937 109 9 10 0.0237729 
205 233 15 19 0.02374023 
863 101 9 11 0.023699466 
439 308 11 14 0.023520928 
430 190 12 17 0.02346144 
895 120 9 10 0.023454051 
945 166 10 13 0.023400769 
896 137 7 9 0.02306259 
843 241 27 28 0.02285212 
952 119 8 10 0.022657048 
976 104 8 10 0.022410614 
838 121 13 16 0.022149263 
969 125 9 11 0.022131464 
142 255 10 12 0.02183171 
420 239 12 13 0.021753082 
950 160 9 12 0.021232098 
415 246 9 11 0.021156399 
174 96 10 14 0.021119919 
205 193 14 18 0.021028146 
141 59 21 34 0.020969536 
996 182 10 12 0.020924808 
428 278 9 13 0.020685215 
944 135 8 10 0.02040708 
175 101 12 16 0.020171503 
823 1165 33 34 0.020062976 
8 84 28 43 0.020040613 
