51_Dresses_wearingdress_51_830
39
933 36 29 39 0.9989574 
563 25 63 86 0.99746656 
998 19 21 34 0.87800175 
257 10 105 67 0.8777716 
819 16 59 66 0.36411554 
838 28 58 73 0.23698248 
856 54 48 68 0.0722082 
855 18 33 36 0.069899224 
523 248 48 59 0.06879829 
377 609 30 37 0.050100643 
796 24 33 43 0.047026604 
482 120 41 53 0.042645916 
278 605 22 30 0.04235957 
196 668 14 17 0.039549254 
899 58 28 36 0.03590502 
79 207 133 142 0.035809923 
198 631 25 32 0.03574953 
96 429 368 478 0.03421629 
872 76 46 57 0.033652764 
875 44 43 63 0.0321005 
511 168 12 17 0.029136647 
538 169 44 49 0.02872371 
764 307 14 18 0.028639156 
917 26 25 31 0.028529914 
198 641 15 19 0.027626254 
103 121 206 272 0.027377946 
268 591 39 49 0.026977759 
790 345 18 21 0.025853813 
900 102 13 16 0.024731975 
872 24 19 23 0.023655517 
822 14 35 39 0.023300711 
565 237 47 58 0.02322001 
777 13 190 214 0.022666417 
892 99 27 32 0.02232667 
900 528 26 33 0.021637721 
516 169 12 15 0.021090383 
253 194 143 189 0.020691676 
546 155 37 41 0.020274846 
371 613 18 21 0.020186597 
