51_Dresses_wearingdress_51_633
125
427 103 115 139 0.99992 
37 1058 38 46 0.6325152 
627 223 15 21 0.26261327 
384 280 213 276 0.14206848 
372 12 12 16 0.13222201 
671 0 67 79 0.12364585 
63 910 21 29 0.111688174 
669 221 14 18 0.10720386 
17 727 107 151 0.08360708 
16 968 21 30 0.080943376 
82 403 9 12 0.07597496 
24 63 9 11 0.07480733 
222 880 13 17 0.068816505 
169 807 28 37 0.0663233 
56 1013 29 35 0.06440309 
661 112 17 22 0.063799724 
213 1021 53 58 0.06020007 
62 408 10 12 0.06019836 
157 96 9 11 0.058366276 
45 915 16 21 0.058157068 
63 74 9 13 0.05440288 
103 87 8 10 0.052759018 
429 15 17 21 0.052733887 
667 187 14 16 0.04725671 
48 21 7 9 0.045706186 
3 963 26 36 0.045673247 
232 794 15 20 0.04546225 
13 187 10 12 0.044868365 
99 1036 45 57 0.043026138 
182 854 17 23 0.04131735 
677 262 13 17 0.04062486 
63 41 7 9 0.040048808 
1 498 12 20 0.039307576 
103 381 11 13 0.03897036 
723 533 17 20 0.03879354 
216 836 11 15 0.038438145 
109 496 8 10 0.037780263 
394 0 15 13 0.036809776 
662 245 11 14 0.036374114 
86 46 10 13 0.036042396 
36 1064 56 67 0.035989624 
397 69 9 12 0.03545509 
713 518 31 36 0.033805512 
159 812 27 37 0.032978937 
28 966 24 32 0.032740917 
356 120 12 17 0.03185301 
101 54 8 10 0.031614695 
97 16 8 11 0.03141131 
7 433 8 10 0.030749848 
10 56 8 10 0.030617237 
90 740 101 128 0.030245649 
795 533 16 20 0.029985532 
168 854 24 29 0.029656883 
164 790 46 63 0.028464807 
38 918 19 27 0.02821611 
64 46 7 9 0.028061055 
184 806 18 25 0.027809601 
137 77 9 11 0.027713416 
40 1032 50 63 0.027148746 
570 81 14 19 0.027019016 
54 6 8 9 0.026858961 
25 57 7 9 0.0262244 
169 77 10 12 0.02617707 
2 395 11 16 0.026162192 
185 845 25 37 0.026134785 
126 16 8 10 0.026106585 
53 23 8 10 0.02602973 
87 366 10 13 0.025835473 
223 72 10 12 0.025807261 
419 10 28 36 0.02553411 
745 228 10 12 0.025257647 
868 433 15 18 0.025256086 
25 31 7 10 0.025158871 
137 15 8 10 0.02503007 
827 113 56 67 0.02470608 
128 88 9 11 0.024683475 
135 31 8 9 0.024614545 
136 551 9 12 0.024524469 
153 118 8 10 0.024441276 
118 81 9 11 0.024357542 
168 735 11 14 0.02435694 
97 54 8 11 0.024174651 
102 47 9 10 0.024092987 
166 859 14 17 0.024078975 
121 23 8 9 0.024073988 
375 46 10 12 0.024073353 
208 88 9 10 0.024050193 
14 56 7 9 0.023815667 
134 527 9 12 0.023203377 
53 158 10 12 0.023141498 
111 81 9 10 0.023095533 
230 110 9 11 0.022966914 
1005 181 8 11 0.022694997 
43 406 11 13 0.022608927 
684 54 10 12 0.022280142 
263 1015 29 31 0.022246685 
168 549 10 12 0.022199448 
127 7 7 9 0.022154968 
101 946 21 30 0.022058073 
386 -2 24 23 0.02178799 
142 510 10 12 0.021780197 
85 95 8 10 0.021778928 
634 112 24 28 0.021709124 
112 31 8 11 0.021604111 
143 47 8 9 0.021518597 
9 990 42 55 0.021351822 
163 863 23 29 0.021227717 
67 406 12 13 0.021170663 
46 423 15 18 0.02115024 
794 602 13 17 0.021140859 
0 431 7 11 0.021117225 
29 31 8 9 0.021058165 
176 122 9 11 0.020838914 
86 79 9 11 0.02081889 
90 787 15 20 0.020672482 
702 480 103 108 0.020636102 
127 497 11 15 0.020597918 
81 39 7 9 0.020570025 
904 285 47 59 0.020544171 
55 255 10 14 0.020481504 
523 63 16 20 0.020372279 
24 451 14 17 0.020231444 
213 907 25 30 0.020200584 
41 61 10 12 0.020146506 
46 31 8 10 0.02009151 
