51_Dresses_wearingdress_51_398
48
400 232 375 459 0.99954504 
196 920 382 483 0.5660929 
178 1019 13 17 0.063491486 
38 861 13 15 0.06329191 
178 1012 13 16 0.05128054 
38 762 12 14 0.043518767 
174 1036 10 14 0.04341025 
46 979 20 27 0.04087983 
37 461 14 18 0.04084168 
29 861 14 17 0.037270702 
312 1376 39 44 0.03558195 
175 1026 13 16 0.034527756 
207 1026 12 15 0.03383295 
12 764 10 13 0.033308946 
181 1034 13 16 0.032792855 
85 996 13 17 0.03236586 
175 1002 15 18 0.031025205 
-22 1160 436 500 0.030449446 
188 994 15 18 0.030388255 
45 852 13 17 0.030126398 
75 965 15 18 0.028660625 
188 1029 11 13 0.028340993 
150 1022 11 14 0.027875653 
200 1028 10 13 0.027233494 
54 836 12 15 0.026872959 
95 762 15 20 0.026095867 
36 1075 64 75 0.025819955 
111 1005 12 15 0.025156919 
166 990 11 14 0.02506274 
12 841 14 17 0.024921818 
158 995 11 14 0.02439709 
67 852 14 19 0.02415792 
45 819 13 17 0.023957998 
32 788 11 15 0.023708723 
23 865 14 17 0.023540145 
46 883 12 15 0.023043483 
363 898 385 503 0.022332568 
222 998 11 14 0.021996431 
168 1036 11 15 0.02185109 
315 1393 43 53 0.02181536 
156 1071 21 25 0.021770516 
154 1028 13 16 0.021343384 
156 1022 10 13 0.021214249 
118 980 12 15 0.021163354 
126 958 10 13 0.021160355 
144 1027 11 15 0.020813331 
61 781 13 17 0.02074639 
174 1044 10 13 0.020300614 
