51_Dresses_wearingdress_51_414
21
192 88 94 118 0.99979085 
333 117 65 83 0.9991279 
420 54 60 79 0.99864 
695 86 82 109 0.99803823 
80 109 59 86 0.9976156 
0 130 74 101 0.9969121 
12 59 67 82 0.9967691 
379 43 44 65 0.9917794 
492 5 144 251 0.98599017 
135 0 55 38 0.83465564 
397 46 54 74 0.25431338 
249 0 51 42 0.10157336 
43 82 70 95 0.0829493 
725 1045 32 28 0.06848786 
309 104 49 68 0.04544152 
582 272 46 56 0.0327841 
203 525 17 18 0.029072467 
505 413 42 59 0.027249958 
3 87 77 105 0.026536124 
121 336 423 532 0.024756791 
34 258 381 467 0.024087345 
