51_Dresses_wearingdress_51_77
36
410 239 22 28 0.9525019 
801 53 191 246 0.3668924 
148 297 16 19 0.16233152 
523 314 171 246 0.13134038 
797 103 109 129 0.08081725 
743 147 26 42 0.078305036 
777 145 51 51 0.056633275 
876 98 143 157 0.051756706 
164 334 12 16 0.05101977 
565 298 119 138 0.0441323 
557 112 9 11 0.040523592 
201 294 10 12 0.03466127 
141 302 18 19 0.03465642 
271 133 389 463 0.033761702 
-18 -15 409 496 0.032866593 
44 49 213 298 0.030239677 
501 85 8 11 0.028543994 
813 156 12 16 0.027794825 
411 134 14 16 0.027626479 
804 143 28 38 0.026813094 
802 135 56 65 0.02513021 
427 203 343 454 0.025086546 
50 199 35 42 0.025056513 
372 107 16 19 0.024742987 
542 93 8 11 0.0240987 
557 393 116 136 0.023896478 
136 325 27 32 0.0234887 
779 163 33 44 0.023254965 
731 598 57 66 0.022298157 
781 126 30 33 0.021882622 
140 292 19 22 0.021664832 
413 271 17 18 0.021561429 
482 175 16 20 0.021471718 
121 279 101 129 0.021461736 
406 235 17 26 0.020936053 
139 306 26 30 0.020069368 
