51_Dresses_wearingdress_51_13
17
286 216 276 341 0.9997814 
267 688 375 435 0.17989813 
352 804 241 262 0.13075554 
409 482 449 505 0.112666346 
199 714 227 290 0.056079615 
832 1078 28 40 0.054278545 
643 606 241 302 0.04253106 
377 1342 27 32 0.04224729 
417 1351 32 38 0.03477676 
678 938 95 117 0.03477417 
700 968 63 70 0.031879276 
606 522 125 116 0.025726665 
568 496 447 381 0.024765186 
276 1346 48 55 0.02430312 
977 1091 12 16 0.022305654 
311 993 380 509 0.022131907 
645 977 61 67 0.0211153 
