51_Dresses_wearingdress_51_388
35
601 323 173 223 0.998796 
361 137 81 71 0.59451556 
123 224 27 39 0.12050139 
8 599 47 61 0.095218584 
22 84 417 550 0.09104084 
27 135 17 20 0.07632883 
168 503 109 164 0.069323644 
89 217 31 41 0.06336123 
-1 442 23 34 0.05768414 
599 98 326 440 0.056570284 
102 214 38 48 0.042841785 
0 117 11 17 0.03836204 
22 423 29 39 0.03790613 
195 317 109 132 0.035776436 
347 107 57 65 0.032935154 
494 365 16 17 0.029173512 
143 280 14 21 0.02905283 
752 143 226 312 0.02900824 
127 192 16 19 0.027705027 
1 169 17 23 0.026839262 
244 37 124 114 0.026118444 
368 76 88 122 0.025155755 
102 150 13 15 0.025144098 
359 168 44 45 0.025045145 
319 142 131 107 0.024473134 
29 177 23 28 0.024251053 
0 450 13 21 0.023159992 
346 47 154 214 0.022327913 
184 450 17 21 0.021943588 
21 142 16 19 0.021691648 
330 87 61 67 0.020687185 
379 182 205 224 0.020572688 
116 471 220 270 0.020561757 
380 151 41 51 0.020532206 
220 225 28 40 0.020115523 
