51_Dresses_wearingdress_51_464
77
389 225 266 342 0.999678 
19 381 141 172 0.99935013 
741 417 64 76 0.9912469 
894 389 25 33 0.87232167 
704 361 26 32 0.8186421 
785 272 24 29 0.6204018 
847 518 52 77 0.537642 
910 445 26 34 0.3175067 
991 311 29 40 0.31087053 
352 629 391 387 0.26717737 
51 1066 81 70 0.253999 
183 970 132 143 0.24406657 
614 489 52 90 0.24304162 
153 941 218 254 0.19120367 
115 1083 474 450 0.15189803 
804 324 22 30 0.13148217 
1001 425 23 55 0.11519421 
609 1145 174 248 0.111087345 
835 444 35 49 0.108592704 
837 427 36 45 0.1079297 
909 508 43 60 0.08537762 
990 442 35 73 0.07641717 
707 422 84 112 0.06371908 
918 452 26 36 0.06308796 
632 485 66 95 0.058692552 
796 375 43 55 0.052434184 
967 372 43 56 0.050943635 
930 427 38 52 0.05059682 
994 608 29 40 0.04900466 
761 381 52 58 0.048796322 
49 909 410 457 0.048778966 
810 317 17 19 0.04790014 
890 397 40 50 0.040700547 
987 385 35 43 0.040146776 
780 371 44 51 0.03907075 
955 537 44 54 0.037436254 
706 386 25 33 0.035295676 
861 521 86 110 0.03386732 
776 261 38 47 0.032880716 
952 300 32 40 0.03208483 
946 317 34 44 0.030919531 
581 463 93 134 0.030727474 
224 797 392 494 0.029560657 
239 431 67 88 0.028763933 
818 392 42 56 0.028578749 
876 510 42 70 0.028318977 
232 145 106 121 0.028042598 
837 519 41 60 0.027566925 
920 427 30 38 0.02731829 
834 408 33 46 0.027160978 
751 446 62 87 0.026879197 
792 248 29 34 0.026237344 
61 1002 68 54 0.026027398 
902 426 30 39 0.026009865 
35 1024 107 81 0.025748776 
1013 13 12 19 0.025709348 
981 419 40 71 0.02568744 
982 554 16 23 0.025664376 
971 312 40 52 0.025496822 
890 484 76 104 0.025439827 
999 300 29 42 0.025255146 
838 467 33 41 0.025194082 
986 651 13 18 0.02460921 
719 396 27 34 0.024132743 
635 508 93 116 0.0238766 
922 574 46 59 0.02359418 
817 503 87 116 0.023516927 
0 1044 70 74 0.02256254 
1004 318 21 41 0.022289906 
792 316 39 50 0.021850845 
966 531 14 18 0.021798665 
710 354 22 26 0.021501841 
885 472 29 35 0.021263 
945 391 49 64 0.02108256 
985 295 30 40 0.020814022 
1010 434 15 34 0.02073632 
178 983 92 85 0.020101268 
