26_Soldier_Drilling_Soldiers_Drilling_26_689
31
327 145 87 134 0.99575835 
245 113 63 85 0.97528446 
630 207 23 30 0.9608507 
395 171 56 91 0.33716896 
128 146 22 29 0.20593701 
166 161 21 32 0.14322564 
559 411 18 21 0.068094835 
391 107 29 42 0.058318757 
259 123 85 112 0.05767851 
413 23 17 21 0.03875644 
131 162 29 34 0.035922255 
597 323 15 20 0.035740517 
627 209 38 50 0.034765366 
83 285 25 30 0.03405699 
136 147 26 31 0.032268513 
72 289 24 28 0.03176525 
-5 332 80 115 0.030907989 
-2 353 49 72 0.028301017 
239 142 60 96 0.028297668 
72 301 34 36 0.026959598 
422 204 50 75 0.026258873 
639 248 24 32 0.024974078 
132 177 30 35 0.024823729 
390 198 31 47 0.024684504 
421 4 18 19 0.024512313 
151 163 32 37 0.023676325 
418 0 29 32 0.02304321 
468 249 48 60 0.021719392 
46 310 58 53 0.021292564 
225 114 50 77 0.020586729 
364 164 62 97 0.020233694 
