26_Soldier_Drilling_Soldiers_Drilling_26_184
17
416 307 94 128 0.9986047 
604 565 377 466 0.11836937 
113 1026 416 477 0.06549155 
37 882 420 467 0.0645604 
755 730 121 173 0.060649212 
694 656 210 301 0.05891055 
315 1126 402 441 0.052672416 
363 482 481 599 0.04523516 
154 4 194 225 0.044009645 
766 1293 23 35 0.030801177 
415 1239 243 280 0.027257646 
227 26 98 151 0.024695564 
502 1351 130 144 0.022926314 
277 49 384 535 0.022818752 
326 701 69 72 0.02246318 
611 1336 30 30 0.021922855 
891 1281 30 33 0.02174594 
