26_Soldier_Drilling_Soldiers_Drilling_26_610
24
590 55 55 67 0.99793625 
275 153 348 394 0.25282642 
55 23 193 175 0.16170825 
846 218 29 35 0.13673286 
127 -5 195 199 0.08048115 
74 247 31 39 0.076141044 
424 175 361 408 0.07590192 
296 237 37 43 0.07578249 
210 33 117 133 0.0660916 
60 295 24 30 0.062395815 
368 32 110 144 0.060841892 
584 -76 421 436 0.051201586 
544 60 40 55 0.045875832 
941 147 81 169 0.04482552 
656 63 52 57 0.040369928 
356 175 32 34 0.039974503 
876 186 16 20 0.02767958 
-2 11 188 259 0.025320102 
456 115 27 32 0.024815781 
477 48 30 42 0.02427977 
516 53 377 412 0.023724083 
560 32 50 60 0.021344868 
844 209 51 55 0.020955365 
892 146 13 15 0.02045162 
