26_Soldier_Drilling_Soldiers_Drilling_26_345
74
663 183 27 34 0.96681356 
163 194 24 28 0.8950743 
469 189 26 35 0.79768914 
854 192 31 35 0.71668905 
451 235 15 19 0.23163314 
294 273 11 15 0.1408382 
347 199 23 26 0.1301442 
827 223 29 38 0.11783389 
480 236 12 15 0.11179877 
637 215 8 10 0.09326833 
436 262 15 19 0.08373091 
854 195 16 20 0.081948094 
162 187 18 23 0.07864008 
864 241 12 16 0.057367906 
383 240 10 11 0.054842215 
677 233 45 48 0.05353418 
453 223 22 29 0.052720167 
294 254 8 10 0.052069247 
828 265 11 16 0.050258137 
828 231 16 21 0.0499461 
836 209 37 51 0.049341682 
168 224 13 16 0.049279045 
147 245 10 13 0.04760794 
160 182 12 18 0.04713516 
386 251 14 17 0.04502131 
837 357 36 65 0.044703007 
690 298 12 15 0.04356492 
479 233 26 28 0.04278826 
834 227 17 23 0.04176111 
655 245 13 17 0.039680593 
629 252 49 52 0.038934298 
144 239 10 15 0.036792293 
834 240 29 35 0.035583895 
854 207 29 36 0.03480234 
167 254 12 15 0.034258686 
448 318 10 13 0.034144882 
164 242 11 14 0.032345075 
385 245 11 13 0.032255683 
480 244 48 46 0.03208846 
430 261 15 18 0.03189563 
859 214 18 22 0.03184347 
163 216 25 28 0.031800397 
474 219 24 30 0.03159886 
488 237 30 31 0.031570897 
661 179 16 24 0.030441549 
413 245 10 14 0.028328495 
715 213 13 14 0.025716288 
601 253 9 13 0.025588933 
513 328 12 15 0.025581773 
708 211 13 14 0.025240691 
831 250 12 15 0.024860017 
129 250 43 62 0.024325425 
333 303 9 11 0.024101947 
427 252 26 29 0.02389508 
345 305 7 9 0.0238699 
318 294 8 9 0.023378948 
60 176 219 238 0.023282055 
364 245 10 12 0.023175951 
694 228 31 37 0.022849735 
304 361 12 18 0.02270125 
852 224 14 19 0.022241862 
858 225 24 31 0.0221021 
347 213 18 20 0.021937408 
616 271 8 10 0.021855535 
653 234 23 29 0.021459304 
896 227 30 31 0.021458624 
156 180 37 48 0.021363994 
348 189 16 19 0.021357574 
842 226 16 21 0.021347936 
630 265 26 33 0.021271555 
679 226 11 14 0.020738475 
823 267 13 19 0.020549392 
862 297 12 16 0.02018771 
905 230 17 18 0.02015738 
