26_Soldier_Drilling_Soldiers_Drilling_26_9
19
620 212 25 30 0.9976937 
507 221 29 41 0.98977125 
658 257 23 30 0.15517923 
642 204 17 22 0.07967303 
673 258 12 15 0.0768565 
667 259 15 19 0.063653305 
552 201 23 29 0.047792368 
538 207 26 31 0.036919083 
526 202 15 16 0.034924753 
498 213 30 39 0.030782787 
540 203 13 16 0.028813355 
235 202 14 18 0.02861456 
518 235 30 34 0.025326904 
634 211 23 30 0.02481884 
477 436 53 64 0.024771824 
525 200 24 28 0.02387684 
648 248 41 49 0.020962752 
510 203 13 15 0.02038621 
555 214 17 21 0.020253196 
