26_Soldier_Drilling_Soldiers_Drilling_26_619
99
460 213 30 39 0.99471277 
816 245 25 26 0.9757981 
648 444 54 63 0.5566283 
212 151 14 18 0.34840596 
766 298 25 27 0.3161907 
677 315 14 19 0.29483327 
375 247 26 31 0.25270286 
114 252 22 26 0.20451166 
755 306 27 29 0.20015572 
132 253 16 21 0.19586524 
56 241 24 28 0.1882627 
893 373 15 18 0.16864315 
67 242 15 21 0.13753425 
363 241 42 53 0.11610963 
5 230 22 33 0.088548645 
190 409 11 12 0.08600163 
982 101 14 16 0.0733357 
718 362 10 14 0.06660771 
260 512 10 12 0.0645478 
289 496 8 10 0.06230691 
564 102 14 17 0.058189787 
636 241 12 15 0.053671643 
755 300 19 20 0.050660636 
864 310 10 11 0.047555614 
296 496 8 11 0.046386473 
937 358 19 21 0.04474317 
724 352 24 31 0.043489292 
110 250 15 20 0.042838518 
411 335 18 22 0.04129556 
116 247 15 18 0.040681783 
999 89 12 17 0.04022822 
170 127 24 29 0.039839283 
239 505 9 10 0.03869389 
831 249 18 20 0.038448002 
775 382 24 31 0.038152404 
750 315 28 35 0.037702307 
599 149 14 16 0.037525035 
505 31 11 14 0.03717422 
708 245 13 17 0.03684789 
301 500 8 9 0.035981447 
702 249 13 16 0.035426937 
771 284 15 16 0.03489529 
615 118 14 16 0.03487254 
279 521 9 10 0.034690898 
588 107 12 14 0.034527756 
215 528 10 13 0.033830076 
981 88 23 30 0.033621423 
195 123 13 15 0.033440623 
926 395 13 16 0.03319706 
25 184 184 275 0.032377854 
698 326 24 29 0.031835902 
327 510 9 11 0.031050853 
104 252 12 18 0.028898887 
111 275 11 14 0.028789965 
689 97 460 483 0.028126022 
289 501 9 10 0.028068965 
445 212 26 33 0.027903957 
328 486 8 10 0.02775884 
272 503 9 10 0.027629727 
-29 83 332 452 0.027443008 
277 502 8 10 0.027399713 
901 335 15 16 0.027123874 
141 410 13 12 0.026908606 
256 503 8 9 0.026537081 
805 247 16 19 0.025936835 
812 347 17 19 0.02552264 
971 375 30 35 0.025509028 
858 338 18 19 0.025420066 
62 199 21 27 0.025349122 
182 303 23 28 0.025340868 
848 372 11 12 0.025328346 
965 370 14 18 0.02530492 
272 484 9 11 0.025276745 
197 156 12 16 0.02524239 
202 437 9 10 0.02459979 
982 69 11 14 0.02453121 
187 148 12 17 0.024254376 
959 425 12 15 0.024115408 
111 267 13 17 0.023985703 
157 440 10 12 0.023907475 
280 495 8 10 0.023641348 
768 322 34 39 0.023390856 
206 138 23 28 0.023355447 
271 528 9 10 0.023049897 
965 370 25 32 0.02284136 
240 464 9 10 0.022615302 
294 479 7 10 0.02251473 
289 144 25 31 0.022168033 
961 356 24 30 0.021851555 
953 431 26 38 0.021442994 
417 -5 417 563 0.021345172 
494 48 14 15 0.021304606 
278 510 7 9 0.021003848 
966 319 9 12 0.020853559 
775 302 26 28 0.020808594 
233 520 8 11 0.020376736 
245 527 11 13 0.020296302 
418 333 13 17 0.02016662 
846 366 11 12 0.020090329 
