26_Soldier_Drilling_Soldiers_Drilling_26_893
26
465 82 37 58 0.48393235 
54 480 29 32 0.092388414 
421 83 29 44 0.083091766 
422 420 71 90 0.07839658 
109 463 17 22 0.07815856 
128 445 11 12 0.05738853 
725 424 96 137 0.05730577 
239 331 98 133 0.05181196 
367 378 34 39 0.041988548 
994 12 30 54 0.040455133 
656 437 105 151 0.039960526 
302 538 28 30 0.034583624 
123 480 33 45 0.032643754 
703 474 29 41 0.030138796 
51 492 29 35 0.028874034 
420 94 45 60 0.027481204 
54 482 17 19 0.027301703 
253 273 35 44 0.02701009 
377 394 84 110 0.024492001 
85 183 363 399 0.024109228 
60 477 18 21 0.022579845 
264 370 101 116 0.02197612 
430 268 356 473 0.02180971 
127 450 14 18 0.021643434 
691 461 64 91 0.021295648 
422 445 110 120 0.021108743 
