26_Soldier_Drilling_Soldiers_Drilling_26_245
48
291 348 91 102 0.99843115 
795 517 42 41 0.99470055 
151 258 22 28 0.8530947 
751 438 15 19 0.4283369 
589 281 13 17 0.13382658 
553 591 47 51 0.09978809 
790 456 17 21 0.07364147 
972 95 12 14 0.06920697 
248 402 13 19 0.06880621 
978 348 12 15 0.06848051 
617 264 11 13 0.067839414 
923 157 13 17 0.06614991 
912 35 11 16 0.049244393 
1000 244 8 12 0.04827823 
795 441 16 18 0.046597965 
115 234 15 22 0.046409786 
1013 344 9 17 0.04483839 
735 442 11 15 0.041454002 
596 290 12 17 0.04129405 
976 252 9 13 0.039896764 
786 461 28 32 0.03439851 
142 264 25 27 0.03389311 
1006 242 11 14 0.032938953 
961 239 9 11 0.032365497 
358 782 384 498 0.031842623 
789 444 23 27 0.03097858 
992 239 8 11 0.02973755 
958 95 10 12 0.029105157 
716 443 12 15 0.028913233 
814 460 13 16 0.027976448 
762 49 42 46 0.026975939 
952 239 8 10 0.026285235 
966 100 11 12 0.025888847 
142 260 17 20 0.024205087 
960 102 9 10 0.024079883 
778 465 22 30 0.023884227 
101 244 12 16 0.023560645 
109 238 16 22 0.023163417 
232 1151 59 69 0.02287303 
160 251 17 28 0.022806447 
101 308 11 15 0.022265472 
739 453 12 16 0.022250773 
985 100 9 11 0.021854958 
735 456 11 17 0.020839201 
608 261 10 13 0.020591486 
138 265 41 44 0.020538865 
772 470 18 22 0.020495674 
1012 243 11 16 0.020383703 
