26_Soldier_Drilling_Soldiers_Drilling_26_223
63
615 98 28 34 0.99903405 
719 103 34 42 0.99757177 
912 111 38 45 0.99725914 
276 111 29 34 0.9969194 
513 75 39 43 0.9908664 
383 110 26 29 0.98219544 
204 123 22 26 0.9683981 
406 93 25 33 0.96392095 
16 129 20 23 0.9508445 
128 152 16 19 0.9424153 
89 129 22 27 0.90030265 
163 140 20 22 0.82778007 
465 108 23 30 0.62524813 
396 102 27 34 0.61050475 
671 142 21 28 0.36002964 
223 240 14 19 0.27776873 
201 187 14 18 0.23989171 
343 235 12 15 0.17591381 
65 135 11 14 0.15501173 
572 235 24 32 0.14694527 
135 246 10 13 0.1441542 
316 247 13 16 0.09777675 
623 181 19 22 0.09299356 
77 177 16 21 0.09000911 
469 103 17 21 0.07281865 
680 138 14 19 0.07029591 
703 132 12 17 0.06412358 
49 244 11 15 0.062697776 
623 169 28 29 0.060055796 
439 108 20 27 0.053851854 
492 111 13 18 0.053353235 
474 104 24 30 0.050868344 
111 140 11 17 0.048071947 
211 204 11 15 0.040900357 
363 128 15 19 0.040868383 
65 135 17 22 0.040313795 
85 185 11 14 0.03980255 
461 117 32 41 0.036049526 
211 173 11 14 0.035378106 
203 200 16 19 0.034635592 
422 158 26 36 0.03201857 
157 201 13 16 0.03197414 
404 151 37 50 0.030904122 
63 144 12 17 0.030807253 
451 109 20 28 0.030478513 
485 106 22 27 0.029899582 
664 142 16 21 0.029458405 
20 174 9 13 0.02814649 
576 140 11 14 0.027971145 
54 148 11 14 0.027413983 
701 125 23 29 0.026436742 
199 127 16 20 0.026365733 
323 252 11 14 0.023830296 
154 198 11 15 0.023724044 
75 192 16 17 0.022322668 
96 141 16 21 0.02169324 
210 180 12 16 0.02135764 
668 149 29 39 0.021189447 
375 112 16 22 0.021063337 
414 256 42 49 0.020882657 
155 207 16 18 0.020413244 
94 206 9 12 0.020313025 
95 212 10 13 0.020307487 
