26_Soldier_Drilling_Soldiers_Drilling_26_405
60
854 265 22 29 0.9904469 
400 205 45 50 0.9894812 
143 350 23 28 0.98860836 
557 181 48 52 0.98806816 
134 461 28 30 0.1571192 
831 331 28 43 0.119373225 
678 447 16 24 0.092672385 
131 452 25 27 0.06769959 
983 69 9 13 0.061697975 
892 464 36 45 0.05997991 
158 472 13 17 0.05886311 
669 427 12 15 0.05210322 
965 69 11 14 0.051482785 
981 320 38 46 0.050646093 
882 253 10 13 0.05000368 
948 76 10 13 0.049389593 
977 163 11 14 0.04832175 
1015 65 8 14 0.041959878 
21 476 24 29 0.04129096 
252 410 16 20 0.041205313 
994 477 23 32 0.039392717 
242 396 13 15 0.035269774 
951 320 36 47 0.033841338 
846 335 27 38 0.03332221 
880 258 11 15 0.03314413 
886 255 10 12 0.032925583 
939 470 34 43 0.0325098 
948 70 10 13 0.031074548 
140 480 14 18 0.029611073 
215 378 23 31 0.028933045 
115 484 12 15 0.02874771 
937 334 30 39 0.027611887 
823 317 10 14 0.027330855 
903 481 31 40 0.026583139 
882 245 9 13 0.026502024 
120 466 29 32 0.026360873 
946 274 16 23 0.02590369 
149 467 23 28 0.025598552 
998 146 11 14 0.025252882 
680 198 27 44 0.02495971 
899 351 16 21 0.02418443 
953 155 14 17 0.02404346 
237 402 14 15 0.023928089 
31 464 55 65 0.023581458 
927 269 22 32 0.022634186 
964 327 38 40 0.02253795 
888 396 31 41 0.022203041 
167 460 12 16 0.02199006 
918 234 11 14 0.021932628 
922 271 18 22 0.021923175 
980 336 45 63 0.021718353 
912 235 10 14 0.021658607 
242 411 24 27 0.021517787 
867 499 12 13 0.02135516 
902 451 16 19 0.02134762 
990 216 13 15 0.021175984 
877 321 21 25 0.020896504 
595 245 445 520 0.020867273 
1000 54 10 13 0.020749057 
309 460 12 14 0.02039576 
