26_Soldier_Drilling_Soldiers_Drilling_26_934
25
482 67 88 116 0.9994887 
682 214 67 84 0.99907565 
806 534 94 153 0.99871695 
973 211 45 61 0.99842924 
144 387 80 104 0.99591464 
70 169 40 51 0.98055285 
148 138 35 44 0.93223315 
741 176 64 94 0.8788323 
708 190 63 94 0.5762981 
-3 177 23 55 0.5101632 
565 452 63 81 0.2723674 
124 211 52 60 0.24156101 
257 648 31 34 0.19590946 
744 866 46 68 0.18446541 
722 853 45 69 0.106363 
694 853 28 48 0.07983347 
593 164 29 48 0.07615173 
160 124 45 57 0.06777446 
4 52 14 20 0.045657907 
738 176 39 61 0.03321806 
729 845 76 110 0.025998319 
745 815 86 116 0.023663525 
703 646 92 109 0.023065645 
1 245 22 40 0.021439603 
715 882 33 45 0.02082161 
