26_Soldier_Drilling_Soldiers_Drilling_26_991
75
348 102 12 15 0.7601088 
305 92 12 16 0.7195611 
215 119 11 15 0.5437072 
479 97 10 13 0.4247671 
837 62 12 16 0.28300425 
702 78 9 12 0.24300416 
784 65 11 15 0.23650382 
456 -19 491 328 0.23342948 
631 84 9 12 0.19048718 
553 96 8 10 0.1291814 
229 87 10 13 0.09656425 
586 86 9 12 0.0902947 
864 95 8 10 0.0870715 
438 103 10 13 0.07741256 
245 122 9 11 0.06312045 
173 121 9 11 0.063063376 
664 77 10 14 0.057841226 
370 97 192 258 0.048272014 
296 76 11 14 0.04619247 
729 84 9 12 0.04612927 
730 80 9 11 0.045785613 
511 95 8 10 0.045064908 
352 85 9 11 0.04126984 
670 77 9 13 0.038938664 
270 95 9 12 0.037656836 
470 111 8 11 0.037528146 
225 90 10 14 0.03441524 
609 92 9 11 0.034273054 
294 82 11 14 0.034126494 
169 123 9 12 0.033876263 
273 111 9 12 0.031901725 
474 99 9 12 0.02826273 
841 65 13 17 0.02730511 
265 94 10 13 0.026980856 
272 100 9 11 0.02673303 
868 95 8 10 0.026693407 
287 93 10 13 0.026579546 
542 102 8 10 0.026565127 
207 136 8 10 0.02632563 
169 108 8 10 0.026047042 
381 61 9 12 0.025751496 
288 101 9 12 0.025613796 
168 102 9 12 0.02543687 
511 89 8 11 0.024915485 
836 72 13 16 0.024804145 
295 111 8 9 0.024423296 
835 56 13 15 0.024328947 
952 132 13 16 0.02390105 
327 53 11 14 0.023719952 
561 109 8 11 0.02352463 
752 53 9 13 0.023423327 
475 95 10 12 0.023405936 
264 110 10 13 0.023327848 
344 124 10 11 0.023178227 
264 77 9 13 0.023152677 
551 68 297 198 0.022862818 
303 111 9 10 0.02216627 
559 101 8 10 0.022152165 
870 101 8 12 0.022147268 
296 70 10 14 0.021924488 
294 119 8 10 0.021676801 
504 102 8 11 0.02164703 
512 100 8 10 0.02163208 
542 87 8 10 0.02162308 
822 66 12 17 0.021417094 
213 95 10 12 0.021208178 
687 87 8 10 0.021207873 
720 87 10 12 0.021190649 
295 151 9 12 0.021133713 
209 96 8 11 0.020983241 
475 92 19 23 0.020949317 
278 117 8 10 0.020889122 
697 83 10 12 0.020659396 
799 29 10 12 0.020655613 
946 46 10 12 0.020244947 
