26_Soldier_Drilling_Soldiers_Drilling_26_192
53
72 297 33 39 0.99781007 
641 295 29 35 0.9822075 
518 303 28 34 0.9770917 
95 406 25 30 0.90990096 
578 357 38 35 0.7563491 
410 270 25 26 0.4913662 
557 305 23 29 0.45265543 
193 412 21 29 0.41322103 
613 317 18 21 0.24305727 
219 565 14 17 0.23784564 
424 266 19 26 0.16591036 
626 340 53 46 0.1390197 
58 298 26 33 0.13784377 
191 427 21 33 0.11041776 
403 273 18 22 0.09039201 
441 226 18 26 0.07873607 
560 321 23 31 0.07669231 
576 339 28 36 0.06661228 
49 378 27 34 0.06125843 
644 291 17 27 0.054867472 
576 342 61 42 0.05242833 
218 561 23 27 0.050802022 
472 260 12 18 0.049373742 
127 604 13 16 0.04820864 
44 318 24 30 0.044488218 
220 575 16 19 0.041845936 
332 459 254 250 0.040301267 
470 264 20 27 0.040053852 
984 465 29 36 0.03995242 
54 303 17 23 0.036569342 
582 330 26 30 0.035817984 
101 394 26 36 0.035797473 
589 320 55 44 0.031273156 
369 310 33 47 0.029319422 
838 460 205 295 0.029242683 
561 554 15 18 0.02774196 
20 378 17 22 0.025908621 
252 577 13 16 0.0256871 
251 343 17 21 0.024814598 
640 299 15 24 0.023418834 
619 310 15 19 0.023403285 
216 559 12 15 0.023297952 
593 328 19 22 0.023162449 
204 605 14 19 0.022673294 
229 341 26 30 0.022394145 
266 370 416 392 0.022241397 
30 390 25 32 0.021951238 
620 319 53 48 0.02074059 
112 407 17 25 0.020559443 
222 346 23 31 0.020435067 
148 320 16 23 0.02019258 
528 301 36 42 0.020180497 
724 461 37 49 0.020098854 
