26_Soldier_Drilling_Soldiers_Drilling_26_85
82
59 352 30 41 0.99964046 
598 397 31 34 0.99862885 
217 360 28 33 0.996872 
-1 598 30 52 0.9901416 
385 381 10 13 0.90608126 
232 636 24 38 0.30259717 
383 619 31 38 0.30209 
189 419 10 13 0.15204078 
487 1064 42 36 0.09807658 
246 395 12 15 0.0945762 
489 416 9 12 0.09200656 
329 384 7 10 0.090068996 
327 389 8 9 0.08418392 
264 423 13 15 0.081873395 
69 457 26 28 0.07609627 
862 817 38 48 0.070644476 
362 406 9 12 0.06978617 
264 647 29 33 0.06640735 
436 1043 23 30 0.063503765 
275 636 22 38 0.05881857 
240 411 11 15 0.058598112 
452 1193 65 49 0.05304497 
792 15 177 267 0.048223313 
238 396 17 20 0.0480582 
370 392 7 10 0.044026155 
765 333 21 29 0.043218262 
263 405 10 13 0.043115247 
364 609 43 49 0.04196958 
374 397 10 12 0.041810777 
248 436 11 13 0.041786175 
221 639 26 41 0.039816722 
493 415 7 10 0.03928061 
382 375 17 22 0.039054558 
226 402 15 20 0.037135605 
335 389 8 11 0.03675292 
480 408 6 8 0.034752112 
6 1100 59 68 0.03366393 
252 401 13 17 0.03349747 
322 390 8 10 0.033127457 
598 622 31 39 0.032885686 
907 800 25 32 0.031937618 
382 621 52 56 0.031720974 
372 591 32 39 0.030934565 
417 392 7 9 0.030791882 
184 429 10 11 0.029710844 
859 438 12 15 0.029636716 
332 383 9 12 0.029321995 
312 411 10 15 0.02914499 
351 393 7 9 0.029012732 
268 432 12 15 0.02841321 
401 398 8 10 0.027667308 
182 438 10 12 0.027607426 
985 891 39 44 0.02714271 
427 1194 52 49 0.026356602 
479 431 7 10 0.026330225 
408 406 8 10 0.026281014 
405 1031 413 490 0.025071437 
194 406 9 11 0.024628403 
351 397 7 10 0.02458989 
388 385 10 13 0.024476936 
936 771 93 129 0.02409596 
142 561 204 244 0.02388705 
374 390 9 12 0.02362019 
261 727 42 42 0.023504488 
489 391 7 10 0.023315791 
431 390 7 9 0.023190755 
399 391 8 11 0.023028163 
343 392 8 9 0.022544947 
449 425 7 9 0.022421533 
263 411 10 12 0.022383839 
-1 1084 45 64 0.022316163 
627 301 12 15 0.021720074 
473 408 7 9 0.021503147 
368 397 8 11 0.021307593 
381 397 10 12 0.021247929 
241 649 36 33 0.021208126 
571 667 27 28 0.02096203 
806 367 11 14 0.020919142 
226 417 14 16 0.020723358 
687 328 19 28 0.020580769 
254 803 40 46 0.020531287 
861 431 10 12 0.020520508 
