26_Soldier_Drilling_Soldiers_Drilling_26_750
23
458 247 94 122 0.99903154 
22 215 103 211 0.9970169 
318 277 45 63 0.9696741 
767 172 71 151 0.8853255 
817 720 15 19 0.13865148 
794 178 108 139 0.09943664 
613 347 327 465 0.064747125 
652 588 16 24 0.06280643 
846 156 85 134 0.03976467 
314 254 70 100 0.037744578 
821 719 24 26 0.032747276 
627 483 32 41 0.031153312 
728 422 129 199 0.029492494 
707 630 54 65 0.02932667 
472 497 47 56 0.029055385 
136 323 12 18 0.025144918 
660 570 27 30 0.023252213 
814 727 14 18 0.0216441 
800 717 22 30 0.02147217 
300 294 35 46 0.020725112 
624 457 13 19 0.020255812 
625 467 30 35 0.020101665 
858 218 107 131 0.020020079 
