26_Soldier_Drilling_Soldiers_Drilling_26_567
19
556 95 115 107 0.9983046 
364 299 77 66 0.98604685 
904 132 45 55 0.98165363 
447 140 45 65 0.9771081 
14 284 12 16 0.10062658 
470 607 93 140 0.091933236 
485 298 108 170 0.07019908 
632 61 94 138 0.06742108 
130 420 356 441 0.047210816 
517 166 25 32 0.032658063 
502 151 40 57 0.031463254 
396 295 52 53 0.030617764 
173 247 10 13 0.026244069 
413 286 61 65 0.024615986 
-6 452 113 155 0.024309011 
516 337 64 107 0.022583306 
668 117 66 77 0.022263724 
57 593 229 279 0.02219574 
466 139 46 65 0.0221318 
