26_Soldier_Drilling_Soldiers_Drilling_26_719
45
460 213 33 38 0.90933216 
815 244 25 26 0.8039557 
115 254 22 27 0.7995018 
51 241 27 32 0.35165223 
60 197 22 27 0.18959315 
377 246 25 31 0.12669452 
435 253 16 18 0.11889859 
805 247 16 20 0.09574802 
124 251 22 28 0.09014003 
967 371 33 36 0.08989183 
212 144 17 21 0.067170665 
772 282 12 13 0.06524552 
66 240 16 22 0.0593817 
449 211 30 34 0.056145597 
504 31 12 15 0.05149265 
994 402 17 20 0.047910474 
365 238 41 55 0.0475903 
985 389 26 32 0.04303573 
105 251 36 45 0.04190243 
989 371 26 38 0.04009411 
644 446 52 57 0.03891739 
804 248 28 30 0.037115563 
586 144 446 499 0.036853224 
993 424 14 19 0.034474023 
111 262 15 22 0.030898115 
435 247 26 30 0.030821437 
132 238 12 16 0.030802863 
777 299 17 19 0.030346861 
389 271 39 58 0.030203832 
650 103 34 35 0.029982464 
288 495 8 10 0.028672153 
5 227 22 35 0.026230482 
192 293 42 52 0.026022756 
257 511 10 12 0.025772037 
833 235 15 19 0.02549341 
727 78 29 35 0.024976425 
853 299 11 13 0.024854207 
979 410 28 34 0.02466439 
239 504 9 11 0.024655296 
804 256 15 18 0.023254106 
293 480 8 10 0.02322576 
124 243 16 20 0.022725323 
116 246 16 20 0.020863691 
4 219 37 52 0.020820213 
678 192 29 27 0.020753553 
