26_Soldier_Drilling_Soldiers_Drilling_26_1022
23
143 318 15 19 0.31939656 
85 493 22 27 0.2560057 
619 49 395 478 0.14986008 
59 562 23 28 0.11281364 
258 416 29 39 0.06749411 
194 24 211 256 0.046573438 
230 336 10 14 0.03524948 
223 317 12 17 0.03226122 
312 352 12 15 0.031738475 
158 284 11 13 0.031041449 
924 535 14 19 0.029998424 
227 343 31 42 0.028954582 
168 321 12 16 0.02827576 
794 487 25 30 0.025459776 
708 531 15 23 0.025387507 
77 304 17 22 0.025045257 
31 454 24 31 0.02498629 
208 341 12 14 0.023609625 
720 579 14 17 0.021540686 
159 318 10 15 0.021497522 
65 554 22 26 0.020790204 
54 567 17 22 0.020630375 
704 568 24 28 0.020090893 
