44_Aerobics_Aerobics_44_433
37
134 326 81 115 0.9987953 
657 266 79 109 0.9957908 
469 271 45 57 0.99567115 
168 200 24 41 0.99219716 
974 182 22 27 0.7557121 
720 226 26 33 0.2795592 
973 158 11 14 0.10265935 
590 228 25 32 0.09821513 
984 149 12 14 0.09687742 
243 157 11 14 0.08926356 
1000 157 11 14 0.08908287 
140 224 25 33 0.0678359 
148 213 28 39 0.066853784 
807 85 8 11 0.06393145 
798 108 15 21 0.060036555 
974 151 11 13 0.05862912 
1003 152 17 20 0.05528093 
982 154 12 15 0.04800715 
802 208 33 40 0.04796259 
919 111 11 16 0.04090029 
988 153 12 16 0.040269207 
-1 0 42 56 0.03973423 
583 236 42 53 0.037935264 
797 183 15 17 0.03770756 
142 227 14 20 0.03659379 
699 223 53 68 0.03205318 
803 104 21 27 0.027672304 
239 149 14 17 0.026873656 
1013 226 12 17 0.026401263 
664 95 10 13 0.026362145 
727 44 9 11 0.025608504 
982 150 21 25 0.022071727 
594 178 13 16 0.021979937 
684 237 65 92 0.021912018 
549 443 16 17 0.021627124 
695 38 12 15 0.020048587 
761 143 9 11 0.020005262 
