44_Aerobics_Aerobics_44_443
40
378 261 102 144 0.9999001 
242 830 54 54 0.46016318 
548 1131 106 129 0.4331331 
824 1019 209 325 0.3323471 
462 1150 42 58 0.32790095 
429 205 58 68 0.32483384 
4 202 38 51 0.14694402 
841 352 196 299 0.1468662 
32 500 33 46 0.09719533 
46 384 100 114 0.06330161 
34 277 117 123 0.057091504 
-19 279 192 267 0.052821822 
761 348 382 408 0.050893467 
747 981 145 199 0.048938043 
58 307 73 71 0.04698019 
407 219 90 112 0.04686075 
0 524 25 46 0.040411264 
928 881 72 70 0.038352694 
-9 181 70 111 0.03680943 
-57 844 423 490 0.03547748 
899 850 110 126 0.033555098 
-77 107 360 520 0.032973725 
39 543 50 59 0.032370057 
4 506 40 59 0.031753924 
842 756 179 284 0.030117605 
101 543 46 57 0.027799271 
25 207 33 37 0.027530782 
13 445 56 67 0.026436323 
782 593 43 39 0.026020788 
23 514 49 61 0.025149543 
-1 457 22 35 0.024925258 
5 445 90 116 0.024111442 
17 194 48 67 0.023200868 
584 1143 63 85 0.023048652 
20 483 31 41 0.022158105 
10 259 51 63 0.021885004 
42 209 26 30 0.0217569 
0 516 9 15 0.021674035 
675 809 320 439 0.021464856 
520 1117 38 42 0.02041921 
