44_Aerobics_Aerobics_44_585
43
820 209 35 47 0.9958372 
530 185 28 39 0.98101693 
180 206 27 39 0.9751133 
594 171 24 32 0.8002762 
309 151 27 32 0.64527285 
283 193 36 54 0.5313477 
243 142 29 34 0.19625302 
295 154 25 31 0.105802454 
84 395 204 296 0.100181766 
344 163 23 32 0.09550664 
285 156 22 30 0.09030608 
525 195 37 51 0.07295239 
251 150 29 42 0.050455168 
929 224 28 33 0.049697414 
323 153 29 34 0.049170714 
124 166 21 27 0.041970387 
693 239 15 18 0.038321853 
339 152 22 32 0.037536953 
342 148 16 20 0.037307598 
238 235 40 53 0.036038592 
170 197 14 20 0.03528218 
102 168 11 13 0.032533005 
330 155 39 48 0.03136113 
270 216 35 48 0.030976107 
285 185 26 39 0.029753488 
626 185 28 37 0.02972891 
271 152 28 39 0.028896935 
243 229 26 33 0.028435059 
393 362 237 332 0.028298179 
183 181 13 16 0.028017608 
315 177 29 33 0.02707095 
589 175 19 24 0.025879191 
188 179 15 19 0.025798535 
292 168 46 62 0.025310861 
253 211 30 36 0.024466006 
171 199 24 35 0.024039755 
421 180 35 53 0.022744397 
664 136 45 60 0.022660924 
42 268 12 15 0.022100186 
264 204 31 42 0.021761961 
285 167 27 36 0.021714449 
269 242 28 39 0.02161015 
269 177 39 55 0.020935114 
