44_Aerobics_Aerobics_44_742
29
163 194 27 36 0.99936956 
775 256 27 36 0.9985714 
270 242 32 40 0.9981173 
461 134 37 50 0.9928946 
594 262 22 28 0.96673757 
702 241 29 34 0.9561415 
676 254 47 55 0.2323707 
706 228 24 30 0.15491253 
308 245 29 35 0.08161951 
570 242 15 18 0.0738778 
709 221 16 18 0.06410741 
700 234 20 23 0.04065567 
343 245 26 37 0.035358895 
37 199 10 13 0.033026904 
348 237 14 17 0.03263065 
369 243 19 24 0.031365138 
674 276 36 38 0.03124664 
341 225 16 21 0.026849464 
310 244 17 19 0.024456542 
343 216 19 20 0.023815189 
577 252 47 54 0.02341264 
312 256 50 66 0.023066452 
187 234 16 20 0.022831123 
235 287 42 53 0.022060938 
729 294 45 54 0.02200554 
342 241 17 20 0.021548133 
652 236 17 19 0.020988127 
722 255 16 20 0.020912882 
147 221 14 18 0.020566925 
