44_Aerobics_Aerobics_44_17
45
824 340 54 68 0.9964318 
378 66 31 39 0.99637765 
275 325 51 57 0.9903775 
158 153 28 33 0.706991 
213 188 29 40 0.2839194 
492 129 32 29 0.26164165 
378 271 42 37 0.1922277 
178 188 35 35 0.15224022 
191 177 48 53 0.10108648 
678 12 11 14 0.0818263 
568 5 26 28 0.053812705 
475 131 57 45 0.051878486 
796 343 49 67 0.048540592 
144 140 32 38 0.047013637 
294 7 13 16 0.045939263 
371 248 67 58 0.04557796 
133 133 31 36 0.04076733 
50 80 44 56 0.040089063 
182 28 10 13 0.03947496 
637 13 11 13 0.037605103 
428 70 25 29 0.037363447 
414 51 39 49 0.037332952 
313 21 26 33 0.034510575 
454 146 29 36 0.03241862 
413 49 17 21 0.03202898 
595 310 53 47 0.031838655 
131 122 28 33 0.030948905 
880 227 27 35 0.02967336 
272 13 10 13 0.028509943 
671 7 11 15 0.028278098 
299 6 12 14 0.02827533 
219 184 44 55 0.026128002 
523 152 15 19 0.025853384 
104 233 16 20 0.0252359 
412 53 24 31 0.025189904 
499 235 58 49 0.025090607 
496 95 110 122 0.024770936 
16 5 17 18 0.024712453 
181 148 83 96 0.024320535 
247 191 46 58 0.024079671 
208 226 26 31 0.023566322 
222 180 13 17 0.023133403 
173 177 31 34 0.022933159 
60 310 215 255 0.022179086 
688 92 26 34 0.021847367 
