44_Aerobics_Aerobics_44_3
42
570 132 26 38 0.83416075 
706 153 23 34 0.49603352 
396 170 22 34 0.38310096 
164 167 30 36 0.37839195 
409 169 21 28 0.18572518 
576 99 13 19 0.14470866 
325 189 27 39 0.099753976 
803 130 30 38 0.097730644 
418 165 15 20 0.08094597 
436 128 10 13 0.072451726 
583 140 28 30 0.06671681 
467 180 14 21 0.06388404 
727 154 27 34 0.059555136 
676 78 37 51 0.050005723 
382 169 29 44 0.03926185 
332 198 16 23 0.039190486 
325 184 13 18 0.038327143 
317 179 25 36 0.035580363 
327 296 28 36 0.035567652 
554 135 35 46 0.032728657 
593 144 26 32 0.030634053 
740 159 23 34 0.029006097 
485 187 20 27 0.028249586 
330 187 13 19 0.027035002 
457 168 22 33 0.026830258 
469 183 21 28 0.026689382 
454 139 12 18 0.026634136 
622 150 11 15 0.026437802 
691 152 31 39 0.025829904 
213 174 18 33 0.025760321 
475 178 15 19 0.02483713 
573 142 45 61 0.024103735 
611 288 463 403 0.024034433 
390 184 11 18 0.023395255 
686 274 44 44 0.023156706 
323 163 11 14 0.023021173 
153 164 27 37 0.022705512 
309 186 24 37 0.022250602 
744 155 18 23 0.021338534 
784 124 43 48 0.021130703 
760 369 28 39 0.021053193 
327 126 11 14 0.020218112 
