44_Aerobics_Aerobics_44_216
64
727 64 24 35 0.9871895 
150 382 22 32 0.8845606 
794 79 15 19 0.877142 
338 252 29 37 0.81368464 
588 138 31 34 0.6527363 
235 392 13 16 0.6072386 
201 378 21 31 0.25942105 
581 135 24 34 0.25422788 
81 474 15 19 0.16143715 
753 16 101 90 0.12410795 
161 392 22 28 0.11113968 
836 18 17 21 0.10583597 
734 75 29 35 0.09277152 
827 21 27 38 0.09148445 
575 13 431 517 0.08950639 
165 398 26 30 0.07981988 
767 61 10 14 0.07683492 
388 208 474 447 0.06930046 
212 380 22 29 0.06674108 
227 411 12 17 0.060794454 
75 465 23 33 0.05771802 
325 340 14 14 0.05659359 
772 37 58 62 0.05636601 
717 54 43 54 0.055468366 
355 220 29 41 0.047552377 
333 239 25 43 0.047392406 
315 363 12 15 0.047335252 
727 60 15 24 0.046974536 
179 432 43 53 0.04599908 
232 396 23 30 0.04342089 
796 43 44 45 0.042480472 
345 243 42 43 0.037064806 
411 187 18 24 0.036706407 
759 64 23 30 0.035384484 
263 145 395 468 0.03531661 
566 165 22 31 0.031580538 
8 253 351 434 0.031558406 
218 392 15 20 0.029846203 
364 221 44 49 0.029672088 
0 337 19 28 0.02851869 
242 409 17 22 0.02743503 
792 65 26 29 0.027332883 
2 373 31 39 0.02707366 
365 242 45 47 0.026681205 
221 405 22 28 0.026520515 
195 367 23 33 0.026439454 
678 131 15 20 0.026276631 
256 358 30 34 0.026271824 
58 450 43 53 0.025713881 
241 394 12 16 0.025562394 
13 337 31 36 0.023726445 
373 204 33 38 0.02367536 
576 147 29 36 0.023341348 
400 192 29 33 0.023265434 
192 380 21 29 0.023009954 
177 427 27 37 0.0229952 
38 456 55 68 0.022922754 
170 410 28 35 0.022094747 
650 123 15 20 0.021664081 
196 363 17 22 0.021327663 
204 497 218 238 0.021150721 
323 332 25 29 0.020851567 
827 42 191 255 0.020529727 
235 415 17 21 0.020049723 
