44_Aerobics_Aerobics_44_343
60
590 175 30 40 0.99911827 
288 180 38 47 0.99361354 
898 200 22 29 0.9906899 
387 162 18 25 0.92598414 
762 173 15 21 0.85741854 
798 180 12 15 0.7403204 
926 159 15 18 0.70036155 
944 236 12 16 0.37158096 
836 169 13 17 0.24981894 
657 185 17 21 0.18734479 
974 275 16 21 0.11240856 
664 184 22 28 0.110268496 
734 202 13 15 0.08119101 
688 171 10 13 0.074822 
676 191 17 22 0.070109986 
1001 228 16 19 0.06852486 
861 184 13 18 0.06292033 
664 165 11 13 0.058010835 
855 181 11 14 0.057123467 
732 187 14 17 0.04833682 
933 250 15 21 0.047620796 
804 187 11 13 0.039818678 
739 205 12 15 0.039766315 
527 178 21 30 0.038547963 
853 186 14 18 0.03828607 
866 245 18 22 0.037272867 
547 186 15 20 0.036915153 
815 181 9 12 0.03393437 
246 246 49 62 0.0329434 
846 195 13 16 0.03259128 
854 173 12 15 0.031110005 
701 214 10 14 0.03047946 
1004 189 13 17 0.029830972 
734 209 14 17 0.029585041 
939 238 20 26 0.029260354 
672 206 25 29 0.028381221 
565 176 21 29 0.028186735 
859 192 14 20 0.027484452 
653 191 26 30 0.027197227 
540 184 16 20 0.02679956 
658 173 23 30 0.024949247 
793 175 11 15 0.024931848 
682 190 21 27 0.024872318 
859 162 14 17 0.024676578 
822 196 12 15 0.023686286 
821 159 10 14 0.023598682 
991 224 14 20 0.023437066 
835 148 13 16 0.02338656 
958 259 12 17 0.02278513 
978 269 15 19 0.022395637 
976 259 28 35 0.022286793 
834 155 14 18 0.021602523 
800 280 10 12 0.021489508 
822 190 10 13 0.021399332 
731 192 19 24 0.021098526 
668 199 17 20 0.02102612 
831 179 11 14 0.0210216 
641 260 19 21 0.020984935 
836 142 11 13 0.020655826 
996 229 23 33 0.020442681 
