9_Press_Conference_Press_Conference_9_748
23
296 217 411 560 0.9999716 
309 445 559 581 0.2405352 
333 1076 444 544 0.14819989 
-67 466 369 499 0.10338053 
236 866 418 572 0.10005932 
436 701 429 518 0.089058585 
744 551 337 478 0.06952938 
203 88 399 489 0.06449804 
625 7 347 468 0.06263401 
279 1187 201 332 0.061297536 
621 61 198 269 0.052049186 
56 983 374 494 0.051826082 
32 514 215 343 0.046533022 
713 17 217 293 0.043692596 
-28 404 239 330 0.0409863 
581 568 365 498 0.03196122 
419 983 486 460 0.03085904 
840 577 178 269 0.028206116 
-33 -50 465 439 0.025065564 
648 773 433 531 0.024070013 
70 645 217 344 0.022531483 
3 624 116 175 0.022038143 
59 418 131 155 0.021178527 
