9_Press_Conference_Press_Conference_9_297
35
403 178 272 356 0.9998939 
499 911 60 71 0.35131598 
714 685 99 118 0.31366354 
495 88 388 521 0.16807091 
210 1391 194 223 0.11817047 
208 1173 25 28 0.10501861 
817 122 71 80 0.09891041 
271 914 24 34 0.06556631 
847 654 35 51 0.058575045 
586 902 86 105 0.05244258 
259 1099 14 18 0.04560528 
502 879 53 66 0.044103038 
215 929 45 62 0.041312065 
261 892 41 56 0.037403777 
488 899 25 32 0.033859257 
617 22 57 76 0.0331655 
429 798 15 19 0.031115988 
78 431 48 52 0.030990683 
264 954 27 39 0.03061158 
273 636 121 182 0.03041386 
786 1103 14 17 0.028406024 
402 1194 16 21 0.026698861 
170 1149 17 22 0.02605243 
368 798 27 28 0.025822522 
103 445 56 57 0.02562489 
445 858 17 20 0.025235338 
518 1122 14 17 0.024693165 
139 1049 24 34 0.023334084 
203 1129 24 28 0.023177586 
501 893 11 15 0.023002531 
443 862 25 29 0.022348536 
497 900 16 20 0.022179037 
328 970 29 38 0.021697804 
717 615 15 19 0.021558331 
786 83 117 137 0.021457907 
