9_Press_Conference_Press_Conference_9_563
22
392 105 189 262 0.9998963 
780 213 129 166 0.99953806 
989 281 15 18 0.13425642 
723 34 16 19 0.10660129 
369 29 25 29 0.10439591 
980 321 44 63 0.07833729 
257 331 44 66 0.07341604 
160 225 64 81 0.07130287 
250 344 31 45 0.062255584 
372 21 17 20 0.05985363 
461 538 66 69 0.055796582 
418 543 123 105 0.05383202 
716 74 45 57 0.049351435 
266 562 109 83 0.037805483 
719 37 24 28 0.037352107 
341 148 413 469 0.037205454 
961 530 36 41 0.030953556 
575 570 28 33 0.027340714 
889 186 15 19 0.026719686 
668 356 36 47 0.02608935 
931 418 33 45 0.025159314 
462 585 70 69 0.025028856 
