9_Press_Conference_Press_Conference_9_40
130
750 118 28 36 0.99842095 
299 178 14 17 0.9941392 
51 224 18 23 0.98688847 
221 229 37 53 0.9839787 
464 179 18 22 0.9809576 
13 171 17 21 0.97736907 
246 170 13 17 0.9769233 
404 162 15 20 0.97535205 
109 186 16 19 0.9743998 
712 157 34 39 0.9698579 
528 167 20 27 0.95340484 
897 172 29 35 0.9471059 
368 235 21 26 0.9266362 
460 156 15 18 0.92419904 
187 181 15 19 0.9138164 
352 167 14 18 0.91058594 
374 177 12 15 0.90770966 
424 166 16 21 0.8852069 
333 180 11 15 0.8221664 
694 159 21 29 0.81422675 
206 173 14 18 0.7647176 
320 231 22 45 0.7442789 
919 130 30 37 0.74047095 
510 168 15 19 0.7112413 
260 214 24 31 0.7009502 
983 174 44 39 0.54247534 
592 137 18 21 0.3979749 
566 171 12 17 0.34739977 
696 159 13 17 0.24731235 
597 171 13 18 0.22819293 
664 174 21 28 0.19645527 
515 196 14 18 0.14778519 
592 125 22 27 0.14392322 
559 158 13 17 0.13145539 
445 173 13 16 0.13037132 
206 180 14 21 0.12246991 
563 163 15 19 0.116209716 
650 214 13 17 0.096901245 
588 166 20 25 0.08636294 
969 167 39 41 0.079466924 
951 187 14 16 0.070605114 
611 173 404 392 0.066691175 
323 220 20 32 0.066406354 
533 200 14 19 0.06532236 
367 228 16 21 0.065221414 
522 202 15 19 0.064146906 
709 147 23 35 0.062901184 
665 175 12 15 0.059962437 
503 169 14 21 0.055829648 
103 193 24 28 0.055320073 
908 138 28 34 0.054241452 
195 180 14 17 0.054235134 
576 112 11 13 0.053038906 
389 174 13 18 0.05230753 
935 136 17 23 0.0509422 
266 247 22 38 0.049582314 
966 150 30 38 0.049016077 
342 164 12 16 0.048245803 
586 144 24 28 0.045521986 
215 190 14 21 0.041279424 
427 160 12 15 0.041268297 
601 125 13 17 0.038045928 
1 122 15 19 0.03721176 
354 172 16 21 0.03677837 
932 169 15 17 0.036765736 
662 201 12 15 0.03541011 
416 278 26 37 0.035341024 
559 169 14 18 0.03527167 
443 163 14 19 0.03513095 
447 239 29 32 0.035078082 
924 154 27 29 0.034776617 
662 221 10 11 0.034775604 
678 261 12 15 0.034048494 
510 190 14 18 0.033879276 
436 245 29 32 0.033733565 
252 276 26 33 0.03331256 
716 141 15 24 0.032858424 
581 164 17 21 0.031240743 
349 291 14 18 0.031005556 
420 252 28 39 0.030903269 
829 189 12 17 0.03056945 
649 253 11 14 0.029772215 
979 186 41 46 0.029608147 
563 130 13 16 0.029114109 
470 219 15 18 0.028808765 
331 211 14 20 0.028689135 
250 176 12 17 0.028248252 
455 173 19 25 0.027793853 
386 161 15 19 0.027264783 
192 246 27 35 0.027108952 
416 286 13 24 0.026259445 
332 190 14 18 0.025797497 
522 369 22 39 0.025643662 
698 138 41 54 0.025496777 
597 120 12 14 0.025284931 
458 233 30 32 0.025146179 
909 182 31 34 0.02512269 
552 150 10 12 0.02502337 
670 221 9 11 0.02501796 
344 159 18 24 0.024889542 
827 229 15 16 0.024853757 
476 238 17 20 0.024816398 
903 159 46 48 0.024592087 
378 174 13 17 0.02456105 
739 156 15 23 0.024410948 
358 227 11 16 0.024375634 
660 185 21 27 0.024045706 
945 179 23 29 0.024042405 
924 171 14 16 0.023856545 
600 142 16 19 0.023651911 
437 170 12 16 0.023651227 
187 203 24 30 0.023588479 
443 147 14 18 0.023438724 
451 236 17 20 0.023374183 
534 612 33 43 0.023365144 
348 274 11 15 0.023352195 
930 165 25 28 0.022551756 
573 110 21 24 0.022326576 
923 175 27 34 0.022042265 
821 180 20 32 0.021853287 
175 45 32 30 0.021710843 
456 160 15 18 0.021262996 
898 162 18 22 0.021219816 
923 162 16 18 0.021168042 
338 164 11 14 0.021106297 
899 155 15 19 0.020812523 
577 105 9 11 0.020614091 
262 274 16 20 0.020567333 
910 152 30 34 0.020375198 
645 215 21 28 0.02011027 
