9_Press_Conference_Press_Conference_9_60
73
681 393 28 36 0.9994655 
393 386 29 37 0.99859923 
767 388 27 35 0.9968268 
261 397 31 41 0.99575555 
554 315 30 39 0.99474144 
863 403 25 32 0.9895611 
120 384 30 38 0.9644823 
936 456 33 48 0.6067011 
814 468 25 31 0.21897198 
466 330 37 38 0.16045357 
805 489 49 59 0.15721531 
334 477 29 35 0.12748821 
771 510 29 50 0.12114649 
636 399 19 21 0.115351476 
956 471 35 38 0.10826497 
340 566 80 108 0.1060722 
824 512 31 46 0.10229293 
403 485 15 18 0.10133837 
780 526 44 53 0.091414265 
548 510 38 61 0.09016272 
362 559 50 75 0.07837726 
800 469 49 54 0.068186514 
774 532 23 42 0.0645328 
240 481 13 18 0.064445056 
699 474 33 35 0.058471784 
313 478 33 39 0.05741234 
800 519 45 54 0.052417222 
432 365 11 15 0.048569966 
609 505 39 56 0.048347127 
995 495 31 41 0.04737547 
418 617 13 18 0.046378735 
643 365 15 19 0.04591509 
972 457 29 42 0.04533155 
1001 457 22 40 0.041921 
825 469 14 19 0.04152184 
677 370 17 20 0.041471515 
425 329 29 34 0.04099477 
642 404 16 22 0.04080827 
625 437 27 45 0.04054532 
633 385 26 32 0.040543728 
710 357 11 15 0.03906558 
453 290 45 55 0.038648333 
636 370 26 31 0.038016304 
475 364 26 27 0.035260268 
412 484 12 16 0.034300108 
304 468 33 41 0.033146195 
620 335 26 28 0.03263748 
215 372 12 16 0.03257237 
990 451 27 43 0.03203247 
553 529 45 63 0.032006145 
580 -26 446 487 0.031480398 
386 586 51 74 0.031232128 
111 387 25 32 0.031066522 
421 495 18 20 0.030840589 
165 757 11 11 0.03036667 
382 494 13 15 0.030122729 
410 485 22 25 0.029724685 
388 491 13 16 0.028061604 
356 512 17 21 0.026467163 
650 401 13 19 0.026070682 
1011 467 14 24 0.025237158 
136 392 15 23 0.023491733 
940 456 17 30 0.023260644 
372 493 24 29 0.022796575 
852 652 29 36 0.022387747 
629 404 24 30 0.022381522 
312 496 35 43 0.022005523 
917 465 13 17 0.021762982 
630 394 17 21 0.021701803 
545 467 50 66 0.021570021 
917 457 24 34 0.020708347 
596 420 14 18 0.020395432 
461 308 12 15 0.020164227 
