25_Soldier_Patrol_Soldier_Patrol_25_469
66
913 168 66 77 0.9979773 
266 103 72 94 0.9965546 
609 184 50 62 0.974825 
401 327 30 38 0.4742372 
805 552 103 96 0.2861355 
644 245 44 56 0.2780327 
610 551 42 42 0.19033173 
755 204 14 19 0.12618928 
20 320 18 22 0.11776601 
747 644 24 30 0.10869064 
395 -3 34 40 0.104452565 
789 323 27 35 0.08617966 
355 462 62 70 0.080183506 
240 1 62 59 0.073885195 
526 300 21 27 0.07048742 
619 200 52 70 0.06737834 
686 294 34 42 0.06495508 
759 569 121 106 0.06009666 
443 533 49 61 0.057582952 
402 321 20 22 0.054680657 
460 258 26 32 0.054664392 
775 349 31 37 0.052493207 
727 317 41 50 0.0439415 
865 279 27 32 0.042530406 
721 682 28 29 0.042323567 
736 632 28 34 0.041965954 
51 334 17 20 0.041497707 
0 322 13 20 0.04082228 
835 279 23 33 0.038403 
698 295 49 54 0.036907088 
620 561 54 55 0.036883738 
644 197 54 62 0.03618043 
722 2 15 16 0.035362057 
611 608 17 19 0.033974454 
51 345 16 20 0.033893563 
763 679 24 26 0.033669624 
719 1 12 11 0.033643555 
168 316 33 48 0.03221134 
756 599 70 65 0.03012067 
949 403 47 58 0.029799055 
318 470 61 65 0.029428441 
176 45 27 38 0.029060135 
719 596 122 111 0.028312856 
1 273 11 16 0.027460145 
845 585 38 38 0.02684194 
677 647 55 50 0.026108086 
868 85 22 33 0.025824843 
395 16 33 39 0.025291624 
722 623 30 33 0.025181236 
757 529 93 102 0.024890255 
35 315 21 27 0.024760775 
684 628 56 51 0.024616659 
325 477 30 39 0.024039745 
594 2 44 50 0.023611657 
750 541 49 55 0.023485601 
0 234 12 22 0.023474297 
693 672 15 18 0.022464676 
776 615 36 40 0.022398783 
699 272 33 40 0.02185292 
510 339 12 16 0.021835787 
935 348 31 35 0.02170933 
987 360 28 35 0.021297695 
0 224 12 20 0.021085778 
12 291 12 14 0.020631244 
680 664 29 34 0.020472273 
929 362 34 39 0.020168373 
