25_Soldier_Patrol_Soldier_Patrol_25_325
109
96 207 53 59 0.9989196 
423 121 58 77 0.9987513 
764 277 31 36 0.99851614 
279 198 40 48 0.99801326 
822 298 28 33 0.9959121 
670 203 40 52 0.9944148 
852 306 26 31 0.976999 
534 200 41 46 0.9269808 
882 325 23 26 0.87658775 
302 302 32 41 0.68409294 
644 343 25 33 0.3522127 
648 412 23 29 0.30061376 
723 261 27 31 0.20810945 
896 330 23 26 0.17158906 
692 415 11 14 0.13876419 
741 429 22 30 0.10635212 
783 451 11 15 0.10321529 
468 397 18 23 0.10179016 
781 385 16 20 0.099383116 
749 303 15 19 0.09770317 
440 379 11 13 0.08574987 
788 459 12 17 0.08204603 
605 356 14 16 0.0814699 
762 452 15 21 0.08066931 
841 173 11 13 0.07841954 
839 301 23 30 0.07619503 
907 341 16 20 0.07273168 
855 356 14 17 0.068818994 
748 391 14 19 0.068489596 
145 512 42 58 0.06603175 
724 444 10 14 0.06257948 
856 433 11 16 0.060920548 
946 420 11 14 0.056424133 
242 317 26 28 0.05363223 
605 354 26 29 0.04962196 
742 422 12 17 0.049408104 
772 133 14 16 0.046862803 
932 376 10 12 0.045601193 
901 326 16 19 0.045369554 
401 379 11 13 0.045222256 
518 209 46 53 0.043988653 
916 426 11 15 0.043752078 
839 378 24 30 0.04356492 
798 446 11 15 0.042560726 
568 291 24 32 0.04144525 
725 381 23 30 0.039919548 
880 453 9 12 0.039793093 
774 450 13 17 0.039270923 
942 383 9 12 0.038652852 
348 240 40 56 0.037359603 
904 415 24 31 0.037136815 
569 273 42 54 0.037044853 
779 445 20 26 0.03628496 
431 378 13 15 0.03561022 
804 425 17 22 0.034347825 
771 123 14 16 0.03418055 
753 435 14 18 0.03252233 
944 427 11 14 0.031848963 
933 380 10 12 0.0317036 
735 461 10 14 0.031483367 
805 442 25 29 0.031183394 
642 360 26 29 0.030830918 
744 375 25 31 0.030154495 
887 435 10 14 0.03004341 
572 294 14 20 0.02994187 
893 451 9 12 0.02980151 
726 449 11 15 0.02911094 
783 468 12 16 0.028541429 
748 288 25 32 0.02845998 
810 459 15 18 0.028394789 
773 380 26 31 0.027322669 
557 349 28 39 0.027321395 
5 380 23 30 0.02730428 
723 384 16 21 0.027109161 
686 410 19 24 0.026963431 
912 365 10 13 0.026958084 
392 375 10 13 0.026803505 
611 338 38 45 0.026511444 
655 344 19 27 0.026475018 
461 394 17 23 0.026166672 
888 451 9 12 0.02616654 
647 182 7 9 0.02590151 
957 169 17 21 0.025837434 
707 299 25 31 0.02575094 
824 189 11 14 0.025453852 
799 411 13 17 0.025417149 
402 386 16 22 0.025217 
173 499 14 16 0.024820812 
452 403 14 20 0.02467325 
790 446 22 26 0.024350952 
778 463 22 27 0.023964597 
789 446 13 17 0.023911389 
610 369 19 22 0.02341623 
466 390 17 21 0.023332573 
804 430 25 28 0.023205424 
59 436 10 15 0.022910897 
748 358 25 32 0.021865336 
886 430 9 12 0.021663027 
259 318 14 18 0.021429157 
591 273 26 32 0.021282772 
846 443 12 14 0.021229384 
739 469 11 13 0.021036886 
257 446 97 161 0.02079186 
601 278 16 20 0.02070095 
739 387 24 31 0.020656288 
299 311 20 27 0.02049357 
940 413 19 25 0.020411255 
83 396 12 15 0.020310435 
862 316 18 22 0.020294538 
