25_Soldier_Patrol_Soldier_Patrol_25_440
44
559 70 61 75 0.9942496 
38 187 52 55 0.9491259 
325 608 32 33 0.5923659 
335 598 29 36 0.23077969 
462 483 11 13 0.07803379 
871 84 9 11 0.06521605 
269 357 10 12 0.060702153 
310 613 55 48 0.053318944 
873 403 55 58 0.052572455 
390 219 10 12 0.050963957 
31 540 26 31 0.0484632 
458 507 18 20 0.045707732 
680 604 42 47 0.04267308 
24 152 79 95 0.040822696 
386 221 8 10 0.035323747 
322 619 24 24 0.034732353 
274 645 26 29 0.03373694 
435 546 13 15 0.033423472 
768 651 14 15 0.032083157 
878 86 7 10 0.030176328 
341 589 44 50 0.028541045 
890 77 10 12 0.02800931 
678 607 26 33 0.02671686 
401 230 9 11 0.025417633 
357 548 11 13 0.024941465 
362 558 25 29 0.024883451 
895 167 8 10 0.02447135 
152 284 30 35 0.024279892 
358 514 10 12 0.023959806 
431 231 10 11 0.023264399 
148 297 28 34 0.023191068 
345 223 7 9 0.023165079 
452 532 13 17 0.022784263 
362 223 7 9 0.022609865 
358 555 12 15 0.022529423 
293 597 12 17 0.022483261 
150 395 108 128 0.022303315 
283 690 30 31 0.022023173 
260 582 30 31 0.021424137 
284 607 15 20 0.021385416 
280 592 24 31 0.021370005 
373 558 13 15 0.02107019 
352 527 8 10 0.02069948 
666 161 160 229 0.02046952 
