25_Soldier_Patrol_Soldier_Patrol_25_700
89
77 424 30 36 0.9800704 
167 389 29 35 0.89594716 
542 372 27 33 0.78540224 
104 399 22 27 0.56072015 
479 418 17 20 0.5586704 
212 404 22 27 0.44932806 
586 413 18 25 0.41179624 
873 385 29 29 0.400301 
431 421 12 14 0.35734975 
67 393 14 19 0.28131437 
575 418 15 19 0.15436253 
461 430 9 12 0.14921671 
227 407 15 21 0.14398976 
54 395 16 19 0.1368614 
31 377 12 17 0.1316111 
181 396 26 33 0.12284658 
206 406 17 24 0.120331466 
75 394 12 18 0.09355463 
151 388 27 35 0.09253956 
116 393 23 32 0.08571946 
49 420 19 22 0.07735971 
403 429 13 15 0.076449275 
115 404 15 21 0.07417078 
461 422 10 13 0.07409667 
233 411 15 20 0.07136873 
123 422 16 20 0.06974332 
895 384 27 33 0.06763238 
92 401 26 31 0.059017885 
613 428 38 37 0.056264594 
436 415 10 12 0.05592071 
412 429 10 13 0.05222063 
114 408 23 31 0.050053973 
195 405 16 25 0.045144174 
325 290 28 31 0.04492158 
57 394 22 28 0.04458418 
462 435 11 12 0.042925034 
447 437 10 11 0.0419324 
859 631 15 16 0.04136946 
491 413 11 14 0.041183688 
49 407 26 30 0.040654458 
126 393 24 33 0.04030857 
94 408 15 18 0.039908145 
532 419 15 16 0.039884634 
445 430 12 13 0.038417913 
69 394 22 30 0.03804902 
395 490 15 20 0.03721796 
503 419 13 15 0.037101846 
553 376 17 22 0.035730198 
190 425 16 20 0.035058685 
454 436 12 13 0.034270555 
629 419 13 17 0.033398584 
564 427 13 17 0.032526556 
567 419 11 16 0.03196973 
412 464 12 14 0.031912126 
532 382 18 21 0.03165749 
183 414 27 33 0.031461913 
592 408 14 18 0.031218374 
457 424 9 11 0.030632338 
69 402 39 49 0.030138878 
461 400 9 11 0.029998701 
123 388 16 24 0.02918506 
458 404 9 11 0.028147785 
144 398 29 36 0.02735009 
555 390 16 21 0.027318144 
250 437 17 21 0.026111517 
509 414 11 14 0.025537249 
438 408 9 9 0.02506586 
110 424 26 37 0.024312953 
583 439 12 14 0.024090823 
266 515 23 29 0.02402322 
579 190 378 485 0.02320986 
726 387 33 36 0.023205305 
104 444 25 35 0.023081377 
626 416 28 34 0.023065055 
694 373 36 37 0.022807313 
409 467 11 15 0.02263148 
490 420 12 15 0.02220163 
446 421 11 13 0.022060188 
42 427 23 29 0.022034593 
96 453 27 35 0.021804694 
471 420 16 17 0.021567516 
904 376 28 38 0.021489684 
887 390 19 22 0.021465333 
399 432 12 14 0.020916905 
537 412 15 16 0.020650195 
60 402 29 35 0.020408075 
389 445 12 16 0.020406714 
464 415 9 12 0.020260286 
563 413 12 17 0.020102095 
