25_Soldier_Patrol_Soldier_Patrol_25_883
34
258 123 116 162 0.99712723 
534 50 62 97 0.995906 
118 127 189 198 0.28974107 
281 585 37 49 0.16432518 
141 165 114 123 0.10615716 
608 101 26 39 0.09641708 
199 128 126 147 0.09304636 
176 201 37 43 0.077229924 
526 343 57 67 0.05743991 
150 192 71 64 0.05433612 
19 73 242 260 0.047706276 
117 202 82 77 0.047353517 
114 308 13 15 0.04408425 
100 513 105 131 0.038702663 
518 601 39 38 0.03855011 
371 579 43 46 0.037751097 
1002 217 23 46 0.037731245 
84 305 12 14 0.037720166 
222 30 204 274 0.037714023 
584 80 46 70 0.03523423 
492 32 47 68 0.034115154 
266 592 36 46 0.03321927 
132 553 108 111 0.0285264 
419 667 15 17 0.027782032 
55 422 196 256 0.027212093 
370 569 32 38 0.02688646 
355 647 22 31 0.026859494 
701 -80 373 421 0.026689705 
507 542 27 38 0.026663154 
232 52 127 166 0.024700968 
612 102 15 23 0.023348503 
285 517 9 12 0.023034764 
192 493 11 13 0.022461744 
729 -2 262 233 0.021964055 
