25_Soldier_Patrol_Soldier_Patrol_25_614
56
289 112 16 22 0.099155374 
571 250 384 454 0.071091644 
779 150 19 21 0.06464341 
347 186 421 456 0.06218465 
857 109 10 13 0.057212602 
105 219 13 15 0.054929912 
821 144 14 18 0.052678216 
300 112 13 20 0.05142091 
109 199 50 73 0.05012429 
369 279 46 51 0.049442474 
276 148 11 13 0.04775916 
293 217 24 26 0.045622308 
800 125 26 30 0.045328327 
325 220 27 31 0.043285307 
311 188 22 31 0.042000134 
339 399 47 49 0.0407642 
213 322 49 46 0.03915815 
317 217 24 30 0.038917832 
394 301 166 174 0.038769465 
378 286 28 31 0.03742705 
760 451 50 68 0.0367095 
560 381 213 281 0.03340735 
831 123 10 12 0.03296545 
428 256 242 245 0.032543726 
384 282 17 18 0.031770304 
824 104 9 10 0.030086413 
140 1 27 29 0.029528383 
252 76 25 39 0.028223589 
935 127 10 11 0.026977552 
221 247 11 12 0.026919492 
516 144 424 344 0.026853219 
778 133 26 30 0.026637914 
115 483 62 76 0.026204027 
278 70 27 35 0.025259303 
311 91 13 19 0.025083175 
981 406 43 78 0.024822816 
323 327 13 16 0.024531178 
267 227 17 19 0.024279995 
316 88 14 17 0.023980545 
262 65 29 39 0.023306845 
846 110 10 11 0.023124564 
641 372 30 32 0.02295954 
302 335 31 40 0.022889301 
261 96 14 18 0.022480609 
127 214 11 14 0.022396294 
325 92 9 12 0.022383368 
133 188 17 22 0.02193773 
841 110 10 11 0.02177261 
278 101 27 36 0.020889046 
231 224 26 31 0.020851359 
125 220 12 14 0.020784138 
191 238 14 17 0.020665562 
260 57 45 64 0.020544851 
290 90 14 16 0.020528551 
285 80 15 21 0.020316603 
819 181 32 34 0.020159243 
