25_Soldier_Patrol_Soldier_Patrol_25_728
30
605 92 120 153 0.9995559 
164 281 14 19 0.102206655 
144 237 11 13 0.042929966 
102 271 506 506 0.036900077 
815 398 45 45 0.036374025 
165 227 11 13 0.032909553 
997 334 10 12 0.032548826 
101 495 15 18 0.03217601 
147 231 11 14 0.03190351 
1001 335 24 33 0.030135047 
269 499 12 14 0.029995274 
260 477 14 17 0.029632384 
311 383 16 22 0.02909005 
167 235 14 17 0.028711211 
431 346 14 15 0.028497443 
481 328 7 9 0.02782223 
197 510 10 12 0.02762949 
779 383 26 29 0.026568493 
278 492 12 15 0.02556703 
334 288 13 17 0.023958458 
318 360 14 18 0.023856837 
160 271 24 32 0.023828315 
518 271 11 12 0.023514545 
161 222 11 14 0.022868894 
282 485 14 16 0.0223343 
354 475 13 16 0.0213337 
159 277 15 19 0.021333436 
673 382 45 53 0.021095878 
256 526 10 12 0.020199448 
384 448 35 40 0.02000439 
