25_Soldier_Patrol_Soldier_Patrol_25_515
125
475 320 17 21 0.9898414 
786 308 18 25 0.9655682 
615 324 12 17 0.9646922 
835 313 17 26 0.951723 
701 317 15 21 0.9436397 
394 312 14 19 0.9306269 
55 308 17 22 0.92479867 
858 302 17 25 0.9213942 
537 312 14 19 0.9157785 
720 300 20 28 0.90743357 
367 298 12 18 0.89563704 
577 324 15 20 0.8879519 
414 318 14 17 0.86185604 
669 313 15 21 0.8604642 
805 294 20 27 0.8141741 
564 338 13 17 0.76314807 
922 309 15 21 0.7498926 
885 324 20 27 0.70268214 
521 315 14 18 0.67597187 
372 319 13 19 0.6699941 
637 312 16 21 0.66600436 
460 316 12 17 0.35917217 
757 311 21 25 0.3506447 
440 332 11 17 0.31826437 
676 311 14 20 0.1578814 
941 396 13 17 0.14620431 
508 405 9 13 0.12493556 
912 312 15 20 0.11732511 
739 323 13 17 0.11689103 
629 331 13 16 0.11022076 
370 302 15 20 0.0984627 
931 398 14 16 0.09471036 
910 105 42 46 0.09218698 
654 299 13 16 0.08855588 
659 295 10 13 0.083504416 
683 320 14 20 0.082660176 
703 312 12 16 0.08249151 
644 301 13 14 0.0815663 
927 399 11 14 0.08105493 
850 307 20 26 0.07981369 
470 318 14 19 0.07447081 
456 332 8 13 0.07356409 
683 311 12 16 0.072998114 
876 306 13 19 0.07185044 
176 302 7 9 0.06811861 
461 330 10 14 0.066720136 
733 320 14 18 0.06406841 
192 245 10 14 0.05840669 
620 308 13 16 0.05798465 
628 347 13 16 0.057239294 
865 306 16 24 0.0558955 
628 323 13 17 0.054711495 
457 321 11 16 0.05366455 
552 291 11 14 0.050851632 
439 328 10 14 0.049438532 
683 346 14 19 0.04627304 
384 342 12 15 0.04455702 
629 339 12 16 0.043339666 
545 315 12 16 0.043160394 
397 334 10 12 0.04312726 
136 304 9 12 0.039269578 
381 366 9 13 0.03816831 
374 369 11 14 0.03785366 
728 381 13 19 0.037086673 
573 287 9 11 0.036621846 
663 333 12 17 0.036274545 
728 311 16 21 0.036139686 
897 329 16 21 0.035766017 
645 406 12 15 0.035471715 
398 371 10 12 0.035423137 
617 317 16 20 0.035212398 
707 305 20 26 0.03499348 
444 328 12 14 0.034415666 
943 390 14 16 0.034302756 
576 358 13 15 0.034040652 
569 337 14 18 0.03336138 
746 382 45 55 0.032847423 
380 300 11 15 0.03256471 
177 316 8 11 0.03250381 
204 303 18 20 0.032386653 
722 316 17 23 0.032150183 
591 286 10 13 0.03203572 
568 287 9 11 0.031496335 
747 317 22 26 0.031225279 
878 306 20 29 0.031118136 
643 310 20 27 0.030045746 
760 320 21 27 0.029688567 
572 292 10 12 0.029608713 
598 285 10 13 0.029550446 
904 396 8 11 0.029545998 
643 362 15 18 0.028935727 
375 313 17 25 0.028869804 
551 412 10 13 0.028615793 
882 414 8 10 0.028131241 
392 319 12 18 0.02726096 
373 389 9 10 0.026543675 
576 391 11 13 0.025649928 
399 312 18 24 0.02550427 
458 310 10 15 0.025361339 
454 387 8 11 0.025183933 
624 389 12 15 0.024813069 
505 400 11 13 0.02470919 
933 397 21 25 0.024589008 
668 344 14 18 0.024554174 
622 380 11 13 0.024536287 
677 325 15 19 0.024104796 
141 304 10 12 0.023727661 
932 341 14 18 0.023597535 
937 503 9 10 0.023043199 
616 303 10 12 0.02300247 
430 325 9 12 0.022717653 
635 329 13 17 0.022599488 
429 318 10 13 0.022502372 
147 326 16 18 0.022491353 
510 410 9 12 0.022392798 
558 400 9 11 0.022006363 
645 369 14 19 0.021843437 
640 407 11 13 0.021501444 
971 323 13 18 0.021458738 
180 303 9 11 0.021395475 
629 310 15 19 0.021381637 
453 338 10 15 0.021057637 
87 302 9 11 0.020920167 
798 296 16 24 0.020682698 
556 287 10 12 0.020474931 
