25_Soldier_Patrol_Soldier_Patrol_25_271
61
524 338 18 21 0.9174798 
140 50 20 25 0.8202458 
508 374 14 19 0.22753565 
518 365 12 15 0.1697845 
608 227 11 15 0.13573152 
473 388 13 14 0.11957748 
511 363 11 15 0.10984879 
509 359 11 13 0.10286091 
570 329 13 18 0.08699838 
459 412 16 21 0.07895223 
545 378 10 14 0.07120468 
493 366 9 13 0.06521932 
563 227 14 19 0.05481355 
644 229 13 17 0.054766856 
152 40 20 27 0.053223554 
567 281 28 34 0.050902154 
461 407 46 48 0.050181445 
639 288 16 18 0.046216596 
634 462 16 19 0.044338718 
510 351 10 13 0.043728944 
533 372 11 15 0.042170122 
487 372 10 13 0.042014256 
584 222 11 14 0.041583404 
463 393 15 19 0.041204605 
621 200 9 11 0.039551105 
114 74 16 20 0.037880275 
471 406 27 32 0.037735935 
532 366 9 13 0.037582032 
564 233 21 27 0.037440203 
369 90 15 20 0.036958832 
557 324 10 14 0.036499135 
511 365 19 25 0.035421107 
613 222 11 15 0.031782046 
580 235 13 16 0.031692024 
524 369 11 14 0.031168869 
164 540 11 12 0.031093897 
617 203 11 13 0.0302923 
622 220 9 12 0.029896842 
524 352 14 16 0.02958379 
569 227 15 18 0.027315347 
615 214 10 13 0.026729621 
460 395 23 30 0.02651294 
579 242 14 18 0.02603528 
130 48 21 29 0.025436977 
32 -23 413 437 0.025292039 
623 245 9 11 0.025102401 
622 239 9 11 0.02491943 
601 227 10 15 0.024845513 
862 251 15 16 0.024820881 
505 363 11 14 0.023256684 
671 231 8 12 0.02320977 
176 586 10 12 0.021748658 
599 220 11 15 0.021742724 
650 214 8 10 0.021281673 
559 272 9 13 0.021159386 
122 517 9 12 0.02108755 
516 360 20 24 0.020959403 
623 213 10 13 0.020894453 
614 235 10 12 0.020601118 
128 55 14 21 0.020447293 
571 238 22 28 0.020300847 
