25_Soldier_Patrol_Soldier_Patrol_25_734
62
544 391 25 35 0.9613191 
37 439 26 30 0.74128795 
154 441 17 24 0.7103552 
690 559 25 28 0.5682949 
383 397 26 32 0.5575561 
279 382 26 35 0.44006863 
530 228 33 35 0.43699995 
300 397 24 32 0.35930967 
731 230 15 19 0.34782106 
367 237 25 33 0.25220707 
285 390 28 37 0.1456076 
275 413 37 35 0.117535934 
158 438 26 31 0.09983822 
751 266 11 15 0.09465647 
608 271 44 57 0.0915907 
183 304 11 13 0.08891861 
572 355 34 38 0.07445733 
946 462 27 33 0.072927155 
806 664 24 31 0.06278938 
571 467 27 33 0.059097312 
750 675 16 20 0.056236804 
712 236 12 16 0.054885462 
28 441 17 22 0.053914037 
739 232 13 18 0.053150773 
21 442 15 21 0.04674589 
306 403 29 41 0.044219945 
349 421 12 16 0.042700347 
545 224 27 34 0.042055197 
270 425 31 31 0.036690246 
1 495 22 38 0.035893198 
366 410 24 33 0.035772905 
185 416 11 13 0.033539686 
683 230 12 12 0.033526078 
213 562 30 40 0.032788396 
643 357 11 14 0.032191012 
751 280 14 19 0.031916693 
174 439 25 31 0.03183153 
715 232 20 25 0.030328276 
168 315 10 14 0.030210534 
53 432 22 36 0.029814446 
387 254 28 30 0.027825609 
173 407 9 11 0.027762733 
174 414 10 12 0.027632728 
698 572 19 22 0.02717446 
586 475 29 36 0.026921561 
350 416 22 29 0.026910068 
713 233 9 11 0.026495125 
707 352 190 251 0.023866935 
161 364 26 31 0.02377404 
174 308 12 17 0.023766939 
737 672 24 27 0.023474844 
187 475 14 18 0.023171892 
259 414 62 52 0.022761842 
717 231 10 13 0.022198247 
660 246 10 13 0.022079226 
1011 523 11 18 0.021188391 
177 301 21 25 0.021008784 
1012 547 11 22 0.020962836 
26 429 27 33 0.020939963 
693 245 12 15 0.020738326 
694 252 12 15 0.02061674 
684 253 12 14 0.020528786 
