25_Soldier_Patrol_Soldier_Patrol_25_882
19
801 499 133 109 0.85328144 
802 521 38 40 0.087722704 
215 209 15 20 0.07408602 
730 514 15 20 0.05570578 
-21 2 154 238 0.051735386 
522 483 93 109 0.035133775 
404 527 68 61 0.03332309 
679 464 27 29 0.029336222 
407 499 97 109 0.02705601 
726 146 12 16 0.02678202 
795 520 83 71 0.025598435 
903 518 8 12 0.024435915 
812 510 14 14 0.022355612 
776 517 23 34 0.0215356 
829 486 13 16 0.021183657 
855 516 72 69 0.02104038 
899 531 31 37 0.020872865 
795 514 29 35 0.02063697 
786 385 206 257 0.020123484 
