25_Soldier_Patrol_Soldier_Patrol_25_121
389
683 87 64 74 0.99874336 
190 84 9 12 0.5436426 
228 194 14 17 0.39211774 
123 157 14 17 0.35766578 
251 142 12 16 0.27525637 
158 72 9 11 0.22978172 
309 92 11 12 0.22002175 
205 208 13 16 0.20049144 
254 115 10 14 0.18546718 
292 35 10 13 0.17878284 
113 179 16 18 0.17733543 
142 71 9 11 0.16840024 
158 93 9 10 0.16498522 
238 60 8 10 0.16181535 
239 13 8 10 0.16073878 
173 222 15 20 0.13407315 
265 95 8 12 0.1337035 
233 56 9 11 0.1289592 
303 14 10 12 0.12633698 
199 86 9 11 0.12457826 
113 102 10 12 0.11873844 
292 78 9 12 0.117712356 
229 165 10 13 0.11686882 
201 190 12 15 0.11635767 
173 84 9 11 0.116279714 
191 171 12 15 0.11561132 
249 109 9 13 0.10896505 
152 86 9 11 0.10644585 
216 69 10 12 0.10543924 
141 94 9 11 0.104767226 
161 111 10 12 0.103820406 
223 31 8 9 0.10198813 
216 77 10 13 0.10122066 
126 187 12 16 0.099436305 
165 103 9 12 0.09682092 
168 78 10 12 0.09678914 
256 71 9 11 0.09525438 
232 93 9 12 0.09116999 
136 197 13 15 0.09065391 
288 30 10 13 0.09020332 
172 210 22 27 0.08958254 
143 102 10 12 0.08880988 
173 79 8 11 0.08761582 
242 31 7 9 0.08433896 
257 13 8 10 0.08406701 
191 63 8 10 0.08214143 
100 139 15 19 0.079467736 
293 7 10 10 0.07869594 
568 264 61 59 0.078377865 
263 87 8 11 0.07807504 
209 16 7 10 0.07761039 
148 251 17 21 0.077308655 
646 390 17 21 0.077041864 
302 19 8 11 0.076941766 
183 186 14 16 0.07682935 
220 63 10 12 0.076310664 
223 94 9 12 0.07536559 
221 135 9 11 0.07523872 
193 31 8 10 0.07502067 
220 69 10 12 0.074959084 
215 46 9 11 0.07337362 
351 319 8 10 0.07232368 
192 53 8 10 0.07201929 
216 39 8 10 0.071565785 
198 31 8 10 0.07064038 
129 61 8 10 0.07047715 
258 45 9 11 0.07022439 
204 86 9 11 0.07010254 
246 127 10 12 0.06995549 
135 88 9 10 0.069480814 
132 125 13 16 0.06910647 
304 6 10 12 0.06827344 
216 8 8 9 0.06684972 
246 31 7 10 0.06649386 
177 205 16 20 0.0663898 
258 38 8 11 0.06578095 
238 8 9 10 0.065498546 
288 70 8 9 0.065369606 
245 38 8 10 0.06481646 
198 0 8 8 0.06475187 
117 95 8 10 0.06468178 
224 14 7 9 0.06457139 
290 8 8 9 0.06378934 
248 134 10 13 0.063550614 
357 81 11 12 0.06351255 
53 125 27 30 0.06192897 
207 64 9 11 0.061391167 
233 15 8 9 0.060422696 
7 267 25 32 0.06029143 
185 81 9 12 0.060026657 
149 109 10 12 0.059978668 
222 100 9 12 0.05973122 
177 45 9 11 0.05939089 
302 0 9 9 0.05898843 
120 72 9 11 0.058809154 
92 122 11 15 0.05861864 
656 98 35 42 0.058545977 
165 45 8 11 0.0582335 
216 23 7 9 0.058038447 
171 169 11 15 0.057991896 
296 15 10 11 0.057989877 
222 87 10 12 0.05783569 
268 101 10 11 0.057505786 
279 16 9 11 0.057313032 
308 13 9 11 0.057216845 
181 39 9 11 0.05715629 
167 225 14 18 0.056806162 
256 6 10 12 0.05651759 
14 446 11 14 0.054831408 
306 87 10 13 0.05466105 
167 72 8 10 0.054554127 
286 22 9 11 0.054536495 
609 466 30 34 0.054301407 
127 104 7 9 0.054168846 
154 30 7 9 0.05373487 
128 85 9 12 0.053302273 
160 39 8 9 0.052811045 
217 31 8 10 0.052575387 
195 79 14 15 0.052410852 
238 164 9 12 0.05217801 
238 127 8 11 0.0520518 
200 91 10 12 0.05128671 
167 22 6 9 0.05126955 
149 119 10 12 0.051255256 
209 68 10 12 0.051110595 
153 70 9 11 0.05075483 
146 194 15 18 0.050465163 
283 141 11 15 0.050388273 
344 0 12 11 0.050355434 
352 272 9 10 0.050119366 
298 20 8 11 0.04943461 
125 71 9 10 0.04937094 
223 191 13 16 0.049169563 
247 55 7 10 0.04904212 
113 88 8 11 0.048280343 
165 40 8 10 0.04813556 
139 147 11 14 0.0480659 
138 93 8 10 0.0479531 
280 302 9 11 0.04771949 
261 2 10 10 0.0475553 
208 21 7 10 0.047448058 
207 163 10 12 0.04737517 
160 23 8 10 0.0473138 
178 31 8 10 0.04715885 
253 181 10 12 0.04700112 
74 194 13 18 0.04677092 
142 88 8 10 0.046695136 
95 145 15 18 0.046399333 
133 56 8 10 0.046335436 
197 134 10 13 0.046333034 
223 37 8 9 0.04615724 
236 101 10 14 0.046069883 
138 72 8 10 0.04596759 
153 255 17 21 0.045875832 
112 192 13 18 0.045579802 
230 159 11 14 0.045308895 
153 92 10 12 0.04527413 
104 134 13 17 0.044547733 
270 37 7 10 0.04430797 
235 95 10 12 0.044121444 
190 69 11 12 0.043982327 
27 597 20 23 0.0438017 
223 24 7 9 0.043068133 
279 65 9 11 0.043017678 
230 88 10 12 0.0430118 
216 15 7 9 0.042926453 
246 153 14 17 0.042255625 
213 183 9 11 0.04219719 
234 126 9 11 0.04212106 
129 155 14 17 0.041965786 
216 143 9 12 0.04187643 
373 283 12 14 0.04179388 
222 8 8 10 0.04136718 
126 78 9 11 0.041164383 
247 6 8 10 0.04083157 
173 70 9 11 0.039893933 
142 124 11 13 0.03967234 
287 13 9 11 0.039314 
240 143 9 11 0.03930007 
204 195 12 13 0.039291795 
794 122 39 48 0.038840987 
200 23 8 10 0.03880678 
155 149 11 14 0.038620323 
342 84 11 15 0.038473282 
269 95 10 12 0.038459826 
196 167 11 13 0.03820087 
102 38 9 12 0.037286848 
130 189 13 16 0.037133016 
707 43 13 15 0.037050415 
257 1 9 10 0.036972173 
166 116 10 12 0.036954317 
184 24 8 10 0.036804307 
199 48 7 10 0.03680263 
224 107 11 14 0.03680013 
209 7 7 8 0.03624368 
254 64 9 11 0.03615286 
320 0 11 9 0.036042817 
255 30 9 12 0.03573781 
88 38 7 9 0.035640735 
183 63 9 10 0.035348978 
131 176 14 18 0.035314955 
256 24 7 10 0.035209153 
94 78 13 14 0.035196614 
191 24 8 9 0.035189014 
6 114 14 19 0.035153836 
203 116 12 13 0.035077997 
220 140 10 12 0.03503613 
234 8 9 10 0.0348475 
237 133 10 12 0.03472559 
101 204 14 19 0.034722324 
252 136 12 14 0.034299426 
262 153 13 17 0.03429282 
209 149 8 11 0.03424845 
119 88 8 10 0.03405664 
304 167 8 12 0.03400639 
182 31 9 10 0.033794045 
215 148 9 12 0.033495527 
319 279 8 9 0.03294333 
247 24 7 9 0.032891046 
211 272 25 33 0.03281182 
240 70 8 10 0.032526735 
726 242 23 30 0.03234972 
10 109 13 16 0.032329313 
93 191 11 15 0.031971015 
213 189 10 13 0.031733584 
184 54 7 9 0.031634543 
277 174 11 14 0.031554457 
15 524 11 14 0.03152208 
278 294 12 13 0.03147906 
200 62 8 11 0.031377863 
261 70 8 11 0.031353824 
138 277 13 16 0.03129831 
247 70 9 11 0.03125634 
278 136 12 14 0.031171385 
135 77 9 11 0.030917779 
350 84 15 16 0.030811569 
143 40 7 8 0.030795055 
644 424 25 33 0.03052138 
104 180 13 16 0.030483518 
231 79 9 11 0.030482775 
148 200 16 19 0.030467946 
234 384 16 20 0.030386623 
86 117 13 17 0.03038661 
186 177 15 18 0.030312655 
247 86 11 13 0.030175 
239 45 9 11 0.030076414 
19 317 16 20 0.029990029 
209 47 8 10 0.029927136 
147 103 11 14 0.029841738 
153 77 9 11 0.029778315 
231 150 9 11 0.029704485 
224 170 12 14 0.029597875 
230 368 26 32 0.029527865 
198 53 7 9 0.029445909 
181 45 9 12 0.02935911 
620 433 28 36 0.02921012 
180 194 14 16 0.029156378 
158 31 7 9 0.028992562 
207 184 11 13 0.028989278 
366 235 11 12 0.028464206 
356 271 9 11 0.028330086 
168 138 11 15 0.028324796 
218 95 9 12 0.028230412 
38 248 15 18 0.02819849 
133 110 9 11 0.028142586 
129 109 9 11 0.028016739 
288 181 8 12 0.027889322 
209 39 6 9 0.027716681 
96 22 8 10 0.027532447 
2 607 49 71 0.027289612 
593 244 57 55 0.027224666 
190 246 25 31 0.02722401 
246 62 8 11 0.027173504 
156 631 29 37 0.02714811 
262 37 10 12 0.027093654 
174 118 11 14 0.02697699 
175 64 10 11 0.02695658 
121 39 7 9 0.02693545 
151 14 8 10 0.02692067 
177 53 8 9 0.026895182 
263 167 10 13 0.02687352 
173 92 10 12 0.026774786 
273 21 8 11 0.026756248 
199 36 7 10 0.026578268 
152 64 8 10 0.02654336 
49 264 25 33 0.02650683 
232 119 9 12 0.026387515 
131 118 12 14 0.026328448 
117 107 8 12 0.026327861 
165 94 10 12 0.026233494 
282 29 9 11 0.02616838 
-1 574 79 113 0.026123289 
127 40 7 8 0.026111396 
281 7 7 9 0.025911063 
105 176 21 25 0.025844907 
155 204 15 18 0.02581874 
274 15 8 11 0.025815343 
193 1 9 9 0.025776012 
139 232 26 31 0.02570951 
192 140 11 15 0.02561835 
304 100 11 13 0.025546072 
183 167 11 14 0.025541088 
780 188 32 37 0.025389612 
222 55 9 11 0.02537875 
231 23 7 9 0.025283324 
156 189 11 14 0.02503661 
121 437 11 14 0.02503652 
136 49 8 9 0.024992755 
168 31 6 9 0.02479567 
154 23 7 10 0.024770822 
142 47 8 10 0.024678526 
178 24 7 9 0.024645744 
259 139 12 16 0.024586704 
255 203 9 12 0.024541596 
286 382 8 10 0.024447808 
237 104 13 16 0.024362748 
59 270 13 19 0.024337795 
342 80 9 12 0.024138322 
317 95 11 13 0.024033424 
140 198 15 19 0.023942236 
644 382 17 20 0.023912046 
126 92 9 12 0.023878802 
198 69 11 12 0.023760002 
174 217 26 32 0.023756836 
0 505 14 22 0.023743605 
186 76 18 23 0.02365026 
222 158 11 14 0.023617486 
111 77 9 10 0.02357622 
178 403 10 13 0.023529371 
240 23 7 9 0.023411483 
254 86 9 12 0.023411429 
271 367 8 11 0.02333279 
244 163 11 14 0.023303598 
245 15 8 10 0.023301728 
232 394 11 14 0.02318844 
221 148 11 12 0.023174657 
152 47 7 9 0.023150034 
289 0 22 24 0.023117933 
241 147 10 13 0.023066385 
159 124 9 11 0.023063293 
278 94 11 13 0.0229739 
268 149 13 17 0.022824958 
111 57 7 8 0.022810722 
262 24 8 9 0.022489171 
164 204 14 18 0.022442378 
231 70 8 10 0.022442069 
143 164 12 14 0.022386158 
271 292 10 11 0.022378197 
233 142 9 12 0.02231412 
359 326 10 12 0.022302598 
668 421 31 39 0.02220739 
141 211 15 20 0.022036051 
247 77 9 11 0.022009663 
239 78 8 10 0.0219997 
29 523 14 17 0.021966698 
163 223 23 30 0.021729963 
112 46 7 10 0.021667793 
180 244 15 18 0.021561285 
246 46 8 11 0.02155988 
223 0 8 8 0.021501575 
154 245 17 21 0.02146684 
116 233 14 18 0.021429898 
270 4 8 10 0.021376489 
133 493 14 16 0.021331199 
214 159 11 13 0.0212275 
37 157 12 14 0.02120583 
270 47 8 11 0.021180764 
231 48 8 10 0.02113587 
153 55 7 9 0.021119826 
96 62 8 10 0.021096854 
221 46 10 12 0.021085896 
184 91 10 12 0.02104479 
198 6 8 9 0.021007208 
279 78 10 11 0.021002198 
192 16 7 9 0.02098069 
20 523 14 18 0.020792535 
271 64 9 11 0.020738965 
270 52 9 11 0.02068091 
294 91 10 12 0.020616787 
193 6 9 10 0.02058099 
123 169 16 19 0.020532716 
239 1 8 9 0.020514727 
52 154 13 17 0.020497419 
128 130 11 14 0.020475803 
126 408 13 14 0.020354789 
323 99 11 13 0.020347375 
200 241 26 29 0.02025225 
242 375 14 18 0.020218244 
245 102 11 16 0.020075446 
