25_Soldier_Patrol_Soldier_Patrol_25_683
24
683 413 211 211 0.99938095 
673 608 56 58 0.42111564 
293 204 14 16 0.13253756 
121 149 368 453 0.062424943 
49 511 8 9 0.037033934 
21 429 9 10 0.0287928 
16 429 9 10 0.028126985 
51 360 35 36 0.027409738 
2 477 8 12 0.027389202 
372 164 405 498 0.023250863 
80 560 8 9 0.023172766 
16 424 8 10 0.022981005 
125 656 9 10 0.022667393 
5 479 9 11 0.022532204 
296 208 16 17 0.02217372 
16 661 9 11 0.022004941 
38 557 10 10 0.021612177 
48 527 8 10 0.021491995 
9 630 8 11 0.021161329 
57 544 8 9 0.020821251 
8 635 10 13 0.020629248 
56 565 8 9 0.020555466 
193 663 8 9 0.02007996 
62 544 9 10 0.020079546 
