25_Soldier_Patrol_Soldier_Patrol_25_1026
55
204 219 47 57 0.94475937 
636 130 11 15 0.8963913 
577 231 24 31 0.66699487 
530 135 15 20 0.46104684 
580 141 10 14 0.21110524 
656 310 12 14 0.12566407 
606 126 9 11 0.116367355 
419 246 16 20 0.073427245 
545 330 12 17 0.06306376 
576 144 11 14 0.058145706 
604 119 10 13 0.053509966 
583 137 10 12 0.04883243 
517 149 12 17 0.04817755 
601 123 11 14 0.045678895 
607 132 9 12 0.044931915 
879 441 17 18 0.043597616 
30 214 8 10 0.04266806 
411 234 24 36 0.042628437 
531 361 12 12 0.04164015 
202 191 57 57 0.041102454 
525 142 17 24 0.037349943 
633 154 23 29 0.03729955 
0 180 25 41 0.036623504 
588 141 10 12 0.036281187 
345 215 10 12 0.03554924 
589 135 9 11 0.035083443 
606 341 9 13 0.033885848 
653 302 20 25 0.033536803 
584 255 46 57 0.030056385 
352 238 9 12 0.030038076 
667 299 11 15 0.029927228 
644 156 15 19 0.028834237 
600 142 9 11 0.027618108 
762 191 7 9 0.026459796 
25 213 9 12 0.0261146 
1 388 10 14 0.025984593 
640 189 11 13 0.025583152 
600 133 10 12 0.024132395 
377 217 15 16 0.02379478 
606 139 10 13 0.02314558 
590 150 8 11 0.02259752 
0 250 9 15 0.0225179 
3 397 12 14 0.022300722 
591 116 10 13 0.021976678 
766 192 7 8 0.02162996 
39 213 8 10 0.02156497 
917 82 103 137 0.021377034 
273 182 97 134 0.020948647 
4 403 13 15 0.020917442 
538 138 12 17 0.020902716 
349 220 8 11 0.02062114 
606 112 9 12 0.020204479 
669 307 11 15 0.020168006 
15 319 106 137 0.0201421 
506 292 9 12 0.020074574 
