25_Soldier_Patrol_Soldier_Patrol_25_169
32
280 99 94 120 0.9957371 
408 307 11 14 0.05942164 
435 255 16 19 0.058426317 
414 330 10 13 0.04578847 
229 109 101 123 0.04494203 
275 377 48 58 0.043339536 
212 130 67 83 0.042222746 
746 156 15 20 0.038389012 
166 245 26 34 0.034542266 
670 132 14 20 0.034349974 
421 241 11 14 0.032860495 
776 677 11 13 0.03235036 
424 319 10 11 0.031378474 
493 7 9 10 0.03006786 
489 6 8 10 0.027647424 
438 7 9 9 0.027490018 
460 128 26 29 0.026884876 
399 303 11 14 0.026612712 
793 329 15 18 0.026061691 
840 679 9 11 0.025249854 
439 48 8 11 0.025076425 
310 410 14 19 0.023237173 
130 425 235 275 0.023215592 
446 49 7 9 0.022571946 
856 683 11 14 0.022315655 
207 47 169 231 0.02222412 
353 145 16 25 0.022125263 
448 71 8 11 0.021460691 
267 490 26 29 0.02131648 
446 267 12 17 0.020797823 
502 37 9 12 0.02033281 
472 7 7 9 0.020331515 
