25_Soldier_Patrol_Soldier_Patrol_25_1029
70
555 328 30 39 0.9990539 
119 436 64 82 0.9989361 
511 381 41 68 0.9986098 
581 142 30 41 0.99815136 
154 200 50 57 0.99772507 
255 361 56 69 0.99712485 
609 298 38 43 0.9965969 
660 311 36 40 0.9965569 
499 184 33 43 0.99513876 
456 182 44 54 0.98518 
872 171 41 45 0.9795147 
249 183 40 49 0.97851014 
736 145 56 72 0.9756707 
656 195 27 36 0.9507751 
716 186 33 44 0.90229434 
727 170 44 59 0.51062524 
385 183 9 11 0.34732702 
406 184 9 12 0.18673466 
982 243 41 65 0.16199382 
405 165 10 14 0.16004933 
746 331 24 32 0.15016846 
435 163 8 10 0.13789067 
969 530 55 113 0.12610333 
400 186 10 13 0.11364049 
678 400 37 44 0.10071111 
755 123 58 78 0.094013534 
216 329 40 51 0.081870936 
655 198 16 25 0.07982004 
625 226 16 20 0.07942981 
412 204 9 13 0.07542004 
850 88 26 32 0.0726836 
388 185 10 14 0.06697073 
422 175 9 11 0.056962557 
412 199 9 12 0.055516694 
945 304 61 74 0.0542803 
958 284 58 67 0.05119141 
541 168 14 16 0.047841106 
667 201 29 33 0.04678828 
596 222 24 27 0.044133496 
736 337 38 51 0.04264777 
259 618 15 18 0.042108245 
701 185 12 19 0.03983458 
534 389 46 61 0.037961554 
548 164 11 15 0.03516758 
378 183 10 11 0.034287516 
126 585 29 31 0.03382186 
733 356 28 38 0.03149216 
284 46 18 20 0.03102644 
609 138 24 30 0.031001488 
472 404 33 47 0.030052202 
567 396 29 36 0.03003172 
537 158 21 28 0.028400656 
149 197 32 42 0.028149309 
259 96 13 17 0.027220422 
645 315 27 33 0.026185805 
415 183 9 11 0.024770962 
384 178 9 12 0.022290185 
400 110 9 11 0.021623699 
594 140 28 37 0.021444885 
717 337 39 54 0.021424936 
750 207 31 38 0.021378323 
101 417 53 71 0.021307502 
652 178 27 36 0.021104895 
679 210 28 34 0.021085387 
740 361 17 23 0.020955913 
195 205 25 36 0.020907328 
90 427 29 44 0.020722909 
877 80 26 31 0.02019237 
842 184 45 53 0.02013572 
381 182 19 24 0.02006979 
