25_Soldier_Patrol_Soldier_Patrol_25_374
29
228 282 47 60 0.9990625 
51 287 51 68 0.99900407 
494 77 45 59 0.9919361 
374 288 31 39 0.40897465 
913 247 67 79 0.2114057 
811 314 16 20 0.0687695 
717 371 26 32 0.066026516 
917 665 24 30 0.06516763 
921 293 55 64 0.06005562 
461 103 14 19 0.044830523 
694 363 46 52 0.043960817 
747 346 16 18 0.04123459 
445 107 12 15 0.039821696 
558 195 15 20 0.038264707 
892 250 57 72 0.03278427 
353 156 62 53 0.030962389 
771 311 28 32 0.02737887 
285 688 24 26 0.026785776 
920 322 43 42 0.026579987 
12 683 11 14 0.026325477 
742 701 29 32 0.026047908 
146 486 26 31 0.02474851 
651 270 179 233 0.02399701 
756 379 16 20 0.02395345 
454 104 15 19 0.0225857 
377 214 18 19 0.022584556 
221 105 53 51 0.02200091 
339 345 15 19 0.020681601 
788 316 27 32 0.020491928 
