25_Soldier_Patrol_Soldier_Patrol_25_640
22
432 4 236 322 0.9999256 
199 96 50 71 0.075255476 
60 56 17 19 0.037186034 
135 32 33 40 0.03423712 
205 85 35 42 0.03277398 
211 79 52 67 0.032058097 
181 51 47 63 0.030698055 
185 69 53 76 0.02945465 
319 99 50 65 0.028028896 
324 85 19 24 0.025030106 
264 56 29 38 0.024311297 
169 7 30 35 0.024239799 
79 339 15 18 0.024135932 
254 90 44 63 0.023861147 
517 558 11 14 0.0236707 
207 36 46 62 0.02336438 
228 77 30 36 0.022533398 
230 92 49 68 0.021870105 
299 94 46 66 0.02135297 
279 63 25 32 0.020873308 
216 54 50 63 0.020174867 
37 515 31 53 0.020055557 
