25_Soldier_Patrol_Soldier_Patrol_25_437
20
697 272 42 65 0.9828371 
368 383 25 41 0.94020027 
557 46 56 71 0.83475083 
261 119 28 50 0.83472306 
317 364 30 50 0.32880965 
122 196 29 32 0.12937765 
749 298 39 61 0.060881544 
421 251 52 72 0.039130054 
241 119 38 53 0.03604565 
267 97 39 63 0.03081033 
550 73 60 88 0.028638726 
287 73 38 56 0.028055377 
124 190 16 17 0.02788087 
653 362 10 14 0.02743625 
511 100 48 64 0.025504967 
673 247 79 102 0.025248341 
626 525 17 21 0.024751043 
211 105 30 51 0.024738774 
497 259 61 80 0.024154842 
600 41 28 45 0.020952387 
