48_Parachutist_Paratrooper_Parachutist_Paratrooper_48_596
28
439 178 124 146 0.9976273 
180 947 66 79 0.49185133 
473 1064 106 104 0.2970452 
305 706 236 310 0.17858693 
264 834 187 264 0.10576367 
380 148 197 254 0.062067393 
476 675 66 71 0.05705872 
503 771 58 71 0.0542288 
423 758 136 131 0.051677052 
292 763 123 189 0.045854684 
215 927 110 142 0.045678902 
234 861 307 416 0.04442321 
381 681 223 247 0.038144216 
260 650 77 71 0.037616365 
427 947 208 234 0.034010116 
469 771 63 73 0.033174653 
339 719 401 464 0.030437456 
309 742 90 119 0.029751338 
496 810 68 75 0.026686577 
585 1015 160 233 0.025621247 
202 961 77 83 0.023685718 
517 221 33 40 0.023027735 
175 1287 49 64 0.021836117 
321 750 34 51 0.021031396 
208 923 196 253 0.020808045 
433 116 120 137 0.020295374 
147 893 114 142 0.02011395 
363 749 24 35 0.020113086 
