48_Parachutist_Paratrooper_Parachutist_Paratrooper_48_678
27
648 296 58 83 0.9983719 
336 322 44 70 0.98553663 
578 247 53 74 0.1375306 
872 413 13 17 0.1038459 
901 391 58 84 0.09445582 
901 301 14 16 0.07728179 
655 -2 390 448 0.06837555 
579 319 16 21 0.06388435 
908 327 17 19 0.04752551 
857 287 9 12 0.044225287 
861 291 11 13 0.042139772 
839 279 12 14 0.041214548 
252 274 75 129 0.038099106 
843 284 11 13 0.03437866 
916 355 16 19 0.033766918 
316 91 31 41 0.031123362 
535 225 83 108 0.03071224 
899 281 12 15 0.028540755 
916 350 12 15 0.027121136 
508 238 70 87 0.026487174 
204 268 95 136 0.025832584 
593 254 73 95 0.025217472 
621 288 58 84 0.024459053 
856 387 13 16 0.022274895 
795 690 115 111 0.022203565 
879 300 10 13 0.021733878 
851 303 13 16 0.021690462 
