48_Parachutist_Paratrooper_Parachutist_Paratrooper_48_652
37
342 93 124 175 0.99963427 
616 565 101 98 0.5348011 
265 940 134 146 0.5194594 
243 459 378 482 0.15943795 
503 560 24 38 0.14547418 
352 635 36 40 0.13657543 
573 577 121 116 0.06511025 
406 445 103 106 0.05184359 
313 571 17 22 0.046091564 
580 610 68 70 0.045419995 
292 562 17 21 0.04165208 
237 309 64 49 0.041429326 
268 590 13 17 0.03911638 
371 1142 14 16 0.036679186 
585 368 32 38 0.03467245 
545 324 35 45 0.031792782 
587 640 36 39 0.029820237 
364 1144 23 29 0.029270034 
299 566 18 23 0.028566036 
275 445 34 35 0.027809834 
305 604 15 16 0.027091298 
433 335 24 29 0.026913563 
349 654 117 112 0.02681391 
570 343 42 58 0.026184626 
451 638 34 33 0.025199262 
591 389 51 61 0.024533562 
365 1170 15 20 0.024042629 
410 350 26 38 0.023465864 
421 340 29 40 0.022878392 
490 553 43 53 0.022766264 
344 683 36 47 0.02260337 
261 588 14 17 0.022569427 
221 1237 200 270 0.022443898 
496 1054 23 26 0.022012532 
388 983 16 19 0.020489072 
373 321 33 34 0.020326538 
575 376 25 34 0.02006117 
