48_Parachutist_Paratrooper_Parachutist_Paratrooper_48_656
97
557 190 43 38 0.936979 
617 361 27 35 0.86920625 
804 278 208 283 0.84262055 
36 352 173 199 0.7209435 
69 20 107 162 0.5286478 
484 435 26 30 0.23333839 
449 137 15 20 0.22282633 
481 164 15 17 0.17264138 
721 622 8 10 0.16568139 
380 633 13 16 0.10081574 
425 392 26 32 0.0919114 
849 360 119 190 0.08368414 
317 379 32 38 0.08258279 
222 239 56 65 0.082048394 
477 168 16 20 0.072675355 
603 322 16 18 0.072027646 
354 257 46 50 0.07194701 
292 275 59 69 0.07112629 
128 678 8 10 0.07019551 
471 175 21 27 0.06766829 
606 347 45 44 0.060464993 
701 674 11 13 0.059756827 
822 598 8 10 0.05928323 
117 430 73 103 0.058728937 
517 172 15 17 0.0580094 
597 639 10 12 0.05528612 
483 653 18 23 0.054876395 
838 92 180 274 0.05195254 
475 505 14 16 0.050853774 
514 172 28 30 0.04958191 
369 272 21 21 0.044975873 
494 420 27 30 0.04077448 
376 656 10 13 0.0402436 
535 366 12 14 0.040061347 
515 395 16 19 0.03895052 
17 184 104 105 0.038233045 
624 178 33 36 0.03800692 
660 248 17 21 0.035904102 
231 218 69 59 0.035110306 
470 119 12 14 0.03439318 
560 164 52 54 0.033565216 
735 607 7 10 0.032828175 
18 54 173 225 0.032659315 
319 277 36 40 0.032574654 
377 629 11 16 0.032293994 
499 411 27 29 0.030894034 
471 439 53 46 0.030800508 
660 253 23 29 0.03030173 
598 146 48 46 0.030195476 
737 624 8 10 0.029981486 
10 -1 123 140 0.029884426 
393 363 45 46 0.029847857 
615 359 16 27 0.028620392 
710 667 14 15 0.028348979 
178 669 9 10 0.02819424 
728 629 7 9 0.02815895 
339 288 13 20 0.028078575 
405 606 13 18 0.0280684 
397 616 12 17 0.027734155 
715 622 8 11 0.027705407 
892 50 126 200 0.027610574 
199 218 27 38 0.027507572 
121 693 8 11 0.027294643 
742 624 7 9 0.026784671 
334 271 47 60 0.025693173 
89 672 7 9 0.025459293 
314 391 26 42 0.025408171 
755 55 385 455 0.025128704 
292 282 412 428 0.025010007 
857 221 148 219 0.024265297 
246 202 82 60 0.024049984 
41 205 69 59 0.02399435 
695 624 7 9 0.023929391 
728 574 9 11 0.023499444 
408 400 35 33 0.023132162 
122 688 8 11 0.022847602 
736 629 8 9 0.022644153 
628 337 58 44 0.022630414 
581 493 10 13 0.022602513 
396 589 10 13 0.022329418 
593 170 48 54 0.022267118 
373 600 10 12 0.022228418 
404 471 104 102 0.022215554 
679 23 37 48 0.02217945 
385 630 13 15 0.02163194 
720 558 7 9 0.021279654 
625 405 41 41 0.021225117 
502 690 16 18 0.02101743 
373 261 34 33 0.02093207 
72 718 9 11 0.020908441 
711 566 8 10 0.020752922 
633 186 18 20 0.02065395 
498 437 31 33 0.020624194 
515 411 13 16 0.02038923 
824 620 9 12 0.020380346 
138 712 6 8 0.020089298 
583 155 35 35 0.020010523 
