48_Parachutist_Paratrooper_Parachutist_Paratrooper_48_122
108
399 165 127 154 0.99985254 
629 614 131 163 0.70074713 
255 188 106 146 0.27596855 
665 1203 15 19 0.21939512 
873 1287 18 21 0.19939692 
152 235 11 15 0.1633791 
259 1357 13 16 0.14810754 
589 70 44 78 0.1382875 
106 1052 18 24 0.1304769 
273 470 52 63 0.09718131 
102 434 59 90 0.095606185 
819 1299 13 18 0.08460702 
699 72 106 136 0.07321686 
908 1302 16 21 0.06996132 
510 679 52 70 0.059642863 
609 33 51 87 0.059410635 
96 222 10 15 0.057704873 
378 1335 7 10 0.056512076 
75 855 327 433 0.05599643 
668 1190 16 17 0.055759743 
389 1365 9 12 0.055337172 
661 1287 11 14 0.053537704 
548 76 28 38 0.050627533 
634 17 88 106 0.047680587 
763 1034 16 22 0.047392644 
56 968 30 44 0.047090758 
869 1275 27 34 0.046414692 
187 352 76 57 0.045898143 
84 200 14 17 0.04578333 
809 532 71 84 0.044572003 
34 941 53 72 0.04447314 
162 773 40 44 0.044472165 
164 190 96 122 0.04421924 
24 683 44 62 0.044126794 
111 236 14 17 0.043154903 
235 1382 11 14 0.04258872 
205 190 110 138 0.04249396 
655 39 31 40 0.04152183 
87 150 12 16 0.04134394 
697 1324 10 14 0.040182687 
657 1286 9 11 0.039024968 
344 36 53 78 0.03881134 
622 1244 15 20 0.037929777 
262 1378 27 32 0.03655459 
24 626 383 477 0.036226097 
967 1211 51 69 0.03550414 
376 1325 9 10 0.034667492 
579 54 75 119 0.034655567 
626 11 18 20 0.032746334 
655 1225 12 14 0.032682657 
269 1357 10 13 0.031814806 
70 721 16 19 0.03172951 
863 1273 47 55 0.030533563 
324 46 51 78 0.030309727 
382 1336 7 9 0.02949429 
35 969 23 35 0.029050482 
674 136 14 17 0.028961949 
144 235 12 16 0.028827742 
654 26 107 135 0.028634898 
43 228 362 431 0.028318273 
677 1383 10 13 0.027454961 
154 238 16 21 0.026709147 
104 236 11 14 0.02669137 
329 6 93 114 0.026559433 
359 1377 9 11 0.026205914 
278 1359 11 12 0.025616337 
186 544 367 502 0.025607126 
27 37 11 12 0.025503179 
512 63 15 19 0.02540464 
651 1211 14 20 0.02524618 
678 448 101 113 0.024996173 
278 1343 8 9 0.024676835 
756 1028 26 36 0.024546772 
718 97 65 85 0.024202643 
384 1342 7 9 0.024011897 
110 1367 41 56 0.023898177 
658 1216 16 19 0.023562163 
660 1226 12 15 0.02355579 
26 30 10 12 0.023455918 
537 303 43 49 0.023403341 
394 1391 9 12 0.023184082 
276 459 39 39 0.023086168 
714 1220 14 17 0.022846654 
388 1359 10 13 0.02256012 
355 1376 8 9 0.022552807 
611 3 30 33 0.022382151 
13 170 13 15 0.02235985 
118 1006 205 271 0.021791594 
85 1033 12 16 0.021685746 
346 457 39 47 0.021672204 
289 1319 9 10 0.02146616 
696 965 14 17 0.021398883 
58 224 16 19 0.02118627 
271 1352 9 11 0.02113756 
624 1240 11 14 0.021123024 
645 1217 16 19 0.021060035 
416 1372 8 11 0.021054825 
642 -1 19 19 0.020762216 
6 45 11 14 0.020706218 
140 228 14 18 0.020570928 
399 492 42 45 0.02053371 
405 485 344 444 0.020529758 
343 1306 8 9 0.020465022 
93 174 13 16 0.020309 
586 17 26 41 0.0202562 
30 654 89 125 0.020227196 
192 186 172 239 0.0201675 
71 174 11 13 0.020087393 
