48_Parachutist_Paratrooper_Parachutist_Paratrooper_48_1015
185
858 317 54 58 0.9969842 
342 211 26 30 0.9967049 
93 124 44 64 0.996007 
326 385 36 42 0.98757696 
850 209 22 25 0.9849888 
628 347 36 42 0.98380476 
218 403 34 40 0.97999656 
455 222 23 28 0.97477764 
956 314 26 35 0.95655984 
554 357 36 41 0.95379037 
632 209 21 26 0.9478419 
982 301 39 51 0.9421257 
177 371 37 43 0.9191714 
468 363 32 38 0.9026062 
679 345 39 52 0.89520556 
966 190 22 27 0.888188 
708 225 18 22 0.8670732 
278 259 21 27 0.85830337 
961 454 30 35 0.81994915 
236 271 24 27 0.8137782 
223 245 20 23 0.79483896 
570 224 17 22 0.7926198 
927 319 29 42 0.7253983 
761 212 19 23 0.7187843 
787 215 15 21 0.7124434 
545 238 20 22 0.70673716 
453 355 16 22 0.63333553 
795 328 34 37 0.56668574 
763 414 28 39 0.4747778 
3 280 16 22 0.45540377 
426 364 23 29 0.45382288 
783 356 33 37 0.42640775 
225 294 13 17 0.3388889 
521 338 28 33 0.3250709 
462 447 30 39 0.31431174 
601 247 14 16 0.26347873 
845 337 24 34 0.2044611 
749 248 13 16 0.18231404 
462 351 24 32 0.1606431 
513 238 17 20 0.15853694 
495 541 34 38 0.1531132 
425 252 11 13 0.13645805 
741 234 11 13 0.12395651 
229 251 24 29 0.11969428 
266 355 17 20 0.11457811 
441 531 31 33 0.10658564 
332 318 26 27 0.10179515 
237 255 26 32 0.10124984 
190 384 41 47 0.0919329 
1006 393 18 23 0.08434679 
374 403 14 18 0.08164915 
940 316 34 47 0.080441944 
628 330 14 18 0.07770864 
4 421 40 68 0.07443713 
463 373 24 34 0.07066129 
246 248 23 28 0.06991185 
571 324 14 18 0.06963514 
429 301 9 11 0.066140935 
0 283 21 36 0.064005956 
457 351 16 19 0.06359162 
440 341 11 12 0.062127963 
684 328 17 20 0.06088711 
570 326 26 28 0.059726667 
460 462 25 36 0.057123717 
570 361 35 38 0.055578202 
471 349 14 19 0.055324532 
191 313 11 14 0.053900905 
643 308 13 14 0.051930226 
550 233 12 14 0.05160741 
154 406 23 31 0.050622225 
702 348 31 40 0.050244983 
438 242 13 18 0.04925072 
867 274 15 19 0.048529904 
429 246 12 16 0.045483567 
436 359 23 31 0.045083534 
667 352 30 38 0.044096734 
577 228 17 22 0.044061974 
422 368 16 22 0.043017913 
400 389 11 14 0.04151667 
851 290 30 40 0.04137896 
443 225 24 30 0.040796086 
944 303 30 37 0.040747244 
483 365 28 32 0.04067616 
229 275 23 29 0.040389214 
268 255 23 30 0.039239835 
921 306 30 39 0.038445387 
839 342 18 24 0.037719663 
412 263 10 12 0.037213743 
469 335 11 13 0.036812443 
673 333 30 44 0.036287583 
456 341 11 14 0.035626087 
536 342 38 47 0.03420609 
859 279 26 36 0.0339521 
628 318 12 15 0.033579268 
330 328 17 19 0.033262946 
880 308 48 60 0.03261966 
536 363 27 35 0.032028817 
817 335 18 23 0.03170168 
564 328 20 22 0.03165165 
755 249 13 16 0.031550013 
627 326 26 32 0.031540297 
581 262 10 13 0.031399738 
382 376 14 19 0.030876327 
444 544 19 21 0.030824794 
69 393 29 31 0.030662777 
978 196 17 22 0.030347845 
624 337 27 41 0.030331817 
559 341 34 41 0.0301709 
552 246 17 21 0.03007737 
975 462 18 22 0.029856527 
323 331 25 27 0.029742075 
481 290 15 18 0.029696936 
792 362 37 37 0.029475601 
995 176 23 30 0.029388342 
510 245 14 21 0.029293638 
817 276 9 12 0.029039824 
470 341 12 14 0.028955761 
412 371 14 18 0.028367452 
434 230 21 27 0.028253548 
721 227 14 18 0.028202055 
622 216 17 20 0.027865948 
993 573 32 64 0.027846565 
274 358 16 19 0.027665766 
986 288 16 19 0.027431438 
578 222 13 18 0.027417017 
982 182 25 31 0.027213957 
496 347 13 14 0.026448581 
444 336 11 13 0.026343226 
996 392 26 35 0.026308896 
907 320 33 45 0.026095098 
737 235 10 14 0.025881026 
543 244 16 23 0.025813477 
6 404 56 63 0.02530781 
374 349 12 15 0.025089998 
985 462 14 20 0.025033971 
250 264 23 32 0.024813132 
965 305 28 41 0.024615327 
955 304 17 24 0.024430614 
462 341 12 14 0.024426674 
466 444 21 25 0.024296617 
699 319 29 28 0.024038635 
307 254 11 14 0.024034832 
751 211 12 16 0.024034346 
457 339 21 27 0.02401315 
398 340 10 12 0.023922112 
707 238 16 19 0.02389885 
536 340 17 19 0.0238486 
427 380 17 22 0.023741009 
624 324 14 19 0.023724878 
738 230 20 25 0.023611752 
414 461 40 50 0.02358954 
624 202 22 29 0.023467822 
426 416 25 30 0.023389524 
258 362 25 27 0.023202835 
404 300 10 15 0.023126885 
517 233 11 14 0.023122199 
425 335 9 11 0.022481823 
692 318 13 16 0.022402415 
816 270 10 12 0.022312239 
442 247 15 20 0.022263687 
15 438 56 71 0.022142375 
612 378 22 33 0.022097507 
228 284 15 18 0.021894304 
864 268 24 31 0.021705594 
938 266 13 15 0.021682885 
951 291 15 17 0.021662911 
751 215 20 27 0.021650353 
459 366 16 23 0.02164279 
436 413 13 16 0.02159667 
863 267 15 21 0.021525895 
933 298 28 32 0.021492071 
641 423 17 20 0.021248529 
783 183 9 11 0.021239093 
408 267 11 13 0.021215422 
447 358 16 24 0.020995023 
554 226 21 27 0.020972507 
724 516 42 61 0.02081725 
423 442 18 21 0.020531144 
780 359 18 26 0.020496259 
582 486 52 61 0.020452833 
580 328 27 29 0.02027099 
874 219 16 19 0.020212881 
58 388 48 49 0.02014512 
325 392 17 25 0.020035872 
251 333 14 16 0.02001185 
