48_Parachutist_Paratrooper_Parachutist_Paratrooper_48_205
30
511 224 94 114 0.9991084 
301 156 43 50 0.5123627 
683 199 14 18 0.23265244 
345 238 42 39 0.16907693 
451 376 30 26 0.09306073 
337 323 65 74 0.09104524 
378 465 14 17 0.084555835 
614 397 100 122 0.06492745 
381 472 12 15 0.050521165 
735 221 9 12 0.050308894 
327 156 45 52 0.04545632 
322 391 15 18 0.039708532 
340 226 26 37 0.039444614 
366 445 11 15 0.0383491 
573 467 16 24 0.035179403 
701 196 9 13 0.03391255 
668 192 22 29 0.031527467 
414 470 8 10 0.03148075 
544 618 28 38 0.030018792 
295 149 30 49 0.024738418 
719 198 8 11 0.024682842 
343 369 39 43 0.023191907 
432 469 10 12 0.023108156 
329 206 54 58 0.02217027 
373 441 14 17 0.021792624 
-81 103 370 484 0.021476634 
65 138 24 31 0.020787787 
326 423 13 15 0.020720167 
541 626 41 55 0.020702932 
441 383 30 34 0.02031998 
