48_Parachutist_Paratrooper_Parachutist_Paratrooper_48_75
18
384 97 40 43 0.99129546 
846 149 52 69 0.9797616 
744 222 56 76 0.06703308 
814 151 55 64 0.052612443 
307 309 12 17 0.043988764 
924 262 48 74 0.042467825 
340 420 11 13 0.041554976 
818 297 46 61 0.04071757 
827 154 32 39 0.032384157 
173 658 30 29 0.031565253 
171 623 44 48 0.029049251 
706 27 86 117 0.027595345 
763 245 53 69 0.02668298 
804 326 49 63 0.0244998 
526 158 12 15 0.024229867 
500 122 11 14 0.022732403 
691 322 100 115 0.022256272 
661 312 95 95 0.02002248 
