17_Ceremony_Ceremony_17_803
162
322 23 99 135 0.99961156 
942 173 26 32 0.9987514 
646 89 87 111 0.9969599 
92 140 24 30 0.99180824 
573 139 14 18 0.9819056 
597 123 14 18 0.9616055 
627 108 12 17 0.95751095 
492 131 13 17 0.93973076 
527 115 14 18 0.92317307 
605 142 21 27 0.9048516 
632 151 18 25 0.9014702 
-4 69 112 240 0.8755305 
506 117 11 14 0.8508597 
149 124 14 19 0.84884286 
441 115 14 19 0.8108798 
123 125 17 21 0.77503467 
173 142 17 23 0.7032998 
568 117 12 14 0.6726389 
558 132 11 14 0.493765 
541 157 15 22 0.3882084 
163 106 12 15 0.34788072 
418 114 13 18 0.32219377 
114 142 14 21 0.2863931 
205 109 8 10 0.28511155 
239 125 13 17 0.25809407 
161 71 8 10 0.24789397 
159 249 59 113 0.22869639 
208 130 11 15 0.19416413 
221 116 10 12 0.17846426 
525 203 16 18 0.17054285 
212 127 11 15 0.1569142 
480 121 10 14 0.1484167 
621 147 20 27 0.14629075 
215 94 9 12 0.13262768 
196 132 12 17 0.11563905 
222 132 9 11 0.11062299 
91 111 11 15 0.10071707 
151 232 109 157 0.08948183 
484 120 9 12 0.08744608 
20 390 31 39 0.083454505 
105 143 17 23 0.083367296 
485 124 13 16 0.08096098 
186 75 8 10 0.06082612 
446 165 10 12 0.06024189 
507 156 12 16 0.058168262 
536 146 13 17 0.057740886 
510 135 10 13 0.0573396 
437 257 16 21 0.05672928 
509 151 10 13 0.056234475 
550 78 8 11 0.05550483 
223 113 10 11 0.054803535 
203 105 9 11 0.05391895 
478 157 10 14 0.052995224 
534 142 11 13 0.052572124 
524 163 14 16 0.049838483 
85 109 13 18 0.04877922 
633 132 12 15 0.048111062 
43 118 155 249 0.047994606 
577 134 15 18 0.047202315 
240 119 13 15 0.046644635 
497 281 13 16 0.045859095 
479 152 9 12 0.04574535 
534 154 16 22 0.044353172 
555 261 10 13 0.044330418 
540 149 13 17 0.043855388 
220 123 12 17 0.042938463 
12 365 41 50 0.04197997 
229 105 8 10 0.04157301 
461 165 10 12 0.04108455 
508 198 11 16 0.038248904 
581 120 11 13 0.038230628 
149 133 15 20 0.037700593 
110 122 14 17 0.03677999 
198 118 11 13 0.036220394 
583 124 12 15 0.0358619 
576 255 11 14 0.03557426 
228 110 9 11 0.03544503 
504 202 13 17 0.03521272 
571 122 13 16 0.03505411 
173 134 12 16 0.034688786 
600 253 12 15 0.03423891 
575 159 11 15 0.034096844 
463 120 10 12 0.033425786 
429 112 18 23 0.033119902 
175 61 8 11 0.03263948 
467 124 12 15 0.03248742 
144 130 14 18 0.032401152 
510 237 9 12 0.032321654 
218 113 9 10 0.03209533 
492 237 11 14 0.03167447 
202 126 19 24 0.031206196 
107 105 13 15 0.030877793 
635 137 14 19 0.03053519 
160 74 10 13 0.030409534 
561 118 10 13 0.030085707 
555 156 11 16 0.029752446 
103 123 13 15 0.02972216 
448 184 8 11 0.029202806 
240 120 21 27 0.028936055 
592 133 36 51 0.02860362 
215 112 20 26 0.028551327 
5 24 95 166 0.028473265 
141 137 13 17 0.028010845 
552 111 9 13 0.027923334 
539 201 13 18 0.027856845 
551 148 12 16 0.02780538 
530 197 16 20 0.02734332 
558 112 10 12 0.027055088 
207 117 10 13 0.026793491 
484 272 16 22 0.026633974 
456 165 10 13 0.026443902 
519 203 12 17 0.026376443 
544 69 8 12 0.026334291 
480 271 11 15 0.026190992 
102 108 13 14 0.026020652 
504 229 10 14 0.025872558 
193 137 11 14 0.025837837 
430 233 11 16 0.02565162 
636 128 13 17 0.025627283 
423 196 10 14 0.025567647 
132 120 12 14 0.025410099 
184 174 10 14 0.025199275 
845 -4 73 88 0.024871426 
200 102 18 24 0.02461271 
175 56 7 10 0.02448036 
523 124 10 13 0.024404373 
216 150 10 12 0.024402332 
445 197 11 14 0.024393493 
191 62 8 10 0.024170963 
591 202 14 18 0.023775237 
883 253 17 20 0.023690669 
189 72 8 11 0.023631783 
245 112 10 12 0.023609538 
441 165 11 13 0.02353438 
540 116 11 14 0.023221917 
155 118 12 15 0.02274088 
581 11 101 135 0.022671122 
439 235 11 15 0.02237218 
526 220 12 15 0.02223018 
454 123 11 15 0.02222245 
197 149 10 13 0.021710197 
504 152 9 12 0.021603337 
440 222 9 11 0.021554317 
555 127 19 24 0.021499077 
184 62 8 10 0.021249078 
491 209 14 19 0.021230055 
168 93 9 12 0.0212121 
567 197 12 15 0.021159157 
109 129 20 25 0.020996954 
480 205 12 14 0.020943375 
211 93 9 11 0.02087511 
638 120 24 39 0.020819642 
189 148 12 15 0.020761432 
534 135 9 11 0.020640252 
524 177 16 18 0.020614013 
498 132 12 16 0.020608013 
470 119 11 13 0.02055781 
472 112 9 10 0.020445777 
527 131 10 14 0.020439759 
530 207 16 18 0.020300755 
524 169 15 18 0.020253576 
540 315 11 15 0.02002405 
