17_Ceremony_Ceremony_17_1005
52
324 235 192 280 0.9997731 
861 185 55 68 0.9987178 
676 193 55 62 0.9980014 
785 178 55 73 0.9968407 
548 145 52 63 0.99660623 
911 1683 30 41 0.9666913 
827 116 50 61 0.94284385 
961 185 58 72 0.79242337 
437 104 28 35 0.6190088 
912 484 67 71 0.4470454 
475 96 25 32 0.33359087 
848 1669 48 57 0.2144821 
924 206 42 58 0.19833846 
0 262 32 43 0.17106296 
200 513 414 527 0.1275921 
946 203 56 67 0.063697845 
883 481 67 64 0.059574287 
813 147 55 69 0.046143837 
64 795 459 460 0.037290525 
931 471 82 112 0.036681846 
705 1258 12 16 0.03663852 
844 150 58 75 0.03633233 
848 124 50 58 0.036268994 
1000 258 22 33 0.035138313 
992 332 26 33 0.035018194 
627 11 73 61 0.033141106 
618 1123 27 36 0.03215477 
904 1699 12 16 0.031807624 
695 1164 11 14 0.031771857 
482 93 17 22 0.031585217 
826 196 34 50 0.031499933 
890 132 45 53 0.030859513 
718 1230 11 15 0.02953311 
451 102 25 33 0.027860703 
0 278 28 47 0.026933247 
148 516 133 136 0.02645123 
88 870 197 243 0.02629595 
662 522 15 23 0.026250962 
710 1166 11 13 0.026064461 
628 1131 45 63 0.025228968 
654 917 12 15 0.024487888 
938 513 41 44 0.024080142 
643 1208 14 19 0.023730027 
429 1239 415 540 0.02367417 
806 1257 13 16 0.022562632 
611 21 65 70 0.022540089 
119 949 108 139 0.022225827 
759 103 28 39 0.022051383 
512 60 10 15 0.022011757 
468 108 34 39 0.02172934 
614 1158 53 76 0.020595048 
777 106 24 34 0.020514522 
