17_Ceremony_Ceremony_17_300
37
187 155 43 55 0.99773127 
315 154 40 55 0.99699414 
427 138 43 55 0.9959347 
732 135 45 55 0.99580234 
597 149 45 54 0.9925477 
489 252 46 57 0.5331465 
190 383 13 15 0.2390922 
634 305 29 30 0.13671362 
549 181 14 20 0.051854778 
351 0 10 9 0.04158175 
385 266 16 18 0.03832842 
819 183 9 11 0.036395878 
207 399 12 15 0.03573784 
330 24 6 8 0.034556393 
241 14 9 10 0.03439 
801 182 11 12 0.033076674 
846 253 13 15 0.031537835 
608 6 9 10 0.031372387 
456 127 12 14 0.031327035 
863 0 9 10 0.029034458 
924 1 11 10 0.02773973 
861 15 8 10 0.025570761 
142 294 8 11 0.024734288 
863 72 9 10 0.02441872 
337 31 8 11 0.024323758 
334 23 7 9 0.024272036 
897 215 9 10 0.023485962 
319 8 8 9 0.023019293 
159 72 8 10 0.022423094 
321 47 8 9 0.021905681 
358 31 8 10 0.021851717 
181 420 12 13 0.02145696 
774 150 24 35 0.021159396 
350 53 9 12 0.020806074 
342 37 7 9 0.020484248 
872 9 9 10 0.02034798 
873 13 9 10 0.020335108 
