17_Ceremony_Ceremony_17_444
21
314 227 364 504 0.99983597 
228 521 536 497 0.18426684 
775 1382 11 14 0.13812242 
734 1358 8 10 0.057372574 
903 23 89 115 0.047099106 
10 974 98 140 0.04456793 
46 982 114 148 0.039706912 
799 1400 7 11 0.03583614 
751 1437 12 15 0.035320766 
551 1482 52 53 0.027986564 
724 1440 11 13 0.027468476 
782 1348 9 11 0.026811354 
768 1334 8 11 0.026628463 
1 54 396 481 0.023827856 
75 662 604 492 0.022363098 
793 1406 10 11 0.022237051 
213 233 298 463 0.022028105 
470 1482 58 55 0.02171594 
791 1342 9 12 0.02170831 
784 1414 8 11 0.021511896 
461 1501 33 34 0.021308826 
