17_Ceremony_Ceremony_17_211
373
551 232 36 49 0.9942873 
840 158 51 66 0.99243367 
592 237 38 48 0.9920615 
767 209 41 53 0.9913067 
686 224 41 50 0.98901784 
221 211 44 54 0.98404044 
587 369 42 56 0.97811663 
138 206 26 58 0.9237147 
404 109 37 72 0.6125245 
427 40 8 11 0.29958016 
398 38 8 11 0.27793285 
737 7 11 13 0.25523067 
711 38 9 11 0.2407926 
360 62 10 11 0.21362588 
847 14 9 11 0.20935929 
805 3 12 14 0.20398703 
809 71 9 11 0.18955319 
817 84 9 11 0.18779491 
750 86 12 13 0.185972 
898 16 8 10 0.1857639 
687 46 10 12 0.18045677 
815 79 9 10 0.18027812 
423 9 8 9 0.17754644 
696 31 7 10 0.17676459 
369 105 54 77 0.17364754 
975 10 12 14 0.17165467 
710 16 9 11 0.17080188 
712 20 9 10 0.16527024 
776 80 9 12 0.16269179 
742 21 12 15 0.1623166 
472 55 9 11 0.16167234 
767 122 11 13 0.1591953 
749 104 13 16 0.15716869 
820 114 11 14 0.15548193 
823 19 10 12 0.15077169 
783 26 11 13 0.14181805 
457 5 9 11 0.14141576 
771 2 11 13 0.13718332 
518 7 7 9 0.13556589 
434 68 8 11 0.13536002 
414 6 9 11 0.13188757 
512 37 13 16 0.13142547 
409 51 10 12 0.13089459 
832 30 9 11 0.12832019 
796 76 8 12 0.11682841 
749 47 9 10 0.113529414 
687 8 8 9 0.11203982 
96 206 37 51 0.10895037 
840 14 9 11 0.107980855 
766 29 10 12 0.10686387 
695 16 8 10 0.105414905 
412 48 8 11 0.10396702 
705 14 9 11 0.10279978 
413 24 9 11 0.10272526 
733 63 9 10 0.10063384 
412 1 9 10 0.0990652 
805 95 8 11 0.09643085 
438 64 9 11 0.0959899 
892 1 8 9 0.09405296 
864 47 10 13 0.09349729 
913 11 10 12 0.09011524 
718 22 8 11 0.088550314 
711 32 9 11 0.08729038 
496 5 10 12 0.085951276 
448 40 8 11 0.08322819 
998 455 15 19 0.08104547 
408 69 8 9 0.07946709 
736 71 10 14 0.07904379 
434 20 9 12 0.0781832 
832 22 9 12 0.077551074 
585 16 8 10 0.07550014 
729 56 9 11 0.073162004 
501 47 9 12 0.072262175 
791 181 29 34 0.07204039 
462 5 9 10 0.07177308 
856 49 9 11 0.07129889 
460 71 8 11 0.07071652 
409 25 9 11 0.06980875 
695 22 8 10 0.06892612 
917 8 11 13 0.06821227 
829 38 9 12 0.06768019 
446 63 7 10 0.06740789 
894 6 8 10 0.0670631 
448 20 8 11 0.06614284 
363 6 11 12 0.0656122 
837 23 9 12 0.065384224 
298 43 10 14 0.06526301 
807 126 11 12 0.065022014 
888 4 10 12 0.0649269 
807 101 9 11 0.062098168 
726 23 9 10 0.061963875 
516 14 9 11 0.061879475 
455 39 9 11 0.06085742 
937 37 8 11 0.060849313 
471 49 8 10 0.060592372 
746 27 11 13 0.06053286 
528 20 10 12 0.060463667 
431 55 8 10 0.06037807 
889 47 10 13 0.059823576 
453 309 40 60 0.0591769 
717 16 9 10 0.058500446 
433 0 9 8 0.05770516 
726 37 10 11 0.057452057 
726 0 10 9 0.057330452 
733 55 9 12 0.056669705 
416 12 8 11 0.05605165 
729 31 8 11 0.05593656 
516 33 11 12 0.05544042 
488 40 8 10 0.055253077 
711 56 8 11 0.05489083 
712 44 8 10 0.054526716 
790 102 10 11 0.054275434 
808 52 9 11 0.05395741 
839 98 11 14 0.05372498 
429 44 9 11 0.053176593 
719 0 10 10 0.051388472 
768 47 8 10 0.051236384 
432 15 9 12 0.051234033 
612 15 9 12 0.05116445 
518 20 9 11 0.050879117 
719 31 8 11 0.050822973 
398 14 8 10 0.050549623 
735 47 8 11 0.05048817 
528 0 9 9 0.050169762 
922 460 28 35 0.049850363 
745 54 8 10 0.04916165 
449 70 8 11 0.04905596 
1005 2 12 14 0.048889395 
922 30 9 11 0.048408616 
845 7 12 13 0.04815622 
809 64 9 11 0.047971986 
312 55 11 15 0.04785547 
474 30 9 10 0.04749453 
727 46 9 10 0.04747167 
958 13 10 12 0.047443286 
464 47 7 9 0.047260903 
719 86 11 13 0.047228225 
576 39 7 9 0.04709446 
513 8 9 10 0.04700334 
854 63 9 10 0.045673743 
440 56 8 9 0.04528545 
502 54 8 10 0.04448055 
781 72 9 12 0.0444245 
502 0 9 9 0.04396243 
850 53 9 11 0.043955255 
409 13 9 11 0.04345241 
457 32 9 10 0.043397997 
814 64 7 10 0.043387543 
583 38 8 10 0.043183062 
756 63 12 14 0.04311045 
344 65 10 13 0.042757414 
680 14 8 10 0.042302657 
480 73 8 9 0.042218897 
786 119 10 13 0.04220395 
928 24 8 10 0.04184787 
966 30 8 11 0.041000117 
719 38 8 10 0.040976293 
705 9 9 9 0.040846165 
934 16 9 11 0.040209632 
480 39 7 10 0.0398049 
694 36 9 10 0.039804805 
906 55 9 11 0.039779246 
385 30 9 12 0.039564718 
800 87 8 12 0.039469667 
447 56 7 9 0.03909801 
941 32 8 10 0.038982905 
437 208 63 80 0.038960464 
381 64 10 12 0.038956873 
557 6 9 11 0.038614817 
425 53 9 11 0.038564354 
496 70 8 10 0.038535442 
703 56 9 10 0.038322184 
749 39 9 11 0.037991878 
900 19 9 11 0.03788866 
910 32 8 10 0.037685458 
777 71 9 12 0.037596963 
696 0 8 8 0.037528466 
325 85 8 11 0.037432954 
602 30 10 13 0.03727605 
769 83 10 12 0.03722821 
383 1 8 9 0.037194546 
477 60 8 10 0.037182514 
745 47 9 11 0.036825545 
849 49 9 11 0.036688708 
709 7 9 10 0.036673874 
706 37 9 10 0.03657457 
465 55 7 10 0.03647469 
785 101 10 12 0.03647416 
799 109 9 11 0.036382448 
472 24 8 10 0.03623464 
831 43 9 12 0.036209837 
705 62 8 11 0.0361921 
554 6 8 9 0.03591111 
456 23 8 9 0.03576163 
831 16 9 11 0.035576705 
486 71 8 10 0.03534284 
566 32 8 10 0.035268806 
682 9 7 9 0.035225768 
704 33 7 9 0.035152923 
771 93 11 14 0.034868795 
976 0 11 10 0.03454902 
864 8 9 10 0.034534223 
768 98 12 15 0.034527164 
921 37 8 10 0.034524284 
833 78 9 11 0.034358688 
412 70 8 10 0.034226216 
441 46 8 10 0.034219943 
488 105 7 9 0.033798818 
736 100 9 13 0.03377349 
895 30 8 11 0.033764325 
304 7 11 13 0.033605985 
720 55 9 11 0.033367667 
783 44 10 13 0.033335444 
680 22 8 11 0.033194162 
90 190 34 51 0.03297147 
442 40 8 11 0.032848295 
360 37 8 11 0.03283426 
889 14 9 11 0.032685224 
741 77 10 13 0.032676376 
437 0 8 9 0.0326465 
635 13 11 12 0.032642134 
814 30 9 11 0.032493073 
504 24 9 11 0.032465294 
400 64 10 11 0.032448906 
586 33 7 10 0.03190181 
935 0 9 8 0.0317396 
463 64 7 9 0.031730372 
841 7 9 12 0.03157773 
950 6 12 14 0.03138992 
342 38 10 11 0.031312726 
824 30 11 13 0.030820768 
688 22 8 9 0.030617341 
911 37 7 10 0.030293616 
807 88 9 12 0.030282378 
567 24 7 9 0.03026899 
814 48 9 12 0.030164586 
332 15 15 17 0.030146345 
743 63 9 10 0.030023986 
865 14 9 12 0.02998745 
534 4 8 10 0.02992605 
384 24 9 11 0.029873742 
666 37 9 10 0.02974341 
382 5 9 10 0.029666612 
745 38 8 10 0.029607343 
864 31 8 11 0.029590696 
350 63 10 12 0.029540658 
864 39 8 11 0.029182445 
474 39 8 9 0.028920922 
770 118 12 15 0.028793165 
804 9 13 16 0.028770294 
878 1 9 10 0.028735079 
498 53 8 11 0.028666444 
337 91 9 12 0.028497864 
964 23 9 11 0.028491952 
711 62 7 9 0.028375011 
775 64 9 11 0.02832019 
689 40 8 10 0.028002627 
413 62 9 11 0.027860474 
394 15 7 10 0.02760564 
847 89 9 10 0.027576726 
895 38 8 11 0.02754253 
736 20 11 13 0.027479922 
470 5 9 10 0.027436787 
846 94 12 14 0.027320743 
512 19 11 13 0.027235214 
576 21 9 11 0.027134143 
807 140 14 16 0.026946964 
456 64 7 9 0.026786966 
376 70 10 12 0.026735798 
912 48 7 10 0.026675906 
734 38 9 11 0.026663765 
775 28 10 14 0.026328487 
694 68 9 10 0.026238935 
849 63 8 10 0.026053134 
838 46 8 11 0.026038194 
548 22 10 12 0.025995795 
892 52 9 12 0.025992159 
823 3 12 14 0.025953256 
546 16 8 10 0.025869938 
478 25 8 9 0.025663167 
481 47 8 9 0.025656851 
755 102 11 14 0.02563369 
448 79 8 9 0.025549304 
985 31 8 10 0.02553525 
726 15 9 11 0.025513126 
870 5 10 12 0.025458628 
690 31 8 10 0.025446648 
872 37 8 11 0.025419736 
725 84 9 13 0.025262922 
376 39 7 10 0.025230637 
919 47 7 9 0.025109028 
589 31 8 10 0.02505517 
904 37 8 11 0.02473851 
782 496 206 290 0.024727605 
399 9 9 10 0.024680225 
486 45 8 11 0.024661414 
786 22 12 14 0.024639009 
878 93 9 10 0.024437249 
462 87 7 10 0.024209559 
390 31 9 12 0.024125827 
789 42 10 13 0.023964703 
670 25 8 10 0.023964092 
692 52 11 11 0.023850862 
790 107 11 12 0.023792962 
830 0 9 10 0.023675477 
688 14 8 11 0.023604382 
840 70 9 11 0.02359423 
462 101 8 10 0.02355204 
720 64 8 10 0.02353861 
733 1 9 9 0.023450388 
902 31 9 11 0.023444222 
773 109 11 13 0.023387026 
319 0 11 12 0.023341767 
503 30 8 10 0.023298694 
713 87 9 12 0.023278011 
748 52 10 11 0.023264626 
487 64 8 9 0.023193382 
853 99 9 12 0.023142565 
853 0 11 11 0.022874959 
830 5 10 12 0.022851037 
800 0 21 21 0.022792634 
455 55 8 10 0.02278163 
1001 0 12 13 0.02270602 
735 2 19 22 0.022696149 
480 7 8 10 0.022680057 
721 69 8 10 0.022629706 
784 14 10 13 0.022529889 
838 78 9 10 0.022515003 
462 23 8 11 0.022325272 
978 5 12 14 0.02226005 
688 68 10 11 0.0221738 
365 76 10 12 0.022148095 
558 12 9 11 0.022131076 
391 7 7 10 0.02211244 
503 62 8 11 0.022108952 
810 29 9 11 0.02189068 
728 70 9 12 0.021874696 
585 0 9 10 0.021825554 
833 95 10 13 0.021799885 
920 25 9 11 0.021793805 
438 16 9 12 0.021768475 
1014 439 9 14 0.02174834 
879 31 7 10 0.02173075 
532 16 9 11 0.021650571 
704 47 9 10 0.021633824 
670 36 9 11 0.02151868 
527 56 8 11 0.02150006 
575 5 9 10 0.021431455 
460 39 8 10 0.021322448 
803 173 40 52 0.021205824 
583 47 8 10 0.021190923 
502 70 7 10 0.021157598 
497 64 8 10 0.021086643 
709 78 9 11 0.021000797 
399 42 9 13 0.02096707 
119 211 37 47 0.020936709 
529 4 9 10 0.020837786 
894 8 19 24 0.020797124 
744 102 12 15 0.020796623 
791 96 10 12 0.020739326 
713 1 10 9 0.020650608 
717 246 26 38 0.020644492 
437 28 9 10 0.020628275 
782 50 9 12 0.020613208 
654 42 10 12 0.020597808 
346 120 56 74 0.020545686 
377 6 10 11 0.020514186 
933 468 27 32 0.020509226 
872 31 8 10 0.020397555 
805 20 12 14 0.020292206 
405 39 9 11 0.020288667 
609 20 11 13 0.020177836 
810 4 12 14 0.020040778 
