17_Ceremony_Ceremony_17_668
44
660 192 112 140 0.99987686 
227 100 139 193 0.99921954 
798 218 87 142 0.22916128 
44 105 22 28 0.12718438 
434 317 27 31 0.09044187 
33 103 23 29 0.08284751 
37 207 26 29 0.07710241 
437 282 27 33 0.06624489 
555 140 16 19 0.06002952 
51 98 15 24 0.05701802 
439 732 59 60 0.047558833 
789 251 62 92 0.045472972 
450 724 39 46 0.04145606 
393 264 27 31 0.041244607 
40 222 19 21 0.04102523 
588 354 85 112 0.040266898 
410 728 25 30 0.038320743 
53 242 15 20 0.037181657 
376 234 45 59 0.037013706 
22 101 20 30 0.036632948 
13 101 12 17 0.03623076 
439 316 36 51 0.035607703 
76 291 15 17 0.03544084 
870 263 38 48 0.034853064 
538 139 13 17 0.033000994 
432 296 29 35 0.0314349 
56 107 16 23 0.02951813 
591 6 13 15 0.029191533 
459 701 56 57 0.028802963 
29 213 26 29 0.028601436 
25 202 26 30 0.02832368 
488 694 45 53 0.02761181 
776 123 216 270 0.026704496 
51 115 17 23 0.025683528 
43 195 25 31 0.025464794 
42 164 14 17 0.023945551 
24 113 24 27 0.023566576 
550 145 24 28 0.023535507 
0 245 10 16 0.022607805 
122 155 10 12 0.022602882 
617 267 44 64 0.02239773 
545 129 26 32 0.021859376 
453 332 15 19 0.020510357 
45 120 15 20 0.020356046 
