17_Ceremony_Ceremony_17_234
37
257 50 72 93 0.99782807 
105 385 77 85 0.9975835 
875 462 58 90 0.9967102 
557 91 74 92 0.9959585 
663 295 169 253 0.16359094 
165 284 11 16 0.12899786 
39 290 13 17 0.11430137 
75 281 12 16 0.10454257 
103 285 11 14 0.08958292 
29 261 14 17 0.054942314 
135 288 13 18 0.050232507 
15 269 11 14 0.044440597 
175 255 12 16 0.04313786 
136 250 13 16 0.041698664 
21 283 13 18 0.041181594 
342 324 31 48 0.039154697 
96 323 11 15 0.03873134 
165 238 12 14 0.03606474 
0 253 9 13 0.032344036 
0 301 12 20 0.032277435 
799 107 117 151 0.031378124 
852 434 55 92 0.030237582 
159 278 19 27 0.029704096 
30 287 15 19 0.029435417 
396 340 53 54 0.028634455 
101 255 14 17 0.026013393 
176 246 10 12 0.025576692 
862 405 80 126 0.025556855 
100 321 11 14 0.02482744 
169 283 13 18 0.023994667 
23 264 15 18 0.023103647 
827 345 113 113 0.021252763 
168 259 12 15 0.02123945 
162 282 24 35 0.021182477 
128 281 23 33 0.020840084 
501 136 54 67 0.020557484 
98 258 23 30 0.020313216 
