17_Ceremony_Ceremony_17_944
315
839 455 13 19 0.9284071 
813 459 11 16 0.8560074 
472 428 10 14 0.7558271 
172 471 10 13 0.74013317 
953 550 27 42 0.7125335 
869 600 31 48 0.67492795 
229 460 13 16 0.6635484 
515 423 12 15 0.63860685 
873 518 19 29 0.54742503 
197 470 9 12 0.43412843 
152 469 10 12 0.3939613 
759 455 11 14 0.37514842 
10 547 14 19 0.33410725 
0 526 17 23 0.32787257 
707 537 24 31 0.27536935 
277 477 10 15 0.2745821 
638 447 15 19 0.2693489 
269 487 15 21 0.23703352 
262 475 11 13 0.23536742 
159 523 14 17 0.2287413 
208 507 12 15 0.19160213 
311 507 13 16 0.18473217 
157 469 9 11 0.18209113 
145 463 8 11 0.15343465 
2 515 14 18 0.14581876 
198 476 10 12 0.13973767 
192 522 19 21 0.13832025 
144 468 9 11 0.13669975 
274 481 14 21 0.13203588 
541 429 9 12 0.13199212 
259 515 15 19 0.13046168 
220 487 13 15 0.12837826 
158 541 13 15 0.12721248 
176 507 11 12 0.12456746 
711 457 13 17 0.12443734 
146 457 7 9 0.122551575 
18 530 16 19 0.11887954 
125 579 17 21 0.111836344 
222 546 17 21 0.11116679 
9 525 19 26 0.11006111 
489 436 10 11 0.106396735 
495 416 7 9 0.10635333 
344 531 12 15 0.10572327 
493 434 10 12 0.099941604 
843 529 15 21 0.09908163 
541 391 8 11 0.09473222 
212 502 11 15 0.09320693 
191 537 15 19 0.092874676 
131 505 12 16 0.08976754 
271 477 11 15 0.087895475 
224 465 12 15 0.085228145 
160 492 11 14 0.08366384 
180 503 10 13 0.08070258 
275 546 13 18 0.07540535 
878 588 33 51 0.07314944 
274 538 14 19 0.07272792 
151 464 8 11 0.07269651 
256 526 16 22 0.0686561 
193 474 11 13 0.068194605 
84 545 26 31 0.06750709 
167 464 7 10 0.06654647 
137 471 8 10 0.06640491 
540 396 9 12 0.064997606 
164 519 13 16 0.06452974 
557 470 9 11 0.064289615 
269 471 11 13 0.06345188 
634 552 8 11 0.06297714 
526 407 7 10 0.062787354 
234 547 16 20 0.062365416 
205 484 9 12 0.062130876 
552 448 9 11 0.060975883 
489 320 10 12 0.060091525 
790 484 12 15 0.058280107 
238 469 10 13 0.05763913 
691 463 14 18 0.057189446 
885 609 32 50 0.057137243 
125 552 15 20 0.056486525 
144 487 9 12 0.05629652 
615 491 9 15 0.055607144 
175 485 9 11 0.055404983 
230 518 11 15 0.055184986 
554 395 11 14 0.05447843 
504 407 9 12 0.05364182 
242 537 16 21 0.05337711 
172 523 10 14 0.053289022 
160 465 8 11 0.052942622 
240 477 10 12 0.052358694 
245 474 10 13 0.052065033 
193 464 8 10 0.051975254 
241 549 15 21 0.051842354 
93 541 27 28 0.051786058 
476 423 10 13 0.050614055 
580 468 9 12 0.050352562 
687 481 11 16 0.050308246 
150 562 21 27 0.04992324 
180 546 11 16 0.049807906 
150 522 13 17 0.049691465 
553 429 11 14 0.049464814 
269 530 15 20 0.04897804 
490 389 10 13 0.048381586 
753 458 12 16 0.047872365 
199 465 7 10 0.047473427 
537 423 9 12 0.047066025 
543 435 8 11 0.046861503 
254 509 13 16 0.04599388 
195 543 15 18 0.045469597 
174 547 14 17 0.04525528 
216 490 12 15 0.045146596 
286 502 12 16 0.04434951 
200 482 11 13 0.043984443 
450 414 9 11 0.043368965 
699 528 27 31 0.043350946 
495 421 8 10 0.043262083 
454 431 8 10 0.04189009 
827 539 13 19 0.041183524 
150 545 12 17 0.040954113 
223 476 11 13 0.04079751 
315 563 13 15 0.04070318 
525 421 9 12 0.040699158 
316 492 13 15 0.04024997 
258 477 9 12 0.04002682 
165 499 11 14 0.039472617 
465 415 8 11 0.03890437 
880 525 17 23 0.038747597 
487 447 11 13 0.038447484 
263 483 13 17 0.038069654 
677 514 14 20 0.037686393 
526 412 10 12 0.037593573 
351 540 10 14 0.03635047 
251 500 13 17 0.03629442 
291 507 12 14 0.036269445 
789 492 13 16 0.03619187 
740 477 11 14 0.03613767 
145 490 11 16 0.036135525 
292 521 14 20 0.036029804 
680 498 12 17 0.035813507 
238 530 15 18 0.03544693 
222 554 23 24 0.0354445 
636 587 11 14 0.034680802 
735 482 12 16 0.034445032 
205 538 14 19 0.034444325 
189 491 11 14 0.034319162 
235 516 11 15 0.034305036 
217 461 9 12 0.034222905 
93 532 16 19 0.034033295 
765 447 10 12 0.033737842 
168 507 11 14 0.033666305 
490 414 8 12 0.033611212 
577 486 8 11 0.033602364 
311 558 12 14 0.033465434 
820 676 36 30 0.033411924 
128 480 9 12 0.03340625 
133 478 9 11 0.033272255 
505 389 8 10 0.033236627 
517 415 12 15 0.033220567 
61 538 15 21 0.03269124 
255 483 11 15 0.032644693 
492 397 9 12 0.032402594 
439 503 8 10 0.03227751 
99 525 15 17 0.03222266 
977 581 49 69 0.03208126 
4 535 15 21 0.03194133 
502 327 9 12 0.03173893 
237 483 11 14 0.03161312 
645 541 12 17 0.031563394 
822 545 12 19 0.031526 
258 471 9 11 0.03147064 
953 545 19 30 0.03145779 
637 550 10 13 0.03139014 
358 543 10 12 0.031291634 
190 485 11 14 0.031138822 
503 423 8 11 0.031098913 
501 430 8 11 0.030996779 
383 536 10 13 0.0309103 
760 448 10 13 0.030868685 
505 384 9 11 0.03066929 
193 456 8 9 0.030602146 
222 507 12 16 0.030564424 
158 554 13 19 0.030508846 
788 604 16 22 0.030493613 
107 524 16 19 0.03039043 
731 514 18 22 0.030356908 
115 530 15 16 0.030194793 
223 515 12 15 0.03012192 
266 520 16 22 0.029985396 
700 460 12 16 0.029842908 
876 576 28 37 0.02963118 
577 464 9 11 0.02953255 
882 515 16 22 0.029462742 
193 465 18 23 0.029057872 
374 599 11 12 0.02897706 
837 534 16 20 0.028953658 
130 459 8 12 0.028953081 
784 592 10 13 0.028717762 
752 469 10 14 0.028713925 
763 465 13 15 0.028403236 
284 527 15 21 0.028273767 
615 478 19 31 0.027936691 
315 570 13 15 0.027890842 
805 483 10 13 0.027764514 
448 405 9 10 0.027757313 
288 597 11 14 0.027692538 
169 467 17 21 0.027619876 
260 473 20 25 0.027472347 
512 415 9 12 0.027412811 
129 571 24 30 0.027337035 
225 457 10 13 0.027123814 
789 479 11 13 0.0268497 
637 556 10 13 0.026745765 
6 547 24 31 0.026513636 
158 486 19 25 0.026453463 
750 476 11 13 0.026365157 
595 491 10 12 0.026316214 
655 553 11 15 0.026252583 
537 405 8 11 0.026186166 
159 476 9 11 0.026099881 
448 433 8 9 0.026071476 
463 407 9 11 0.025959382 
444 462 9 12 0.02594057 
828 528 20 28 0.02580231 
270 508 11 16 0.02577663 
136 462 8 11 0.025754938 
710 464 13 16 0.02548886 
774 461 10 13 0.02545641 
284 513 20 26 0.025293173 
159 554 22 26 0.025171587 
577 439 7 9 0.025014702 
526 400 8 11 0.02495821 
493 445 10 12 0.024902467 
86 559 23 32 0.024872797 
392 564 10 16 0.02473438 
117 546 13 17 0.02471841 
317 483 13 16 0.024580896 
819 541 21 29 0.024502724 
233 558 18 20 0.024488755 
509 407 9 11 0.02445825 
93 518 13 15 0.024373831 
86 534 13 16 0.024313053 
873 608 19 29 0.024207687 
546 446 8 12 0.024194885 
122 524 15 18 0.024168106 
314 512 13 15 0.024151925 
448 437 7 9 0.02395102 
140 532 15 17 0.023908358 
511 384 8 11 0.02383761 
886 509 13 17 0.023771929 
140 539 16 20 0.023766113 
992 482 24 42 0.023659542 
468 424 18 22 0.023514345 
445 398 9 12 0.02347437 
214 545 14 20 0.023454132 
303 508 11 15 0.023390448 
256 461 8 11 0.023373934 
691 482 14 18 0.023225533 
352 549 10 12 0.023198156 
852 484 14 16 0.023114067 
18 547 14 17 0.023061434 
837 524 16 21 0.022961589 
92 573 17 21 0.02295573 
494 406 9 11 0.022923231 
119 562 24 31 0.02284189 
292 561 14 17 0.022840321 
148 487 19 26 0.022840027 
86 540 16 20 0.022824448 
523 428 10 13 0.022678837 
229 509 12 16 0.022663437 
962 555 35 38 0.022476925 
132 565 39 47 0.022426222 
819 465 13 14 0.022409942 
214 494 20 25 0.022330645 
502 333 9 12 0.022270024 
165 485 10 13 0.022270015 
733 491 13 20 0.022174321 
154 571 24 30 0.022129396 
206 512 12 16 0.02204982 
687 486 21 29 0.021994267 
439 449 9 11 0.021974362 
182 540 12 18 0.021899842 
797 483 13 14 0.021831583 
236 524 13 17 0.021770548 
705 450 12 16 0.021765351 
489 384 9 12 0.021691155 
174 491 10 14 0.021680564 
883 593 16 24 0.02164059 
670 519 16 21 0.021479333 
226 526 23 28 0.021461347 
543 384 8 10 0.0214596 
134 455 9 12 0.021439971 
258 535 16 21 0.021436196 
296 511 20 27 0.021429015 
228 490 12 16 0.021426104 
127 491 11 16 0.021399625 
278 523 12 20 0.021394651 
488 422 9 11 0.02138238 
215 478 9 11 0.021315206 
466 422 10 12 0.021203468 
102 531 23 24 0.020970652 
142 477 10 12 0.020969009 
553 422 10 13 0.020949159 
807 556 13 16 0.020934742 
277 497 12 17 0.020889327 
888 574 28 32 0.020766284 
701 515 16 17 0.020731285 
478 437 9 13 0.020725893 
314 500 13 16 0.020717664 
174 466 9 11 0.020573338 
292 549 11 14 0.020531299 
216 469 9 12 0.020452077 
678 494 20 26 0.020451339 
953 557 15 25 0.02043912 
212 513 12 15 0.02031885 
-1 596 28 36 0.020282874 
554 414 9 11 0.020279488 
315 579 13 15 0.020098926 
687 469 20 26 0.02002626 
