17_Ceremony_Ceremony_17_46
69
107 122 18 23 0.90367305 
266 143 16 24 0.8991495 
65 132 17 21 0.46357462 
749 243 9 12 0.19197501 
889 363 11 14 0.13060677 
817 307 10 13 0.11116035 
681 136 8 10 0.0901993 
109 199 10 13 0.080563925 
454 145 8 9 0.07893344 
703 167 8 11 0.07095018 
695 152 8 9 0.06426671 
473 144 9 11 0.06216009 
270 149 19 24 0.061665244 
462 128 9 11 0.057709586 
357 277 10 13 0.056342147 
710 128 7 9 0.052399844 
487 152 7 9 0.04701926 
73 179 17 17 0.04680669 
698 133 8 10 0.043747727 
704 135 8 9 0.042952716 
719 158 9 10 0.040575035 
225 368 8 11 0.03879687 
471 149 8 10 0.037231483 
227 373 11 13 0.036352772 
229 368 8 10 0.035636954 
701 160 8 10 0.03545068 
422 152 8 10 0.034978308 
457 128 9 11 0.03464006 
425 143 7 9 0.03399666 
477 143 8 10 0.032559223 
713 151 7 9 0.03203054 
762 269 14 17 0.031940214 
466 152 7 9 0.03082211 
72 130 15 20 0.030745393 
710 133 7 10 0.030402517 
710 169 8 10 0.02930465 
776 256 9 12 0.02878236 
296 304 9 11 0.02866171 
680 153 9 10 0.028577624 
685 173 9 11 0.028180912 
662 142 9 11 0.027075596 
687 169 7 10 0.027066303 
705 128 8 10 0.026048707 
809 309 10 14 0.026043387 
1013 477 9 15 0.02569922 
-37 -30 426 489 0.02549803 
727 158 7 11 0.024867455 
449 150 8 10 0.024792317 
433 143 8 9 0.024636064 
685 140 7 10 0.024508173 
437 143 8 10 0.024427585 
687 153 8 10 0.024251545 
448 128 8 10 0.023965895 
909 344 9 10 0.023847507 
439 135 8 10 0.023841415 
487 157 8 11 0.023708757 
718 144 8 9 0.022366099 
469 126 9 11 0.022325786 
426 137 7 10 0.021957163 
729 153 7 10 0.021817235 
53 134 29 31 0.021775438 
891 366 14 18 0.021774033 
929 334 10 12 0.021752438 
705 140 8 10 0.021593384 
438 158 8 10 0.020675763 
718 152 8 10 0.020664178 
59 125 19 21 0.02053689 
64 179 34 37 0.020447006 
217 366 8 10 0.020370238 
