17_Ceremony_Ceremony_17_765
245
89 473 36 57 0.9951734 
397 291 12 15 0.9850011 
377 397 22 35 0.96914005 
669 289 13 16 0.9577631 
874 299 15 20 0.94274044 
373 287 12 16 0.9127758 
324 295 11 15 0.88644534 
926 298 13 21 0.8550549 
794 284 17 23 0.8384313 
236 340 12 15 0.8353231 
137 309 10 14 0.82163537 
238 305 13 16 0.80640996 
78 305 12 15 0.7816239 
172 441 20 32 0.690324 
716 286 12 18 0.60487586 
558 277 12 16 0.58795786 
140 340 14 17 0.4557302 
5 393 16 20 0.43675566 
424 288 7 9 0.3899624 
834 309 13 16 0.36421296 
107 403 16 20 0.29406813 
226 393 13 20 0.26914585 
288 369 11 16 0.20104244 
183 318 12 15 0.19671474 
231 440 21 35 0.18052264 
10 399 14 21 0.17606352 
81 338 14 17 0.16304235 
40 407 28 34 0.1568888 
124 396 12 16 0.14759624 
453 287 8 11 0.14712362 
358 307 9 12 0.14416848 
131 439 25 39 0.13362892 
210 384 15 19 0.12765571 
148 380 12 15 0.11797043 
4 405 17 24 0.11758491 
807 259 11 13 0.115225606 
222 333 9 14 0.111055866 
863 327 9 12 0.10742725 
177 326 11 14 0.10676055 
196 401 13 17 0.105659224 
244 396 16 19 0.08659704 
821 282 15 19 0.08527367 
341 382 11 15 0.08213217 
165 331 11 15 0.07992128 
147 386 17 20 0.07987241 
179 434 16 28 0.07181171 
82 413 15 25 0.06911815 
516 269 10 14 0.06804795 
160 333 11 14 0.06771946 
123 325 11 14 0.06771236 
783 269 9 11 0.06712843 
154 402 16 22 0.06447367 
250 402 17 21 0.06402266 
89 405 21 31 0.060311362 
218 386 17 25 0.0601748 
55 419 22 29 0.060106367 
230 334 13 16 0.058865 
182 416 16 20 0.058476552 
384 307 9 12 0.05812676 
100 383 10 12 0.055426598 
865 349 10 14 0.054667562 
189 396 14 18 0.05368399 
86 256 9 11 0.053616043 
1 408 12 20 0.053006284 
766 274 10 13 0.05267433 
146 391 23 29 0.052670963 
561 280 15 18 0.052505825 
184 349 11 13 0.051664215 
212 391 16 20 0.050889958 
114 395 18 23 0.050697092 
765 288 9 11 0.050602775 
308 398 22 28 0.049932938 
206 392 14 19 0.049757417 
777 288 8 11 0.049401235 
331 426 15 23 0.04913409 
374 309 10 12 0.04824366 
144 325 10 12 0.047664154 
132 426 21 34 0.047591224 
783 301 12 15 0.047194384 
188 389 12 15 0.04699612 
85 324 12 14 0.046487126 
832 302 11 16 0.04632225 
764 294 10 12 0.045881532 
389 326 9 12 0.04543594 
880 294 18 21 0.045427747 
358 340 10 14 0.045377076 
108 413 15 20 0.04518248 
185 409 17 21 0.044752926 
184 238 10 14 0.04397124 
285 448 14 17 0.04302555 
200 264 388 443 0.04282381 
449 290 9 12 0.041676346 
238 393 13 18 0.041425113 
95 382 11 14 0.04127635 
324 322 12 15 0.04099976 
61 395 15 19 0.040120587 
110 308 9 12 0.03991748 
58 434 23 33 0.03947035 
729 364 8 10 0.039095826 
641 252 12 15 0.03907529 
366 404 17 21 0.03893444 
793 278 12 15 0.038621902 
513 296 9 12 0.03858232 
429 294 9 11 0.038568508 
671 312 10 11 0.038479783 
265 439 23 35 0.038370647 
141 315 9 11 0.03784051 
388 307 10 13 0.037545606 
151 319 8 11 0.037009154 
49 400 27 31 0.036903456 
245 446 25 34 0.036847197 
21 520 30 34 0.036791805 
784 308 12 14 0.036347575 
781 292 11 15 0.036266975 
160 316 9 12 0.03606873 
142 393 15 19 0.035965577 
401 327 9 12 0.03595505 
339 332 11 15 0.035450004 
140 422 23 33 0.03449869 
247 324 12 15 0.03369873 
829 290 13 17 0.033682324 
104 302 10 13 0.03349634 
134 305 17 23 0.033476274 
71 337 24 27 0.03308148 
103 469 33 47 0.03301457 
340 292 11 15 0.032734107 
8 302 8 9 0.032661185 
97 410 22 30 0.03263661 
70 338 16 17 0.03256355 
402 333 9 11 0.032547075 
781 287 10 13 0.032459512 
427 286 9 11 0.032196555 
155 380 13 17 0.032193586 
334 323 13 16 0.032075875 
399 307 11 14 0.031560156 
1005 365 11 15 0.031100608 
405 309 10 13 0.031059526 
354 333 10 14 0.030892022 
517 296 9 11 0.030851832 
132 395 13 18 0.030022394 
815 283 11 16 0.029895557 
289 251 12 15 0.029648162 
333 293 11 14 0.02964121 
93 294 10 12 0.029338127 
288 339 12 18 0.029225864 
384 319 9 12 0.029180657 
369 376 10 12 0.02916873 
51 394 17 22 0.029134 
54 388 12 15 0.028872456 
333 311 11 14 0.028839666 
644 285 10 14 0.028740602 
868 371 9 12 0.028619565 
365 309 11 13 0.028525556 
179 424 19 27 0.028445013 
848 254 9 11 0.028232852 
161 312 8 10 0.028094996 
359 403 14 20 0.0280346 
334 376 22 30 0.02801195 
149 301 9 12 0.027953595 
782 276 10 12 0.02787277 
357 315 11 15 0.02745073 
146 375 11 15 0.027148811 
167 341 10 13 0.027112748 
36 328 9 11 0.027081024 
765 299 10 14 0.02694374 
0 391 14 20 0.026914565 
59 407 22 27 0.026908353 
862 331 13 17 0.02657943 
318 311 21 26 0.02626835 
863 304 13 17 0.02621661 
431 302 11 12 0.026183434 
390 331 9 12 0.026168156 
438 277 8 11 0.026148625 
802 278 14 19 0.025836742 
823 283 21 28 0.024918487 
160 288 9 11 0.024904657 
165 310 8 11 0.024865646 
419 287 9 11 0.024721961 
368 316 10 14 0.024501756 
166 304 9 11 0.024457283 
195 389 13 17 0.024428174 
365 346 10 13 0.024349295 
643 229 12 17 0.024331305 
415 301 11 14 0.024254045 
375 269 8 12 0.02423547 
315 316 15 18 0.024232933 
148 407 19 23 0.023906283 
172 340 11 15 0.02390575 
957 384 9 10 0.02369842 
553 237 10 13 0.023651365 
61 383 11 13 0.023394208 
64 338 12 15 0.023388442 
79 312 12 14 0.023336312 
418 292 9 11 0.023039153 
177 295 9 11 0.022876017 
119 391 13 16 0.022795748 
64 400 16 23 0.022740314 
202 401 15 18 0.022380253 
358 325 11 15 0.022039194 
386 387 16 24 0.021835908 
790 271 9 12 0.021833727 
387 516 13 16 0.0217601 
66 390 15 17 0.021663385 
280 442 24 28 0.021614555 
835 290 14 20 0.0215986 
418 477 16 17 0.021577884 
126 320 8 11 0.021499978 
413 307 11 13 0.021413827 
223 447 24 34 0.021407014 
778 270 8 11 0.021365546 
244 406 18 22 0.021322753 
440 255 9 12 0.021281922 
333 318 21 27 0.021260455 
562 271 13 15 0.021178784 
102 397 17 21 0.021147069 
88 294 10 13 0.021008799 
432 309 12 14 0.020989878 
806 265 13 16 0.020863175 
150 332 11 16 0.020811196 
453 215 9 11 0.020806462 
179 315 19 26 0.020711469 
871 295 13 19 0.020694476 
13 302 9 10 0.020686774 
47 397 12 17 0.020666806 
789 400 7 8 0.020629413 
405 317 9 12 0.020559914 
365 383 26 29 0.020515481 
152 415 19 23 0.020438548 
811 254 11 12 0.020399746 
34 332 8 11 0.020375177 
10 403 21 28 0.02035288 
165 317 9 12 0.020322125 
60 388 14 16 0.020282216 
140 446 30 35 0.020281756 
775 278 9 11 0.020230722 
990 407 8 9 0.020223847 
330 426 26 38 0.020192709 
828 299 20 26 0.020172162 
120 328 11 16 0.020141969 
823 307 13 16 0.020131128 
88 380 12 16 0.020125268 
371 381 11 13 0.020120509 
68 430 28 37 0.02010806 
864 292 11 16 0.020071726 
392 301 11 14 0.020042643 
