17_Ceremony_Ceremony_17_253
443
920 683 12 16 0.56625485 
883 700 13 16 0.52533114 
140 421 15 17 0.4538277 
102 381 10 14 0.42612362 
285 477 12 15 0.3295828 
173 438 12 15 0.26385015 
847 707 11 14 0.25004032 
746 687 10 12 0.24673834 
905 360 8 11 0.23473613 
477 702 10 13 0.20976551 
267 486 10 13 0.20765822 
8 703 9 12 0.19907437 
734 710 10 13 0.18267258 
914 656 7 9 0.18099873 
73 410 13 16 0.17981781 
40 723 12 15 0.17407101 
91 451 12 15 0.17225689 
60 713 13 15 0.16271709 
973 132 12 14 0.15267964 
271 719 12 15 0.1493732 
75 469 14 21 0.14557093 
550 672 9 11 0.14424582 
814 679 11 14 0.1433221 
786 424 8 10 0.14271773 
953 678 9 13 0.14067629 
832 661 11 13 0.14039563 
638 680 11 12 0.13872737 
817 706 11 15 0.13352059 
601 680 10 12 0.1317423 
120 474 14 18 0.12641089 
799 664 10 12 0.11195036 
878 660 9 11 0.10859005 
25 748 14 17 0.1065645 
64 745 18 20 0.10310015 
464 686 11 15 0.10105104 
557 700 10 13 0.09513632 
412 679 10 12 0.0946459 
50 425 13 16 0.09378695 
578 694 12 13 0.091919936 
401 708 9 12 0.08835429 
853 670 10 13 0.0880973 
877 677 13 17 0.08662567 
874 657 9 10 0.08660121 
377 679 9 11 0.08549474 
728 707 10 13 0.0843383 
127 368 9 11 0.077819824 
317 460 11 13 0.0776988 
5 586 13 18 0.077239126 
747 470 13 15 0.07718369 
393 695 9 11 0.07564298 
341 719 13 15 0.07543308 
730 728 8 10 0.07507567 
120 428 10 13 0.07486351 
460 715 11 14 0.07474536 
873 681 11 14 0.07467321 
745 672 8 10 0.07286541 
469 691 11 14 0.07236531 
448 708 9 11 0.07099303 
765 439 8 11 0.07093205 
604 684 11 12 0.07056088 
936 705 9 11 0.069846496 
365 318 16 21 0.069736496 
941 124 14 17 0.06961981 
808 677 10 13 0.06886183 
230 523 11 14 0.068008326 
834 424 9 11 0.06754605 
806 670 9 11 0.0671434 
145 530 18 24 0.0671296 
881 671 9 12 0.067100674 
480 756 11 12 0.06601784 
419 726 9 12 0.06564416 
849 674 11 15 0.065594085 
263 490 12 17 0.06469477 
428 318 10 14 0.06395847 
886 677 11 14 0.063827366 
257 742 15 17 0.063680775 
799 686 12 14 0.062189374 
637 752 10 12 0.06189535 
1 560 11 17 0.06030486 
962 754 14 15 0.05978862 
584 708 12 15 0.05939627 
672 675 9 11 0.05861805 
951 656 9 11 0.058245946 
840 734 9 11 0.057883676 
567 712 11 13 0.05766053 
804 684 12 15 0.057576664 
746 384 7 11 0.057141133 
360 399 7 10 0.05610552 
599 691 10 13 0.056092452 
614 143 8 11 0.055756804 
885 672 9 11 0.054885544 
325 702 11 13 0.054853905 
844 742 11 13 0.05445073 
688 117 8 10 0.053648096 
457 724 9 13 0.051996157 
432 699 10 13 0.051982284 
680 95 6 8 0.05165418 
566 735 9 11 0.05153031 
409 716 11 14 0.0513835 
546 677 10 13 0.0510598 
400 703 9 12 0.050861023 
703 127 7 9 0.05080906 
806 691 11 13 0.050476015 
769 717 10 12 0.050150156 
749 670 10 12 0.049738277 
770 357 9 11 0.04881521 
758 675 10 13 0.048069432 
734 678 9 11 0.04784776 
304 471 10 12 0.047665436 
641 145 7 9 0.047292355 
672 141 8 10 0.04696427 
340 447 9 11 0.04642358 
776 439 9 11 0.045709874 
494 738 11 16 0.045577932 
194 755 14 14 0.044557784 
773 723 14 17 0.044367056 
761 695 10 12 0.04423065 
687 725 9 12 0.043985352 
640 128 8 10 0.043922286 
957 681 10 14 0.043828044 
929 125 9 11 0.043653876 
504 359 10 12 0.04352735 
780 691 11 13 0.04319149 
357 715 10 13 0.043116547 
365 439 10 13 0.042507414 
593 671 9 10 0.0424957 
79 144 8 9 0.042226806 
906 88 7 9 0.042007335 
318 110 7 9 0.04179066 
732 703 11 14 0.041521896 
815 662 11 12 0.041301377 
625 669 9 12 0.04127575 
893 677 10 13 0.04110248 
840 439 9 12 0.041059155 
493 716 11 15 0.040936098 
87 143 8 10 0.040914577 
879 357 9 13 0.0408951 
537 133 8 10 0.040866826 
476 311 15 20 0.040684577 
601 129 7 9 0.039770324 
95 152 9 10 0.03971882 
42 151 9 10 0.039617956 
775 710 12 14 0.039438684 
274 723 12 14 0.039271187 
953 737 8 10 0.03917842 
934 122 13 16 0.039171457 
780 708 11 14 0.03913348 
449 745 9 11 0.039125115 
178 135 8 10 0.03896471 
884 732 9 13 0.0384847 
125 406 8 10 0.038335208 
584 112 7 9 0.038266536 
610 145 8 11 0.03814873 
778 383 8 11 0.037953265 
957 656 9 12 0.03763215 
647 136 7 10 0.037037794 
646 142 7 9 0.03696603 
468 308 14 19 0.03689234 
13 709 11 14 0.03681547 
663 150 7 9 0.036811545 
975 655 8 10 0.03673729 
455 711 10 13 0.036731858 
565 678 8 9 0.036577005 
536 150 7 10 0.03648708 
409 682 10 13 0.036453396 
103 444 12 15 0.03630889 
743 697 12 14 0.036277443 
341 336 8 10 0.035952 
522 112 7 10 0.035546407 
73 383 10 12 0.035417296 
276 747 11 14 0.035094935 
839 430 9 10 0.03503298 
689 718 9 12 0.034999143 
15 716 13 16 0.034637745 
63 700 11 13 0.034486603 
744 679 8 11 0.034236297 
834 665 13 15 0.034190927 
437 700 10 12 0.033902038 
644 679 9 11 0.033811055 
360 696 10 11 0.033721197 
912 710 8 11 0.03371458 
703 702 11 14 0.033338506 
662 709 8 11 0.033308502 
840 727 9 13 0.03323767 
624 143 8 10 0.033188034 
190 422 11 13 0.033121068 
12 739 13 17 0.032871276 
492 674 11 14 0.032854002 
728 677 11 12 0.032644946 
705 670 9 10 0.032630187 
896 655 10 12 0.032558803 
361 317 11 14 0.032533497 
484 752 11 13 0.032499604 
929 712 9 12 0.03248598 
190 399 11 15 0.03238776 
677 670 10 10 0.032379307 
850 703 11 14 0.032362465 
957 671 9 12 0.032280505 
734 672 8 10 0.03224888 
360 733 9 12 0.031856753 
593 159 6 9 0.031831346 
892 709 11 13 0.031795006 
831 751 10 12 0.03179456 
584 117 7 9 0.03171633 
774 717 11 14 0.03167527 
792 692 9 12 0.031632274 
93 405 14 18 0.031592473 
335 723 13 15 0.03156348 
80 150 8 9 0.031408716 
881 727 9 13 0.031357393 
624 137 7 9 0.0313178 
873 140 9 11 0.0312917 
888 714 11 14 0.031233493 
85 159 10 12 0.031204382 
809 388 9 11 0.03119563 
608 690 11 14 0.031066587 
181 412 9 10 0.031053485 
779 731 11 14 0.031016897 
728 345 111 143 0.030997973 
338 376 8 9 0.030988412 
12 729 15 20 0.03095451 
99 505 15 18 0.030923644 
616 136 7 10 0.030884251 
765 743 12 16 0.030857686 
46 634 27 32 0.030753644 
486 721 11 15 0.030747825 
13 722 14 17 0.030705873 
559 714 12 14 0.030648673 
818 683 11 14 0.030471412 
310 471 10 11 0.03034672 
781 702 11 13 0.03029957 
743 682 18 22 0.02996022 
568 333 8 12 0.029924348 
749 408 12 15 0.029924335 
281 343 9 11 0.029912144 
665 121 6 8 0.029841406 
548 749 12 13 0.029806558 
845 431 8 10 0.029806418 
0 168 9 15 0.029707914 
452 740 10 13 0.029705392 
486 710 10 11 0.029493429 
549 682 11 14 0.029460669 
706 416 7 9 0.029441142 
537 142 8 10 0.029415172 
632 144 8 10 0.029334722 
846 726 10 12 0.029233655 
176 408 9 11 0.029168801 
169 407 9 11 0.02900385 
804 664 10 12 0.02899616 
698 128 7 10 0.02885413 
724 744 12 13 0.028845528 
404 709 12 15 0.028774975 
585 136 9 11 0.028715003 
703 687 10 12 0.028694544 
953 673 9 11 0.02864158 
257 499 10 13 0.028598081 
939 707 12 13 0.028579943 
654 730 11 13 0.02846081 
695 711 9 12 0.028349018 
352 715 10 13 0.028348364 
689 136 8 9 0.02834266 
765 428 10 13 0.028334921 
20 741 14 19 0.028312316 
400 715 10 13 0.028176717 
815 724 11 14 0.02816053 
768 723 12 15 0.028158989 
946 656 9 10 0.028071111 
902 655 9 10 0.028063081 
776 688 10 12 0.028040146 
125 411 11 13 0.027863843 
821 724 10 13 0.027711192 
608 134 7 9 0.027555618 
654 694 8 11 0.027464103 
593 676 10 13 0.027338551 
182 405 10 12 0.027300647 
168 440 13 17 0.027245967 
430 688 9 11 0.027136844 
377 717 11 12 0.027117029 
118 710 10 13 0.027062334 
871 741 11 14 0.027045906 
812 669 12 15 0.026962131 
641 133 8 10 0.026769845 
87 150 9 10 0.026717417 
989 669 10 13 0.026693031 
254 703 12 14 0.026659053 
466 304 9 12 0.026637414 
938 366 8 11 0.026613927 
658 143 8 9 0.026557408 
853 725 11 13 0.026390236 
97 378 17 22 0.026348857 
565 694 9 12 0.026296658 
696 686 8 11 0.02628011 
821 448 8 10 0.026277972 
438 730 11 13 0.026239082 
590 693 10 13 0.026236825 
742 402 15 19 0.02620167 
812 691 13 15 0.026095713 
935 130 14 18 0.026014244 
708 703 11 14 0.026004594 
613 693 10 12 0.025948606 
307 686 11 13 0.025881367 
559 673 9 10 0.025869371 
364 695 9 11 0.0258507 
87 408 13 16 0.025821866 
736 684 9 11 0.025766663 
225 524 11 15 0.025647925 
957 736 8 10 0.025631897 
325 717 12 14 0.025590481 
558 708 12 15 0.025469719 
745 335 8 9 0.025326954 
928 724 9 13 0.025309298 
462 751 11 14 0.025255917 
477 334 11 13 0.025227712 
328 391 7 10 0.025211358 
305 716 9 12 0.025189426 
613 703 10 12 0.025182119 
628 664 9 10 0.025132338 
606 127 7 10 0.025006296 
78 155 23 27 0.024930542 
633 150 7 9 0.024908362 
3 172 9 13 0.024903663 
760 733 10 11 0.024726514 
722 709 9 11 0.02459598 
393 381 10 12 0.024537092 
693 716 9 12 0.024363494 
473 707 11 13 0.02435326 
951 704 12 13 0.024284896 
649 692 9 12 0.024246838 
40 166 9 11 0.024147894 
616 103 6 8 0.024119126 
527 152 7 10 0.024084445 
625 703 9 11 0.023852987 
392 699 9 12 0.023832023 
917 660 9 11 0.0237312 
878 740 11 14 0.023715248 
706 143 8 10 0.023713911 
680 695 11 13 0.0236309 
623 655 8 9 0.02357367 
39 69 405 524 0.023541713 
824 400 9 11 0.023538753 
750 714 12 14 0.023506103 
262 498 10 13 0.023504013 
944 683 12 14 0.023491954 
366 359 10 12 0.023460632 
833 438 9 12 0.0233647 
766 418 13 16 0.023335082 
564 700 10 13 0.023275018 
65 183 9 12 0.023236241 
936 668 9 12 0.023221092 
903 710 10 12 0.02316806 
295 508 11 12 0.023056041 
332 399 10 11 0.023052406 
580 688 11 13 0.023045678 
55 721 14 16 0.023019858 
541 334 8 12 0.022996267 
815 454 9 11 0.022953216 
333 752 11 12 0.02294418 
607 740 10 12 0.022861969 
623 740 12 13 0.022860924 
569 128 8 10 0.022854598 
885 752 12 13 0.02282774 
341 685 10 12 0.022812 
776 702 12 14 0.022743031 
893 408 8 10 0.022690592 
95 174 10 12 0.022685612 
381 342 9 13 0.022531928 
972 86 11 14 0.022519697 
663 687 9 11 0.022508888 
40 183 9 12 0.022486906 
764 699 11 13 0.022456193 
521 158 9 10 0.022439517 
238 726 13 17 0.022361105 
742 715 10 13 0.022333566 
544 161 7 8 0.022234078 
580 700 14 15 0.02223335 
976 728 9 11 0.022139102 
75 386 12 14 0.02210433 
276 753 13 15 0.022093851 
414 691 10 12 0.022083554 
29 446 11 13 0.022081861 
79 697 10 12 0.0220345 
779 714 12 15 0.021959634 
797 414 10 13 0.021912865 
526 157 8 10 0.021905202 
455 732 9 13 0.02176337 
222 503 10 14 0.021675942 
793 663 10 11 0.021664182 
847 670 19 24 0.02165349 
724 749 13 14 0.021649525 
288 462 9 11 0.021613304 
360 444 11 14 0.021570232 
431 726 10 13 0.021568611 
816 714 11 15 0.021533223 
377 713 10 11 0.021525413 
687 680 9 11 0.021483108 
74 142 8 10 0.021465788 
119 410 11 14 0.021435456 
1009 590 9 12 0.02140196 
1001 654 9 10 0.021286497 
660 730 10 13 0.021267274 
41 157 9 11 0.021259464 
805 673 18 23 0.02125737 
337 687 10 11 0.0212061 
333 734 14 17 0.02116886 
853 691 11 13 0.021159763 
791 480 7 8 0.021158831 
356 725 12 14 0.02112892 
810 679 19 22 0.021124102 
510 158 8 9 0.021103697 
884 740 11 13 0.02107516 
837 694 10 13 0.021067733 
817 408 8 11 0.020952586 
121 399 9 13 0.020951971 
494 747 13 17 0.020898111 
73 150 8 10 0.020891374 
33 723 13 16 0.02088597 
472 700 20 24 0.02085916 
452 749 13 14 0.020796109 
800 678 11 15 0.020784974 
481 110 8 10 0.02075862 
728 714 10 14 0.020755025 
729 368 7 9 0.020714933 
318 132 14 17 0.020714069 
393 678 8 10 0.02070269 
592 685 10 12 0.020697132 
801 357 9 11 0.020644214 
783 663 9 11 0.020643776 
775 480 8 9 0.020620536 
39 715 20 25 0.020568402 
772 419 11 14 0.020560214 
600 151 8 10 0.020549363 
572 708 11 15 0.020541528 
392 688 10 11 0.020477334 
96 694 10 11 0.020391 
879 718 10 12 0.020367024 
991 664 9 13 0.020331347 
988 94 10 14 0.020285958 
405 734 10 13 0.02027636 
617 128 7 9 0.02026855 
147 415 13 16 0.020209594 
339 145 342 445 0.020176345 
735 345 8 9 0.020104377 
892 374 11 14 0.020016676 
