17_Ceremony_Ceremony_17_171
72
580 1 31 38 0.9995523 
645 307 98 135 0.99917334 
23 221 59 74 0.9990145 
290 31 31 41 0.998085 
937 387 90 136 0.9976673 
254 241 70 89 0.99704903 
150 47 33 42 0.9966704 
93 125 34 46 0.99623305 
334 142 48 63 0.9958097 
519 329 86 108 0.9956612 
196 235 59 78 0.9954906 
396 303 84 105 0.99542373 
8 130 36 46 0.99537575 
264 55 38 47 0.99427706 
473 167 55 66 0.9926065 
720 73 42 55 0.9858087 
632 158 53 60 0.98527616 
524 20 38 49 0.9834421 
663 74 45 54 0.9821076 
246 151 38 52 0.97870433 
152 237 49 63 0.972462 
514 86 46 54 0.96745 
859 245 63 83 0.96597075 
764 58 46 61 0.95123374 
962 165 63 101 0.950229 
457 143 38 48 0.8520258 
300 156 44 57 0.84810174 
837 278 57 76 0.3545552 
142 86 20 27 0.33958858 
364 297 44 61 0.21529667 
589 109 39 50 0.20709842 
693 186 42 54 0.16289394 
612 74 35 44 0.10869905 
609 189 17 23 0.10544563 
625 8 46 54 0.090351515 
117 180 30 45 0.08509162 
113 196 38 58 0.08444541 
713 7 19 20 0.0711308 
613 176 23 36 0.05976398 
464 74 29 32 0.053887125 
530 186 16 22 0.05311009 
624 76 45 56 0.052807033 
620 0 27 35 0.0525883 
382 154 14 20 0.051996846 
603 89 43 53 0.044908203 
138 219 44 61 0.042909525 
876 0 52 45 0.041695885 
734 212 11 16 0.041486017 
129 156 27 32 0.040861525 
754 21 14 18 0.03795753 
431 158 30 45 0.0371068 
375 310 53 68 0.036404118 
747 17 28 33 0.033645622 
99 277 14 16 0.033443093 
856 245 42 51 0.032034133 
464 133 56 67 0.031643737 
111 293 44 56 0.0306543 
621 168 33 44 0.030125469 
169 227 64 80 0.0297025 
886 250 58 74 0.02960544 
308 131 48 63 0.028990798 
689 179 34 39 0.028004874 
709 10 30 30 0.02664369 
993 473 33 51 0.024653755 
575 97 40 53 0.024063699 
342 285 14 20 0.022858728 
739 4 30 32 0.022692045 
353 317 51 67 0.021726083 
751 5 44 43 0.02167046 
106 218 33 45 0.021662712 
982 -5 40 63 0.020637136 
763 27 14 17 0.020493157 
