17_Ceremony_Ceremony_17_220
240
580 290 12 16 0.95411223 
447 366 10 13 0.7190152 
901 392 13 17 0.5427988 
552 377 14 17 0.5149678 
349 341 8 12 0.4864767 
484 299 11 15 0.4738677 
379 304 9 12 0.45426655 
400 371 11 15 0.42408335 
273 385 17 24 0.40319628 
459 389 23 28 0.39089626 
432 373 9 12 0.38549665 
383 337 8 10 0.36509922 
161 383 11 14 0.3485852 
336 367 9 11 0.3246023 
482 340 14 15 0.3212853 
526 381 11 16 0.300706 
540 355 12 16 0.29940566 
324 337 13 18 0.2505562 
464 354 10 14 0.21097222 
213 379 9 13 0.18870693 
645 280 9 13 0.1718511 
401 333 9 11 0.16698238 
135 375 9 11 0.13547686 
271 382 13 18 0.11571192 
53 370 14 20 0.1151524 
956 396 10 12 0.11209447 
652 286 9 13 0.11112492 
460 378 14 19 0.10818772 
376 377 10 12 0.10569969 
107 389 14 16 0.10511415 
647 292 11 14 0.09978292 
41 372 22 28 0.09724844 
424 388 9 14 0.09317705 
330 401 17 21 0.09195829 
417 367 11 14 0.08953772 
428 389 10 15 0.0867864 
80 365 9 11 0.08518641 
44 385 15 21 0.08130654 
380 396 16 20 0.0810495 
28 358 11 14 0.07821795 
405 333 9 11 0.07760932 
384 320 8 9 0.076830536 
301 389 15 18 0.076689206 
309 386 12 18 0.07522727 
367 386 11 17 0.073857136 
324 385 15 19 0.07354529 
340 371 12 15 0.07312326 
526 373 11 15 0.07291929 
55 367 11 14 0.06926676 
430 341 7 11 0.06902347 
104 372 12 14 0.068206996 
507 387 14 17 0.06651505 
553 384 15 17 0.064820066 
339 400 16 22 0.064714275 
60 365 10 13 0.06467423 
356 370 14 17 0.06427318 
115 387 13 17 0.06400548 
454 373 11 14 0.06312411 
519 387 11 15 0.062282454 
92 386 11 15 0.062177513 
277 374 14 18 0.06172899 
427 311 8 11 0.061173864 
636 261 9 13 0.05848377 
600 284 10 12 0.05840922 
425 317 8 11 0.057553925 
853 436 9 11 0.056787536 
917 397 11 13 0.05650499 
535 352 11 14 0.056099687 
63 358 9 11 0.056068763 
318 384 13 19 0.056007408 
629 196 12 13 0.0548967 
421 356 10 13 0.05284867 
404 379 11 15 0.052687883 
95 374 10 14 0.052360147 
254 376 8 11 0.051465347 
109 402 12 14 0.051372968 
386 342 10 13 0.05113869 
392 319 8 10 0.04989872 
395 312 8 9 0.04874706 
232 380 8 12 0.048654117 
88 380 13 18 0.048570916 
126 381 10 11 0.047934957 
468 310 10 13 0.047208343 
573 384 10 14 0.047086805 
423 382 9 12 0.047025654 
348 369 15 19 0.04626854 
413 390 12 14 0.046107106 
180 372 9 12 0.04409682 
245 364 10 12 0.0440114 
326 393 14 20 0.04379389 
438 372 9 12 0.043472547 
423 349 10 13 0.043367736 
119 381 10 15 0.043316923 
280 378 16 21 0.04307767 
271 388 44 45 0.042402588 
399 360 10 12 0.04229673 
872 407 9 11 0.042138975 
600 391 10 14 0.042062398 
490 79 16 21 0.041811917 
466 378 16 22 0.04173807 
330 385 17 22 0.041703578 
430 348 9 13 0.041379992 
372 385 12 19 0.041024942 
999 336 8 10 0.03924445 
504 382 11 15 0.038839284 
416 350 9 10 0.0387566 
373 394 15 20 0.037658405 
718 208 13 15 0.037514705 
365 372 9 14 0.037509825 
204 323 11 14 0.037272695 
467 350 12 14 0.036672145 
197 380 13 15 0.036576763 
845 691 11 12 0.036407195 
469 372 13 18 0.03631661 
430 335 8 11 0.035960957 
428 315 9 12 0.034729417 
184 420 12 14 0.03463013 
59 375 14 21 0.034405295 
279 392 16 20 0.03415141 
406 387 12 15 0.033713706 
107 380 15 18 0.03315695 
424 334 10 12 0.0330964 
347 402 13 18 0.03264096 
93 413 11 13 0.032368623 
625 197 10 12 0.032342885 
390 347 8 11 0.03164753 
269 397 15 22 0.031630635 
95 366 9 11 0.031496327 
68 378 13 19 0.031376246 
197 491 15 17 0.031218866 
379 386 16 20 0.031187031 
420 372 11 14 0.030848177 
837 431 9 11 0.030696088 
165 376 12 14 0.03062029 
546 355 11 14 0.030586613 
340 360 11 12 0.030464834 
85 365 9 11 0.030449461 
481 305 10 14 0.029585814 
196 371 12 15 0.029217388 
416 344 8 10 0.029029805 
224 380 9 13 0.028954951 
379 340 10 12 0.028879449 
103 393 15 17 0.028822977 
346 337 10 12 0.028517947 
418 320 8 10 0.02841974 
568 385 11 15 0.028154919 
457 376 11 17 0.028114455 
103 414 9 11 0.028012542 
71 357 8 10 0.028002199 
645 298 13 16 0.027812714 
638 269 8 11 0.027781492 
441 367 10 13 0.027589746 
463 332 8 11 0.027582763 
212 384 12 16 0.027498899 
309 340 9 12 0.027408654 
261 397 27 35 0.027302437 
365 318 8 11 0.027280718 
330 334 10 13 0.027192337 
474 371 13 17 0.027167486 
350 346 9 12 0.027058562 
298 400 17 18 0.026872337 
100 378 16 18 0.0268109 
210 375 10 13 0.026808387 
249 374 10 13 0.026528308 
575 203 12 14 0.025967618 
780 414 10 13 0.025891824 
129 376 9 11 0.025867738 
305 335 9 12 0.025763074 
677 272 8 11 0.025641037 
176 367 11 14 0.025554787 
132 463 11 13 0.025542874 
480 336 12 14 0.025506444 
430 377 11 14 0.025262184 
564 427 12 15 0.025236055 
590 302 9 11 0.025191087 
13 383 24 27 0.025116786 
886 690 13 13 0.025107767 
463 295 7 9 0.024875352 
478 316 10 13 0.024866834 
320 333 14 17 0.024818651 
444 362 18 22 0.024655433 
3 391 14 20 0.024585571 
186 497 29 33 0.024573497 
527 366 10 14 0.024536358 
88 374 10 14 0.02440194 
391 326 9 11 0.02426755 
600 351 9 12 0.02426687 
281 275 226 207 0.02394258 
389 388 12 17 0.023861859 
41 372 13 18 0.023753887 
888 436 9 12 0.023439977 
295 394 13 15 0.023377383 
998 341 8 10 0.023301732 
415 334 8 11 0.023174806 
591 307 10 13 0.022883954 
329 207 10 13 0.02284574 
674 278 7 10 0.02279144 
653 198 9 11 0.022647627 
576 298 12 15 0.022587884 
401 352 8 9 0.022485116 
356 386 16 18 0.022468518 
224 373 9 13 0.02243915 
374 375 19 25 0.022411486 
47 368 12 16 0.022301003 
76 409 24 31 0.022183068 
375 298 17 22 0.022156537 
575 315 11 14 0.021932 
583 325 12 14 0.021914892 
341 377 14 19 0.021884717 
367 293 10 12 0.021736978 
545 434 14 17 0.021609563 
332 366 19 25 0.021537337 
72 363 9 12 0.021469194 
309 629 29 34 0.021432022 
454 96 14 17 0.021333516 
107 368 12 13 0.021241315 
648 198 9 11 0.02113665 
573 419 10 13 0.021048624 
464 316 8 11 0.020968119 
191 493 13 15 0.020940041 
457 392 14 21 0.020921135 
581 310 11 12 0.02086527 
487 322 10 14 0.02086403 
26 368 52 64 0.02085217 
24 353 19 24 0.020826189 
320 344 13 15 0.020764457 
546 319 9 10 0.0205746 
550 391 15 18 0.020550812 
398 383 13 18 0.020540293 
544 91 12 15 0.020493465 
167 396 10 12 0.020458871 
909 401 12 14 0.020417877 
189 404 13 16 0.020367552 
325 328 10 13 0.020365587 
517 394 14 16 0.020316385 
396 371 18 24 0.020182224 
420 208 15 20 0.020087805 
408 343 7 11 0.020076925 
108 411 12 14 0.02005181 
529 276 10 14 0.020045938 
