37_Soccer_Soccer_37_651
582
903 294 31 39 0.9998022 
495 306 29 40 0.9995307 
104 225 37 39 0.99428385 
3 211 25 39 0.98361266 
303 219 25 36 0.9358628 
463 98 16 19 0.5207732 
126 3 17 19 0.5181346 
323 475 28 33 0.51767653 
979 42 15 19 0.5065583 
217 105 16 20 0.4920045 
650 98 15 18 0.41588792 
584 179 16 19 0.35399744 
186 28 12 14 0.34645507 
411 101 13 15 0.34026486 
365 0 15 13 0.31493106 
239 224 22 29 0.31129953 
419 14 19 22 0.30242047 
661 155 14 17 0.2904465 
1006 2 17 17 0.2653929 
805 112 17 21 0.24316491 
545 11 11 13 0.23697299 
731 174 15 18 0.23424867 
174 171 13 17 0.22470821 
249 223 23 29 0.22470275 
674 130 14 17 0.22317424 
102 20 15 19 0.21375206 
193 228 19 21 0.2124915 
67 73 12 16 0.2097269 
709 137 14 18 0.20939082 
288 163 13 16 0.20687127 
1008 82 10 14 0.20678742 
460 53 12 15 0.20577206 
741 0 12 12 0.20033817 
565 53 12 17 0.1923799 
772 157 15 20 0.19166934 
777 204 16 20 0.18289134 
826 171 17 20 0.18035097 
215 238 22 29 0.17479198 
418 163 16 20 0.17469063 
617 127 10 13 0.17366657 
700 88 18 20 0.16813567 
434 105 15 19 0.16294776 
740 127 11 13 0.15815337 
604 83 13 15 0.1553177 
206 173 11 13 0.15401667 
368 77 12 13 0.14518633 
540 60 10 14 0.14486913 
68 11 12 15 0.14442344 
233 4 10 13 0.14065592 
867 53 10 13 0.13533378 
564 110 12 14 0.13304774 
276 75 13 17 0.13190842 
806 91 12 15 0.13056107 
254 3 12 13 0.13053212 
748 71 11 14 0.1299888 
38 74 12 16 0.12951075 
460 18 13 16 0.12893346 
93 86 11 13 0.12631674 
571 127 12 14 0.123353325 
1010 75 13 20 0.122072205 
390 98 12 15 0.121124 
821 256 16 18 0.12045694 
213 228 21 26 0.11998519 
77 9 13 16 0.11937881 
226 81 15 16 0.114286155 
502 121 12 14 0.11346396 
1012 324 11 18 0.110964164 
232 170 15 18 0.10968924 
329 47 10 14 0.108993106 
647 175 13 16 0.10854021 
184 2 10 10 0.10759837 
641 85 11 15 0.10714967 
366 11 14 16 0.10714222 
716 135 14 19 0.10661621 
565 84 10 13 0.10645927 
605 92 13 17 0.10627038 
405 126 13 15 0.10233971 
706 168 17 21 0.100414015 
0 69 10 16 0.10000081 
944 81 11 16 0.0997057 
1011 135 13 21 0.09706899 
550 126 10 13 0.09702679 
738 25 14 15 0.0957363 
182 5 11 12 0.091245 
172 173 21 26 0.09094102 
516 68 13 15 0.09033554 
358 21 11 13 0.0879062 
204 24 14 17 0.087491795 
973 90 17 20 0.08661117 
32 20 12 15 0.08620677 
844 148 13 18 0.08591517 
153 171 10 14 0.084123574 
600 4 11 14 0.08343343 
219 247 23 31 0.08337478 
20 22 12 15 0.08185899 
270 92 10 12 0.08185361 
108 69 12 16 0.08138551 
172 184 15 18 0.080100395 
161 227 25 25 0.08008162 
199 0 11 10 0.08007835 
665 147 15 18 0.078647286 
309 70 10 14 0.07821098 
131 89 14 16 0.077901855 
311 125 12 14 0.07741447 
97 167 9 11 0.077354744 
188 110 12 15 0.07726809 
359 0 14 13 0.076137714 
245 27 12 13 0.073926866 
975 34 15 18 0.07307938 
117 19 12 15 0.072627984 
588 5 10 13 0.07235967 
304 61 10 13 0.071425244 
46 164 10 12 0.07138663 
176 13 10 13 0.07093036 
401 47 10 14 0.07070948 
646 30 9 13 0.07057198 
78 1 12 13 0.07031818 
495 18 12 14 0.06979139 
119 186 11 14 0.068644345 
94 47 11 15 0.06768864 
374 137 404 430 0.067515105 
584 125 10 14 0.06736862 
167 27 13 15 0.06699805 
237 3 10 11 0.06699 
261 3 10 12 0.06652698 
247 45 10 12 0.06638099 
64 178 10 13 0.066023394 
405 177 12 17 0.06536433 
336 179 24 31 0.064367354 
1005 66 15 20 0.06391101 
775 133 11 15 0.06319486 
1013 119 10 16 0.063013434 
351 0 13 13 0.06250989 
207 178 12 15 0.062390912 
997 56 15 21 0.061526347 
805 126 17 20 0.061113436 
469 60 13 17 0.060973655 
599 101 10 13 0.060708947 
647 0 9 9 0.060519163 
988 5 13 15 0.06032214 
532 12 11 13 0.05929738 
510 85 13 17 0.058684174 
976 23 10 14 0.05867784 
515 74 14 18 0.058486577 
613 159 15 19 0.058397993 
663 161 17 19 0.058311608 
207 92 11 14 0.057269227 
699 203 12 16 0.057258315 
188 121 16 20 0.056846645 
302 13 10 11 0.056845643 
782 68 11 14 0.056682643 
249 4 10 12 0.05576441 
517 38 13 16 0.05539343 
740 139 12 16 0.05495152 
59 237 17 19 0.05480934 
235 98 15 18 0.054772407 
447 114 13 17 0.05463515 
564 12 11 14 0.05460002 
485 2 16 17 0.054190163 
30 38 11 14 0.054083765 
669 138 16 19 0.054009438 
705 97 15 18 0.053635366 
644 90 15 19 0.053538915 
550 196 13 18 0.05342469 
15 25 12 15 0.05333068 
429 0 12 13 0.052811183 
222 58 12 16 0.05224301 
534 198 11 14 0.05222743 
568 254 23 27 0.052037187 
407 62 10 15 0.05201621 
781 82 12 16 0.052014306 
180 11 11 15 0.051766057 
223 223 23 30 0.05161705 
328 1 9 10 0.05160844 
205 165 14 17 0.051293485 
396 15 11 13 0.050988425 
37 82 13 16 0.050473552 
24 92 9 13 0.050372407 
175 53 12 14 0.05004113 
16 0 11 11 0.049845204 
374 99 10 12 0.049707614 
394 245 27 35 0.049553912 
385 98 10 14 0.049089015 
990 127 11 13 0.04904126 
678 156 15 18 0.048667565 
974 49 14 18 0.048410326 
371 72 12 14 0.04829367 
359 94 10 13 0.047543254 
214 87 10 13 0.046933778 
444 138 16 20 0.04665667 
156 100 11 13 0.046605114 
180 52 14 15 0.046563532 
527 13 12 15 0.04605261 
560 336 17 24 0.04596309 
0 15 9 12 0.04529838 
488 37 11 13 0.04529461 
269 485 24 27 0.045292933 
442 108 14 18 0.045285597 
900 0 13 11 0.04524103 
541 66 11 15 0.0450973 
259 161 16 18 0.045092937 
659 17 14 17 0.04501873 
240 45 10 12 0.044931643 
353 22 10 12 0.044888005 
285 3 11 12 0.04452889 
52 20 11 15 0.04447406 
213 92 11 15 0.044445552 
568 91 9 12 0.04423799 
256 75 10 13 0.0440148 
701 57 13 16 0.04394108 
845 139 14 20 0.04389485 
173 20 11 15 0.043852344 
515 90 16 19 0.04368862 
453 107 14 19 0.04367939 
536 135 10 13 0.043605123 
628 0 11 11 0.04354447 
701 105 16 19 0.04351647 
303 0 9 10 0.043481786 
942 123 11 15 0.04347231 
179 183 15 19 0.043374192 
285 39 10 12 0.04332692 
280 52 9 12 0.043290254 
82 3 13 16 0.043258294 
591 103 9 11 0.043072578 
462 25 13 16 0.043070886 
37 38 10 13 0.04304034 
127 173 10 13 0.043025274 
302 7 10 12 0.042795174 
222 101 22 25 0.042707544 
201 232 16 18 0.04265399 
692 13 11 14 0.042500347 
62 15 13 18 0.042392388 
271 35 11 13 0.04233342 
392 18 11 14 0.0421798 
32 14 10 12 0.042037256 
725 7 11 13 0.041723005 
292 399 23 31 0.041516602 
566 103 10 12 0.04088158 
847 133 13 16 0.040562443 
230 122 13 17 0.04050998 
459 207 13 16 0.04050428 
467 53 12 16 0.040270966 
311 0 11 10 0.04009841 
731 162 16 19 0.040052895 
305 66 12 15 0.039995603 
750 81 12 15 0.039941948 
421 6 15 17 0.03993163 
184 34 13 15 0.039916385 
397 162 12 16 0.039915726 
131 172 12 13 0.039760303 
968 55 10 15 0.039564665 
724 22 11 14 0.039362244 
87 93 12 14 0.03936107 
421 101 11 15 0.039308347 
254 38 12 15 0.039247368 
325 317 25 32 0.039052032 
204 0 9 9 0.039001282 
200 26 11 15 0.038876325 
504 91 12 17 0.03887024 
167 84 11 14 0.038828835 
694 38 10 13 0.038754594 
168 186 11 15 0.03866309 
120 76 10 14 0.038623374 
500 20 12 13 0.03844336 
67 174 10 13 0.038315427 
119 167 10 11 0.0382796 
174 224 24 27 0.038246375 
414 138 12 16 0.03820237 
694 45 9 12 0.03819707 
655 14 12 15 0.03817034 
434 142 18 21 0.03810183 
202 123 15 18 0.038021274 
188 52 14 15 0.037965935 
687 131 11 15 0.03794562 
735 4 12 14 0.037538532 
271 1 11 11 0.03733442 
278 3 12 12 0.03726818 
805 96 15 18 0.037068076 
714 188 14 17 0.037023995 
1007 502 18 45 0.036927897 
262 117 12 15 0.036647372 
639 161 13 17 0.036646944 
227 185 15 20 0.036608152 
701 0 10 9 0.03646117 
280 37 9 12 0.036066756 
296 45 9 11 0.035903484 
302 56 9 12 0.035860945 
636 53 10 13 0.035858307 
547 17 14 15 0.03572001 
141 212 12 16 0.035693597 
95 1 11 13 0.03554121 
843 158 16 22 0.035360403 
318 109 11 14 0.035347153 
700 129 20 26 0.035160907 
182 22 13 16 0.035026614 
259 170 14 17 0.034943048 
366 111 10 13 0.03491606 
33 77 11 14 0.034703232 
816 252 26 31 0.034643464 
475 136 14 18 0.034571048 
260 37 11 14 0.034564126 
556 36 10 13 0.03434703 
495 146 14 18 0.034323312 
212 26 12 16 0.03422212 
560 115 10 14 0.034071624 
660 3 14 16 0.034062892 
659 166 16 19 0.03400086 
892 507 17 21 0.03398792 
984 290 31 37 0.03391346 
261 76 10 14 0.03363627 
326 101 12 14 0.033584464 
242 93 13 16 0.03357625 
610 98 12 16 0.033499982 
196 53 10 13 0.03337538 
125 77 15 17 0.033290435 
369 83 13 15 0.033001278 
561 7 10 12 0.032941174 
0 29 8 13 0.032928593 
706 158 16 19 0.032922167 
991 57 13 19 0.032916445 
639 77 12 16 0.032903682 
324 106 13 15 0.032775316 
624 13 11 14 0.032775242 
267 161 15 18 0.032659736 
756 70 11 15 0.03260402 
271 83 14 17 0.03253788 
166 46 11 14 0.032376017 
972 57 12 15 0.032252733 
246 123 12 15 0.03223522 
54 239 16 21 0.03222166 
707 52 12 15 0.032197893 
190 0 12 10 0.032190427 
317 0 11 10 0.032116458 
553 194 18 22 0.03203473 
999 5 11 13 0.031988032 
30 93 10 13 0.03197373 
536 55 12 15 0.03193529 
227 113 15 19 0.031877663 
328 13 11 15 0.031857472 
535 8 10 13 0.031856503 
115 70 13 16 0.031694833 
94 78 11 13 0.031624615 
832 158 20 26 0.0314098 
241 22 11 14 0.03131617 
359 12 12 15 0.03105238 
157 232 16 19 0.031003824 
691 129 14 18 0.030979136 
165 53 11 13 0.03088273 
150 161 19 25 0.03069571 
957 98 11 15 0.030598283 
1009 145 13 18 0.030586137 
391 85 9 11 0.030576853 
253 126 11 14 0.030506626 
170 265 466 486 0.030504338 
228 92 14 16 0.030457215 
162 84 9 11 0.030348701 
90 96 15 18 0.03034609 
732 154 14 17 0.030293945 
519 395 25 28 0.030241549 
584 104 9 12 0.030176565 
127 167 11 13 0.030130694 
693 54 12 15 0.030121213 
21 88 10 13 0.03011197 
856 6 11 13 0.030101482 
139 3 13 17 0.029995266 
744 66 18 23 0.029974194 
169 90 14 15 0.029842908 
280 46 10 13 0.02976149 
228 176 16 20 0.029738829 
335 193 26 32 0.02969771 
490 0 14 13 0.029669741 
444 58 14 19 0.029506799 
492 35 11 12 0.02941417 
599 161 13 17 0.029370734 
251 29 12 14 0.029216804 
466 155 16 20 0.029186467 
221 171 13 17 0.029163642 
644 70 10 13 0.029142529 
204 157 16 18 0.028990157 
654 0 10 12 0.02893929 
274 71 11 14 0.028856816 
986 49 14 18 0.028854188 
68 17 13 17 0.028767021 
409 168 22 28 0.028744753 
362 84 10 13 0.028717613 
890 24 14 18 0.028709592 
64 166 10 12 0.028507892 
377 51 12 16 0.028495824 
649 85 17 20 0.028480284 
968 83 12 16 0.028410854 
749 0 10 11 0.028389355 
296 15 9 11 0.02835531 
294 21 9 11 0.028164573 
175 0 10 11 0.02810469 
490 389 17 21 0.028032428 
269 194 11 15 0.027959453 
981 174 11 15 0.027949968 
542 193 13 18 0.027833404 
275 159 21 25 0.02780748 
558 125 9 13 0.0277612 
21 14 11 13 0.027719313 
246 38 13 15 0.027695626 
201 172 12 15 0.027517335 
741 145 12 18 0.027509842 
229 26 11 15 0.02735717 
439 54 10 13 0.027351413 
14 85 10 13 0.027346179 
205 11 11 15 0.02717537 
551 120 10 12 0.02715949 
423 169 16 18 0.02701731 
176 7 11 13 0.02700496 
221 501 22 26 0.026898671 
188 103 11 13 0.026785512 
371 92 12 15 0.02674703 
1001 83 11 14 0.026731357 
1011 154 12 17 0.026726024 
307 237 25 35 0.026694288 
19 3 12 14 0.02668324 
596 5 22 28 0.026439326 
93 55 13 19 0.026322093 
165 0 11 11 0.026287027 
121 3 12 16 0.026239092 
488 322 28 38 0.026207525 
151 95 11 14 0.026170915 
522 69 11 13 0.026123615 
525 42 11 15 0.026086442 
367 99 11 14 0.025932305 
233 158 17 19 0.025930583 
238 160 24 25 0.025926614 
823 176 22 28 0.02584396 
160 52 11 15 0.025827637 
602 11 13 16 0.025709856 
674 147 15 18 0.02570435 
468 481 14 16 0.02554325 
163 162 21 26 0.025435355 
373 111 9 13 0.025344584 
784 118 10 13 0.025252705 
6 7 9 11 0.025241518 
461 86 14 17 0.025199989 
32 8 11 13 0.025176492 
262 54 9 12 0.025137298 
144 20 11 14 0.025134139 
101 204 12 16 0.025121473 
69 81 12 16 0.025097463 
468 146 16 22 0.025056722 
908 53 10 13 0.024993785 
572 93 10 13 0.024982566 
240 13 10 13 0.02496635 
839 152 15 19 0.024910448 
6 20 11 16 0.024877794 
78 235 15 17 0.024818834 
383 127 10 14 0.024792224 
579 252 16 21 0.024686573 
172 59 13 15 0.024575097 
104 209 26 32 0.024554443 
175 47 11 14 0.024530731 
119 84 11 14 0.02448752 
500 49 13 16 0.024415668 
412 80 14 17 0.02439064 
109 202 15 18 0.02421927 
72 103 9 11 0.024182012 
275 87 14 17 0.024153527 
204 3 10 13 0.02413484 
790 307 39 49 0.02410557 
603 137 13 17 0.024102861 
221 66 13 16 0.02399117 
5 125 10 13 0.023984699 
160 46 10 12 0.023952931 
313 129 13 16 0.023950221 
40 174 11 12 0.023940852 
736 130 13 17 0.023912847 
4 14 10 13 0.023860792 
598 106 10 13 0.02381091 
943 89 10 15 0.023800917 
123 179 11 15 0.023778502 
0 92 8 14 0.023772825 
419 145 22 28 0.02372629 
332 85 12 14 0.023719873 
99 12 16 20 0.02364343 
668 0 10 11 0.02361287 
997 28 14 16 0.023611307 
205 184 14 18 0.023607297 
295 0 10 11 0.023593465 
995 125 13 16 0.023588616 
310 28 11 14 0.023493389 
206 175 21 24 0.02346975 
114 213 27 36 0.023445144 
214 35 13 17 0.023420392 
294 40 9 11 0.023413729 
351 95 11 14 0.023388643 
360 164 11 13 0.02335933 
365 90 13 16 0.023356881 
524 86 11 15 0.023342498 
172 100 13 14 0.023340909 
150 231 27 33 0.023184758 
71 13 22 25 0.023116931 
406 146 13 17 0.023033477 
756 13 11 13 0.023025235 
428 139 17 20 0.023011845 
220 92 14 16 0.022984644 
927 0 10 11 0.022964558 
693 18 11 15 0.022940675 
271 44 11 13 0.022900006 
480 115 12 17 0.022808671 
450 52 20 25 0.022762295 
349 399 25 33 0.022728337 
84 206 11 14 0.022705572 
946 77 12 16 0.022685384 
332 94 13 15 0.022665244 
212 165 14 15 0.022533283 
194 116 14 18 0.022519255 
115 195 14 19 0.022518488 
712 194 13 16 0.022507176 
417 26 11 16 0.022498848 
478 106 12 17 0.02239392 
169 570 13 17 0.022310125 
727 52 13 15 0.02225733 
584 1 11 12 0.022202378 
521 14 10 14 0.022176607 
315 114 14 17 0.02215669 
869 24 10 13 0.022148324 
545 125 11 14 0.022138448 
601 80 10 13 0.022068735 
238 52 9 12 0.022064593 
194 110 13 15 0.02206333 
603 1 13 13 0.021984264 
540 30 12 14 0.021984119 
406 128 21 24 0.021901531 
110 166 10 12 0.021873463 
457 113 18 19 0.021828214 
719 26 12 16 0.021815171 
562 78 10 14 0.021776926 
44 169 12 15 0.021744484 
509 94 18 21 0.02173432 
320 103 11 14 0.021721927 
249 164 23 28 0.02171282 
510 42 14 17 0.021626495 
786 203 14 18 0.021614838 
424 23 15 19 0.021606753 
406 138 15 18 0.02157688 
722 133 14 18 0.021546751 
235 408 13 16 0.021546062 
537 166 10 14 0.02154344 
467 69 17 21 0.021515802 
36 26 12 15 0.021473963 
86 25 12 17 0.021447862 
755 82 12 16 0.021275595 
663 127 10 14 0.021237936 
868 58 11 14 0.021215802 
417 134 21 26 0.021106597 
614 122 18 22 0.02109801 
300 46 10 12 0.021072235 
787 124 13 18 0.02097595 
1002 15 18 19 0.020922815 
453 85 13 16 0.020840691 
475 53 14 17 0.020786544 
184 107 21 25 0.020765917 
572 247 14 15 0.020755997 
755 267 17 23 0.020724684 
733 12 11 14 0.020705193 
315 76 11 13 0.020671258 
210 171 15 17 0.020644158 
158 180 11 15 0.020623863 
908 19 12 16 0.020539327 
263 85 10 13 0.020520654 
444 100 14 19 0.02048012 
977 84 16 19 0.020354126 
446 53 12 15 0.020344833 
382 84 10 12 0.020330576 
663 142 14 17 0.020322457 
218 168 22 27 0.020318793 
701 21 10 13 0.020298844 
212 207 12 15 0.020294935 
655 162 14 20 0.020281449 
263 223 17 23 0.020251246 
695 6 12 14 0.02022943 
246 13 11 14 0.020212648 
549 84 9 13 0.020209037 
533 20 11 14 0.020179374 
725 1 11 11 0.020113003 
33 84 10 14 0.020096175 
398 4 11 13 0.020047776 
