37_Soccer_soccer_ball_37_506
32
458 237 29 35 0.99556255 
610 264 31 40 0.9934263 
690 254 34 41 0.98902553 
408 246 28 35 0.9787617 
534 354 15 19 0.2550576 
499 388 15 19 0.20139198 
584 43 11 14 0.11679399 
712 224 11 12 0.06456602 
567 441 12 18 0.058370836 
535 313 13 16 0.05341849 
428 366 14 16 0.045414113 
600 45 11 13 0.041139573 
441 245 28 31 0.037608042 
552 302 8 11 0.036552127 
585 52 9 11 0.036442943 
-59 120 436 502 0.032362632 
525 292 10 14 0.030983187 
393 221 13 15 0.03018775 
440 222 12 13 0.029190287 
0 467 38 79 0.028512595 
583 432 11 12 0.02766984 
373 367 8 12 0.024877267 
622 271 20 25 0.024598334 
553 307 9 13 0.023490356 
423 370 14 17 0.023195727 
524 287 10 13 0.022756908 
397 349 12 15 0.022243453 
380 294 11 15 0.022220107 
586 39 12 15 0.020319108 
540 51 426 498 0.020314395 
513 349 9 14 0.020120384 
405 349 13 16 0.020091783 
