37_Soccer_Soccer_37_415
32
188 421 58 85 0.99891186 
519 34 69 60 0.54648846 
907 257 44 56 0.48892945 
129 181 127 173 0.21107146 
90 144 195 289 0.12595628 
5 314 55 78 0.105509914 
630 233 56 73 0.06294835 
767 239 204 225 0.05992345 
741 12 105 103 0.051730875 
554 33 33 38 0.049843427 
546 239 107 137 0.046838593 
485 34 98 100 0.04465402 
37 51 342 460 0.04410294 
817 262 59 69 0.04126295 
508 38 13 14 0.039842304 
77 245 30 39 0.0396018 
156 225 75 94 0.038824745 
470 246 212 310 0.038214713 
270 185 16 24 0.037586927 
572 30 13 16 0.033149768 
760 38 36 33 0.032159206 
753 26 68 61 0.03202291 
801 258 98 105 0.031282548 
744 252 105 132 0.025589012 
910 242 33 43 0.023254333 
235 510 29 42 0.023116654 
826 419 57 56 0.023009183 
861 187 41 54 0.021946054 
842 260 57 63 0.021911629 
509 31 10 13 0.021642733 
770 387 49 69 0.020610198 
592 100 10 13 0.020240208 
