37_Soccer_soccer_ball_37_60
27
849 481 30 39 0.99846554 
509 229 52 80 0.98550344 
229 447 30 35 0.9845287 
402 403 111 145 0.30988163 
412 291 52 60 0.29366732 
113 510 10 13 0.2219144 
373 456 108 111 0.13598575 
245 444 28 34 0.124079764 
539 699 46 32 0.11307358 
423 284 29 51 0.085860685 
804 45 183 250 0.0654871 
520 703 38 33 0.0610685 
774 557 12 16 0.05896892 
328 383 33 36 0.04170475 
509 684 36 37 0.038366914 
119 531 12 15 0.032763273 
323 399 18 23 0.029715268 
396 271 85 102 0.029293418 
318 394 58 58 0.028478445 
249 458 19 26 0.02805147 
786 480 25 31 0.023377487 
396 332 70 75 0.022300934 
467 854 12 15 0.021818453 
543 258 59 66 0.021695778 
530 709 41 34 0.02077955 
449 129 56 54 0.020415027 
817 457 24 27 0.02004932 
