37_Soccer_Soccer_37_655
39
22 85 29 36 0.99703074 
358 18 36 53 0.97549576 
614 125 20 28 0.9728802 
734 119 20 28 0.7071543 
883 276 11 15 0.21750201 
570 183 14 18 0.11683399 
484 30 25 42 0.116416015 
831 228 9 12 0.07364009 
881 205 9 11 0.06983233 
861 267 10 13 0.06818128 
745 129 22 30 0.06735366 
55 76 31 40 0.06107154 
570 194 14 17 0.0581785 
611 176 15 19 0.05652092 
755 136 16 21 0.052262757 
718 278 8 10 0.051649835 
305 -1 38 31 0.048412353 
347 213 16 17 0.040756285 
-1 80 12 23 0.038507503 
740 110 17 19 0.031824473 
771 137 16 22 0.0313773 
84 79 27 33 0.031007163 
825 229 10 13 0.029977681 
752 189 30 37 0.028838485 
854 242 12 14 0.025524294 
70 34 25 31 0.025034405 
878 211 10 13 0.02412706 
871 220 10 13 0.023773642 
878 272 13 16 0.023571819 
740 131 17 23 0.022447363 
570 176 13 16 0.022269722 
804 206 11 14 0.022153499 
616 236 12 16 0.02186356 
466 17 43 65 0.021650333 
758 132 23 30 0.021407722 
556 217 10 15 0.021104513 
315 8 43 54 0.020981317 
607 261 9 14 0.02083264 
417 147 41 57 0.020157158 
