37_Soccer_soccer_ball_37_345
124
714 163 16 21 0.9973569 
490 171 16 20 0.99595827 
622 179 16 20 0.9951866 
555 166 16 21 0.9941705 
363 179 16 21 0.9937512 
426 183 15 19 0.991422 
818 168 14 19 0.98890746 
383 92 11 15 0.97879 
1001 189 15 19 0.97784424 
969 182 16 20 0.90648544 
141 317 16 22 0.6676186 
414 284 12 16 0.5425952 
432 336 21 24 0.5425083 
837 252 14 18 0.3130688 
446 281 12 16 0.31006017 
351 279 11 15 0.29749197 
949 275 12 15 0.29492015 
621 246 17 18 0.22236598 
439 209 14 17 0.22021373 
576 284 10 13 0.20126927 
476 281 12 15 0.18228263 
541 282 12 15 0.16634057 
705 136 8 10 0.16508064 
489 238 17 19 0.16304557 
552 209 21 24 0.16222729 
385 281 11 15 0.15249874 
370 158 9 13 0.14553244 
736 253 13 17 0.13995154 
428 253 14 15 0.10016611 
511 282 10 13 0.09401828 
412 234 11 14 0.09400023 
697 255 13 18 0.093186505 
367 243 15 16 0.08786553 
485 212 21 25 0.07876537 
391 235 11 13 0.075065434 
602 233 14 17 0.07296689 
609 289 11 14 0.06952422 
565 201 14 18 0.06946124 
982 198 10 13 0.06937647 
328 135 8 11 0.06637961 
400 158 11 15 0.06512984 
647 235 12 14 0.062787674 
368 126 9 11 0.058677904 
141 444 39 57 0.058462586 
414 210 13 16 0.057345543 
374 129 21 27 0.05584663 
983 288 13 15 0.055766422 
440 341 18 21 0.052456554 
265 135 8 11 0.04982659 
375 209 12 15 0.04884586 
796 136 9 11 0.04849969 
423 334 16 22 0.04810097 
347 277 10 15 0.047135923 
134 322 17 21 0.046427395 
654 134 9 12 0.043383893 
437 133 8 12 0.043092057 
80 56 9 11 0.042230442 
504 138 14 16 0.042230047 
548 205 16 21 0.041704617 
368 119 8 11 0.040844787 
503 203 13 16 0.039382853 
599 137 12 15 0.039238952 
691 218 11 16 0.038865842 
617 233 24 27 0.037339415 
423 246 11 14 0.036964133 
532 134 10 13 0.03652625 
387 88 11 14 0.0361186 
433 128 8 11 0.035417188 
354 283 11 14 0.03522632 
605 211 13 18 0.035091445 
345 128 8 10 0.03446242 
487 221 23 26 0.033848386 
449 337 14 20 0.033502493 
726 189 13 16 0.033414125 
467 225 13 15 0.032829743 
613 212 13 16 0.03255815 
350 129 8 10 0.031859607 
805 256 13 16 0.031661004 
367 271 9 13 0.030686963 
422 227 13 15 0.030275257 
328 129 7 8 0.030107338 
512 227 13 16 0.030072425 
965 237 12 15 0.029710768 
146 433 30 43 0.02955909 
346 231 14 17 0.02906522 
581 222 12 16 0.028895743 
134 328 21 28 0.02888469 
966 192 12 15 0.028693719 
371 162 12 15 0.02805082 
86 59 10 11 0.027549516 
108 469 26 25 0.02690555 
630 209 14 17 0.026837194 
687 134 10 12 0.026356738 
406 132 9 12 0.02582245 
0 274 8 17 0.025130806 
802 217 13 18 0.025096036 
828 195 12 14 0.02505682 
959 232 24 28 0.024874058 
736 134 9 13 0.024776671 
431 275 9 12 0.02436522 
944 270 13 17 0.024039581 
621 225 17 19 0.023833076 
989 203 10 13 0.022736873 
610 224 23 26 0.022724755 
373 125 10 13 0.022276834 
579 279 10 14 0.022178069 
453 127 9 12 0.022060059 
836 150 17 20 0.021909263 
361 102 8 10 0.021811958 
360 127 8 10 0.02180346 
387 98 12 13 0.021758102 
413 217 13 17 0.021504857 
136 345 12 16 0.021436943 
972 259 11 15 0.021286497 
180 132 12 15 0.020625522 
552 218 24 26 0.020591946 
406 117 8 11 0.02043028 
349 270 12 17 0.020391755 
484 284 10 14 0.0203174 
959 196 12 15 0.020207858 
368 130 10 15 0.020190116 
527 137 13 16 0.020156315 
483 206 15 18 0.020068714 
427 219 14 17 0.020028362 
