37_Soccer_soccer_ball_37_281
129
968 327 7 8 0.09764056 
73 523 11 13 0.09581861 
951 313 7 9 0.09506583 
177 566 8 9 0.08857826 
392 173 201 243 0.085696496 
401 656 8 10 0.07739396 
361 640 7 10 0.077153936 
175 559 8 10 0.072882906 
951 317 7 9 0.07152359 
47 496 9 12 0.0682106 
25 472 8 10 0.061149564 
985 221 8 10 0.060421966 
182 567 7 10 0.06007901 
194 570 6 8 0.059005417 
386 655 9 11 0.056626707 
25 477 9 11 0.05638217 
224 584 7 8 0.055444546 
383 303 410 453 0.053988054 
28 563 11 15 0.05390341 
194 573 8 10 0.05270669 
417 663 10 11 0.052619215 
216 569 7 9 0.051834077 
215 574 7 9 0.050795943 
366 640 8 11 0.04924794 
421 654 10 11 0.048832495 
344 623 8 11 0.047338158 
199 568 8 9 0.043782454 
217 557 7 9 0.041613404 
375 663 9 11 0.03989663 
208 567 7 9 0.0392965 
390 647 9 11 0.039041378 
9 478 8 10 0.03823279 
374 646 9 11 0.037893932 
361 631 7 9 0.0378386 
516 257 537 428 0.03702512 
232 584 7 9 0.036865108 
198 574 7 10 0.036840066 
937 328 7 8 0.036172178 
953 305 7 8 0.03605377 
400 647 8 10 0.035940744 
272 648 8 11 0.034993283 
31 504 8 10 0.034640357 
1006 364 8 10 0.03446126 
138 550 9 10 0.0343797 
947 318 7 9 0.034253463 
167 551 7 10 0.034045607 
9 429 7 10 0.033603992 
149 80 435 430 0.03229562 
934 310 8 10 0.03215309 
1000 319 7 9 0.03214295 
969 321 7 9 0.03212002 
217 582 8 10 0.032047603 
241 575 7 8 0.031963076 
928 320 8 9 0.03190869 
928 335 7 9 0.031776156 
217 518 7 10 0.031281065 
983 318 7 9 0.031129928 
946 313 7 9 0.030695487 
994 204 9 12 0.03037132 
350 623 8 10 0.030311929 
492 672 17 17 0.030064428 
384 660 9 11 0.029888041 
960 304 7 9 0.029762587 
43 495 9 11 0.029599616 
372 670 11 11 0.0294481 
779 561 6 8 0.029049236 
989 215 9 11 0.028356815 
969 336 6 8 0.028161353 
989 221 8 10 0.027455052 
29 479 8 11 0.027157249 
176 325 7 10 0.027034055 
205 560 8 9 0.0264145 
416 648 10 11 0.026317168 
975 319 8 9 0.026210915 
984 336 7 9 0.026182171 
333 614 8 10 0.026143545 
233 589 7 10 0.025975777 
928 344 6 8 0.025761899 
927 351 7 10 0.02528356 
42 501 9 12 0.025169797 
94 325 10 15 0.024970507 
169 557 8 11 0.024884483 
352 628 7 10 0.024821095 
965 303 8 9 0.024799915 
375 639 8 11 0.024681548 
163 552 7 10 0.024531132 
193 551 7 9 0.024096439 
1 520 9 12 0.024088584 
247 604 8 10 0.023751076 
40 486 8 10 0.023670578 
905 336 7 9 0.023533218 
264 319 7 9 0.023448285 
414 670 11 11 0.023300592 
930 305 8 9 0.023233235 
239 568 8 9 0.023195999 
153 568 8 10 0.023136647 
896 335 6 9 0.023009956 
976 225 8 10 0.022778241 
134 510 7 9 0.022615671 
430 655 9 10 0.022413462 
703 96 442 463 0.022328112 
177 321 7 10 0.022309018 
606 535 7 9 0.022185925 
201 551 6 8 0.022146154 
371 676 12 13 0.022042265 
31 483 8 12 0.022035563 
984 343 7 8 0.021981454 
22 557 21 26 0.021952039 
177 572 9 10 0.021911858 
953 344 6 9 0.021861611 
208 343 7 9 0.021784352 
223 567 8 10 0.021669233 
158 568 8 10 0.021573475 
89 494 7 10 0.021532547 
29 471 8 10 0.021454467 
975 312 8 10 0.021351913 
271 318 7 10 0.021259567 
587 311 7 9 0.021257227 
5 520 8 11 0.020907482 
14 479 7 10 0.020864392 
200 581 8 9 0.020796526 
927 328 8 9 0.020727731 
952 351 7 8 0.020639714 
602 247 9 12 0.020509781 
1001 326 8 9 0.020460991 
1014 319 7 10 0.020419398 
943 327 7 9 0.020417698 
385 649 9 11 0.020157686 
375 655 8 10 0.02015218 
