37_Soccer_soccer_ball_37_867
212
685 108 49 64 0.99878675 
386 206 33 44 0.9984989 
251 238 48 62 0.9977825 
518 219 48 67 0.9960097 
507 58 52 68 0.99598527 
85 290 29 36 0.9816722 
900 226 42 54 0.937853 
480 256 26 36 0.45021054 
443 373 15 20 0.33463755 
7 240 8 10 0.21373837 
575 304 37 52 0.12978035 
23 300 9 12 0.12643972 
153 363 12 16 0.12601952 
50 281 8 9 0.11911735 
16 312 9 12 0.11370779 
64 288 10 12 0.11195816 
451 385 18 23 0.104568996 
64 438 12 13 0.099683516 
33 266 8 10 0.0984676 
485 312 15 18 0.093424276 
792 271 8 9 0.08717076 
79 276 9 11 0.083790556 
105 370 13 15 0.0829711 
20 228 10 11 0.07691742 
6 298 9 12 0.07518217 
31 280 9 10 0.07454932 
150 289 8 11 0.066073135 
471 337 16 20 0.0655335 
753 269 15 17 0.063441604 
3 240 8 11 0.06336745 
53 278 8 11 0.062039852 
844 277 10 11 0.06132249 
120 209 8 10 0.059963 
21 308 10 13 0.05976082 
513 545 38 39 0.052272364 
356 322 26 31 0.052250292 
13 239 8 10 0.05194224 
123 386 13 17 0.05125217 
36 191 391 518 0.05116349 
261 111 8 10 0.05021021 
94 185 8 10 0.049730938 
24 280 8 11 0.04705279 
17 299 11 13 0.046778373 
88 184 8 9 0.0457573 
215 184 7 9 0.04433854 
25 247 8 11 0.044151425 
557 152 47 58 0.04388891 
240 128 8 10 0.042970236 
447 378 19 22 0.04266611 
120 231 8 10 0.042213097 
814 273 9 11 0.042210292 
31 128 6 8 0.0415525 
50 112 6 8 0.040995542 
459 687 13 15 0.040627062 
101 390 10 12 0.04040107 
125 379 26 34 0.040083632 
29 247 9 10 0.039373107 
175 287 10 11 0.038997322 
178 229 7 10 0.0388556 
31 150 6 9 0.037950024 
266 137 8 9 0.037771303 
200 273 8 11 0.037253715 
239 133 9 12 0.036984976 
135 375 27 36 0.03661765 
14 183 7 10 0.035699647 
242 261 9 13 0.035210814 
797 270 8 11 0.035197068 
19 370 13 15 0.035181746 
126 175 8 10 0.03510968 
169 304 9 11 0.035092413 
17 111 8 10 0.03496515 
9 314 10 13 0.034960628 
253 209 9 11 0.034514483 
178 142 8 9 0.0342358 
17 223 10 12 0.033530477 
108 262 9 11 0.033306383 
126 208 7 9 0.032911167 
71 208 8 9 0.032834005 
23 332 12 15 0.032774977 
138 159 8 10 0.032615446 
840 251 12 15 0.032391347 
73 277 9 11 0.032368757 
105 159 7 9 0.03231817 
47 183 8 10 0.03228068 
333 342 10 13 0.032107897 
24 341 13 15 0.032063108 
32 200 8 11 0.03193381 
15 246 7 9 0.03172114 
80 185 7 8 0.03171586 
186 239 8 9 0.03153655 
110 167 7 10 0.03131404 
144 272 8 10 0.031198896 
22 160 9 10 0.031101096 
301 167 10 12 0.03074801 
39 167 7 10 0.030744381 
63 279 9 11 0.030454315 
152 245 9 12 0.030382719 
914 252 33 40 0.030316193 
285 156 8 11 0.030257609 
137 312 9 11 0.030199794 
77 166 9 10 0.029897852 
55 166 8 10 0.02979729 
63 183 7 9 0.029718818 
80 111 7 9 0.029692208 
810 276 10 11 0.029561523 
2 299 9 13 0.029353123 
834 230 8 9 0.02915 
54 112 7 9 0.0290913 
137 189 7 10 0.02891955 
135 184 8 10 0.028714044 
22 112 7 9 0.028687837 
786 269 8 11 0.028559746 
24 127 8 10 0.028519794 
48 158 8 9 0.028248128 
112 207 8 10 0.028083082 
95 167 8 10 0.028039213 
15 191 8 11 0.028006844 
539 427 14 17 0.027994277 
79 207 8 10 0.027959337 
22 192 7 9 0.02791347 
47 152 8 10 0.027631715 
150 369 12 17 0.027611015 
36 268 9 11 0.027575308 
58 191 8 10 0.027569285 
72 272 9 11 0.027549611 
485 396 10 14 0.027239682 
144 133 8 10 0.027229097 
822 290 12 13 0.027019253 
21 316 10 11 0.026828341 
183 255 8 10 0.026810171 
39 191 7 9 0.026756091 
53 284 9 12 0.026381241 
249 183 7 9 0.026327739 
280 153 8 11 0.026227612 
182 142 8 9 0.026220256 
731 269 10 12 0.026111579 
10 183 7 10 0.025936726 
224 177 7 9 0.025852423 
24 253 9 11 0.025711156 
105 167 8 10 0.02555778 
22 166 9 11 0.025414135 
38 279 9 11 0.02518775 
64 129 7 8 0.02515866 
125 255 9 10 0.024928391 
38 284 9 11 0.024862623 
420 277 14 19 0.024842324 
65 160 7 9 0.024703298 
41 128 7 9 0.024588637 
126 376 11 14 0.024475124 
833 224 8 10 0.024371954 
25 174 9 11 0.024290428 
57 199 7 9 0.02419616 
55 160 7 9 0.024145288 
103 201 8 10 0.02400616 
34 192 6 8 0.023916623 
57 183 8 10 0.023747757 
153 310 10 12 0.023709275 
96 216 8 9 0.02370549 
92 285 15 19 0.02353907 
73 135 8 9 0.023522887 
209 200 7 9 0.023308853 
40 173 7 10 0.023294164 
120 191 8 10 0.023239728 
542 419 13 15 0.023118384 
231 119 8 9 0.023039227 
24 182 8 10 0.022810703 
63 272 7 9 0.02263594 
178 224 8 10 0.022544228 
64 207 9 11 0.022267729 
121 292 12 15 0.022188842 
152 223 8 9 0.022108732 
139 318 9 11 0.022104887 
120 129 7 9 0.02206638 
165 232 8 9 0.021929745 
41 159 7 9 0.021904407 
356 452 14 16 0.021843279 
129 223 7 9 0.021789322 
113 212 8 11 0.021771736 
337 321 11 17 0.021700278 
42 315 13 15 0.021333262 
136 273 9 10 0.021326607 
94 279 12 13 0.021274466 
262 116 9 11 0.021170847 
88 167 8 9 0.021160003 
62 197 8 10 0.021140423 
102 459 12 14 0.021063145 
88 159 7 9 0.021060163 
104 239 8 10 0.021036886 
194 191 7 9 0.02099909 
45 485 13 19 0.02099486 
126 231 8 10 0.020950675 
269 141 8 9 0.020948881 
25 262 8 10 0.020926733 
62 191 8 11 0.0208305 
47 135 7 8 0.020810794 
191 260 8 10 0.020810165 
192 143 7 9 0.02077491 
61 436 23 25 0.020695135 
79 135 7 10 0.020613996 
182 230 7 10 0.0205783 
90 189 8 10 0.020543229 
254 149 8 11 0.020538857 
161 175 9 12 0.020432895 
136 223 8 10 0.020389374 
839 273 11 12 0.020347042 
281 127 8 10 0.020268332 
233 160 8 10 0.020237144 
129 246 8 11 0.020169081 
145 112 7 9 0.020141874 
147 364 23 31 0.020129995 
129 238 8 10 0.020072343 
96 160 7 9 0.020032022 
