37_Soccer_soccer_ball_37_512
33
497 62 70 109 0.99502736 
256 344 53 71 0.2960835 
979 180 30 37 0.16340147 
910 10 38 51 0.13593532 
95 280 42 50 0.08385478 
44 328 41 51 0.07948443 
410 448 58 71 0.07411178 
257 53 51 77 0.060799494 
288 -1 29 31 0.05838877 
241 -3 89 118 0.051956523 
820 234 42 56 0.04920181 
894 360 41 50 0.048110276 
267 9 53 75 0.04363098 
796 60 81 122 0.042363796 
977 14 45 74 0.041216984 
4 -1 25 20 0.03915573 
1011 407 13 28 0.03804993 
-1 426 37 63 0.03752862 
572 383 39 52 0.036824226 
717 312 30 41 0.035676565 
413 286 117 123 0.03517253 
740 59 31 38 0.03484648 
0 72 23 33 0.032498587 
977 229 44 67 0.025514506 
195 383 38 52 0.02520846 
985 260 28 34 0.024901234 
977 187 46 66 0.024613334 
189 330 30 33 0.023959732 
732 293 42 54 0.023824556 
156 4 61 55 0.022585908 
650 428 45 56 0.022489453 
631 0 30 27 0.021507604 
467 10 22 29 0.020418534 
