37_Soccer_soccer_ball_37_479
20
479 37 82 79 0.977221 
770 656 129 94 0.8073726 
778 255 65 104 0.6673016 
733 274 72 77 0.13386974 
657 44 120 147 0.08818235 
500 57 49 47 0.061128967 
444 33 60 74 0.057595298 
715 267 60 73 0.05624118 
628 94 173 187 0.05353041 
364 30 14 16 0.04654938 
51 35 176 206 0.045283943 
817 633 37 33 0.038649477 
307 202 214 248 0.03221229 
473 55 47 59 0.025675625 
325 559 130 127 0.0245663 
1012 732 10 15 0.024224894 
454 34 33 47 0.02416344 
190 685 115 88 0.021118138 
797 257 39 67 0.020589728 
206 382 129 182 0.02058437 
