37_Soccer_soccer_ball_37_28
33
725 42 33 43 0.9987117 
619 40 38 44 0.99543744 
381 103 40 48 0.99439055 
369 146 32 54 0.9730367 
559 65 24 33 0.8516434 
649 487 31 42 0.25748882 
560 292 74 137 0.11329814 
419 206 26 32 0.08991744 
595 488 41 51 0.08302758 
675 199 26 37 0.07899767 
345 170 26 35 0.06286848 
787 0 21 20 0.05687689 
566 311 28 47 0.056683425 
284 207 17 23 0.05226075 
506 128 24 33 0.05175497 
563 290 49 83 0.048281837 
561 56 37 49 0.04806664 
335 180 27 33 0.046191577 
355 161 31 44 0.041519824 
874 48 16 22 0.03905302 
577 68 33 37 0.036868908 
804 47 19 23 0.035465922 
377 118 39 59 0.033875998 
521 99 28 35 0.03276383 
634 456 45 70 0.032571852 
281 202 40 51 0.03173522 
609 476 48 61 0.028429275 
537 113 441 500 0.02722853 
461 451 86 123 0.026697736 
529 83 27 32 0.02662816 
573 484 44 55 0.022941686 
330 190 27 33 0.022866026 
515 82 30 33 0.020044893 
