37_Soccer_soccer_ball_37_692
292
79 270 12 14 0.6173538 
23 75 8 11 0.25327212 
121 152 9 10 0.20996599 
657 260 10 12 0.20553367 
106 94 8 11 0.18051472 
575 261 10 11 0.14276965 
25 96 9 11 0.13751641 
611 343 11 14 0.13340423 
593 121 8 10 0.12568139 
85 301 12 16 0.122960135 
60 324 14 19 0.11988192 
85 93 8 11 0.117083006 
0 84 8 12 0.11608604 
590 72 8 9 0.11245033 
608 72 8 10 0.11101102 
573 257 9 11 0.11014077 
462 265 8 10 0.109929144 
42 79 8 11 0.10431553 
704 88 8 11 0.101216465 
718 95 8 11 0.10048685 
49 142 10 12 0.09922126 
253 388 13 16 0.097422846 
46 80 8 10 0.09237413 
12 139 12 14 0.08670487 
716 117 9 11 0.076838255 
55 88 7 9 0.07623503 
685 87 7 10 0.07622132 
7 85 8 11 0.071938634 
61 96 8 10 0.06966258 
57 95 7 9 0.069368176 
650 346 9 12 0.068667464 
729 111 7 9 0.06796345 
129 92 9 12 0.06589317 
250 371 15 17 0.0648635 
586 72 8 10 0.06435246 
571 342 11 15 0.061829004 
695 105 7 9 0.06131313 
72 112 9 11 0.06124897 
47 112 8 10 0.060933836 
102 119 8 10 0.06046007 
46 48 8 10 0.060295004 
47 85 7 10 0.06026877 
93 151 8 11 0.060043298 
9 104 8 9 0.057314232 
78 282 13 16 0.057092644 
81 88 9 11 0.05700559 
13 111 8 11 0.055528533 
624 152 8 10 0.052908327 
66 271 8 11 0.052885547 
224 112 8 11 0.05283096 
600 54 8 11 0.05281303 
19 149 11 14 0.0521171 
55 102 8 10 0.052054435 
38 94 8 9 0.052049164 
40 87 8 9 0.05104276 
13 116 8 10 0.05086185 
542 88 7 10 0.050696675 
14 104 8 10 0.05034254 
717 100 8 10 0.05021361 
31 61 7 9 0.049820513 
713 113 8 10 0.048585348 
569 71 7 9 0.048238043 
637 86 9 11 0.048045002 
632 63 7 9 0.04765593 
112 112 8 10 0.047012024 
117 87 9 11 0.046844408 
66 77 7 10 0.046539836 
562 87 6 9 0.046294484 
614 63 8 10 0.045470137 
607 76 8 11 0.045429908 
111 88 9 11 0.045077436 
24 57 8 9 0.04503275 
42 47 8 10 0.04495981 
142 111 8 10 0.044942264 
621 262 9 11 0.0445925 
55 70 7 9 0.043940805 
90 323 12 17 0.04389663 
104 99 10 12 0.043689307 
613 96 8 10 0.0435936 
65 149 10 14 0.04211219 
57 64 7 9 0.041384384 
72 277 9 12 0.041302983 
626 71 8 9 0.04121869 
679 56 7 9 0.04099389 
102 126 9 11 0.0408463 
14 87 8 10 0.040788945 
719 113 8 10 0.040392414 
247 399 10 12 0.0403177 
33 89 7 9 0.0401703 
273 119 8 9 0.04007436 
746 151 8 9 0.039946858 
105 142 8 10 0.03904311 
244 361 25 29 0.03894713 
-1 93 7 12 0.038899753 
138 112 8 10 0.038677506 
432 104 8 10 0.038621042 
376 121 8 10 0.038411535 
246 405 9 11 0.038099192 
17 63 7 10 0.038008295 
584 77 8 10 0.03782887 
41 112 9 11 0.037532616 
110 134 9 12 0.03712671 
30 95 8 9 0.03688126 
858 151 9 11 0.03675433 
70 284 10 13 0.036572333 
119 111 8 9 0.036458023 
752 104 7 10 0.036267444 
70 149 9 13 0.03612439 
85 89 9 11 0.036078602 
674 152 8 10 0.035966914 
86 317 14 18 0.035920672 
93 318 10 15 0.035864297 
86 110 9 12 0.035826433 
48 71 7 8 0.035793602 
824 153 8 8 0.035674624 
1007 87 8 9 0.035367582 
518 79 8 9 0.03530183 
0 157 8 12 0.03525768 
78 292 11 14 0.034693673 
727 153 9 10 0.03450975 
261 109 7 10 0.03439896 
550 77 8 10 0.03433416 
30 71 8 11 0.03407463 
618 263 7 10 0.033964317 
545 72 8 10 0.033899907 
167 112 7 10 0.03362616 
65 72 7 9 0.033528373 
512 88 7 9 0.03349299 
40 64 8 10 0.03338211 
424 119 8 10 0.033289827 
681 95 7 9 0.03302829 
76 240 12 14 0.032727096 
610 65 7 9 0.032694366 
70 79 8 10 0.03244751 
681 71 8 9 0.0324308 
53 110 9 11 0.032133184 
689 105 8 9 0.03195259 
95 103 8 10 0.031782802 
77 295 20 27 0.031771462 
25 117 9 11 0.03175975 
246 118 8 11 0.031691197 
63 63 8 9 0.031612754 
616 87 7 9 0.031433653 
126 112 8 9 0.0313586 
599 87 8 9 0.03132033 
19 71 8 11 0.031313956 
210 102 7 9 0.031299856 
1003 86 7 8 0.031170877 
62 100 8 10 0.031136394 
712 152 8 10 0.030851666 
49 96 7 9 0.030731203 
601 78 7 9 0.03048859 
453 103 8 10 0.030474056 
31 58 6 8 0.03039941 
703 55 8 10 0.030280925 
674 56 8 10 0.02995235 
105 132 9 12 0.029852012 
25 110 9 10 0.029693618 
30 111 8 10 0.029660502 
0 101 7 11 0.02945719 
237 351 10 11 0.029410783 
573 86 8 10 0.029396655 
522 103 8 10 0.02930928 
109 141 8 10 0.028933777 
697 72 8 11 0.028826796 
137 152 8 11 0.028567823 
8 136 11 14 0.028338678 
633 57 7 9 0.02821228 
1013 157 8 15 0.027979825 
40 72 8 9 0.027847497 
593 89 8 9 0.02770423 
80 116 8 10 0.027694277 
698 56 7 9 0.027143884 
135 157 10 11 0.027054068 
582 55 8 10 0.026980996 
95 87 9 11 0.026945606 
0 69 7 10 0.026887529 
702 111 8 10 0.026683996 
1002 64 8 10 0.026623107 
991 77 7 9 0.026555462 
640 56 8 9 0.02652896 
646 63 8 9 0.026491938 
733 110 8 10 0.026402635 
104 90 9 10 0.026138881 
265 287 502 487 0.026034627 
94 111 7 10 0.026012717 
1001 81 7 9 0.02600774 
680 79 9 12 0.025983252 
983 96 8 9 0.0258515 
569 260 9 11 0.025849326 
17 56 8 9 0.025792161 
567 86 8 10 0.025746455 
23 62 8 9 0.02573818 
600 73 7 9 0.02567267 
680 63 8 9 0.025576511 
560 64 8 10 0.025535984 
698 94 8 10 0.025494086 
570 113 7 10 0.025453739 
29 102 8 10 0.025389772 
662 70 8 10 0.025379837 
685 79 8 11 0.025197787 
177 96 8 10 0.024951769 
1006 63 8 11 0.02494583 
633 111 8 10 0.02493898 
191 87 8 11 0.024819318 
672 79 8 10 0.02480275 
625 64 8 10 0.024682764 
814 92 9 11 0.024659138 
73 270 9 13 0.024620913 
616 56 8 10 0.024455104 
96 131 9 12 0.024383767 
151 95 7 9 0.024317058 
631 93 9 11 0.024258697 
449 110 9 11 0.024224209 
85 293 12 17 0.02408707 
33 155 11 13 0.0240359 
537 87 8 10 0.023957161 
120 105 7 9 0.02395063 
63 56 7 9 0.023946805 
22 39 9 10 0.023882404 
860 644 18 20 0.023847435 
623 46 8 10 0.023829533 
49 146 13 17 0.023787323 
1009 162 10 13 0.023783814 
414 110 8 10 0.023775822 
39 102 8 10 0.0237605 
400 117 7 10 0.02368335 
633 78 8 11 0.023620589 
649 102 8 10 0.023513624 
824 157 8 11 0.023424603 
29 118 9 10 0.023419928 
641 71 7 10 0.023403266 
638 80 9 11 0.023358252 
82 264 12 15 0.023322344 
49 102 7 9 0.023251314 
696 109 8 11 0.023147197 
617 119 7 9 0.023128673 
86 116 8 10 0.023088725 
1004 130 13 15 0.023055311 
160 94 9 11 0.023035398 
241 401 9 11 0.022917692 
666 347 9 12 0.022845525 
510 94 8 10 0.022824526 
574 79 8 10 0.022805441 
673 63 7 9 0.02280253 
18 77 8 11 0.022751935 
701 72 8 10 0.022685608 
533 211 10 13 0.02267266 
519 115 9 12 0.022656547 
472 231 7 9 0.022646844 
691 151 7 10 0.022634368 
85 100 10 12 0.022631457 
103 151 8 11 0.022366028 
96 145 7 9 0.022332303 
151 110 8 10 0.022293532 
582 312 8 10 0.0222712 
705 62 8 10 0.022070024 
72 84 9 11 0.022018416 
62 118 8 11 0.022009118 
21 142 9 12 0.02199254 
624 104 7 9 0.021878568 
65 277 8 11 0.021855667 
578 56 8 9 0.021842126 
719 152 9 11 0.021784525 
449 136 8 11 0.021765286 
186 87 7 10 0.021756884 
584 246 9 12 0.021756696 
568 65 7 10 0.02173382 
55 119 10 11 0.021612138 
447 118 10 10 0.021457776 
993 104 7 9 0.021427913 
119 92 9 11 0.02142596 
47 65 8 9 0.021423645 
640 62 8 10 0.02137602 
705 133 8 10 0.021350462 
70 289 13 15 0.02134565 
144 134 9 11 0.021235114 
527 72 8 9 0.021208435 
985 72 7 10 0.020915352 
166 88 8 10 0.02088914 
109 159 8 11 0.020780033 
656 152 7 9 0.020707881 
999 102 8 11 0.02066203 
47 52 8 10 0.020534981 
804 157 10 11 0.020402655 
72 103 8 10 0.020360162 
997 119 9 11 0.020348178 
999 128 13 16 0.020323219 
609 150 8 10 0.020132631 
258 104 7 9 0.020115776 
649 96 9 11 0.020112535 
57 56 7 9 0.020042209 
