37_Soccer_soccer_ball_37_88
20
519 164 62 66 0.9936376 
642 28 22 29 0.9895437 
380 171 50 50 0.95379966 
86 32 21 26 0.85018706 
301 6 24 30 0.8465641 
195 21 16 21 0.76428795 
937 9 15 18 0.40017134 
601 57 26 30 0.071543515 
319 102 11 13 0.0544318 
125 173 12 16 0.050444704 
419 160 31 42 0.045672014 
365 148 30 44 0.036234725 
676 155 12 16 0.035724327 
181 88 9 11 0.02969109 
507 149 54 61 0.029271202 
158 93 10 11 0.022561988 
103 129 13 16 0.02202824 
930 29 44 58 0.02110465 
177 93 10 12 0.020471398 
684 157 12 15 0.02005882 
