37_Soccer_soccer_ball_37_926
30
508 140 10 12 0.27108952 
939 237 10 13 0.19292252 
454 655 7 10 0.18916239 
73 243 425 435 0.1641766 
570 623 10 12 0.12251884 
439 671 8 10 0.069965 
536 633 8 10 0.06991412 
552 169 499 508 0.0696644 
445 607 8 10 0.068898834 
484 646 9 11 0.065098666 
938 233 9 11 0.06500334 
505 289 8 10 0.052354213 
526 647 9 11 0.05190079 
504 654 11 13 0.05051354 
522 669 11 13 0.0414095 
559 656 10 13 0.037352175 
940 253 12 14 0.037316997 
439 640 8 10 0.033285905 
392 655 7 9 0.03325767 
576 646 9 12 0.030094637 
507 293 10 13 0.029038964 
453 658 10 12 0.026959566 
473 613 9 11 0.026696289 
528 653 9 12 0.023513613 
490 264 7 10 0.023248475 
495 308 9 12 0.022735909 
535 677 9 10 0.022513501 
532 655 9 12 0.022250164 
525 661 11 13 0.021654878 
483 651 11 13 0.020570371 
