37_Soccer_soccer_ball_37_698
30
42 388 83 101 0.9765322 
889 453 48 59 0.96348476 
683 456 45 61 0.9305736 
500 473 72 89 0.9271209 
302 451 108 142 0.8641889 
618 350 27 38 0.10859319 
744 454 39 51 0.08061781 
593 346 26 38 0.06566944 
711 455 46 60 0.049178597 
203 330 41 53 0.044641867 
616 691 11 15 0.043381076 
301 513 111 142 0.043333415 
710 529 46 55 0.041090745 
596 534 11 14 0.038000844 
852 435 40 49 0.03623414 
760 472 26 36 0.034036294 
551 710 11 13 0.029172055 
216 437 39 53 0.02815347 
839 445 37 47 0.026671149 
774 467 28 36 0.026480217 
773 504 15 17 0.026457606 
690 489 48 67 0.026402455 
145 365 9 12 0.024591312 
788 470 24 30 0.021931002 
598 351 40 53 0.021767206 
840 495 45 51 0.021542182 
149 359 8 10 0.021348007 
816 461 27 35 0.020944167 
672 539 42 50 0.02073106 
785 534 26 31 0.020531874 
