37_Soccer_Soccer_37_114
144
459 179 54 75 0.9989286 
196 67 35 53 0.94514704 
143 51 16 19 0.73596543 
514 97 18 22 0.7096672 
901 115 15 21 0.6736901 
78 120 15 19 0.5871083 
863 81 16 19 0.52777934 
139 126 17 20 0.5142146 
244 155 56 81 0.49855947 
991 93 23 31 0.49592113 
456 99 17 21 0.33426437 
443 27 17 20 0.3228511 
474 130 17 22 0.3094377 
949 54 17 20 0.29712102 
806 22 26 32 0.26718634 
896 43 17 21 0.24540074 
182 128 27 31 0.22019418 
402 76 15 19 0.20754841 
510 65 20 26 0.18993412 
864 190 17 22 0.18159047 
160 81 18 24 0.18023048 
129 147 16 21 0.17175132 
78 123 21 29 0.1703449 
804 95 17 24 0.16582054 
105 24 15 19 0.16153128 
58 4 18 20 0.1563529 
657 58 26 49 0.15356293 
579 43 15 19 0.13954948 
759 513 63 56 0.11061677 
925 78 21 26 0.11010862 
989 170 15 19 0.108826526 
430 120 16 20 0.10150092 
69 217 22 27 0.09199681 
726 27 37 58 0.08942155 
206 83 42 40 0.08682308 
904 1 19 20 0.08383181 
558 306 14 18 0.082572296 
90 0 16 18 0.08130504 
88 55 17 20 0.08080705 
88 179 24 31 0.078605555 
51 231 12 15 0.07612979 
555 1 14 15 0.07303894 
531 19 22 28 0.071994595 
367 97 12 16 0.069798954 
253 28 27 38 0.068519935 
971 44 24 33 0.06730718 
636 1 17 18 0.06697427 
19 138 16 23 0.06597014 
507 59 16 21 0.06286412 
313 3 17 19 0.06063917 
741 7 29 38 0.05975382 
962 43 23 30 0.059520055 
307 9 28 34 0.057911895 
541 115 20 27 0.057165157 
708 51 39 59 0.056850974 
397 129 37 49 0.056315817 
46 229 21 29 0.053427055 
499 134 24 29 0.052440297 
568 291 12 14 0.051636025 
557 135 15 22 0.05042711 
215 56 47 59 0.05035092 
671 52 45 59 0.048757765 
117 104 15 18 0.048747856 
765 1 18 20 0.04870672 
967 34 13 16 0.048534866 
749 1 29 32 0.046034094 
658 35 24 40 0.044931695 
444 160 14 19 0.044049826 
620 90 14 20 0.043503586 
434 2 17 18 0.043147393 
795 108 28 35 0.03961426 
132 135 20 27 0.039200574 
29 92 23 29 0.03847863 
899 10 22 27 0.03652181 
708 23 30 49 0.036471643 
645 67 27 41 0.036140498 
414 124 26 31 0.036010657 
269 382 31 32 0.035223573 
829 110 16 21 0.03497783 
968 23 41 52 0.034466956 
625 58 15 21 0.034275632 
466 60 15 18 0.034144867 
115 114 22 31 0.03371489 
32 0 18 19 0.03342038 
546 126 22 28 0.033156555 
937 66 14 19 0.032688033 
484 58 14 20 0.031128496 
474 132 28 33 0.030824222 
751 15 18 22 0.030430699 
21 141 22 31 0.030290896 
911 12 21 27 0.02978968 
722 66 43 58 0.029261738 
511 203 14 19 0.027975915 
922 19 15 19 0.02779179 
367 107 23 36 0.027162598 
45 55 16 20 0.027002336 
738 13 47 59 0.026984401 
659 63 16 29 0.026692038 
457 107 19 23 0.026662556 
437 155 46 60 0.026590677 
10 129 22 29 0.026406849 
988 6 23 28 0.026320614 
54 224 25 32 0.026260916 
335 84 24 30 0.025946243 
560 300 20 27 0.025562327 
963 41 47 61 0.025289586 
550 295 23 33 0.025168365 
83 139 16 23 0.024648255 
439 152 23 31 0.024638044 
499 146 28 35 0.024635455 
724 0 38 39 0.024518024 
132 147 22 29 0.024301253 
73 0 26 24 0.02388416 
499 193 31 40 0.023563998 
228 79 37 45 0.023333551 
28 149 22 30 0.023203816 
857 67 24 31 0.023103338 
507 52 15 18 0.022834534 
137 192 18 22 0.022753727 
875 16 23 31 0.02256675 
58 210 36 48 0.022529878 
573 32 20 26 0.022222824 
257 25 18 24 0.02217421 
209 351 36 42 0.022088684 
931 70 21 28 0.02184976 
736 87 48 57 0.021843927 
180 124 41 52 0.021760354 
307 26 33 40 0.021685863 
233 47 45 59 0.021258948 
271 84 10 13 0.021223228 
531 342 13 16 0.02113787 
848 136 27 35 0.021089226 
245 22 28 32 0.021006828 
705 2 18 17 0.02084859 
892 1 18 20 0.02073005 
67 160 473 456 0.020652585 
187 110 28 36 0.02053245 
508 103 25 31 0.020524777 
831 0 28 26 0.02047945 
527 347 13 17 0.020374067 
904 345 9 11 0.020296682 
886 47 25 33 0.020236315 
257 39 31 41 0.020162439 
970 77 41 53 0.020124856 
