37_Soccer_soccer_ball_37_233
49
414 267 29 35 0.9961224 
629 207 44 43 0.9572969 
856 387 16 20 0.8075347 
328 453 28 31 0.36343598 
345 410 16 19 0.17388412 
512 455 17 21 0.15641518 
141 618 78 62 0.15222678 
1005 424 9 11 0.13923267 
630 477 10 13 0.07467842 
1003 428 8 10 0.06381965 
850 459 13 17 0.05870653 
655 400 8 10 0.048523337 
1011 413 8 12 0.048092835 
565 464 12 16 0.04796342 
1013 440 8 11 0.045546874 
849 454 10 14 0.043358736 
111 593 128 98 0.04281268 
286 -166 454 454 0.040268313 
380 471 10 11 0.038423385 
1013 419 9 13 0.036260154 
15 379 196 269 0.035922635 
848 447 11 13 0.03566223 
1006 468 20 34 0.03482994 
1009 439 8 11 0.033259805 
137 -113 410 422 0.032942105 
380 451 44 48 0.032182917 
405 449 27 33 0.031690232 
341 402 18 22 0.031102652 
878 427 12 15 0.027986694 
572 461 14 18 0.02755279 
511 438 10 12 0.026547462 
56 498 192 185 0.026441123 
193 182 436 506 0.025949957 
977 432 7 9 0.025732974 
360 354 18 23 0.024990138 
560 499 13 16 0.024714166 
885 426 10 14 0.024389451 
560 466 12 15 0.023914205 
999 455 10 13 0.022817506 
561 457 22 27 0.022381447 
993 415 7 10 0.022341715 
847 449 21 25 0.02230242 
496 446 10 12 0.022126162 
1009 407 9 13 0.021913571 
1010 443 9 11 0.021552375 
994 446 7 9 0.021305162 
864 386 14 18 0.021018637 
975 447 7 9 0.020972768 
618 487 16 20 0.020575676 
