20_Family_Group_Family_Group_20_750
89
341 68 179 261 0.9995635 
557 211 178 230 0.9992435 
929 558 9 13 0.31607747 
992 622 11 13 0.16246073 
34 1038 17 20 0.11116542 
992 591 9 11 0.10144482 
985 747 11 14 0.09106429 
594 110 40 49 0.0787397 
981 610 10 13 0.07095751 
998 723 9 12 0.06904726 
1000 603 10 13 0.06196233 
115 1086 105 143 0.052452963 
952 573 11 14 0.049420882 
1005 605 9 11 0.0489631 
993 725 9 12 0.047900125 
934 562 9 13 0.047733877 
41 667 490 578 0.045892775 
944 608 10 13 0.045668688 
940 565 9 12 0.04373953 
990 597 11 15 0.043609586 
910 581 11 13 0.043181818 
1009 662 11 15 0.042913448 
969 782 8 10 0.04191078 
965 708 8 12 0.04111078 
919 536 8 11 0.04072688 
426 145 174 230 0.040367626 
795 1242 40 37 0.04020706 
987 602 12 16 0.039865002 
953 557 11 14 0.039529167 
926 553 9 12 0.038446993 
934 668 10 13 0.03804681 
956 566 12 15 0.036357883 
939 558 10 13 0.036056984 
971 765 9 12 0.035207126 
984 773 9 11 0.0343607 
917 602 12 14 0.033540815 
991 508 11 13 0.031897586 
959 550 11 13 0.031846844 
913 597 10 14 0.031209767 
910 587 12 14 0.030835498 
926 540 9 11 0.030672597 
990 614 12 15 0.0304954 
909 519 8 10 0.03036355 
1006 566 10 12 0.02945482 
1000 566 9 11 0.029215733 
970 774 9 11 0.028012006 
1007 742 10 12 0.027996827 
949 612 8 11 0.02702455 
956 627 10 13 0.026569864 
1007 524 12 14 0.02655518 
911 629 10 13 0.026510496 
904 535 8 10 0.026388753 
910 527 8 9 0.026098061 
905 517 9 11 0.025790578 
952 743 9 11 0.025337853 
927 535 9 12 0.025322767 
975 517 8 10 0.025222031 
933 644 10 12 0.024760159 
965 613 11 13 0.024713947 
1001 743 8 11 0.023917692 
991 638 10 11 0.023860715 
980 575 9 11 0.023835888 
975 733 8 10 0.023638189 
942 574 9 12 0.023496984 
934 604 12 14 0.023486037 
926 604 10 14 0.023478117 
922 555 12 16 0.023213603 
911 603 11 13 0.02304058 
912 535 7 10 0.022890031 
924 613 9 13 0.0228061 
977 816 8 11 0.022634419 
900 551 10 12 0.022403259 
960 675 11 13 0.022056691 
1000 800 8 9 0.021652864 
975 791 8 11 0.021636479 
1006 725 11 13 0.021452531 
926 518 9 11 0.021330334 
1010 775 8 11 0.02129528 
897 556 10 12 0.021289475 
991 557 9 13 0.021166567 
902 541 9 12 0.020896377 
936 705 8 10 0.020866428 
945 696 8 11 0.020862062 
996 507 10 12 0.020744229 
945 523 9 11 0.020726092 
925 553 17 23 0.020607844 
935 572 11 13 0.02041315 
992 821 10 13 0.02030429 
997 614 11 15 0.020215001 
