20_Family_Group_Family_Group_20_1037
20
-4 173 85 132 0.99895835 
570 47 60 83 0.99888533 
757 101 70 86 0.9966511 
346 50 68 95 0.99576855 
141 131 79 106 0.9913019 
918 140 71 95 0.9845429 
219 58 73 95 0.97292006 
954 123 59 100 0.6308944 
195 55 23 34 0.12802108 
988 326 36 67 0.07719916 
197 80 74 99 0.050760943 
939 93 28 33 0.041079517 
892 375 52 56 0.038307037 
192 44 43 63 0.034367062 
462 300 10 13 0.03319028 
292 55 24 30 0.030245801 
989 143 33 64 0.023696361 
222 119 55 79 0.02318732 
715 162 31 40 0.022287864 
812 115 34 48 0.021222927 
