20_Family_Group_Family_Group_20_87
23
458 387 103 135 0.9997814 
197 513 69 86 0.9994068 
323 429 73 91 0.99837023 
730 545 83 105 0.99482346 
627 510 81 100 0.99190617 
965 847 62 69 0.44005185 
468 797 118 91 0.25997034 
685 523 85 109 0.107082255 
284 703 427 537 0.06448783 
14 171 232 261 0.059336085 
710 196 356 442 0.04843533 
309 -16 370 421 0.0470526 
579 40 224 224 0.04702136 
37 960 28 38 0.032137606 
251 542 32 42 0.030205283 
105 833 393 487 0.029604858 
-70 83 398 399 0.028577952 
252 12 315 230 0.025315784 
931 849 75 82 0.024304971 
860 1512 16 19 0.023318073 
688 958 186 233 0.02316667 
502 838 88 66 0.023112895 
184 537 455 503 0.020838082 
