20_Family_Group_Family_Group_20_294
59
843 254 31 39 0.99928325 
563 276 31 38 0.9989819 
743 247 29 39 0.99891734 
701 196 28 35 0.99887437 
654 219 30 36 0.99886394 
484 206 33 40 0.9988078 
652 361 31 37 0.99862635 
387 313 28 36 0.9983931 
382 225 30 38 0.9981565 
551 361 28 34 0.9975458 
395 184 33 39 0.9974081 
583 228 28 35 0.9973103 
791 189 32 42 0.99622107 
174 182 33 40 0.99614346 
212 233 38 48 0.99562484 
237 335 30 36 0.99535877 
679 258 30 38 0.99462765 
136 387 39 48 0.9945693 
465 303 29 36 0.9935133 
777 271 32 40 0.9902063 
279 217 36 45 0.98950326 
352 230 37 48 0.9822729 
536 176 31 36 0.9708865 
118 265 25 30 0.8422057 
128 258 22 29 0.54634994 
591 399 29 33 0.38837326 
87 175 41 52 0.088026404 
124 203 13 20 0.072175294 
192 266 16 24 0.06839685 
108 260 16 19 0.05873418 
692 254 26 33 0.05501116 
115 250 15 18 0.05006897 
607 561 13 17 0.049127337 
533 315 16 19 0.03998756 
135 251 22 32 0.037432674 
185 178 29 33 0.03389633 
557 350 27 36 0.033223193 
104 262 12 16 0.033121757 
111 197 24 30 0.03249571 
260 236 14 18 0.032206777 
132 203 14 18 0.030986264 
97 149 42 49 0.030659033 
139 599 42 34 0.03041552 
851 597 18 25 0.030369096 
157 276 16 20 0.028820828 
123 251 17 22 0.027455084 
1013 198 9 13 0.02715721 
88 322 28 50 0.026831944 
429 214 13 17 0.025835171 
973 245 9 11 0.024044432 
562 247 16 20 0.023512652 
110 257 24 29 0.023190346 
586 234 366 438 0.021655723 
139 205 12 16 0.02118852 
112 276 28 32 0.02109737 
595 224 23 31 0.021038318 
607 552 23 29 0.020292848 
922 238 8 10 0.020204047 
926 240 8 9 0.020078572 
