20_Family_Group_Family_Group_20_27
28
521 45 61 73 0.997962 
713 232 62 80 0.9976573 
907 328 63 93 0.99670047 
784 188 74 100 0.9950113 
179 140 77 102 0.9942205 
300 151 72 96 0.98875016 
595 316 74 97 0.9883604 
328 383 71 102 0.9815555 
445 221 26 31 0.22674413 
737 205 70 104 0.17030858 
20 413 63 53 0.14386901 
282 385 92 112 0.12520173 
248 394 82 113 0.05991804 
457 225 20 26 0.056682482 
491 43 39 56 0.048832905 
8 383 95 90 0.041803055 
353 414 42 61 0.03891055 
26 436 45 43 0.035891753 
475 373 51 88 0.031201784 
880 338 50 77 0.030190168 
357 346 104 144 0.02956095 
889 531 34 49 0.02537262 
359 168 46 67 0.024339544 
637 326 52 73 0.02354009 
578 36 16 19 0.022918558 
503 36 50 66 0.022803316 
535 302 89 120 0.021893715 
379 170 44 62 0.020752404 
