20_Family_Group_Family_Group_20_277
33
161 185 54 66 0.98133826 
260 118 58 74 0.9095095 
1002 184 22 43 0.90825397 
381 205 56 56 0.6091014 
744 167 67 66 0.5172674 
589 264 38 38 0.42391616 
795 46 24 31 0.27002802 
442 96 47 61 0.07435635 
583 234 60 66 0.065106936 
886 540 14 19 0.06397434 
810 45 28 30 0.059011962 
950 472 16 20 0.04952014 
42 434 38 45 0.04670627 
886 159 33 35 0.04349127 
227 36 28 28 0.03910964 
38 406 50 63 0.037596278 
871 152 22 33 0.03741649 
0 432 25 45 0.036506675 
723 114 97 115 0.033145454 
17 433 54 65 0.03286535 
241 80 94 121 0.030972 
971 162 13 18 0.030058892 
353 157 85 97 0.026074601 
-1 426 51 66 0.024071917 
980 181 12 14 0.023876933 
963 182 24 34 0.023791356 
897 509 10 13 0.023044083 
899 460 22 28 0.02295829 
972 189 13 17 0.022383364 
4 397 87 103 0.021414516 
792 36 48 50 0.021083325 
754 45 30 32 0.020641847 
485 201 471 562 0.020154458 
