20_Family_Group_Family_Group_20_412
22
410 166 67 92 0.9965193 
663 273 60 89 0.99330115 
252 152 70 100 0.97731596 
89 459 49 68 0.3925017 
63 718 88 111 0.2910369 
142 482 59 52 0.0946474 
790 195 100 157 0.08456641 
754 107 184 284 0.07745562 
807 441 371 457 0.076963566 
47 454 31 37 0.06114273 
102 484 59 64 0.04072217 
443 167 63 76 0.03957224 
65 490 29 44 0.03692787 
96 746 32 37 0.03652958 
473 164 58 66 0.034715686 
653 14 361 444 0.03144532 
67 452 53 64 0.03023978 
51 457 45 54 0.026617475 
829 165 12 15 0.02421596 
247 330 50 45 0.02281301 
212 187 57 72 0.020970875 
515 614 32 37 0.020966867 
