20_Family_Group_Family_Group_20_702
29
658 236 73 96 0.99737763 
278 231 73 92 0.99716526 
514 389 60 70 0.9967572 
753 334 63 77 0.99607533 
308 590 56 66 0.7954988 
159 489 37 37 0.7505571 
342 535 105 97 0.2636595 
9 317 50 70 0.2086074 
438 438 17 20 0.15929556 
315 561 84 94 0.08823342 
120 8 10 11 0.054730773 
366 529 100 61 0.053651046 
93 103 9 13 0.042729612 
78 20 9 12 0.03334008 
748 433 59 74 0.029245296 
403 623 32 36 0.027851611 
84 583 23 31 0.027320951 
419 633 15 18 0.027290989 
101 8 9 10 0.025539782 
18 396 36 34 0.025006194 
125 7 11 12 0.024838343 
370 597 59 72 0.024228586 
74 16 10 12 0.024210941 
144 5 10 11 0.022077825 
119 12 9 11 0.021508332 
96 7 8 9 0.021332666 
391 625 30 38 0.02123772 
104 78 10 12 0.021064447 
80 71 10 13 0.02003869 
