20_Family_Group_Family_Group_20_663
236
525 184 50 61 0.99921787 
337 242 45 59 0.99881893 
235 293 45 53 0.99846184 
656 193 37 46 0.99813557 
779 257 43 53 0.99605644 
542 321 45 55 0.99506396 
477 293 37 46 0.9928536 
156 353 32 38 0.26513556 
149 162 12 14 0.1591374 
118 551 8 10 0.09939487 
171 346 17 22 0.097693875 
1013 574 8 10 0.095702186 
693 16 10 12 0.095076375 
568 31 7 10 0.09495444 
1001 616 9 10 0.09455723 
986 588 8 11 0.08751987 
3 133 10 14 0.08514296 
1004 589 8 10 0.08388889 
273 436 22 32 0.08372727 
999 599 10 12 0.08369532 
638 487 45 48 0.08351048 
706 410 28 37 0.0806841 
450 356 33 39 0.071405336 
575 13 9 10 0.06962627 
1007 615 9 11 0.06900219 
142 514 10 13 0.06783037 
847 590 7 9 0.067179136 
822 591 8 11 0.062037453 
98 566 7 9 0.061327204 
814 617 8 9 0.06019077 
102 566 7 9 0.057408743 
912 622 10 12 0.05519297 
114 552 8 10 0.054771245 
906 591 7 9 0.053492785 
872 590 9 11 0.051960986 
822 277 12 17 0.05171857 
933 620 9 11 0.05128664 
826 607 7 9 0.051228296 
1012 613 9 14 0.049886104 
857 600 6 9 0.04980648 
619 3 11 13 0.049151123 
103 536 9 11 0.048687328 
138 558 8 10 0.0479921 
887 597 8 9 0.047304973 
104 559 7 9 0.04723193 
598 16 8 10 0.0455364 
889 580 8 11 0.045490835 
577 436 115 113 0.0453637 
585 25 7 10 0.04445183 
566 6 9 11 0.044315107 
974 582 7 10 0.044200927 
591 77 8 10 0.043782365 
567 25 9 10 0.043433942 
592 73 7 9 0.04334598 
118 600 9 11 0.0430525 
102 508 8 10 0.04290655 
881 613 9 10 0.042770404 
599 87 8 10 0.042260576 
866 647 8 10 0.04191782 
118 567 9 10 0.04091663 
693 86 9 10 0.040912446 
354 160 9 11 0.04004734 
638 24 10 12 0.039846644 
582 39 8 9 0.039669108 
689 87 9 9 0.03950238 
594 14 9 10 0.038752202 
114 583 8 10 0.038272377 
893 581 8 11 0.037717797 
382 280 20 27 0.037444502 
913 628 10 13 0.03725636 
809 575 8 9 0.037112277 
991 616 8 11 0.037000604 
466 489 42 43 0.036676165 
880 608 8 11 0.036476903 
791 616 7 10 0.03640564 
713 9 8 10 0.036196478 
647 96 7 8 0.035395566 
697 38 8 11 0.035112944 
665 95 7 8 0.034990545 
719 87 8 10 0.03456114 
973 614 9 10 0.03450847 
968 589 8 10 0.034000523 
1 519 7 12 0.033924002 
999 574 8 9 0.03344195 
147 327 46 57 0.033422165 
993 600 9 11 0.033359952 
97 561 7 9 0.03328353 
856 560 8 9 0.033181526 
162 338 27 35 0.033113446 
1000 567 8 9 0.033057846 
337 153 9 11 0.032987833 
878 592 8 11 0.03295814 
887 614 7 10 0.032864794 
696 81 8 9 0.032819774 
822 598 8 10 0.032657895 
861 283 56 70 0.032617405 
830 608 7 9 0.032536894 
988 584 9 12 0.032496776 
577 89 7 10 0.03232318 
591 7 10 11 0.03230641 
137 511 10 13 0.032223012 
581 88 8 10 0.03200175 
754 429 13 16 0.031968903 
584 31 8 10 0.03164262 
521 400 31 37 0.031217942 
845 567 9 10 0.031173313 
856 583 8 10 0.030877937 
872 583 8 9 0.030874513 
725 71 8 9 0.030626057 
734 38 8 9 0.030268429 
745 112 10 12 0.030169042 
576 70 7 10 0.030130051 
566 1 9 8 0.030086027 
287 160 10 12 0.029972294 
1 137 11 18 0.029761484 
553 15 8 9 0.029678047 
392 220 12 14 0.029527357 
96 503 8 11 0.029522026 
1006 566 9 11 0.02935737 
695 1 10 10 0.029335033 
546 142 41 53 0.02923497 
910 588 9 10 0.029117586 
983 617 8 10 0.029063907 
878 632 9 10 0.028768383 
930 615 9 11 0.028766984 
839 583 9 10 0.028525798 
576 55 8 10 0.028211761 
805 630 8 10 0.028189737 
810 616 7 10 0.027992262 
397 133 8 11 0.027936775 
705 119 7 10 0.027902374 
607 38 7 9 0.027716197 
873 632 8 9 0.027677478 
841 590 8 10 0.027529396 
319 133 8 10 0.02734365 
129 473 15 20 0.027133448 
841 631 8 10 0.027041225 
873 576 8 10 0.027024768 
728 1 9 8 0.026965203 
734 32 7 10 0.026862737 
762 281 14 19 0.026811017 
890 621 8 10 0.026775979 
93 252 12 15 0.02667243 
662 108 10 12 0.026544087 
287 297 13 18 0.02632052 
657 95 7 8 0.026273984 
107 137 15 17 0.026188422 
552 24 7 9 0.025889253 
857 622 7 10 0.025857775 
598 81 7 8 0.025716074 
590 0 9 10 0.025711253 
103 591 7 10 0.025696235 
168 358 19 24 0.025377221 
42 147 13 14 0.025344914 
599 56 9 11 0.02531719 
1 502 8 13 0.025299069 
599 21 8 10 0.02504631 
535 8 8 10 0.024739068 
872 607 8 11 0.024698563 
592 46 8 9 0.0245169 
608 47 8 8 0.024252346 
282 442 14 20 0.024230892 
670 0 11 10 0.024118006 
879 576 9 10 0.024096867 
45 111 11 12 0.023984564 
112 556 7 9 0.023964245 
295 148 9 10 0.023861548 
970 612 8 11 0.02378176 
224 297 11 17 0.023776842 
1014 569 8 11 0.023656778 
726 55 7 9 0.023637265 
399 147 11 14 0.023609394 
156 309 28 29 0.023588035 
543 0 9 9 0.023456817 
639 146 11 13 0.023348998 
646 39 9 11 0.023340093 
599 1 9 8 0.023314623 
597 8 9 9 0.02321439 
577 38 9 11 0.023196494 
25 135 10 13 0.022990614 
1002 560 8 10 0.02286398 
598 61 10 12 0.022861287 
152 567 8 10 0.022831554 
128 159 10 13 0.022822829 
766 1 9 8 0.022770308 
310 150 10 11 0.022697918 
617 39 8 10 0.022688566 
190 293 11 13 0.022564325 
128 559 7 8 0.022560772 
864 590 9 10 0.022557309 
864 606 7 10 0.022490146 
699 422 28 35 0.022430046 
944 528 10 11 0.022424825 
569 13 8 11 0.022352125 
561 62 10 12 0.022315923 
806 606 7 10 0.022314236 
526 403 14 20 0.02226639 
557 15 9 10 0.022201871 
310 145 8 10 0.022105556 
839 576 9 9 0.022028392 
88 487 7 9 0.022026666 
968 577 8 10 0.02197772 
-5 38 114 133 0.021952612 
832 614 8 10 0.021910995 
303 133 8 10 0.021827728 
139 507 22 27 0.021807956 
137 574 8 9 0.021791697 
1014 629 7 11 0.021790866 
534 13 9 11 0.021752805 
128 511 8 10 0.021678995 
586 1 8 9 0.02155645 
188 286 12 15 0.021514673 
806 31 7 9 0.02140067 
703 96 8 9 0.021384748 
551 43 10 12 0.02136112 
857 591 7 9 0.021326337 
585 78 8 10 0.02130036 
601 38 8 9 0.02128604 
622 142 11 13 0.021285135 
119 556 8 9 0.021264633 
890 536 8 10 0.021211376 
871 614 7 10 0.02105454 
296 230 9 11 0.020981131 
713 104 8 9 0.020945596 
112 568 8 9 0.020936761 
84 517 10 11 0.020847246 
136 146 11 15 0.020829702 
592 96 7 9 0.020731624 
767 621 8 10 0.02057634 
576 125 11 13 0.020542769 
6 463 8 9 0.02014512 
136 553 9 11 0.020108169 
108 157 14 17 0.020098189 
97 508 9 11 0.02009475 
80 560 7 9 0.020054268 
266 311 447 412 0.020047376 
