20_Family_Group_Family_Group_20_493
34
379 115 49 62 0.99946874 
564 99 45 68 0.99902594 
622 145 44 61 0.9974606 
752 155 45 57 0.9965006 
18 183 43 52 0.9964378 
225 300 53 68 0.9939137 
247 132 41 53 0.9905414 
872 107 42 73 0.9833935 
218 171 34 46 0.9559193 
164 324 25 37 0.54996294 
962 165 30 36 0.115980834 
613 488 31 36 0.10169799 
588 473 27 44 0.08664218 
196 335 52 70 0.052875645 
843 81 48 68 0.049182665 
598 483 27 37 0.043763623 
180 349 49 65 0.0429782 
729 249 29 39 0.040898692 
290 300 59 83 0.0344491 
251 285 75 105 0.033994067 
965 162 19 24 0.033543434 
556 373 343 431 0.03246581 
209 162 33 42 0.032190982 
581 112 43 67 0.02820198 
601 467 40 52 0.028156905 
149 151 31 39 0.027570104 
831 198 13 16 0.026602209 
174 310 33 50 0.025841784 
503 519 46 65 0.025818713 
204 177 53 66 0.024275199 
143 170 42 58 0.022871649 
177 359 31 43 0.021901485 
167 340 35 48 0.021846643 
546 107 25 36 0.02086403 
