20_Family_Group_Family_Group_20_914
84
814 162 29 37 0.99895537 
460 202 28 39 0.9982796 
591 230 25 32 0.9974935 
526 288 29 36 0.99677426 
861 171 27 34 0.9952809 
160 120 25 30 0.9946626 
143 170 26 32 0.99388313 
232 194 26 33 0.9899011 
388 314 28 39 0.98614836 
631 228 22 27 0.9782177 
263 256 23 30 0.9602029 
602 368 26 31 0.8898201 
187 192 22 27 0.3052038 
502 287 16 22 0.2845484 
378 306 28 38 0.16510889 
378 302 16 23 0.16065776 
185 171 16 21 0.14519003 
403 315 27 38 0.14019498 
146 118 27 31 0.13165003 
589 209 14 18 0.12540649 
909 206 24 32 0.10814362 
137 230 25 31 0.09944338 
178 204 26 32 0.09587704 
366 314 194 274 0.09018265 
214 214 19 27 0.08737058 
514 319 17 23 0.082350165 
446 312 23 28 0.08157465 
182 179 22 29 0.07757065 
595 211 14 17 0.07576537 
140 123 19 22 0.07212402 
136 210 20 24 0.06874683 
623 285 26 32 0.06525313 
293 312 23 30 0.059824955 
177 219 25 31 0.05700811 
418 317 22 33 0.052680578 
181 234 16 20 0.050753698 
233 188 22 23 0.041436717 
429 294 13 19 0.04081586 
27 212 423 449 0.040544935 
423 285 23 31 0.03933278 
185 239 17 21 0.039214715 
717 218 18 20 0.03760816 
675 261 15 18 0.03603649 
420 328 25 39 0.035874024 
496 271 23 31 0.035539854 
580 385 16 18 0.034825373 
523 384 45 52 0.034500442 
833 199 24 27 0.033599444 
645 306 18 23 0.03296484 
111 288 29 36 0.032913104 
584 213 25 31 0.032867253 
88 170 13 17 0.03231592 
217 258 24 34 0.03203217 
621 269 22 27 0.031485375 
666 214 15 17 0.030513482 
426 315 16 20 0.029078588 
628 213 13 15 0.028782986 
435 310 22 29 0.028742976 
200 194 17 21 0.028495792 
598 302 22 30 0.028151235 
533 276 17 19 0.028004367 
861 158 14 16 0.027902875 
135 124 13 18 0.027390193 
676 228 14 20 0.02710928 
182 199 17 23 0.026124265 
985 144 30 39 0.026035523 
69 133 12 17 0.025692051 
516 280 17 22 0.025132459 
182 166 14 18 0.025071025 
635 303 18 23 0.024879623 
206 249 14 20 0.023858622 
148 156 14 18 0.023631422 
891 205 38 49 0.023395674 
579 224 16 24 0.023297308 
77 139 14 16 0.023162916 
162 101 14 15 0.023108603 
538 330 23 29 0.02227322 
326 242 349 398 0.02145941 
172 211 16 21 0.021125112 
508 277 33 43 0.02106992 
858 155 23 28 0.021011807 
585 375 23 27 0.020648003 
200 203 22 31 0.020608926 
644 192 15 18 0.02040232 
