20_Family_Group_Family_Group_20_1015
59
647 319 94 110 0.9992654 
519 346 83 108 0.998016 
379 280 73 102 0.9898024 
970 228 14 18 0.52643096 
425 189 13 16 0.34303355 
222 363 16 22 0.2069773 
783 268 12 15 0.1582845 
1003 276 15 21 0.15090336 
255 388 14 19 0.12662761 
264 340 25 29 0.11728576 
123 341 16 18 0.1035792 
270 378 12 15 0.08415433 
984 284 12 16 0.059092175 
435 200 18 22 0.056844015 
457 20 375 432 0.05678276 
462 324 55 68 0.053043894 
423 188 22 26 0.05266632 
267 463 14 18 0.052230716 
919 231 10 14 0.05202478 
232 367 16 20 0.04780665 
290 262 90 110 0.044382334 
224 363 28 35 0.043376263 
444 195 15 19 0.041639343 
257 433 12 17 0.04123427 
996 408 17 22 0.04077141 
258 379 22 28 0.038424928 
935 299 25 31 0.036669202 
1 260 39 72 0.036606573 
918 235 13 20 0.03582477 
957 256 11 12 0.035261538 
429 301 82 99 0.03456129 
334 263 90 114 0.033446558 
907 205 93 108 0.032325696 
999 189 11 12 0.031942263 
698 212 42 50 0.031899698 
252 414 11 14 0.031450123 
217 342 11 13 0.03022314 
804 289 16 19 0.029807726 
46 506 22 31 0.028595805 
988 253 11 14 0.027106188 
223 228 121 161 0.025692172 
222 374 14 19 0.025139278 
193 391 9 12 0.02489287 
177 423 8 10 0.024818476 
911 233 26 33 0.024337612 
999 336 12 17 0.022936845 
254 419 12 17 0.022908708 
564 77 211 301 0.022836894 
969 239 15 18 0.022521941 
320 265 31 39 0.022340845 
757 388 60 75 0.022068849 
783 268 19 25 0.021840151 
217 341 52 65 0.021609485 
982 233 11 16 0.02123221 
244 377 25 32 0.020946847 
219 347 13 15 0.02091631 
811 288 16 19 0.020888137 
988 244 12 17 0.020431822 
117 275 15 22 0.020167515 
