20_Family_Group_Family_Group_20_72
27
476 169 49 61 0.99780005 
581 270 47 62 0.9941466 
281 204 27 43 0.99171793 
327 203 43 52 0.97362036 
426 264 45 52 0.9641819 
209 233 43 52 0.9462659 
734 145 49 55 0.9410199 
703 215 44 51 0.8811835 
521 227 54 58 0.8369923 
390 318 44 58 0.24981488 
272 296 34 38 0.2072769 
268 216 41 53 0.056287207 
323 301 25 31 0.053933818 
649 289 51 65 0.036473818 
262 244 42 52 0.035128154 
19 186 39 57 0.033732466 
779 140 15 20 0.031852677 
751 324 350 475 0.03162106 
370 305 75 95 0.028694658 
758 209 28 35 0.025468362 
421 133 11 13 0.023694651 
35 190 42 57 0.022856621 
882 286 25 32 0.022435449 
20 184 15 19 0.021363124 
768 136 28 34 0.020796055 
325 315 15 22 0.020418728 
1012 1 11 16 0.02018251 
