38_Tennis_Tennis_38_535
210
505 471 23 29 0.9904546 
514 422 22 29 0.98887956 
862 324 22 27 0.98652714 
431 446 24 33 0.9862325 
579 304 22 29 0.9758756 
243 287 18 23 0.9709989 
134 456 21 26 0.95712256 
206 433 21 26 0.95522094 
356 308 22 29 0.95158154 
173 277 18 23 0.94813424 
713 318 20 26 0.94761217 
762 426 22 28 0.94107985 
460 421 23 31 0.93706983 
397 321 19 22 0.9368436 
480 316 19 23 0.92732716 
641 312 21 26 0.92217124 
778 308 22 27 0.9220892 
465 265 21 25 0.9216041 
657 463 19 26 0.91853607 
232 319 20 26 0.9159146 
46 448 23 31 0.9151069 
369 407 21 25 0.9112408 
322 383 20 26 0.88436586 
193 341 19 23 0.88133997 
707 418 17 22 0.8783742 
596 424 21 25 0.8748514 
375 450 23 27 0.8519494 
142 413 21 27 0.85186225 
289 291 15 22 0.8368886 
421 315 20 28 0.8340536 
146 306 18 24 0.816098 
551 469 20 25 0.8071903 
613 395 15 17 0.80289483 
508 307 21 27 0.7956379 
897 490 21 25 0.72837013 
434 415 20 27 0.72616464 
647 423 19 25 0.72568727 
288 455 23 30 0.7218784 
163 252 12 14 0.66076523 
677 411 11 14 0.59874785 
330 452 16 21 0.5527655 
408 317 22 28 0.5200217 
230 275 11 14 0.4949089 
170 455 15 18 0.3470999 
790 251 14 16 0.3251886 
256 316 17 22 0.32462567 
906 268 13 18 0.30300793 
344 430 11 15 0.2584418 
197 278 12 18 0.25526568 
820 479 17 20 0.23347855 
304 304 13 18 0.23139201 
71 217 13 20 0.2158183 
132 269 11 13 0.21015267 
532 396 14 18 0.20870936 
363 294 10 13 0.19294602 
184 310 13 16 0.16599405 
453 416 21 27 0.16468927 
160 248 11 15 0.16089447 
650 414 13 16 0.15702528 
109 221 11 17 0.15264648 
551 242 11 15 0.15245584 
336 358 12 15 0.14568514 
565 415 20 25 0.13607013 
75 212 13 18 0.13506955 
640 257 13 16 0.13278499 
650 388 13 16 0.12410314 
812 464 28 32 0.120165296 
271 581 27 29 0.11719842 
549 369 13 17 0.11649271 
896 477 29 32 0.10587518 
301 408 14 18 0.10503944 
665 259 11 13 0.1027079 
594 411 16 19 0.10083864 
272 240 11 13 0.097055726 
96 159 9 11 0.09098942 
709 408 15 19 0.09007032 
379 292 12 15 0.088265955 
374 501 13 17 0.086525165 
273 387 23 31 0.085811585 
527 399 16 21 0.08456482 
686 468 14 20 0.07636275 
244 411 22 29 0.075187854 
600 284 14 16 0.07458277 
449 282 13 16 0.07440434 
415 201 10 12 0.07002417 
591 417 21 26 0.069540344 
366 514 24 29 0.067963056 
506 200 9 11 0.06608267 
357 299 15 19 0.06245431 
647 536 12 18 0.06213771 
196 324 15 19 0.06171845 
764 247 12 16 0.058434166 
838 263 12 17 0.058414806 
133 414 19 24 0.05811776 
237 276 12 15 0.05794798 
630 249 11 14 0.053524915 
54 127 9 11 0.05282247 
351 307 16 23 0.05143054 
680 276 15 18 0.051336706 
265 388 18 23 0.050919045 
294 273 13 16 0.050522354 
443 301 12 16 0.050458897 
245 279 12 15 0.04982514 
191 325 25 31 0.04942657 
839 570 32 31 0.04587342 
363 504 15 21 0.045156345 
184 411 13 16 0.04512099 
469 380 14 18 0.04365173 
330 249 13 16 0.043520626 
671 165 10 13 0.04184026 
368 311 17 25 0.04148451 
319 434 13 19 0.04093561 
338 449 15 20 0.040922977 
862 510 11 14 0.040658426 
334 435 14 18 0.040406946 
577 412 21 26 0.040217932 
235 312 15 19 0.039293297 
601 548 16 18 0.038250934 
699 529 29 29 0.03814157 
164 314 14 19 0.037733443 
324 443 14 17 0.03709449 
296 296 19 25 0.03687478 
152 249 13 17 0.036568206 
373 398 13 16 0.03632747 
77 397 12 14 0.03573375 
869 311 12 13 0.03552412 
680 366 13 17 0.035087988 
290 446 18 21 0.03460312 
496 419 14 19 0.03453074 
677 448 14 17 0.03417413 
63 159 8 10 0.03408701 
360 290 21 27 0.033675168 
374 444 15 19 0.03313252 
57 158 8 10 0.032770637 
453 561 26 32 0.032374263 
128 164 9 11 0.031704392 
373 289 22 30 0.03144039 
392 308 35 44 0.031367306 
601 288 17 22 0.031142017 
420 310 16 19 0.030947533 
33 149 9 12 0.030505607 
279 293 16 22 0.030435978 
645 404 15 18 0.030235253 
773 403 30 32 0.030009622 
184 278 17 24 0.029957505 
205 292 12 17 0.029947495 
317 247 8 11 0.02928866 
658 425 13 19 0.028905025 
515 415 15 18 0.028643595 
763 410 29 36 0.028640185 
589 548 30 29 0.028079368 
666 426 15 18 0.028011778 
170 253 10 13 0.027837949 
252 417 24 30 0.027836716 
557 417 16 21 0.027609136 
155 302 13 16 0.027529038 
211 293 13 17 0.027300918 
142 406 12 17 0.02710979 
48 141 8 10 0.02705408 
894 582 36 37 0.026729688 
289 395 20 28 0.026583852 
772 294 35 44 0.026491072 
281 506 27 29 0.026439589 
662 269 21 29 0.026294021 
602 410 16 20 0.025954923 
380 322 14 20 0.025947617 
700 292 39 48 0.025506418 
334 358 20 25 0.025503648 
34 142 9 12 0.02532573 
604 400 20 24 0.025317485 
589 296 21 28 0.02526669 
50 133 8 11 0.025260853 
812 460 18 19 0.025021179 
62 143 9 11 0.024962032 
269 426 13 16 0.024612423 
227 272 19 25 0.024209654 
216 387 12 16 0.024094153 
415 128 9 10 0.023849221 
455 245 11 14 0.023834618 
536 400 16 21 0.023663348 
893 483 17 22 0.023607582 
372 505 22 28 0.023598047 
56 143 8 10 0.023504276 
470 423 18 25 0.023409368 
125 417 23 30 0.02314514 
714 530 16 19 0.022923587 
626 428 14 20 0.022784049 
265 321 14 19 0.022229258 
466 414 16 19 0.022104949 
788 493 11 13 0.0219942 
131 443 17 20 0.021649757 
903 264 11 16 0.021593824 
550 461 16 22 0.021553986 
112 244 10 15 0.021494756 
646 151 8 10 0.021273408 
501 418 23 29 0.021243103 
454 431 16 21 0.021148017 
792 255 16 19 0.02111641 
434 301 20 26 0.021088896 
113 164 9 10 0.020917544 
739 263 15 22 0.020860234 
519 399 12 16 0.020838644 
159 282 13 17 0.02074943 
624 251 14 19 0.020583423 
431 319 16 23 0.020500502 
758 246 20 25 0.020340318 
548 424 14 20 0.020302683 
407 379 13 19 0.020194622 
203 421 14 17 0.0201604 
325 581 35 34 0.020002082 
