38_Tennis_Tennis_38_501
42
565 93 116 143 0.9998883 
219 409 61 82 0.9940023 
158 592 68 91 0.98690677 
888 460 76 106 0.9798147 
959 709 20 23 0.19738866 
23 44 398 534 0.1945252 
298 788 15 18 0.06877872 
4 409 31 49 0.062149603 
281 756 42 54 0.061793223 
83 404 27 32 0.055216346 
198 781 24 29 0.049350232 
102 412 45 54 0.048055965 
3 437 34 53 0.04795336 
588 -83 368 469 0.042513132 
342 414 15 15 0.04152882 
36 550 18 22 0.04133199 
161 519 62 61 0.041024983 
282 771 17 21 0.039727706 
202 326 19 20 0.039629474 
173 501 61 57 0.038382526 
283 767 27 31 0.03765224 
133 324 14 18 0.036478657 
926 748 13 15 0.034595422 
405 327 17 21 0.032968707 
629 -16 227 300 0.032199334 
982 419 16 18 0.031179203 
367 344 26 33 0.029049048 
75 340 25 34 0.028803546 
292 777 25 29 0.028799307 
348 372 15 16 0.028688742 
667 2 125 154 0.027775418 
943 773 13 15 0.0259946 
118 451 95 116 0.025324242 
499 221 365 505 0.024496207 
221 395 14 17 0.023653787 
147 532 91 98 0.023583248 
194 595 41 52 0.023323188 
18 406 48 76 0.022903746 
302 764 11 14 0.022663543 
374 745 29 40 0.021942155 
100 402 97 121 0.021042507 
956 589 57 74 0.02073879 
