36_Football_americanfootball_ball_36_27
42
656 44 66 84 0.97666705 
189 207 55 70 0.3035533 
149 190 57 73 0.19924575 
384 284 47 66 0.16808787 
981 84 27 35 0.08369107 
336 289 26 38 0.07692802 
222 -19 382 522 0.075173736 
312 306 44 68 0.07128009 
400 -1 18 18 0.06407801 
373 124 26 33 0.049816553 
398 266 50 69 0.04875356 
401 198 41 59 0.04674618 
13 12 53 62 0.043376464 
504 96 69 79 0.038249556 
371 253 79 113 0.037843104 
916 380 25 30 0.037341915 
510 0 34 27 0.036503736 
835 190 42 60 0.036481563 
563 293 97 115 0.033854727 
632 145 31 34 0.032961257 
-2 509 48 73 0.031878304 
802 56 36 45 0.029091094 
161 125 25 34 0.028682154 
392 188 80 110 0.026853016 
981 130 42 75 0.026758512 
170 4 35 36 0.025548311 
326 296 48 70 0.024862217 
689 303 93 147 0.024517598 
432 0 21 20 0.024063103 
-11 118 344 421 0.02343125 
433 221 53 72 0.023294376 
300 286 78 111 0.023249347 
984 612 36 54 0.023002872 
864 -2 21 19 0.022622585 
171 214 43 47 0.02215918 
616 60 88 108 0.021320267 
519 49 66 77 0.021000259 
394 232 54 76 0.020868639 
0 -3 29 35 0.02048147 
472 -2 23 19 0.02045547 
798 235 25 30 0.020144388 
358 74 31 36 0.020071782 
