36_Football_americanfootball_ball_36_6
191
938 153 14 17 0.9915324 
406 156 16 20 0.9865176 
610 251 16 21 0.9809651 
613 161 13 17 0.9703884 
652 160 14 19 0.9680016 
355 169 13 17 0.9623462 
300 173 14 17 0.96046895 
353 270 14 19 0.9581798 
596 216 13 17 0.9576668 
565 124 14 17 0.94058645 
251 171 14 16 0.92546326 
398 194 14 17 0.91835576 
377 217 14 18 0.91245675 
443 196 22 27 0.89061165 
492 168 15 20 0.8386192 
573 271 15 17 0.8266123 
24 152 15 18 0.7818796 
646 230 13 16 0.7808896 
969 259 13 16 0.7512622 
479 242 37 40 0.7216705 
548 221 12 15 0.5359694 
801 119 40 57 0.52967536 
994 154 13 17 0.52603275 
166 155 30 32 0.391783 
988 222 12 16 0.38603172 
121 101 41 54 0.373821 
451 174 11 15 0.35083893 
318 202 11 15 0.26554498 
576 198 12 16 0.25733584 
764 135 45 55 0.22871657 
250 271 15 18 0.21850476 
1014 211 9 14 0.21618725 
643 279 28 33 0.21600002 
19 188 23 28 0.17465118 
949 245 11 15 0.15166436 
287 205 10 12 0.14549355 
295 224 10 12 0.14457045 
418 312 50 61 0.13653605 
544 226 16 18 0.12745257 
990 264 9 12 0.123018034 
493 194 15 18 0.12248456 
3 317 27 29 0.12224522 
157 161 30 41 0.10973908 
1001 251 9 13 0.10621175 
957 211 12 17 0.10459534 
637 321 22 31 0.10287098 
962 203 14 18 0.094849914 
267 231 10 14 0.09190413 
647 289 16 19 0.08663645 
974 221 11 14 0.07946943 
300 244 15 18 0.076351926 
824 126 35 43 0.07272586 
602 300 17 18 0.07231742 
344 212 11 14 0.06724346 
544 215 13 16 0.06667301 
558 294 15 18 0.0630255 
546 250 13 18 0.062365904 
957 219 11 14 0.059981193 
637 257 41 48 0.058295377 
0 206 9 16 0.054694805 
777 191 56 60 0.05447241 
721 184 29 38 0.053976044 
366 201 15 20 0.05366046 
926 212 10 14 0.053507052 
324 137 12 15 0.051258225 
507 268 13 17 0.049746193 
759 169 59 66 0.04885811 
790 126 31 49 0.048217304 
574 236 11 16 0.04754839 
73 192 30 34 0.047024556 
591 164 12 17 0.046629366 
983 261 10 13 0.045357704 
746 150 51 54 0.045294337 
14 192 16 19 0.045020346 
985 244 10 14 0.044945907 
959 326 11 15 0.044849154 
714 173 28 37 0.044679865 
996 143 12 15 0.043160103 
507 202 13 17 0.043080144 
534 192 13 17 0.04281649 
229 167 11 13 0.04198431 
911 231 24 27 0.040807627 
50 284 36 42 0.040606424 
499 200 16 18 0.040462967 
840 132 26 34 0.04034341 
562 249 15 16 0.03972746 
44 189 13 17 0.03952587 
448 169 10 12 0.038859107 
989 251 10 13 0.03869123 
709 173 52 61 0.0380893 
142 170 44 60 0.037533253 
498 173 16 21 0.037461627 
677 180 10 13 0.03653359 
956 244 12 16 0.036437556 
23 198 28 31 0.036024116 
321 139 10 13 0.03587623 
260 309 12 15 0.035876077 
868 154 25 29 0.03529857 
679 175 10 13 0.03495068 
0 237 10 16 0.034918543 
317 150 10 12 0.034897614 
4 191 23 31 0.03419677 
995 191 14 18 0.034018613 
19 320 14 17 0.033308316 
723 137 13 15 0.033294242 
554 219 12 15 0.03301903 
70 165 45 53 0.032798257 
1006 258 12 15 0.03252064 
1 367 10 16 0.032447536 
415 188 12 15 0.031785958 
959 199 13 16 0.030992847 
599 276 12 14 0.030874213 
613 343 14 17 0.030730365 
938 293 10 13 0.030586544 
0 238 21 31 0.029850341 
27 318 12 14 0.029676842 
304 178 13 16 0.02961032 
1013 259 12 16 0.029184237 
76 200 17 22 0.029173417 
409 285 46 55 0.028855683 
713 171 18 21 0.028831402 
6 195 12 16 0.028335668 
490 254 32 39 0.02785729 
628 323 15 20 0.0278461 
566 219 11 14 0.027818762 
995 167 13 17 0.027618738 
144 200 35 51 0.027269632 
982 215 13 18 0.027167665 
675 189 87 102 0.02694754 
353 463 11 13 0.026879447 
272 213 10 13 0.026653558 
919 211 13 16 0.02608995 
966 217 13 16 0.025757 
658 289 16 19 0.025395835 
548 257 13 19 0.025291396 
565 152 16 19 0.024880838 
545 215 21 25 0.024732146 
558 119 12 14 0.02463564 
420 193 13 16 0.024327451 
771 137 20 25 0.024260545 
410 218 14 18 0.024188738 
597 269 12 16 0.02411265 
2 203 14 18 0.023873769 
983 253 10 13 0.023741363 
723 157 46 57 0.0235662 
247 230 10 14 0.02333761 
673 183 11 12 0.023291096 
143 126 43 58 0.023187429 
973 212 11 16 0.023092857 
279 175 11 13 0.02309103 
899 229 26 31 0.023079263 
883 153 15 20 0.023076016 
549 267 13 20 0.022917787 
624 143 10 13 0.022677938 
505 169 14 20 0.022664716 
877 219 14 18 0.022590643 
893 153 14 20 0.022416297 
325 158 12 15 0.022399856 
710 204 28 39 0.022284446 
542 163 14 17 0.022168512 
35 186 16 20 0.022141114 
997 261 11 14 0.022079153 
268 153 13 16 0.021935564 
984 237 11 14 0.02183071 
284 180 11 14 0.02165157 
548 228 23 27 0.02164019 
296 168 11 14 0.02151195 
542 238 21 26 0.021268768 
443 187 18 21 0.02126683 
136 123 31 39 0.021265885 
626 309 13 14 0.021264574 
110 103 32 38 0.021262875 
529 196 22 30 0.021137403 
855 127 41 56 0.021097697 
355 315 24 32 0.021011049 
79 188 12 16 0.020883685 
611 318 38 46 0.02069716 
350 325 11 13 0.0206943 
873 210 27 32 0.020678367 
925 275 10 14 0.020438284 
893 243 26 34 0.02036457 
345 317 8 12 0.020317702 
318 162 12 15 0.020242408 
955 324 22 28 0.020240858 
596 260 13 17 0.020183297 
297 251 20 27 0.020172553 
591 265 13 16 0.020143962 
754 114 80 97 0.02012053 
391 189 14 19 0.020117493 
313 150 9 12 0.020102756 
299 227 11 12 0.020057956 
