36_Football_americanfootball_ball_36_81
61
169 66 63 73 0.99164635 
913 5 46 52 0.9803011 
473 42 49 53 0.95749795 
373 116 57 62 0.8611436 
284 0 33 34 0.5281452 
699 84 35 40 0.508466 
339 41 35 35 0.34573206 
230 36 39 47 0.16321199 
578 9 23 28 0.15474656 
569 226 48 55 0.12357619 
818 132 81 128 0.11545625 
808 32 43 58 0.10770145 
883 -5 30 40 0.10478703 
623 -2 27 23 0.07270129 
592 225 37 41 0.06747311 
846 7 26 34 0.05931596 
829 101 56 71 0.057440743 
685 26 23 30 0.05440107 
338 190 18 25 0.053028926 
335 17 50 53 0.05300527 
516 126 42 53 0.050690677 
377 0 35 30 0.04491188 
638 305 54 61 0.04007564 
549 2 48 58 0.039382096 
900 455 17 22 0.03771515 
617 30 46 64 0.037186656 
888 0 43 51 0.036359813 
564 211 27 34 0.03508536 
635 -1 25 29 0.03420957 
557 207 44 61 0.033950772 
972 15 43 52 0.03262957 
682 -1 25 19 0.031782668 
349 -1 52 46 0.03146434 
89 194 52 85 0.03112429 
802 164 30 41 0.030979237 
358 134 60 69 0.029933188 
441 0 49 45 0.029738484 
158 -1 28 23 0.029534465 
607 30 29 35 0.029050717 
564 259 32 37 0.028619964 
572 44 23 28 0.02826204 
816 121 63 82 0.028181888 
994 125 16 26 0.027826438 
706 29 42 53 0.027374445 
334 44 51 55 0.026752826 
535 7 33 40 0.02490828 
581 237 54 61 0.02442657 
805 148 55 77 0.024320543 
979 0 41 49 0.024046453 
404 196 12 14 0.02402306 
335 120 30 35 0.023850776 
230 106 37 39 0.023652345 
340 113 52 59 0.022140676 
843 169 102 141 0.021620316 
571 198 54 60 0.02142534 
611 6 51 62 0.021343373 
598 200 54 61 0.021160427 
989 112 26 43 0.021077141 
806 100 54 66 0.020474989 
841 12 47 55 0.020449929 
646 28 24 32 0.020360524 
