36_Football_americanfootball_ball_36_38
38
369 18 64 77 0.9958813 
720 74 58 75 0.9908364 
523 57 53 59 0.9795394 
921 114 24 33 0.68084157 
961 101 21 28 0.3948997 
532 315 43 59 0.17194389 
749 98 52 63 0.1579197 
877 138 29 36 0.12671363 
153 108 26 30 0.123392686 
442 10 17 20 0.106313065 
929 108 20 25 0.099456094 
530 280 54 66 0.08794442 
435 4 26 35 0.071065895 
585 197 52 60 0.06749667 
327 14 22 32 0.058868278 
906 116 27 36 0.056681022 
385 252 56 43 0.05198091 
561 198 44 57 0.04351602 
775 107 33 47 0.04015681 
541 197 41 59 0.03910627 
463 287 43 49 0.031788 
151 157 12 15 0.031572122 
696 55 58 76 0.03090618 
532 235 52 71 0.030139996 
146 89 41 50 0.029942779 
102 542 34 35 0.028538402 
961 91 19 22 0.027333174 
215 145 21 29 0.024742248 
594 221 52 62 0.024324572 
605 191 61 64 0.023950396 
194 174 39 50 0.023941074 
515 222 18 24 0.023839436 
431 8 42 51 0.023761224 
622 61 41 56 0.023723682 
941 105 27 33 0.022447295 
514 212 28 39 0.021358883 
554 230 49 68 0.021349546 
505 319 54 60 0.02119051 
