36_Football_americanfootball_ball_36_693
35
265 117 80 80 0.90232074 
498 298 62 79 0.8971447 
558 161 75 93 0.86671984 
661 299 54 70 0.13833663 
431 133 39 44 0.1380169 
190 198 99 152 0.12048958 
468 288 61 80 0.11427434 
60 768 74 59 0.077409565 
293 129 52 48 0.075702004 
379 145 67 71 0.062768035 
543 156 121 146 0.06248354 
646 632 52 70 0.06159829 
610 470 52 54 0.05512606 
46 35 26 32 0.054884333 
169 0 26 23 0.052514106 
207 148 138 178 0.052036412 
368 378 67 91 0.05062455 
929 498 62 75 0.046129253 
670 330 39 41 0.042693656 
595 591 55 64 0.037607808 
186 234 61 100 0.037299246 
-26 73 321 423 0.033293013 
429 119 66 77 0.03164623 
530 298 53 72 0.031208655 
383 568 63 84 0.028773433 
459 303 42 54 0.024864987 
218 -1 38 37 0.022446673 
338 125 93 105 0.021705994 
495 254 371 453 0.021650776 
779 0 25 23 0.021179246 
450 135 62 75 0.021145355 
565 169 47 53 0.020972895 
1000 -4 22 30 0.02049168 
47 16 34 41 0.020308137 
927 -2 29 30 0.020264188 
