36_Football_Football_36_157
634
739 218 31 34 0.99767536 
607 240 27 32 0.9954591 
48 128 23 29 0.99474573 
869 85 20 26 0.99251634 
606 141 24 29 0.99233186 
755 118 18 22 0.9909031 
163 201 21 27 0.9881462 
964 138 17 22 0.9874391 
876 171 20 26 0.9864764 
285 133 17 23 0.98494256 
95 238 24 27 0.9839851 
91 107 15 18 0.98107177 
564 104 21 26 0.9807724 
498 246 24 30 0.98042876 
662 252 21 26 0.980045 
786 56 19 24 0.9749052 
41 256 22 26 0.9719268 
508 175 20 25 0.9712777 
581 185 23 28 0.9710949 
978 198 16 24 0.9685324 
74 195 21 27 0.9684286 
541 26 21 27 0.9666853 
144 96 18 22 0.96575856 
846 50 19 23 0.96381783 
546 192 17 22 0.9635776 
344 133 20 26 0.96334946 
493 6 19 24 0.9628302 
178 93 18 23 0.9617456 
150 150 21 25 0.96150666 
233 77 19 22 0.9607584 
339 103 19 23 0.96040285 
614 75 21 25 0.958288 
392 82 20 23 0.95715874 
479 120 21 24 0.9547589 
907 217 22 28 0.9542565 
907 168 19 22 0.953584 
425 261 21 27 0.9499901 
115 200 18 22 0.9479446 
855 0 20 22 0.9451893 
461 33 21 26 0.944147 
535 74 21 27 0.9416646 
579 6 21 23 0.9400334 
0 181 20 28 0.93987846 
898 24 19 26 0.9395425 
544 107 19 24 0.93870777 
119 110 19 23 0.9365817 
184 183 22 26 0.9350963 
984 247 22 26 0.93472385 
229 173 19 23 0.9320215 
431 345 27 38 0.9306184 
579 84 18 23 0.92964894 
248 117 17 23 0.9292299 
303 159 19 23 0.92661595 
157 176 20 25 0.92584854 
361 114 17 22 0.9255672 
970 24 17 22 0.9208071 
411 140 18 22 0.9190466 
144 270 17 24 0.91606814 
632 188 24 28 0.91566503 
113 134 19 26 0.91314346 
334 179 20 25 0.9119435 
666 31 21 26 0.90524846 
390 196 34 34 0.8979389 
903 103 18 24 0.89514565 
890 131 16 19 0.8888577 
432 217 20 26 0.88822967 
898 83 22 27 0.8801303 
897 192 17 21 0.8789941 
814 109 15 19 0.8721885 
234 247 29 33 0.8694716 
565 133 18 23 0.8656566 
833 108 16 20 0.84429723 
246 196 18 19 0.84426993 
336 43 19 23 0.8413269 
348 5 17 19 0.8380455 
197 0 19 20 0.8276284 
515 51 19 24 0.82606506 
516 145 19 22 0.82316434 
230 235 28 34 0.8230379 
415 7 23 27 0.817905 
787 172 24 30 0.81756103 
293 92 19 22 0.816864 
273 42 18 21 0.8154062 
424 98 19 21 0.8048993 
382 128 17 21 0.7968135 
299 219 20 23 0.79616535 
614 41 21 23 0.7883324 
413 53 16 19 0.7865576 
552 103 22 29 0.78364605 
44 186 19 22 0.7648973 
524 110 20 23 0.75821495 
15 117 20 25 0.74960417 
407 120 17 20 0.7417854 
642 -1 19 18 0.7377698 
942 95 14 19 0.7283652 
356 175 19 22 0.71889067 
489 88 16 20 0.7116199 
229 128 16 18 0.70027244 
87 132 21 27 0.69874275 
873 215 23 32 0.6984474 
79 153 18 23 0.68548805 
102 169 20 23 0.65892243 
455 104 15 18 0.650815 
319 78 22 25 0.6467023 
853 187 15 19 0.62277925 
851 165 16 22 0.6179482 
781 110 18 22 0.61679065 
483 358 17 21 0.5910379 
0 144 14 20 0.5884267 
585 159 18 22 0.5693852 
441 165 19 22 0.5550252 
819 18 14 17 0.53363967 
932 173 20 26 0.4931703 
149 49 16 18 0.4907471 
249 153 17 19 0.43731353 
216 158 17 20 0.43550366 
966 98 12 16 0.3885182 
142 198 20 26 0.3873092 
81 141 20 27 0.3750437 
300 120 20 24 0.36797905 
667 172 15 20 0.36271316 
265 26 16 19 0.35869965 
412 64 17 21 0.35475403 
954 193 15 19 0.34157664 
841 188 17 21 0.33565453 
485 203 16 19 0.33072728 
271 163 15 19 0.3302185 
474 64 16 19 0.31961063 
750 186 23 28 0.3137268 
25 47 25 30 0.27702487 
23 167 20 26 0.2744632 
957 233 21 26 0.2701538 
418 0 20 21 0.2656594 
353 70 18 20 0.24784906 
363 97 16 18 0.23854984 
271 203 15 20 0.23081006 
153 19 14 17 0.2279543 
786 234 29 35 0.22640218 
926 6 11 13 0.22385702 
203 99 15 19 0.22121027 
186 146 17 20 0.22068723 
763 206 27 37 0.21804851 
276 184 17 20 0.21293002 
494 356 26 32 0.2105097 
583 245 20 25 0.20796856 
98 4 16 19 0.2070947 
186 171 22 26 0.19981846 
1 232 16 22 0.19893612 
329 152 19 21 0.19725151 
733 123 17 21 0.19246401 
293 63 14 18 0.18931909 
385 112 17 21 0.18916269 
635 168 22 27 0.18630677 
242 149 18 20 0.18609884 
45 193 22 28 0.18509008 
477 99 15 19 0.18184198 
33 175 23 27 0.17984717 
186 155 22 25 0.17861973 
15 106 16 19 0.17548552 
32 153 17 19 0.17547749 
935 165 15 18 0.17386135 
947 101 16 20 0.17256093 
766 149 16 19 0.16915314 
860 132 21 25 0.16838717 
1006 94 12 16 0.16683362 
306 258 20 22 0.15928806 
695 20 21 28 0.15874718 
952 20 11 15 0.15713985 
749 0 15 18 0.15332839 
267 35 19 22 0.15332422 
154 305 16 20 0.1472591 
980 159 13 18 0.14326097 
41 18 17 20 0.14289707 
814 13 15 18 0.14227381 
779 119 18 23 0.14038181 
957 199 16 20 0.13724779 
679 29 21 27 0.137228 
638 163 16 20 0.13661048 
321 69 18 22 0.1365412 
284 181 16 20 0.13515373 
484 94 19 23 0.13294047 
204 92 14 16 0.13160627 
804 229 31 38 0.12987182 
956 99 14 19 0.12920645 
165 131 15 18 0.12870745 
728 47 22 25 0.12609597 
28 125 16 21 0.12593001 
631 318 29 36 0.1258176 
900 198 22 27 0.12575704 
427 108 17 22 0.1255263 
1008 75 14 17 0.12509437 
754 -1 15 14 0.12480781 
166 65 15 18 0.1241488 
590 138 17 20 0.123898596 
850 177 18 23 0.12333509 
215 265 17 22 0.12014487 
398 118 21 26 0.11973777 
587 144 20 25 0.11972954 
685 126 23 27 0.11927587 
972 242 22 28 0.118460655 
483 215 16 21 0.11681384 
632 125 21 25 0.11559512 
925 14 16 20 0.11526961 
632 438 30 38 0.11490228 
65 0 18 19 0.11420779 
325 134 17 20 0.113386646 
964 237 21 27 0.10852517 
1004 198 14 18 0.10746883 
786 241 19 21 0.106176645 
273 214 20 25 0.105751835 
798 0 11 12 0.10501401 
223 167 20 24 0.10491423 
348 16 17 19 0.1047057 
389 124 22 26 0.10374058 
416 108 20 26 0.102074325 
113 298 24 31 0.101125896 
742 195 30 39 0.099780396 
31 122 23 30 0.09801025 
941 6 13 15 0.09678457 
999 137 12 15 0.09545215 
483 223 18 26 0.09543692 
578 339 15 19 0.09543145 
282 1 18 19 0.09238286 
957 209 17 21 0.092019275 
409 128 17 22 0.09174421 
223 256 24 29 0.09155177 
190 130 14 17 0.09135025 
501 125 13 17 0.09122526 
1012 109 11 17 0.08595227 
270 187 15 18 0.08472182 
826 188 23 25 0.08292185 
133 239 21 27 0.08264003 
0 63 11 21 0.08226475 
332 159 22 27 0.08100936 
208 1 15 18 0.07779757 
452 59 15 20 0.07762657 
327 122 14 19 0.0773582 
731 34 22 24 0.075657986 
988 217 17 21 0.074923135 
112 171 16 19 0.07466948 
131 196 20 27 0.074531004 
962 195 15 19 0.074211836 
931 5 14 16 0.07415452 
674 10 17 20 0.073784664 
258 171 14 19 0.073259406 
564 -2 13 12 0.072627634 
773 206 14 19 0.07221632 
964 198 19 25 0.07212033 
299 39 16 20 0.07186167 
949 216 16 21 0.07116817 
590 237 25 33 0.07101284 
303 211 18 22 0.0704229 
0 51 10 17 0.06880693 
321 91 17 21 0.0686564 
335 37 16 20 0.06740557 
163 91 13 16 0.065876566 
869 49 13 18 0.06565952 
877 27 14 18 0.06394882 
233 229 19 22 0.06391199 
1010 97 13 17 0.063569345 
276 196 23 28 0.063115396 
480 61 18 21 0.062713854 
657 0 17 19 0.06261255 
505 364 18 23 0.06246944 
952 0 11 13 0.061943643 
371 94 14 18 0.061725557 
28 159 22 25 0.061192907 
163 180 22 28 0.060755245 
708 142 16 20 0.060512785 
710 162 21 27 0.06027722 
252 177 17 20 0.059835814 
965 179 14 18 0.059820365 
924 61 16 21 0.058140524 
467 69 18 21 0.058138866 
152 33 17 19 0.057956036 
271 224 16 22 0.0565944 
903 178 20 26 0.055553254 
502 347 32 42 0.05553967 
603 110 21 24 0.054814056 
884 65 16 19 0.054797273 
784 101 21 25 0.054725558 
700 0 17 18 0.054613873 
290 122 23 26 0.054283313 
362 72 15 18 0.053847536 
183 50 15 17 0.053614132 
570 329 25 31 0.05326979 
669 18 22 27 0.05299924 
925 119 14 18 0.05263191 
971 96 11 15 0.052555557 
765 1 14 18 0.052478027 
725 392 52 65 0.05216002 
53 195 23 29 0.05176562 
767 7 23 27 0.051027242 
317 429 42 50 0.050616812 
230 163 21 23 0.050609995 
819 191 18 20 0.050422225 
917 15 14 20 0.05041912 
973 14 13 16 0.050333958 
434 204 23 28 0.050245233 
179 107 16 21 0.050070968 
553 170 21 24 0.049860813 
346 172 21 26 0.049831405 
332 129 21 26 0.049743235 
336 325 32 38 0.04951691 
451 -1 16 14 0.049361594 
470 175 14 19 0.048862122 
438 145 16 19 0.048178103 
19 215 22 28 0.048159752 
595 295 32 40 0.047500756 
699 12 16 19 0.047478158 
646 1 23 25 0.046864197 
391 211 29 32 0.046741907 
881 21 22 28 0.046335477 
287 185 22 28 0.0462047 
400 73 20 24 0.045799777 
308 197 12 15 0.04524744 
424 327 38 48 0.04505616 
514 154 24 26 0.044570845 
68 179 17 20 0.044367287 
261 80 17 22 0.044348177 
723 458 51 67 0.04430045 
132 185 17 21 0.044143587 
295 101 21 23 0.044101078 
746 68 24 28 0.043509252 
76 284 16 22 0.04283274 
752 213 30 37 0.04280932 
705 -1 16 14 0.04220444 
974 168 15 20 0.042096127 
891 64 16 18 0.04182066 
75 212 16 22 0.041443646 
148 -1 13 12 0.04127001 
478 132 17 21 0.041214913 
215 271 23 29 0.04114593 
1006 132 11 16 0.040974747 
270 123 14 18 0.040467206 
509 9 13 17 0.040407006 
708 29 15 22 0.040262017 
184 102 15 20 0.040259514 
268 194 15 21 0.039901275 
9 213 21 28 0.039820883 
906 78 21 27 0.039440878 
921 5 12 15 0.039370574 
828 12 13 17 0.03916367 
237 114 19 25 0.039122608 
307 202 15 21 0.039003994 
594 10 15 19 0.038825817 
921 166 20 26 0.03861085 
456 110 19 22 0.03824671 
793 247 16 21 0.0381895 
938 215 20 26 0.03817524 
692 505 15 20 0.038128674 
5 285 14 18 0.038069814 
483 363 29 35 0.037986223 
565 312 28 35 0.037954006 
623 35 18 23 0.037943978 
654 242 35 45 0.03793586 
2 216 16 21 0.03788316 
400 240 24 31 0.037714854 
156 107 12 17 0.03726615 
53 182 21 27 0.037166327 
1005 171 16 18 0.037032466 
486 230 21 27 0.036881566 
243 352 47 63 0.03664108 
0 133 12 19 0.036587466 
965 275 24 29 0.036542747 
955 0 14 17 0.03623111 
279 1 13 13 0.036225457 
575 130 21 25 0.03621865 
920 147 13 16 0.03613818 
227 117 16 20 0.03612699 
57 250 20 28 0.036076758 
527 0 11 11 0.036013454 
1001 99 11 15 0.036012843 
595 142 19 23 0.035650227 
237 259 31 36 0.035641883 
641 255 21 27 0.035565138 
949 112 15 18 0.035367247 
533 0 11 10 0.03521674 
453 87 21 25 0.03518596 
473 449 23 22 0.035089307 
485 311 28 35 0.035024155 
934 9 20 24 0.034929175 
185 139 14 19 0.034918487 
174 194 21 27 0.034861602 
850 33 20 25 0.03475567 
317 4 12 14 0.034747448 
609 216 26 30 0.034578286 
11 44 22 30 0.034225803 
156 84 15 18 0.03416898 
343 22 21 26 0.034087017 
951 233 17 22 0.03393653 
837 27 15 18 0.03391519 
626 131 22 26 0.03386512 
54 119 14 16 0.033830076 
519 125 22 27 0.033823397 
858 32 17 21 0.03374823 
380 396 38 39 0.033427693 
514 10 14 17 0.033395343 
803 4 15 18 0.033344418 
337 29 21 25 0.03326802 
34 23 26 33 0.03324967 
198 103 14 19 0.03317483 
295 254 25 29 0.03307614 
352 1 17 17 0.0329907 
319 21 13 16 0.032842528 
807 9 15 21 0.032776028 
529 145 15 20 0.0327501 
798 236 45 52 0.0327426 
628 296 35 43 0.032710336 
36 247 35 44 0.03270543 
587 126 23 27 0.032679945 
953 121 14 17 0.03259376 
843 112 15 20 0.032506183 
342 72 15 19 0.032416962 
815 23 16 20 0.03234795 
223 124 16 20 0.03230178 
643 251 15 20 0.032296948 
989 168 15 21 0.032278355 
162 51 13 15 0.03225403 
254 49 13 17 0.03204203 
793 99 15 18 0.031934038 
615 52 21 25 0.03179444 
941 41 13 16 0.03175034 
690 28 18 24 0.031735238 
10 288 14 19 0.031708784 
484 345 28 35 0.031615425 
970 186 15 20 0.031568773 
456 78 23 25 0.031418204 
459 64 20 24 0.031332936 
235 137 16 18 0.03109179 
642 172 24 30 0.031072829 
612 321 29 36 0.03100683 
478 160 15 19 0.030968577 
611 348 15 18 0.030689206 
989 0 14 12 0.030668994 
517 224 17 21 0.030496314 
223 115 14 18 0.030462582 
699 133 20 27 0.030461263 
843 178 18 24 0.030449923 
931 21 15 19 0.03038047 
448 64 15 19 0.029999755 
327 198 24 31 0.029990248 
446 155 20 26 0.029863793 
293 191 23 29 0.02969916 
894 109 21 26 0.029641133 
307 268 18 21 0.029640568 
248 260 19 22 0.02960466 
308 0 12 12 0.029534867 
912 13 12 17 0.029469 
812 6 15 18 0.029444238 
994 212 16 19 0.029271087 
458 148 15 19 0.029146116 
281 209 15 20 0.029041722 
164 96 14 18 0.029023603 
407 50 16 20 0.028748121 
539 61 15 18 0.028692072 
989 44 12 15 0.028668417 
948 13 14 18 0.028659241 
0 46 17 30 0.028517447 
9 128 23 29 0.028430158 
959 183 20 25 0.028366257 
195 285 13 16 0.028251462 
489 103 18 22 0.028147489 
264 44 22 27 0.02801009 
194 138 14 19 0.027920032 
307 110 15 19 0.027906341 
417 347 31 42 0.027803777 
853 107 13 18 0.027696745 
259 164 14 18 0.027684813 
409 249 25 32 0.027634768 
987 116 13 17 0.02759813 
408 206 18 22 0.0274633 
5 96 19 28 0.02744828 
951 14 19 25 0.027349465 
277 6 17 19 0.027348373 
479 70 21 23 0.027308261 
313 126 20 25 0.027261661 
667 -1 14 14 0.027185904 
744 3 15 18 0.02707061 
965 4 11 14 0.027062653 
313 255 22 28 0.027029004 
303 26 15 19 0.026960023 
271 27 17 20 0.026912903 
506 129 15 18 0.026906604 
456 162 15 21 0.026890174 
986 237 17 21 0.026793169 
255 196 19 24 0.026790887 
996 245 20 28 0.026746633 
976 31 14 18 0.026692614 
667 174 22 31 0.026689507 
66 255 17 22 0.0266744 
574 147 21 25 0.026584607 
325 0 12 11 0.026540078 
571 320 17 20 0.026459843 
437 154 19 24 0.026433961 
140 138 16 19 0.026406886 
360 256 32 37 0.026353225 
84 296 16 19 0.026336592 
868 32 15 19 0.02624361 
214 27 14 17 0.026243579 
517 330 32 46 0.02621942 
192 299 18 19 0.026169369 
194 125 15 18 0.026164085 
937 183 22 28 0.026076531 
995 168 23 26 0.02580797 
603 332 26 33 0.025716957 
617 141 25 28 0.025634011 
806 215 32 37 0.025236823 
497 90 14 18 0.02518114 
454 153 14 20 0.02515347 
246 29 12 16 0.02511153 
918 35 13 16 0.024989944 
973 116 12 16 0.024779372 
917 67 20 26 0.024750046 
374 372 45 52 0.024745828 
502 508 14 19 0.024742052 
817 235 18 23 0.024691388 
907 250 16 19 0.024656901 
372 210 14 18 0.024632355 
228 246 19 25 0.024600148 
128 133 21 26 0.024500564 
741 9 16 20 0.024368146 
129 315 17 22 0.024366155 
83 2 15 17 0.024351751 
907 21 20 27 0.02435076 
256 386 36 52 0.024301514 
158 129 14 18 0.024298063 
220 151 16 19 0.024242083 
738 388 33 42 0.024166936 
428 317 29 31 0.02404875 
650 242 17 22 0.023971004 
969 13 10 14 0.023952568 
147 140 16 20 0.023927871 
860 216 39 47 0.02385936 
291 275 25 31 0.02384255 
920 216 17 23 0.02382377 
156 75 16 18 0.023700245 
506 441 14 19 0.023549749 
1 129 21 30 0.023536658 
240 199 16 19 0.023530206 
334 29 14 19 0.023517922 
728 419 56 75 0.023460276 
665 2 21 22 0.02336713 
900 253 23 28 0.023329673 
363 137 15 19 0.023304174 
145 107 17 22 0.023293877 
0 100 11 18 0.023280917 
1003 208 16 18 0.023261532 
322 24 14 19 0.023224939 
352 183 24 30 0.023192348 
464 102 20 25 0.02319028 
489 115 18 22 0.02311956 
610 295 36 43 0.023066029 
810 194 30 33 0.02304186 
307 20 15 19 0.022971261 
876 154 15 18 0.02296065 
450 172 15 20 0.022918558 
530 129 16 21 0.022915931 
933 1 12 12 0.02291453 
252 0 12 12 0.02289767 
217 2 15 16 0.022896934 
572 303 29 34 0.022834709 
428 84 14 18 0.022773065 
104 10 13 17 0.022755835 
535 326 26 41 0.02269609 
495 539 35 30 0.022674473 
391 226 28 36 0.022650192 
139 179 14 20 0.022598505 
380 4 16 19 0.022592174 
549 178 17 20 0.022585087 
312 199 22 29 0.022562092 
602 11 14 19 0.022537567 
291 2 27 29 0.022484338 
573 158 16 20 0.022464938 
733 13 21 26 0.022422692 
85 158 20 25 0.022410879 
167 117 21 26 0.022386476 
155 55 15 18 0.022370657 
49 0 24 25 0.02236128 
981 214 17 23 0.02234703 
603 306 33 43 0.022250254 
607 40 16 19 0.022245659 
545 279 16 19 0.022229247 
957 86 13 16 0.022128157 
983 5 11 13 0.022073662 
326 158 17 22 0.022043468 
10 170 20 28 0.021936048 
197 85 15 18 0.021851132 
333 -1 13 11 0.021835867 
477 229 18 24 0.021823566 
452 71 17 20 0.02174192 
934 211 14 22 0.021715067 
817 103 15 19 0.021660656 
204 223 22 26 0.021659587 
295 112 21 25 0.021606922 
513 246 22 28 0.02152078 
517 0 13 11 0.021389477 
532 208 14 20 0.021255642 
236 92 15 20 0.021234015 
1008 112 11 16 0.021170693 
132 168 16 20 0.021154894 
443 140 16 19 0.021148197 
517 435 16 20 0.021118132 
1004 188 14 16 0.021101875 
844 100 13 18 0.021077983 
888 221 17 24 0.021056691 
195 74 15 19 0.021025712 
791 254 14 19 0.02094473 
237 176 19 23 0.020920103 
957 178 16 21 0.020864276 
222 154 21 23 0.02075673 
178 129 21 25 0.02074426 
835 194 20 24 0.020690067 
621 29 16 18 0.02067056 
926 184 15 22 0.020626802 
81 282 25 30 0.020543426 
776 214 17 23 0.020494912 
244 340 33 50 0.020493431 
142 0 16 17 0.020411188 
612 339 14 18 0.020391019 
255 255 17 22 0.020356359 
559 -10 25 24 0.02034164 
220 363 49 63 0.020319851 
730 27 19 21 0.020253023 
292 133 20 25 0.020239167 
340 236 16 20 0.020237293 
0 208 13 20 0.020235114 
631 170 16 19 0.020174934 
584 253 26 30 0.020166762 
572 342 27 35 0.020166434 
810 253 48 54 0.020121282 
915 154 17 21 0.020069715 
830 5 14 17 0.020061165 
950 137 15 22 0.020005485 
