36_Football_Football_36_202
23
629 180 58 64 0.9961629 
768 143 52 60 0.99333847 
471 189 58 63 0.9643966 
715 198 38 43 0.8236692 
325 186 56 71 0.7108839 
564 309 66 68 0.19282341 
572 325 39 41 0.1342574 
780 225 75 80 0.09590573 
287 233 59 76 0.086981975 
348 196 38 48 0.061894506 
482 362 420 435 0.042706832 
457 164 54 62 0.03517126 
590 290 65 63 0.03130363 
484 206 57 72 0.030455187 
280 265 54 69 0.02939803 
321 192 38 45 0.028991261 
445 177 36 46 0.028468117 
322 294 33 44 0.027911732 
453 204 59 78 0.023564061 
460 316 34 36 0.02307617 
403 345 36 35 0.022678673 
353 216 38 43 0.021885812 
358 259 14 17 0.020355796 
