0_Parade_Parade_0_639
249
711 78 29 32 0.99781954 
637 579 46 63 0.997556 
339 206 33 43 0.98644304 
515 162 24 30 0.9851141 
980 537 47 99 0.9697748 
593 103 24 28 0.9610247 
436 271 29 34 0.8902238 
271 200 32 40 0.86983573 
950 421 15 20 0.8568347 
939 408 11 14 0.6006277 
900 565 41 69 0.5887543 
289 229 24 29 0.55986655 
840 474 12 14 0.47587222 
968 405 10 13 0.36063161 
578 153 18 20 0.35580054 
882 428 12 14 0.31246826 
421 280 35 39 0.28167024 
512 148 16 18 0.26435134 
867 462 11 15 0.25009808 
929 437 10 13 0.24352516 
762 19 17 21 0.21949367 
936 431 11 13 0.20221664 
981 419 10 13 0.19821751 
1007 421 12 15 0.19401816 
962 486 29 42 0.18966785 
345 590 13 15 0.17232329 
909 413 8 10 0.15365867 
878 555 48 72 0.15219839 
826 434 14 16 0.13804097 
1007 414 10 13 0.13606495 
1013 308 9 13 0.13550548 
1002 399 9 11 0.13328005 
255 179 26 29 0.13003777 
881 424 10 12 0.1283314 
989 398 8 10 0.12338128 
805 437 12 16 0.12187429 
852 252 18 20 0.118278295 
270 268 25 28 0.11805737 
670 453 13 14 0.11574137 
469 131 12 15 0.11558378 
966 400 9 11 0.111560814 
989 406 9 12 0.11128162 
893 511 13 16 0.10831176 
1001 404 9 11 0.107023224 
756 409 13 16 0.10687414 
905 413 8 11 0.10671592 
919 436 9 13 0.10088074 
285 171 12 14 0.095188275 
1005 406 9 11 0.0905888 
961 469 24 35 0.09054373 
514 153 20 25 0.08801126 
1001 382 9 11 0.0879622 
999 420 11 14 0.08736609 
932 442 12 16 0.084509246 
949 458 23 32 0.08094469 
959 537 44 85 0.07866235 
913 435 10 14 0.07776768 
810 55 40 50 0.07475372 
828 467 11 15 0.07374416 
926 415 8 10 0.07229929 
794 74 13 17 0.07117461 
540 245 33 41 0.06939778 
943 428 11 15 0.06512376 
579 288 18 22 0.065082744 
903 479 12 15 0.06405519 
956 415 13 16 0.06394765 
839 424 8 11 0.063710645 
496 670 11 13 0.06274598 
1002 389 10 12 0.06266561 
1010 426 12 17 0.06254365 
1015 406 8 13 0.061182212 
925 420 10 12 0.061102655 
964 390 8 11 0.060445294 
977 414 9 13 0.060347375 
643 298 14 16 0.05817013 
666 1 29 22 0.056889467 
290 301 19 22 0.056548618 
893 429 10 13 0.055346347 
805 431 10 14 0.05474216 
963 396 9 11 0.053388752 
233 233 13 17 0.053238824 
587 174 15 19 0.050557528 
744 9 34 33 0.049099468 
827 443 13 15 0.047985837 
504 287 26 40 0.047490723 
893 422 10 13 0.046242665 
523 276 25 31 0.046142817 
962 426 13 17 0.046047226 
251 303 32 38 0.045473054 
924 551 48 84 0.044820175 
814 436 11 16 0.04379863 
654 71 38 37 0.043593183 
318 203 12 16 0.043389685 
326 249 15 20 0.043337293 
820 505 16 20 0.043305468 
952 417 10 13 0.043155868 
351 615 17 20 0.042973366 
988 420 12 15 0.04248443 
715 22 12 14 0.042048763 
479 166 9 13 0.041044682 
904 391 7 10 0.04022844 
434 154 17 19 0.039845206 
873 415 8 11 0.03914393 
344 485 9 13 0.038711384 
995 515 13 18 0.038698096 
934 448 13 16 0.03821263 
922 415 7 10 0.03820469 
479 261 25 30 0.03809495 
910 472 11 14 0.037847947 
884 510 21 24 0.03768047 
983 427 11 16 0.037673365 
979 500 26 35 0.037574258 
988 412 10 12 0.037155356 
790 67 23 27 0.036924172 
547 218 15 20 0.03669564 
631 193 13 16 0.036470708 
678 0 23 17 0.036385436 
920 505 12 16 0.03637408 
988 435 11 15 0.035494313 
990 393 8 10 0.035417035 
687 455 11 12 0.035109777 
571 247 13 18 0.034705494 
526 258 34 38 0.034650795 
822 461 13 16 0.03405833 
454 274 18 23 0.03399638 
869 433 12 16 0.033125002 
831 423 10 12 0.032984205 
828 448 15 19 0.032958522 
835 468 19 24 0.032912698 
271 171 26 28 0.032805435 
518 666 10 12 0.032508053 
838 451 10 14 0.03213243 
413 606 18 20 0.03201627 
990 443 11 12 0.031294115 
985 393 9 10 0.031218003 
273 349 38 39 0.031083457 
804 444 15 20 0.03100507 
921 384 9 10 0.030843321 
815 577 54 57 0.03067384 
527 164 16 24 0.030504547 
877 428 20 22 0.030482614 
1016 400 8 11 0.030169295 
578 236 14 17 0.030158319 
612 444 15 19 0.030136857 
704 36 31 36 0.030100629 
960 367 8 10 0.03001289 
941 451 12 16 0.029793072 
730 4 33 32 0.029704554 
333 192 32 35 0.029522665 
269 299 27 30 0.029420884 
968 484 42 58 0.029329808 
783 422 11 15 0.029299969 
878 442 14 17 0.029189093 
895 415 9 11 0.029173527 
724 115 18 23 0.029012367 
817 445 23 28 0.028993892 
81 642 12 15 0.02890368 
537 661 8 12 0.028833888 
715 62 30 39 0.02873766 
926 398 9 12 0.028286492 
811 443 11 16 0.02798447 
648 28 43 52 0.027981909 
789 52 27 32 0.02769553 
586 283 16 22 0.02767317 
617 212 11 13 0.02757573 
526 200 14 18 0.027564313 
512 278 28 38 0.027493987 
620 447 14 17 0.027199453 
836 276 12 13 0.027007585 
964 401 19 23 0.02697097 
583 290 24 32 0.02689283 
936 422 11 13 0.026662981 
781 52 10 13 0.026619757 
754 21 24 31 0.026541045 
273 604 10 12 0.02635905 
510 169 19 22 0.026283806 
916 472 10 12 0.026274355 
808 503 13 17 0.02626913 
962 406 10 12 0.026099175 
540 419 10 12 0.026010023 
667 66 44 49 0.025963109 
964 460 13 18 0.025582558 
977 381 8 10 0.025150485 
1007 408 18 25 0.025149938 
307 235 14 19 0.025072504 
1006 446 12 14 0.024543662 
718 42 34 39 0.024490437 
942 380 9 12 0.02421384 
975 435 10 13 0.023974873 
824 422 10 13 0.023869356 
642 455 10 12 0.023790864 
864 483 11 15 0.023742184 
878 406 9 10 0.023661122 
698 405 23 34 0.023631552 
1010 303 9 13 0.023582974 
292 510 21 28 0.023552813 
651 308 12 15 0.023363091 
887 417 9 11 0.023240412 
898 544 33 59 0.023111667 
923 77 11 13 0.02310214 
974 401 8 10 0.023019407 
608 147 16 20 0.022898545 
866 431 9 13 0.022813344 
961 383 10 11 0.022725688 
263 162 47 58 0.022675427 
269 280 27 31 0.022548167 
927 437 20 25 0.022479335 
587 91 38 46 0.022456896 
636 293 16 19 0.022368643 
964 500 17 25 0.022353945 
725 24 33 35 0.022155242 
580 304 15 21 0.022106022 
999 446 10 13 0.022096986 
1003 480 19 34 0.021977164 
369 536 9 12 0.021964965 
274 184 28 34 0.021834413 
575 229 14 16 0.021812757 
282 166 22 28 0.021797642 
603 432 27 31 0.021783082 
837 491 13 18 0.021703674 
281 265 18 24 0.021509692 
960 359 8 10 0.021494994 
878 416 10 11 0.021456264 
826 461 18 24 0.02142683 
474 130 14 17 0.02131475 
1001 414 11 13 0.021314256 
522 296 16 21 0.021167086 
837 481 13 17 0.021100791 
344 595 23 29 0.021015795 
-50 229 178 261 0.02095955 
756 116 12 16 0.020917412 
307 200 25 30 0.020838046 
474 212 21 29 0.02081363 
916 579 36 61 0.0207902 
707 3 14 15 0.02065685 
365 240 15 22 0.02061109 
844 246 17 18 0.020534722 
712 25 30 36 0.020508373 
663 85 34 33 0.020445826 
943 459 14 20 0.020425353 
449 281 19 26 0.020345893 
457 499 11 16 0.020289116 
636 349 11 15 0.020252135 
873 420 9 12 0.020221125 
942 375 9 12 0.020182373 
296 348 40 38 0.020163635 
808 431 20 28 0.020162698 
764 406 10 14 0.02005786 
929 407 8 11 0.020047437 
