0_Parade_marchingband_1_355
74
563 83 29 46 0.99888366 
455 109 26 37 0.9969194 
689 102 42 54 0.9960532 
885 106 29 39 0.9956792 
815 176 31 41 0.99418604 
537 112 17 22 0.571493 
352 106 25 30 0.5706695 
342 111 28 34 0.28818047 
814 125 23 28 0.16607726 
963 109 11 16 0.13365349 
907 83 24 28 0.12978293 
139 53 13 16 0.1156107 
696 55 10 14 0.09475216 
983 164 13 15 0.09020701 
326 12 28 36 0.088368505 
533 86 9 11 0.07438138 
584 163 37 50 0.071924694 
205 61 13 18 0.07139013 
333 119 30 35 0.07115349 
331 113 48 58 0.06762033 
988 184 16 20 0.062017374 
464 167 38 48 0.054897845 
898 88 41 49 0.05458612 
513 153 15 19 0.05400739 
772 237 12 15 0.04898437 
429 126 8 11 0.048365634 
542 100 26 34 0.047800966 
959 102 19 27 0.047466144 
789 108 14 17 0.04277291 
338 128 18 21 0.042553734 
111 324 9 12 0.039613325 
810 81 13 17 0.03744942 
658 111 13 16 0.037033394 
422 119 10 13 0.03668217 
750 127 31 35 0.036510758 
965 62 13 18 0.036364112 
660 112 24 32 0.03631969 
161 37 11 14 0.0358306 
928 130 17 22 0.035767727 
379 124 12 15 0.03569396 
196 57 23 28 0.035263363 
120 301 8 9 0.0339085 
922 103 27 36 0.03384752 
125 84 15 19 0.03363936 
191 2 31 33 0.033153318 
423 124 11 15 0.0298913 
867 135 14 19 0.029849073 
549 88 29 37 0.02969718 
563 42 13 19 0.028875077 
106 303 7 9 0.028696617 
124 77 25 31 0.028570088 
981 160 20 26 0.027997632 
333 125 14 18 0.027941275 
408 162 12 17 0.027441815 
436 51 10 12 0.027347732 
136 47 12 15 0.026895585 
594 112 16 21 0.026274212 
590 105 29 33 0.025735948 
389 120 15 18 0.025284654 
196 77 15 20 0.024732942 
201 8 17 21 0.024490977 
336 136 12 16 0.024379654 
367 103 26 31 0.02310901 
126 301 8 9 0.022422269 
73 303 7 10 0.022219786 
530 97 23 30 0.022189103 
179 0 17 15 0.021869829 
429 120 10 11 0.021127561 
178 1 31 31 0.020805392 
777 104 25 31 0.020787463 
147 46 11 14 0.020286275 
117 51 11 14 0.020169996 
415 116 11 16 0.020125674 
327 129 13 16 0.020022132 
