0_Parade_marchingband_1_78
2157
725 134 8 11 0.8051762 
782 69 9 11 0.74241614 
698 468 9 12 0.690815 
464 142 8 9 0.6584871 
752 596 11 14 0.6101533 
908 572 9 11 0.5924092 
860 595 11 14 0.5796725 
977 567 7 10 0.5469659 
992 312 10 12 0.53911775 
863 95 11 13 0.5205321 
678 253 9 11 0.5121789 
647 479 8 10 0.50569224 
655 360 9 11 0.5000968 
680 93 8 11 0.48283246 
830 197 10 13 0.46247932 
750 215 9 12 0.46016487 
613 36 10 12 0.42106226 
290 167 10 11 0.41598314 
743 111 9 11 0.41141707 
914 30 11 13 0.404524 
700 591 10 14 0.40292656 
966 88 9 11 0.39729282 
442 126 7 9 0.38956946 
494 159 8 11 0.3833826 
525 37 8 11 0.3749907 
785 32 9 10 0.36382365 
961 188 8 11 0.36265123 
973 152 8 10 0.3577654 
724 283 10 13 0.35699174 
717 28 8 10 0.3447799 
534 126 7 10 0.34371912 
896 205 9 11 0.3370762 
877 135 9 10 0.3355638 
416 160 9 11 0.3337563 
686 167 8 9 0.3308507 
861 37 10 12 0.32365683 
709 197 8 10 0.32136115 
303 181 8 9 0.31613106 
253 93 8 10 0.31238723 
239 149 8 9 0.31016523 
576 205 9 10 0.30456507 
425 128 8 11 0.30414036 
851 76 11 14 0.30265364 
369 169 8 10 0.3026105 
206 190 8 11 0.29921812 
510 127 8 10 0.29887053 
841 150 8 10 0.29724497 
720 167 8 11 0.29492056 
127 341 13 17 0.29434815 
487 133 8 11 0.2942789 
786 94 8 11 0.29343042 
799 195 10 12 0.29274496 
558 96 8 11 0.28642514 
851 60 11 13 0.28232357 
878 157 8 10 0.28208426 
510 133 8 11 0.28205687 
373 173 7 10 0.28062055 
820 109 9 12 0.2798345 
304 160 9 10 0.2781079 
830 231 9 11 0.27648932 
642 142 9 11 0.27469072 
481 215 8 10 0.27362797 
581 200 8 11 0.27049324 
311 166 8 10 0.26954412 
399 191 8 10 0.26875106 
910 124 8 11 0.26841342 
391 159 8 11 0.26748228 
664 15 7 9 0.26209125 
559 152 8 10 0.26108435 
737 166 7 10 0.25697455 
940 109 10 12 0.25639904 
880 153 7 9 0.2527784 
640 13 8 10 0.25277135 
740 199 8 11 0.25128165 
835 32 14 16 0.25048476 
909 85 9 11 0.24915227 
686 141 8 11 0.24900371 
640 9 7 9 0.2488193 
287 126 8 11 0.24817102 
809 182 8 10 0.2449108 
758 207 9 11 0.24334843 
344 158 8 9 0.24280652 
1010 168 7 8 0.23978843 
810 120 9 11 0.23912439 
655 199 7 10 0.2375432 
625 144 8 11 0.23665425 
640 151 8 10 0.2363435 
599 117 8 10 0.23180495 
970 198 9 12 0.23173882 
655 191 8 10 0.22890997 
904 61 11 13 0.22427763 
936 232 8 10 0.22229297 
712 225 9 12 0.22221902 
695 190 7 10 0.22184744 
15 242 10 13 0.22120267 
589 343 7 9 0.22035007 
720 211 9 11 0.21970296 
696 490 8 12 0.21810694 
424 174 7 9 0.21806228 
917 77 8 11 0.21718065 
845 119 9 11 0.2166167 
828 588 9 13 0.21368329 
490 158 8 11 0.21170467 
167 121 8 10 0.21005432 
669 111 8 11 0.20904613 
328 292 11 13 0.20888872 
269 205 8 10 0.2088354 
270 126 7 9 0.20867144 
410 208 8 10 0.2076562 
551 214 7 9 0.20652726 
431 414 7 10 0.20625558 
1012 528 10 14 0.20602639 
929 200 7 10 0.20588532 
545 205 9 12 0.20550983 
898 320 8 10 0.20489803 
975 112 8 10 0.20358972 
704 263 9 12 0.20267737 
510 87 8 10 0.20247266 
1007 288 7 10 0.20184882 
980 628 10 13 0.20100488 
788 36 10 12 0.20091034 
774 53 10 13 0.20053071 
682 167 7 9 0.20052795 
934 236 10 13 0.19877142 
962 271 9 11 0.19860041 
546 200 8 10 0.19848134 
63 397 12 16 0.19671436 
806 247 9 12 0.19591855 
775 174 8 11 0.19590175 
560 180 8 11 0.19566731 
804 613 9 11 0.1933585 
878 206 9 12 0.19156954 
711 127 8 12 0.19152734 
913 35 13 15 0.19133839 
329 158 9 11 0.191118 
441 214 8 11 0.19055304 
294 160 10 11 0.18919668 
326 119 9 10 0.18865491 
432 190 8 10 0.18855081 
512 79 7 10 0.18842866 
263 169 9 10 0.18767366 
787 100 10 13 0.187615 
510 192 7 10 0.18578495 
450 143 7 10 0.18572326 
993 196 9 10 0.18508884 
992 606 13 19 0.18424262 
839 182 9 11 0.1836498 
940 104 9 11 0.18271227 
344 151 8 10 0.17917295 
606 190 7 9 0.17819822 
1001 142 8 10 0.1770736 
583 109 9 11 0.17600687 
969 151 9 11 0.17588872 
557 343 9 11 0.1750735 
876 196 9 12 0.17489794 
560 39 8 10 0.17451721 
333 165 9 11 0.17417678 
882 317 8 10 0.17413814 
528 150 8 10 0.17387733 
910 45 11 14 0.17381528 
458 167 6 9 0.17352839 
472 198 8 10 0.17297152 
710 486 8 10 0.1712142 
833 176 8 10 0.17056377 
327 150 8 9 0.17042524 
905 120 10 12 0.17007282 
391 164 8 11 0.16959642 
617 361 9 11 0.1695306 
440 208 7 9 0.16849251 
593 149 9 11 0.16812138 
690 16 7 9 0.1673278 
399 197 7 9 0.1665372 
918 308 10 12 0.1647684 
462 191 8 10 0.16258128 
625 112 8 10 0.1595939 
821 103 10 12 0.1588011 
687 137 7 10 0.15879698 
611 31 9 11 0.1583499 
573 120 8 10 0.15792187 
736 231 8 11 0.15760073 
900 587 13 17 0.15719888 
488 230 8 9 0.1567085 
384 151 8 9 0.15666978 
968 167 8 10 0.15661223 
446 216 7 9 0.1561126 
961 149 8 10 0.15601169 
745 24 9 12 0.15492465 
655 30 7 10 0.15374303 
694 206 8 10 0.15203996 
470 135 8 11 0.15176545 
688 160 8 11 0.15133889 
496 191 8 11 0.15051757 
469 80 8 11 0.15013401 
953 213 8 10 0.14956215 
846 110 10 11 0.14772992 
159 303 9 11 0.14570382 
447 221 7 9 0.14550546 
327 124 8 11 0.14507112 
458 199 8 10 0.14455515 
903 103 10 12 0.1443535 
843 126 9 12 0.14425312 
253 269 11 13 0.14256263 
641 136 8 11 0.14247997 
912 307 10 13 0.14221355 
840 213 10 13 0.14187807 
560 70 8 10 0.14073753 
574 125 7 10 0.14073505 
664 118 8 11 0.14026347 
703 53 8 10 0.1399955 
655 160 7 9 0.13934095 
591 174 8 10 0.13870305 
978 223 6 9 0.13845612 
606 7 8 11 0.13819467 
768 175 8 10 0.13815585 
988 125 11 13 0.1380471 
374 230 7 10 0.13779934 
576 183 7 9 0.13769315 
414 208 7 10 0.13761196 
806 190 9 12 0.13751954 
129 313 9 12 0.13730226 
966 189 8 10 0.13686797 
503 182 7 9 0.13648699 
511 216 8 11 0.13628167 
741 95 9 11 0.13623957 
408 213 8 10 0.13602918 
309 161 8 10 0.13562265 
573 155 11 13 0.13554935 
318 173 8 10 0.1355028 
977 136 7 10 0.13546903 
463 230 8 10 0.13530648 
710 263 10 12 0.13526154 
234 184 7 9 0.13519666 
605 167 8 10 0.13511832 
402 133 8 10 0.13467972 
511 120 8 10 0.13467023 
662 89 10 14 0.13451865 
549 207 8 11 0.13411911 
511 197 7 10 0.13411784 
808 152 8 10 0.13391854 
488 129 8 10 0.13387771 
407 184 7 10 0.13369133 
322 183 8 10 0.13333857 
189 192 7 10 0.13323304 
384 104 8 11 0.13149212 
941 136 8 10 0.13070741 
886 152 7 9 0.13023207 
502 207 9 11 0.13011104 
750 28 8 11 0.12993486 
598 144 9 11 0.12988701 
569 176 8 11 0.12965928 
807 176 9 11 0.12927218 
909 52 9 12 0.12894355 
486 142 8 10 0.12852705 
470 85 8 10 0.12820227 
944 151 7 10 0.12818259 
544 152 7 10 0.12771448 
370 229 8 11 0.12762336 
824 118 9 12 0.12730336 
933 327 9 11 0.12725802 
560 157 8 10 0.12716103 
433 149 8 10 0.12698986 
902 609 12 15 0.12654087 
368 143 7 9 0.12616871 
698 23 6 8 0.12501906 
542 183 8 9 0.12491561 
726 189 9 11 0.12486117 
302 258 14 18 0.12467234 
386 158 8 11 0.12466058 
601 206 8 10 0.124445185 
898 325 9 11 0.12416248 
678 260 11 14 0.12408051 
673 168 7 9 0.12399748 
263 136 7 10 0.12353658 
684 237 9 11 0.12343147 
728 129 9 12 0.12331327 
863 33 8 11 0.123138696 
910 142 7 10 0.122744024 
790 119 8 10 0.12259816 
831 192 10 12 0.122064 
271 142 8 10 0.121986404 
553 135 8 10 0.12170623 
601 113 7 10 0.12140118 
966 184 9 11 0.12125472 
874 191 9 12 0.12121943 
769 158 8 10 0.12067611 
944 169 8 11 0.120526366 
727 158 9 11 0.1204171 
934 199 8 11 0.12004086 
432 168 7 9 0.11939401 
896 212 10 12 0.11935378 
625 17 7 8 0.11910483 
782 135 8 11 0.11894081 
324 310 11 14 0.1181633 
986 151 8 10 0.117418736 
719 14 7 10 0.116239466 
447 86 8 10 0.11615681 
689 206 9 11 0.11609146 
43 439 14 18 0.115998365 
919 118 8 11 0.11583969 
583 30 9 11 0.11542297 
288 171 9 11 0.11539504 
840 252 10 12 0.11530784 
165 292 9 10 0.11520884 
560 87 7 9 0.11510345 
488 112 7 9 0.114882454 
646 136 7 10 0.11461067 
269 70 9 12 0.11429545 
937 188 8 11 0.11400655 
210 196 7 10 0.11376793 
986 349 8 11 0.11375386 
767 151 8 11 0.1134662 
873 223 8 10 0.11342272 
336 215 9 12 0.11321326 
829 125 9 11 0.1131765 
512 221 8 11 0.11299952 
679 98 10 12 0.11290636 
457 175 7 9 0.112718605 
632 117 8 10 0.11232005 
694 15 7 10 0.112291574 
680 249 10 12 0.11217019 
553 176 8 10 0.11198275 
768 138 8 10 0.11177284 
567 157 9 12 0.11155626 
841 262 9 12 0.1114616 
860 42 12 14 0.111296214 
477 168 9 10 0.11114532 
540 471 9 11 0.11049486 
975 141 8 10 0.109483935 
569 124 9 11 0.10947253 
687 172 8 11 0.10914371 
913 80 9 11 0.10896527 
846 183 9 11 0.108679764 
495 152 8 9 0.10854026 
583 23 8 10 0.10842934 
239 200 8 9 0.10837414 
446 135 8 10 0.107849665 
839 188 8 11 0.107792296 
124 335 27 33 0.10773279 
962 87 9 11 0.10771864 
432 144 7 9 0.10758009 
726 151 8 10 0.10682332 
878 141 8 9 0.10647569 
374 183 8 10 0.106153674 
664 124 9 10 0.106114894 
701 475 10 12 0.1059101 
383 144 8 9 0.10577724 
684 246 10 13 0.105490886 
680 125 8 10 0.105312735 
775 136 9 10 0.10527996 
199 208 7 9 0.10518867 
672 253 11 13 0.1040344 
617 199 9 10 0.1035568 
839 156 9 11 0.103344604 
702 48 7 10 0.103306055 
552 165 8 10 0.10305452 
952 208 8 10 0.1029717 
726 199 7 9 0.10290075 
368 150 8 10 0.1025691 
738 172 7 10 0.1025187 
720 8 8 9 0.102462396 
632 158 8 10 0.10210475 
680 89 7 10 0.102036744 
6 476 12 18 0.101451874 
247 268 12 15 0.101051934 
703 175 8 11 0.100973465 
235 200 7 9 0.10075396 
734 160 7 10 0.100699425 
215 198 7 9 0.10047459 
758 168 8 11 0.10046411 
638 155 8 11 0.10041057 
953 121 9 11 0.10011629 
904 91 10 12 0.1000055 
672 23 7 9 0.099965565 
719 159 9 12 0.09950216 
394 191 7 10 0.09942034 
929 215 8 11 0.09941434 
681 232 8 10 0.09927784 
721 190 8 11 0.098632075 
847 144 8 10 0.098545395 
229 280 12 15 0.09853771 
512 206 8 10 0.09796128 
828 120 9 11 0.097937964 
838 177 8 10 0.09766318 
462 223 8 9 0.09760413 
705 126 9 11 0.097569235 
441 122 8 10 0.09727508 
690 191 8 10 0.09721991 
904 201 8 10 0.09717403 
902 204 10 12 0.09714211 
55 387 11 13 0.0969631 
334 255 8 11 0.09695548 
271 214 9 11 0.09666502 
623 95 9 10 0.09663404 
583 134 8 10 0.09656539 
656 205 8 10 0.096322335 
662 182 8 11 0.09590195 
766 141 8 10 0.09569259 
544 158 8 10 0.09538361 
374 135 7 9 0.09503999 
727 214 9 11 0.09485061 
345 177 7 9 0.093754545 
231 166 7 9 0.09367258 
327 191 8 10 0.09330171 
768 167 8 10 0.09327265 
399 224 8 10 0.09324232 
161 293 10 12 0.09313781 
810 142 8 10 0.0929814 
472 216 7 9 0.09271066 
218 159 6 8 0.092687614 
479 221 9 10 0.09257351 
439 159 7 9 0.09256021 
406 129 8 10 0.09255902 
893 232 8 10 0.09245544 
172 553 13 18 0.09235521 
433 208 8 9 0.092306495 
689 198 9 10 0.09198808 
509 94 8 9 0.09184142 
697 183 7 11 0.09163596 
710 282 11 14 0.0913745 
774 206 11 13 0.091350034 
734 128 8 11 0.09084787 
936 144 8 9 0.09084125 
713 166 7 10 0.09078017 
934 32 10 12 0.09064917 
594 118 8 10 0.09054272 
687 112 7 10 0.09046711 
29 125 9 11 0.090403885 
629 112 8 11 0.090345144 
664 316 11 14 0.09012099 
885 312 8 11 0.089863375 
754 167 8 11 0.08983559 
504 102 7 9 0.08946695 
512 160 9 11 0.089464 
944 253 9 11 0.0892256 
423 167 8 10 0.089175776 
781 140 8 10 0.088889755 
650 198 8 10 0.08881226 
161 206 7 9 0.08865712 
633 23 7 10 0.08865607 
728 184 8 10 0.08862895 
262 108 9 11 0.08847582 
351 176 8 9 0.088411905 
696 120 8 10 0.08838647 
928 246 8 9 0.08831891 
567 111 8 10 0.088300616 
302 141 8 10 0.0882742 
529 120 9 11 0.08819934 
360 166 9 11 0.08809879 
472 103 9 11 0.08801608 
656 88 9 12 0.08799444 
497 183 8 11 0.08783879 
1015 142 7 10 0.087788306 
606 184 7 9 0.08771071 
705 192 9 11 0.08752051 
702 181 9 10 0.087235995 
725 206 9 11 0.08719005 
863 206 8 10 0.087152645 
878 212 9 11 0.08699543 
601 7 9 10 0.08693321 
943 337 7 10 0.08688089 
665 10 8 9 0.08682067 
705 133 9 11 0.086784564 
758 191 9 12 0.08674753 
935 149 8 11 0.086464986 
390 134 8 10 0.08636071 
417 231 7 9 0.0863014 
710 53 8 10 0.086292565 
874 158 9 10 0.086173415 
899 594 14 18 0.086125575 
696 30 8 10 0.08604118 
457 104 7 10 0.08569407 
383 238 7 9 0.08558708 
839 248 9 11 0.08543291 
502 176 8 11 0.08535866 
975 173 8 11 0.08528355 
593 191 7 9 0.085276574 
812 124 9 12 0.08490914 
551 160 8 10 0.08486324 
904 148 9 10 0.08478676 
400 128 9 12 0.084648505 
601 183 7 10 0.08459219 
481 69 10 12 0.084272295 
449 148 8 10 0.08426269 
774 115 9 12 0.083906546 
510 141 8 9 0.08386915 
784 151 9 12 0.08361393 
615 54 9 10 0.08361251 
471 206 8 10 0.08355895 
551 119 8 9 0.08345321 
743 85 11 13 0.08343709 
328 145 8 10 0.0833783 
790 208 10 12 0.083188 
632 150 8 11 0.08317912 
950 167 8 11 0.08296349 
488 193 9 11 0.082821675 
552 127 7 9 0.082735114 
925 119 8 11 0.08246235 
282 134 7 10 0.08242429 
706 168 7 8 0.08216319 
605 13 8 10 0.08215912 
692 160 9 10 0.08205561 
682 149 9 11 0.08182242 
470 233 8 10 0.08176609 
680 135 9 11 0.08152718 
313 171 9 11 0.08126385 
463 198 7 10 0.08125177 
600 173 8 11 0.081232116 
266 78 8 11 0.08102613 
530 133 8 10 0.081016175 
529 54 7 10 0.08088359 
890 232 7 10 0.08087026 
760 197 9 11 0.08061576 
841 145 8 11 0.08061006 
182 241 7 9 0.07990768 
950 288 7 9 0.07989724 
658 174 8 11 0.0798468 
824 215 9 12 0.07984091 
1002 293 11 13 0.07966516 
737 100 11 13 0.07958158 
584 16 8 10 0.07946428 
263 141 8 9 0.07940381 
959 144 8 11 0.07936254 
463 448 9 11 0.07907508 
453 183 9 11 0.078937165 
625 167 7 10 0.078876086 
775 231 8 10 0.07868624 
296 152 9 11 0.078664705 
937 333 9 12 0.078637995 
997 575 9 13 0.07851766 
416 127 8 10 0.07833895 
506 95 7 10 0.078330554 
568 206 7 10 0.07825167 
945 248 8 11 0.07824772 
439 175 7 9 0.078161374 
693 326 8 12 0.078057684 
822 152 8 10 0.0779921 
465 184 8 10 0.077935755 
269 65 8 9 0.07773565 
389 110 8 10 0.07771727 
718 37 8 11 0.07758922 
624 101 8 10 0.07749557 
529 145 7 9 0.07733236 
665 254 9 12 0.07726906 
809 135 9 12 0.07726318 
855 496 10 14 0.0772441 
864 87 11 14 0.077111036 
190 197 7 9 0.07700977 
912 189 8 11 0.076898105 
583 142 7 9 0.076603904 
472 192 7 9 0.07649623 
369 136 8 10 0.07647646 
456 160 7 8 0.07634077 
520 44 8 11 0.076295 
318 302 10 12 0.07612923 
727 230 10 13 0.07593407 
958 319 8 11 0.07579883 
733 214 9 12 0.07578724 
247 159 8 10 0.07571222 
789 151 8 11 0.075460546 
458 231 8 10 0.07537329 
440 220 8 10 0.07512241 
607 143 9 10 0.07509625 
958 215 7 9 0.07508602 
640 208 8 9 0.07488445 
673 30 7 10 0.074665114 
1006 190 8 11 0.07445471 
1000 180 8 11 0.07445234 
974 189 8 11 0.074419156 
223 185 8 10 0.07430457 
753 191 10 11 0.07415924 
857 32 10 12 0.07412644 
914 167 8 11 0.07392677 
970 157 9 11 0.0738755 
534 134 8 10 0.07386239 
463 111 8 9 0.073861845 
472 109 8 10 0.073697865 
463 118 8 10 0.073546596 
848 69 13 16 0.07317329 
729 118 8 10 0.0731399 
472 158 7 9 0.07297704 
457 223 7 9 0.07274911 
287 131 9 12 0.07274136 
538 494 24 33 0.07244509 
629 143 7 10 0.07243983 
285 200 10 13 0.07238663 
574 176 7 9 0.07231437 
856 151 7 10 0.07225751 
505 120 7 10 0.07218876 
974 183 8 10 0.07213615 
865 143 7 10 0.07210206 
937 297 8 10 0.07198142 
606 128 9 10 0.07188673 
271 183 8 10 0.07185692 
201 165 8 11 0.07176882 
846 150 7 10 0.07169475 
605 134 9 10 0.071689636 
490 165 9 10 0.07167872 
920 220 8 11 0.07163729 
618 183 9 10 0.0715629 
753 210 9 11 0.07149504 
646 149 7 10 0.07144373 
397 168 7 9 0.07138177 
328 174 8 10 0.07137664 
94 247 9 12 0.071371 
112 232 9 11 0.07136782 
936 168 7 9 0.07119257 
487 118 7 9 0.07113771 
479 208 7 9 0.07106685 
386 135 8 10 0.07100331 
397 159 8 10 0.07090477 
625 70 9 11 0.07077214 
520 186 9 10 0.070706226 
245 176 9 11 0.07054751 
552 142 8 10 0.07047449 
905 143 8 10 0.070417374 
368 224 8 11 0.07031192 
907 585 13 16 0.07017523 
558 134 8 10 0.07010418 
465 216 7 10 0.07006297 
830 223 9 12 0.070031166 
718 228 9 12 0.07000446 
390 182 8 11 0.0699518 
510 480 9 11 0.06994164 
246 200 7 10 0.06989951 
504 197 7 10 0.06981555 
421 160 8 9 0.06976941 
920 200 9 12 0.06976904 
638 126 8 10 0.06972843 
165 256 9 11 0.06948289 
376 158 7 9 0.069443785 
744 135 7 9 0.06936719 
695 136 8 11 0.06905488 
814 208 8 12 0.06903364 
408 103 8 10 0.06900374 
713 160 8 11 0.06888395 
678 183 8 10 0.06886275 
1014 205 8 12 0.06884266 
395 197 7 10 0.068829104 
650 191 7 10 0.06881636 
784 206 8 12 0.06868536 
930 240 9 12 0.068592645 
408 149 7 10 0.06851255 
1000 360 9 12 0.06844839 
113 38 8 11 0.068232246 
957 207 9 10 0.06813091 
697 125 9 10 0.0681019 
457 191 8 10 0.06798097 
1013 244 8 12 0.06787069 
751 238 8 10 0.067825295 
329 166 9 11 0.06773151 
999 196 8 11 0.06768906 
433 185 7 9 0.067671284 
829 263 8 11 0.06754386 
358 112 8 10 0.06753144 
880 326 8 10 0.0674943 
487 223 7 10 0.067482084 
952 336 7 10 0.06742198 
680 120 9 10 0.06741758 
633 30 7 10 0.067408696 
985 208 7 10 0.06740019 
749 62 9 11 0.0673959 
650 31 8 10 0.06732189 
584 104 9 11 0.067141056 
836 231 9 11 0.06709029 
724 292 11 16 0.06700195 
265 200 8 11 0.06684764 
733 223 9 11 0.06666234 
465 206 8 10 0.0666604 
743 126 8 11 0.06639454 
250 116 9 11 0.06631547 
976 334 8 11 0.06631022 
750 38 9 11 0.066229686 
679 266 10 13 0.06613619 
494 127 8 10 0.06611422 
352 167 8 10 0.066028945 
543 191 9 10 0.065906584 
376 189 7 9 0.06584452 
658 183 8 12 0.065831944 
846 263 8 11 0.06564355 
269 76 9 11 0.065558776 
861 78 9 11 0.06553577 
438 167 8 9 0.065346695 
322 118 8 11 0.06524351 
943 142 7 9 0.06514697 
477 173 8 10 0.0651083 
294 173 9 11 0.0649816 
950 174 8 9 0.06497442 
202 185 8 10 0.06486125 
957 119 8 10 0.06474328 
647 206 8 10 0.06469718 
690 8 8 9 0.0646168 
440 100 9 11 0.06457092 
297 142 8 10 0.06452309 
952 136 7 9 0.06446438 
745 15 7 9 0.064414166 
673 184 8 10 0.06432806 
742 232 8 10 0.06431974 
281 174 8 10 0.06430251 
401 185 8 10 0.06411635 
774 59 13 15 0.0641045 
711 49 8 10 0.06390545 
730 222 8 11 0.06383789 
578 214 8 10 0.06383281 
840 207 9 11 0.0638232 
462 174 7 9 0.063822314 
534 120 8 10 0.06375833 
482 119 7 9 0.06373525 
703 485 11 13 0.06371455 
725 173 8 11 0.06365546 
910 205 8 11 0.063653186 
673 189 8 10 0.06360105 
616 43 9 11 0.063568555 
295 134 8 10 0.06349515 
864 151 7 10 0.063044235 
223 207 6 8 0.06298822 
442 69 8 11 0.06294417 
938 300 8 11 0.062862545 
589 464 10 13 0.06242098 
343 146 9 10 0.062375337 
663 21 8 10 0.062341653 
846 175 9 10 0.062325325 
721 110 7 10 0.062246427 
19 240 14 17 0.06218839 
450 184 8 10 0.062128484 
943 301 8 11 0.061946027 
552 221 7 9 0.06153845 
958 197 10 11 0.061533928 
985 214 7 10 0.061459225 
738 108 10 14 0.06143369 
586 230 8 11 0.061427485 
926 125 7 10 0.06127362 
335 275 11 14 0.06122016 
544 177 8 9 0.06118939 
317 293 11 14 0.061119497 
725 167 8 11 0.060911395 
801 174 8 11 0.060887437 
558 65 7 10 0.06084148 
734 183 9 11 0.060804527 
625 88 8 10 0.0607971 
887 325 7 10 0.06074562 
434 223 7 10 0.060698677 
903 80 9 11 0.060605172 
937 174 7 10 0.060356468 
478 103 8 9 0.06028594 
445 208 8 10 0.060237795 
981 366 7 10 0.060223598 
1005 142 8 10 0.060135685 
862 89 19 23 0.060093407 
568 200 7 10 0.06001552 
139 547 13 18 0.059953306 
775 168 7 10 0.059826415 
456 204 8 10 0.059764247 
407 144 8 10 0.05968164 
486 215 7 10 0.05959441 
504 192 8 10 0.059553217 
931 144 7 9 0.059480034 
238 183 8 10 0.059319757 
88 123 12 16 0.059293434 
337 230 9 11 0.059185077 
822 157 8 11 0.059151273 
750 134 8 10 0.05912855 
801 263 9 11 0.059013743 
354 117 8 11 0.05891787 
656 166 7 10 0.058890536 
631 16 8 9 0.058800347 
633 126 8 10 0.05873323 
410 166 8 10 0.05871839 
832 246 8 11 0.058691237 
718 239 8 11 0.05859661 
952 342 8 10 0.05858712 
886 124 8 10 0.058561936 
226 166 6 9 0.058470547 
814 135 8 11 0.058462646 
768 180 8 10 0.058452804 
1013 172 8 11 0.058445208 
919 184 9 12 0.058400646 
614 62 9 10 0.05834319 
517 159 8 10 0.058334414 
320 149 8 11 0.058309853 
688 31 8 10 0.05827155 
150 545 16 18 0.058237575 
665 222 7 10 0.058205053 
349 159 8 9 0.058203083 
384 233 7 9 0.058169097 
473 221 8 9 0.058159694 
206 185 7 10 0.058107123 
943 117 9 11 0.058079157 
552 44 9 12 0.058025558 
360 125 8 10 0.05800564 
535 142 8 9 0.0579096 
110 179 10 13 0.05785299 
338 183 7 10 0.05781457 
28 142 9 12 0.057813197 
615 149 8 11 0.057797167 
359 118 8 11 0.05771024 
194 150 7 10 0.0576837 
504 86 9 12 0.057671692 
977 367 9 10 0.0575211 
334 143 8 10 0.05751299 
959 105 8 10 0.057485633 
461 168 8 10 0.057482503 
702 119 9 11 0.057434354 
513 55 8 11 0.05743014 
744 142 10 11 0.05698621 
209 214 7 9 0.05694181 
-1 487 21 44 0.056838926 
269 167 8 9 0.05681183 
415 150 8 9 0.05668743 
626 159 8 9 0.056549713 
997 316 8 11 0.05653454 
545 143 6 9 0.056176268 
304 127 8 10 0.056164358 
154 239 9 11 0.056064725 
879 175 9 11 0.056063022 
687 212 9 12 0.055970892 
926 220 9 11 0.05581774 
879 128 9 10 0.055756155 
933 244 10 11 0.055740435 
7 472 44 60 0.055736877 
872 329 8 11 0.055686977 
982 190 9 10 0.05567868 
1015 91 9 13 0.05549679 
401 215 8 9 0.055317417 
464 473 18 20 0.055269483 
584 168 8 11 0.05513382 
416 184 8 9 0.055062767 
553 151 8 11 0.055033326 
847 198 9 11 0.05500591 
535 103 7 10 0.054980434 
192 208 8 9 0.054895297 
457 93 8 11 0.05487397 
454 143 9 9 0.054844145 
978 623 10 13 0.054822065 
825 221 10 12 0.054798692 
630 166 7 10 0.054743655 
497 196 8 10 0.054717816 
375 237 8 11 0.054569155 
671 126 9 10 0.054411326 
793 190 10 13 0.054366853 
165 303 10 12 0.05434398 
480 111 7 9 0.05430677 
343 181 8 10 0.054095015 
266 119 9 11 0.054068614 
670 479 8 11 0.054061912 
737 203 9 12 0.05404153 
847 133 8 10 0.053963117 
931 149 7 10 0.053910643 
433 56 6 10 0.05382695 
703 60 9 13 0.053809766 
293 205 15 18 0.053781033 
671 173 8 10 0.053776458 
129 334 47 56 0.05371544 
290 160 9 12 0.0537024 
953 237 8 11 0.05370166 
905 135 9 11 0.053431045 
177 239 7 9 0.053358212 
399 152 8 10 0.053160466 
697 175 7 10 0.05297968 
656 25 7 9 0.052977517 
672 134 8 11 0.052891627 
725 140 8 11 0.052853644 
615 88 8 10 0.05284256 
847 103 9 12 0.052840315 
351 181 8 10 0.052783497 
328 196 9 11 0.052749462 
353 112 8 11 0.05270451 
526 33 9 11 0.052620545 
981 223 8 10 0.052581966 
415 144 8 11 0.05253088 
174 289 8 10 0.052469254 
565 72 7 10 0.05246635 
326 246 9 12 0.052407198 
571 590 15 20 0.05237539 
705 222 9 12 0.05236132 
837 237 9 11 0.052314974 
208 237 8 11 0.05227914 
958 136 7 9 0.052275885 
464 149 8 10 0.05224004 
698 47 7 10 0.052210487 
893 245 10 12 0.05219894 
671 87 8 11 0.05202692 
166 207 7 9 0.05196045 
470 183 8 10 0.05181861 
507 126 7 10 0.05165154 
457 118 9 10 0.051633347 
560 207 9 11 0.051632226 
205 167 7 9 0.051556233 
679 31 7 10 0.051463615 
583 36 9 11 0.05144635 
747 221 8 11 0.051424395 
199 160 8 10 0.051374156 
391 152 8 9 0.05136282 
847 167 8 10 0.051307507 
94 69 23 30 0.05125433 
873 152 8 10 0.051112212 
616 118 7 9 0.05109011 
933 204 10 12 0.05094177 
694 199 8 10 0.050934847 
672 79 7 8 0.05092538 
445 120 9 10 0.050922256 
607 23 8 11 0.050919868 
622 229 8 10 0.05079047 
941 188 10 13 0.050733145 
605 206 8 11 0.05062074 
816 157 8 12 0.050575912 
951 183 8 10 0.050571464 
924 308 9 12 0.05051386 
841 111 11 12 0.050494827 
988 597 14 18 0.05044878 
766 223 8 11 0.05043832 
543 37 8 11 0.050424404 
1006 198 8 10 0.050361536 
270 175 7 9 0.050343968 
272 189 9 11 0.050330583 
431 61 6 9 0.05028892 
720 183 8 11 0.05017402 
1013 254 8 12 0.05011203 
969 111 8 10 0.049880706 
432 79 7 10 0.049852747 
554 100 8 11 0.049843602 
853 246 9 12 0.049772877 
984 143 7 9 0.049730033 
398 173 8 10 0.049631402 
848 53 12 16 0.049559366 
424 209 8 9 0.04950385 
567 151 8 12 0.049365904 
990 131 9 12 0.049257543 
931 263 8 9 0.04917773 
649 24 7 9 0.04915519 
912 215 7 9 0.0491171 
529 102 8 11 0.04909341 
600 190 9 11 0.049063522 
607 112 8 10 0.049040385 
766 198 8 11 0.04895688 
688 78 7 9 0.04894516 
951 232 8 10 0.04893373 
905 47 9 13 0.048825316 
265 181 8 11 0.048806462 
845 207 10 12 0.048721064 
375 128 7 9 0.0486656 
887 157 8 9 0.04862429 
495 119 7 9 0.04861606 
590 168 10 13 0.048602235 
639 31 7 10 0.048588876 
670 223 7 10 0.0485816 
625 63 8 10 0.048570465 
807 239 8 11 0.048561636 
537 191 8 10 0.048504323 
488 151 8 11 0.04847403 
712 254 11 14 0.04840026 
545 212 9 11 0.048384853 
696 38 7 9 0.04836396 
887 171 10 12 0.048308704 
905 310 8 11 0.04822641 
496 85 9 11 0.048224155 
638 22 8 11 0.048206188 
614 4 10 12 0.048196647 
942 231 9 11 0.048185207 
438 151 7 9 0.04805804 
928 167 8 10 0.04804123 
191 213 8 10 0.04801901 
1000 85 10 11 0.047976717 
414 104 8 11 0.047936685 
616 144 8 10 0.04789784 
968 173 9 11 0.047829013 
513 111 8 9 0.04770706 
683 159 8 12 0.047613554 
982 81 9 10 0.047580205 
511 103 7 9 0.047514662 
655 136 6 9 0.047505967 
847 246 9 13 0.0474795 
680 71 7 9 0.04746985 
895 221 8 10 0.047465395 
750 16 8 9 0.047420226 
679 39 7 8 0.047371242 
988 120 10 11 0.04711175 
936 158 8 11 0.047101647 
346 94 9 11 0.047095176 
559 77 8 10 0.047083624 
693 166 8 10 0.047063056 
768 212 8 11 0.047036234 
423 184 7 9 0.047028888 
457 110 8 9 0.046992593 
991 157 7 9 0.04698189 
788 52 13 15 0.046895154 
366 118 8 10 0.046856117 
773 157 9 11 0.046855126 
925 303 8 11 0.046827074 
223 160 7 9 0.04675026 
767 114 12 15 0.046733133 
621 364 9 11 0.04665042 
775 199 10 12 0.046599127 
440 63 8 10 0.04658401 
238 189 7 9 0.046474133 
519 166 9 12 0.046442315 
857 276 11 13 0.046398494 
463 104 8 10 0.046363994 
703 215 7 9 0.04635142 
872 127 8 11 0.04625093 
910 109 9 11 0.046211507 
216 153 7 9 0.04620667 
686 150 8 10 0.046164412 
989 213 8 11 0.04615488 
578 30 10 12 0.046090014 
293 199 13 15 0.046055097 
865 117 8 10 0.045994226 
640 72 7 9 0.045964096 
873 205 9 12 0.045919854 
839 281 10 12 0.045916654 
592 5 9 11 0.045898106 
258 167 8 10 0.04588254 
590 30 8 11 0.045825876 
1013 115 9 13 0.04580015 
1006 135 8 10 0.045606427 
497 14 8 11 0.045585923 
896 191 8 10 0.045573402 
387 165 8 10 0.045570157 
950 246 9 12 0.045534253 
424 62 7 10 0.045506727 
776 48 9 11 0.045450956 
701 24 7 9 0.04544776 
496 214 7 9 0.045445926 
578 22 9 11 0.04543344 
322 124 9 12 0.045414433 
82 377 14 19 0.045336355 
56 192 8 11 0.045318134 
215 252 10 11 0.04530127 
582 215 8 10 0.04528547 
564 38 8 11 0.04526943 
335 119 9 10 0.045243528 
920 216 8 10 0.04523487 
687 87 8 11 0.045227453 
789 220 11 13 0.045188427 
326 112 8 10 0.045030765 
480 229 9 11 0.044994935 
832 132 9 11 0.04498975 
1014 159 8 11 0.044967096 
255 205 8 10 0.0449586 
577 143 8 9 0.044950396 
133 553 17 22 0.04493629 
684 266 10 14 0.044933468 
1000 136 9 11 0.044911962 
336 136 7 9 0.04489548 
342 127 8 11 0.04488212 
480 94 7 9 0.04488137 
677 190 8 10 0.044802964 
559 128 8 10 0.04478862 
762 151 8 11 0.04474974 
686 118 8 11 0.044726245 
681 173 8 10 0.04470788 
1013 291 9 12 0.044680957 
617 190 9 10 0.04464391 
776 150 10 12 0.044623278 
980 636 11 14 0.04461928 
447 167 7 9 0.044599764 
579 78 8 9 0.044591673 
678 24 7 8 0.04454817 
910 199 9 11 0.044511452 
173 568 40 49 0.044464163 
391 175 8 10 0.044444654 
510 72 8 9 0.044440683 
152 531 13 17 0.044431236 
670 247 12 14 0.04437844 
1009 255 8 12 0.044236794 
175 231 7 10 0.044236656 
321 113 8 9 0.04420151 
601 20 9 12 0.044085138 
241 219 9 12 0.044062596 
335 191 8 10 0.044031896 
802 270 10 12 0.04389793 
622 189 9 10 0.043888766 
750 44 9 10 0.043883532 
446 102 8 11 0.04385616 
591 111 8 10 0.043813277 
620 593 17 23 0.043766115 
864 157 7 10 0.043741774 
585 173 8 11 0.04366267 
538 184 7 9 0.043642133 
944 126 8 10 0.04360927 
471 152 7 9 0.043599892 
877 254 8 11 0.04356654 
535 151 8 10 0.04355512 
425 71 7 9 0.043483105 
386 182 8 10 0.043441314 
222 223 9 11 0.043383036 
489 175 9 10 0.043379854 
433 214 8 10 0.04331313 
559 165 8 10 0.04325287 
175 215 7 9 0.043204688 
520 151 7 9 0.04318874 
777 36 9 11 0.043179058 
933 213 8 11 0.043150395 
270 160 9 10 0.04314036 
663 175 8 11 0.04309307 
513 45 8 10 0.04305564 
248 112 9 12 0.042958297 
703 111 8 10 0.042899445 
624 20 8 11 0.0428838 
432 238 7 10 0.042829733 
670 8 8 9 0.042777352 
657 37 7 9 0.042762253 
185 207 8 10 0.04271372 
373 225 8 9 0.042601664 
520 171 9 11 0.042557422 
169 238 8 11 0.042540193 
561 554 10 14 0.042472586 
717 246 9 11 0.04234843 
495 175 9 11 0.04225449 
825 245 9 11 0.042248834 
480 192 8 11 0.042120807 
718 253 9 12 0.04210575 
303 187 10 12 0.042087488 
912 69 10 13 0.042015128 
7 472 19 28 0.04199779 
828 98 11 13 0.041978728 
902 66 11 13 0.041977193 
165 145 11 13 0.04193684 
615 112 8 11 0.0419318 
816 151 7 10 0.04191071 
325 300 10 13 0.041881356 
577 134 8 9 0.041842155 
213 238 8 11 0.041819293 
813 175 8 10 0.041788884 
800 181 9 12 0.041776016 
909 136 8 10 0.041769955 
510 485 10 12 0.041756917 
416 121 8 9 0.041738447 
482 135 8 10 0.041733183 
1000 148 7 10 0.041714445 
918 167 8 10 0.04167631 
591 71 8 11 0.041657764 
340 214 8 12 0.041613556 
424 213 7 10 0.04155109 
662 141 9 11 0.041506547 
807 222 8 10 0.04146051 
863 109 9 12 0.041456718 
457 237 8 11 0.04145652 
518 223 8 10 0.04143602 
943 207 9 10 0.041417886 
534 110 9 10 0.04140881 
920 248 7 9 0.041387983 
447 230 8 10 0.04137246 
230 231 8 11 0.041284423 
495 112 8 9 0.04128169 
498 208 8 10 0.04125091 
237 277 10 14 0.04124334 
181 164 11 14 0.041231528 
719 69 8 11 0.04117743 
983 343 9 12 0.041141752 
983 135 8 11 0.041134264 
185 78 9 11 0.041131154 
783 88 10 14 0.04112612 
634 261 9 11 0.04108761 
495 223 7 9 0.04100035 
454 87 8 11 0.04096095 
826 235 10 13 0.04093284 
703 275 10 14 0.04089095 
283 198 20 25 0.040850703 
854 400 8 10 0.04083899 
265 160 9 10 0.040818658 
632 55 8 11 0.04077183 
567 89 8 10 0.040769674 
790 109 9 12 0.04075221 
303 136 8 10 0.040743295 
967 327 9 12 0.04072135 
952 220 8 11 0.040538922 
520 32 10 13 0.040457606 
116 166 9 11 0.040439483 
897 135 8 10 0.040431503 
758 231 9 11 0.040374473 
973 202 9 12 0.040365044 
722 197 8 10 0.040350266 
688 182 9 11 0.040305912 
259 135 8 11 0.04021212 
231 161 7 10 0.040210716 
298 180 8 11 0.04016898 
328 251 10 13 0.04009863 
241 175 8 11 0.040092003 
176 93 11 14 0.040074103 
505 214 8 10 0.04006725 
90 104 8 10 0.04001124 
582 183 7 10 0.039995898 
424 433 25 31 0.039944336 
207 232 8 10 0.0398109 
841 131 9 11 0.03979649 
17 492 48 65 0.039796207 
912 246 6 9 0.039785076 
669 118 9 10 0.039783653 
640 38 7 10 0.039680794 
998 159 8 9 0.039670534 
649 159 8 10 0.0396612 
791 166 8 11 0.03961042 
716 310 10 12 0.039589904 
872 254 9 11 0.039519303 
177 555 14 18 0.039506488 
424 190 8 9 0.039429158 
641 184 8 10 0.039381664 
893 236 9 11 0.0393501 
359 135 8 10 0.039348427 
335 174 8 10 0.039340723 
463 95 8 10 0.0393197 
913 221 7 10 0.0393181 
642 190 7 9 0.0392938 
365 113 9 10 0.039291073 
938 341 9 10 0.039288167 
735 190 8 11 0.03924246 
684 93 8 11 0.039240446 
631 135 8 10 0.039183788 
55 205 11 14 0.039139047 
216 175 6 8 0.039130144 
186 214 7 10 0.03911376 
448 160 7 10 0.039101057 
673 47 8 9 0.039085362 
528 46 8 12 0.039084505 
871 230 10 13 0.03900848 
166 214 8 10 0.038900267 
639 167 8 10 0.03887008 
231 237 10 13 0.03883018 
601 582 11 16 0.038780086 
183 505 12 15 0.038740955 
785 127 8 11 0.038732518 
769 229 8 11 0.038713433 
576 111 8 10 0.038685713 
225 278 11 15 0.03865769 
600 200 7 9 0.038448542 
709 292 10 13 0.038435694 
443 133 8 10 0.038431816 
704 69 8 10 0.038431097 
983 357 7 11 0.038417898 
800 168 8 12 0.038415488 
361 223 8 11 0.038350694 
216 223 8 10 0.038342725 
919 158 7 10 0.038310185 
833 159 8 10 0.038213477 
868 52 11 14 0.038173195 
645 240 8 11 0.03814815 
977 340 8 11 0.038111776 
865 127 8 10 0.038097966 
506 222 7 10 0.038084205 
943 296 8 11 0.03801954 
999 298 11 14 0.03800133 
506 70 7 9 0.03798204 
592 198 7 9 0.037961364 
370 38 8 10 0.037909795 
576 188 8 10 0.037894633 
640 199 8 9 0.037768453 
837 219 10 12 0.037744906 
288 211 13 18 0.03768783 
279 150 8 10 0.037682228 
960 177 7 9 0.03768135 
277 215 10 12 0.037670925 
737 14 8 10 0.037627473 
726 110 10 12 0.03759155 
775 126 9 11 0.037590396 
313 150 9 11 0.03755706 
837 198 8 11 0.037452597 
162 332 45 57 0.037447713 
513 151 8 9 0.037331343 
417 226 7 8 0.03732932 
783 229 9 12 0.03728649 
953 200 7 9 0.037235055 
998 175 9 11 0.03719358 
513 39 9 12 0.037152182 
913 158 8 11 0.03713779 
560 43 9 11 0.037084114 
54 242 11 14 0.037064422 
878 235 10 13 0.037050743 
871 182 8 12 0.03702417 
1015 150 8 11 0.036978416 
781 53 11 13 0.03689263 
616 204 10 13 0.036859073 
190 588 13 16 0.03680723 
479 198 8 10 0.036786783 
918 113 9 10 0.03675876 
504 142 9 10 0.036748763 
54 212 9 12 0.03672941 
180 580 13 18 0.036706906 
991 143 8 10 0.03666362 
696 112 7 10 0.0366535 
153 539 15 18 0.036591724 
367 53 9 11 0.036480606 
528 96 7 9 0.036463648 
1009 341 10 15 0.03641563 
37 218 13 16 0.03640193 
536 158 8 10 0.036353286 
999 255 9 12 0.036312785 
813 190 9 12 0.03624375 
340 221 8 11 0.03618983 
432 231 7 9 0.036166254 
881 119 9 11 0.036108136 
375 152 7 10 0.03609904 
600 126 10 12 0.036075164 
518 205 8 10 0.0360617 
497 29 9 12 0.036050636 
56 197 11 14 0.03603889 
695 223 9 11 0.036034882 
511 185 7 9 0.03600804 
747 110 9 12 0.03597741 
785 25 9 11 0.03597057 
66 385 22 29 0.035928264 
415 174 8 10 0.035922732 
614 127 8 10 0.0358996 
700 597 13 18 0.03588378 
193 255 8 10 0.035879243 
1007 347 9 11 0.03587402 
485 64 8 10 0.035850275 
534 48 8 10 0.035846565 
113 327 45 55 0.035764664 
671 230 8 9 0.03567068 
659 16 7 9 0.035659607 
433 160 8 9 0.035634153 
753 159 8 11 0.0356314 
384 190 8 10 0.035609283 
694 86 10 12 0.035597503 
359 183 8 10 0.035572626 
449 110 8 9 0.035555795 
751 232 9 11 0.035488572 
1009 160 7 9 0.035487197 
421 310 10 11 0.035463713 
505 79 8 10 0.035428308 
481 77 8 11 0.035395715 
336 259 9 12 0.03537267 
959 220 8 10 0.03535962 
511 61 8 11 0.03534806 
447 80 8 10 0.03534699 
199 77 9 11 0.035333153 
906 238 8 10 0.0353228 
673 278 9 12 0.035285775 
639 77 8 9 0.03528075 
584 190 7 9 0.03527694 
711 182 9 11 0.035266947 
616 94 8 10 0.03525154 
438 200 7 9 0.03524957 
527 189 7 11 0.035160437 
335 126 8 10 0.035142455 
432 197 9 11 0.035128843 
992 365 9 11 0.03512193 
429 128 8 10 0.034971923 
432 84 8 11 0.03496477 
456 137 8 9 0.034931116 
727 71 8 11 0.034913827 
999 126 9 11 0.034881245 
567 166 9 11 0.034853466 
479 88 7 9 0.034833904 
1006 525 17 26 0.034833055 
366 127 7 9 0.03481079 
714 36 9 11 0.034758102 
288 302 10 13 0.034754984 
766 192 8 11 0.034735568 
774 179 9 12 0.03473159 
711 62 10 13 0.03470551 
624 46 8 11 0.03469516 
480 159 8 10 0.034672633 
688 20 8 9 0.034663435 
585 94 8 10 0.034642085 
481 64 8 11 0.03463164 
944 279 7 10 0.034622427 
223 227 10 12 0.034617998 
631 61 7 11 0.034604333 
177 223 7 9 0.034567006 
533 54 8 9 0.03456095 
386 175 7 10 0.03454366 
631 71 7 10 0.034524146 
576 221 9 11 0.034494054 
959 23 9 11 0.034429286 
234 188 8 10 0.034411848 
593 182 8 10 0.03438656 
622 173 8 10 0.034323458 
439 144 7 9 0.03419811 
663 103 10 13 0.034181144 
392 229 8 10 0.03412506 
590 103 8 10 0.03412101 
743 246 10 12 0.034063928 
536 175 8 10 0.034062263 
762 136 9 11 0.03405538 
887 214 9 11 0.034034852 
951 159 8 10 0.033988856 
912 231 7 10 0.0339671 
680 111 10 12 0.033962313 
789 158 8 10 0.033948973 
671 92 11 13 0.033948664 
857 223 8 11 0.033939384 
241 203 8 10 0.03391354 
544 87 6 9 0.033873267 
641 240 9 12 0.03382928 
914 42 13 16 0.033826467 
702 141 9 11 0.033813998 
672 103 9 12 0.033806983 
952 142 8 10 0.033769656 
828 270 9 12 0.033747233 
1007 149 8 10 0.033744387 
489 182 9 10 0.03374198 
26 147 11 13 0.033653323 
577 36 9 11 0.03364231 
918 229 10 12 0.03356889 
862 198 10 12 0.033564445 
176 491 37 45 0.033529192 
992 357 9 13 0.033500925 
336 198 8 10 0.033408087 
698 268 10 13 0.033384454 
631 321 9 11 0.033372235 
191 184 7 9 0.033358008 
169 233 8 9 0.033355806 
549 193 8 9 0.03331787 
943 184 10 12 0.03326975 
745 37 9 11 0.033264916 
677 0 10 10 0.033241976 
335 150 7 10 0.03323338 
602 586 15 20 0.03322152 
322 243 9 14 0.033188254 
660 271 10 13 0.033163246 
919 253 8 11 0.033136513 
893 45 11 14 0.033099756 
583 223 9 10 0.033097275 
537 473 10 13 0.03309379 
785 223 9 11 0.033026643 
751 150 7 10 0.032993298 
680 206 8 11 0.032935366 
719 118 9 11 0.032913033 
865 182 10 12 0.032866232 
679 199 9 10 0.032854285 
605 230 8 10 0.032809474 
703 293 10 13 0.032760523 
718 127 10 13 0.032674834 
527 184 7 10 0.032669406 
601 229 8 10 0.03263962 
894 167 8 10 0.03260755 
560 33 9 11 0.032575123 
541 31 9 11 0.032493256 
558 143 8 10 0.032487508 
647 184 8 10 0.032486413 
59 389 14 17 0.03247999 
629 580 13 19 0.03247761 
705 158 8 11 0.032406162 
605 159 9 10 0.032391153 
345 319 8 12 0.032381363 
214 192 8 10 0.03236786 
464 236 8 10 0.032319833 
718 63 9 12 0.032244377 
1005 126 9 11 0.032220114 
606 173 7 10 0.03217429 
1001 224 8 10 0.032118067 
689 486 9 11 0.032071337 
609 148 9 11 0.03206878 
712 68 9 12 0.032066517 
954 324 9 12 0.03205966 
856 270 11 13 0.03201363 
920 277 8 11 0.0319578 
716 260 11 14 0.031918816 
560 200 9 10 0.031915344 
711 491 8 10 0.0318163 
155 541 22 26 0.03179426 
766 378 8 10 0.0317847 
808 213 8 11 0.031764567 
976 277 9 12 0.031747356 
929 36 10 13 0.031722352 
789 124 9 11 0.03172116 
495 144 8 10 0.031707823 
445 94 9 11 0.031667475 
745 237 8 10 0.0316533 
431 475 11 14 0.031635635 
497 7 8 11 0.031598553 
815 223 8 11 0.031577952 
622 37 9 13 0.031530358 
425 57 7 10 0.031527556 
802 239 9 11 0.031509906 
399 96 9 10 0.031492528 
391 117 8 10 0.031452432 
518 54 8 11 0.031442884 
671 152 8 10 0.03142641 
622 223 8 11 0.031418964 
792 183 10 12 0.03139214 
441 231 7 9 0.0313387 
801 141 8 10 0.031328965 
410 175 8 10 0.031285964 
222 200 7 9 0.031281848 
392 206 8 10 0.031280853 
375 204 10 13 0.031179419 
624 53 9 11 0.031178344 
246 306 12 16 0.031108234 
471 127 8 10 0.031083703 
779 60 18 22 0.031042427 
342 110 9 11 0.031041218 
776 191 9 11 0.03102597 
742 191 8 11 0.030978981 
864 189 11 12 0.030971535 
519 84 8 10 0.03093932 
983 316 11 12 0.03092509 
561 232 9 11 0.030919246 
293 234 11 15 0.030896941 
789 87 10 14 0.030804927 
785 118 8 11 0.030713482 
814 228 10 13 0.030696508 
735 116 10 12 0.030686963 
585 338 9 10 0.03067604 
382 198 8 10 0.030630546 
438 182 8 10 0.03058257 
686 125 7 11 0.030569246 
519 78 8 11 0.030516284 
181 86 12 15 0.030479563 
698 262 10 12 0.030454937 
518 110 7 9 0.030454427 
141 240 9 10 0.030452183 
661 205 8 11 0.030449577 
481 127 8 10 0.030397823 
583 45 9 11 0.030380499 
623 6 8 10 0.030334607 
583 71 8 10 0.030300297 
677 278 9 10 0.030281732 
624 127 9 10 0.030281272 
854 110 8 11 0.030277478 
317 260 10 15 0.030270876 
282 126 9 11 0.030269437 
369 182 9 10 0.030262282 
983 185 8 10 0.030237874 
898 77 9 12 0.030232659 
517 326 7 9 0.030192861 
360 160 8 10 0.03018857 
344 166 8 11 0.030185606 
308 265 13 17 0.030144162 
910 239 8 10 0.03013589 
953 92 8 10 0.030089764 
258 268 11 15 0.030047754 
173 507 11 15 0.030022535 
663 216 8 10 0.02994937 
917 172 8 11 0.029942848 
750 127 10 11 0.029929718 
561 110 8 11 0.029927323 
853 263 9 12 0.029902369 
280 159 8 10 0.029892562 
919 314 8 11 0.029876608 
928 159 8 11 0.029834962 
320 145 8 10 0.029831167 
368 47 9 12 0.029828845 
808 207 9 11 0.02982862 
688 220 8 11 0.02982495 
519 126 7 9 0.029821482 
663 167 8 10 0.029809961 
601 358 8 11 0.029804198 
609 586 22 29 0.029789463 
728 46 8 10 0.029773701 
46 221 10 13 0.029764665 
342 117 9 10 0.029753525 
750 57 9 11 0.029740658 
870 119 8 10 0.02973188 
574 92 9 11 0.029729646 
382 214 8 11 0.029729227 
408 108 9 11 0.029708436 
278 182 9 12 0.029681565 
800 110 9 12 0.02963921 
991 206 9 13 0.029544689 
721 128 18 23 0.029536625 
286 122 8 10 0.029528987 
79 294 10 13 0.02952423 
33 250 16 18 0.029508857 
665 479 9 12 0.029503198 
328 214 10 13 0.029478794 
272 268 9 12 0.029442703 
441 86 7 10 0.029433573 
878 181 9 11 0.029362025 
565 31 9 11 0.029308695 
696 254 9 12 0.02930656 
734 39 8 10 0.029258607 
528 156 9 11 0.029235171 
760 158 8 11 0.02922234 
1014 276 8 13 0.029219491 
217 183 7 10 0.02919386 
633 206 8 10 0.029176043 
829 594 9 12 0.029163277 
887 191 9 10 0.029109553 
802 251 9 12 0.029086502 
422 102 8 10 0.02904153 
615 69 9 11 0.029038608 
869 594 12 15 0.028972318 
954 88 7 10 0.028956408 
981 167 10 12 0.02894885 
917 84 9 11 0.028943727 
855 157 8 11 0.028923413 
951 150 7 10 0.028892199 
787 212 8 11 0.028839706 
278 191 8 10 0.028838964 
542 103 8 10 0.028796386 
566 103 8 11 0.028780703 
672 287 8 10 0.028778981 
631 240 9 11 0.028738536 
440 79 7 10 0.028736513 
714 16 7 9 0.028714458 
784 167 7 10 0.028698735 
703 203 9 13 0.028694384 
464 158 7 10 0.028688153 
362 143 7 9 0.028661445 
720 298 12 16 0.028656147 
484 515 14 19 0.028638216 
986 155 8 11 0.028633017 
184 563 27 33 0.028630642 
590 155 10 13 0.028609077 
504 64 7 10 0.028608331 
943 155 9 11 0.028598215 
544 118 9 10 0.02859019 
89 247 10 13 0.028536126 
360 206 8 11 0.02851799 
685 101 8 12 0.028467314 
607 1 9 10 0.028459987 
536 165 9 12 0.0284594 
861 50 13 15 0.028451253 
783 244 9 11 0.02843121 
617 212 9 12 0.028428063 
121 310 9 12 0.028374255 
530 109 9 11 0.02834706 
353 79 7 10 0.028316244 
741 183 9 10 0.028235186 
56 395 14 18 0.028179282 
783 190 9 11 0.028177943 
960 286 8 10 0.02817212 
977 104 9 11 0.028154435 
656 152 7 10 0.028096253 
48 240 11 16 0.02807181 
369 245 9 11 0.02806505 
972 102 23 27 0.028064538 
201 231 9 11 0.028039278 
423 151 7 9 0.028033044 
698 52 8 12 0.02803134 
919 93 11 13 0.028030043 
189 539 14 17 0.028005654 
589 15 9 10 0.028000407 
393 245 8 10 0.027982868 
896 126 8 11 0.027926465 
912 314 9 12 0.027922895 
942 197 8 11 0.02790726 
425 238 8 10 0.027891433 
618 174 9 11 0.027854344 
759 117 11 13 0.02784987 
897 104 10 12 0.027838344 
309 275 11 13 0.027812261 
831 278 8 10 0.027803654 
231 213 7 10 0.027801726 
563 578 25 34 0.027801275 
905 189 8 11 0.027781207 
865 134 8 11 0.027771061 
460 135 20 25 0.02773196 
486 103 8 9 0.027730279 
873 141 8 10 0.027697371 
384 127 9 10 0.027675513 
168 199 7 10 0.02767419 
389 104 9 11 0.027665505 
479 182 7 10 0.02765086 
409 159 9 10 0.027550241 
273 218 9 12 0.02754186 
967 215 8 11 0.027540173 
158 188 10 12 0.027467126 
678 61 9 12 0.027452303 
1007 229 7 10 0.027448544 
502 29 8 11 0.027442684 
671 238 10 13 0.02739664 
235 143 8 11 0.027322441 
503 159 8 10 0.027314356 
807 165 10 13 0.027298504 
869 59 11 14 0.027292967 
968 220 9 12 0.027281424 
192 262 7 9 0.027262665 
654 447 9 12 0.027220739 
184 325 46 57 0.027216004 
271 135 7 10 0.027204512 
240 244 9 12 0.027174206 
673 258 11 13 0.02716852 
689 53 8 11 0.027151972 
79 245 9 10 0.027142236 
566 231 8 11 0.027127447 
502 319 7 8 0.027104625 
174 578 13 19 0.027098993 
886 143 8 10 0.027097618 
910 149 8 10 0.027086386 
897 602 11 15 0.02707875 
324 324 11 14 0.027022135 
742 80 10 12 0.027002303 
664 135 8 11 0.026998099 
245 151 7 9 0.026987225 
600 78 8 9 0.026974412 
624 77 9 11 0.026961092 
185 184 7 9 0.02693508 
193 157 8 11 0.026932167 
761 111 9 11 0.02689446 
559 119 9 10 0.026882911 
721 77 8 10 0.02686721 
232 205 8 10 0.026862947 
976 217 7 9 0.026846623 
71 286 9 12 0.026824987 
198 256 9 10 0.026821239 
950 292 7 11 0.026816854 
878 166 8 10 0.02679565 
898 330 8 12 0.026778713 
970 332 8 11 0.026777452 
741 173 8 11 0.026729459 
648 166 9 10 0.026720585 
867 45 11 14 0.026682045 
455 151 8 9 0.026677059 
975 85 10 12 0.02667325 
290 196 26 30 0.026665956 
869 31 8 11 0.026651045 
543 62 7 10 0.026633915 
246 296 24 31 0.026626864 
781 174 7 10 0.026626617 
413 154 18 23 0.026600908 
908 103 10 12 0.026582606 
726 77 8 9 0.026573613 
310 68 8 10 0.026567496 
511 28 10 12 0.02654701 
443 449 43 51 0.02651771 
254 109 10 12 0.026517412 
200 284 10 13 0.026507037 
317 266 12 16 0.0265023 
328 69 9 10 0.02646472 
628 86 11 13 0.02639652 
294 128 8 9 0.026379908 
893 264 8 10 0.026361326 
281 120 8 10 0.02634778 
983 198 9 12 0.026328092 
361 237 8 11 0.026317075 
288 152 8 10 0.026312971 
638 320 9 11 0.026309557 
935 255 8 10 0.026282366 
401 101 8 11 0.026265018 
800 136 8 11 0.026254399 
546 491 17 22 0.026231868 
962 266 8 10 0.026218096 
958 323 10 13 0.026153445 
664 30 8 10 0.026152559 
621 0 11 12 0.026139613 
629 184 9 10 0.026137285 
543 352 8 11 0.0260887 
781 198 10 12 0.026087863 
20 479 13 18 0.026060237 
545 165 8 11 0.02605757 
656 118 9 11 0.026030395 
614 24 9 12 0.026011925 
61 246 9 12 0.025964694 
654 70 8 10 0.025949316 
830 70 12 13 0.025942618 
760 222 10 12 0.025937375 
666 78 7 9 0.025921952 
920 124 8 10 0.025899975 
511 240 10 12 0.02589682 
743 69 9 11 0.025882997 
874 215 7 10 0.025878595 
832 167 8 10 0.025858391 
806 262 8 10 0.025853636 
788 42 13 15 0.02581953 
670 159 8 9 0.025798354 
554 63 8 10 0.025787141 
637 270 9 12 0.025769716 
23 241 24 27 0.025734665 
368 157 8 10 0.025708469 
221 248 8 10 0.02570821 
875 164 8 10 0.025705425 
655 223 9 11 0.025687255 
576 16 8 10 0.02566972 
536 215 8 10 0.025659367 
247 165 8 10 0.025654914 
113 161 8 10 0.02565156 
976 80 10 11 0.02564073 
915 24 11 13 0.02561722 
824 191 10 13 0.02557489 
250 88 9 12 0.025565166 
799 222 10 12 0.025547449 
647 118 11 12 0.02554726 
646 16 7 9 0.025543919 
957 333 9 12 0.025523376 
944 307 8 11 0.02552169 
134 30 8 10 0.025504488 
359 376 9 11 0.025440168 
637 119 9 12 0.02543732 
741 166 9 12 0.025433147 
663 39 7 10 0.025429647 
547 485 14 17 0.025425458 
205 277 10 12 0.02541503 
135 247 8 9 0.025409916 
206 263 8 10 0.025398942 
1001 211 9 12 0.025338884 
469 62 9 11 0.02528275 
606 245 8 11 0.025280926 
119 76 10 13 0.025240134 
254 294 12 14 0.025199404 
724 326 10 12 0.025111036 
899 600 19 23 0.025096754 
826 276 9 11 0.025076566 
277 269 8 11 0.025061637 
670 15 7 10 0.025049128 
251 304 13 19 0.025031578 
703 103 8 11 0.025030034 
944 224 8 10 0.025025837 
78 212 10 12 0.025018401 
688 36 8 10 0.024992479 
519 229 7 10 0.024990676 
343 200 8 10 0.0249895 
657 212 8 11 0.024918163 
859 494 10 14 0.024916101 
695 464 17 23 0.024906103 
926 277 9 12 0.02490603 
788 227 11 13 0.02489192 
537 28 9 12 0.024870554 
679 79 8 9 0.024857929 
265 214 10 12 0.02480883 
527 198 8 10 0.024787337 
999 166 8 10 0.024781218 
471 94 9 10 0.024778517 
718 357 9 11 0.02476734 
718 46 8 10 0.02474966 
662 200 8 10 0.0247447 
418 61 8 10 0.024740282 
657 101 10 13 0.024718305 
909 25 18 21 0.024682539 
614 134 8 10 0.02466017 
331 285 12 16 0.024598502 
26 133 10 12 0.024592787 
1015 269 8 13 0.024543503 
418 133 8 9 0.02449968 
695 213 8 10 0.02449095 
801 152 8 11 0.024487091 
926 183 9 12 0.024474353 
224 214 8 10 0.024469487 
584 115 9 11 0.024465801 
904 232 8 10 0.02445498 
929 172 9 11 0.02442526 
840 165 9 11 0.024390891 
1008 212 8 11 0.024380658 
789 256 10 12 0.024375197 
598 1 9 10 0.024373405 
630 189 8 10 0.024345731 
193 144 9 11 0.024333337 
135 38 10 13 0.024325164 
423 231 7 10 0.024277702 
581 149 9 12 0.024266347 
163 118 9 12 0.024265641 
312 119 9 10 0.024249341 
784 239 10 12 0.024240945 
552 112 8 10 0.024221841 
970 366 8 11 0.024211181 
774 85 10 13 0.024169704 
901 211 10 12 0.02415084 
1015 222 8 11 0.024146039 
812 238 10 11 0.024138907 
431 71 6 10 0.024117116 
1008 205 9 13 0.024116494 
702 39 7 10 0.024113713 
868 37 9 11 0.024097685 
833 253 8 10 0.024070147 
647 255 8 10 0.02405025 
674 38 7 9 0.024042452 
980 334 9 11 0.024031358 
567 144 8 9 0.024021026 
351 190 8 9 0.023987196 
970 116 8 11 0.023961198 
71 222 13 17 0.023937648 
132 320 12 16 0.023930395 
493 230 8 10 0.023929477 
111 175 11 13 0.023910232 
943 259 9 12 0.023901347 
953 278 8 11 0.023899434 
488 236 8 10 0.02387208 
367 373 9 11 0.023870334 
317 274 12 14 0.023856461 
464 246 8 10 0.023827761 
309 126 9 10 0.023822352 
208 207 7 10 0.023789361 
957 342 8 10 0.02376593 
712 174 7 10 0.023732062 
162 213 9 11 0.023731245 
726 7 8 10 0.023729848 
906 263 8 10 0.023726515 
129 38 9 11 0.023719134 
929 255 7 10 0.023705227 
654 374 11 12 0.023698462 
432 173 8 9 0.023694143 
112 32 7 10 0.02368119 
992 182 9 10 0.023653645 
481 150 8 10 0.023632938 
761 183 8 11 0.023610175 
992 231 8 11 0.023603668 
376 210 10 14 0.023601864 
624 135 10 11 0.023587782 
824 182 9 10 0.02355793 
736 72 7 9 0.023550116 
376 200 9 11 0.023546623 
256 199 8 11 0.023536487 
711 141 9 11 0.023534907 
1006 182 9 11 0.023534682 
77 220 12 18 0.023520917 
980 102 11 13 0.023485579 
255 102 9 12 0.023469774 
485 77 8 11 0.023448447 
703 285 9 13 0.023384988 
728 39 9 11 0.023382239 
1007 628 10 12 0.023380987 
615 276 10 12 0.023374695 
872 318 9 10 0.023365488 
727 54 8 10 0.023361169 
990 591 12 15 0.023359839 
174 492 12 13 0.023347195 
663 159 8 9 0.023337021 
258 172 8 11 0.023304326 
350 86 8 12 0.023299245 
398 246 8 10 0.023272285 
407 96 8 10 0.023211602 
301 151 9 12 0.023210922 
750 591 18 22 0.02320691 
10 243 11 13 0.023198087 
407 64 6 9 0.02319378 
205 271 9 11 0.023192003 
591 337 8 11 0.023187647 
742 270 12 14 0.023175132 
598 341 9 11 0.023139998 
400 69 8 10 0.023133932 
417 188 8 11 0.023127735 
958 245 9 13 0.023126807 
861 71 10 12 0.023110444 
854 144 7 9 0.023100214 
394 224 8 11 0.023091964 
348 100 9 11 0.02308528 
927 46 9 12 0.02307305 
586 467 9 13 0.023066247 
177 78 9 11 0.023064684 
712 205 9 11 0.023060927 
711 120 8 11 0.023059439 
428 134 8 10 0.023048516 
607 343 10 11 0.023021044 
590 224 8 10 0.0230006 
804 275 9 12 0.022996902 
187 510 24 29 0.022980904 
662 55 8 11 0.022971932 
246 70 9 11 0.022971148 
802 157 9 11 0.022965984 
871 248 8 10 0.022953201 
148 526 22 27 0.022941813 
156 353 26 37 0.022922188 
51 220 11 14 0.022907605 
672 72 7 9 0.022906506 
493 133 8 10 0.022893317 
137 321 30 38 0.022866288 
1005 298 10 13 0.02284996 
693 311 9 13 0.022847688 
178 244 9 12 0.022836968 
971 566 9 12 0.022812422 
527 231 8 9 0.022795392 
464 125 8 10 0.022791715 
976 361 10 11 0.022784855 
189 77 9 11 0.022773076 
575 87 9 11 0.02274489 
537 207 8 10 0.022735592 
821 22 10 12 0.022728737 
578 496 16 22 0.022712665 
656 8 9 10 0.022698857 
749 244 10 13 0.022697652 
1010 110 9 13 0.022691956 
168 192 7 10 0.022676924 
863 176 8 10 0.022583991 
563 550 11 14 0.0225715 
702 29 7 10 0.022566168 
801 285 11 11 0.022555223 
175 557 23 30 0.022549015 
438 119 18 25 0.022536453 
544 56 7 10 0.022525419 
906 268 8 12 0.02249803 
606 239 8 10 0.022491738 
519 119 7 10 0.022483554 
567 214 7 9 0.022475788 
676 88 19 24 0.022466663 
477 208 19 26 0.022452854 
590 37 8 10 0.022434244 
744 56 10 11 0.022427209 
119 303 9 12 0.022400467 
366 162 17 23 0.022331152 
583 87 8 10 0.02232107 
134 23 8 12 0.022316305 
1014 135 8 11 0.02230757 
157 551 14 17 0.022277014 
158 243 8 11 0.022261906 
337 206 9 12 0.022252778 
653 499 11 13 0.02224904 
977 310 9 11 0.022236232 
431 263 10 12 0.022234708 
233 175 8 9 0.02223244 
950 310 8 10 0.022229142 
753 184 8 10 0.022186855 
937 128 8 10 0.022182466 
734 151 8 10 0.02216057 
672 0 9 10 0.022158984 
336 109 11 11 0.02213868 
332 315 11 13 0.022135986 
801 126 8 11 0.02209037 
108 598 28 31 0.022088882 
325 267 11 15 0.022079693 
719 55 8 9 0.022032162 
360 200 8 10 0.021994498 
354 135 8 10 0.021984003 
621 565 12 15 0.02194541 
896 143 9 10 0.02193444 
172 542 14 17 0.021914348 
929 294 8 10 0.02190077 
902 221 8 11 0.021890039 
858 100 8 12 0.021880422 
686 503 8 11 0.021875074 
436 191 8 11 0.021871258 
848 158 8 10 0.021849785 
353 393 12 16 0.021828271 
647 113 9 10 0.0217892 
933 321 10 11 0.021768283 
184 152 9 10 0.021753611 
983 119 19 24 0.021737004 
248 101 8 11 0.02173556 
640 62 8 11 0.02172666 
91 377 13 17 0.021716736 
928 230 10 12 0.021712597 
960 27 10 12 0.021709062 
391 239 7 9 0.021687876 
188 563 16 18 0.0216629 
385 54 8 10 0.02165102 
968 145 18 23 0.021635627 
378 103 9 11 0.021614417 
936 307 10 12 0.021612763 
565 252 10 12 0.021604836 
569 191 8 9 0.021596996 
367 205 9 12 0.021595282 
590 348 8 10 0.02159354 
609 54 8 10 0.02159334 
1006 224 8 10 0.021569747 
368 59 8 11 0.02156063 
593 76 8 10 0.021553371 
830 215 10 13 0.02153281 
690 183 18 24 0.021464355 
576 344 8 10 0.021461112 
783 45 10 12 0.02146085 
545 136 7 10 0.021426536 
800 229 9 12 0.02142406 
71 443 40 50 0.02141631 
713 7 8 9 0.02139429 
890 223 7 9 0.02138909 
895 151 8 10 0.021360258 
820 51 13 16 0.021304496 
641 484 10 12 0.021304457 
911 344 7 9 0.021302685 
919 238 9 12 0.021296974 
399 208 9 10 0.021289466 
797 204 10 13 0.021285394 
342 206 9 11 0.021282284 
812 246 9 11 0.021280026 
657 324 9 12 0.021277597 
746 596 11 14 0.021270927 
904 343 7 9 0.021265019 
927 136 7 9 0.021256555 
297 260 11 16 0.02124574 
135 601 29 33 0.02124238 
405 188 8 10 0.02122687 
665 246 11 15 0.021219527 
769 253 10 13 0.021217605 
894 158 7 10 0.021189153 
166 560 13 18 0.02117272 
648 86 10 12 0.021165999 
230 103 7 10 0.021152267 
346 89 8 10 0.021150874 
864 248 9 11 0.021141998 
601 159 9 11 0.021121092 
554 77 8 11 0.02110033 
895 313 9 11 0.021080801 
361 228 9 11 0.021053772 
423 141 8 10 0.021042893 
664 45 7 9 0.021036835 
77 357 11 15 0.021023965 
246 254 9 12 0.02102064 
245 215 9 12 0.02101634 
768 103 10 12 0.02101395 
904 173 8 11 0.02098972 
1005 326 10 12 0.020973315 
906 304 9 12 0.020959586 
48 215 10 13 0.020958982 
194 603 17 20 0.020950813 
926 599 9 11 0.02094889 
486 95 8 11 0.020930111 
701 586 10 12 0.020910706 
181 590 16 20 0.020881964 
515 485 10 13 0.02080849 
669 439 11 12 0.02080687 
825 175 8 10 0.020803567 
232 132 191 215 0.02075065 
370 237 9 12 0.020730741 
959 166 9 11 0.02070855 
509 12 12 13 0.02069111 
942 94 9 10 0.020687152 
757 236 8 11 0.020683384 
374 142 8 10 0.020680679 
256 150 8 10 0.020679394 
497 62 8 10 0.020678822 
207 255 9 11 0.020672325 
256 182 9 11 0.020669295 
126 609 42 49 0.020666586 
174 208 7 9 0.020661982 
812 253 8 11 0.020630544 
936 44 9 11 0.020609701 
656 254 9 12 0.020609645 
320 305 19 23 0.020607363 
437 55 8 10 0.020597877 
707 597 11 15 0.020594845 
341 236 9 11 0.020583643 
928 269 9 12 0.020574007 
738 105 19 22 0.020557093 
405 200 19 25 0.020552535 
1000 325 9 12 0.02054746 
577 73 8 9 0.020545958 
84 219 13 17 0.020544238 
904 245 8 11 0.02054037 
201 237 8 11 0.020536546 
452 469 45 51 0.020535834 
980 644 13 16 0.02053151 
896 118 10 12 0.020514956 
241 269 11 15 0.020496862 
853 135 9 10 0.02049469 
863 222 9 11 0.020477459 
948 302 9 12 0.020476114 
175 192 7 9 0.02043676 
243 143 9 10 0.020415772 
206 160 7 9 0.020412939 
888 44 12 14 0.02040577 
424 420 10 12 0.020401638 
991 223 7 9 0.020378856 
359 172 7 10 0.020366108 
272 149 8 10 0.020346083 
4 508 13 22 0.020340765 
254 230 11 15 0.020324843 
901 55 19 23 0.020311126 
439 239 8 10 0.020304136 
993 254 9 13 0.020303003 
980 108 11 13 0.020297552 
391 128 8 10 0.020293165 
640 212 8 11 0.020281306 
422 121 8 9 0.020269478 
535 22 10 12 0.020267252 
321 332 10 13 0.020265033 
302 272 13 17 0.020256355 
528 174 8 10 0.020252675 
935 223 8 11 0.020243471 
154 303 9 12 0.020241164 
290 231 10 13 0.020240586 
710 102 10 13 0.020237075 
736 192 18 24 0.020207144 
609 31 19 23 0.020162854 
633 7 8 9 0.020155892 
949 251 8 11 0.020153644 
553 23 9 11 0.020152032 
727 0 9 9 0.020134263 
697 285 10 13 0.020091146 
406 222 7 10 0.02008223 
479 239 8 9 0.020044917 
689 46 8 10 0.0200352 
448 176 8 9 0.020024208 
966 292 9 11 0.020013517 
526 214 11 13 0.020012563 
26 469 54 67 0.020010393 
28 257 16 17 0.020008486 
