0_Parade_Parade_0_757
85
241 66 198 276 0.99982905 
768 241 18 21 0.42179146 
605 269 12 15 0.36888775 
660 238 17 21 0.3660457 
717 259 15 23 0.32278815 
705 262 21 25 0.18190618 
586 268 12 15 0.17952755 
655 238 14 18 0.120318614 
915 572 33 36 0.08340546 
829 260 9 14 0.07690844 
842 260 14 17 0.07543568 
919 537 37 40 0.07366657 
512 250 11 14 0.073656745 
556 259 16 18 0.06714168 
854 259 15 19 0.06625595 
573 255 12 16 0.06600983 
914 551 32 34 0.06059618 
840 255 12 14 0.05652152 
539 267 12 18 0.05577361 
554 252 16 17 0.05552977 
755 268 16 19 0.054460984 
887 568 14 18 0.05206573 
564 253 14 16 0.045354575 
858 250 16 19 0.04096072 
413 491 15 16 0.039839957 
904 576 30 37 0.03580939 
504 246 11 13 0.035613935 
930 529 33 37 0.035487525 
700 259 18 20 0.03461273 
868 251 13 17 0.0342611 
551 257 14 17 0.03316009 
838 264 15 18 0.03307971 
410 499 16 17 0.03235039 
444 568 24 24 0.032162234 
542 254 40 49 0.03176885 
549 264 16 21 0.031327814 
420 554 16 20 0.030869205 
787 585 12 15 0.030524159 
568 252 21 26 0.029692702 
723 271 15 20 0.029559273 
588 597 13 15 0.029405173 
414 529 30 33 0.029208932 
501 232 331 406 0.028572742 
542 262 11 15 0.028491363 
840 558 12 15 0.028188946 
694 266 25 28 0.02812089 
391 530 15 21 0.028094413 
761 248 23 29 0.027581625 
800 637 12 13 0.0274129 
792 568 9 11 0.026740452 
546 238 8 11 0.026530758 
599 262 14 17 0.026398068 
796 581 11 12 0.025869265 
890 531 47 57 0.025742084 
427 562 15 18 0.025582872 
838 259 29 32 0.02535885 
916 568 16 20 0.025249043 
389 497 15 17 0.025248362 
762 266 17 23 0.02450791 
396 495 12 14 0.024507271 
654 286 28 33 0.024420751 
831 256 9 13 0.024252266 
419 487 13 14 0.024215227 
761 241 14 20 0.023935111 
1006 556 20 36 0.023504468 
807 580 10 13 0.023361351 
845 253 37 45 0.022939824 
947 537 17 20 0.02292745 
21 128 34 49 0.022744672 
795 597 11 14 0.022486543 
813 571 13 17 0.022169773 
921 562 19 21 0.021830877 
775 597 10 12 0.021517593 
910 562 27 32 0.021467425 
856 246 12 16 0.021441583 
537 261 22 31 0.020950349 
578 256 19 26 0.020922193 
973 415 36 42 0.020897765 
396 527 24 28 0.02069551 
544 246 22 30 0.020659046 
410 544 17 20 0.020479854 
767 546 10 16 0.020132305 
645 292 42 50 0.020032378 
706 253 17 20 0.020020265 
245 630 37 51 0.020012792 
