0_Parade_Parade_0_459
30
124 639 123 143 0.9957586 
425 783 114 152 0.994599 
394 751 106 149 0.98632425 
278 629 128 173 0.9813535 
169 802 102 168 0.9158872 
314 788 65 83 0.3501686 
296 699 107 163 0.20033078 
380 920 48 71 0.1429802 
919 478 46 58 0.13482809 
193 603 146 205 0.11621563 
-3 445 71 139 0.10972182 
690 1101 38 45 0.07139805 
840 728 58 76 0.059067585 
364 720 110 136 0.05752273 
290 488 389 477 0.05497511 
36 926 59 72 0.05406434 
337 886 95 125 0.050498337 
200 785 169 217 0.04614193 
325 764 95 112 0.043248184 
438 607 53 61 0.034892738 
620 1085 13 17 0.032705203 
904 462 75 101 0.031506374 
482 837 108 144 0.03096569 
617 844 368 493 0.029877953 
-2 429 36 71 0.027529838 
148 1003 17 18 0.024459673 
984 772 33 51 0.023114134 
153 202 40 48 0.021806996 
311 70 260 264 0.021693967 
249 569 203 275 0.020871494 
