0_Parade_Parade_0_628
220
448 200 26 37 0.9992811 
308 240 20 26 0.9724449 
576 235 22 30 0.96994936 
624 223 21 28 0.9666149 
691 263 20 25 0.96332777 
902 275 17 23 0.88103896 
981 259 20 22 0.8544086 
24 301 9 12 0.712199 
756 294 11 13 0.582318 
786 290 13 15 0.5204298 
36 381 12 16 0.40689763 
784 339 15 17 0.3520929 
87 342 8 10 0.2714927 
956 306 15 20 0.18765846 
503 235 26 35 0.1873208 
742 317 9 12 0.18588115 
78 329 7 9 0.17846203 
143 352 8 11 0.16999869 
20 370 10 13 0.16268635 
813 273 14 18 0.1558215 
358 286 10 11 0.15448879 
158 343 8 9 0.1519789 
72 334 8 9 0.1477551 
150 352 8 9 0.14720638 
106 335 9 10 0.14638641 
6 292 9 12 0.13966176 
81 343 9 10 0.13849317 
5 318 8 12 0.13349143 
727 328 12 14 0.12936439 
138 351 8 10 0.1289406 
744 323 10 15 0.12368191 
116 351 10 12 0.10600346 
44 389 10 12 0.10217173 
800 295 10 14 0.099627495 
742 312 9 11 0.09803049 
74 366 9 12 0.09581263 
104 339 10 11 0.09564222 
73 328 8 10 0.093494 
22 328 8 10 0.09022622 
77 365 9 11 0.08690983 
54 360 8 11 0.086493716 
21 348 10 13 0.08501273 
105 375 9 12 0.08309816 
3 382 11 13 0.08095998 
6 394 13 17 0.08095226 
501 240 16 24 0.079629235 
53 341 8 10 0.07826213 
65 383 9 12 0.07743633 
31 333 9 12 0.07254384 
154 344 8 9 0.07209529 
37 376 12 14 0.071709916 
88 336 9 10 0.07099479 
31 296 8 11 0.070885226 
353 283 11 14 0.07051876 
16 368 10 13 0.06925126 
743 293 10 13 0.069180004 
105 381 10 11 0.06727216 
68 381 10 12 0.066979565 
854 297 13 17 0.065978184 
95 328 8 9 0.064829335 
143 379 9 11 0.064462304 
104 329 8 10 0.0638579 
53 336 8 10 0.063274994 
73 360 8 10 0.062396284 
78 333 9 10 0.06226851 
22 391 10 13 0.061337143 
1 324 9 15 0.061328948 
135 375 10 14 0.06102834 
806 350 9 12 0.060753547 
942 294 11 14 0.06043261 
703 299 13 18 0.05859141 
521 238 27 31 0.058407206 
896 278 14 21 0.054910205 
65 311 7 9 0.053535905 
0 348 8 13 0.05280026 
46 327 7 10 0.05266047 
42 327 7 10 0.052402854 
40 350 7 10 0.051787175 
119 341 7 10 0.051451687 
788 295 15 17 0.051433332 
731 324 12 16 0.049844198 
840 283 12 14 0.049558863 
135 342 8 9 0.04897373 
0 394 12 18 0.048839036 
118 375 8 12 0.04865827 
21 356 9 11 0.04824886 
149 356 9 10 0.04662747 
830 275 11 14 0.04653643 
836 270 10 12 0.045776732 
93 343 8 10 0.044956427 
64 388 11 14 0.044805557 
94 333 8 11 0.044635173 
911 274 15 20 0.04411742 
347 333 9 11 0.043823555 
41 364 11 13 0.04381335 
72 372 10 12 0.043303166 
12 390 11 15 0.0432244 
111 376 9 12 0.042329617 
40 359 9 10 0.04119289 
859 296 14 18 0.040966287 
743 300 11 13 0.040946003 
48 334 9 11 0.040332943 
358 291 11 13 0.04022098 
1 343 8 13 0.040163465 
868 334 10 12 0.039945807 
71 341 9 12 0.039153777 
0 356 8 13 0.039026946 
64 349 8 11 0.03864245 
53 395 13 16 0.03776189 
47 360 9 11 0.03772105 
38 295 8 10 0.037274234 
112 356 9 11 0.037240643 
259 348 14 17 0.03706301 
725 337 13 15 0.036796365 
707 294 11 13 0.036449105 
0 363 8 13 0.03614186 
38 333 9 11 0.03485835 
60 393 14 18 0.03473453 
819 270 11 15 0.03467248 
963 253 13 15 0.033818793 
67 334 7 10 0.033574045 
47 374 8 10 0.033559233 
892 266 22 29 0.033460416 
49 303 7 9 0.033410523 
798 342 10 12 0.033284586 
846 292 13 15 0.03326382 
72 319 8 10 0.03325108 
110 339 8 10 0.033017445 
96 319 8 9 0.03301574 
832 260 12 15 0.032817274 
207 378 11 12 0.032588378 
5 343 9 12 0.032222085 
671 322 14 15 0.031542603 
129 375 9 13 0.031255916 
838 276 13 14 0.030849809 
43 382 10 12 0.030828163 
505 251 28 37 0.030636908 
951 312 13 17 0.03050307 
16 344 10 13 0.030216893 
48 394 12 16 0.030203199 
752 297 12 14 0.03000986 
6 374 9 12 0.029876076 
774 310 10 13 0.029850382 
887 341 10 14 0.029819563 
47 347 8 11 0.029360909 
192 335 9 11 0.028992333 
1006 247 14 22 0.028987395 
143 296 9 12 0.02887414 
104 366 10 13 0.028719645 
886 308 11 14 0.028378718 
88 329 7 9 0.028247258 
65 343 8 11 0.028090786 
881 318 10 12 0.02801918 
158 348 8 10 0.027955053 
18 326 9 12 0.027711216 
149 376 8 10 0.027373511 
893 269 13 17 0.027216531 
244 316 11 14 0.026908526 
767 402 10 13 0.026796525 
883 324 9 12 0.026746718 
723 327 19 24 0.026723057 
173 309 8 10 0.026698316 
86 359 8 11 0.026362414 
105 359 9 11 0.026114712 
56 320 8 9 0.02598728 
64 366 8 10 0.025976364 
42 311 7 10 0.025702888 
284 327 10 12 0.025625829 
788 278 11 14 0.025602313 
950 294 10 15 0.025598431 
239 226 14 18 0.025536483 
46 311 8 10 0.025474913 
212 353 12 15 0.025172442 
493 225 23 38 0.025013616 
47 317 8 10 0.024915358 
19 303 9 10 0.024809692 
887 301 11 15 0.024632774 
78 319 8 9 0.024498897 
65 318 7 10 0.024384076 
56 350 8 10 0.02437621 
846 278 11 13 0.024366185 
680 266 14 19 0.024286704 
96 383 9 11 0.024131766 
569 247 27 30 0.024052257 
990 256 17 21 0.023946695 
193 340 9 11 0.023904078 
221 271 9 11 0.023515234 
5 331 9 12 0.023324339 
4 286 9 12 0.023286773 
200 376 10 12 0.023202782 
54 374 9 11 0.02318269 
950 292 25 34 0.022901328 
686 407 11 12 0.022803582 
110 386 10 13 0.02274284 
97 313 7 9 0.02248861 
95 348 9 11 0.022390861 
532 223 25 39 0.022370836 
885 292 14 17 0.02230528 
767 343 10 12 0.022203073 
741 274 12 16 0.022166828 
747 317 10 14 0.021881115 
30 350 9 11 0.021686219 
86 384 8 10 0.021660535 
765 324 10 13 0.021655273 
848 297 13 16 0.021441527 
101 319 8 8 0.0213423 
79 382 10 12 0.021260258 
6 298 10 12 0.021092085 
296 349 11 13 0.021086283 
129 326 8 10 0.021082852 
760 414 10 13 0.021080531 
628 215 15 20 0.02085238 
229 195 14 18 0.02072826 
135 326 8 9 0.020511882 
885 269 11 14 0.020405512 
118 337 8 9 0.020304171 
506 218 44 54 0.020176621 
885 281 15 18 0.020070681 
782 316 12 14 0.02006508 
980 213 10 13 0.02004703 
