0_Parade_Parade_0_688
192
882 523 14 17 0.98465073 
278 525 23 27 0.9530134 
452 532 29 31 0.9313983 
536 463 16 20 0.92866886 
449 502 22 28 0.86358935 
839 531 10 13 0.8575834 
565 541 18 22 0.8408565 
846 568 13 19 0.8284058 
805 526 18 20 0.68899834 
822 532 10 15 0.54890984 
365 529 12 16 0.5052136 
215 539 14 21 0.37056 
531 593 19 23 0.2905069 
190 515 10 12 0.27430487 
734 479 14 23 0.18015294 
946 529 7 10 0.17353703 
7 580 12 18 0.17330803 
204 553 14 18 0.17313643 
969 512 8 10 0.16773821 
1014 532 8 12 0.16433598 
1006 547 9 12 0.16071674 
265 533 10 15 0.15826412 
827 534 10 13 0.1561235 
768 541 9 12 0.1460486 
6 573 10 14 0.13071889 
26 561 7 9 0.12046361 
910 534 8 11 0.11683849 
741 531 11 14 0.11190727 
775 536 8 11 0.10717101 
309 514 14 21 0.10713163 
949 528 8 10 0.105040774 
338 580 36 39 0.096824475 
228 547 13 16 0.0903694 
238 539 12 16 0.0864572 
975 535 10 12 0.08624908 
65 575 10 12 0.08442595 
958 541 7 10 0.08368476 
856 540 10 14 0.08191775 
862 535 10 13 0.07493806 
471 455 10 12 0.07445708 
581 515 19 30 0.0741876 
784 544 8 10 0.07270625 
1002 543 8 11 0.070733644 
893 533 10 12 0.06931044 
54 556 9 11 0.068900265 
508 516 17 20 0.06846335 
981 535 8 10 0.06838384 
56 552 7 10 0.0671862 
868 538 14 18 0.06647467 
684 601 15 16 0.06416247 
982 541 9 10 0.063216545 
220 538 18 24 0.062440623 
368 477 11 12 0.062200222 
738 527 10 13 0.060787976 
832 557 9 12 0.058714382 
356 488 13 16 0.05606001 
234 545 13 17 0.056010474 
903 533 10 12 0.054380234 
981 600 14 17 0.053917784 
218 534 14 18 0.053643692 
28 565 8 11 0.053071633 
269 530 13 19 0.052640233 
951 533 8 10 0.052154552 
911 529 7 8 0.051697433 
545 570 14 18 0.051377967 
495 471 10 13 0.050837155 
993 534 8 10 0.049993638 
843 529 11 14 0.04921413 
194 572 17 21 0.04897322 
761 540 10 13 0.04813947 
532 500 12 15 0.04738506 
312 504 10 13 0.04736243 
518 540 10 14 0.04671122 
318 755 12 12 0.04587395 
918 541 9 11 0.044342883 
904 529 9 10 0.04422838 
976 528 8 11 0.04421729 
973 516 8 10 0.04384774 
1012 541 10 13 0.043394055 
244 539 11 14 0.043352306 
910 538 10 14 0.043077238 
628 525 11 14 0.04282365 
2 565 9 13 0.042533875 
76 534 8 11 0.04221761 
1 558 8 12 0.04179939 
47 573 8 10 0.039990116 
270 580 26 30 0.038173422 
28 559 9 10 0.037662495 
565 570 13 18 0.037634984 
198 564 14 16 0.03745291 
791 532 9 13 0.03739041 
863 528 9 11 0.03682017 
957 535 8 10 0.03471207 
832 528 9 12 0.034197424 
533 573 25 29 0.03393816 
595 601 15 18 0.033904947 
953 541 9 11 0.033847544 
560 544 15 20 0.03289581 
269 580 15 18 0.032880656 
375 757 10 10 0.03267947 
847 541 9 11 0.031906962 
823 562 10 13 0.03154528 
270 522 20 28 0.031331204 
955 714 41 55 0.031102808 
991 528 9 11 0.030709537 
749 541 9 13 0.03036449 
874 570 14 18 0.029685134 
62 550 7 9 0.029457519 
340 473 13 15 0.02943575 
891 526 10 13 0.029275987 
212 562 11 15 0.029052317 
759 536 10 12 0.029001577 
747 533 10 13 0.028781874 
784 534 8 12 0.028703557 
254 554 11 14 0.028670087 
356 537 15 19 0.028665572 
48 568 8 11 0.028592508 
970 540 9 11 0.02852058 
441 489 27 35 0.028204888 
569 531 16 24 0.028148305 
55 575 9 10 0.027971089 
277 519 12 16 0.027884994 
424 486 11 14 0.027884077 
825 557 10 13 0.027871504 
50 552 8 10 0.0278244 
360 476 13 14 0.027758356 
35 598 11 16 0.027697904 
832 562 10 13 0.027684059 
201 550 12 16 0.027566398 
893 563 13 15 0.027406817 
1012 548 10 12 0.027385416 
301 519 15 22 0.027219146 
1005 535 20 26 0.026740065 
936 527 7 10 0.026587462 
38 583 8 11 0.026542943 
595 588 25 31 0.026390662 
596 516 13 18 0.02615902 
323 521 14 18 0.025978705 
427 514 11 17 0.025802273 
314 507 14 20 0.025621485 
835 557 12 15 0.02559318 
894 548 13 16 0.025092412 
869 565 14 19 0.024910517 
365 492 12 15 0.024770513 
528 465 13 17 0.024757555 
884 548 12 16 0.024651524 
67 589 11 14 0.02445368 
692 559 16 22 0.024231853 
748 582 10 13 0.024164228 
708 479 37 51 0.02407165 
509 537 13 17 0.024053676 
374 492 12 15 0.024021538 
838 578 13 15 0.023890229 
33 583 8 11 0.02368334 
350 756 10 11 0.023642723 
69 577 10 13 0.023560924 
11 573 9 12 0.023548804 
909 545 11 17 0.02354476 
759 571 10 12 0.023493188 
32 590 10 13 0.023365432 
929 534 8 10 0.023326993 
839 566 14 17 0.02329456 
62 544 8 10 0.023244383 
336 470 11 14 0.023210552 
57 581 9 11 0.022916043 
765 547 11 14 0.022911008 
342 486 12 14 0.022285748 
271 518 10 15 0.02220099 
832 580 11 15 0.022091521 
789 541 9 12 0.02207489 
465 534 30 35 0.021967467 
501 468 12 15 0.021950625 
853 559 11 15 0.021921959 
983 548 11 12 0.021764658 
902 538 12 16 0.021757055 
487 473 14 16 0.021623775 
672 469 10 13 0.021540634 
25 596 9 12 0.021504585 
258 577 24 27 0.02145078 
534 570 13 16 0.02136827 
930 529 7 8 0.021313272 
997 535 8 11 0.021272872 
928 692 9 13 0.021212555 
1009 529 8 10 0.021147596 
326 507 12 17 0.021122875 
438 505 14 19 0.02087114 
287 529 23 29 0.020778 
315 512 20 27 0.020640703 
774 558 9 11 0.020383164 
808 483 209 235 0.020138185 
61 568 21 25 0.02006431 
876 557 25 30 0.020035442 
