0_Parade_Parade_0_218
260
739 386 36 39 0.99897814 
287 388 35 38 0.6749374 
926 622 11 13 0.65931726 
944 540 9 10 0.5597399 
141 558 12 16 0.49694765 
1008 601 13 15 0.43352637 
102 518 9 11 0.4077164 
919 548 8 11 0.38466093 
853 529 13 16 0.37727836 
101 524 12 15 0.29876128 
38 558 9 11 0.28652567 
1014 535 8 10 0.26689515 
65 551 9 12 0.26658428 
181 670 12 14 0.23794338 
56 574 9 12 0.21908866 
869 542 9 11 0.1872061 
942 612 9 11 0.17146708 
84 592 11 14 0.16880345 
201 663 15 17 0.1652605 
968 549 9 10 0.14637473 
31 573 9 10 0.14507064 
89 552 8 10 0.12837479 
894 553 8 10 0.12425296 
927 581 8 11 0.12262636 
847 217 12 14 0.11873362 
277 71 438 510 0.117933586 
708 375 29 36 0.117795035 
985 541 8 11 0.11496776 
101 567 11 13 0.1135333 
236 605 16 18 0.11322355 
268 439 33 42 0.112860315 
153 510 25 42 0.11222937 
881 550 8 10 0.110383414 
5 551 8 10 0.10781053 
111 541 11 14 0.10598511 
286 619 11 14 0.10386968 
0 613 8 14 0.10079003 
523 227 58 62 0.10002995 
271 581 10 12 0.0951964 
111 571 11 15 0.09004416 
34 567 9 12 0.08909068 
37 564 9 12 0.08908009 
958 558 8 10 0.08482267 
929 576 8 10 0.08477445 
116 573 10 14 0.08293577 
983 537 9 10 0.07767817 
97 516 10 11 0.076024 
910 532 9 10 0.07591714 
880 544 9 10 0.07547979 
386 252 37 38 0.072805874 
63 612 10 14 0.07066496 
33 139 25 40 0.070608936 
975 604 10 12 0.07045891 
362 669 10 12 0.07027706 
920 584 8 10 0.07014323 
169 659 11 13 0.06985033 
101 657 11 15 0.06903559 
53 568 9 11 0.06894552 
49 565 9 11 0.067064434 
327 508 9 11 0.066802725 
928 558 8 11 0.064297356 
25 575 8 10 0.06423278 
105 541 12 14 0.06414099 
110 586 13 18 0.063913494 
95 571 14 17 0.06337877 
100 481 16 20 0.06196269 
894 288 15 20 0.0599865 
4 573 10 12 0.058809698 
954 552 8 11 0.05706496 
104 586 12 17 0.055275593 
958 552 8 9 0.054888092 
117 568 9 11 0.05476856 
943 288 16 20 0.053248648 
1000 533 8 10 0.052405547 
255 621 12 16 0.05171721 
160 647 10 12 0.051518112 
19 622 12 14 0.049945276 
655 562 11 14 0.049055003 
837 495 15 17 0.048834134 
991 598 8 12 0.048753604 
15 566 8 10 0.04851537 
37 583 9 11 0.04810017 
237 595 14 17 0.04782557 
303 399 19 21 0.047311056 
928 536 8 10 0.047203366 
382 662 9 10 0.046932094 
614 661 10 13 0.046878576 
71 598 10 12 0.04643611 
22 602 12 15 0.044957872 
70 611 12 17 0.044429608 
0 607 10 14 0.044340022 
948 536 8 11 0.04372912 
927 542 8 10 0.043541573 
255 603 10 13 0.043470617 
859 526 13 18 0.042947195 
992 558 9 11 0.04214417 
888 615 9 11 0.041394778 
115 579 12 17 0.041300144 
935 613 11 12 0.041275803 
67 555 11 12 0.04100649 
424 197 34 41 0.040860135 
142 532 10 14 0.040540572 
61 656 14 17 0.04024691 
884 543 9 10 0.040086992 
870 549 8 9 0.039618477 
876 629 10 13 0.039409805 
1011 607 12 16 0.03917339 
45 558 10 12 0.03837527 
871 533 10 14 0.038189564 
126 672 13 14 0.037923556 
953 476 9 11 0.03768578 
149 574 11 14 0.037514806 
115 646 11 14 0.03731152 
109 533 12 15 0.037206315 
1006 590 14 18 0.03653745 
15 605 11 14 0.0363181 
910 641 8 11 0.035455316 
378 661 8 11 0.0353706 
983 671 9 10 0.035147496 
79 583 9 11 0.035112232 
920 555 9 11 0.03503099 
96 481 12 18 0.034995906 
937 607 9 11 0.034967918 
930 599 8 11 0.034711495 
960 279 12 13 0.0345688 
577 395 24 29 0.034543756 
179 663 20 23 0.034464464 
70 545 10 12 0.03415289 
1000 597 11 13 0.033679653 
49 572 10 13 0.033576075 
921 627 9 12 0.03314325 
94 557 9 11 0.032382485 
388 329 31 36 0.031747617 
949 613 11 13 0.03169728 
97 529 11 14 0.031642165 
925 234 11 13 0.03142007 
173 596 14 17 0.031406004 
146 561 12 16 0.03137027 
125 530 11 13 0.03136087 
110 557 9 12 0.030658195 
4 618 10 15 0.030340085 
887 551 8 10 0.030161746 
905 591 8 10 0.02998229 
3 611 12 15 0.029874116 
129 661 9 11 0.029868728 
100 576 14 20 0.029792972 
273 560 8 10 0.029667027 
977 631 10 12 0.029596249 
361 664 8 10 0.029243765 
913 582 8 10 0.029236944 
180 644 11 12 0.029186588 
37 572 9 12 0.02909822 
5 581 11 14 0.028949916 
277 589 9 11 0.028759355 
89 510 8 11 0.0286643 
97 518 20 23 0.028646741 
393 663 8 10 0.02847971 
143 571 12 15 0.02844017 
868 527 12 15 0.028332055 
57 551 8 10 0.02831164 
968 607 10 13 0.028301362 
103 560 10 11 0.028279865 
0 569 10 13 0.028216913 
84 583 10 13 0.028101537 
1004 551 8 10 0.028036956 
949 607 11 13 0.027944304 
1007 575 10 13 0.027762461 
242 591 11 13 0.027666833 
360 161 228 254 0.027588084 
934 549 8 10 0.027556365 
870 496 8 10 0.027400738 
296 582 8 10 0.027351527 
999 558 10 11 0.027288893 
261 645 9 12 0.026999397 
32 581 9 12 0.026666565 
939 662 13 15 0.026660077 
397 665 9 11 0.02632191 
928 605 9 11 0.026239676 
143 670 10 12 0.026229413 
1009 533 9 11 0.02611245 
905 533 8 11 0.026064238 
129 655 9 11 0.026041484 
56 609 11 15 0.026038397 
639 236 38 45 0.025907721 
952 264 10 12 0.025846887 
6 567 9 12 0.025843885 
920 235 10 13 0.025518222 
972 550 8 10 0.025379933 
895 532 9 12 0.025229247 
255 581 10 12 0.025035145 
917 269 11 14 0.02502736 
134 659 10 13 0.024997445 
16 573 8 10 0.024536286 
228 581 11 15 0.024492355 
976 527 8 9 0.024438325 
944 279 9 12 0.024430273 
1014 529 9 12 0.024226766 
926 550 8 11 0.024191396 
46 609 13 15 0.024146918 
187 613 14 18 0.02408496 
992 645 12 15 0.023966063 
973 612 10 12 0.023922872 
204 630 15 18 0.023855163 
846 527 23 26 0.023838071 
260 599 10 11 0.023706097 
928 342 9 12 0.02368302 
990 551 9 11 0.023669817 
967 535 8 10 0.02342475 
173 587 13 15 0.023399914 
517 191 95 111 0.02323803 
265 401 48 51 0.023213187 
74 580 10 12 0.022918418 
934 559 8 10 0.022787053 
269 629 12 13 0.0227252 
974 663 10 12 0.022512538 
1006 599 20 26 0.022489293 
920 660 8 11 0.022373514 
678 527 8 11 0.022348395 
7 555 9 12 0.022300975 
935 269 9 12 0.022267917 
189 661 12 16 0.022182077 
929 566 8 10 0.02214475 
316 570 11 14 0.022138525 
944 270 8 10 0.022135263 
1004 565 10 12 0.022111082 
977 535 8 10 0.02203953 
635 268 18 22 0.021979073 
109 535 18 24 0.021952467 
888 566 10 12 0.021916041 
659 559 11 14 0.021855805 
967 558 9 11 0.021738984 
959 606 10 13 0.021736493 
415 660 9 11 0.021637943 
957 263 11 13 0.02163359 
991 535 8 10 0.021567227 
975 668 11 12 0.021561477 
1005 323 14 18 0.021391386 
532 334 36 34 0.021388344 
305 526 8 9 0.021320548 
936 264 8 11 0.021260649 
957 643 11 13 0.02124516 
116 547 9 12 0.021208787 
990 592 9 12 0.02110409 
926 654 9 12 0.021044124 
886 533 12 12 0.021005318 
104 568 19 25 0.020980591 
1004 558 9 11 0.020926058 
890 558 9 10 0.020899292 
960 564 8 10 0.020805359 
108 486 14 17 0.020735394 
682 290 37 40 0.020683138 
902 557 7 10 0.020642905 
431 662 10 11 0.020522593 
920 655 9 12 0.020444991 
313 566 10 12 0.020322068 
1008 529 9 10 0.020172399 
949 349 14 18 0.020172276 
94 587 12 16 0.020171937 
163 521 30 37 0.020122305 
179 555 14 15 0.020095643 
