0_Parade_Parade_0_353
154
494 238 26 35 0.989776 
836 262 21 27 0.9430004 
325 295 30 35 0.8932964 
693 247 14 18 0.89212596 
389 259 20 26 0.8857291 
887 247 14 18 0.8824994 
288 288 14 16 0.8780252 
456 284 10 12 0.6195849 
742 248 25 33 0.5951008 
259 298 14 17 0.42113262 
571 256 53 58 0.3930471 
203 304 16 19 0.37926105 
254 289 14 18 0.3389009 
315 265 13 16 0.31915176 
664 218 15 18 0.3031689 
860 249 14 18 0.30252793 
171 294 23 23 0.27791607 
207 300 22 25 0.17767832 
799 256 11 13 0.17542413 
103 246 9 12 0.17374445 
450 241 20 22 0.1480932 
600 235 43 46 0.1428413 
198 309 23 29 0.13291837 
155 374 10 11 0.12965855 
245 310 12 16 0.12627815 
151 388 11 14 0.11488229 
34 339 14 18 0.11325321 
724 253 11 14 0.11180706 
824 277 11 15 0.11040013 
732 253 21 30 0.107127436 
0 367 8 12 0.10582287 
796 275 10 13 0.10524812 
295 340 15 17 0.10485451 
258 311 22 29 0.09778677 
121 370 18 21 0.09606271 
1 398 17 23 0.09225283 
937 249 9 12 0.0721721 
218 305 14 16 0.07073322 
296 336 23 28 0.06804976 
902 242 12 15 0.06782816 
796 267 14 17 0.066616185 
42 331 14 16 0.06594437 
562 266 36 47 0.06201727 
146 40 44 58 0.06188102 
721 255 22 30 0.05851704 
156 319 8 11 0.0572322 
904 302 8 11 0.057137433 
654 204 11 12 0.05676189 
942 248 7 11 0.056000058 
187 300 13 15 0.0558813 
458 278 13 17 0.05436116 
278 358 10 13 0.05062642 
42 338 15 17 0.049557086 
97 369 17 18 0.049548972 
782 269 11 16 0.047139756 
792 260 13 16 0.045003146 
724 289 15 20 0.044107787 
849 255 19 24 0.0436783 
445 267 11 15 0.04323411 
824 254 11 13 0.042728774 
317 329 13 17 0.042462487 
268 219 24 29 0.042245924 
309 258 21 28 0.041461088 
255 301 23 28 0.041397832 
262 328 14 18 0.041304626 
752 249 22 27 0.04097067 
155 380 13 17 0.040776335 
148 307 13 14 0.040077657 
908 238 12 15 0.040052794 
432 280 9 12 0.038834963 
897 233 22 25 0.038332816 
189 355 11 15 0.038257483 
460 288 12 16 0.037897464 
926 240 9 11 0.03762156 
616 252 38 46 0.03706985 
256 288 22 26 0.03706238 
191 362 11 14 0.03677094 
68 365 11 15 0.03611581 
438 282 10 12 0.03610946 
5 371 9 12 0.035922106 
174 349 10 12 0.035541706 
276 323 11 15 0.03514974 
789 267 15 19 0.03444081 
926 246 8 10 0.03360213 
301 308 14 16 0.033103175 
290 315 26 29 0.03266664 
449 277 10 14 0.032626636 
255 308 13 15 0.032035653 
121 390 11 13 0.03149193 
382 266 24 29 0.031405903 
794 254 19 23 0.03137475 
827 272 17 21 0.031158099 
814 253 9 12 0.030573543 
718 255 16 21 0.030068286 
336 310 29 33 0.029762229 
910 253 9 11 0.029141832 
26 311 8 11 0.02873335 
917 239 11 13 0.02852782 
254 323 14 17 0.028140193 
377 276 24 31 0.028040241 
308 331 14 18 0.02760613 
183 349 12 14 0.027484689 
989 255 7 9 0.02744763 
529 192 9 13 0.026864238 
30 334 13 17 0.026752193 
167 317 11 13 0.026591733 
343 322 28 31 0.026377272 
919 254 9 11 0.026332054 
686 260 12 15 0.026234047 
302 303 11 13 0.025965858 
571 259 16 19 0.025829399 
52 333 12 14 0.02533633 
323 292 20 25 0.025222862 
244 305 21 27 0.025036402 
433 180 13 17 0.024910089 
284 345 14 16 0.024862599 
84 322 13 15 0.024809888 
155 402 16 21 0.024794335 
837 290 11 15 0.024738751 
300 312 18 21 0.024705088 
149 383 21 26 0.024661547 
59 366 22 28 0.0241807 
434 235 27 31 0.02414694 
428 335 14 15 0.024063956 
888 236 22 25 0.02398842 
51 340 13 15 0.02371714 
344 297 20 23 0.02369349 
732 251 14 19 0.02353094 
849 265 14 19 0.023453012 
376 285 13 17 0.02336791 
861 250 20 27 0.023023136 
259 266 11 14 0.0229814 
868 246 12 16 0.022934025 
184 342 23 29 0.022913015 
849 232 9 12 0.022667538 
71 324 12 13 0.022630475 
999 263 7 9 0.022320114 
1002 284 8 11 0.022241708 
897 301 9 11 0.022143511 
710 250 11 15 0.022140248 
276 349 14 16 0.022079531 
267 308 12 15 0.021881046 
919 245 9 12 0.021584436 
274 354 11 15 0.021430995 
195 346 15 19 0.021388032 
195 364 13 14 0.021129996 
186 321 28 35 0.020888701 
470 289 11 15 0.020765107 
197 328 15 20 0.020613771 
827 311 11 14 0.020548211 
282 356 13 16 0.02033048 
668 247 10 12 0.020236304 
60 386 14 17 0.02003441 
48 353 28 33 0.020027962 
