0_Parade_marchingband_1_267
216
466 223 31 35 0.99959546 
316 222 25 34 0.99844664 
166 246 33 38 0.99842846 
-1 220 29 46 0.9984257 
424 203 25 32 0.9976972 
354 236 25 32 0.9966354 
584 226 25 31 0.99487334 
510 233 26 32 0.9919973 
925 145 14 18 0.99015933 
803 139 19 21 0.9837616 
564 138 17 19 0.9791628 
505 195 22 26 0.9543254 
713 164 17 22 0.9494614 
681 143 16 18 0.9429901 
584 180 18 24 0.92989904 
550 179 20 26 0.9262545 
588 141 14 17 0.89756733 
646 156 16 19 0.8969274 
831 146 15 17 0.8891383 
763 154 14 16 0.86530024 
622 175 16 20 0.8635392 
710 186 16 21 0.65910476 
964 131 12 15 0.64780456 
846 133 10 13 0.6294404 
656 187 16 21 0.62173784 
615 105 13 16 0.550353 
735 146 14 19 0.5501702 
990 141 10 14 0.4395425 
677 197 13 18 0.40511093 
773 150 12 15 0.37783885 
606 209 15 20 0.36070007 
702 148 13 16 0.3082404 
877 123 9 12 0.27818066 
637 103 12 14 0.26489714 
789 137 11 14 0.24366584 
661 153 14 18 0.23735335 
912 118 12 15 0.23345897 
633 147 12 15 0.20576525 
985 141 10 15 0.18610884 
631 105 12 15 0.16724434 
795 175 12 15 0.16239797 
852 133 11 14 0.14915535 
896 120 10 12 0.14039157 
469 207 30 36 0.13467808 
486 87 9 12 0.12589836 
1001 110 8 11 0.122534215 
509 111 8 11 0.12123031 
472 197 24 27 0.11327068 
995 140 10 14 0.11071152 
553 111 11 12 0.10216501 
549 148 14 16 0.08719341 
608 105 11 15 0.08117009 
785 140 10 13 0.081137784 
936 104 7 10 0.079292126 
469 102 9 12 0.074694864 
554 373 16 20 0.07314892 
153 54 26 30 0.061457146 
902 101 10 12 0.061383776 
902 124 9 12 0.059789695 
583 94 9 12 0.059674814 
778 149 12 14 0.05612141 
983 110 8 10 0.05579698 
690 145 14 17 0.05530649 
682 200 15 20 0.054640424 
790 147 13 15 0.053635426 
940 134 10 12 0.053393546 
666 191 16 24 0.05148756 
488 102 8 11 0.0500798 
656 196 18 21 0.049466126 
532 241 16 22 0.048027974 
439 110 8 10 0.047964014 
874 120 9 12 0.046551783 
880 79 11 13 0.04603897 
494 104 9 11 0.045629364 
503 115 11 13 0.04557324 
721 164 15 20 0.04518516 
985 134 10 15 0.04507506 
496 109 8 10 0.044905744 
675 204 16 21 0.04417841 
783 204 11 13 0.043901533 
748 147 11 15 0.042374816 
960 127 13 15 0.04220844 
405 116 10 13 0.04195358 
592 145 15 17 0.041725256 
107 199 423 491 0.04050783 
626 180 17 21 0.040028267 
917 112 10 12 0.039930854 
791 157 13 15 0.039816495 
935 134 11 12 0.03972215 
583 88 8 10 0.03970651 
976 88 7 9 0.039268933 
887 125 9 12 0.03922039 
972 133 9 13 0.039213598 
967 111 8 10 0.0392102 
63 62 8 10 0.03889893 
498 117 9 12 0.03840955 
1008 29 10 16 0.03777432 
860 135 10 12 0.037443016 
240 393 16 18 0.036912415 
680 94 9 11 0.036347527 
912 113 10 11 0.034745913 
640 155 14 18 0.03472997 
480 102 9 11 0.03463518 
98 459 15 18 0.03397702 
457 563 55 60 0.03375829 
902 131 9 13 0.033523485 
974 139 11 15 0.033116583 
667 147 13 18 0.03310749 
618 203 14 17 0.033058025 
792 164 13 15 0.032863863 
945 75 10 12 0.032736022 
600 109 10 13 0.032702822 
966 118 10 12 0.032452893 
134 37 46 49 0.032330718 
1000 104 8 11 0.032297388 
602 156 13 16 0.032260533 
533 87 10 12 0.03190866 
740 187 12 15 0.031905334 
432 108 8 12 0.031585526 
786 133 22 25 0.03139964 
269 58 11 16 0.031349275 
725 149 19 24 0.031004762 
590 94 9 11 0.031001776 
986 103 8 10 0.030697415 
973 94 9 10 0.030580044 
598 93 8 11 0.030493101 
710 113 11 14 0.03037097 
302 221 23 31 0.030348798 
824 154 12 14 0.030304749 
999 115 10 12 0.030297168 
519 104 9 12 0.030244838 
649 252 17 21 0.030233512 
542 273 186 245 0.029978031 
321 102 7 9 0.02981286 
619 157 12 15 0.02968472 
407 109 11 14 0.029498678 
634 185 15 20 0.029365722 
860 86 9 11 0.028679987 
311 51 9 12 0.028608993 
911 156 10 13 0.028518103 
412 102 13 15 0.028514931 
884 118 9 12 0.028269138 
904 97 9 11 0.028025266 
953 118 9 12 0.027785394 
483 91 9 12 0.027462926 
910 116 21 24 0.027286107 
951 150 8 11 0.02725427 
844 149 11 14 0.027150724 
616 317 24 33 0.026966559 
689 202 16 20 0.026892694 
612 213 21 26 0.026798975 
911 149 10 14 0.02675517 
953 97 8 10 0.026490418 
905 157 9 12 0.026466351 
680 113 13 17 0.026446715 
550 166 16 19 0.026229566 
975 149 11 14 0.02609655 
958 118 9 12 0.025931925 
472 70 10 12 0.025247922 
663 144 12 15 0.025089288 
664 109 11 14 0.02503681 
897 101 10 13 0.024962967 
1014 142 9 13 0.024751594 
951 141 9 12 0.024639701 
600 103 10 12 0.024506852 
841 127 11 14 0.0243328 
226 384 30 32 0.024289852 
621 166 14 17 0.024222685 
558 77 8 10 0.024197567 
941 127 8 11 0.024169652 
881 113 9 13 0.02413574 
582 115 9 13 0.024088155 
440 117 9 12 0.024058934 
959 102 7 9 0.023697188 
671 199 15 20 0.023559399 
992 96 8 11 0.023426129 
597 162 16 18 0.02334305 
445 139 12 17 0.023302168 
667 179 15 19 0.023206001 
517 155 13 17 0.023107393 
170 322 26 29 0.022961844 
552 76 9 11 0.02294645 
52 573 29 33 0.022849282 
558 143 16 18 0.022805437 
560 125 23 29 0.022776589 
487 107 8 11 0.022747045 
423 107 10 13 0.022721717 
633 113 15 17 0.022360211 
887 131 10 13 0.022357808 
597 266 24 27 0.022087893 
404 131 15 19 0.02197543 
991 102 8 11 0.02192904 
607 77 8 10 0.021925727 
456 120 10 12 0.021490071 
535 79 10 11 0.021438796 
927 109 8 10 0.021257618 
372 133 10 12 0.021145599 
862 125 10 12 0.02112281 
767 109 8 10 0.02105968 
790 187 12 14 0.020997189 
759 109 10 12 0.02097111 
344 132 12 16 0.020759983 
441 124 10 14 0.020736696 
997 83 9 12 0.020699365 
320 128 9 12 0.020585388 
342 110 8 11 0.020520914 
1006 141 11 14 0.020498544 
973 154 11 14 0.020455422 
600 76 9 10 0.020402763 
981 86 7 10 0.02030683 
537 70 9 10 0.020216769 
603 196 16 19 0.020203229 
529 90 11 14 0.020188285 
939 147 11 15 0.020114606 
577 94 10 13 0.020042073 
645 108 9 12 0.020034458 
