0_Parade_Parade_0_43
2092
186 388 19 22 0.99160063 
489 224 18 21 0.99037325 
544 289 18 20 0.9899013 
770 460 19 22 0.9847882 
886 465 16 21 0.98365885 
11 481 18 22 0.9833756 
824 518 18 21 0.97747016 
755 402 19 22 0.9768421 
678 448 18 23 0.97670764 
386 340 17 22 0.97467107 
499 510 21 27 0.9738017 
265 514 20 22 0.9737312 
549 449 18 22 0.9718865 
201 452 19 22 0.9687459 
501 392 20 25 0.9676697 
306 356 19 23 0.966028 
655 350 19 23 0.96574056 
76 455 18 21 0.96499455 
810 435 18 22 0.9641811 
943 522 19 21 0.963811 
153 508 20 22 0.9637812 
443 448 20 23 0.95662475 
253 378 19 22 0.951539 
602 509 22 27 0.95090735 
703 377 18 22 0.9422283 
599 343 19 22 0.9332855 
715 518 18 21 0.921306 
398 512 20 23 0.9199125 
31 510 19 21 0.9187437 
310 453 19 23 0.9187208 
135 427 19 23 0.8959723 
438 284 20 27 0.88745123 
245 346 14 17 0.8244834 
900 373 10 13 0.8091286 
925 357 11 14 0.80683804 
848 293 10 13 0.77714247 
639 294 12 16 0.7160903 
978 324 11 14 0.6995485 
143 277 9 12 0.6850253 
775 317 10 13 0.6799893 
847 325 11 15 0.67580813 
701 335 12 14 0.6447299 
790 328 9 13 0.63157016 
306 323 14 16 0.61535347 
820 311 11 14 0.6069515 
999 309 10 12 0.6042632 
173 274 10 13 0.6038322 
620 297 14 16 0.6007856 
365 283 11 14 0.5977385 
905 326 10 13 0.59143704 
838 357 12 15 0.5843818 
935 331 11 13 0.5693131 
825 271 9 11 0.56525654 
702 261 8 10 0.56344897 
885 270 9 11 0.55988944 
993 254 9 12 0.54226166 
853 222 10 12 0.529603 
919 278 8 11 0.51216555 
113 271 9 12 0.51007247 
968 256 8 10 0.5070627 
725 314 10 13 0.5026168 
301 231 8 10 0.49934503 
742 324 12 15 0.49666372 
808 262 9 11 0.49464712 
885 375 10 13 0.4902677 
839 255 10 13 0.48423916 
838 373 11 14 0.47726235 
342 273 8 11 0.4659589 
895 299 10 13 0.46538752 
147 405 15 18 0.46485406 
793 388 15 18 0.4642553 
905 255 10 12 0.42824093 
772 383 15 19 0.42651883 
820 367 11 13 0.42349815 
952 260 8 11 0.41538018 
277 253 10 12 0.41075408 
674 309 10 12 0.40789056 
154 255 9 11 0.40630934 
981 245 9 12 0.40551326 
927 264 10 11 0.4040811 
953 239 8 11 0.39868742 
872 229 9 13 0.39832747 
930 269 10 12 0.39766887 
750 263 9 12 0.3952135 
759 228 7 9 0.38490728 
583 271 10 12 0.3792817 
656 279 10 12 0.3778836 
564 263 10 13 0.3764178 
846 261 9 11 0.3689275 
158 260 10 12 0.36462483 
803 534 18 24 0.36389947 
864 263 9 11 0.35620454 
630 326 15 20 0.35348195 
659 317 13 15 0.3441083 
639 305 11 14 0.34287292 
968 488 16 20 0.3380405 
816 334 12 15 0.3374262 
885 262 10 13 0.3229499 
888 208 7 10 0.32207677 
765 302 9 11 0.3181002 
1014 303 8 12 0.3175836 
104 232 9 12 0.31269872 
807 269 9 12 0.31248906 
349 238 8 10 0.31132588 
790 270 9 12 0.30905128 
337 230 8 11 0.30882496 
673 279 8 11 0.3025005 
117 220 9 11 0.30148336 
237 270 11 14 0.29536352 
23 203 9 11 0.29446074 
74 222 8 11 0.2917907 
936 213 7 10 0.28278056 
754 292 9 12 0.28254387 
215 254 8 10 0.28015092 
362 278 10 13 0.2786636 
708 301 11 13 0.27792048 
935 247 9 11 0.27765387 
936 309 9 12 0.2761451 
327 285 10 13 0.27156138 
293 284 9 12 0.27021995 
309 302 11 13 0.26657498 
525 315 22 26 0.26563707 
782 351 10 13 0.2654682 
728 244 9 10 0.2616155 
878 405 11 13 0.26114258 
873 318 10 13 0.25955465 
878 237 10 12 0.2590504 
729 263 9 11 0.25878805 
103 208 8 11 0.25727808 
869 287 10 13 0.25550878 
729 231 8 10 0.25494075 
250 229 8 10 0.25379914 
928 295 9 12 0.25316638 
607 240 9 10 0.2512321 
710 278 9 11 0.25030538 
728 239 8 11 0.24996026 
744 197 8 10 0.24921222 
151 236 9 11 0.24848588 
119 200 8 10 0.24838838 
49 191 9 12 0.24824212 
343 237 9 11 0.24819829 
862 371 10 13 0.24806313 
217 275 9 12 0.24600771 
863 395 11 16 0.2446343 
367 173 9 11 0.24343683 
686 271 7 10 0.24261597 
853 305 12 14 0.24215336 
735 292 9 13 0.24200617 
134 207 9 12 0.24096 
787 245 8 11 0.2407134 
708 296 9 11 0.24035206 
234 213 7 10 0.23995486 
888 213 9 11 0.23964773 
61 254 7 10 0.23840752 
289 269 8 10 0.23767029 
673 284 9 11 0.23762017 
112 120 8 9 0.23631911 
781 286 10 12 0.23391466 
999 261 8 11 0.23056498 
759 271 9 11 0.23032467 
815 159 9 11 0.22989576 
119 252 8 10 0.22829162 
911 404 10 12 0.22642082 
773 356 11 16 0.225187 
712 349 11 12 0.2246961 
361 222 8 10 0.22407767 
72 214 9 12 0.22229405 
40 256 8 11 0.21938725 
183 232 8 9 0.21807608 
899 345 12 15 0.21789935 
830 293 9 12 0.21718751 
584 293 11 16 0.21696298 
933 301 9 11 0.21473637 
919 375 10 13 0.21441668 
257 256 10 12 0.2143499 
725 329 12 17 0.21215269 
151 172 8 12 0.21107589 
751 222 8 11 0.2109878 
721 207 8 10 0.21087064 
982 215 8 10 0.21033989 
558 239 8 10 0.20934859 
198 277 10 12 0.20851533 
95 214 8 11 0.20684423 
713 239 7 9 0.20568219 
110 174 9 12 0.20256026 
600 255 8 11 0.2021617 
792 264 8 11 0.20196164 
901 190 8 10 0.19988176 
801 190 8 10 0.19769846 
576 238 8 10 0.19747703 
718 256 8 10 0.19679263 
193 238 9 11 0.19651283 
238 246 10 11 0.19648609 
326 303 10 12 0.19537601 
708 308 11 14 0.1937914 
851 414 11 15 0.19304267 
889 359 8 11 0.19288725 
794 169 8 10 0.19224878 
576 340 14 17 0.19087027 
135 238 8 11 0.19071063 
352 300 11 14 0.19041494 
326 280 10 13 0.19026414 
887 255 10 11 0.18814921 
898 184 7 9 0.18625313 
670 215 8 11 0.18561292 
313 219 8 11 0.1853954 
672 301 9 12 0.18523808 
863 355 9 12 0.18397844 
208 230 8 10 0.18378858 
984 270 9 11 0.18359734 
743 329 13 18 0.18329053 
879 191 8 10 0.1832444 
870 599 10 13 0.1824224 
304 271 9 13 0.18215325 
468 248 22 25 0.18092361 
800 362 13 15 0.18069853 
872 366 10 12 0.18032168 
728 268 9 11 0.1798608 
806 275 9 12 0.17900614 
942 173 8 11 0.17796619 
812 237 9 10 0.17767632 
826 175 8 10 0.17630035 
815 286 10 13 0.1761349 
166 232 8 10 0.17547597 
165 573 12 16 0.17504434 
168 159 7 9 0.17454313 
735 208 7 9 0.17321754 
953 231 7 9 0.17215125 
158 232 9 11 0.17133579 
923 502 13 16 0.16964543 
613 284 9 11 0.16951913 
367 534 20 26 0.16857019 
903 318 10 14 0.16821341 
658 169 7 10 0.16784728 
94 223 8 11 0.16703382 
319 280 9 12 0.16558927 
908 330 10 12 0.16455129 
734 286 9 11 0.16436386 
871 191 8 10 0.16373962 
4 517 15 19 0.1635738 
678 238 8 10 0.16356596 
113 216 9 11 0.16273174 
911 273 9 10 0.16251595 
2 158 7 11 0.16202454 
680 322 12 16 0.16194263 
745 237 8 10 0.16084242 
582 239 8 11 0.16050689 
119 236 8 10 0.15995653 
609 262 8 10 0.15940312 
737 167 7 8 0.15939382 
912 239 9 10 0.15910764 
601 280 8 11 0.15875742 
999 332 10 12 0.15875074 
129 208 8 11 0.15841787 
351 296 10 12 0.15794154 
271 278 9 11 0.15735656 
757 289 9 11 0.15724503 
254 230 8 11 0.15673181 
702 316 11 13 0.15602836 
706 191 8 10 0.15553449 
810 232 8 9 0.15547876 
601 199 8 10 0.15496764 
694 246 7 9 0.15453404 
601 295 9 12 0.15365407 
857 215 8 11 0.15354669 
64 237 8 10 0.15315004 
178 176 9 11 0.15309475 
639 230 7 10 0.15266004 
917 480 10 14 0.15215735 
273 184 8 10 0.15176058 
317 525 11 13 0.15165426 
855 245 9 11 0.15152887 
303 307 10 13 0.15043299 
225 240 8 9 0.15004803 
1009 206 8 10 0.14987485 
970 310 10 13 0.14902449 
237 214 8 9 0.1490076 
137 232 7 10 0.14884794 
713 246 7 10 0.1486194 
575 215 8 11 0.1482903 
238 263 10 12 0.14812458 
945 225 7 10 0.14800748 
131 502 16 19 0.14756182 
326 128 7 10 0.14721678 
613 264 9 11 0.14705098 
711 183 7 9 0.14680554 
199 272 10 11 0.14675438 
863 213 8 11 0.1466523 
774 191 8 9 0.14660053 
1006 182 8 10 0.14605647 
798 173 7 9 0.14572999 
868 262 8 11 0.14523363 
309 205 7 11 0.14496297 
253 278 9 12 0.14491025 
349 330 12 17 0.14435565 
662 169 7 10 0.14428477 
806 301 10 12 0.14358777 
694 206 8 11 0.14342073 
129 264 8 10 0.14309585 
322 129 7 10 0.14293948 
168 371 13 17 0.14258513 
263 191 7 9 0.14247222 
945 153 7 9 0.14131837 
849 298 12 16 0.14127603 
839 168 9 10 0.14127044 
298 135 7 9 0.14010872 
211 588 16 18 0.13984546 
73 198 7 9 0.13975862 
792 173 8 10 0.1392864 
207 254 9 11 0.13916238 
585 588 14 17 0.13883615 
876 311 10 12 0.13841312 
846 246 8 11 0.13815852 
97 142 9 12 0.13805167 
752 198 8 10 0.13798675 
133 212 9 11 0.13759315 
311 166 8 10 0.13741116 
807 256 10 12 0.13730302 
768 275 9 12 0.13718925 
952 191 7 9 0.13686854 
112 236 8 10 0.1363126 
807 308 9 13 0.13596933 
957 238 8 10 0.13543804 
554 485 17 21 0.13364205 
746 215 8 10 0.133491 
200 152 6 8 0.13332863 
96 228 8 11 0.13284789 
344 310 10 12 0.13148977 
134 189 7 10 0.1314513 
214 223 8 10 0.13117656 
1006 176 8 9 0.13038786 
912 200 9 11 0.13036937 
719 639 14 19 0.13032374 
286 157 7 11 0.13008223 
807 325 10 13 0.12997581 
671 295 9 11 0.12984273 
857 208 8 10 0.12912111 
712 231 7 10 0.12833421 
1009 270 8 10 0.12822646 
136 269 8 10 0.12822217 
888 219 10 12 0.12814228 
76 254 8 11 0.12793581 
1007 327 9 11 0.12761727 
807 190 9 10 0.12752129 
33 176 8 10 0.12695976 
288 284 11 13 0.12662032 
102 143 11 12 0.12635225 
1007 200 9 11 0.12615006 
205 523 14 17 0.12571868 
773 275 10 13 0.12528719 
38 239 8 10 0.124769576 
324 308 12 14 0.12448323 
328 247 9 12 0.12428042 
368 246 8 11 0.12413208 
638 269 8 11 0.12398661 
697 315 10 13 0.123291045 
821 376 12 16 0.12307771 
655 240 8 10 0.12293178 
583 215 9 10 0.122824565 
978 240 8 10 0.12242107 
310 296 11 12 0.12229467 
234 274 10 12 0.121943615 
744 232 8 10 0.121644035 
887 176 7 10 0.12161175 
209 214 6 9 0.121539444 
134 264 8 10 0.12147752 
959 166 8 9 0.12102177 
313 238 9 10 0.11950086 
761 168 7 9 0.118579626 
957 261 8 10 0.11851994 
672 272 7 9 0.11847521 
120 205 8 10 0.11806881 
904 271 10 12 0.11766579 
279 285 9 11 0.11751654 
176 215 8 9 0.117366634 
396 615 17 20 0.11736639 
697 255 7 10 0.116808966 
182 236 8 11 0.11667502 
920 231 8 10 0.11652812 
221 166 8 9 0.116465755 
877 232 10 11 0.116449304 
843 371 11 14 0.11598425 
898 230 8 11 0.11522443 
720 331 11 15 0.11444428 
758 263 8 11 0.11438771 
261 287 8 10 0.11402067 
567 255 7 10 0.113978036 
951 243 9 11 0.11380147 
943 363 9 12 0.11367555 
114 125 8 10 0.113539204 
993 421 11 14 0.113479584 
945 260 8 11 0.11338446 
813 150 8 9 0.11311948 
902 311 10 12 0.11271174 
328 291 10 12 0.11266248 
872 225 8 10 0.1126082 
934 277 9 11 0.112565294 
852 227 10 12 0.11253358 
805 295 10 12 0.11231508 
278 175 7 10 0.11187527 
953 309 10 12 0.111683756 
177 236 9 11 0.11098414 
588 336 20 26 0.11028188 
797 473 16 19 0.11023694 
582 192 8 10 0.110229574 
714 167 8 9 0.1094615 
837 484 13 16 0.10929439 
926 231 7 10 0.10901125 
353 143 7 9 0.1089654 
904 277 8 10 0.108914904 
785 239 10 11 0.10890092 
966 222 8 11 0.10851308 
758 199 8 10 0.10818178 
980 330 11 13 0.108108334 
927 318 9 11 0.108062886 
233 209 8 10 0.10784991 
962 200 7 9 0.10769287 
999 237 8 9 0.107424356 
703 269 9 11 0.1073281 
875 322 12 14 0.10723593 
712 198 7 9 0.107219875 
777 174 7 9 0.1071148 
93 247 8 10 0.10677966 
180 489 23 27 0.10673151 
206 208 7 8 0.10659778 
966 199 7 10 0.10650272 
581 262 9 12 0.106435545 
318 317 11 14 0.10639847 
278 232 8 10 0.106379 
888 532 10 13 0.10635757 
245 271 10 13 0.106354825 
341 231 8 11 0.10621394 
959 255 9 12 0.10616972 
153 168 9 12 0.10616073 
605 297 12 15 0.106030844 
870 253 9 12 0.10575796 
129 167 7 9 0.10573684 
329 168 8 9 0.105381235 
893 208 8 9 0.10498673 
742 252 9 10 0.10487568 
671 220 8 10 0.10462656 
581 283 11 14 0.10462466 
946 615 17 21 0.10447206 
349 307 11 14 0.10446595 
366 289 12 16 0.10445635 
902 222 8 10 0.104247116 
24 181 9 11 0.10375767 
903 217 8 9 0.103687234 
141 206 9 10 0.103572465 
310 269 9 11 0.10342062 
285 489 24 27 0.10324054 
767 239 8 10 0.10306265 
825 190 8 10 0.10266591 
901 185 8 10 0.102363035 
992 231 8 10 0.10228279 
785 176 7 9 0.10222239 
559 231 8 9 0.10196923 
225 244 9 11 0.1019337 
273 232 7 9 0.10190031 
262 237 8 10 0.10130003 
238 209 8 10 0.10126906 
297 143 8 10 0.10118507 
217 160 8 10 0.10115281 
655 300 11 13 0.10115238 
781 160 8 10 0.10083984 
847 159 7 8 0.10067419 
337 271 10 11 0.10044627 
860 303 10 13 0.10007473 
64 208 9 11 0.099327 
646 264 8 10 0.09854937 
273 237 8 10 0.09842901 
717 357 14 16 0.09822507 
993 318 9 11 0.09816816 
930 332 10 13 0.09769396 
870 277 9 12 0.09736207 
641 253 8 9 0.09718612 
727 279 9 11 0.09716237 
958 183 8 10 0.096903056 
887 276 10 11 0.09688555 
573 207 7 9 0.09673816 
183 215 7 10 0.09647025 
764 308 10 14 0.09616655 
1012 324 9 12 0.09571657 
141 254 9 11 0.095506966 
321 133 7 9 0.09540229 
174 193 8 10 0.09516992 
807 207 8 9 0.094316095 
73 229 8 10 0.09413687 
605 257 9 11 0.094134614 
800 276 10 11 0.09411111 
524 310 14 18 0.09384112 
150 190 9 11 0.093735024 
670 189 8 10 0.09359245 
255 285 10 12 0.093565114 
1007 366 11 15 0.09331379 
719 279 9 11 0.09308453 
896 196 9 11 0.09307772 
352 150 8 10 0.092941485 
753 182 7 9 0.09270248 
814 254 8 10 0.092096254 
158 168 8 10 0.09207947 
135 185 7 10 0.09198916 
640 265 8 10 0.09191463 
844 365 10 14 0.09173876 
238 252 9 11 0.091319546 
282 197 8 10 0.09101515 
1005 343 10 12 0.0910094 
9 144 8 10 0.09089132 
602 204 7 10 0.09082653 
708 316 10 11 0.090769134 
307 167 7 10 0.09052554 
681 262 8 10 0.09044223 
312 183 7 9 0.09030963 
279 249 9 11 0.0901784 
816 207 8 9 0.09009652 
210 223 7 10 0.09007603 
111 180 8 11 0.08983775 
872 208 9 11 0.0897429 
328 265 9 10 0.089573264 
256 214 8 10 0.08954556 
673 160 7 9 0.08940758 
799 185 8 10 0.08931223 
678 280 8 9 0.0892911 
200 191 6 8 0.08889116 
237 302 11 13 0.08871723 
726 207 8 10 0.08870184 
47 168 9 11 0.088564634 
339 336 14 20 0.088290095 
735 230 8 10 0.088248536 
654 245 8 11 0.08793233 
807 215 8 10 0.08764979 
994 427 12 14 0.08755348 
865 191 8 9 0.08751337 
686 263 8 10 0.08726503 
709 342 11 15 0.087174974 
775 205 8 11 0.08696767 
878 366 9 13 0.08689032 
913 181 9 10 0.086865634 
192 192 6 9 0.08686231 
53 196 8 11 0.08680671 
657 311 10 13 0.08657615 
785 181 7 10 0.086437464 
342 224 8 10 0.08611573 
164 262 8 11 0.08578934 
918 181 8 10 0.085767925 
695 241 7 9 0.08569131 
799 271 9 12 0.08561396 
933 296 8 11 0.08557026 
656 201 7 9 0.0854759 
576 233 8 10 0.08537161 
786 271 9 11 0.08526836 
744 176 7 9 0.085134804 
854 240 8 10 0.08501319 
733 267 8 12 0.08475177 
144 200 7 10 0.08462849 
788 417 12 16 0.084604375 
555 207 8 11 0.08450227 
160 206 9 10 0.084354445 
813 189 8 11 0.0842447 
143 232 9 11 0.08424245 
29 199 9 11 0.08421561 
912 245 9 11 0.08390202 
911 346 9 13 0.08380699 
201 206 8 9 0.08370006 
1013 268 8 12 0.08368697 
982 221 8 11 0.083210826 
842 248 9 12 0.08292786 
369 208 8 9 0.082848504 
879 246 10 11 0.08225334 
895 246 9 11 0.08218249 
991 176 7 9 0.08209688 
40 192 8 10 0.08208492 
1000 366 10 14 0.08208327 
192 198 7 10 0.08198835 
758 192 7 10 0.0818602 
169 302 9 12 0.081646845 
190 255 8 10 0.08164446 
336 235 9 11 0.08156289 
941 285 8 11 0.081472866 
833 167 7 10 0.08144706 
11 182 8 10 0.081363775 
146 175 8 10 0.08119961 
423 480 23 28 0.08082475 
143 347 13 17 0.080793634 
240 242 8 10 0.08077337 
129 189 8 11 0.08072766 
922 215 7 9 0.08069104 
25 134 8 10 0.080659136 
784 277 10 12 0.08051007 
205 300 11 12 0.08038998 
617 213 7 9 0.0802646 
298 236 9 11 0.0799275 
672 254 8 10 0.07992219 
713 254 8 11 0.07979012 
160 221 8 10 0.07974155 
982 551 12 18 0.079671144 
353 136 7 9 0.07953346 
984 302 9 12 0.0795166 
831 159 8 10 0.07945891 
947 636 15 18 0.0794553 
913 176 9 10 0.07943435 
702 214 8 9 0.079402514 
840 173 8 9 0.0791945 
247 191 8 10 0.07906098 
281 191 8 10 0.07905383 
878 252 11 12 0.078837015 
823 476 12 17 0.07857876 
679 232 8 10 0.07849974 
677 318 12 15 0.078471504 
934 316 10 12 0.07841136 
146 190 8 11 0.07817049 
673 238 8 10 0.0781428 
462 548 10 13 0.077978045 
248 145 7 9 0.07784784 
287 248 9 11 0.077750154 
152 635 14 18 0.07751864 
577 261 8 11 0.077412754 
199 199 8 10 0.077366695 
193 285 10 12 0.07736088 
954 184 7 10 0.07696899 
789 230 9 10 0.0769442 
38 216 8 10 0.07670113 
927 214 8 10 0.0763123 
989 272 9 11 0.076269075 
823 207 8 10 0.07626489 
316 324 12 16 0.07619726 
946 199 7 9 0.075887285 
933 358 9 12 0.075851254 
950 224 7 10 0.07555308 
828 275 9 11 0.07554149 
222 207 8 9 0.07541608 
769 200 8 10 0.075408995 
679 256 7 9 0.07526208 
289 212 8 10 0.075119205 
752 254 9 10 0.07510797 
160 215 9 11 0.07500656 
829 475 12 18 0.07489226 
366 272 9 13 0.07482525 
231 245 10 12 0.07477374 
58 611 12 16 0.07470088 
769 362 12 16 0.07443091 
925 286 9 11 0.074168935 
785 331 12 15 0.0741435 
991 250 9 11 0.07392362 
976 208 7 9 0.07392109 
367 251 9 12 0.07368018 
688 231 7 8 0.07366221 
9 175 8 10 0.07352725 
40 132 8 10 0.07344996 
759 207 7 9 0.0733712 
922 262 9 11 0.07334671 
304 317 13 17 0.07327209 
1011 473 12 19 0.07326247 
922 283 8 12 0.07325351 
166 255 8 10 0.07323715 
1005 554 12 15 0.07306345 
870 270 8 11 0.07289538 
847 267 9 11 0.07265309 
49 207 8 10 0.07265058 
745 221 9 11 0.07240866 
912 153 7 9 0.07213417 
656 253 7 10 0.07207147 
706 332 12 15 0.07198053 
158 268 9 12 0.07187653 
210 145 7 9 0.07177511 
88 185 9 10 0.07168358 
936 168 8 10 0.07167987 
952 270 10 12 0.07155538 
823 291 10 12 0.071364485 
558 243 9 12 0.07116743 
814 145 8 10 0.07102311 
905 287 9 11 0.070983484 
747 265 8 11 0.0708209 
688 185 7 10 0.07058287 
256 237 9 10 0.07043315 
260 443 15 18 0.070344456 
893 320 9 12 0.0702063 
822 223 8 10 0.07015319 
78 230 7 10 0.06996968 
897 306 10 14 0.069889314 
634 270 8 10 0.06988148 
373 465 15 22 0.069328785 
870 359 8 12 0.06921564 
686 276 8 10 0.06907874 
330 173 8 10 0.069036245 
863 182 8 11 0.06887758 
271 188 8 10 0.068721466 
565 297 12 15 0.06868803 
741 434 16 21 0.06860269 
993 309 10 12 0.06859308 
761 214 8 9 0.06833673 
750 238 8 10 0.06830236 
263 293 8 11 0.0683001 
815 246 8 11 0.068294846 
880 208 7 9 0.06811475 
246 183 8 10 0.0675919 
924 376 9 12 0.06756295 
218 207 7 9 0.067356326 
605 199 8 10 0.06732728 
66 212 8 11 0.06725299 
892 527 12 14 0.06718278 
607 216 7 9 0.06702563 
825 265 9 10 0.06690444 
2 588 13 18 0.06687746 
918 272 9 11 0.06685359 
822 328 10 13 0.06675736 
752 191 8 10 0.06671072 
785 144 7 9 0.06661675 
727 180 7 10 0.06655242 
696 201 7 9 0.066439815 
789 207 8 10 0.066198364 
1000 339 10 13 0.06594881 
978 215 8 9 0.065710485 
895 223 9 10 0.06564728 
917 200 9 10 0.065578155 
139 276 9 12 0.06537452 
360 157 8 10 0.06531278 
273 207 7 10 0.065250516 
343 293 9 11 0.065144256 
207 236 9 10 0.06511965 
623 269 8 10 0.06511184 
808 184 9 11 0.064983204 
224 230 8 10 0.064949356 
666 190 8 9 0.06463873 
887 167 7 8 0.064587906 
223 192 8 9 0.064536065 
151 221 8 10 0.06429332 
173 294 9 12 0.064206764 
206 260 9 12 0.0641354 
752 229 8 10 0.06404662 
94 254 8 10 0.06395528 
855 349 11 14 0.0639192 
593 254 8 10 0.06390337 
739 355 14 17 0.063853435 
192 245 9 11 0.06379178 
191 232 7 9 0.06370983 
1013 240 8 11 0.063557394 
710 273 9 10 0.06349898 
670 315 12 16 0.063496284 
783 213 8 10 0.06345714 
701 346 12 14 0.06343164 
766 254 10 13 0.06340819 
569 200 8 10 0.063330494 
277 183 7 9 0.06331512 
822 213 8 10 0.06320007 
224 199 6 8 0.06315473 
973 379 13 14 0.06313614 
773 199 9 11 0.063122585 
862 248 9 10 0.06311848 
690 416 16 18 0.062954076 
333 291 10 12 0.06277953 
184 223 8 10 0.06268788 
929 168 7 9 0.06259623 
599 166 7 9 0.062570274 
846 198 7 9 0.06253 
143 215 8 11 0.062468838 
208 248 8 10 0.06233191 
688 225 8 10 0.062309384 
627 299 12 15 0.062177878 
953 275 10 13 0.06217381 
720 211 10 12 0.062143933 
689 240 7 9 0.062032085 
720 284 9 11 0.062004432 
919 350 11 14 0.0619402 
161 184 8 11 0.06193174 
361 272 9 12 0.06187225 
56 233 8 10 0.061795574 
290 394 18 21 0.061792474 
177 151 7 9 0.061782952 
910 293 8 11 0.061753564 
705 196 8 10 0.06164586 
821 287 9 12 0.061619505 
848 143 8 11 0.061539162 
784 208 8 10 0.06148259 
760 174 7 10 0.06136175 
776 166 9 11 0.061337695 
194 279 10 12 0.061197173 
831 232 8 10 0.06117844 
992 283 9 13 0.061144456 
78 143 9 11 0.060898807 
136 245 8 11 0.060893193 
625 174 6 9 0.060697153 
990 334 10 14 0.060614478 
944 587 11 12 0.060587443 
305 199 8 10 0.06042779 
419 320 16 18 0.0603837 
582 257 8 10 0.060368292 
25 619 11 14 0.060329467 
363 544 15 20 0.06032899 
760 245 9 11 0.060276117 
286 153 7 9 0.060256235 
333 254 9 11 0.060171604 
273 176 8 9 0.06012501 
990 278 9 11 0.06008313 
991 304 9 11 0.059936367 
334 263 8 11 0.059928227 
124 341 11 14 0.05960141 
217 192 7 9 0.059600342 
719 173 8 11 0.059549954 
615 268 8 11 0.05950812 
1001 267 9 11 0.059477378 
54 207 8 9 0.05939661 
748 362 17 19 0.059249844 
695 212 8 11 0.059154242 
635 231 7 9 0.05913669 
912 412 12 16 0.059101105 
607 281 10 11 0.059098475 
695 224 8 9 0.05907106 
68 317 9 11 0.059025586 
783 224 9 11 0.059006106 
607 182 7 9 0.058963705 
369 241 8 9 0.058906633 
214 294 8 11 0.058898885 
168 192 8 10 0.058813 
270 293 10 12 0.0588048 
136 133 7 10 0.058772244 
957 232 8 10 0.058728106 
284 193 9 10 0.058616795 
277 260 9 11 0.05852535 
272 248 9 11 0.05845746 
697 303 8 11 0.058339555 
729 143 7 9 0.058159452 
975 260 8 10 0.058141336 
617 209 8 10 0.05808868 
892 502 11 16 0.058064062 
696 230 7 9 0.057880137 
395 412 11 13 0.05787331 
263 278 9 12 0.057843275 
366 214 9 11 0.057752483 
38 222 8 10 0.05768979 
890 571 14 16 0.0576747 
865 498 15 17 0.057668094 
217 198 7 9 0.05765531 
337 276 9 12 0.05761259 
952 152 8 9 0.057601303 
273 167 7 10 0.057594042 
98 208 8 11 0.057558425 
697 167 7 9 0.057553176 
889 322 10 13 0.057486378 
209 150 8 9 0.057445586 
183 260 9 11 0.057391636 
175 281 11 15 0.057353545 
841 191 8 10 0.057315145 
1013 213 8 12 0.05721159 
740 363 15 18 0.05712567 
144 183 8 9 0.05712125 
14 175 7 10 0.057070527 
161 200 8 10 0.05703009 
654 205 8 10 0.056945153 
138 255 8 9 0.05690589 
885 230 9 11 0.05658995 
1 523 13 18 0.056488965 
111 168 8 10 0.05645995 
679 224 7 9 0.05644984 
647 269 9 11 0.056321718 
318 268 8 11 0.05618356 
118 263 9 11 0.05614633 
384 177 7 9 0.05603231 
576 199 8 10 0.055807587 
282 153 7 9 0.055800702 
31 179 8 11 0.05576161 
558 212 8 10 0.055698253 
921 294 9 12 0.055666298 
192 217 8 9 0.055650968 
819 337 14 15 0.055624686 
886 364 10 14 0.055580758 
257 208 7 9 0.055438135 
183 207 8 9 0.05539178 
551 355 12 14 0.055321965 
314 174 7 9 0.055304993 
762 158 7 9 0.05528731 
479 539 26 30 0.055220712 
569 237 8 10 0.055188946 
872 197 9 10 0.055151384 
126 200 8 10 0.05497216 
686 291 10 13 0.054873552 
679 166 9 10 0.054794606 
136 159 7 10 0.054780502 
957 151 8 9 0.054753136 
698 261 9 11 0.054555096 
191 222 8 10 0.054549333 
166 206 8 10 0.054533135 
579 268 9 13 0.054444443 
329 160 8 9 0.05434268 
735 246 9 12 0.054332394 
984 252 10 12 0.054262478 
214 145 7 9 0.054256372 
153 160 8 9 0.05417969 
728 284 10 11 0.054087725 
381 314 13 15 0.054066524 
822 158 8 11 0.05380785 
576 221 9 11 0.053766932 
918 177 8 9 0.053743117 
175 207 8 10 0.053695545 
768 316 10 14 0.053418998 
737 323 11 16 0.053309664 
870 212 8 10 0.053308435 
40 207 8 9 0.053163923 
167 223 9 10 0.05309822 
113 265 8 10 0.05305654 
973 389 11 14 0.05298485 
185 191 7 10 0.052983414 
115 249 7 9 0.05297676 
117 275 8 11 0.052944787 
958 245 9 11 0.052816525 
873 159 8 9 0.05276783 
887 181 8 10 0.05275292 
114 253 8 10 0.052694846 
62 248 9 12 0.05261014 
343 326 11 13 0.052603483 
71 208 9 12 0.052573714 
265 185 7 9 0.052540306 
921 300 9 12 0.0525331 
917 245 8 10 0.052463852 
893 214 9 11 0.05244579 
812 302 11 14 0.052415483 
897 165 8 10 0.052403025 
440 614 17 21 0.0523613 
369 586 14 18 0.052359395 
202 330 13 16 0.05230558 
702 208 8 10 0.052250426 
766 260 10 11 0.05221665 
999 358 10 14 0.052091476 
273 285 9 11 0.052000105 
691 589 12 15 0.051979825 
830 206 7 9 0.05188634 
829 181 8 11 0.05185093 
230 151 7 9 0.051689226 
374 440 15 19 0.051654413 
161 160 7 9 0.05164385 
136 223 8 10 0.05161838 
9 200 8 11 0.051611405 
758 315 11 14 0.05159703 
926 223 8 10 0.051580496 
805 316 11 14 0.051479273 
952 304 10 11 0.05146507 
917 238 9 11 0.051456947 
568 191 7 10 0.051417693 
510 617 15 18 0.05139159 
962 223 8 10 0.051197574 
230 199 7 9 0.05119756 
102 285 8 10 0.05119447 
222 224 8 10 0.050907288 
305 185 7 9 0.050669696 
677 207 9 10 0.050668813 
782 166 8 11 0.05059574 
125 531 12 16 0.05056137 
920 317 8 11 0.050541144 
570 214 9 11 0.050470963 
842 197 8 10 0.050457407 
592 183 7 9 0.05045342 
624 208 7 10 0.05044883 
977 341 11 15 0.050410762 
317 503 16 20 0.05030024 
199 175 8 9 0.05021349 
294 247 9 11 0.05020995 
313 151 8 9 0.050144117 
813 184 9 10 0.05012636 
760 239 9 11 0.05009136 
151 216 9 11 0.05004379 
711 224 8 10 0.05003673 
668 321 14 17 0.049805775 
838 215 8 11 0.049785066 
935 252 9 12 0.04973997 
159 285 9 11 0.04973226 
943 207 8 10 0.049650334 
144 236 9 11 0.049630057 
738 254 8 10 0.04958647 
705 286 9 11 0.04940493 
912 158 8 9 0.04936682 
545 175 8 11 0.04934524 
978 223 7 10 0.049325608 
254 291 10 12 0.049293865 
838 318 12 14 0.049226187 
247 150 9 9 0.049196146 
790 310 9 13 0.049186245 
34 217 8 10 0.04913608 
651 277 9 12 0.049118318 
111 159 8 10 0.049092732 
165 183 9 11 0.049058042 
342 438 15 19 0.04904234 
801 197 9 11 0.049004458 
159 279 8 10 0.048861835 
301 143 8 10 0.048773404 
324 567 14 17 0.04871386 
296 129 7 8 0.04864906 
312 160 7 9 0.048627175 
369 379 15 18 0.04852673 
114 434 14 16 0.048441816 
919 206 9 11 0.048398554 
175 221 9 11 0.04824151 
225 150 8 9 0.04814785 
117 119 8 9 0.048134416 
974 304 9 11 0.048090894 
581 222 9 11 0.04805032 
518 321 14 17 0.048009984 
929 152 7 9 0.04800286 
33 222 8 10 0.04799773 
377 253 9 12 0.047984518 
1008 211 10 13 0.047872595 
672 209 8 9 0.047811147 
263 160 7 8 0.047713943 
144 222 9 10 0.047678337 
912 373 9 12 0.047636725 
356 332 12 16 0.04763074 
831 262 8 10 0.047602113 
766 333 11 14 0.047510087 
258 192 7 10 0.04750681 
951 206 8 10 0.047470268 
821 359 13 17 0.047337007 
706 185 7 9 0.047298744 
769 205 7 10 0.04727404 
902 197 9 11 0.04726193 
107 143 10 11 0.047253147 
333 247 8 11 0.04716073 
136 333 9 11 0.047102053 
671 248 8 10 0.04709953 
70 238 9 10 0.04709061 
91 269 8 10 0.04703342 
550 175 7 10 0.046993684 
312 265 8 10 0.046946518 
360 227 9 11 0.046869587 
159 190 8 10 0.046846993 
224 145 8 9 0.04682195 
336 226 8 10 0.046691477 
927 257 9 11 0.046622988 
673 233 8 9 0.04660925 
841 323 13 15 0.046545032 
360 217 9 11 0.046305187 
278 214 8 10 0.046300463 
22 225 8 9 0.046290156 
17 223 8 9 0.04624401 
600 176 8 9 0.04617574 
737 159 7 9 0.046144016 
102 279 8 10 0.04607121 
879 197 8 10 0.04604565 
323 314 12 15 0.045956045 
863 159 7 9 0.04583709 
897 161 8 9 0.045822393 
896 237 9 12 0.045766152 
831 288 10 12 0.0457597 
248 292 10 12 0.045689084 
807 136 7 8 0.0456809 
215 248 7 9 0.045671478 
879 159 6 9 0.045567684 
967 227 8 11 0.045555983 
714 206 7 10 0.045518503 
637 314 15 18 0.045452937 
753 206 7 9 0.04540558 
690 245 7 10 0.04537606 
167 198 10 11 0.04537429 
233 263 9 11 0.045289982 
345 135 8 9 0.045274872 
96 136 8 9 0.045266937 
374 269 10 12 0.04522361 
201 263 9 11 0.045159552 
317 216 8 11 0.045094337 
277 280 10 12 0.04501974 
966 578 12 16 0.04495293 
834 475 16 19 0.044949755 
855 262 9 11 0.044948 
840 184 8 9 0.044705175 
737 173 8 10 0.04465313 
766 159 7 9 0.044647746 
913 233 8 9 0.044633318 
806 198 8 10 0.04463219 
329 239 8 9 0.04461671 
38 176 8 10 0.04460487 
873 402 12 14 0.044568677 
126 247 9 11 0.04456571 
624 191 7 9 0.04447664 
381 253 10 11 0.044472653 
960 205 8 9 0.044460744 
128 173 7 10 0.044458274 
928 340 11 13 0.044424225 
864 176 8 10 0.044415344 
720 272 8 10 0.044408765 
815 200 8 9 0.044408318 
777 223 9 11 0.044385336 
751 248 9 10 0.044373628 
130 511 16 20 0.04436084 
713 260 9 11 0.04434228 
665 253 7 10 0.044255547 
688 167 7 9 0.04413399 
395 310 13 15 0.04410007 
229 182 9 10 0.04409415 
864 198 8 10 0.04408623 
248 159 8 9 0.044069253 
336 143 7 10 0.04406535 
761 153 7 9 0.04402614 
360 152 8 10 0.043997686 
808 223 9 10 0.043975268 
824 199 8 9 0.04396276 
248 168 7 9 0.04392505 
841 160 8 9 0.043888558 
902 160 8 10 0.04378729 
785 149 7 8 0.043741975 
623 238 8 9 0.04368341 
198 246 8 9 0.0435412 
366 152 8 10 0.043512646 
829 617 14 19 0.043472547 
323 489 14 18 0.043424252 
77 198 8 10 0.043319236 
697 174 8 9 0.04331304 
991 596 32 73 0.043279912 
622 288 11 13 0.043199774 
493 634 14 16 0.0431692 
248 198 7 10 0.04310486 
600 182 8 9 0.04306631 
808 330 11 15 0.043058522 
655 223 8 9 0.04305115 
993 372 10 13 0.043012068 
278 208 8 10 0.042961534 
590 214 7 9 0.04285801 
318 232 8 9 0.042823367 
612 612 15 19 0.042686842 
96 128 8 9 0.042664062 
983 209 8 9 0.04259358 
352 165 8 10 0.042582445 
139 500 20 26 0.042576216 
94 262 8 11 0.042543605 
185 256 8 10 0.042492315 
917 598 13 16 0.04248693 
969 380 11 12 0.04241405 
1014 182 8 11 0.042413685 
328 207 8 10 0.042405978 
295 182 8 10 0.042377055 
631 253 7 10 0.042323954 
577 191 8 10 0.04231493 
61 492 16 20 0.042278968 
47 213 10 12 0.04214465 
286 224 8 10 0.04213441 
680 200 7 9 0.042111095 
622 337 14 20 0.04209465 
360 137 6 8 0.042045865 
799 507 12 16 0.042016484 
170 296 8 11 0.0420003 
113 198 8 11 0.04186387 
836 587 10 13 0.041829765 
892 356 11 14 0.041752547 
695 160 7 9 0.041734174 
318 151 7 9 0.04166499 
849 240 8 10 0.041607715 
983 230 8 10 0.041456785 
253 303 9 12 0.0414208 
81 127 7 10 0.041414052 
298 190 8 10 0.041408606 
592 190 7 9 0.041361418 
517 238 9 13 0.04135231 
902 165 8 11 0.041345805 
22 263 9 10 0.041345447 
86 119 7 9 0.041316945 
779 386 13 17 0.041311346 
765 245 9 11 0.041211464 
186 199 7 9 0.041172106 
654 231 8 10 0.041160688 
225 175 8 10 0.04112662 
237 294 11 12 0.041122165 
998 279 12 14 0.041101422 
592 247 8 11 0.04109056 
600 192 8 10 0.04108237 
181 180 9 11 0.041073523 
97 299 9 12 0.041057505 
590 208 8 9 0.041049495 
253 541 13 16 0.04104394 
843 255 10 12 0.04103697 
1007 265 9 11 0.041010503 
22 229 10 10 0.040988483 
313 278 8 11 0.040868867 
128 238 8 11 0.04084908 
703 238 8 10 0.040810272 
302 190 8 9 0.040798124 
319 264 8 11 0.040791426 
1014 219 9 12 0.04077726 
74 272 8 9 0.040750347 
767 166 8 10 0.040747557 
375 247 8 11 0.04072627 
606 206 7 9 0.04063512 
125 255 8 9 0.04063301 
78 278 7 9 0.04060462 
331 230 7 10 0.04056121 
608 177 8 9 0.040550757 
749 319 13 15 0.040389143 
335 160 7 9 0.040291704 
641 191 7 9 0.040233802 
895 284 8 11 0.040202767 
831 298 10 13 0.04018739 
718 342 11 15 0.040155984 
846 562 15 21 0.04015321 
916 398 11 13 0.040121667 
696 350 11 14 0.040093176 
361 247 8 10 0.040051762 
726 213 9 10 0.04004776 
319 302 10 12 0.040017445 
927 208 9 11 0.040006556 
925 554 16 21 0.040005144 
767 153 6 8 0.0399675 
958 160 8 9 0.03996559 
220 272 9 11 0.039920744 
850 287 11 13 0.03985244 
704 295 18 24 0.039721843 
976 175 8 11 0.039709143 
281 224 7 9 0.03961721 
445 515 13 15 0.039571386 
663 240 7 9 0.039504275 
633 223 7 10 0.039447993 
360 207 7 9 0.039419398 
293 270 9 11 0.03936965 
703 167 7 8 0.03936646 
254 224 7 10 0.039339047 
752 177 7 9 0.039304297 
609 269 9 11 0.03917644 
552 403 22 29 0.039159887 
334 198 7 9 0.039140206 
16 261 8 9 0.039122276 
910 312 10 12 0.039076865 
334 166 8 10 0.039076768 
928 311 8 11 0.039005574 
776 230 9 10 0.03899122 
792 200 7 10 0.038990952 
766 216 8 9 0.038973372 
655 215 7 10 0.038958 
812 544 14 19 0.038901538 
829 311 11 13 0.038878065 
718 247 8 10 0.038844757 
798 597 13 15 0.03880422 
32 167 7 9 0.038794372 
940 328 9 12 0.03879018 
33 240 8 10 0.038777616 
917 541 10 13 0.038698465 
143 126 8 10 0.03860693 
119 182 7 10 0.03860417 
329 224 8 9 0.038540576 
690 159 6 9 0.038534913 
920 364 10 12 0.038452297 
928 238 8 9 0.038391225 
333 191 8 10 0.038386572 
920 390 9 11 0.038377605 
615 232 9 10 0.038339287 
729 294 9 13 0.03827343 
181 286 8 11 0.03824087 
759 182 7 10 0.038200703 
278 167 8 10 0.038177345 
630 169 8 10 0.03816813 
726 256 8 11 0.03813585 
646 288 9 11 0.038029093 
982 294 9 12 0.037983134 
666 220 8 10 0.037969932 
753 389 23 26 0.0379179 
632 200 7 9 0.037877984 
704 232 7 9 0.037872925 
317 174 8 10 0.037829056 
298 307 10 15 0.037803542 
919 312 8 11 0.037749447 
215 260 10 12 0.037737582 
518 307 23 30 0.0376312 
214 150 7 9 0.037627053 
662 300 11 13 0.037588913 
855 367 11 13 0.037565876 
977 230 8 9 0.037545588 
208 582 13 15 0.03753841 
664 206 8 9 0.03753829 
905 206 8 10 0.03753412 
857 159 7 9 0.037457094 
200 168 8 9 0.037434682 
536 320 18 21 0.03742057 
350 270 8 10 0.037398312 
334 206 8 10 0.037396584 
115 466 16 20 0.037351876 
680 245 8 10 0.03734895 
134 166 8 10 0.037298784 
984 198 8 10 0.037282452 
294 208 8 10 0.03722397 
721 311 20 25 0.03720822 
262 199 8 10 0.03719091 
330 191 7 10 0.03718308 
961 216 8 9 0.03715756 
723 444 12 16 0.037142053 
992 366 10 13 0.03708487 
38 198 8 10 0.037074037 
742 299 10 12 0.03705845 
95 239 8 11 0.037049603 
375 260 11 14 0.037020244 
913 555 11 15 0.03700908 
986 182 8 10 0.036994893 
846 289 17 22 0.036987726 
625 345 14 20 0.036869 
935 152 7 10 0.036857784 
271 271 9 12 0.036835738 
248 284 11 14 0.036777385 
946 192 8 10 0.036771934 
117 127 8 10 0.03673223 
576 183 6 8 0.036715176 
695 184 7 10 0.03671375 
883 175 8 10 0.03667007 
230 362 15 20 0.036636125 
223 214 8 9 0.036627628 
553 255 9 12 0.036562942 
560 255 9 11 0.03655841 
728 199 7 10 0.03655572 
233 295 8 10 0.03655188 
295 176 8 9 0.036535725 
79 236 8 11 0.036503237 
79 134 8 10 0.03649063 
319 587 14 15 0.03647061 
176 168 8 9 0.036429755 
242 184 7 9 0.036374625 
256 135 8 9 0.036328655 
200 183 7 10 0.036289297 
927 174 8 10 0.036287215 
631 276 10 12 0.03625736 
293 263 9 11 0.036244318 
719 200 8 9 0.036212567 
990 182 8 10 0.036193617 
838 287 9 10 0.036144875 
713 174 8 11 0.03613745 
932 263 10 12 0.036101036 
710 327 10 13 0.03609163 
178 621 11 14 0.036079 
168 249 9 10 0.035957024 
200 214 7 9 0.035907015 
350 263 8 11 0.03582403 
856 355 12 14 0.03581456 
709 284 10 12 0.035813726 
12 530 12 17 0.035798673 
579 373 17 20 0.035747726 
247 174 8 9 0.03574735 
233 252 9 11 0.03574609 
350 243 8 11 0.03572513 
633 265 7 9 0.035545625 
865 151 6 9 0.035543174 
902 293 10 12 0.035521787 
141 333 8 10 0.035506926 
737 446 22 27 0.035476126 
807 244 10 12 0.035464894 
684 319 10 13 0.03539389 
193 307 9 13 0.03532927 
174 158 8 10 0.03531212 
941 315 9 12 0.03525112 
790 317 10 12 0.035230994 
175 247 9 11 0.035189874 
808 286 10 12 0.035189282 
181 151 9 10 0.03510107 
814 224 9 10 0.03508016 
863 438 14 17 0.03507007 
774 238 8 11 0.035051104 
256 159 8 9 0.035030812 
854 343 10 12 0.03499749 
748 337 13 15 0.034996904 
948 481 15 20 0.034995295 
885 238 9 11 0.034968607 
90 214 8 11 0.034919135 
204 275 11 12 0.03490319 
887 199 7 9 0.034902453 
113 114 7 8 0.034897614 
167 165 8 11 0.034866534 
247 206 7 10 0.034862015 
167 215 8 10 0.03485377 
975 181 8 10 0.03476628 
313 285 11 13 0.03474003 
959 175 9 10 0.034730088 
613 239 9 10 0.03472278 
272 223 7 9 0.03470802 
190 291 11 14 0.034627184 
902 238 9 10 0.03459275 
478 429 23 26 0.034590963 
1011 369 11 16 0.034573562 
625 253 9 10 0.034544088 
654 182 8 11 0.034532443 
936 603 28 32 0.034529015 
232 158 8 9 0.034434423 
41 470 24 26 0.03440656 
607 233 8 10 0.034406073 
265 176 7 9 0.034404147 
647 231 7 9 0.034398314 
181 504 16 19 0.03435006 
666 184 7 10 0.034294024 
781 310 9 13 0.034268897 
161 152 7 9 0.034230016 
335 120 7 9 0.034228552 
831 379 11 14 0.03417478 
25 158 8 11 0.034170825 
206 200 8 10 0.034047242 
845 191 8 10 0.033983972 
777 214 8 10 0.033965904 
823 151 8 10 0.03395601 
262 206 8 9 0.033947233 
340 362 13 16 0.033924863 
832 236 9 12 0.03390913 
728 136 8 9 0.033904396 
168 152 7 9 0.033893168 
127 222 8 11 0.033893093 
864 255 8 11 0.033850648 
903 321 17 22 0.03381802 
831 153 8 9 0.033786997 
603 467 22 25 0.03374948 
195 589 11 13 0.033731308 
1000 550 12 16 0.033725496 
585 209 8 10 0.033709813 
226 182 8 10 0.03370085 
230 175 8 10 0.033677675 
334 308 10 13 0.033655684 
639 200 7 9 0.03358844 
937 229 8 11 0.033553194 
390 285 11 15 0.033543687 
193 159 8 9 0.03351722 
927 277 9 12 0.033515304 
472 331 12 17 0.033498533 
786 324 18 22 0.033492807 
975 199 8 10 0.033462103 
234 300 9 13 0.033449672 
818 370 12 16 0.033449233 
809 144 8 9 0.03341978 
951 175 8 9 0.03340207 
879 224 9 11 0.03339143 
263 589 13 14 0.033389695 
690 212 9 11 0.033387657 
665 248 8 10 0.03335702 
897 367 17 23 0.03326756 
5 166 9 11 0.033226103 
677 340 13 17 0.033190496 
350 174 8 10 0.03318575 
887 247 9 11 0.03316651 
847 279 9 10 0.033115074 
1008 506 14 21 0.03310182 
397 637 15 18 0.03309452 
672 164 9 11 0.03308947 
896 367 10 13 0.033086102 
638 225 8 9 0.033060815 
625 199 8 9 0.033031683 
22 246 9 9 0.032947212 
760 135 8 9 0.032817367 
737 458 17 21 0.032772854 
288 292 8 11 0.03276341 
847 151 8 10 0.03269244 
330 181 8 10 0.032642115 
1008 221 9 11 0.032544546 
849 205 8 11 0.032533612 
200 300 11 14 0.03251088 
238 285 11 13 0.03250129 
767 324 10 13 0.032484315 
789 384 15 18 0.03245725 
77 247 8 11 0.032425504 
253 270 11 13 0.032343093 
829 199 8 10 0.03232686 
342 287 9 11 0.032309577 
796 399 16 20 0.032261666 
845 166 8 10 0.03224004 
92 184 9 10 0.032239057 
102 256 8 10 0.032163106 
992 598 12 16 0.032161046 
915 419 12 15 0.03205391 
222 302 8 10 0.03204769 
369 260 9 13 0.032032564 
273 214 8 10 0.032024186 
985 190 9 11 0.032019924 
762 552 24 28 0.03200689 
221 284 10 12 0.03195406 
193 175 8 10 0.031953514 
822 254 8 10 0.03191447 
766 296 10 12 0.0319013 
142 248 9 10 0.03190112 
662 200 8 9 0.03189952 
911 368 9 12 0.03189149 
262 485 12 16 0.0318902 
17 247 8 9 0.0318856 
676 304 9 11 0.031765636 
688 256 8 10 0.031763192 
534 191 8 10 0.031721003 
373 175 9 10 0.031706646 
81 120 7 9 0.03167383 
747 373 22 25 0.031670626 
728 225 9 10 0.0316595 
822 247 8 11 0.03165387 
968 206 8 9 0.03164658 
800 246 8 11 0.03163681 
303 149 8 10 0.031630084 
933 336 12 15 0.031603415 
631 204 8 10 0.031532884 
383 279 9 12 0.031501964 
30 134 8 9 0.031497575 
111 190 7 10 0.031482223 
171 426 16 19 0.031482175 
250 342 14 17 0.0314465 
277 384 15 20 0.03143449 
112 134 8 10 0.031422034 
810 158 9 11 0.03133139 
10 523 13 17 0.031312805 
674 262 8 11 0.031242814 
293 252 9 12 0.0311759 
588 424 16 17 0.03114192 
216 284 10 12 0.031133773 
220 161 9 10 0.031132538 
858 182 8 10 0.031116154 
798 327 10 12 0.031113269 
839 278 9 11 0.031088382 
1000 214 9 11 0.031048598 
782 342 13 16 0.030972615 
911 215 8 10 0.030920312 
705 162 7 8 0.030907111 
278 268 10 12 0.030886259 
722 312 9 13 0.030872863 
297 147 8 11 0.030801985 
953 168 8 8 0.030800674 
823 229 9 11 0.030718911 
18 206 8 9 0.030672604 
776 350 12 16 0.030639358 
830 362 12 15 0.030612184 
328 214 8 10 0.030600758 
306 212 8 10 0.03059628 
351 129 7 9 0.03057721 
368 296 11 17 0.030571068 
757 323 10 12 0.03056442 
942 213 8 10 0.030546108 
127 231 8 11 0.030459369 
72 247 9 12 0.030397581 
592 177 7 8 0.0303615 
389 313 13 15 0.030332232 
970 304 9 12 0.030314572 
822 265 18 22 0.030223388 
744 182 8 10 0.03021465 
8 148 8 11 0.030142982 
926 198 8 10 0.03011834 
528 482 14 17 0.03003998 
711 214 9 10 0.03000643 
159 579 12 14 0.029968107 
721 360 14 18 0.029943705 
507 581 11 14 0.029934723 
104 199 7 10 0.029934509 
229 230 9 10 0.02992331 
801 310 10 15 0.029908573 
790 253 8 11 0.029899582 
839 238 8 11 0.02987313 
342 314 12 15 0.029866967 
934 240 8 9 0.029831244 
856 200 9 10 0.029809589 
865 601 12 15 0.029798588 
735 213 8 10 0.02975536 
788 356 12 15 0.029717524 
742 279 10 11 0.029690864 
896 151 8 9 0.029625323 
916 343 11 13 0.02960571 
1013 317 10 15 0.029605534 
281 497 23 29 0.029601205 
29 159 8 10 0.029553892 
166 174 9 11 0.029526114 
1006 189 8 11 0.02952596 
982 263 7 9 0.029511252 
289 128 7 9 0.029498063 
599 221 8 10 0.029460406 
920 223 8 10 0.029447569 
412 581 12 14 0.029437393 
790 150 8 9 0.02942324 
843 482 16 19 0.029344782 
464 581 14 18 0.029342847 
977 168 7 10 0.029337259 
257 199 7 9 0.029313073 
892 511 13 17 0.029312043 
881 183 8 10 0.029299384 
943 268 9 11 0.029298207 
578 168 7 9 0.029282343 
603 238 8 11 0.029255694 
650 248 8 10 0.029195264 
857 176 7 9 0.029173039 
980 380 10 12 0.029172545 
736 337 12 16 0.029145084 
912 223 7 9 0.029112846 
599 231 8 10 0.02910164 
109 148 8 11 0.02909461 
381 333 18 23 0.028995024 
772 312 18 23 0.028994024 
831 352 11 14 0.028967362 
119 587 16 20 0.028908331 
97 110 7 9 0.028895931 
997 248 9 11 0.028852904 
295 291 10 13 0.028803963 
54 213 8 11 0.028750228 
102 136 9 10 0.02872843 
886 192 7 9 0.028722893 
710 353 14 17 0.02870705 
606 153 8 9 0.028697068 
650 201 7 9 0.028683813 
391 290 13 17 0.028674843 
16 280 8 12 0.028671017 
840 269 9 11 0.028667884 
404 274 11 13 0.028666925 
683 342 12 15 0.028654052 
86 127 8 9 0.028643833 
747 258 19 23 0.028598793 
323 324 12 15 0.028535103 
397 380 12 17 0.028520085 
192 183 8 11 0.028501397 
271 641 12 15 0.02849665 
649 183 8 10 0.028486975 
247 301 11 14 0.02844143 
719 294 10 13 0.028439168 
344 159 7 9 0.028422968 
629 607 27 29 0.028410133 
866 231 10 12 0.028359188 
630 173 8 10 0.028336661 
39 230 9 10 0.028275767 
670 331 13 16 0.028268715 
947 582 14 16 0.028264502 
215 216 7 9 0.028246563 
1008 238 9 11 0.028223943 
14 168 8 10 0.028221956 
138 345 21 28 0.028189503 
147 278 10 12 0.028163062 
384 282 11 15 0.028150938 
77 192 9 10 0.0281377 
88 230 8 11 0.028132513 
865 236 9 12 0.028109265 
615 169 8 9 0.028087698 
141 261 9 11 0.028029077 
839 395 12 16 0.028004743 
619 643 10 13 0.027966104 
444 400 17 21 0.027959984 
936 363 9 12 0.027942786 
660 329 16 17 0.027915515 
0 172 8 12 0.027865723 
704 222 7 10 0.027863236 
119 158 8 11 0.027841423 
999 222 8 11 0.027841026 
677 329 13 16 0.027815158 
870 175 8 10 0.027813395 
895 253 10 12 0.027807003 
901 467 11 15 0.027787082 
245 246 9 11 0.02775242 
240 342 14 18 0.027747259 
743 206 8 10 0.02774459 
600 248 8 10 0.027737878 
817 174 9 10 0.02771988 
973 256 9 11 0.027695432 
823 144 8 9 0.02768527 
877 286 10 12 0.027670696 
841 152 8 9 0.027624952 
118 176 9 11 0.027593693 
568 221 9 10 0.027590359 
37 142 10 12 0.02758314 
239 166 8 10 0.027571741 
870 304 11 13 0.027565258 
167 398 12 16 0.027559154 
980 348 11 14 0.027558666 
29 281 9 11 0.027556477 
551 588 12 15 0.027524153 
120 151 8 9 0.027514603 
650 239 8 10 0.027447289 
6 223 8 11 0.027437268 
968 217 7 8 0.02743577 
902 248 10 11 0.02742506 
353 207 7 9 0.027414724 
781 360 13 16 0.027395759 
671 304 17 22 0.027364608 
703 174 8 10 0.027337184 
319 394 13 19 0.027334508 
873 142 7 9 0.02732012 
289 135 7 9 0.027230702 
560 258 17 23 0.02721147 
737 200 8 10 0.027205989 
152 248 8 10 0.027201606 
648 224 7 9 0.02718991 
741 294 9 12 0.027169133 
882 166 7 10 0.027148172 
182 169 8 9 0.027103936 
397 175 8 10 0.027101938 
719 231 8 10 0.027084757 
877 304 10 12 0.027080726 
866 390 12 14 0.027076514 
566 248 8 10 0.02704463 
736 225 8 10 0.027043 
67 433 16 19 0.02703048 
151 249 18 23 0.027012473 
174 252 9 10 0.026998617 
8 205 7 11 0.026990673 
647 254 7 9 0.026982047 
90 251 9 12 0.026866414 
0 207 7 11 0.026833044 
707 452 11 16 0.026822036 
206 175 9 10 0.02681908 
600 161 7 10 0.026810123 
63 260 7 10 0.026799424 
32 640 13 16 0.026797833 
18 539 14 18 0.026786035 
1006 308 11 14 0.02670168 
986 547 13 19 0.02669777 
170 267 18 23 0.026687711 
719 240 7 9 0.026676688 
230 145 7 8 0.026655117 
323 595 17 21 0.026637087 
968 393 10 14 0.026582532 
863 165 8 9 0.026577534 
1001 175 7 10 0.026545197 
688 200 8 9 0.02653402 
582 231 8 10 0.026529344 
120 192 8 9 0.026520189 
1005 681 21 42 0.026511805 
332 175 9 10 0.026502768 
757 332 12 15 0.026498904 
791 159 8 10 0.026491478 
88 239 9 10 0.0264489 
256 248 8 10 0.02644119 
64 278 7 10 0.026413808 
87 528 11 13 0.026404638 
613 245 9 10 0.026402257 
935 190 8 9 0.02636187 
180 464 15 16 0.026351316 
883 370 18 22 0.026347212 
198 158 8 9 0.026324239 
105 191 7 9 0.026294414 
670 174 8 10 0.026231602 
912 534 12 15 0.026191982 
799 223 9 11 0.026167886 
241 144 8 9 0.026108705 
616 174 7 9 0.02610763 
396 284 14 18 0.0260957 
889 161 6 9 0.026086552 
108 448 21 26 0.026071623 
792 183 8 10 0.026067851 
927 182 7 9 0.0260599 
368 178 9 12 0.026042236 
996 591 26 37 0.026017588 
920 257 8 10 0.025970012 
800 538 27 34 0.025962476 
2 280 8 11 0.02595495 
78 441 22 26 0.02595269 
76 260 9 11 0.025941603 
854 404 13 17 0.02593083 
786 348 13 15 0.025899269 
770 372 14 17 0.025880573 
916 491 15 18 0.025870599 
576 176 7 9 0.025864892 
136 201 9 10 0.025859125 
206 167 8 10 0.025853228 
982 356 11 14 0.025798367 
23 283 10 12 0.025785558 
973 504 13 18 0.025764642 
625 248 7 9 0.02575656 
957 304 8 11 0.025745975 
577 242 9 12 0.025688786 
992 224 7 10 0.025675926 
207 183 8 10 0.025662277 
931 246 9 11 0.025648842 
118 133 8 10 0.02560927 
800 144 8 9 0.025598228 
5 240 8 10 0.025580512 
951 199 7 10 0.025575208 
801 298 11 14 0.025541611 
920 167 7 9 0.025539996 
867 494 22 28 0.025503762 
638 215 8 10 0.025497355 
240 136 8 9 0.025483498 
766 379 15 19 0.025444329 
422 394 16 19 0.025421435 
1011 555 11 16 0.025408037 
856 254 9 11 0.02538424 
727 299 9 12 0.025330488 
391 300 11 14 0.025317578 
106 159 8 10 0.025289565 
127 118 8 9 0.025276704 
983 284 10 13 0.025264071 
290 402 22 27 0.025215473 
318 168 8 10 0.025202228 
273 248 18 23 0.025194677 
247 237 9 11 0.025189199 
854 143 8 10 0.025155114 
43 255 9 10 0.02513926 
804 370 14 16 0.025138617 
15 199 8 10 0.025122784 
783 303 8 11 0.025057342 
150 198 9 11 0.025049685 
582 168 7 8 0.02504625 
1003 559 16 19 0.025020141 
134 400 14 17 0.024956828 
810 552 27 30 0.024951423 
783 569 15 20 0.0249177 
752 276 10 12 0.024917187 
601 216 8 10 0.024901466 
619 571 14 17 0.02484892 
192 167 8 10 0.0248311 
318 292 10 12 0.024830425 
797 590 11 15 0.024777206 
606 191 7 9 0.024736175 
1006 230 8 10 0.024735799 
655 263 8 10 0.024722282 
129 113 7 9 0.024672972 
86 207 9 10 0.02464764 
167 143 8 10 0.024641277 
158 596 10 13 0.024615698 
107 119 6 9 0.024615197 
904 174 7 10 0.024604917 
830 582 13 16 0.024584794 
984 175 8 10 0.024564493 
870 226 18 23 0.024524866 
637 355 13 17 0.024511822 
967 248 7 10 0.02448986 
622 212 7 10 0.02448232 
16 257 8 9 0.02446912 
736 153 7 9 0.02444819 
63 272 7 10 0.024429329 
242 191 7 9 0.024336807 
126 336 10 12 0.024279127 
578 277 11 15 0.024261735 
158 248 8 10 0.02426119 
504 294 10 13 0.02425906 
140 273 19 23 0.024258561 
830 488 13 17 0.02424686 
231 407 23 25 0.024244437 
850 331 11 14 0.024235753 
16 216 7 9 0.024203647 
968 182 8 10 0.024182055 
353 159 8 10 0.024179544 
239 222 8 10 0.024161343 
804 379 15 17 0.024131067 
585 540 24 30 0.024121488 
996 291 13 15 0.024114382 
147 595 14 15 0.024110034 
6 127 8 11 0.024102384 
765 581 12 14 0.024056219 
296 167 7 8 0.024053006 
792 550 11 15 0.024019849 
178 270 11 13 0.023998903 
982 468 16 19 0.023998441 
718 300 10 13 0.023988167 
455 545 13 16 0.023971682 
744 152 7 9 0.023959694 
443 362 13 14 0.023946248 
254 249 18 23 0.023931129 
950 215 8 9 0.023920408 
286 229 9 11 0.02387789 
885 202 19 24 0.023870245 
814 270 9 11 0.02385986 
153 206 7 9 0.023850866 
91 602 14 19 0.023835361 
184 143 8 9 0.023828061 
660 284 10 11 0.023793094 
721 179 9 11 0.02379103 
366 191 9 10 0.023772959 
953 158 9 10 0.023758078 
924 427 14 17 0.023753058 
656 190 7 9 0.023724006 
233 266 18 23 0.02369696 
1012 331 11 14 0.023678396 
637 205 9 10 0.023665117 
836 450 13 16 0.023663329 
366 229 9 12 0.023660561 
840 220 8 11 0.023598982 
686 301 9 11 0.023585806 
743 158 7 9 0.023584653 
1012 200 10 13 0.02357346 
509 588 11 14 0.023563128 
489 306 17 20 0.023548964 
174 306 11 13 0.02347147 
150 183 8 11 0.0234437 
814 327 12 14 0.023430297 
183 292 9 12 0.023422986 
600 271 9 12 0.023410808 
793 481 22 28 0.023403708 
968 326 10 12 0.023386018 
735 143 7 9 0.023359107 
903 250 17 22 0.023343045 
957 457 15 16 0.02333516 
230 191 7 9 0.02329596 
913 191 8 9 0.023268262 
262 269 11 14 0.023257865 
735 368 14 18 0.023224603 
271 144 7 10 0.02321847 
936 223 9 10 0.023201626 
639 236 8 10 0.0231927 
651 175 7 9 0.023165429 
591 230 7 10 0.023145111 
14 149 8 10 0.023102831 
688 153 8 9 0.02310156 
510 462 11 14 0.02307764 
319 159 7 9 0.02307647 
421 612 13 17 0.023072094 
198 293 11 13 0.023052517 
918 592 11 14 0.023035342 
968 192 7 9 0.023027243 
989 357 11 15 0.023020731 
835 368 19 23 0.022972126 
802 253 9 12 0.022967186 
990 249 18 22 0.022964923 
889 294 10 13 0.022916442 
560 224 8 11 0.022906452 
935 157 7 10 0.02290574 
980 388 9 13 0.022899307 
696 189 8 10 0.022888368 
711 161 7 8 0.022885717 
228 397 22 26 0.022853767 
1006 277 10 12 0.022818089 
850 481 17 20 0.02278903 
545 541 27 30 0.022692505 
744 144 8 9 0.022671135 
591 538 14 18 0.022614367 
311 245 9 11 0.022610983 
705 248 7 9 0.022610055 
207 190 8 9 0.022584468 
296 224 18 24 0.02257553 
85 557 16 18 0.022558626 
960 580 11 15 0.022545408 
568 232 8 11 0.022503503 
836 311 11 13 0.022480493 
777 144 8 10 0.022476144 
928 326 10 12 0.022461828 
176 265 9 11 0.022452436 
133 339 12 15 0.0224379 
753 310 10 13 0.022429641 
819 488 14 18 0.022426404 
579 266 19 23 0.022423983 
304 295 9 11 0.022419035 
678 293 9 11 0.022416996 
776 292 9 12 0.0224005 
362 252 10 12 0.022378257 
958 190 8 10 0.022373276 
1006 198 19 26 0.022361884 
686 310 11 13 0.022361293 
102 261 9 11 0.022360833 
38 118 8 9 0.022349278 
677 215 8 11 0.02233836 
302 226 9 10 0.022322023 
874 603 12 15 0.022237571 
935 616 14 18 0.022236824 
912 356 10 13 0.022225566 
97 279 9 11 0.022206271 
20 466 14 18 0.02220184 
263 248 8 10 0.022190856 
14 189 9 11 0.022178717 
495 620 22 27 0.022146996 
7 214 8 10 0.022146929 
345 262 9 11 0.022146713 
877 530 14 16 0.022130635 
821 509 18 23 0.022130042 
134 389 11 15 0.022126883 
759 254 9 12 0.022101987 
785 250 10 12 0.022055779 
368 142 7 9 0.022055363 
680 184 8 10 0.022044683 
773 333 11 14 0.022003515 
103 105 8 9 0.022003464 
802 135 8 10 0.021981342 
632 332 18 23 0.021953994 
844 391 11 14 0.021916106 
584 175 7 9 0.021907145 
800 149 7 10 0.021872737 
846 184 8 10 0.021844322 
143 150 8 10 0.021813616 
965 167 8 10 0.021788245 
912 479 19 23 0.021775877 
654 272 8 10 0.021751039 
345 128 8 9 0.021741737 
849 216 19 24 0.021740261 
965 602 11 15 0.02173981 
419 322 23 30 0.021727027 
989 600 23 34 0.021721447 
182 484 17 21 0.021712676 
922 143 7 9 0.021710824 
664 272 8 10 0.021698603 
428 330 13 17 0.021693744 
781 527 11 14 0.021670073 
888 143 8 11 0.021665974 
109 441 17 20 0.02166486 
1005 586 15 19 0.021631196 
199 233 8 9 0.021629436 
719 616 16 20 0.021623997 
246 539 24 30 0.02162306 
942 624 18 22 0.021620497 
302 247 9 10 0.021577641 
375 316 12 15 0.021572214 
946 239 9 11 0.021553814 
895 537 11 15 0.02155314 
153 270 9 11 0.021543462 
512 325 11 14 0.021539094 
87 112 8 9 0.021523608 
336 136 7 8 0.021512168 
344 440 24 28 0.021504262 
305 160 8 9 0.021494834 
15 127 7 10 0.021480335 
865 323 10 14 0.021448052 
607 564 24 30 0.021438846 
356 293 12 15 0.021425141 
959 603 13 16 0.021421067 
803 411 14 16 0.021410778 
796 330 10 14 0.021405887 
937 182 8 11 0.021376617 
702 560 22 27 0.021369455 
96 368 10 11 0.021348674 
797 546 14 18 0.021339092 
368 129 7 8 0.021315347 
73 135 7 9 0.021299679 
335 150 8 9 0.021291148 
607 279 20 26 0.021281624 
790 225 9 11 0.021277636 
588 275 10 14 0.021245448 
592 589 23 27 0.021242402 
33 143 9 11 0.021176886 
168 284 9 13 0.02116297 
742 312 10 12 0.021158054 
126 277 9 12 0.021144103 
628 286 12 15 0.02113093 
86 199 10 12 0.021125173 
589 286 11 14 0.021097649 
975 278 10 12 0.021090286 
56 136 8 10 0.021074463 
516 321 22 30 0.021069385 
284 473 24 28 0.021040663 
597 250 18 23 0.021038923 
330 121 7 9 0.02103658 
968 176 8 10 0.021032522 
248 224 18 23 0.021008555 
452 586 12 16 0.02100759 
880 212 10 11 0.021000493 
840 143 8 9 0.020974226 
313 145 8 10 0.020953106 
189 261 9 10 0.020936884 
0 224 8 12 0.020927902 
995 415 13 16 0.020917268 
858 563 14 19 0.020911612 
179 276 9 13 0.02090968 
78 207 9 12 0.020909242 
844 576 14 18 0.020907238 
888 284 10 11 0.0208896 
214 229 8 10 0.0208637 
725 233 19 24 0.020860128 
304 252 9 12 0.020852396 
785 263 10 12 0.020847075 
718 223 9 11 0.020842036 
916 547 12 17 0.0208402 
895 261 9 12 0.020838544 
768 184 7 9 0.020820884 
145 120 7 9 0.02082025 
510 241 14 16 0.020807557 
105 272 8 10 0.02076403 
238 159 9 10 0.020763092 
801 386 14 17 0.020762315 
702 326 11 13 0.020758806 
163 401 21 26 0.020748494 
46 128 8 9 0.020718114 
665 233 7 9 0.020708144 
23 239 8 11 0.020707699 
343 256 9 11 0.02069494 
606 220 8 10 0.020689778 
54 222 9 10 0.020673389 
941 280 9 11 0.020661702 
670 421 12 15 0.02063714 
977 239 18 23 0.02062988 
87 505 13 18 0.020622302 
356 304 11 15 0.020618133 
428 611 12 16 0.020603389 
316 572 24 27 0.020595783 
802 205 9 10 0.020595102 
992 324 9 12 0.020581892 
267 545 16 20 0.020574262 
862 379 12 15 0.020535678 
292 451 15 21 0.020525055 
574 298 13 15 0.020514868 
790 302 9 12 0.020508057 
1013 561 11 16 0.020499285 
798 184 20 26 0.02047278 
64 311 10 13 0.020463975 
289 119 7 9 0.020456733 
344 216 8 10 0.0204566 
110 266 17 22 0.020456187 
707 366 21 25 0.020454874 
228 371 21 29 0.020425715 
696 269 9 11 0.02042477 
647 189 8 9 0.020407533 
683 347 13 19 0.020385858 
162 303 9 11 0.02038551 
119 525 13 17 0.020385459 
835 256 9 11 0.020381164 
942 246 9 12 0.02036796 
6 280 9 12 0.020355226 
328 143 8 10 0.02035381 
855 381 10 12 0.02034725 
579 377 23 28 0.020343706 
296 302 10 13 0.02033866 
16 241 8 9 0.020324903 
942 292 8 12 0.020273956 
214 299 10 12 0.020262018 
880 391 9 12 0.020235576 
62 160 7 9 0.020215724 
899 301 10 13 0.020214155 
212 266 19 23 0.0201886 
977 294 9 11 0.02018224 
240 200 8 9 0.020135872 
678 161 7 9 0.020132642 
995 305 19 23 0.02011178 
853 278 10 12 0.020109894 
919 151 8 9 0.020109119 
18 228 8 11 0.020048061 
305 297 19 23 0.020031562 
352 215 9 11 0.02000581 
