0_Parade_Parade_0_12
278
324 153 34 41 0.9997365 
728 130 47 65 0.9990551 
394 174 36 44 0.99855584 
832 115 34 43 0.99795556 
641 143 27 31 0.9978903 
484 165 38 53 0.99393255 
251 170 23 29 0.9936859 
1004 133 22 32 0.98573595 
577 178 23 29 0.96956676 
912 149 25 29 0.9652312 
277 191 26 31 0.7908769 
157 203 12 15 0.56445056 
190 210 17 21 0.46583506 
133 197 17 21 0.45824057 
102 263 9 12 0.18992922 
699 383 14 22 0.12762158 
125 286 9 12 0.12664312 
757 18 15 21 0.12517646 
79 263 8 11 0.1171364 
540 203 14 18 0.11008326 
105 215 8 9 0.10822139 
53 200 8 11 0.10680397 
116 199 8 11 0.10665499 
93 222 8 9 0.09882148 
73 231 7 10 0.09876798 
73 262 9 12 0.089965336 
47 240 8 9 0.08611895 
17 223 8 10 0.08317783 
124 277 10 13 0.07954411 
16 216 8 9 0.07927801 
117 205 8 11 0.077811606 
77 224 8 9 0.077779114 
801 121 17 22 0.07775018 
355 466 162 247 0.07740498 
176 222 10 13 0.07662173 
57 223 8 9 0.07657887 
72 209 7 10 0.0730967 
95 199 7 10 0.072846666 
90 215 8 9 0.07258588 
110 214 8 10 0.070168324 
165 278 17 20 0.069981895 
149 199 18 22 0.06909222 
72 214 8 9 0.06865713 
102 296 8 10 0.0681353 
65 238 6 8 0.067758165 
200 300 11 15 0.0675545 
12 124 9 12 0.066645324 
105 230 8 9 0.066564165 
279 134 13 16 0.066509545 
41 204 8 11 0.06446946 
109 223 8 11 0.06412265 
73 238 7 8 0.06337372 
184 212 14 16 0.062038455 
77 229 8 10 0.06024652 
9 230 9 11 0.059430238 
140 286 9 12 0.05909672 
181 219 13 16 0.058874067 
586 298 13 16 0.057976138 
14 229 9 11 0.057829976 
73 256 7 10 0.057540834 
220 286 13 17 0.056934323 
174 202 11 13 0.056428537 
256 323 12 15 0.05630078 
126 292 9 11 0.055096418 
21 222 10 12 0.054870825 
57 231 7 10 0.054820854 
23 183 8 10 0.054243866 
58 271 8 10 0.054198872 
139 189 14 19 0.053497225 
93 217 8 10 0.05348491 
79 240 7 9 0.05345489 
179 228 12 14 0.05336776 
57 278 8 11 0.052473765 
48 256 8 10 0.05224646 
31 217 8 10 0.052133765 
142 247 12 14 0.051561967 
113 205 8 11 0.05109669 
98 268 9 11 0.049317904 
465 337 17 20 0.048490394 
337 374 10 13 0.047982864 
256 348 9 11 0.04761708 
763 14 13 18 0.047586408 
207 266 14 18 0.046579387 
62 215 8 10 0.045450434 
63 232 7 10 0.045183633 
168 289 12 15 0.04505895 
102 301 8 10 0.043809347 
167 238 9 13 0.043795433 
40 199 8 12 0.043525767 
181 201 22 26 0.043071717 
166 222 10 14 0.04264395 
463 549 37 49 0.042578787 
191 183 10 12 0.042327683 
80 209 7 9 0.041705202 
0 198 8 10 0.04152142 
62 280 7 9 0.040297594 
684 331 12 16 0.040125925 
88 208 8 9 0.0400296 
105 239 7 9 0.039817717 
642 122 13 15 0.03976659 
64 256 7 9 0.039456416 
9 223 8 10 0.039035715 
585 282 26 31 0.0387406 
680 325 12 15 0.038696803 
88 245 8 10 0.03869617 
129 173 8 10 0.038646966 
312 330 14 18 0.038634352 
193 332 10 15 0.0386261 
567 344 33 44 0.038338095 
164 210 11 15 0.038051683 
73 317 8 11 0.037777107 
105 199 7 10 0.037548 
176 238 11 14 0.037255775 
637 103 12 16 0.037155822 
230 348 9 13 0.036835276 
15 192 7 10 0.03667632 
472 243 426 485 0.036543544 
8 192 8 11 0.036449187 
79 257 8 9 0.036153313 
438 309 16 22 0.03610574 
98 301 9 11 0.036083892 
40 256 7 9 0.03605165 
11 215 8 10 0.03578944 
78 215 7 8 0.0356798 
123 269 12 15 0.03565425 
110 309 8 11 0.035376962 
106 207 7 10 0.035005234 
49 245 7 8 0.034600586 
39 222 8 10 0.0345615 
223 356 9 11 0.03428127 
103 287 8 10 0.03422357 
1008 303 10 13 0.034214478 
1 192 8 11 0.03414929 
120 213 8 10 0.0340926 
160 283 12 14 0.03339619 
105 324 9 11 0.033147886 
85 262 9 12 0.032819744 
443 157 12 15 0.032793656 
614 286 11 13 0.032760177 
22 216 8 9 0.032664698 
128 183 10 10 0.03264044 
196 333 14 18 0.032459363 
39 216 8 10 0.032362897 
41 241 7 10 0.03220779 
126 247 8 11 0.03190379 
599 96 16 19 0.03171021 
1 254 7 10 0.031306393 
192 285 11 15 0.030889375 
126 213 10 12 0.030805305 
32 240 8 10 0.030511826 
1 125 9 13 0.030486688 
129 202 13 15 0.030354595 
136 292 9 11 0.030337127 
812 37 10 13 0.03022017 
57 216 9 10 0.030193126 
232 375 8 9 0.030184325 
86 269 8 10 0.030059215 
23 187 8 11 0.030036047 
135 304 8 10 0.029889502 
175 213 10 13 0.029699726 
199 293 12 15 0.029595863 
995 274 12 17 0.029431876 
206 366 8 9 0.02932484 
565 276 12 16 0.02920755 
90 199 8 9 0.02918971 
184 188 9 10 0.029030476 
463 156 10 14 0.028916221 
120 252 9 11 0.02883124 
94 240 8 10 0.028663792 
630 305 14 15 0.028567048 
94 175 8 9 0.028483143 
159 359 9 12 0.028433798 
693 340 12 16 0.028385043 
78 183 8 11 0.028368136 
56 262 7 10 0.028206378 
307 109 16 20 0.02802391 
685 374 28 37 0.027999233 
-15 149 404 493 0.02786958 
228 340 10 14 0.027856357 
135 311 7 9 0.02784312 
566 152 15 20 0.027825134 
701 370 22 37 0.02779746 
746 402 93 112 0.027708603 
148 253 10 13 0.027705811 
616 152 20 25 0.027431909 
149 218 13 16 0.02737052 
86 254 9 11 0.02732701 
0 204 6 11 0.027135596 
6 173 8 11 0.026889686 
10 262 7 10 0.026721854 
133 230 10 12 0.026681036 
80 278 8 11 0.02662913 
140 292 10 13 0.026515352 
191 325 10 14 0.026458092 
124 262 12 14 0.026282575 
166 172 9 12 0.026191695 
24 206 7 10 0.026188508 
97 310 7 10 0.026186591 
88 229 7 9 0.026141115 
121 246 9 12 0.026028281 
63 208 8 9 0.025912328 
1014 282 9 15 0.025898298 
89 174 8 10 0.025885493 
221 263 15 20 0.025793454 
150 209 13 16 0.025745913 
202 360 8 11 0.025682922 
49 232 6 9 0.025650736 
65 188 7 10 0.025477676 
130 310 7 10 0.025443906 
79 188 8 11 0.025414208 
247 349 9 11 0.025356473 
65 286 7 9 0.025240242 
129 303 8 10 0.02523384 
49 204 9 11 0.025150804 
580 292 21 27 0.025051828 
47 222 7 10 0.024983682 
264 357 8 12 0.02475691 
74 247 7 8 0.024753181 
95 230 8 9 0.024669254 
201 214 14 21 0.024658404 
370 196 18 23 0.024613936 
32 256 8 10 0.024487589 
95 205 7 10 0.024259405 
157 203 19 25 0.024258723 
943 195 14 20 0.024224607 
291 178 13 17 0.024193626 
134 184 9 11 0.024130238 
142 302 8 11 0.02406243 
1007 308 9 12 0.02392712 
80 245 8 10 0.02385375 
109 228 8 11 0.023718858 
136 253 12 14 0.023542676 
14 255 8 10 0.02352551 
586 108 14 17 0.02344014 
545 374 25 34 0.023427371 
341 367 12 16 0.0232866 
461 342 15 20 0.023275485 
206 121 11 14 0.023060381 
54 255 7 10 0.022901239 
87 278 9 12 0.022785846 
87 311 7 9 0.022761837 
1014 274 9 16 0.022729019 
79 312 8 11 0.022644095 
135 276 11 15 0.0226398 
743 389 10 13 0.02256258 
140 207 13 16 0.022487275 
1000 320 9 11 0.022385659 
158 237 11 13 0.022363838 
197 325 13 17 0.022348309 
420 498 126 166 0.022341305 
622 318 13 17 0.02224438 
110 304 8 11 0.022220626 
993 326 9 11 0.021643834 
55 247 7 9 0.021596422 
928 335 8 11 0.021470146 
687 338 12 15 0.021414522 
127 189 14 15 0.021384958 
524 452 12 17 0.021353023 
595 290 14 17 0.02134236 
102 257 10 11 0.021073876 
109 324 8 10 0.021058114 
793 13 11 13 0.020874448 
105 243 9 12 0.02067309 
628 315 16 19 0.02064044 
736 439 10 13 0.020591855 
143 239 11 13 0.020551082 
403 301 40 46 0.020526662 
233 368 8 10 0.020450557 
15 209 8 10 0.020447241 
269 199 16 21 0.020286735 
475 175 30 38 0.02027051 
63 246 7 9 0.020249322 
95 255 9 11 0.020244747 
487 351 44 52 0.02022364 
120 302 9 11 0.02018802 
361 173 24 28 0.020184135 
92 246 9 10 0.020155106 
223 161 15 20 0.020149842 
