0_Parade_marchingband_1_445
316
484 148 38 48 0.9645391 
669 122 32 42 0.9291379 
822 115 33 41 0.8940749 
155 110 18 22 0.5072748 
260 114 25 32 0.41520625 
338 100 19 24 0.38616285 
635 1 18 18 0.36568907 
242 0 17 19 0.35083562 
416 124 18 22 0.348813 
71 43 11 13 0.27504578 
858 131 15 20 0.26297688 
654 126 29 41 0.24526489 
93 176 27 36 0.24273314 
53 34 11 14 0.20761167 
652 1 13 15 0.18870269 
757 82 12 14 0.17208287 
576 141 10 13 0.16278534 
280 113 23 29 0.15777265 
13 24 13 16 0.15335916 
910 278 25 34 0.13783203 
871 107 14 19 0.13716796 
845 2 13 15 0.13687927 
756 139 14 16 0.13684656 
934 110 11 13 0.13251233 
737 84 10 12 0.123624414 
661 2 12 14 0.111482896 
7 22 13 17 0.106634565 
810 5 13 16 0.10656468 
245 115 28 37 0.10579314 
213 141 10 13 0.1023755 
47 140 10 12 0.09315588 
901 110 9 11 0.08984946 
269 1 15 17 0.08964088 
253 194 25 30 0.08868678 
341 95 32 35 0.087485716 
893 195 10 13 0.08654519 
496 3 17 18 0.08549612 
119 32 10 11 0.08433171 
47 83 11 13 0.0820434 
791 4 10 12 0.07997805 
867 583 14 17 0.07992489 
1005 5 11 12 0.075545676 
773 110 9 11 0.073625825 
150 82 13 17 0.07325755 
601 37 11 15 0.072687455 
642 0 17 16 0.06858073 
239 87 12 13 0.06842286 
47 149 11 15 0.06812679 
916 275 16 21 0.06326358 
461 89 14 16 0.06279561 
899 264 43 55 0.062302474 
182 2 26 30 0.062150273 
95 7 9 12 0.060928375 
1006 210 11 14 0.06078004 
813 88 54 72 0.060681146 
722 143 16 21 0.06028868 
949 71 11 14 0.05944574 
8 139 10 12 0.058738604 
10 578 55 59 0.058530238 
461 128 50 61 0.05841166 
255 73 12 17 0.05736644 
741 69 10 12 0.056647733 
274 0 15 14 0.05572581 
782 2 11 14 0.055132177 
789 74 22 29 0.05387776 
921 282 14 17 0.053584874 
605 2 13 15 0.053535037 
650 99 45 63 0.053457253 
681 132 20 26 0.05248859 
744 99 13 16 0.051712606 
519 3 11 12 0.050477635 
652 138 18 26 0.049923908 
775 4 11 14 0.04901188 
267 145 15 18 0.048618432 
400 -4 32 28 0.04854888 
667 1 17 17 0.048351493 
425 119 46 55 0.047776595 
686 107 11 16 0.04643834 
853 299 55 69 0.04641939 
49 30 11 14 0.046204865 
87 123 12 14 0.04530472 
713 134 21 27 0.044317693 
469 2 14 16 0.044262428 
773 82 11 15 0.04364218 
41 135 10 13 0.04345101 
56 69 10 12 0.0429741 
377 4 32 35 0.04290078 
737 185 17 20 0.04258378 
974 93 9 11 0.042556103 
790 70 12 16 0.041636303 
245 133 15 19 0.041341104 
710 69 9 11 0.041169584 
198 133 27 34 0.040771123 
161 109 26 31 0.040576067 
983 110 9 12 0.039656453 
205 199 28 33 0.039556317 
95 1 9 9 0.039519556 
612 60 11 14 0.038999084 
715 134 13 17 0.03887671 
864 109 12 16 0.03873498 
99 144 13 15 0.038710494 
686 102 10 13 0.038606197 
732 100 11 13 0.03826568 
842 129 15 22 0.038068134 
4 6 10 12 0.037676297 
1004 101 10 13 0.037643425 
211 142 16 20 0.037563987 
251 147 14 18 0.03741027 
688 194 16 18 0.037009597 
796 185 19 23 0.036930446 
588 11 14 16 0.03676398 
284 0 13 15 0.03662274 
29 227 34 39 0.036370616 
730 145 14 18 0.036332045 
922 158 9 11 0.036275774 
13 139 11 12 0.036269087 
676 140 18 24 0.036039956 
524 4 11 11 0.03594614 
810 131 14 18 0.035630956 
839 1 13 14 0.035585944 
753 14 9 11 0.03546357 
476 93 11 14 0.0352267 
272 115 18 23 0.035123125 
582 21 14 17 0.035086263 
783 69 10 15 0.03483303 
988 108 9 12 0.0346401 
221 200 14 19 0.03454109 
679 189 27 30 0.034370385 
716 151 15 20 0.033943746 
755 134 22 28 0.033926096 
355 2 15 16 0.033884756 
266 199 16 21 0.033752464 
452 0 26 29 0.033654995 
409 106 45 58 0.03346579 
237 5 16 21 0.033384737 
753 76 20 25 0.033333573 
765 82 12 16 0.033290695 
169 119 60 68 0.0331611 
18 20 13 18 0.03305265 
739 77 13 16 0.032930255 
76 178 26 35 0.032911517 
749 143 15 19 0.0328556 
999 148 12 15 0.032386057 
594 135 46 53 0.032366827 
590 216 55 66 0.03217768 
46 1 9 9 0.03200586 
838 11 11 13 0.031715814 
177 112 26 31 0.03161138 
779 612 17 18 0.03146036 
782 70 19 27 0.03133114 
831 28 12 14 0.031249192 
892 36 10 13 0.031176824 
544 12 11 14 0.031132134 
156 78 11 14 0.031114435 
262 102 41 49 0.030876298 
361 123 17 20 0.030655319 
600 5 11 14 0.030598795 
581 4 12 13 0.030466847 
720 211 28 36 0.030287424 
976 87 9 11 0.030274557 
771 384 29 32 0.030242952 
719 125 10 14 0.029826632 
766 5 12 14 0.029499123 
619 156 14 17 0.029431269 
796 5 11 12 0.0294296 
300 52 11 13 0.029415568 
611 2 13 15 0.029017927 
89 11 11 14 0.028966557 
291 120 25 31 0.02892592 
181 120 15 20 0.02872482 
60 110 10 13 0.02872482 
989 154 10 12 0.028512852 
224 113 50 56 0.028497184 
980 115 10 12 0.028122965 
757 21 11 13 0.028050546 
836 121 28 36 0.027978562 
592 116 12 15 0.02794243 
145 12 10 11 0.027658543 
983 151 12 16 0.027480226 
175 60 9 12 0.02739798 
576 22 12 14 0.027376305 
894 135 9 13 0.02734999 
833 5 11 12 0.027344283 
440 3 29 31 0.027276564 
141 62 9 10 0.027236512 
292 -1 16 14 0.02722168 
581 218 33 44 0.02711326 
206 4 13 16 0.02707709 
862 93 9 14 0.027069844 
753 78 12 15 0.026950378 
876 67 11 12 0.026592467 
366 26 13 15 0.026424035 
465 86 24 29 0.0263797 
249 200 14 21 0.026344772 
699 96 20 30 0.026329078 
722 114 91 117 0.026189195 
695 107 11 18 0.02617698 
642 9 14 15 0.02611763 
808 122 29 34 0.026097074 
232 97 30 38 0.02604225 
832 21 12 15 0.025932359 
776 70 11 15 0.025880562 
784 177 27 34 0.025839325 
151 54 8 11 0.025723692 
59 61 11 14 0.025464563 
752 134 12 16 0.025389936 
949 301 11 14 0.02522236 
981 14 11 13 0.025166905 
187 1 16 16 0.025101332 
187 204 32 41 0.025015699 
23 6 11 13 0.024983322 
112 61 11 13 0.024884332 
773 172 15 19 0.024824854 
929 227 10 13 0.024821717 
901 234 16 21 0.024767086 
227 3 15 19 0.024731942 
96 39 10 12 0.024698207 
457 83 23 26 0.024637643 
52 77 10 14 0.024617337 
327 28 54 58 0.024599424 
47 4 10 13 0.02454244 
602 42 12 15 0.02452969 
865 136 12 18 0.024495937 
44 79 20 26 0.024494521 
742 95 11 13 0.024289519 
630 40 12 15 0.024123607 
856 110 10 14 0.02408836 
77 186 16 21 0.02407176 
726 174 24 30 0.024069073 
467 -1 22 24 0.024016447 
356 125 29 33 0.023999155 
148 109 50 57 0.023958253 
436 132 48 57 0.023801358 
621 2 15 17 0.02379316 
394 5 16 17 0.02377446 
622 32 14 18 0.023630178 
766 166 30 36 0.02358445 
900 70 12 14 0.023554398 
992 46 10 11 0.023333838 
200 63 9 12 0.023273133 
694 1 14 17 0.02315451 
316 117 10 14 0.023149507 
4 11 13 18 0.023105817 
610 149 25 29 0.023055853 
87 87 10 12 0.023035826 
862 113 23 29 0.022972826 
782 63 10 13 0.022926707 
72 178 40 56 0.022869246 
593 189 12 15 0.022826828 
149 84 23 28 0.02280678 
700 -1 17 18 0.022747474 
42 84 11 13 0.022669965 
897 219 24 31 0.022596937 
745 132 53 66 0.0225592 
651 124 14 19 0.02254594 
113 28 9 12 0.022495832 
52 7 11 12 0.022442235 
50 151 14 18 0.022344759 
144 69 8 11 0.022317834 
915 182 12 14 0.022317039 
910 119 11 12 0.022315774 
978 181 11 12 0.022205392 
735 154 12 15 0.02220212 
128 6 11 13 0.022133075 
996 46 10 12 0.02199224 
646 130 16 22 0.02190413 
425 127 17 20 0.021873826 
369 20 16 17 0.021869244 
1 135 8 11 0.021753829 
459 145 31 37 0.02172209 
244 153 16 18 0.021683324 
163 84 12 15 0.021671059 
832 13 11 13 0.02163649 
704 44 12 14 0.021500792 
965 7 11 12 0.021493748 
202 117 52 59 0.02146755 
756 15 10 13 0.021450466 
377 155 14 19 0.021438012 
183 137 37 41 0.021371465 
748 94 12 14 0.021363977 
79 116 12 15 0.021332815 
438 4 16 18 0.021305995 
53 186 45 56 0.021298567 
218 196 24 30 0.02129688 
250 121 17 22 0.02120853 
253 68 20 27 0.021207707 
604 30 12 16 0.021146275 
352 115 28 31 0.021133792 
246 139 23 29 0.021107642 
777 63 8 11 0.020983098 
926 22 9 11 0.020926254 
467 86 13 16 0.020851512 
631 6 14 18 0.020807404 
1002 229 9 11 0.02079277 
218 141 12 15 0.020748708 
703 76 9 11 0.020740004 
879 5 10 12 0.020647014 
127 70 9 11 0.020576263 
691 12 14 18 0.020572498 
336 40 30 32 0.020571304 
92 117 14 16 0.020561565 
914 187 15 18 0.02052296 
679 103 23 30 0.020508513 
799 111 56 67 0.020470448 
151 113 27 33 0.020398103 
606 150 12 15 0.02037789 
37 216 30 36 0.020347 
267 153 15 19 0.02034239 
103 87 11 14 0.020292765 
1002 213 10 12 0.020289501 
89 0 10 10 0.020268446 
871 5 11 12 0.020266417 
424 538 29 34 0.020153059 
782 148 11 13 0.020092102 
92 -8 91 119 0.020088982 
708 62 11 14 0.020079413 
