0_Parade_marchingband_1_768
554
280 213 37 40 0.9797545 
462 611 20 27 0.9364534 
828 623 24 34 0.6383293 
783 622 12 16 0.61903834 
680 637 27 31 0.5802587 
708 620 13 17 0.46184292 
532 611 16 20 0.33644053 
222 180 24 29 0.21376112 
502 636 10 12 0.18683316 
610 630 9 13 0.1866592 
501 565 9 11 0.18021777 
983 639 32 37 0.17739941 
453 566 10 11 0.17624846 
557 565 10 11 0.15131453 
366 520 8 10 0.14957523 
678 549 9 11 0.12589462 
909 653 27 31 0.12235193 
407 521 8 11 0.113046624 
558 527 8 10 0.11302781 
680 545 8 10 0.10433683 
496 603 11 12 0.10192402 
554 527 7 10 0.10109461 
622 544 8 10 0.097894706 
641 637 10 14 0.09626284 
610 488 7 8 0.095985964 
560 504 7 9 0.09423763 
376 -6 166 241 0.093824334 
465 480 7 8 0.09288973 
557 628 10 13 0.089081526 
617 544 8 9 0.08901687 
599 550 7 8 0.08754422 
1001 550 8 11 0.08673452 
431 470 8 9 0.083696075 
626 581 7 11 0.07734291 
513 511 7 9 0.07652523 
301 651 9 14 0.076523416 
528 495 7 9 0.076344885 
537 614 17 20 0.075382866 
609 575 8 9 0.07456219 
674 551 8 10 0.074145176 
535 600 12 14 0.07289462 
623 576 8 10 0.07266657 
873 559 8 10 0.072196886 
568 479 8 10 0.07165341 
607 560 9 11 0.071551785 
549 619 12 16 0.07100381 
477 533 8 10 0.07064555 
661 597 9 12 0.06999521 
369 544 8 10 0.069841586 
466 456 7 9 0.067709565 
777 620 12 15 0.0676504 
496 518 8 9 0.06747461 
382 463 8 10 0.067396306 
630 583 8 11 0.066555776 
486 516 9 11 0.06575712 
415 551 8 10 0.06559171 
433 518 7 10 0.065398246 
624 518 7 9 0.065184586 
489 544 8 9 0.06515054 
640 527 7 8 0.064417206 
398 626 10 13 0.06432812 
696 559 7 10 0.06390655 
643 645 11 14 0.06388248 
409 525 8 10 0.063815676 
839 633 16 23 0.0637367 
616 549 8 10 0.06279557 
607 565 8 10 0.062690705 
574 520 8 9 0.062453136 
586 573 9 12 0.062069476 
433 512 7 9 0.061762825 
433 11 87 146 0.061623678 
695 576 8 10 0.06093218 
658 496 6 9 0.060661364 
639 502 7 10 0.05969297 
361 488 8 9 0.059656966 
152 518 9 10 0.0589502 
609 50 431 473 0.058937017 
817 621 24 31 0.058875438 
512 487 7 9 0.058671087 
409 495 7 9 0.05814786 
568 544 8 10 0.058129556 
471 479 7 9 0.058020942 
33 518 8 10 0.05752812 
544 549 8 10 0.057291295 
511 536 8 10 0.057057388 
362 518 7 11 0.056473576 
705 535 7 8 0.05625839 
575 464 7 9 0.056176756 
607 520 8 9 0.055804726 
614 488 7 10 0.055757847 
648 574 8 11 0.05541632 
471 503 7 9 0.05530269 
471 455 6 9 0.05508577 
790 557 8 9 0.055043034 
520 509 6 10 0.055035036 
679 511 7 9 0.054986034 
438 503 8 9 0.05484796 
616 494 7 10 0.054820575 
552 487 7 9 0.05445997 
235 182 11 16 0.054330308 
400 471 8 10 0.05424135 
464 527 8 10 0.05397445 
608 512 7 9 0.053952012 
575 480 7 9 0.05375279 
408 534 7 10 0.053643484 
432 465 7 9 0.052953295 
600 545 6 8 0.052734766 
624 512 7 9 0.052696213 
662 496 7 9 0.05170553 
481 513 8 10 0.051063027 
497 471 7 9 0.050929643 
478 529 8 10 0.050736256 
489 480 6 8 0.050712712 
496 487 7 9 0.050666586 
598 584 7 10 0.050115354 
976 536 7 10 0.04995438 
567 496 8 9 0.04974351 
447 534 7 9 0.049545486 
437 519 7 10 0.04899855 
502 495 8 10 0.048855398 
422 478 8 10 0.04868547 
664 513 7 8 0.048623357 
576 497 7 8 0.048472006 
528 510 7 10 0.048260715 
703 573 9 11 0.04786138 
614 589 8 10 0.04773516 
502 502 8 10 0.04748463 
511 526 8 9 0.047304865 
432 488 8 9 0.04688431 
554 504 7 9 0.04675866 
449 487 7 9 0.046676468 
352 611 12 14 0.046565626 
455 470 7 9 0.046137914 
455 553 8 10 0.045309167 
345 476 8 10 0.04519061 
463 587 8 11 0.044406444 
655 464 7 8 0.044267893 
607 525 7 9 0.044165924 
584 520 7 9 0.04382875 
498 495 7 9 0.043609906 
515 596 13 15 0.043528657 
392 560 6 10 0.04332195 
608 543 7 9 0.04321281 
593 488 6 8 0.043057572 
678 556 8 10 0.0428442 
512 520 8 9 0.042000826 
456 511 7 9 0.04195797 
520 505 7 10 0.04182046 
876 566 10 12 0.041480836 
568 526 8 10 0.04137957 
447 603 11 13 0.041363027 
527 541 8 10 0.041238304 
551 472 7 8 0.041221734 
129 481 6 8 0.04105281 
406 472 7 9 0.040958643 
669 574 9 12 0.04084006 
449 551 8 10 0.04082919 
482 517 8 10 0.04070101 
599 495 7 8 0.04063813 
820 612 14 17 0.04056309 
623 462 8 10 0.04040269 
663 478 8 9 0.040330544 
383 535 7 8 0.040300492 
489 549 8 10 0.040296707 
471 448 7 9 0.040255457 
472 528 8 11 0.040130794 
400 542 7 9 0.039980486 
498 502 7 10 0.03983607 
433 503 7 9 0.039741576 
376 558 8 10 0.03971422 
393 565 8 10 0.03947823 
481 487 6 8 0.03909477 
455 558 10 12 0.03898813 
626 480 6 8 0.038934425 
391 628 11 12 0.03889218 
616 518 7 9 0.038702637 
480 463 7 10 0.03865533 
601 566 8 10 0.038482264 
529 535 7 10 0.038479 
786 558 8 10 0.03834323 
609 582 8 10 0.038336594 
463 553 8 10 0.038098957 
135 481 7 9 0.03789493 
442 479 7 9 0.037789144 
551 544 8 10 0.03770293 
822 551 8 10 0.037700165 
495 479 7 9 0.037582517 
494 544 8 10 0.03726751 
391 512 8 10 0.03716851 
897 551 7 10 0.0369944 
689 521 7 9 0.036990535 
616 513 7 8 0.036922324 
568 472 7 8 0.03685832 
592 495 7 9 0.036791362 
649 534 6 8 0.036741022 
119 511 7 8 0.036717687 
551 519 8 9 0.036565688 
609 551 7 9 0.036517248 
662 472 8 10 0.036333915 
655 511 8 10 0.03618748 
406 627 9 11 0.03615304 
268 659 13 16 0.03613142 
646 581 10 12 0.035655197 
575 502 8 9 0.035576645 
414 521 8 10 0.03555145 
673 544 8 10 0.035381768 
657 528 7 9 0.03515499 
438 464 8 9 0.03513384 
554 622 11 15 0.035127543 
583 544 7 9 0.035084296 
609 463 6 9 0.035052247 
423 496 8 9 0.034992725 
449 471 7 9 0.03495398 
456 465 8 10 0.034933303 
425 471 7 10 0.034894917 
584 568 8 10 0.03488026 
535 534 7 9 0.03463426 
536 573 8 10 0.034510635 
576 567 8 11 0.034480017 
425 448 7 9 0.034423407 
357 534 8 10 0.034408934 
882 603 13 16 0.034378454 
384 503 7 9 0.034325007 
609 480 7 8 0.03426012 
496 513 7 10 0.03406722 
456 479 7 9 0.03406059 
535 511 7 10 0.03401396 
569 520 7 9 0.034003805 
464 462 7 9 0.03394719 
110 603 10 12 0.033794925 
518 566 9 11 0.03368461 
640 520 7 9 0.033633493 
656 502 7 8 0.03359499 
647 528 7 9 0.033326037 
817 558 7 10 0.03325081 
413 525 8 10 0.03323145 
376 551 7 10 0.03318087 
208 484 10 15 0.03313588 
818 551 8 11 0.033053335 
631 495 7 10 0.032836746 
600 489 6 8 0.03273018 
543 527 7 9 0.032681376 
513 470 6 9 0.032611307 
544 504 7 9 0.0323968 
576 440 8 9 0.032385606 
672 512 7 8 0.03229817 
557 572 10 12 0.032287538 
424 536 7 9 0.032235213 
590 568 8 10 0.0322072 
726 567 7 9 0.032192424 
583 480 7 9 0.032186538 
640 496 7 9 0.03214707 
537 529 7 9 0.03211794 
616 463 7 10 0.032095883 
464 512 7 9 0.032085348 
352 503 7 10 0.03200813 
517 629 11 14 0.03190777 
432 495 8 9 0.03185048 
679 503 8 10 0.03182763 
504 512 7 9 0.03181579 
824 574 10 11 0.03171752 
416 488 7 8 0.031653985 
129 564 9 12 0.031586826 
488 487 7 8 0.031536553 
55 541 8 10 0.031524222 
486 567 8 10 0.031479917 
368 558 7 9 0.031417154 
553 561 9 10 0.0312685 
119 526 8 10 0.031107765 
575 543 7 9 0.030768849 
471 496 7 8 0.030753504 
505 527 8 9 0.030683981 
639 583 9 10 0.03062937 
884 600 10 12 0.030617626 
114 511 7 9 0.030600108 
568 549 7 10 0.030548722 
543 588 8 11 0.030289598 
544 464 6 8 0.03016193 
399 501 7 9 0.030090358 
607 504 8 8 0.03001931 
360 511 7 10 0.02997594 
37 519 8 10 0.02987804 
391 518 8 10 0.029831387 
671 487 7 9 0.029704468 
488 528 8 9 0.029704234 
559 544 8 10 0.02962464 
114 486 7 9 0.029592576 
399 496 7 10 0.029580446 
903 598 9 11 0.029574454 
528 504 7 10 0.029500945 
381 527 8 10 0.029445466 
500 570 11 13 0.029283086 
496 583 10 13 0.029259188 
846 560 9 10 0.029227147 
702 614 16 19 0.029075867 
455 487 6 8 0.0290195 
513 480 7 9 0.02898006 
481 470 7 9 0.0289476 
566 502 7 9 0.028859599 
129 485 7 9 0.028809713 
602 527 8 9 0.028677396 
600 472 7 9 0.028623154 
601 559 8 11 0.028420411 
702 558 7 9 0.028332435 
552 511 8 10 0.028287087 
520 487 7 8 0.028263167 
704 569 8 10 0.02815985 
205 530 13 16 0.028001737 
494 549 9 10 0.027963653 
106 527 8 10 0.027888156 
368 632 10 12 0.0277835 
510 559 8 10 0.027758917 
613 559 8 10 0.027704801 
616 471 7 8 0.027593425 
439 544 7 10 0.027528252 
842 565 8 11 0.027522568 
518 550 7 10 0.02752059 
471 511 7 10 0.027304139 
447 479 7 9 0.027279159 
377 526 8 10 0.027203608 
689 559 7 9 0.027166748 
439 496 7 9 0.027095877 
584 464 7 8 0.027080307 
377 564 9 11 0.02704662 
873 571 10 13 0.026926119 
368 549 7 10 0.026884459 
464 496 7 8 0.026768366 
359 504 8 10 0.026730908 
625 495 7 10 0.026691934 
415 448 8 9 0.026676577 
544 519 7 9 0.026638348 
527 488 6 8 0.026632011 
440 527 7 8 0.026593061 
577 571 8 11 0.026537988 
438 511 7 9 0.026534222 
393 496 8 10 0.026503386 
503 488 7 8 0.026445258 
901 550 9 11 0.026438037 
632 472 6 9 0.02632224 
537 470 7 9 0.02629611 
128 504 7 9 0.026252402 
528 464 7 9 0.026217148 
135 485 8 10 0.026178097 
624 527 7 9 0.026174879 
648 519 7 8 0.026127663 
480 480 7 9 0.026086405 
472 462 7 9 0.02607037 
584 579 9 12 0.026053062 
631 519 7 9 0.026047483 
601 511 8 9 0.026026385 
471 487 7 9 0.025991075 
686 479 8 10 0.025847819 
536 465 7 9 0.025841616 
664 517 6 9 0.025826067 
639 456 7 8 0.025801843 
383 551 8 9 0.025790544 
416 495 7 9 0.025640788 
693 521 8 10 0.025634954 
487 472 7 8 0.025567435 
568 485 8 9 0.025517138 
826 613 14 17 0.025440121 
657 486 7 9 0.025388993 
353 527 9 11 0.025385559 
689 536 7 8 0.025377125 
689 526 7 9 0.025336904 
650 511 7 10 0.025248658 
657 471 7 9 0.025205879 
104 503 8 9 0.025142407 
449 519 7 9 0.02507414 
401 536 7 9 0.025066018 
512 551 9 10 0.0250613 
736 489 7 8 0.025058761 
543 558 8 10 0.02490274 
553 480 7 8 0.024850925 
623 446 8 10 0.024816925 
422 487 8 9 0.024809705 
513 542 8 10 0.024800442 
813 625 16 21 0.02477352 
367 503 7 10 0.024703382 
512 461 204 233 0.024648659 
449 465 7 10 0.024594212 
538 487 6 8 0.024463603 
200 538 11 13 0.024430035 
552 572 10 12 0.02442743 
841 536 8 10 0.024417296 
672 472 7 8 0.024336286 
696 454 8 9 0.024328165 
681 479 8 10 0.024321701 
534 424 7 9 0.02427519 
663 487 8 10 0.02422074 
1000 545 8 10 0.0241927 
439 471 7 9 0.02419071 
911 494 8 10 0.024167176 
633 549 7 9 0.02413637 
543 488 7 9 0.024133 
480 439 8 9 0.024082003 
722 567 7 9 0.024081891 
392 544 7 9 0.02405697 
625 456 6 9 0.024051594 
73 558 8 11 0.024019616 
825 569 8 10 0.023877691 
409 489 7 8 0.023826692 
686 550 7 9 0.023789052 
360 493 8 9 0.023708839 
129 541 8 9 0.023671836 
486 496 7 9 0.023532543 
136 505 7 9 0.023495894 
865 472 7 10 0.023396976 
641 650 11 14 0.023381434 
857 550 8 10 0.023303913 
649 568 8 10 0.02330144 
848 518 7 10 0.02326196 
608 535 7 10 0.02324605 
431 535 7 9 0.023243062 
673 503 7 9 0.023232128 
531 598 22 29 0.023201842 
526 481 7 8 0.023137098 
633 456 7 9 0.02311031 
822 556 9 11 0.023078391 
649 543 7 9 0.023057902 
537 480 7 8 0.02305031 
656 518 7 8 0.02304824 
574 526 8 9 0.023039153 
365 566 8 11 0.022963973 
349 477 8 10 0.02295191 
825 469 8 10 0.022881405 
418 479 7 9 0.022852628 
665 579 10 13 0.022844017 
96 535 7 9 0.022837162 
584 487 7 8 0.022824224 
418 544 7 9 0.022812871 
689 576 8 11 0.022721114 
835 621 15 21 0.02267279 
623 568 8 9 0.022671798 
361 551 8 11 0.02261893 
695 536 7 8 0.022601744 
665 550 8 10 0.022553382 
520 543 7 9 0.022542562 
113 560 8 10 0.022542523 
384 519 7 9 0.02252632 
367 479 8 9 0.022514636 
631 511 7 9 0.022513347 
593 543 8 10 0.022510586 
489 535 8 10 0.022486206 
456 495 7 9 0.022477275 
503 470 7 9 0.022473034 
625 487 6 9 0.022451086 
505 454 7 10 0.022448894 
439 488 7 8 0.022417968 
425 519 6 9 0.022404272 
360 526 8 10 0.022337103 
205 523 12 16 0.022321517 
591 463 7 8 0.022286074 
448 511 7 9 0.022270793 
558 509 8 10 0.022247655 
119 565 9 11 0.022245225 
506 535 7 9 0.022218054 
710 535 7 9 0.022177944 
133 560 9 11 0.022169985 
552 432 7 9 0.022028623 
535 504 7 9 0.022023924 
560 463 7 9 0.022014663 
480 551 7 10 0.021995677 
632 502 8 10 0.021987248 
496 464 7 9 0.021944953 
120 504 7 9 0.021936271 
442 448 7 9 0.021917446 
657 478 7 10 0.021914812 
309 654 10 14 0.021812372 
641 488 6 8 0.02180805 
577 445 8 9 0.021804383 
465 519 7 10 0.021800363 
574 536 8 9 0.021794649 
467 608 14 17 0.021757033 
521 480 7 9 0.021744201 
696 566 8 10 0.021717267 
377 488 7 9 0.021705225 
789 615 20 25 0.021685358 
680 519 7 9 0.021669319 
887 568 10 12 0.021662697 
713 624 13 17 0.021651242 
847 514 7 8 0.02156411 
231 176 11 13 0.021548435 
616 502 8 9 0.021534417 
603 519 8 10 0.021482632 
512 564 8 11 0.02142679 
479 455 7 9 0.021408284 
503 550 8 9 0.021390367 
654 543 7 9 0.021379147 
537 518 7 10 0.021342421 
110 528 8 10 0.021331435 
705 496 7 8 0.021321949 
545 512 7 9 0.021280214 
696 553 7 9 0.021177199 
494 535 7 9 0.02117718 
632 527 7 8 0.021153707 
672 496 7 9 0.021143936 
647 598 10 12 0.021125538 
447 448 8 9 0.021123575 
377 503 7 9 0.021109372 
152 523 11 12 0.021090074 
881 497 7 9 0.021078588 
673 527 7 9 0.021072982 
423 542 7 9 0.021017069 
815 612 12 16 0.020966375 
614 583 8 10 0.020939233 
584 603 9 12 0.020937178 
383 456 7 9 0.020901805 
393 456 7 8 0.020900449 
639 472 6 8 0.020892398 
500 582 11 13 0.02087769 
769 560 7 10 0.020860888 
401 520 8 10 0.0208327 
686 503 7 8 0.020823605 
681 487 7 8 0.020791663 
640 544 7 10 0.020760294 
384 480 8 10 0.020759212 
558 633 12 15 0.020714963 
440 549 7 10 0.020695828 
511 465 7 9 0.020660454 
472 588 8 10 0.020645509 
455 519 7 9 0.020633006 
656 439 7 9 0.020629711 
442 534 7 9 0.020597637 
535 567 8 11 0.020577481 
519 470 7 9 0.0205476 
341 443 10 13 0.020516755 
569 511 7 9 0.020516066 
81 503 8 9 0.02044356 
511 493 8 10 0.020415705 
86 504 8 9 0.020408845 
136 511 7 8 0.020393841 
96 504 7 8 0.020385867 
809 558 8 10 0.020364748 
680 537 7 9 0.02034153 
592 480 7 8 0.020338042 
537 447 7 10 0.020333178 
393 486 8 9 0.020323273 
520 464 7 10 0.020308934 
584 526 8 9 0.02028311 
465 533 8 10 0.020273225 
598 447 8 9 0.020254893 
856 558 9 10 0.020214165 
367 495 7 9 0.020189652 
502 519 8 10 0.020181676 
837 644 16 20 0.0201732 
574 511 8 9 0.02016286 
374 621 9 11 0.020157611 
608 625 10 12 0.02015232 
353 510 8 10 0.020126965 
592 456 8 10 0.020020006 
592 582 9 10 0.020004792 
846 537 8 10 0.020002868 
366 488 7 9 0.020000558 
