0_Parade_Parade_0_468
29
470 640 258 318 0.99984944 
15 592 83 117 0.9581607 
188 555 36 43 0.14343925 
824 1219 28 35 0.11084779 
-1 811 21 45 0.09637236 
99 609 40 55 0.08718803 
520 527 341 507 0.07222254 
837 1232 35 34 0.06337042 
850 1229 29 30 0.0565742 
170 736 68 83 0.050382145 
85 382 200 276 0.04543421 
39 296 373 474 0.04389927 
153 494 52 47 0.042903617 
570 825 406 548 0.042185016 
200 987 111 177 0.036849976 
635 404 26 29 0.03680769 
989 1207 35 43 0.033293977 
618 400 31 31 0.030035743 
867 1223 17 26 0.028933669 
808 1222 50 52 0.027145209 
835 1211 44 46 0.0265519 
222 1012 415 502 0.026522422 
879 1168 30 39 0.026148902 
770 1045 37 38 0.02452641 
828 1245 40 48 0.024128133 
693 114 100 144 0.022844234 
936 1160 33 41 0.022287803 
696 35 107 155 0.021193633 
69 609 52 68 0.020183368 
