0_Parade_Parade_0_102
461
84 539 14 19 0.9872032 
741 539 17 19 0.95464015 
524 539 21 26 0.94541824 
269 531 16 21 0.9386372 
934 438 27 30 0.9356054 
331 542 15 21 0.9264969 
183 535 20 25 0.92615455 
425 540 16 21 0.9080277 
804 441 29 34 0.87071913 
58 542 16 19 0.84214807 
661 528 19 21 0.82742363 
595 524 19 23 0.80181473 
495 523 14 18 0.775731 
380 542 12 16 0.7252739 
222 529 11 14 0.6422941 
548 540 17 21 0.6129309 
48 528 10 12 0.6080962 
866 539 18 23 0.58796966 
515 524 15 20 0.5732497 
294 526 11 14 0.55495745 
749 499 15 18 0.4983189 
10 526 10 13 0.46930876 
135 528 10 13 0.43604398 
30 527 8 11 0.3884103 
294 502 11 13 0.37618566 
64 519 9 11 0.36427355 
365 539 10 12 0.3580207 
12 532 9 11 0.34477744 
389 472 8 11 0.33504084 
613 526 13 17 0.2968225 
260 477 11 14 0.29253936 
352 494 7 9 0.28075168 
779 394 14 17 0.26539162 
327 530 14 17 0.26467988 
296 540 11 15 0.2628025 
637 541 12 17 0.24146658 
336 478 9 12 0.23938425 
376 492 8 11 0.21599856 
538 539 18 25 0.2148628 
717 527 10 13 0.20974249 
405 505 9 11 0.20885739 
360 487 7 9 0.20678625 
368 470 8 10 0.19823301 
66 523 9 12 0.19720195 
110 555 9 12 0.1967755 
675 532 11 14 0.19378775 
638 533 12 15 0.19167265 
236 479 10 13 0.18767783 
292 493 11 14 0.18508495 
342 533 13 18 0.18047313 
684 542 10 14 0.18006106 
246 467 10 12 0.17708026 
328 508 9 12 0.17310843 
375 524 9 11 0.16858864 
514 557 11 14 0.16709162 
328 503 8 11 0.16390084 
440 445 8 12 0.16070877 
832 493 27 35 0.15594368 
679 538 11 15 0.15295175 
584 531 11 15 0.14482044 
141 550 8 12 0.1381975 
30 532 10 11 0.13642156 
402 509 9 11 0.1356735 
845 569 13 17 0.13050969 
478 524 11 14 0.12963444 
313 471 10 11 0.12910558 
125 559 9 11 0.12785433 
333 472 9 11 0.1255704 
120 558 8 11 0.12334963 
359 471 8 10 0.11349441 
565 526 9 13 0.11327291 
167 519 9 13 0.11100468 
148 516 12 15 0.110963345 
292 486 10 13 0.108969904 
69 520 9 11 0.10798113 
385 563 10 13 0.10652426 
294 471 9 11 0.10649316 
78 519 8 10 0.10484399 
688 564 11 14 0.10426003 
128 527 10 14 0.102550685 
639 526 10 13 0.102185026 
576 524 10 13 0.0993975 
353 471 8 10 0.09937931 
238 509 9 13 0.09828279 
185 501 9 11 0.09793646 
553 471 9 11 0.096737266 
444 590 11 14 0.09553234 
400 564 12 14 0.094360836 
162 638 10 11 0.092544235 
0 511 7 11 0.09108221 
221 516 11 14 0.090096496 
527 477 13 14 0.089976266 
406 472 6 10 0.08955062 
557 532 15 20 0.08802121 
385 477 7 10 0.08600331 
289 525 12 15 0.08581052 
724 526 9 12 0.085739136 
440 517 11 13 0.08561563 
583 524 10 15 0.0853987 
301 534 11 13 0.0844323 
270 495 8 13 0.08377211 
249 499 10 13 0.08309171 
392 493 7 10 0.08257302 
276 528 11 14 0.082379624 
645 538 11 16 0.082320504 
511 472 8 10 0.08160459 
418 502 7 11 0.08104278 
620 410 11 14 0.07640778 
409 591 10 13 0.07521754 
205 524 11 15 0.07402859 
756 547 15 18 0.073075294 
487 524 12 16 0.07118603 
962 503 16 20 0.07048046 
127 509 9 12 0.0695499 
57 518 8 11 0.069181964 
139 525 12 15 0.068432026 
566 654 10 12 0.06766025 
106 555 10 13 0.06763992 
447 485 10 12 0.06658119 
454 479 8 11 0.06653104 
445 574 10 13 0.0665251 
253 496 9 12 0.065976776 
31 582 8 11 0.06552954 
340 480 9 11 0.065050274 
342 485 8 10 0.06485052 
416 430 7 8 0.06411407 
117 552 8 10 0.063184544 
583 499 11 13 0.06265129 
453 484 8 11 0.06246866 
382 537 11 15 0.060904905 
311 525 10 13 0.060242582 
338 540 16 19 0.05938066 
473 479 7 9 0.05877915 
446 492 10 12 0.058733664 
375 472 6 9 0.058728643 
402 476 8 10 0.058219653 
200 525 12 16 0.0573631 
422 522 12 13 0.055769708 
39 521 8 10 0.055763856 
766 503 25 33 0.05572646 
207 518 10 15 0.05518213 
693 531 11 13 0.055175245 
963 491 24 31 0.05484589 
286 530 12 14 0.054541975 
835 546 12 16 0.05387757 
95 525 11 14 0.053702 
417 424 7 10 0.053681083 
464 452 10 12 0.05325904 
263 474 8 11 0.05317669 
152 395 11 14 0.05305518 
26 532 8 11 0.053002737 
406 486 7 9 0.052867148 
591 518 13 17 0.052676674 
184 472 8 10 0.05230414 
64 599 8 11 0.05215519 
33 575 8 11 0.051818755 
687 525 10 13 0.05159075 
326 496 9 10 0.05131542 
302 494 9 14 0.051235016 
377 479 7 9 0.051120766 
522 499 10 13 0.050188467 
104 551 10 12 0.049818482 
440 511 11 13 0.04975521 
473 525 11 14 0.049517844 
51 531 11 13 0.04949485 
300 500 9 12 0.04897538 
742 504 16 17 0.048360333 
190 495 9 10 0.047983658 
470 453 9 11 0.04781169 
742 597 10 14 0.04704892 
80 583 10 13 0.046753235 
445 580 11 14 0.046519358 
93 480 8 10 0.045798108 
0 559 10 15 0.045579366 
479 477 8 10 0.045058526 
136 555 11 13 0.044914864 
40 525 9 12 0.044874873 
318 526 10 14 0.044528835 
158 517 10 14 0.04406272 
631 477 13 17 0.043945175 
406 494 8 10 0.043756858 
349 526 11 14 0.043505613 
269 509 9 12 0.04327953 
391 503 7 11 0.043095108 
142 509 13 16 0.04266207 
388 558 10 14 0.042253993 
416 521 8 11 0.04218388 
840 566 13 17 0.041897345 
370 493 8 10 0.04188219 
742 505 24 26 0.04181065 
79 588 12 14 0.041545887 
444 447 9 11 0.04148735 
294 476 11 14 0.041409772 
439 484 12 14 0.04136626 
330 477 8 11 0.041196 
265 509 9 12 0.04116077 
247 540 11 14 0.041100726 
479 447 8 10 0.041031267 
400 398 8 12 0.04102801 
68 532 11 15 0.040877655 
400 488 7 9 0.04077048 
757 532 13 15 0.04029375 
361 534 11 14 0.040122077 
182 476 9 12 0.040104665 
216 526 12 16 0.040017083 
561 528 10 13 0.03996476 
421 501 10 12 0.039769303 
433 432 6 9 0.03890881 
853 530 24 32 0.038697653 
445 453 9 11 0.038652338 
269 519 11 14 0.03858408 
496 477 9 11 0.03820378 
343 470 8 11 0.038180936 
504 473 7 10 0.038062353 
966 461 10 13 0.03803768 
9 521 8 11 0.037993643 
53 585 8 10 0.0375424 
375 534 10 13 0.03752922 
588 494 10 13 0.037183568 
863 524 12 15 0.03686494 
360 480 7 9 0.03680768 
701 545 14 16 0.036708135 
261 524 17 22 0.036228705 
281 477 10 14 0.036121577 
680 508 12 13 0.036103338 
311 475 11 13 0.036033202 
286 477 11 14 0.03601771 
642 545 12 16 0.035972413 
479 470 10 11 0.03593694 
708 652 13 15 0.035867862 
346 494 9 10 0.035734713 
439 522 12 15 0.035508037 
208 511 9 13 0.035465773 
747 513 14 16 0.035347357 
232 482 12 15 0.03522121 
250 528 208 219 0.034925926 
24 521 8 10 0.034885775 
415 545 12 17 0.034832925 
438 441 8 11 0.0348151 
421 478 11 13 0.03476487 
266 501 9 11 0.034548644 
423 447 8 10 0.034090903 
478 492 11 14 0.03402318 
531 484 11 13 0.033515222 
571 468 13 16 0.03345093 
759 496 23 32 0.03336239 
409 547 10 14 0.033344876 
367 466 8 10 0.033275615 
754 539 15 18 0.03318717 
221 468 12 12 0.033092584 
381 524 10 12 0.0329461 
150 546 11 16 0.03286244 
121 562 9 13 0.032795504 
701 526 10 12 0.03258574 
463 471 8 11 0.032528106 
618 524 12 17 0.032326613 
32 522 9 10 0.032187738 
440 450 9 13 0.031953163 
742 521 25 29 0.031857487 
-1 580 6 12 0.03185639 
383 510 8 11 0.031834867 
65 606 9 11 0.031817116 
317 477 9 11 0.031724866 
422 423 8 9 0.03171902 
446 564 12 15 0.03170859 
309 532 10 13 0.03168506 
185 374 10 13 0.031662673 
392 509 7 11 0.031554647 
576 530 11 15 0.03154544 
457 454 9 11 0.031408835 
728 383 10 12 0.03133746 
478 452 9 12 0.03132657 
215 471 9 12 0.03131222 
96 640 9 12 0.03127951 
65 614 8 11 0.031032545 
50 588 9 12 0.031015486 
215 515 11 15 0.031012712 
396 638 9 13 0.03096966 
776 582 11 14 0.030832678 
445 556 13 16 0.030821292 
160 507 9 13 0.03074764 
381 518 9 12 0.030670425 
810 437 19 22 0.030569263 
38 533 10 12 0.030450592 
255 472 10 12 0.030393593 
367 488 7 9 0.030381804 
831 572 11 16 0.030158555 
685 532 11 16 0.029904338 
439 492 11 12 0.029754043 
460 646 10 13 0.02975332 
683 587 12 14 0.029701702 
561 538 13 19 0.029677141 
288 505 14 16 0.02951849 
433 439 9 11 0.029453572 
37 573 9 12 0.029209012 
586 526 20 26 0.02917443 
321 531 10 15 0.02897181 
431 467 10 12 0.028969564 
131 523 18 23 0.028744342 
687 366 9 12 0.028714718 
302 477 9 13 0.028708454 
231 375 212 234 0.028512852 
191 472 8 10 0.028510217 
278 492 11 15 0.02845718 
329 485 7 10 0.02842294 
602 519 16 19 0.028392704 
186 507 10 14 0.028272806 
816 404 12 15 0.02824006 
321 495 8 11 0.028109405 
523 531 16 22 0.027981794 
358 613 10 12 0.027975554 
247 525 9 14 0.02788228 
302 485 9 12 0.027853323 
502 477 8 11 0.02781871 
369 477 8 10 0.027724607 
386 539 13 16 0.027423583 
439 502 11 13 0.027416501 
175 381 9 13 0.027405085 
494 512 14 15 0.027383497 
401 403 9 12 0.027220171 
231 493 10 11 0.02708456 
765 511 16 21 0.027029848 
327 515 12 14 0.026989207 
440 592 13 17 0.026904788 
434 545 13 17 0.026903715 
95 520 10 12 0.026873656 
878 564 14 17 0.026812289 
13 521 9 11 0.0267541 
319 486 9 10 0.02669448 
134 540 12 15 0.026536046 
382 493 8 11 0.026489805 
261 516 14 18 0.026444675 
434 444 9 13 0.026307212 
358 491 8 11 0.026192883 
501 511 13 15 0.026166808 
44 523 19 22 0.02613215 
664 391 9 11 0.026102498 
385 466 17 23 0.02598323 
451 563 12 14 0.02596514 
839 511 27 36 0.025918625 
452 491 9 13 0.02589228 
656 531 15 19 0.02576877 
33 567 9 11 0.025760952 
358 519 8 11 0.025709307 
122 511 8 11 0.025699152 
28 646 9 13 0.025693234 
401 392 7 9 0.025664493 
413 575 9 11 0.025609162 
63 514 9 10 0.025595758 
127 538 12 15 0.025497366 
524 494 12 14 0.02549074 
280 472 9 11 0.025482284 
32 540 9 11 0.025415447 
686 519 10 13 0.025383787 
411 581 10 11 0.025382245 
583 487 212 214 0.025119497 
827 564 12 16 0.024990508 
723 532 12 15 0.02494574 
4 510 8 11 0.02490992 
429 597 10 14 0.024828194 
438 462 9 11 0.024750121 
360 565 10 12 0.024650699 
382 486 8 11 0.024590798 
481 461 10 13 0.02454584 
939 477 25 34 0.02442136 
448 480 10 12 0.024378883 
288 471 10 12 0.024339462 
292 534 20 24 0.02430646 
713 520 8 11 0.024296517 
321 501 9 11 0.02424807 
353 499 7 11 0.024112323 
853 576 11 15 0.023952771 
390 535 10 12 0.023934957 
484 493 9 11 0.023912366 
178 477 10 13 0.023715744 
358 525 9 13 0.023683738 
830 533 22 28 0.023619888 
968 490 15 17 0.023502033 
428 523 12 15 0.023444137 
46 547 11 15 0.02341348 
360 466 8 10 0.023407767 
470 490 13 16 0.023353087 
640 519 10 13 0.023343654 
560 398 9 11 0.023267388 
365 509 8 11 0.02285513 
7 522 17 23 0.022722894 
426 606 10 12 0.02267361 
150 555 11 14 0.022655759 
444 501 11 13 0.022649571 
630 519 10 13 0.022596393 
506 517 20 26 0.022571879 
308 494 10 13 0.022509294 
633 649 9 11 0.022493012 
726 541 11 14 0.022473326 
70 598 9 11 0.022394093 
121 526 10 13 0.022311594 
535 395 9 11 0.02229589 
4 558 11 14 0.022253128 
480 564 11 14 0.022212472 
742 496 14 17 0.022185978 
78 574 11 13 0.022097621 
343 465 9 10 0.022068784 
535 429 10 11 0.02205262 
753 516 25 30 0.02203872 
440 565 11 14 0.022003977 
398 494 8 10 0.021972327 
524 519 11 14 0.021952873 
667 543 13 17 0.021890085 
90 533 13 17 0.021704262 
837 576 14 17 0.021696448 
325 354 192 232 0.021675646 
283 538 14 18 0.021656787 
101 519 9 12 0.021637872 
372 486 20 25 0.021634087 
692 540 12 16 0.021612808 
391 527 9 11 0.021611098 
603 436 14 16 0.0215512 
416 438 7 9 0.021537844 
836 588 13 16 0.021507531 
404 559 11 13 0.021455385 
421 493 11 14 0.021437833 
430 492 11 13 0.021434564 
901 553 16 21 0.021393554 
268 485 10 14 0.021338942 
78 565 12 13 0.021322614 
232 508 11 14 0.02126106 
398 527 8 10 0.0212549 
361 509 8 11 0.02123615 
577 499 11 14 0.021215964 
397 589 11 14 0.02119586 
430 484 12 14 0.021155514 
241 469 9 11 0.021137808 
682 366 9 11 0.02113695 
754 503 14 19 0.021121524 
632 543 13 18 0.021115758 
301 519 10 14 0.021108337 
455 438 7 10 0.02100311 
938 430 19 22 0.020999081 
56 514 8 10 0.020932408 
424 417 7 9 0.020919953 
31 587 9 12 0.020915685 
397 533 8 11 0.020911643 
399 502 19 23 0.020826736 
287 490 18 22 0.020819798 
197 495 8 10 0.02080416 
165 510 9 11 0.02078114 
860 521 22 27 0.02076436 
818 562 25 35 0.0206276 
178 485 9 11 0.02055158 
369 525 11 14 0.020538453 
35 580 10 13 0.020423735 
693 546 12 15 0.02039606 
572 579 10 14 0.020331584 
831 526 12 15 0.020236488 
290 526 20 22 0.020233866 
208 471 8 10 0.02018671 
522 476 21 24 0.020167857 
61 536 13 15 0.020110494 
38 541 9 11 0.020109925 
71 511 8 11 0.020080475 
399 515 9 11 0.020013321 
