0_Parade_Parade_0_478
193
837 474 16 22 0.9468888 
909 478 12 14 0.799651 
215 375 13 18 0.7778337 
117 348 10 13 0.6565316 
308 415 16 27 0.65438575 
654 450 10 12 0.29552308 
206 357 12 14 0.2012296 
201 423 18 25 0.17453076 
634 453 10 13 0.17108323 
46 374 8 11 0.16707999 
152 379 14 19 0.16413505 
691 461 11 16 0.13852732 
205 392 13 18 0.13746414 
353 377 24 31 0.12240895 
775 481 14 18 0.120011084 
93 376 10 13 0.11542056 
47 389 10 13 0.10747004 
850 480 14 19 0.10232703 
572 427 11 13 0.10069224 
612 447 9 11 0.09977489 
635 469 11 15 0.095233954 
622 463 9 12 0.094922945 
81 396 9 12 0.090539746 
734 471 10 14 0.08936519 
751 482 13 23 0.08879887 
191 381 11 15 0.0860106 
25 373 9 12 0.08030227 
78 391 9 11 0.07973265 
726 456 7 9 0.079556085 
801 459 8 12 0.0788268 
671 486 8 11 0.075095825 
703 454 10 13 0.0738264 
775 459 9 13 0.07312861 
569 429 10 12 0.07091047 
220 392 15 19 0.07034279 
631 459 11 15 0.06969553 
157 376 11 15 0.064653635 
607 487 10 11 0.0639237 
226 379 12 15 0.06209009 
538 419 12 16 0.061720073 
575 479 9 11 0.060573947 
617 468 9 12 0.06018302 
912 482 14 15 0.059452362 
524 432 10 12 0.056471307 
597 470 9 12 0.055294435 
191 236 13 18 0.054934062 
258 388 15 18 0.054653518 
679 453 8 11 0.05383031 
761 464 9 10 0.05368692 
686 494 11 13 0.053269204 
768 455 8 10 0.052298687 
821 461 8 11 0.05203063 
197 381 9 14 0.05135638 
752 497 11 16 0.050899584 
674 452 8 10 0.050597057 
89 379 11 13 0.050542057 
731 502 13 16 0.0504354 
536 427 11 13 0.048534475 
214 365 13 19 0.04825099 
8 375 11 13 0.04697238 
165 378 12 17 0.0448834 
686 474 12 16 0.0445555 
765 483 14 18 0.044372518 
680 502 9 13 0.044106882 
722 461 9 12 0.043985434 
200 388 11 16 0.043693867 
53 389 10 14 0.043644983 
262 381 24 31 0.043587103 
219 367 14 19 0.04344226 
673 447 9 10 0.04308564 
358 419 16 19 0.041890163 
445 405 10 13 0.041791663 
677 447 8 10 0.041369874 
551 498 11 13 0.041265402 
47 381 10 13 0.039129645 
273 381 27 36 0.03899491 
766 460 10 12 0.0388134 
108 372 12 14 0.037735663 
650 446 11 13 0.037603755 
302 412 17 23 0.037213307 
178 372 15 18 0.035774898 
678 485 10 13 0.035760045 
566 436 10 12 0.035701312 
708 454 10 12 0.035602078 
608 451 9 12 0.035573162 
183 378 13 15 0.03441637 
508 484 12 16 0.03440867 
837 431 10 13 0.034359764 
114 344 17 21 0.034152076 
570 423 11 13 0.033817884 
123 88 389 493 0.03351249 
709 461 9 11 0.033475015 
764 465 13 15 0.03300052 
488 421 10 12 0.03297036 
694 454 11 14 0.032842647 
356 408 17 21 0.03278109 
623 479 8 10 0.032380983 
28 414 17 19 0.032238703 
200 350 11 14 0.0318066 
781 438 8 10 0.0317005 
71 368 11 13 0.031517643 
23 368 9 11 0.03137166 
775 467 11 15 0.0312685 
626 454 9 13 0.031241126 
553 438 9 11 0.030707603 
680 493 10 13 0.030701559 
313 410 22 30 0.030699283 
208 379 12 17 0.03028797 
104 396 12 15 0.030160563 
674 502 8 11 0.030108273 
261 368 13 17 0.029852495 
267 393 14 19 0.02977386 
40 390 12 14 0.029647453 
188 393 13 17 0.029477922 
276 401 23 30 0.029411625 
735 463 9 12 0.029383408 
680 459 11 15 0.029220216 
551 429 10 12 0.02899244 
780 468 11 14 0.028675571 
794 454 8 11 0.028667206 
219 384 16 19 0.028449092 
729 474 11 15 0.028260428 
825 493 10 14 0.027892396 
788 492 10 15 0.027667632 
237 281 591 387 0.027605051 
808 471 8 11 0.027500954 
851 517 11 12 0.027121922 
576 483 9 12 0.026952945 
1 363 9 12 0.026913702 
680 467 11 15 0.026788881 
803 514 11 15 0.026584236 
686 482 11 14 0.026452133 
137 348 11 14 0.026399683 
734 484 12 15 0.026337652 
472 423 10 12 0.026243376 
138 340 13 15 0.026178913 
84 389 12 14 0.026159786 
226 386 14 18 0.026147204 
173 377 12 16 0.026111737 
749 489 21 27 0.026024366 
5 359 9 12 0.02566308 
672 492 9 12 0.025596391 
742 484 13 18 0.025402639 
59 390 11 12 0.025382629 
829 497 12 15 0.025327055 
39 463 9 12 0.025290169 
761 489 16 19 0.025259038 
111 354 13 16 0.025145987 
760 498 17 18 0.025120925 
559 438 9 12 0.025048638 
74 389 10 12 0.024963154 
833 471 11 16 0.024942098 
101 379 14 16 0.024046918 
600 445 8 10 0.024022378 
256 391 23 27 0.023959793 
276 387 15 21 0.0238919 
597 463 9 12 0.02386461 
94 369 10 11 0.023580179 
686 455 12 14 0.023383083 
337 418 15 19 0.023204543 
212 385 15 20 0.022973754 
104 355 10 13 0.022786876 
782 455 9 11 0.022415658 
659 446 10 12 0.02230947 
144 387 13 16 0.022250896 
814 470 9 11 0.02214185 
608 469 9 12 0.02194608 
329 390 11 13 0.021850169 
786 482 12 17 0.021819727 
535 435 11 12 0.0217661 
727 446 8 11 0.021724248 
779 460 11 13 0.021698805 
734 492 12 16 0.021500457 
53 383 10 12 0.021438962 
103 374 11 13 0.021321831 
258 366 23 30 0.021191062 
135 354 12 16 0.021159684 
636 448 10 13 0.021152176 
672 439 9 12 0.021098424 
350 393 26 31 0.020989345 
796 508 16 19 0.020912033 
28 366 10 12 0.020829644 
557 444 10 11 0.020811118 
526 413 9 12 0.020787025 
7 387 12 15 0.020767523 
757 282 29 35 0.020722594 
42 384 19 24 0.02065461 
628 448 19 23 0.02060184 
807 475 10 13 0.020459654 
317 319 11 15 0.020431232 
735 456 7 10 0.020324072 
792 448 9 11 0.020323476 
598 440 8 10 0.020319091 
