0_Parade_marchingband_1_20
245
541 358 36 40 0.99907434 
28 405 27 31 0.99617296 
252 371 31 34 0.99431497 
466 354 27 30 0.9539477 
82 392 21 23 0.94562113 
731 346 15 19 0.9313956 
628 393 20 24 0.92459303 
386 369 16 18 0.91891915 
447 346 18 21 0.72559875 
679 357 15 17 0.70787704 
587 367 20 24 0.65122753 
335 377 19 22 0.56409764 
492 503 17 22 0.41619265 
232 376 18 21 0.35882485 
708 383 12 14 0.35685316 
129 377 11 15 0.31813478 
549 319 27 33 0.3089089 
853 272 33 43 0.30760455 
302 270 11 13 0.26317844 
455 327 14 19 0.23498805 
419 398 16 18 0.20952311 
699 365 10 13 0.20690139 
375 340 14 16 0.18955603 
775 362 15 16 0.18013175 
662 387 15 17 0.17298505 
614 371 16 19 0.1636836 
618 364 13 16 0.16097923 
202 345 25 34 0.15812854 
776 348 12 15 0.15721749 
450 341 26 32 0.1568615 
621 353 14 17 0.15463187 
723 416 15 19 0.14950396 
439 378 14 19 0.14874208 
213 419 14 18 0.14686206 
492 378 16 19 0.13644329 
370 385 16 20 0.13251221 
627 352 13 17 0.13077183 
804 356 14 17 0.10566395 
241 369 28 33 0.102819175 
437 448 23 30 0.09950315 
598 367 23 28 0.09815104 
285 269 9 12 0.09518367 
384 95 88 111 0.09429926 
781 390 13 16 0.09044534 
367 393 15 18 0.08669134 
280 271 10 11 0.085203215 
799 363 12 15 0.08425182 
332 314 11 14 0.07972986 
683 351 13 15 0.076398395 
602 375 25 30 0.07405282 
378 334 13 14 0.0716221 
666 397 13 16 0.06692605 
677 376 15 19 0.0669179 
813 436 28 35 0.066438906 
856 499 125 158 0.06447665 
363 328 13 14 0.06294558 
701 371 12 14 0.061754774 
448 458 14 20 0.059242122 
669 379 12 17 0.058293633 
716 388 11 15 0.058123898 
694 372 12 14 0.057493843 
46 384 15 18 0.057089563 
463 324 22 29 0.05639322 
801 353 22 29 0.05534407 
694 358 10 13 0.055265617 
759 352 8 11 0.054938626 
86 368 14 18 0.05291812 
742 334 11 14 0.051992867 
773 369 16 18 0.0515852 
628 374 22 28 0.049431168 
995 324 15 19 0.048642818 
91 372 14 17 0.04820923 
668 420 11 14 0.047448516 
540 213 14 20 0.04737571 
448 329 13 17 0.047129445 
661 401 15 18 0.045442294 
314 413 16 20 0.044443734 
279 276 11 14 0.04402464 
429 476 14 16 0.043326452 
740 340 12 16 0.042419903 
796 371 14 19 0.04221856 
620 385 20 26 0.04218439 
732 415 10 14 0.041786652 
553 318 17 20 0.04134337 
87 377 22 28 0.041278064 
599 403 26 29 0.04091828 
231 301 11 13 0.040344965 
436 483 15 18 0.039839543 
406 340 16 18 0.039660938 
686 344 10 13 0.039274745 
469 333 29 35 0.03894355 
734 334 13 16 0.03888676 
696 406 10 13 0.038617074 
429 433 15 17 0.03852659 
307 274 10 13 0.0367231 
286 308 14 18 0.036455624 
155 393 12 16 0.036411308 
229 150 15 18 0.036281228 
550 226 42 56 0.036181133 
260 340 13 17 0.036161594 
490 367 21 24 0.035582207 
390 428 13 17 0.035314564 
767 464 10 13 0.034849294 
979 315 12 15 0.034691576 
366 380 16 20 0.034594785 
733 358 15 18 0.034361903 
726 404 12 15 0.034033388 
882 118 42 52 0.033827756 
838 436 13 18 0.0338271 
270 348 14 17 0.03335187 
662 410 14 17 0.033287715 
335 348 13 17 0.033176042 
853 249 49 76 0.03311723 
280 284 12 16 0.032687552 
683 374 16 18 0.032487042 
420 476 15 18 0.03197055 
263 346 26 31 0.031648062 
421 436 13 17 0.031456772 
405 382 13 17 0.031387523 
327 310 12 16 0.031356 
734 402 10 13 0.030880336 
792 364 11 14 0.030811327 
223 315 12 17 0.030751875 
684 470 9 12 0.030229017 
228 308 12 16 0.030173022 
448 191 38 53 0.03007661 
795 339 38 47 0.02980722 
799 367 22 31 0.029556202 
702 393 14 16 0.029504087 
718 360 9 12 0.029338647 
347 373 13 17 0.029222775 
396 380 13 15 0.029186701 
429 435 25 29 0.02914924 
703 384 19 22 0.029122343 
655 369 12 18 0.028956749 
702 405 11 13 0.028841255 
718 366 11 13 0.028652204 
345 39 45 69 0.028642207 
297 272 12 15 0.028337527 
812 347 12 16 0.028272325 
715 381 11 15 0.028104205 
707 374 14 17 0.027960153 
230 341 12 15 0.02775839 
789 378 13 17 0.027618585 
298 264 19 23 0.02755776 
654 365 10 15 0.027251717 
775 403 14 18 0.027119596 
710 412 9 12 0.027094897 
660 371 14 18 0.026983194 
631 371 13 17 0.026979942 
544 336 38 48 0.026773032 
730 332 21 27 0.026686285 
381 375 14 19 0.026647879 
482 339 14 17 0.026613984 
365 358 12 15 0.026455175 
428 483 15 17 0.026441308 
257 337 22 28 0.02632856 
641 377 16 20 0.026291179 
694 361 18 22 0.025943147 
791 410 13 17 0.025926488 
656 387 13 18 0.025917144 
338 391 17 20 0.025880622 
735 352 16 18 0.025805222 
293 317 24 27 0.025801817 
777 375 20 24 0.025742238 
708 405 11 13 0.025552299 
769 372 12 17 0.025461692 
424 317 8 12 0.025414469 
357 370 14 19 0.025413442 
683 404 11 14 0.025385972 
448 356 19 23 0.025113618 
441 314 11 14 0.025070125 
676 403 15 16 0.024930853 
559 325 28 36 0.024850901 
717 393 12 16 0.024716454 
747 334 11 14 0.024695655 
377 385 15 20 0.024665896 
462 319 12 16 0.024590695 
260 309 10 14 0.024542853 
726 379 13 17 0.024432372 
97 379 14 18 0.024051124 
361 425 14 19 0.023921052 
684 352 21 25 0.02374805 
690 376 14 17 0.023738476 
483 487 22 33 0.02368576 
808 426 28 32 0.023661168 
475 477 23 29 0.023519197 
373 328 11 14 0.023451949 
366 358 22 27 0.023441853 
811 405 14 17 0.02342084 
450 315 24 33 0.023396268 
695 395 11 14 0.023345755 
147 294 14 19 0.02333905 
691 350 11 14 0.023323337 
286 265 9 11 0.02316284 
422 382 12 14 0.023092695 
623 397 16 22 0.023060216 
328 377 16 19 0.023055516 
335 362 26 32 0.023015752 
591 386 29 33 0.022876421 
615 340 24 31 0.022867994 
818 315 11 13 0.022668129 
608 385 24 30 0.022630613 
632 362 22 30 0.022617292 
273 269 8 11 0.022616638 
281 265 8 11 0.02255958 
801 316 9 12 0.022492044 
482 345 17 21 0.02241823 
396 357 11 14 0.02237642 
701 335 11 12 0.022370208 
206 421 15 20 0.022369055 
392 364 15 18 0.022149181 
411 324 15 17 0.022072481 
412 379 14 17 0.022072235 
727 396 11 15 0.021724947 
108 588 14 17 0.021618813 
670 427 12 16 0.021568634 
397 386 16 19 0.021456145 
654 342 11 14 0.021432446 
780 391 20 25 0.021413283 
322 364 14 18 0.021324528 
716 371 12 15 0.021253532 
428 353 13 18 0.021168444 
610 53 33 41 0.02107331 
803 415 24 28 0.020995278 
274 283 21 28 0.020978041 
242 324 15 18 0.020776434 
790 355 12 16 0.020745628 
263 300 10 14 0.0207023 
264 291 12 17 0.02068093 
388 358 15 17 0.020632043 
487 384 16 20 0.020622471 
846 376 43 61 0.020594358 
54 362 14 16 0.020536039 
684 462 10 14 0.020439405 
749 411 12 16 0.020417709 
661 365 11 16 0.020381032 
405 316 17 18 0.020346832 
654 402 13 17 0.020308116 
580 375 25 32 0.020298233 
631 278 9 12 0.020294195 
340 310 11 14 0.02015559 
473 455 22 31 0.02006493 
680 345 9 12 0.020061614 
725 387 11 17 0.020060256 
