0_Parade_marchingband_1_360
257
473 102 52 65 0.9982146 
855 132 48 57 0.990409 
90 157 48 51 0.98949695 
933 298 15 18 0.9702637 
578 225 24 28 0.852275 
763 317 14 16 0.65112984 
244 260 15 21 0.4693083 
42 196 12 15 0.4270222 
325 322 11 12 0.31247714 
676 309 10 13 0.26306093 
1000 326 7 9 0.22540271 
374 246 12 14 0.21371238 
650 264 8 11 0.1794545 
661 287 9 11 0.13494188 
693 315 9 12 0.12206242 
310 262 8 10 0.11255188 
193 343 9 10 0.10957892 
361 237 10 11 0.104938544 
754 300 12 15 0.10341849 
9 335 8 11 0.10194652 
421 148 11 15 0.095777676 
211 248 44 53 0.08689257 
958 73 7 8 0.076576725 
965 94 8 10 0.075673096 
289 299 11 12 0.071658425 
1001 278 9 10 0.06938579 
394 244 10 14 0.06714566 
743 323 9 12 0.066655576 
639 324 9 11 0.06662318 
1002 71 7 10 0.063366 
710 309 9 12 0.06261767 
953 79 7 10 0.059242632 
887 72 8 10 0.05677878 
714 294 9 10 0.056227528 
214 222 7 10 0.055836778 
222 261 13 14 0.053898524 
624 307 11 12 0.05385815 
721 323 16 18 0.053839613 
1002 55 7 9 0.053457715 
749 323 11 13 0.052309353 
657 309 8 12 0.051618498 
235 258 26 33 0.05122512 
704 305 9 11 0.05119924 
688 310 8 11 0.05100887 
950 31 8 10 0.050839595 
896 71 7 9 0.05068111 
817 24 8 9 0.04927807 
361 244 10 12 0.048638444 
776 48 8 9 0.048195016 
977 73 6 8 0.047643505 
757 308 13 15 0.047429215 
663 317 8 11 0.047105376 
717 300 12 14 0.046764303 
364 233 9 12 0.046695527 
672 313 11 14 0.044904944 
711 317 10 13 0.04464474 
367 245 10 14 0.04414805 
1014 96 7 10 0.043834485 
673 306 10 11 0.043298747 
656 304 8 11 0.04241862 
983 71 7 8 0.042161282 
1009 94 7 10 0.04206701 
712 302 9 12 0.041961856 
967 328 8 10 0.041012283 
30 204 9 12 0.04023163 
865 40 7 9 0.039883964 
998 111 9 10 0.03978908 
879 107 13 16 0.03946944 
910 49 8 9 0.039361626 
985 64 7 9 0.039342158 
1001 88 7 9 0.03929145 
983 342 7 9 0.038562745 
866 47 6 8 0.03852546 
719 309 11 13 0.038513023 
992 88 7 8 0.03841635 
724 308 12 14 0.038178395 
714 289 8 9 0.037576053 
722 315 15 17 0.037417598 
293 296 9 12 0.037078276 
306 263 8 10 0.037007045 
303 300 9 11 0.03671396 
9 231 8 11 0.036451787 
911 53 7 10 0.036282074 
954 72 7 9 0.036157086 
1015 86 8 10 0.035881832 
991 64 7 9 0.035415478 
733 111 8 10 0.035098143 
952 86 7 10 0.034858726 
966 292 8 10 0.034616932 
336 262 7 9 0.034384366 
334 301 8 10 0.034158655 
966 88 7 9 0.03401858 
427 157 12 14 0.03395765 
711 133 8 10 0.0337655 
822 186 15 18 0.03336935 
1001 62 8 9 0.0331458 
929 71 6 9 0.033064414 
961 89 8 10 0.03283498 
775 237 10 11 0.032799892 
985 32 7 8 0.032766473 
976 111 7 9 0.032732993 
807 318 8 12 0.032601546 
903 71 7 9 0.032137528 
976 78 7 9 0.031963702 
743 280 9 11 0.031811744 
634 342 9 11 0.031540904 
243 255 13 17 0.031480458 
670 287 8 10 0.031417742 
946 31 8 9 0.031367388 
847 47 8 10 0.031195413 
688 327 9 10 0.031103252 
1000 48 7 8 0.030932464 
1008 47 7 9 0.03091427 
786 40 7 9 0.030613886 
654 255 9 11 0.030440781 
208 383 9 12 0.030264324 
1006 71 7 10 0.030028963 
1007 62 7 9 0.030002363 
686 288 8 10 0.029926438 
672 261 7 10 0.02986874 
961 46 7 9 0.029857496 
672 256 8 10 0.029494828 
721 256 8 9 0.029384818 
992 48 7 9 0.029367339 
662 310 8 12 0.029149953 
730 112 8 10 0.029132497 
658 316 8 11 0.02891534 
922 62 7 9 0.028794399 
823 55 8 10 0.028673174 
696 295 7 9 0.028513044 
320 248 8 10 0.02844621 
680 288 8 10 0.028441317 
0 356 7 11 0.028323416 
871 47 7 10 0.028289434 
970 73 6 8 0.028068231 
381 143 8 10 0.028051812 
849 71 7 9 0.028015118 
748 298 21 26 0.027858002 
976 56 6 9 0.027854543 
313 278 10 12 0.027794462 
1014 101 8 11 0.027764253 
985 55 8 9 0.027562061 
361 252 9 11 0.027442439 
39 194 20 23 0.027301043 
711 128 8 10 0.027040573 
961 288 9 11 0.026821844 
280 269 10 13 0.026794763 
724 342 10 13 0.02661948 
686 304 9 11 0.026507001 
992 70 6 8 0.026444906 
237 271 14 18 0.026382893 
968 57 7 8 0.026327286 
16 358 8 10 0.026297685 
1007 88 8 10 0.026271923 
652 266 10 12 0.026222406 
1002 78 8 9 0.026214432 
460 123 12 18 0.025965253 
663 271 9 10 0.025590373 
790 64 8 9 0.025493177 
946 79 7 9 0.025473736 
1009 24 7 10 0.025444599 
973 286 8 10 0.025362864 
905 48 8 9 0.02520717 
1009 29 8 10 0.025200209 
960 335 8 9 0.025006713 
776 121 7 8 0.024928857 
1005 271 8 11 0.024834879 
977 103 8 10 0.02482959 
798 47 8 9 0.024822665 
311 256 9 11 0.024818 
921 87 7 9 0.024706995 
673 140 8 10 0.024671365 
895 38 7 10 0.024632964 
975 334 8 10 0.024385586 
1006 326 8 9 0.024152074 
975 328 7 10 0.024147505 
1007 111 8 10 0.02406457 
344 246 10 11 0.0240383 
928 80 6 8 0.02378056 
1006 77 7 10 0.023697283 
672 240 8 9 0.023683738 
744 257 7 9 0.023667881 
711 95 8 11 0.023543958 
848 78 8 10 0.023441521 
679 273 8 9 0.023265243 
983 119 8 10 0.023242641 
976 63 6 8 0.023164442 
912 72 7 9 0.02313953 
995 111 8 10 0.023098288 
286 276 10 13 0.023089135 
350 341 8 10 0.023054816 
663 279 8 11 0.022906229 
1007 335 8 10 0.022882909 
791 39 8 10 0.02286972 
823 39 7 9 0.022713112 
687 294 8 10 0.022642283 
678 255 8 10 0.022607706 
934 340 11 14 0.022423638 
957 78 8 9 0.022345152 
335 257 8 10 0.022307258 
433 134 8 10 0.022284223 
984 47 8 9 0.022223879 
1013 326 9 12 0.022120928 
1 352 8 11 0.022051994 
26 199 9 13 0.022039713 
982 366 9 11 0.022038812 
855 47 7 9 0.022037644 
800 31 7 8 0.022017926 
907 54 7 9 0.022011848 
329 262 7 10 0.021999873 
978 47 6 8 0.021986462 
1008 40 8 10 0.021909188 
639 285 8 10 0.02190389 
695 303 9 12 0.021816464 
702 142 9 10 0.021676516 
377 251 13 14 0.021659946 
848 23 7 9 0.021654777 
982 336 8 10 0.021647949 
706 128 7 9 0.021624563 
326 248 8 10 0.021585291 
999 116 9 10 0.021583987 
927 86 6 9 0.02156177 
729 94 7 9 0.021456355 
785 63 7 10 0.021407323 
935 118 8 9 0.021324372 
872 55 8 9 0.021306856 
726 72 8 10 0.02128596 
783 48 8 8 0.021224368 
628 303 8 12 0.02118807 
727 119 9 11 0.021172535 
749 262 8 10 0.020988345 
655 351 10 12 0.02093881 
783 318 9 13 0.020917503 
961 40 7 9 0.02088995 
328 255 7 10 0.020863282 
888 54 8 9 0.020741405 
864 73 7 8 0.020670423 
661 304 8 10 0.020631379 
993 336 8 9 0.02058553 
1005 286 7 10 0.020562502 
969 62 7 8 0.02055721 
718 302 22 26 0.020496484 
350 254 8 10 0.020495709 
1000 93 8 10 0.020434955 
990 30 8 10 0.020424556 
617 299 10 14 0.020371247 
810 95 7 10 0.020346602 
800 317 10 12 0.020336278 
716 324 23 29 0.020298885 
811 181 25 30 0.020269206 
335 286 8 10 0.02025 
835 187 14 17 0.0202025 
969 22 7 9 0.020158218 
319 262 7 9 0.020148877 
728 279 8 9 0.020118661 
753 120 7 9 0.020087678 
376 259 10 12 0.02003883 
