0_Parade_Parade_0_164
1197
998 358 12 17 0.90267897 
654 281 12 17 0.8383946 
85 419 15 19 0.82875204 
909 362 13 15 0.7797511 
283 324 11 13 0.7583802 
388 467 24 30 0.7222032 
679 269 11 14 0.7199043 
688 326 13 16 0.7191405 
795 427 12 17 0.6965969 
943 388 12 16 0.66402346 
513 340 11 13 0.61344486 
250 304 8 10 0.6035493 
108 402 13 15 0.5400839 
943 421 10 12 0.5340918 
141 387 13 16 0.49715227 
551 306 12 15 0.48473808 
621 270 13 16 0.4704321 
893 318 10 12 0.46386135 
44 396 12 16 0.45039466 
694 259 9 12 0.43485388 
644 260 9 13 0.42846084 
60 427 12 15 0.42490196 
942 349 12 15 0.42305332 
903 336 11 12 0.4081727 
940 326 10 13 0.3919943 
847 365 10 12 0.38467294 
655 248 8 11 0.38323855 
974 515 15 19 0.37307715 
841 271 8 10 0.36222768 
637 302 9 12 0.34419492 
996 300 10 13 0.33822644 
259 282 374 494 0.33755955 
648 316 10 13 0.3365266 
296 244 11 14 0.3304356 
285 304 9 11 0.32966036 
899 500 15 17 0.32098088 
988 422 11 14 0.30401823 
985 324 9 12 0.30339408 
899 562 13 15 0.29871118 
952 272 8 10 0.2913314 
841 348 11 13 0.28885373 
913 309 9 11 0.2855565 
173 354 17 21 0.28271398 
713 300 12 16 0.27922255 
839 387 11 14 0.2791182 
930 537 14 18 0.27758926 
913 286 10 12 0.27362093 
712 246 10 12 0.27225474 
845 269 8 11 0.27063033 
966 311 9 12 0.26918197 
314 311 8 10 0.26698798 
998 558 13 18 0.26306766 
742 255 11 15 0.25633612 
830 518 14 22 0.2507318 
856 264 9 11 0.2495484 
886 630 15 19 0.24821118 
972 337 10 11 0.24745068 
995 647 23 30 0.24571621 
926 339 11 14 0.24563196 
396 268 10 12 0.24557328 
719 277 9 12 0.24355797 
947 302 10 12 0.24303666 
365 303 11 12 0.24084719 
996 640 18 21 0.23824295 
670 247 8 11 0.2335439 
226 342 11 13 0.22934604 
926 406 12 13 0.22762202 
864 396 10 12 0.22202459 
388 300 9 13 0.22166899 
964 386 12 15 0.22161129 
978 456 14 18 0.21468538 
864 292 9 11 0.21120358 
888 333 8 11 0.20785221 
934 291 9 12 0.20685771 
958 319 9 11 0.19830696 
1013 342 9 13 0.19826356 
834 589 13 16 0.19646187 
338 294 8 10 0.19491999 
134 369 12 14 0.19443725 
1008 334 9 11 0.19221774 
895 389 11 14 0.19205071 
973 294 8 10 0.18942998 
193 372 11 13 0.18849373 
235 317 12 15 0.18617985 
312 331 11 13 0.18519199 
886 255 7 10 0.18174328 
680 231 9 11 0.18147773 
622 231 8 10 0.18123317 
592 294 9 12 0.18003884 
917 316 10 12 0.17776936 
997 440 10 12 0.1758723 
606 327 11 15 0.1738463 
123 348 13 16 0.17360047 
821 375 8 10 0.17278609 
860 478 13 16 0.17270368 
731 270 10 13 0.17216453 
968 609 18 21 0.17206724 
996 596 27 34 0.17188913 
575 358 12 14 0.17181253 
1004 191 11 12 0.17091846 
360 296 8 10 0.16765454 
806 382 9 13 0.16542432 
834 412 14 17 0.1640432 
471 264 8 10 0.16363132 
880 453 13 18 0.16294561 
860 318 10 12 0.16109307 
395 495 24 28 0.16071454 
924 410 12 14 0.15563788 
881 301 9 11 0.15527824 
973 366 9 12 0.15340592 
876 349 11 13 0.15191786 
1006 326 8 11 0.14912654 
1014 301 8 11 0.1485385 
873 270 8 10 0.14809318 
856 269 9 12 0.1479442 
301 376 10 13 0.14758952 
308 525 15 20 0.1468045 
223 357 10 13 0.14677256 
327 308 8 10 0.14528517 
432 246 7 10 0.14523973 
872 351 10 12 0.14505629 
944 295 8 11 0.14381042 
953 319 9 11 0.14342926 
446 270 8 11 0.141442 
931 394 12 16 0.14130546 
832 437 12 14 0.13955621 
19 435 12 17 0.13844353 
862 324 10 13 0.13801864 
856 277 8 11 0.13491191 
823 398 12 14 0.13483368 
767 230 9 12 0.1343607 
639 200 7 10 0.13384947 
925 272 8 10 0.13119195 
726 262 9 11 0.13111511 
665 245 8 11 0.13066073 
895 422 10 13 0.13032983 
125 411 10 12 0.12916741 
855 476 12 16 0.12643512 
996 591 17 22 0.12568468 
887 398 10 13 0.12518895 
830 383 12 13 0.124818034 
298 379 10 12 0.12454003 
894 324 9 11 0.12395375 
897 270 8 10 0.12257701 
990 538 12 15 0.12214237 
921 271 8 9 0.12202146 
618 208 6 9 0.12198315 
455 378 12 16 0.12189746 
936 333 10 13 0.1217854 
941 447 10 13 0.12112111 
690 254 10 13 0.120069444 
362 332 24 28 0.12005031 
863 468 12 15 0.11972745 
918 246 7 9 0.11919561 
796 338 14 19 0.11916028 
894 452 11 15 0.11846715 
273 399 11 13 0.1177021 
847 265 8 10 0.11763773 
532 333 15 17 0.115993425 
903 279 7 10 0.114386484 
952 341 10 13 0.113709815 
726 235 10 12 0.11322615 
844 344 10 11 0.112791136 
469 421 11 14 0.11058802 
180 374 12 14 0.11051342 
987 507 16 19 0.11009605 
933 309 9 11 0.11008868 
865 374 9 12 0.108640194 
983 276 9 12 0.10825435 
330 437 24 31 0.10804531 
894 396 11 13 0.10723918 
1005 320 9 11 0.10616223 
408 322 253 334 0.10573156 
957 333 11 13 0.10508704 
461 421 15 17 0.10505065 
54 422 14 18 0.104661636 
727 257 9 10 0.10449441 
637 297 9 11 0.10415429 
384 294 12 15 0.10398799 
908 334 9 12 0.10368852 
686 277 10 13 0.10367556 
487 356 12 16 0.10362184 
841 355 11 14 0.1033931 
717 271 10 12 0.103063874 
948 349 10 13 0.102803804 
491 353 12 15 0.102438636 
704 271 8 10 0.10167386 
985 484 23 27 0.101112194 
675 348 12 14 0.100856565 
986 496 17 20 0.100245915 
881 254 8 11 0.10018928 
496 237 8 10 0.100151636 
45 407 15 19 0.100147985 
671 251 9 11 0.09988365 
406 251 8 11 0.099847965 
950 308 8 11 0.099620156 
239 387 11 13 0.098774455 
943 279 8 10 0.098132886 
973 664 15 17 0.097582005 
934 389 12 15 0.09581171 
109 409 10 12 0.095807076 
450 254 7 10 0.09573805 
983 348 11 14 0.095612876 
598 295 10 13 0.0950758 
836 556 15 17 0.095064566 
622 208 7 9 0.09501653 
895 295 7 10 0.09447151 
925 471 12 16 0.09444252 
251 307 11 13 0.09335667 
902 264 7 10 0.09332005 
688 284 9 11 0.09329629 
426 244 8 11 0.09326658 
930 402 12 15 0.092702046 
424 288 10 12 0.09235736 
919 453 12 16 0.091528505 
981 510 14 19 0.09135997 
926 348 10 13 0.09100931 
335 343 8 10 0.08953472 
929 390 11 13 0.0892687 
802 422 13 17 0.089167245 
857 313 8 11 0.0885169 
840 295 8 10 0.08825828 
936 246 8 10 0.08822172 
959 605 23 27 0.08783791 
919 435 11 14 0.08771331 
887 295 8 10 0.08722893 
831 406 12 14 0.08699192 
452 424 15 18 0.08629956 
913 316 9 11 0.086198926 
821 380 10 12 0.08549743 
862 450 13 15 0.08542624 
449 422 10 15 0.08536889 
897 196 7 10 0.08526091 
918 222 8 9 0.08512523 
992 295 10 13 0.08495433 
974 358 8 10 0.08477094 
224 336 11 14 0.08476319 
278 357 13 18 0.084534355 
959 325 10 11 0.08431646 
464 271 8 10 0.08430669 
360 319 10 12 0.08428518 
486 390 12 16 0.08423424 
408 337 10 12 0.08363793 
947 393 12 15 0.08360826 
869 287 9 13 0.08342068 
538 240 8 10 0.08282149 
118 405 10 14 0.08260901 
285 357 13 17 0.0824857 
649 322 11 14 0.082334004 
271 218 11 13 0.08230392 
881 296 8 10 0.082195364 
958 348 10 13 0.08158528 
888 327 9 12 0.08121454 
623 265 11 13 0.081179954 
844 358 12 15 0.08106901 
108 392 16 19 0.0805456 
712 271 9 11 0.080202416 
665 240 8 11 0.08014557 
448 249 6 8 0.08002205 
733 276 9 11 0.079493284 
686 230 8 11 0.07927462 
979 560 16 20 0.07872088 
897 264 8 10 0.07840807 
415 288 9 10 0.078251965 
401 251 10 12 0.07795054 
867 392 11 14 0.07761031 
721 236 9 12 0.07738039 
925 207 8 9 0.076888524 
854 332 10 12 0.07684669 
285 259 9 11 0.076786794 
896 413 11 14 0.07676311 
896 256 7 9 0.07621963 
897 278 8 10 0.0761358 
256 374 11 14 0.07609866 
511 346 13 17 0.07598248 
809 456 15 19 0.07589055 
944 425 11 14 0.07574834 
670 301 10 12 0.07542908 
855 256 9 9 0.07523036 
894 405 11 13 0.075222075 
284 332 11 13 0.0751825 
417 270 8 10 0.07489366 
334 318 8 11 0.07458674 
864 301 9 11 0.07443811 
872 264 8 9 0.0743261 
398 473 17 21 0.074074104 
861 311 10 12 0.073995486 
673 357 12 15 0.07388355 
881 308 9 12 0.07358328 
815 381 10 13 0.07335855 
898 569 16 18 0.07222894 
604 296 11 12 0.0722218 
912 263 7 9 0.07195727 
832 279 8 10 0.071882874 
472 239 8 10 0.0717809 
793 388 9 13 0.07167657 
280 279 8 13 0.07139409 
470 268 7 10 0.07097592 
989 321 8 10 0.070743404 
721 262 9 11 0.07045344 
989 459 11 15 0.07000505 
947 383 12 15 0.0697742 
968 358 9 11 0.069493316 
417 264 7 10 0.06866839 
896 374 9 12 0.068565175 
937 272 8 9 0.06825432 
845 566 13 15 0.068092205 
841 301 8 10 0.067950115 
893 312 10 12 0.06792624 
861 264 8 10 0.067787565 
895 238 9 11 0.067555204 
234 476 25 33 0.06751042 
973 371 10 13 0.067132965 
807 387 11 13 0.06672043 
937 224 7 9 0.06650728 
856 326 10 13 0.06639226 
652 166 7 11 0.06594672 
988 348 11 14 0.06541364 
897 340 10 13 0.06524121 
916 290 10 12 0.06502397 
921 349 10 12 0.06500992 
919 216 8 10 0.06487002 
645 256 10 12 0.06429877 
696 216 8 10 0.064246915 
942 321 10 12 0.06391836 
989 556 18 24 0.06383007 
641 256 9 13 0.063563146 
734 287 9 10 0.06352257 
479 238 8 11 0.06332585 
961 382 11 13 0.06302404 
985 333 9 11 0.0629918 
335 348 9 11 0.06269082 
966 392 12 15 0.062546365 
877 342 9 11 0.062300272 
904 209 7 9 0.06206052 
641 241 8 10 0.061553124 
633 215 7 9 0.06119753 
555 342 11 15 0.061156504 
950 614 10 14 0.061012775 
831 374 9 11 0.060963493 
949 296 9 11 0.060872275 
737 253 11 14 0.060716163 
577 216 7 10 0.060660426 
974 436 11 13 0.060410086 
918 324 10 12 0.06029821 
797 387 11 14 0.05985171 
940 343 12 14 0.05950343 
803 339 13 18 0.0594907 
924 435 11 13 0.059450667 
839 276 8 10 0.059256673 
754 246 9 11 0.059245497 
742 249 9 11 0.05911322 
360 307 13 14 0.05909081 
997 721 18 21 0.05863702 
431 208 7 10 0.058190092 
957 594 14 17 0.057661943 
941 287 8 10 0.057447523 
875 567 11 13 0.057413127 
337 477 26 35 0.05739139 
806 409 14 18 0.057091594 
812 407 13 15 0.056983877 
463 255 8 10 0.05661057 
902 225 7 9 0.056290492 
41 392 11 14 0.056143664 
470 247 8 10 0.056033004 
606 338 14 18 0.055986576 
215 390 12 14 0.055980958 
958 271 8 11 0.05588792 
505 247 7 10 0.05585889 
424 239 9 12 0.05546437 
896 382 11 13 0.05542835 
272 357 12 16 0.055418506 
831 286 8 10 0.05538091 
825 287 7 10 0.054884486 
947 415 11 13 0.05487038 
633 185 7 8 0.054642476 
334 397 15 19 0.054336093 
432 263 8 11 0.054319542 
984 343 9 11 0.05392521 
812 388 10 12 0.053833246 
994 362 10 14 0.053783387 
998 308 9 10 0.053429745 
628 275 11 15 0.05331784 
913 215 7 9 0.053100783 
841 362 11 14 0.052956227 
65 398 10 12 0.05282516 
728 277 9 11 0.05273191 
121 343 11 14 0.052699048 
887 261 7 10 0.05218615 
887 279 8 10 0.05216507 
845 302 8 10 0.052070647 
922 164 8 10 0.051977478 
363 316 12 14 0.051945884 
511 336 18 23 0.05193496 
719 283 10 12 0.051807553 
501 214 7 10 0.05154499 
902 294 9 11 0.05153066 
519 190 8 11 0.051417045 
455 256 8 10 0.051367793 
903 285 8 11 0.05109411 
916 442 12 15 0.051070187 
403 488 19 24 0.050713584 
898 224 7 9 0.050604608 
928 303 9 11 0.050483614 
678 249 8 10 0.05047693 
687 319 11 14 0.050466184 
44 417 14 17 0.050439414 
878 271 8 11 0.05040641 
975 351 10 12 0.050358925 
848 327 9 12 0.050329566 
915 303 11 12 0.05012525 
728 286 8 10 0.050015178 
681 225 8 10 0.049890716 
974 396 9 13 0.049806237 
887 413 11 14 0.04978007 
382 309 11 12 0.049595643 
774 227 9 13 0.049321897 
713 295 10 13 0.049231242 
526 336 13 16 0.049165476 
898 510 17 20 0.049165018 
687 190 7 10 0.04912633 
968 515 13 16 0.049106512 
221 452 13 17 0.049058687 
593 200 8 11 0.048999414 
441 271 8 10 0.048938528 
568 223 8 11 0.048915762 
930 264 7 9 0.048876308 
397 286 9 11 0.048815254 
217 357 9 12 0.048793007 
568 228 9 12 0.04875322 
958 604 14 18 0.048653107 
874 256 7 9 0.048628185 
287 339 9 11 0.04862239 
822 294 8 11 0.048538946 
581 214 8 10 0.048528016 
990 333 9 12 0.048484452 
833 273 9 10 0.04832585 
915 358 12 14 0.04790929 
377 315 10 13 0.047894504 
487 254 7 9 0.047658954 
822 469 11 13 0.047634672 
282 307 10 13 0.04762733 
967 268 8 10 0.04762346 
693 279 9 11 0.04749971 
617 237 9 10 0.04729678 
600 261 8 10 0.047288086 
993 287 8 10 0.047253884 
637 278 10 14 0.047245637 
895 459 12 16 0.0471815 
898 592 18 22 0.04713959 
671 294 9 12 0.047087587 
994 239 7 10 0.04698923 
935 340 10 14 0.04693013 
206 432 13 16 0.046801288 
934 264 7 8 0.046760377 
902 238 8 10 0.046738327 
836 167 8 10 0.046618115 
688 224 7 9 0.04646333 
854 494 10 13 0.046444114 
904 256 7 9 0.04630066 
897 232 8 10 0.046240244 
734 261 11 13 0.046122916 
830 150 7 10 0.04579043 
937 231 8 8 0.045662902 
421 270 8 10 0.045609456 
488 264 7 9 0.04542208 
830 580 14 17 0.045368724 
390 499 16 20 0.04534965 
926 544 15 20 0.045200113 
912 239 8 9 0.0451902 
879 380 11 14 0.045039367 
1014 429 9 14 0.04501273 
1005 181 11 13 0.04498034 
673 343 11 14 0.04491635 
294 334 9 12 0.044857033 
494 232 9 11 0.044804107 
898 450 13 15 0.044713117 
911 256 8 9 0.044660885 
812 464 14 16 0.04456571 
270 349 10 13 0.04455566 
611 326 10 13 0.04429293 
988 343 11 12 0.044267602 
695 248 8 11 0.044249844 
720 255 8 10 0.044138316 
879 373 12 14 0.044048343 
472 233 8 9 0.04335344 
88 396 11 13 0.043344658 
950 467 14 17 0.04325647 
411 386 12 17 0.043232135 
973 430 11 14 0.043171898 
518 35 37 46 0.043137796 
976 263 8 10 0.04311176 
959 547 14 17 0.043044753 
888 174 8 10 0.043030243 
942 224 7 8 0.042967986 
480 254 8 10 0.042920362 
520 197 8 10 0.04268807 
441 294 8 11 0.042623714 
861 534 11 14 0.042586938 
974 289 8 11 0.042576734 
591 289 8 11 0.04257288 
695 231 8 10 0.04248253 
885 374 10 13 0.042473238 
796 395 12 16 0.04242453 
818 295 8 10 0.04242025 
519 238 7 9 0.042222947 
662 185 7 9 0.042210378 
896 245 7 10 0.04219667 
831 303 8 10 0.042142946 
921 407 11 14 0.04202389 
510 390 11 12 0.042021435 
738 248 7 9 0.04198204 
912 281 8 10 0.041975986 
861 330 11 13 0.041958727 
969 289 8 10 0.041870963 
639 368 8 10 0.04185693 
417 292 8 10 0.04183722 
888 271 7 10 0.04177159 
466 246 8 10 0.04173171 
814 348 11 15 0.04172672 
568 272 9 12 0.041714672 
953 336 9 10 0.041660152 
985 301 9 11 0.041658856 
908 565 10 13 0.041651256 
888 337 10 13 0.041585993 
990 279 7 10 0.04154889 
857 286 9 12 0.041538503 
638 222 8 10 0.041478887 
982 271 9 12 0.041364163 
887 310 9 12 0.041328005 
823 368 9 11 0.041254643 
269 342 9 12 0.04117816 
902 348 10 13 0.041131273 
629 332 12 13 0.04106832 
251 315 14 16 0.04104813 
622 236 8 10 0.0409116 
1013 190 8 11 0.040803034 
870 429 11 13 0.04079473 
569 201 7 10 0.040767215 
868 476 12 15 0.0407397 
1015 435 9 12 0.040652893 
658 184 7 10 0.0402079 
862 279 9 10 0.040195484 
768 224 10 14 0.04019092 
616 212 8 10 0.040038325 
902 231 8 10 0.039813392 
817 302 10 12 0.03979792 
472 33 42 56 0.039792098 
696 222 7 10 0.039770015 
880 278 8 10 0.0397591 
944 273 7 9 0.03972667 
864 510 10 13 0.03963223 
979 656 21 28 0.03960274 
903 193 7 9 0.03955615 
432 461 11 15 0.039221123 
247 359 10 12 0.03910376 
848 332 10 12 0.03902763 
311 526 26 34 0.038924668 
1000 194 11 13 0.03883922 
495 263 8 9 0.03870698 
951 323 9 12 0.038698345 
264 348 10 13 0.038686823 
464 263 8 10 0.03866773 
1015 355 9 13 0.038653884 
246 314 12 16 0.038579665 
131 363 21 24 0.038456548 
537 245 8 10 0.038336832 
310 518 14 17 0.038296685 
656 273 9 12 0.03827628 
448 263 9 10 0.038262136 
919 278 9 11 0.038170792 
266 419 22 29 0.038055476 
997 262 9 11 0.038038276 
898 150 8 10 0.037959598 
373 309 11 14 0.037916634 
868 459 13 18 0.037808727 
926 354 10 13 0.037730984 
593 222 8 9 0.03769027 
409 305 8 10 0.037626058 
394 264 9 12 0.03736209 
480 393 14 17 0.037332997 
930 475 13 16 0.0371911 
939 277 9 10 0.03717963 
721 142 9 12 0.037105832 
933 303 10 11 0.03709478 
433 268 8 10 0.03708529 
903 213 7 9 0.03696162 
914 270 8 9 0.036914434 
447 294 8 11 0.036884937 
968 373 10 12 0.03684762 
617 365 10 11 0.036835533 
991 648 17 23 0.03682096 
801 376 10 12 0.036604043 
539 346 11 15 0.036590587 
208 416 10 11 0.03655446 
481 302 7 10 0.03654231 
937 217 7 9 0.036475256 
365 297 10 12 0.03646352 
600 256 8 10 0.036455724 
880 327 9 11 0.03642499 
703 222 8 10 0.03641866 
389 480 27 32 0.03637881 
647 331 11 12 0.03630581 
327 342 10 11 0.036289252 
344 489 24 31 0.036252264 
408 279 8 10 0.03613104 
872 334 9 11 0.03603441 
102 445 8 10 0.036017362 
960 232 8 8 0.035959553 
742 617 23 29 0.035899367 
830 342 9 11 0.03589892 
614 299 10 12 0.03589028 
1013 347 11 14 0.03588058 
649 191 6 9 0.035851162 
606 320 11 14 0.03576619 
948 585 15 20 0.035746075 
245 473 27 34 0.03569975 
614 252 10 12 0.03566313 
837 569 13 16 0.035607558 
904 328 9 11 0.035604753 
935 383 10 13 0.035399217 
966 254 8 9 0.035375614 
598 200 8 10 0.035356566 
837 372 10 13 0.035351478 
878 474 12 15 0.035294916 
961 311 10 12 0.035230033 
422 264 8 10 0.035203654 
1005 551 13 17 0.03520342 
568 248 8 10 0.03518533 
688 259 10 13 0.035141874 
560 231 8 10 0.035111476 
423 231 9 11 0.035093345 
826 279 9 11 0.03501406 
913 159 7 8 0.034960546 
981 527 11 17 0.03488453 
364 499 13 17 0.03479182 
156 467 12 16 0.03474374 
474 280 7 10 0.034730103 
244 381 11 15 0.03471265 
474 191 8 10 0.03468555 
865 403 10 13 0.03450878 
832 546 13 17 0.034487955 
583 206 8 10 0.03443761 
861 269 9 11 0.03438452 
991 589 15 19 0.03434465 
687 197 8 10 0.03433204 
583 191 7 9 0.034277916 
503 238 6 9 0.034260634 
879 399 10 12 0.03408876 
328 246 10 12 0.03402481 
79 413 16 21 0.033998508 
971 389 11 14 0.033968434 
830 367 8 10 0.033941377 
861 547 11 15 0.033917237 
903 148 8 11 0.03385932 
486 248 8 10 0.033711895 
933 372 10 13 0.0337095 
618 231 8 11 0.033697102 
119 421 10 11 0.03366742 
294 317 7 11 0.033636026 
966 509 12 16 0.03362805 
316 315 10 12 0.033559896 
853 341 10 12 0.033516407 
902 372 10 13 0.03349697 
858 291 9 12 0.033458263 
950 207 8 10 0.03341422 
488 236 8 11 0.033228856 
510 248 7 9 0.033160042 
917 370 11 14 0.03306821 
264 335 8 11 0.033040196 
491 379 13 17 0.033038855 
897 286 7 10 0.033032734 
889 390 10 13 0.033032276 
864 430 11 13 0.03297941 
132 479 11 13 0.03293461 
985 716 25 29 0.03292703 
321 305 8 11 0.032844894 
886 357 9 11 0.03284441 
749 253 12 14 0.03284368 
921 335 9 12 0.032726225 
985 639 38 53 0.032702927 
490 386 15 18 0.03269602 
481 319 8 11 0.03267916 
404 474 21 31 0.03257441 
945 200 8 10 0.032496788 
910 232 8 9 0.03248921 
747 258 12 14 0.03246504 
359 271 8 10 0.032434266 
681 190 7 9 0.032392975 
102 455 9 12 0.032330096 
630 230 7 10 0.032286596 
478 190 8 10 0.032284517 
581 352 10 12 0.032232195 
639 184 7 8 0.03222175 
456 262 8 10 0.032190517 
623 330 12 15 0.03213805 
520 459 14 18 0.03212647 
655 207 7 9 0.032112103 
598 157 9 11 0.032090902 
464 240 8 9 0.032037906 
423 279 8 10 0.032025885 
927 232 7 8 0.031888682 
946 205 9 10 0.03179325 
460 412 15 18 0.031786833 
918 240 9 10 0.031786706 
453 522 16 21 0.031780265 
994 514 12 14 0.03170257 
92 347 398 409 0.03163965 
746 612 17 20 0.031622563 
397 294 9 11 0.031611957 
899 395 12 13 0.031603225 
554 305 19 26 0.03156465 
879 367 11 12 0.03152875 
183 478 13 14 0.031527653 
584 238 7 9 0.03146838 
116 390 12 15 0.031458877 
1 399 9 14 0.03141155 
914 222 7 10 0.03138617 
910 326 9 12 0.031320207 
713 275 9 12 0.03131572 
884 446 14 19 0.031304166 
410 339 11 15 0.031262737 
871 277 9 10 0.031256955 
948 355 10 13 0.031206422 
592 191 7 9 0.031191735 
661 272 10 12 0.031190136 
318 340 11 14 0.031186242 
976 406 10 13 0.031155717 
973 312 9 12 0.03114765 
651 310 10 13 0.031100538 
440 277 8 10 0.031082898 
941 245 8 11 0.03099519 
413 415 18 23 0.030966168 
439 206 7 9 0.030889887 
899 407 11 14 0.030880878 
633 167 7 10 0.030849097 
666 232 8 10 0.030846886 
236 328 13 16 0.030829644 
742 287 9 10 0.030821694 
854 372 10 13 0.030815138 
735 248 19 24 0.03074473 
494 314 12 14 0.030707723 
824 389 12 15 0.030655047 
599 216 8 10 0.030635333 
584 248 7 9 0.030634368 
847 495 12 14 0.030622674 
672 185 7 9 0.030460525 
988 476 14 19 0.030292928 
489 232 9 11 0.030265488 
875 429 12 14 0.030250685 
553 232 7 9 0.030217465 
363 324 12 14 0.030194754 
497 208 7 10 0.030129293 
983 286 9 10 0.030114414 
638 374 8 10 0.02997399 
656 189 8 11 0.029937629 
633 222 8 10 0.02990452 
1009 336 18 25 0.029897615 
878 389 10 12 0.02977071 
712 288 9 11 0.029742785 
211 421 11 13 0.029732166 
830 540 12 15 0.029720068 
712 263 8 10 0.029682567 
887 286 8 10 0.02965909 
927 381 11 15 0.029642683 
415 277 8 10 0.029616516 
488 181 10 12 0.029610205 
700 35 11 14 0.0295962 
438 247 8 11 0.029544646 
607 216 8 10 0.029527223 
913 437 11 14 0.02946547 
615 246 10 12 0.029435502 
816 367 9 13 0.029430289 
1009 301 9 12 0.029413307 
514 239 7 9 0.029242324 
921 473 12 17 0.029218314 
256 482 18 22 0.029190207 
870 326 9 11 0.029184587 
552 157 24 29 0.029099083 
204 453 10 13 0.029090825 
927 239 7 9 0.029088704 
851 565 12 14 0.029083889 
574 230 7 9 0.029053401 
472 255 8 10 0.029046057 
377 338 14 17 0.02897753 
865 350 10 13 0.02894804 
737 224 8 9 0.028904615 
1007 348 12 14 0.028818944 
372 301 9 12 0.028812658 
459 385 12 16 0.028803403 
488 310 9 12 0.02877821 
975 244 9 11 0.028758844 
583 200 9 11 0.028710483 
927 161 7 10 0.028694164 
705 276 8 10 0.028620247 
848 276 8 11 0.028578835 
613 345 12 16 0.028507482 
950 366 9 11 0.02845497 
568 217 8 10 0.028347142 
567 319 13 18 0.028283406 
512 345 23 28 0.028254138 
879 334 9 12 0.028223414 
669 239 8 10 0.028092375 
541 239 7 9 0.028076401 
116 404 21 25 0.02799098 
881 191 8 11 0.027951796 
478 183 8 11 0.027944973 
379 456 42 52 0.02791411 
585 263 8 9 0.027908865 
967 301 9 11 0.027893512 
703 294 9 11 0.027889132 
937 240 9 10 0.02776364 
414 247 8 11 0.027758256 
198 467 10 13 0.027748397 
870 167 8 10 0.027740028 
746 161 6 8 0.027691199 
1013 388 10 17 0.02762132 
967 350 10 14 0.027618252 
848 254 9 12 0.027612086 
480 324 10 12 0.027568083 
593 215 8 11 0.027564993 
481 362 12 15 0.027550092 
1000 379 10 13 0.02748689 
937 421 10 13 0.027461896 
805 498 14 18 0.027440641 
380 253 11 13 0.027439818 
958 293 8 11 0.027418684 
426 209 8 10 0.027258202 
804 595 14 16 0.027250085 
255 322 10 13 0.027222242 
393 276 9 11 0.027210098 
895 334 9 12 0.027160272 
656 223 8 10 0.027129032 
664 252 8 11 0.027096834 
360 277 9 10 0.026998091 
587 294 10 13 0.026969248 
610 331 12 16 0.026954468 
618 274 11 14 0.026893273 
841 265 10 11 0.02688318 
967 502 10 14 0.02685172 
248 458 25 33 0.026824702 
576 200 8 10 0.026815996 
223 343 19 22 0.026806196 
607 255 9 11 0.026778383 
495 429 12 14 0.026772225 
935 318 10 11 0.026749464 
885 366 10 13 0.026671935 
674 190 6 8 0.026659498 
985 295 8 10 0.026576648 
911 197 8 11 0.026552472 
743 229 8 11 0.026543135 
649 215 7 9 0.026518581 
514 191 8 10 0.0265134 
436 334 10 13 0.0265087 
818 453 12 15 0.026482267 
924 459 11 14 0.026457177 
390 333 9 11 0.026438724 
1008 429 11 12 0.026426695 
871 365 9 13 0.026421227 
1015 306 9 12 0.026415743 
926 214 8 9 0.026393812 
481 223 7 9 0.026374916 
974 526 14 19 0.026301997 
111 455 9 11 0.026301196 
537 338 14 17 0.026300488 
824 595 10 14 0.026288006 
974 445 12 15 0.0262567 
430 231 8 10 0.026206383 
280 294 8 11 0.026195608 
-1 426 8 15 0.026170064 
95 372 11 16 0.026137674 
479 279 7 10 0.026129698 
608 201 7 9 0.026128046 
102 439 8 11 0.026073275 
943 230 7 8 0.02604947 
358 343 23 29 0.02601312 
482 271 7 9 0.025997408 
930 247 7 10 0.025995595 
863 379 11 15 0.025984986 
519 362 14 18 0.025940832 
868 378 12 14 0.02592449 
464 295 8 10 0.025907792 
711 230 8 10 0.025891107 
821 301 9 11 0.025881477 
945 612 11 15 0.025863556 
409 286 9 10 0.025845075 
634 200 8 9 0.025776574 
880 249 8 10 0.025744075 
284 279 9 12 0.02571553 
582 182 7 10 0.025709307 
574 271 9 12 0.025709162 
856 388 10 13 0.025703393 
822 424 13 17 0.02569222 
919 264 7 9 0.025655637 
176 473 124 190 0.025599934 
903 302 9 11 0.025594227 
888 419 12 14 0.025588581 
870 435 11 14 0.02558106 
564 308 15 20 0.02557637 
367 278 9 11 0.025510965 
965 327 9 11 0.025479045 
588 376 17 23 0.025460096 
993 245 8 11 0.025459232 
689 249 7 10 0.025403664 
927 372 11 14 0.02534258 
936 367 10 12 0.025339503 
633 208 7 9 0.025324775 
930 288 8 10 0.025314994 
1009 248 8 10 0.02524197 
247 352 9 11 0.025239797 
990 599 14 19 0.025203502 
662 189 7 10 0.025203327 
326 441 15 23 0.02519843 
941 239 9 11 0.025192808 
736 230 9 11 0.025139721 
506 340 10 13 0.025136929 
936 538 15 19 0.025071373 
474 197 7 10 0.025013302 
392 286 9 11 0.025004221 
909 208 7 9 0.025003228 
456 335 11 13 0.025001286 
672 232 8 10 0.024992872 
813 397 13 15 0.024978131 
946 451 12 17 0.024940591 
878 615 26 33 0.024910968 
440 300 8 10 0.024897667 
665 303 9 11 0.024878858 
943 437 10 14 0.024866125 
894 300 9 11 0.024853235 
830 308 8 11 0.024791842 
375 294 10 13 0.024789924 
888 192 7 10 0.024727432 
439 397 10 13 0.024722673 
123 388 12 15 0.024701947 
721 161 7 8 0.024693497 
881 287 8 10 0.024688302 
242 473 105 134 0.024661466 
337 289 8 11 0.02462377 
410 504 14 20 0.024600672 
938 349 10 14 0.024555994 
198 394 9 12 0.024549315 
872 571 12 15 0.024528027 
697 238 8 9 0.024506645 
632 247 9 11 0.024501985 
997 352 11 15 0.02449644 
827 469 11 14 0.024490053 
639 216 7 10 0.024468066 
495 304 9 10 0.024420219 
585 253 7 10 0.024417706 
981 247 8 10 0.024404682 
1010 253 8 11 0.02437384 
526 256 8 10 0.024363672 
358 522 12 16 0.024302742 
246 297 18 24 0.02424283 
513 232 7 9 0.024234433 
951 265 7 9 0.024168354 
46 427 13 16 0.024157189 
616 201 6 8 0.024123713 
898 579 17 20 0.024115419 
885 350 10 12 0.024109371 
448 200 7 8 0.024098674 
834 563 11 15 0.02409164 
1006 327 20 24 0.024084238 
126 336 10 13 0.02403503 
998 340 9 12 0.024017133 
199 413 8 10 0.023971217 
416 224 8 10 0.023968961 
430 213 8 10 0.02394956 
433 253 8 10 0.023931531 
819 348 12 16 0.023854753 
631 262 9 12 0.023852173 
907 358 11 14 0.023831272 
752 241 9 11 0.023807874 
533 387 12 13 0.023805004 
129 347 15 17 0.023760363 
985 518 16 20 0.023747882 
569 357 12 15 0.023747033 
440 215 8 10 0.023735322 
982 354 11 13 0.023714686 
857 539 11 16 0.023644485 
455 206 7 10 0.02364343 
624 201 7 8 0.023642063 
81 424 15 17 0.023632802 
1009 287 8 11 0.023617629 
690 216 8 10 0.023617052 
995 460 12 15 0.023596251 
356 496 15 20 0.023570316 
879 317 10 12 0.02356934 
811 340 11 16 0.023527045 
457 199 7 9 0.023506409 
347 467 16 21 0.023444887 
976 269 9 11 0.023436906 
872 249 8 10 0.023398368 
969 183 8 10 0.023372954 
1010 606 15 22 0.02336257 
473 168 8 10 0.023314001 
50 397 12 17 0.023301419 
485 270 9 10 0.023292262 
971 380 11 14 0.023291357 
553 224 7 9 0.023275023 
704 230 7 9 0.023246117 
101 499 11 13 0.023218805 
928 327 9 11 0.023216454 
958 288 8 10 0.023178013 
502 278 8 10 0.023173219 
972 568 16 19 0.02316775 
499 310 12 14 0.023158487 
981 413 11 15 0.023142068 
862 555 10 13 0.023106642 
941 416 18 22 0.0230778 
446 318 9 12 0.023060026 
260 237 9 11 0.023013148 
657 242 8 9 0.02299399 
933 254 9 9 0.02295215 
639 245 9 10 0.022933476 
231 481 15 21 0.022926964 
962 593 18 22 0.022888102 
484 421 11 15 0.022874082 
632 306 11 13 0.022838721 
806 365 11 12 0.022823408 
480 247 8 10 0.022793576 
991 489 26 31 0.02276992 
483 396 16 20 0.022748003 
398 450 13 17 0.022700218 
136 393 12 15 0.022690587 
458 270 8 10 0.022621889 
959 396 11 14 0.02260369 
447 278 8 10 0.022599256 
649 247 10 11 0.0225914 
37 426 13 16 0.02258156 
253 457 16 21 0.022578793 
526 232 7 9 0.022563748 
742 224 8 10 0.022519391 
607 230 7 10 0.022519045 
353 271 9 10 0.022506107 
29 428 11 16 0.022480043 
929 286 20 23 0.02247184 
843 419 13 16 0.022433707 
607 222 8 10 0.022433586 
521 205 7 9 0.022421615 
1012 548 13 18 0.022410506 
39 400 15 19 0.022397568 
476 420 12 16 0.022379383 
849 177 7 9 0.02237849 
844 295 9 11 0.022377655 
585 299 10 13 0.02236045 
68 420 12 17 0.02234732 
704 159 7 9 0.0223424 
577 183 8 10 0.02233301 
943 580 13 18 0.022312311 
450 286 8 11 0.0223034 
583 176 8 10 0.022298709 
729 225 7 8 0.022278488 
600 245 7 10 0.022277875 
898 207 8 10 0.022274032 
637 166 7 10 0.02227113 
896 505 14 19 0.02226992 
908 570 13 16 0.022252537 
312 305 8 12 0.022249239 
798 402 12 15 0.022241097 
814 418 12 17 0.02222702 
862 527 11 14 0.022182759 
187 367 19 23 0.02216411 
120 335 10 12 0.022159185 
342 288 9 11 0.022137968 
791 342 13 19 0.022110712 
488 207 7 10 0.022067873 
602 330 12 17 0.022031223 
374 218 12 14 0.02201314 
898 418 12 15 0.022011295 
445 222 9 10 0.02201088 
624 225 7 9 0.021966955 
411 420 25 34 0.021946944 
736 293 8 10 0.021901561 
887 621 15 19 0.021894345 
601 318 9 12 0.02185808 
989 390 10 14 0.021850267 
945 306 11 13 0.021843037 
517 352 24 30 0.021816175 
968 248 8 10 0.021807574 
461 473 14 19 0.02180536 
263 353 12 16 0.02179833 
459 403 14 16 0.021790596 
437 340 11 13 0.02177643 
233 313 9 11 0.021759685 
127 365 15 18 0.021690102 
322 294 8 11 0.021688094 
480 297 7 10 0.021657161 
868 451 13 16 0.021646818 
457 191 7 9 0.021644076 
646 240 8 10 0.021642728 
486 372 13 17 0.021629505 
759 284 11 14 0.021627458 
454 285 9 11 0.02161897 
952 287 8 9 0.021611601 
521 271 8 10 0.02158049 
924 419 13 16 0.021566093 
511 324 13 16 0.021547018 
589 350 10 12 0.021518085 
457 239 7 10 0.021510888 
407 317 10 12 0.021510316 
575 247 7 11 0.021504996 
982 254 7 9 0.021459693 
785 388 10 13 0.021458939 
831 359 10 12 0.021427821 
501 387 13 17 0.021422291 
471 213 8 10 0.021415604 
361 298 19 22 0.021374613 
877 434 12 16 0.021371236 
397 276 10 12 0.021370474 
515 436 13 18 0.021363828 
733 236 9 11 0.021353686 
921 200 8 10 0.021338386 
724 249 21 25 0.02132859 
926 479 15 19 0.021320809 
290 362 13 16 0.021315629 
481 355 21 24 0.021276202 
551 298 10 11 0.021272069 
326 249 14 16 0.021271897 
701 262 9 12 0.021258308 
884 466 14 18 0.021242127 
416 229 9 12 0.02123113 
538 351 126 165 0.021229932 
358 333 16 19 0.021210533 
637 333 10 13 0.021200964 
519 233 9 10 0.021165598 
993 191 9 11 0.02115437 
623 213 7 9 0.021145355 
238 372 13 16 0.0211366 
847 484 12 14 0.021125033 
735 617 15 21 0.021103373 
835 427 14 18 0.021102184 
498 270 8 10 0.021083057 
838 286 8 11 0.021070093 
429 240 8 11 0.021066986 
891 239 8 10 0.021057831 
656 198 7 9 0.020997768 
791 335 12 17 0.020993477 
446 347 10 13 0.020991813 
253 334 11 13 0.02099123 
1000 332 10 12 0.020954788 
868 445 12 15 0.020954154 
334 336 9 12 0.02087293 
890 197 8 10 0.02085693 
405 393 13 18 0.020845322 
887 248 8 10 0.020841084 
234 384 19 24 0.020836689 
578 190 9 10 0.020822702 
590 270 8 11 0.020817483 
881 183 7 10 0.020798236 
176 366 20 24 0.020792652 
974 419 11 15 0.02078708 
933 413 11 13 0.020784741 
633 366 10 12 0.020735845 
458 515 15 20 0.020728799 
669 286 10 13 0.020709444 
827 484 12 16 0.020707455 
103 492 12 14 0.02069862 
953 596 43 51 0.020664982 
413 304 9 11 0.020664047 
168 327 8 10 0.020627532 
862 256 7 9 0.02060794 
553 181 10 12 0.020606155 
703 239 9 11 0.020594154 
682 176 7 8 0.020574398 
429 287 9 11 0.020522632 
943 456 12 16 0.02052095 
542 213 8 10 0.02050077 
760 237 10 12 0.02049512 
902 246 8 9 0.020480694 
135 376 19 23 0.020447692 
965 573 15 18 0.020412168 
254 385 11 16 0.020375442 
768 153 6 9 0.020370103 
961 254 7 10 0.020359658 
988 659 17 24 0.020345526 
454 393 13 16 0.02033939 
922 609 15 17 0.020315303 
1002 632 21 31 0.020294482 
101 420 10 12 0.020293837 
467 415 22 27 0.020276666 
527 338 21 27 0.020252079 
911 151 6 8 0.020245599 
936 158 7 10 0.020243973 
987 532 20 25 0.020241888 
127 293 221 234 0.02022023 
930 254 8 10 0.020201728 
879 261 9 11 0.02018889 
502 271 8 10 0.02011306 
385 500 12 16 0.020109335 
4 409 13 19 0.020099418 
727 160 8 9 0.020037482 
696 267 9 12 0.020030227 
382 471 16 22 0.0200285 
900 331 19 22 0.020020315 
793 136 7 10 0.020018257 
812 595 12 14 0.020013647 
