0_Parade_marchingband_1_309
264
497 73 36 39 0.9976319 
45 84 26 28 0.9945781 
386 94 30 34 0.9835746 
955 84 24 27 0.87076396 
125 113 26 31 0.8668504 
845 95 26 31 0.8148761 
438 91 24 29 0.7734204 
272 94 23 28 0.762086 
210 87 24 31 0.6806659 
891 94 25 29 0.6515444 
611 100 27 35 0.6501174 
297 96 19 22 0.6026203 
818 106 26 30 0.5988381 
920 104 23 28 0.59103185 
907 32 14 18 0.5852367 
29 17 18 24 0.4145739 
983 89 22 30 0.4136085 
730 91 24 28 0.38156557 
49 43 18 22 0.36238682 
70 56 20 24 0.34855285 
169 50 24 28 0.30707812 
115 0 14 12 0.2919695 
1009 137 14 22 0.24422838 
709 106 23 27 0.23038201 
796 57 29 33 0.23036535 
143 82 17 21 0.22625105 
410 52 24 29 0.21481113 
488 46 35 36 0.21099788 
102 145 21 29 0.20387012 
640 0 22 20 0.20367259 
193 105 16 21 0.19713828 
668 81 17 21 0.17587724 
981 19 15 20 0.16877413 
0 84 12 18 0.16434819 
2 74 15 19 0.16172484 
25 63 18 23 0.15236203 
90 90 17 19 0.14986268 
590 94 17 22 0.1483538 
833 99 27 32 0.14455082 
717 96 25 30 0.1428854 
900 95 29 33 0.14212906 
958 4 15 18 0.13867548 
307 52 12 16 0.13597618 
9 29 16 21 0.13552636 
664 69 23 29 0.13459304 
578 7 28 33 0.13441928 
762 100 15 19 0.13176624 
982 67 21 28 0.12245404 
305 95 23 27 0.11161211 
315 11 13 17 0.107608475 
674 94 15 19 0.10652192 
638 131 11 14 0.09969931 
19 0 16 14 0.097736634 
693 161 18 23 0.09647851 
18 107 14 18 0.0949434 
545 87 23 30 0.09098806 
599 94 24 31 0.09085015 
458 1 26 26 0.08885768 
599 137 24 31 0.08585843 
908 70 23 26 0.08249198 
715 118 17 22 0.081000894 
41 14 20 28 0.07519855 
196 96 22 30 0.07464905 
757 103 22 28 0.07452545 
193 0 19 19 0.07311426 
147 127 24 27 0.07157128 
369 120 15 17 0.06888958 
592 19 18 20 0.06367126 
644 1 33 30 0.062928215 
976 24 14 19 0.062728375 
553 89 15 19 0.06246388 
726 93 17 21 0.062021323 
183 42 22 28 0.061724585 
259 0 17 14 0.061314818 
155 150 26 33 0.060845096 
15 3 27 25 0.060263723 
744 99 26 33 0.059716463 
52 17 15 21 0.059437774 
706 50 28 32 0.057161726 
408 39 24 29 0.056748267 
291 1 17 18 0.05582952 
123 51 17 21 0.0557484 
554 0 15 17 0.055393703 
419 115 13 16 0.05529498 
350 166 24 32 0.05514768 
217 92 28 35 0.054883245 
966 88 23 30 0.053876325 
34 0 17 13 0.053661715 
621 107 27 36 0.051980205 
317 83 13 15 0.051770464 
685 77 16 23 0.05175698 
319 113 12 15 0.051698297 
782 108 10 14 0.051481552 
29 132 14 20 0.05045243 
358 116 16 20 0.04934554 
1003 -3 18 22 0.04931315 
325 123 10 13 0.049046118 
769 106 13 17 0.047601633 
66 65 23 29 0.047463175 
898 76 27 36 0.047320925 
669 54 24 31 0.047168855 
710 101 16 20 0.046341587 
1003 218 17 23 0.045956425 
17 102 13 16 0.045490876 
423 73 39 49 0.044916566 
252 24 15 20 0.044717357 
658 58 25 31 0.044348743 
176 61 17 22 0.04429611 
607 60 22 26 0.04310963 
796 140 12 14 0.042927332 
296 83 24 28 0.042610977 
619 59 16 20 0.0425349 
541 99 15 18 0.042022128 
738 83 18 22 0.041493647 
237 133 11 14 0.04090982 
298 78 15 16 0.040730402 
259 116 13 16 0.0403573 
742 76 14 17 0.04006742 
686 46 40 50 0.039804045 
957 114 16 18 0.039626136 
350 123 14 18 0.039586186 
172 35 26 32 0.039252203 
402 87 42 51 0.03899463 
699 132 17 22 0.038412545 
253 66 16 19 0.038332377 
801 153 15 21 0.038290597 
956 76 17 21 0.03802546 
69 43 24 28 0.037981603 
814 110 19 22 0.03736275 
801 51 19 20 0.036634948 
86 95 24 30 0.035964973 
719 41 24 30 0.035509042 
183 108 23 27 0.035286035 
958 104 17 20 0.03526082 
324 116 11 13 0.03484454 
181 53 21 29 0.03470365 
251 -1 18 14 0.034653436 
324 108 12 16 0.03404335 
8 0 25 20 0.033667684 
340 0 14 13 0.03364298 
765 36 22 28 0.033581994 
139 9 17 20 0.033457417 
580 114 28 35 0.032830123 
993 88 17 23 0.032717682 
162 0 15 13 0.032363947 
918 141 14 19 0.03226872 
369 193 28 32 0.0321211 
5 0 15 15 0.03209628 
57 77 25 30 0.032071445 
189 65 15 20 0.031994577 
3 9 24 30 0.031961482 
243 1 17 16 0.031861138 
497 48 21 23 0.031574108 
237 93 12 14 0.031431284 
895 60 13 15 0.031001288 
417 60 26 32 0.030958889 
17 116 22 29 0.030768253 
318 121 13 16 0.030495487 
817 100 19 23 0.030164022 
374 49 22 28 0.03002905 
81 56 18 22 0.03000157 
414 109 24 30 0.029729022 
585 1 18 23 0.029711876 
387 71 40 48 0.029547047 
368 88 43 55 0.029473705 
911 88 28 34 0.029374396 
986 15 13 16 0.029364595 
41 0 16 17 0.029079273 
831 111 17 22 0.028757205 
585 139 32 37 0.02834376 
139 126 18 22 0.028261725 
332 107 12 14 0.028215285 
122 107 20 24 0.028119998 
839 84 26 32 0.028026026 
114 118 26 33 0.028017854 
850 53 16 19 0.02770861 
481 54 37 46 0.027259734 
150 124 15 19 0.027017448 
9 65 21 26 0.02700652 
581 95 16 21 0.026964428 
678 62 24 34 0.026825553 
305 48 11 12 0.026789926 
274 106 18 22 0.026380867 
318 102 20 26 0.026170392 
916 186 26 31 0.026091415 
435 83 19 24 0.025923055 
167 45 46 54 0.025831841 
310 124 12 16 0.025787596 
954 117 24 29 0.025771026 
379 0 18 17 0.025759362 
407 49 16 21 0.025701243 
2 -2 46 43 0.025688637 
599 68 25 30 0.025276398 
963 0 16 16 0.025271188 
703 82 42 50 0.025149178 
644 100 11 14 0.025105946 
342 43 11 13 0.025031695 
4 104 21 28 0.025026072 
896 62 24 28 0.024883596 
547 102 16 20 0.024848223 
852 115 24 30 0.024822239 
220 78 12 15 0.024499554 
138 111 24 31 0.024498107 
895 90 49 58 0.024470283 
771 124 11 15 0.024085376 
659 117 24 31 0.024064641 
277 99 27 30 0.024035068 
2 112 14 19 0.024027253 
838 97 17 22 0.02389844 
814 98 45 55 0.023643082 
574 98 15 18 0.023619376 
696 60 42 52 0.02359957 
362 76 13 17 0.023458103 
206 93 17 24 0.023385582 
880 58 25 29 0.023225086 
246 52 26 31 0.023168596 
503 44 18 19 0.023105586 
285 142 16 21 0.023020536 
398 38 40 47 0.022949608 
82 11 17 18 0.022945268 
406 33 15 18 0.022887083 
415 129 14 19 0.022838907 
501 128 28 29 0.02275574 
809 83 41 49 0.022712925 
346 71 17 21 0.022698388 
663 94 27 32 0.022379369 
369 50 11 15 0.022375481 
29 123 24 31 0.022369202 
229 97 25 32 0.022340769 
675 79 23 30 0.022223491 
594 100 17 23 0.022124851 
341 68 15 20 0.02209308 
401 65 29 34 0.021996375 
236 99 15 18 0.021979803 
354 120 23 29 0.021916443 
612 93 16 19 0.021886192 
102 125 25 32 0.02185735 
968 8 22 27 0.021822145 
99 70 22 27 0.021671513 
601 107 29 38 0.021544188 
318 114 22 29 0.021539154 
0 10 12 19 0.021526314 
393 83 20 23 0.02151245 
756 121 15 18 0.021451024 
47 63 27 36 0.021211773 
438 56 26 33 0.021110257 
646 67 14 18 0.021045756 
227 103 15 20 0.021003503 
783 113 11 16 0.020930063 
590 4 28 31 0.020908348 
708 44 18 21 0.020889712 
219 2 15 18 0.020859841 
653 130 13 19 0.020809425 
635 115 15 19 0.020799458 
405 67 41 47 0.020714115 
981 79 18 24 0.020696715 
324 41 16 18 0.020546004 
56 46 18 22 0.020481963 
445 65 39 49 0.020342903 
615 64 23 28 0.020281004 
263 98 15 18 0.020189596 
423 103 28 36 0.020106243 
668 101 16 20 0.020062976 
399 99 29 34 0.020030538 
