0_Parade_Parade_0_814
503
768 514 22 27 0.9714276 
471 371 14 18 0.9435753 
365 338 14 17 0.78547704 
776 383 10 13 0.72920763 
751 374 12 15 0.67838645 
927 527 15 24 0.6705993 
897 555 13 16 0.6519048 
338 399 9 12 0.62183833 
412 448 17 21 0.5961835 
498 374 13 17 0.4661485 
264 429 9 11 0.44604367 
135 415 8 11 0.39519262 
679 394 11 13 0.39071873 
183 343 12 14 0.3726642 
337 583 27 45 0.34275573 
318 396 10 12 0.32028443 
309 440 9 12 0.30590484 
102 393 8 11 0.2965145 
112 414 7 9 0.28975525 
407 397 11 14 0.2592075 
53 502 12 15 0.24999917 
382 427 13 20 0.23786272 
957 557 16 20 0.22182928 
390 390 9 13 0.21910651 
95 414 9 11 0.21236664 
725 383 10 13 0.21079619 
325 428 15 19 0.19980712 
136 439 10 11 0.19179258 
886 602 15 19 0.18870607 
665 541 30 42 0.1779574 
127 386 7 9 0.17475122 
461 399 11 13 0.17265728 
928 531 22 33 0.1666794 
701 536 14 19 0.1662176 
342 374 11 16 0.1606195 
294 389 10 11 0.15867324 
974 424 10 13 0.15033986 
982 413 9 11 0.14919277 
317 391 9 11 0.14297302 
815 336 10 12 0.14287756 
895 315 13 18 0.14238288 
120 400 9 11 0.14135146 
2 370 39 56 0.13872549 
238 366 13 16 0.13596855 
86 444 9 10 0.13441688 
279 358 11 14 0.12929457 
49 500 10 13 0.12517376 
88 383 7 9 0.12401795 
442 513 15 19 0.121819206 
484 390 11 15 0.12175582 
5 482 15 21 0.1203312 
191 572 25 40 0.11578882 
97 431 8 10 0.11067729 
932 509 14 16 0.1099669 
112 409 7 10 0.10717798 
125 400 9 11 0.102296785 
816 548 12 15 0.101156324 
678 538 36 51 0.10011752 
1009 413 9 11 0.09992861 
72 416 8 10 0.097745806 
30 495 11 14 0.09742312 
604 540 16 20 0.097407125 
287 429 10 10 0.094261035 
618 557 26 36 0.09318262 
86 407 8 11 0.09127478 
38 431 8 10 0.087942295 
328 413 8 11 0.08764725 
758 396 7 10 0.087048225 
751 370 9 12 0.08679896 
321 404 9 10 0.08677738 
296 414 9 10 0.08430599 
813 586 13 18 0.08229156 
137 458 9 10 0.08192454 
112 439 7 9 0.08033909 
1012 418 11 20 0.07988589 
924 515 15 19 0.07770989 
121 448 8 9 0.077529564 
464 392 9 12 0.07719409 
326 407 8 10 0.077067636 
351 489 24 26 0.07671346 
409 538 23 24 0.07636827 
752 385 12 15 0.076265864 
301 391 9 11 0.07539067 
424 397 10 12 0.07474077 
39 496 10 13 0.07325492 
361 488 23 24 0.07316828 
985 409 8 10 0.071046285 
131 415 8 10 0.06986522 
316 383 10 12 0.06935528 
529 395 11 14 0.06914199 
735 360 10 11 0.06853753 
120 385 8 9 0.068183534 
82 407 9 11 0.06809802 
91 648 29 34 0.06809277 
119 423 8 9 0.06759964 
346 494 17 21 0.06702584 
95 456 8 11 0.066938855 
464 490 13 15 0.06679521 
268 422 9 12 0.06672544 
527 389 11 14 0.06583394 
157 639 17 21 0.06581318 
526 381 10 13 0.065724365 
290 389 9 12 0.064196244 
88 462 11 12 0.06329357 
424 384 9 12 0.06300204 
1000 560 12 14 0.06245799 
120 439 8 9 0.061907962 
72 437 9 10 0.05938611 
154 438 9 11 0.05936393 
478 411 10 11 0.05904012 
312 374 9 11 0.058873426 
416 444 24 27 0.057600472 
508 396 14 17 0.057280477 
382 383 10 14 0.05722308 
56 438 9 11 0.056848664 
102 415 7 10 0.05626744 
95 409 8 10 0.056104712 
166 400 8 10 0.056055542 
79 421 9 11 0.055678118 
117 623 16 26 0.05534931 
127 440 8 10 0.055348985 
137 374 8 10 0.05522641 
279 302 9 12 0.055167932 
256 400 10 11 0.055091526 
126 447 8 9 0.05461523 
79 389 7 10 0.05428546 
150 407 7 10 0.053972196 
648 406 8 9 0.053912703 
665 482 12 14 0.053524997 
113 433 7 10 0.053454746 
746 374 10 14 0.052317057 
305 307 10 12 0.052260723 
104 455 8 11 0.052176286 
70 420 9 11 0.051995587 
78 415 9 10 0.051904637 
119 432 8 9 0.05188451 
756 390 9 12 0.051686414 
89 412 8 11 0.05065579 
231 366 12 16 0.05061871 
893 622 11 13 0.05044484 
71 381 8 10 0.050363325 
56 397 9 11 0.04982713 
69 376 7 9 0.049680866 
853 604 11 13 0.049373206 
820 553 12 14 0.048524767 
12 500 10 13 0.047789037 
950 396 10 12 0.047719132 
96 420 9 11 0.046802543 
398 428 12 16 0.046755105 
49 441 8 10 0.04672787 
314 396 9 11 0.046725288 
691 532 25 32 0.04662489 
969 422 10 14 0.046054017 
661 388 10 13 0.04587896 
722 389 9 12 0.04560382 
428 398 10 13 0.045451872 
303 396 8 11 0.045273844 
776 378 9 12 0.045184374 
153 332 9 11 0.044997457 
710 438 8 10 0.044710524 
632 492 13 17 0.044592153 
652 516 28 31 0.04392361 
302 408 7 10 0.043896444 
483 402 13 16 0.04330749 
909 573 13 17 0.043164846 
1000 445 9 13 0.04305672 
746 380 11 14 0.042818826 
141 444 9 11 0.04269973 
744 436 9 12 0.042575322 
213 391 8 11 0.042503987 
404 429 12 16 0.04214161 
999 382 8 10 0.042137872 
331 574 24 41 0.04200489 
66 422 9 11 0.04181939 
106 629 28 34 0.041280176 
469 356 10 13 0.04097427 
498 384 16 20 0.040421706 
990 407 7 9 0.040344298 
372 553 13 15 0.04030216 
960 558 24 29 0.040292062 
941 406 9 12 0.04026889 
274 357 10 13 0.040264763 
117 374 8 9 0.04000485 
470 405 11 14 0.039886355 
281 424 9 11 0.03984578 
759 421 8 10 0.039726164 
518 381 12 15 0.03972254 
297 408 9 11 0.039356977 
279 406 10 12 0.039308183 
695 517 12 16 0.039215427 
693 407 10 12 0.03918326 
968 401 8 11 0.038958997 
25 491 11 16 0.03889772 
950 413 12 16 0.038516063 
516 386 13 16 0.038005095 
114 376 7 9 0.037977442 
8 391 12 16 0.037924383 
733 371 11 14 0.037834596 
818 332 12 15 0.037732594 
727 395 9 11 0.03771679 
740 359 9 10 0.03767528 
735 526 11 14 0.037591193 
295 396 9 11 0.03743108 
670 414 9 11 0.03735723 
120 453 8 9 0.037152097 
743 430 9 11 0.036999244 
600 538 13 18 0.036970306 
113 383 7 10 0.03643953 
291 437 12 15 0.036437888 
13 479 12 17 0.03620732 
301 414 8 10 0.03600671 
673 408 9 11 0.03600299 
102 421 7 10 0.03597072 
160 392 8 10 0.035958897 
0 657 31 35 0.03581418 
764 495 11 13 0.03574964 
6 500 12 16 0.03535482 
372 487 26 26 0.035248697 
609 539 26 35 0.035177436 
761 498 10 14 0.035156716 
333 423 11 14 0.035042442 
411 548 25 26 0.034976024 
414 389 10 13 0.03488517 
136 391 7 9 0.03486001 
46 423 9 10 0.03482838 
97 437 8 11 0.03480181 
277 379 9 13 0.034759194 
79 430 9 11 0.03458652 
399 392 9 12 0.034525592 
537 347 16 18 0.03449617 
272 375 9 12 0.034377344 
128 455 8 10 0.034274198 
146 406 8 10 0.034204643 
337 482 15 19 0.033975065 
980 419 10 13 0.033915292 
326 439 13 16 0.03365743 
883 331 12 15 0.033539854 
407 447 14 17 0.033488944 
303 431 9 11 0.033474304 
750 421 10 12 0.033457763 
514 393 12 16 0.033436 
113 420 8 10 0.03342375 
336 392 11 15 0.033390224 
775 327 10 12 0.033318464 
289 383 10 12 0.033118837 
767 422 9 11 0.03295943 
386 421 13 20 0.032930315 
319 413 10 12 0.03292542 
476 469 11 15 0.032919146 
899 311 11 14 0.032808002 
501 395 14 17 0.032757428 
277 351 11 15 0.03272381 
662 367 8 11 0.032706235 
815 517 12 16 0.03241982 
166 405 9 10 0.03241177 
999 426 12 17 0.032151014 
21 484 12 16 0.032057934 
59 507 12 14 0.03194333 
950 406 11 13 0.031867232 
726 376 10 13 0.03161386 
527 404 9 12 0.031592317 
673 391 9 12 0.031526674 
72 455 8 11 0.03149212 
908 583 16 24 0.03144331 
151 432 9 11 0.031400073 
32 369 14 17 0.031280912 
400 395 11 13 0.031036416 
921 517 11 16 0.030847631 
728 349 9 10 0.030738099 
318 295 9 11 0.030727739 
173 610 24 27 0.030609062 
177 391 9 10 0.030601166 
711 366 8 9 0.030566463 
106 447 7 9 0.030545874 
734 399 9 10 0.030350173 
347 375 14 19 0.030237475 
932 548 15 20 0.030193921 
879 588 13 19 0.030061187 
302 545 29 34 0.030029701 
159 548 11 14 0.029962381 
688 406 10 12 0.029855035 
943 400 9 11 0.029809907 
98 397 8 10 0.029740507 
446 495 22 27 0.029732406 
88 455 10 12 0.02973074 
721 396 8 11 0.029709248 
178 341 11 15 0.029677376 
168 415 8 10 0.02967563 
1000 396 7 10 0.029615263 
453 491 13 16 0.029563712 
334 394 17 22 0.029442247 
508 380 12 16 0.029436726 
848 504 10 12 0.029387627 
904 577 14 19 0.029357431 
851 597 15 17 0.029347284 
99 392 8 11 0.029345177 
949 593 14 20 0.029344117 
311 415 9 11 0.029301388 
729 359 10 11 0.029189473 
444 458 16 21 0.029079048 
732 381 10 13 0.02907287 
921 525 12 17 0.029049926 
136 630 44 45 0.02899138 
416 383 9 12 0.028980026 
993 400 7 9 0.028868817 
161 398 8 10 0.028819468 
31 439 8 10 0.028686067 
161 624 18 24 0.0286642 
136 433 10 10 0.028660873 
309 564 31 44 0.028614124 
303 355 9 11 0.02860101 
104 438 7 10 0.028397676 
57 432 9 11 0.028392224 
646 401 8 10 0.028369928 
321 434 13 16 0.028367484 
38 437 8 10 0.028326591 
443 499 15 19 0.028326172 
261 405 8 10 0.028255407 
87 422 8 10 0.028211927 
104 407 7 10 0.028186433 
61 392 8 10 0.02800559 
513 492 13 16 0.027974315 
288 396 10 12 0.027893657 
778 444 9 12 0.027780961 
690 513 24 31 0.027591283 
226 370 10 15 0.027463246 
1014 391 9 12 0.027427716 
310 432 9 11 0.02732012 
74 447 7 9 0.027262224 
433 452 24 30 0.027196206 
326 308 10 12 0.027152564 
542 341 13 16 0.027139958 
1000 391 9 12 0.02708588 
881 586 21 29 0.027051061 
851 508 11 14 0.026956078 
135 397 8 10 0.02694661 
1006 423 13 19 0.026870703 
196 341 10 14 0.026852062 
773 379 17 22 0.026745267 
994 381 8 11 0.026740815 
160 406 7 9 0.02668025 
981 391 8 10 0.026657503 
493 393 13 17 0.026647832 
633 542 23 39 0.026620572 
119 368 8 10 0.02658885 
160 415 7 10 0.02656916 
642 399 8 11 0.026557026 
422 350 9 12 0.02644822 
664 520 46 51 0.026418313 
263 367 10 12 0.026340356 
700 524 13 19 0.02632854 
627 494 20 26 0.026254332 
168 381 7 10 0.026253337 
780 395 10 12 0.026239341 
744 387 10 12 0.026237484 
1006 407 17 26 0.026171923 
478 387 13 16 0.026114773 
955 416 13 17 0.025987333 
292 431 10 11 0.025978683 
80 446 9 10 0.025909947 
295 348 11 15 0.025871322 
402 488 24 28 0.025831021 
767 398 8 10 0.025623402 
247 341 12 15 0.02560267 
758 416 8 11 0.025539558 
160 351 8 11 0.025370097 
144 399 9 11 0.025353324 
635 516 13 16 0.025351394 
274 299 10 13 0.02534817 
898 315 22 27 0.025344517 
619 517 18 19 0.025324533 
392 423 19 26 0.025140848 
382 392 12 16 0.025099374 
695 432 8 11 0.025000636 
444 445 12 16 0.024961947 
22 485 18 27 0.02496095 
383 416 11 15 0.024958896 
270 340 11 13 0.024935717 
61 438 8 11 0.024840213 
109 634 15 20 0.024785668 
810 327 23 26 0.024763804 
981 612 15 20 0.024727846 
926 513 22 29 0.024717093 
401 356 9 12 0.024579357 
509 386 15 19 0.024503712 
743 422 11 13 0.02447328 
256 446 9 12 0.024448339 
960 580 26 32 0.024432424 
678 402 11 14 0.024429347 
666 519 17 22 0.024374252 
411 401 13 15 0.024352634 
661 395 9 12 0.024228418 
646 546 29 36 0.02414221 
80 438 9 10 0.024104651 
323 310 9 11 0.024085572 
325 398 10 12 0.024071863 
189 336 12 15 0.023996172 
181 366 11 13 0.023986025 
679 368 8 10 0.023980025 
738 431 8 10 0.023967022 
434 496 25 30 0.02388516 
19 479 11 15 0.02387158 
201 546 38 49 0.023791626 
272 364 10 13 0.023772314 
1000 407 7 9 0.023770424 
718 360 9 11 0.023686953 
112 390 8 11 0.023590637 
222 620 57 57 0.023531593 
633 488 10 13 0.023476975 
221 346 11 14 0.023442432 
428 386 9 13 0.023429472 
12 507 10 13 0.023413459 
350 318 12 14 0.023388736 
886 314 15 19 0.023328086 
990 553 13 16 0.023285678 
143 559 11 12 0.023280667 
62 430 9 11 0.023247879 
338 373 10 15 0.023239946 
841 503 9 12 0.023225844 
339 572 15 23 0.023208931 
400 373 9 11 0.023145942 
156 317 11 13 0.023054816 
677 391 18 22 0.023047468 
445 494 11 14 0.023041012 
438 444 12 15 0.0230365 
27 498 10 15 0.022961264 
243 370 12 15 0.022908539 
500 369 11 14 0.022867912 
159 461 8 10 0.022848476 
5 428 12 15 0.02282999 
478 390 20 25 0.022802146 
160 422 8 9 0.022664757 
258 541 36 48 0.022544038 
657 385 8 11 0.022523358 
135 368 8 10 0.022469923 
180 607 14 16 0.022438865 
777 439 9 12 0.022431776 
302 383 11 13 0.02240784 
117 416 8 9 0.022374203 
1011 407 11 15 0.022309197 
452 380 11 15 0.022261223 
525 445 10 12 0.022259707 
299 533 27 32 0.02214272 
706 361 7 9 0.022122886 
237 359 13 15 0.022046836 
439 425 12 17 0.021985337 
20 367 27 33 0.021963386 
661 428 10 12 0.021954756 
961 550 17 21 0.021947365 
464 509 11 15 0.02194642 
94 446 8 10 0.021933166 
1007 398 9 11 0.021930635 
127 366 9 10 0.021904387 
733 531 219 201 0.021820493 
87 467 10 11 0.0218175 
285 348 12 15 0.02180327 
972 586 17 21 0.02179456 
361 336 12 15 0.02176148 
196 349 11 13 0.021755772 
525 412 9 13 0.021659454 
99 386 18 24 0.021640876 
285 557 43 54 0.021639997 
437 465 17 20 0.02157783 
500 396 21 26 0.021512248 
334 466 15 18 0.02141608 
712 361 7 10 0.021293283 
159 444 8 10 0.021258019 
110 456 8 10 0.021245513 
489 395 22 27 0.02124247 
269 438 9 11 0.021018399 
471 472 14 18 0.020949526 
317 376 9 11 0.020948753 
473 399 19 24 0.02092721 
655 526 33 41 0.020861223 
125 431 9 11 0.020732788 
155 324 11 14 0.020721704 
28 495 20 23 0.020689683 
111 446 8 10 0.020680275 
339 387 13 17 0.02060834 
629 510 24 29 0.020589685 
663 477 21 24 0.020580227 
1014 397 9 13 0.020571012 
976 384 8 10 0.020545231 
676 522 13 18 0.020541992 
225 334 9 11 0.020482305 
212 587 28 31 0.02046521 
470 451 13 15 0.020431112 
579 401 12 16 0.020410774 
741 397 10 12 0.020402372 
305 442 11 14 0.020396326 
214 429 13 17 0.0203698 
904 320 25 29 0.02036766 
28 487 11 15 0.020267488 
766 538 11 15 0.020247396 
141 459 9 11 0.020208536 
813 508 13 15 0.02019837 
951 582 22 30 0.020189308 
0 502 9 14 0.020184796 
86 431 8 10 0.020180063 
997 438 12 15 0.020169646 
517 374 11 14 0.02013832 
128 359 8 9 0.020104172 
282 351 101 129 0.02006413 
