0_Parade_marchingband_1_329
375
135 314 22 26 0.99614316 
572 423 19 24 0.9886847 
660 336 18 21 0.98265624 
191 311 21 26 0.9734168 
291 321 17 18 0.972873 
836 326 20 24 0.97151875 
448 415 20 26 0.97066677 
566 339 16 18 0.9613204 
77 295 22 27 0.96079636 
632 428 20 24 0.9599346 
756 389 22 26 0.95829767 
330 323 16 18 0.9490229 
714 371 23 27 0.9489634 
414 322 14 16 0.9455927 
511 428 18 23 0.93730503 
783 349 20 22 0.93374157 
374 330 12 15 0.93101346 
525 321 13 16 0.90538466 
181 393 22 24 0.9026125 
251 383 21 25 0.9016302 
640 310 17 20 0.8747211 
212 338 22 26 0.8613971 
328 387 20 21 0.84430844 
896 335 21 26 0.83478457 
798 400 19 23 0.8316529 
589 313 17 22 0.8045852 
706 333 16 19 0.7976269 
748 343 16 19 0.77743554 
683 331 16 20 0.7580465 
338 358 14 17 0.733738 
478 316 18 19 0.71922815 
542 323 15 18 0.7164424 
506 336 14 16 0.6970245 
159 325 21 24 0.68973845 
654 373 15 19 0.6896693 
388 379 22 24 0.67699426 
627 398 15 20 0.63051504 
566 315 21 24 0.5990569 
355 357 14 19 0.55776817 
611 315 16 18 0.52077514 
670 363 15 19 0.47054374 
651 393 20 22 0.41415426 
292 359 13 17 0.39264992 
679 306 13 17 0.38587472 
644 346 15 19 0.38356793 
466 330 13 16 0.3712103 
613 347 14 18 0.36980814 
445 323 13 16 0.36900043 
400 326 10 14 0.34980464 
783 395 12 17 0.3438341 
579 310 20 26 0.3343153 
524 348 14 19 0.30871558 
476 348 11 14 0.3059938 
695 309 14 16 0.30030364 
716 424 20 25 0.2810655 
767 334 14 18 0.26919064 
185 448 17 20 0.26801997 
571 308 17 17 0.25803092 
439 350 13 17 0.25505453 
371 316 14 18 0.25208008 
301 450 15 19 0.24922203 
442 361 15 19 0.247009 
316 338 12 15 0.22982882 
682 387 13 18 0.2261682 
477 342 11 13 0.21344092 
635 352 15 19 0.21279253 
274 306 15 19 0.21226938 
368 431 14 19 0.20630215 
280 379 18 23 0.18303445 
439 325 13 16 0.1759181 
751 302 13 16 0.17368703 
486 395 15 17 0.16130975 
413 308 13 15 0.158491 
780 297 24 27 0.15163307 
757 431 16 21 0.14738591 
396 355 14 18 0.14287472 
508 356 10 14 0.13699934 
391 347 12 16 0.13685936 
413 289 12 15 0.13560525 
800 442 16 20 0.13542777 
750 149 13 16 0.13236375 
607 345 13 18 0.13194846 
870 323 16 20 0.12785406 
452 324 12 16 0.11709336 
462 308 9 13 0.11689189 
350 281 12 14 0.11561816 
627 292 15 17 0.11508295 
603 312 18 24 0.110445715 
263 425 14 18 0.108513035 
900 371 12 16 0.107857026 
757 316 11 13 0.1077594 
193 353 15 19 0.1077236 
703 372 14 18 0.103982754 
523 360 14 18 0.0999413 
661 432 25 28 0.099695474 
454 330 12 16 0.098597765 
310 332 15 18 0.09851492 
740 387 13 17 0.095892005 
531 347 16 21 0.095535085 
754 307 13 16 0.095125176 
474 352 13 19 0.09456626 
785 392 19 25 0.08942066 
462 317 12 14 0.088949576 
396 426 14 18 0.08730674 
635 290 12 15 0.08657143 
520 407 19 23 0.083356164 
396 339 14 16 0.07918118 
621 330 13 16 0.075430654 
69 299 18 20 0.075093575 
338 330 12 15 0.07481782 
271 331 12 16 0.07457175 
736 344 14 18 0.07193267 
619 322 13 16 0.070561625 
253 371 20 25 0.07038449 
383 361 14 16 0.06903052 
645 333 13 17 0.06854017 
561 322 13 16 0.06843058 
431 325 11 14 0.06783083 
627 332 12 15 0.06766212 
709 343 14 18 0.06740713 
445 339 11 14 0.066684335 
581 121 17 18 0.065996 
282 367 21 27 0.06594477 
473 282 10 14 0.06516643 
676 357 14 19 0.06442067 
79 270 14 16 0.06357781 
463 390 12 15 0.06349303 
618 311 15 18 0.06315783 
558 159 12 15 0.062698804 
507 347 13 16 0.062510535 
296 315 16 20 0.06067636 
612 328 15 18 0.059371553 
432 271 8 10 0.059244554 
-47 187 456 490 0.05882612 
520 354 14 18 0.05784889 
713 337 14 17 0.05751021 
767 357 13 16 0.057508163 
686 378 14 21 0.057180014 
477 278 11 15 0.05654202 
784 311 19 20 0.05569237 
765 328 12 17 0.05490357 
388 363 15 17 0.054539915 
260 499 24 30 0.05453259 
334 311 12 15 0.054507725 
343 283 10 15 0.053632036 
348 355 17 23 0.053562596 
725 341 12 15 0.05350647 
373 284 11 13 0.053173874 
717 470 14 17 0.052973114 
265 433 15 19 0.05165371 
580 269 12 14 0.051348712 
114 249 16 19 0.051092375 
299 309 12 16 0.050511677 
756 330 20 23 0.050012257 
494 389 14 19 0.049980957 
228 347 12 16 0.049340185 
445 354 21 25 0.049284313 
659 364 19 24 0.049112048 
350 339 13 15 0.049072344 
542 437 13 17 0.048860937 
94 350 14 16 0.04876266 
114 324 13 17 0.04757871 
485 347 12 16 0.047350504 
718 356 14 17 0.047201023 
715 347 13 16 0.047117252 
390 284 11 13 0.046784125 
327 329 13 16 0.04618394 
749 435 23 28 0.045722965 
709 372 17 22 0.045334097 
247 355 13 16 0.045276053 
518 342 12 16 0.04521207 
648 341 20 24 0.04505179 
356 341 12 14 0.044724874 
669 388 14 18 0.0446705 
199 369 14 17 0.044579584 
473 268 9 12 0.044546872 
476 330 15 17 0.04453719 
300 424 16 21 0.044019535 
243 448 16 19 0.043920174 
388 371 18 21 0.04382793 
470 336 14 17 0.043625046 
335 285 12 14 0.043197047 
101 247 17 21 0.04296076 
392 268 9 11 0.042685784 
515 460 26 30 0.042653657 
336 434 15 18 0.0423657 
790 381 14 16 0.04172887 
773 355 14 17 0.041646097 
613 337 20 25 0.04152081 
611 391 16 20 0.041498225 
747 372 15 17 0.040972646 
425 364 14 17 0.040667795 
439 342 12 16 0.040603776 
402 362 15 19 0.040088825 
405 322 14 17 0.040086884 
419 306 12 16 0.039968386 
301 302 11 13 0.03937043 
680 290 14 18 0.039192908 
795 388 16 18 0.039115265 
212 381 14 17 0.03899308 
650 405 18 21 0.03874936 
74 273 24 30 0.038704637 
822 359 21 28 0.038464423 
591 285 11 14 0.038301013 
751 313 14 16 0.038143847 
793 354 14 17 0.038106434 
280 306 19 24 0.038011022 
643 304 13 17 0.037508737 
415 270 10 11 0.037472546 
735 385 13 19 0.03729712 
550 349 11 14 0.036377236 
740 324 11 13 0.036324184 
356 361 21 27 0.036016643 
507 324 14 18 0.035776064 
682 355 12 16 0.035147168 
431 348 11 15 0.03496252 
277 325 11 15 0.03457139 
111 330 14 17 0.03448743 
592 302 10 13 0.03427352 
914 339 12 16 0.03409642 
533 388 13 16 0.03398011 
417 328 14 16 0.033967037 
564 285 12 14 0.03385442 
256 478 33 36 0.03378538 
409 285 13 16 0.033637024 
743 380 14 19 0.033405818 
793 303 16 20 0.033371 
335 254 478 485 0.033346873 
717 364 17 21 0.03327083 
689 323 15 19 0.032642074 
756 323 15 18 0.03257055 
745 378 23 28 0.032553278 
516 329 14 17 0.032385256 
295 302 11 14 0.032136742 
152 317 22 26 0.03212369 
465 396 15 18 0.03165827 
786 321 16 19 0.03134843 
469 303 9 11 0.03126968 
401 329 15 17 0.03125921 
756 379 18 22 0.03115399 
414 387 13 17 0.031011734 
206 377 15 19 0.030825576 
354 278 13 16 0.030794172 
436 403 17 20 0.030731061 
484 342 11 13 0.030567236 
838 418 13 15 0.030504761 
672 306 14 18 0.030504212 
629 158 12 13 0.030499162 
591 164 11 14 0.030424861 
237 458 15 18 0.030069504 
370 410 15 19 0.0300655 
240 384 23 27 0.029854054 
646 401 16 19 0.029777488 
796 100 17 18 0.029719258 
802 291 14 17 0.02970184 
309 316 12 15 0.029694475 
859 419 16 19 0.02941722 
796 468 12 14 0.029379493 
557 355 11 14 0.029302139 
380 337 12 15 0.029224893 
359 263 11 12 0.029132765 
624 463 32 33 0.028829684 
235 349 13 16 0.028467972 
419 292 11 14 0.02839719 
369 323 14 19 0.028380651 
712 309 10 13 0.028329832 
744 301 12 15 0.02799584 
632 305 19 24 0.027905216 
224 340 14 18 0.027830174 
422 302 10 14 0.027623756 
786 289 25 28 0.0275609 
540 336 15 18 0.027546782 
677 344 15 19 0.027489873 
593 291 10 13 0.027395984 
471 358 14 20 0.027319448 
284 444 14 18 0.027166517 
784 325 22 27 0.027069844 
930 301 9 12 0.026834683 
260 364 15 18 0.02669152 
105 271 29 32 0.026529443 
593 158 11 13 0.02638297 
814 389 12 17 0.026345855 
617 351 15 19 0.026209898 
739 437 16 20 0.026146637 
217 325 16 19 0.026088329 
452 286 14 16 0.026071012 
592 437 11 15 0.025981309 
490 348 13 17 0.02594798 
608 330 12 17 0.025932625 
433 277 9 12 0.02592326 
440 394 22 27 0.025886675 
895 366 13 17 0.025737997 
454 350 15 18 0.025666641 
400 320 10 14 0.025445867 
633 402 15 18 0.02530234 
468 368 17 20 0.025243577 
648 372 14 18 0.02523016 
222 408 14 18 0.025220629 
711 317 12 13 0.025044154 
204 272 15 19 0.024985291 
577 302 15 17 0.024900718 
745 154 12 15 0.024857327 
328 397 19 21 0.024792172 
264 377 19 25 0.024716258 
742 334 13 16 0.024592783 
82 278 26 36 0.02457742 
644 410 15 19 0.024530767 
624 288 11 13 0.024406826 
203 283 16 20 0.024396403 
461 335 15 17 0.024329517 
432 283 11 13 0.024294838 
778 468 16 20 0.024256881 
698 301 13 17 0.024092145 
275 345 15 18 0.024066731 
567 360 11 15 0.024033392 
212 314 14 19 0.023919499 
318 395 12 16 0.023912426 
830 279 22 28 0.023838807 
327 310 12 15 0.023765754 
429 319 11 15 0.023637468 
523 311 15 18 0.023554908 
806 395 19 27 0.023505097 
454 318 12 16 0.02347315 
717 310 9 13 0.023401985 
747 360 16 18 0.023370655 
519 311 12 16 0.023181599 
749 334 16 18 0.023173187 
64 304 14 18 0.023172528 
796 331 14 17 0.023155466 
907 369 16 20 0.02314651 
384 284 9 13 0.023144595 
702 344 14 18 0.023115246 
944 364 11 14 0.023109838 
338 365 17 21 0.02310837 
191 392 18 22 0.023105994 
325 469 15 18 0.022921644 
252 364 17 21 0.022891227 
183 312 17 21 0.022772161 
168 378 14 19 0.022732839 
835 435 17 21 0.022648148 
467 401 16 21 0.022557609 
525 289 14 16 0.022515057 
475 401 16 20 0.022440933 
780 330 15 18 0.02241058 
629 313 13 18 0.022211665 
362 349 15 19 0.02218185 
309 323 13 18 0.022164967 
383 269 9 11 0.02210893 
193 358 21 24 0.021968065 
471 317 12 15 0.021958862 
178 485 15 17 0.021932283 
753 352 15 18 0.021925516 
323 337 13 16 0.021755928 
409 269 10 11 0.021634594 
335 299 11 14 0.021603117 
710 353 14 18 0.021543551 
351 269 9 11 0.021492356 
510 316 13 17 0.021376766 
220 393 14 18 0.021363912 
395 368 20 27 0.021343982 
493 322 11 16 0.021301676 
575 458 28 32 0.021268718 
100 418 17 25 0.021170747 
391 331 12 16 0.021160226 
533 327 15 19 0.021052962 
158 334 23 28 0.021021096 
907 334 15 20 0.020709148 
772 326 14 17 0.020687208 
752 310 22 26 0.020649746 
742 315 11 15 0.02054204 
413 393 16 20 0.020431522 
190 285 12 17 0.020407619 
264 441 14 18 0.020382458 
196 377 15 20 0.0202044 
430 392 15 20 0.020118982 
