0_Parade_Parade_0_472
237
57 136 33 36 0.9994011 
321 113 41 50 0.9852132 
513 131 34 40 0.9732131 
645 120 16 24 0.9468409 
629 162 18 21 0.89511484 
953 152 19 21 0.88439894 
747 123 14 22 0.8821479 
562 136 16 26 0.81228995 
830 115 20 27 0.7128369 
979 215 16 20 0.6914341 
975 146 18 19 0.6344483 
657 168 17 22 0.6085709 
836 77 14 17 0.58700573 
707 111 21 24 0.572156 
933 225 17 24 0.5444636 
734 122 13 19 0.4951936 
252 157 14 18 0.48493487 
996 219 13 17 0.37640166 
174 182 16 20 0.30340955 
922 149 14 17 0.2777162 
797 127 16 23 0.27051985 
988 218 13 18 0.26169914 
602 264 43 51 0.2571086 
738 145 17 22 0.22916828 
222 184 9 12 0.21413967 
841 117 24 27 0.20166345 
511 54 27 37 0.19633158 
309 291 17 20 0.19295494 
250 204 13 18 0.18038426 
0 190 9 15 0.17570831 
820 120 15 21 0.1712703 
1002 156 12 15 0.16314924 
804 184 17 18 0.16314009 
942 154 12 15 0.15832418 
844 167 25 32 0.1475064 
692 136 21 27 0.14714646 
258 291 12 17 0.14666858 
831 82 14 18 0.13483948 
610 176 14 18 0.12964477 
401 130 26 29 0.12883715 
500 480 32 37 0.12431286 
245 180 11 15 0.10799359 
968 295 10 13 0.10693789 
235 281 14 18 0.10371047 
890 472 35 41 0.10333313 
846 480 22 27 0.096612856 
741 118 13 23 0.09534745 
820 151 17 22 0.09509689 
679 126 12 15 0.094816044 
202 233 13 18 0.093696326 
937 155 10 13 0.092093445 
216 188 11 13 0.091471925 
215 242 12 15 0.08904211 
962 140 26 28 0.087715566 
810 119 21 25 0.08760092 
248 327 28 34 0.08673981 
602 145 23 26 0.085457 
723 115 14 19 0.085072264 
726 122 14 20 0.07878243 
687 203 15 23 0.07874315 
668 145 16 21 0.07872769 
448 483 30 35 0.07802706 
220 307 13 18 0.07676382 
996 150 14 17 0.0743659 
602 226 14 18 0.07331858 
699 126 23 28 0.07175101 
661 187 22 28 0.07146548 
239 187 10 15 0.06799574 
804 114 14 18 0.06779861 
968 217 12 16 0.065441646 
213 300 16 21 0.06496167 
684 136 19 27 0.06337425 
31 288 9 12 0.06335046 
827 146 16 21 0.06313855 
587 227 12 17 0.062910974 
87 187 12 15 0.0628533 
273 370 16 17 0.061299574 
987 146 15 18 0.06078787 
969 245 11 16 0.060619317 
655 123 17 20 0.060248464 
23 178 13 17 0.059845008 
108 180 13 15 0.0590803 
933 150 11 15 0.05839147 
597 221 14 19 0.055690013 
263 276 10 13 0.054914843 
847 157 37 46 0.05466416 
195 311 21 25 0.053631157 
353 280 42 52 0.053620063 
626 192 14 18 0.052472737 
855 120 18 21 0.051009998 
994 152 21 26 0.050157733 
216 277 10 13 0.05015 
740 133 20 28 0.04860863 
801 121 18 24 0.04808481 
250 147 25 31 0.047620885 
232 280 11 13 0.047526814 
674 138 19 26 0.04751397 
115 277 15 17 0.04708581 
0 302 8 13 0.04705897 
244 279 13 16 0.04556012 
226 307 14 17 0.04542876 
892 163 24 35 0.044824623 
397 130 15 20 0.044587888 
221 270 10 13 0.04448523 
703 138 17 20 0.04397508 
978 139 25 29 0.043877073 
250 284 17 23 0.04383529 
901 157 11 15 0.042555712 
950 253 14 18 0.042301368 
681 131 14 18 0.04120521 
74 344 10 12 0.040251758 
624 161 15 21 0.04024496 
190 404 28 34 0.040241074 
496 58 33 50 0.040066805 
791 133 24 30 0.039779607 
944 150 22 25 0.038768623 
829 67 20 26 0.03784403 
690 197 15 19 0.03775331 
249 197 10 15 0.037540276 
393 132 11 15 0.03737206 
249 228 9 13 0.037343774 
786 168 15 22 0.036962107 
432 184 13 17 0.036700238 
691 118 22 30 0.035334006 
517 65 27 35 0.03520095 
230 288 12 18 0.034417827 
809 189 16 20 0.034205206 
627 175 15 20 0.033824544 
-1 326 7 13 0.033498075 
206 293 10 12 0.033111922 
611 227 15 18 0.033040367 
0 245 9 14 0.032257423 
825 91 11 15 0.03167717 
670 197 22 29 0.031200383 
923 159 14 18 0.031047262 
596 151 16 20 0.030998692 
830 125 26 33 0.030981082 
828 110 15 22 0.030579371 
229 204 10 12 0.030515326 
232 187 10 13 0.030359924 
539 230 17 18 0.030319823 
205 285 10 13 0.030220753 
972 221 17 20 0.030049596 
962 140 41 48 0.030016452 
70 287 9 12 0.029955825 
798 180 16 20 0.029952716 
134 197 12 16 0.029873662 
895 170 14 22 0.029425794 
167 178 14 19 0.029346978 
465 63 33 49 0.029151661 
833 87 17 18 0.029148538 
743 201 21 31 0.029072488 
733 110 12 16 0.028960401 
971 237 12 16 0.028921006 
230 261 8 10 0.028704619 
764 123 14 20 0.028703036 
831 252 10 12 0.028543817 
77 346 11 14 0.028517589 
57 293 9 11 0.028505135 
788 146 15 20 0.028041033 
62 291 10 12 0.027959842 
484 70 10 14 0.027845005 
1012 153 11 16 0.02771921 
465 91 29 38 0.02771177 
229 182 10 13 0.027640715 
140 197 12 14 0.02762286 
114 182 13 15 0.027415216 
6 301 10 12 0.027206374 
86 323 9 13 0.027154466 
520 153 21 25 0.027107373 
840 81 16 17 0.026910348 
655 219 14 18 0.026771517 
789 137 14 19 0.02665331 
660 152 22 26 0.02641811 
821 109 13 16 0.02641394 
224 261 10 13 0.026160514 
663 175 19 22 0.025818758 
204 240 14 19 0.025766179 
171 393 28 34 0.025619093 
569 132 17 21 0.025536517 
268 274 11 15 0.025028948 
930 150 21 26 0.02491541 
235 182 20 26 0.024720846 
80 326 9 11 0.02468432 
172 174 16 20 0.024298748 
515 55 15 19 0.024295498 
613 209 14 18 0.024210408 
857 163 20 23 0.024192594 
684 118 12 16 0.02414912 
806 163 25 30 0.024102354 
234 308 12 15 0.023978157 
237 193 12 16 0.023910388 
644 177 15 20 0.023822097 
899 157 24 32 0.023645667 
212 220 10 12 0.02354568 
479 74 24 34 0.023418855 
246 172 13 18 0.023239717 
240 175 20 26 0.023199614 
884 153 25 36 0.023168726 
914 242 16 20 0.023069024 
824 134 24 30 0.023057481 
499 118 30 38 0.023029158 
741 213 14 21 0.022989973 
216 270 10 14 0.022976113 
255 254 10 12 0.02297037 
181 283 15 19 0.02291261 
252 166 15 19 0.022896767 
915 152 22 30 0.022852182 
256 324 18 23 0.022848055 
891 180 23 35 0.022710932 
971 202 25 31 0.02250262 
294 288 16 21 0.02246214 
458 265 17 19 0.02238476 
841 69 16 19 0.022338642 
651 175 22 28 0.02231903 
142 227 16 21 0.022272287 
1014 308 8 13 0.022182727 
625 224 16 19 0.022180278 
249 196 22 30 0.022146644 
805 130 22 28 0.022137526 
269 315 10 12 0.02198459 
884 172 23 37 0.021876726 
621 178 14 19 0.021863038 
645 169 14 19 0.021479364 
521 85 17 23 0.021352207 
772 162 23 32 0.021291493 
239 164 11 13 0.021263482 
834 57 17 20 0.021054292 
856 481 18 23 0.021030737 
592 152 26 31 0.020871067 
661 201 15 19 0.02084175 
825 157 16 21 0.020835714 
756 199 13 17 0.020611338 
846 243 28 30 0.02051757 
14 301 8 12 0.020350426 
944 226 14 20 0.020262185 
815 160 14 21 0.020257613 
