0_Parade_marchingband_1_695
371
571 89 60 74 0.99759406 
311 170 48 59 0.992819 
752 265 29 34 0.9856124 
845 197 39 45 0.9845031 
186 208 35 52 0.95429456 
140 250 26 31 0.9320221 
516 242 23 27 0.8912206 
79 272 21 28 0.8649262 
508 333 26 30 0.5896323 
280 166 17 25 0.55149275 
957 226 28 34 0.5462383 
429 172 14 17 0.5356954 
939 95 9 12 0.43531343 
478 179 12 17 0.4328712 
519 224 9 11 0.40950507 
259 177 14 20 0.38313547 
519 173 10 14 0.35396475 
23 294 13 16 0.32219204 
375 192 27 37 0.27861223 
780 266 27 33 0.27096066 
969 87 7 9 0.26863578 
14 233 10 12 0.2361954 
263 174 21 28 0.22882308 
804 341 24 28 0.22810292 
940 20 11 13 0.21987605 
508 311 29 32 0.21551464 
507 166 12 14 0.21389227 
893 105 8 10 0.20980105 
48 271 8 12 0.19759637 
21 293 24 26 0.18658844 
880 112 7 8 0.18452583 
909 109 7 10 0.17164207 
1014 69 7 11 0.16898066 
208 157 11 14 0.16675505 
504 170 12 15 0.16409282 
992 75 9 11 0.15532497 
1000 78 9 10 0.14630938 
829 145 7 10 0.13873415 
1007 115 9 12 0.13736832 
134 255 18 22 0.13691425 
421 173 13 15 0.13662711 
927 102 7 9 0.1355202 
417 174 11 14 0.13062869 
183 189 11 13 0.1272749 
175 190 10 12 0.122472085 
745 151 7 8 0.12194447 
943 114 9 10 0.11867964 
962 72 8 10 0.11737346 
1013 62 8 11 0.116228536 
782 141 8 10 0.11346739 
729 151 7 10 0.11229082 
557 148 13 17 0.110540144 
677 301 26 29 0.10956218 
54 220 9 10 0.10934059 
944 80 7 10 0.10547501 
142 235 11 13 0.103430614 
779 144 7 9 0.1032731 
967 78 8 11 0.10294386 
1000 141 9 11 0.10269427 
852 177 15 17 0.1007297 
895 157 12 14 0.10070956 
473 175 9 11 0.0970749 
405 186 10 15 0.096774586 
32 238 9 10 0.0952835 
984 65 8 10 0.09481436 
1008 101 9 10 0.09360671 
784 136 6 9 0.09326869 
725 173 9 12 0.09257069 
905 105 9 11 0.0922165 
766 166 9 12 0.0918769 
475 364 15 22 0.09093641 
536 175 12 14 0.0882313 
761 167 9 12 0.087723605 
909 104 8 11 0.08634607 
61 246 11 13 0.08619173 
351 177 42 56 0.0847283 
746 144 8 10 0.084680624 
921 149 9 12 0.08413926 
63 251 11 13 0.08357884 
905 136 8 11 0.08214301 
1000 115 9 12 0.08157929 
77 270 14 19 0.07838415 
953 125 9 12 0.07673973 
825 147 9 11 0.075010546 
17 300 27 34 0.0747215 
800 129 7 8 0.07435413 
937 150 10 14 0.07346825 
718 142 7 9 0.07293946 
485 184 11 15 0.07262527 
920 102 8 10 0.07259964 
941 86 8 11 0.072431944 
150 192 8 9 0.07092069 
1009 61 8 11 0.070444204 
109 242 10 13 0.07043678 
1013 116 8 12 0.07036321 
768 160 8 9 0.06899344 
760 141 8 9 0.06827528 
95 254 10 12 0.06773795 
549 142 23 29 0.06772519 
10 232 9 11 0.0677039 
953 120 9 10 0.06745305 
776 162 7 9 0.06736398 
313 143 15 20 0.06708472 
49 215 8 10 0.06705782 
37 199 8 9 0.06672271 
895 137 7 10 0.066474326 
889 109 7 10 0.0642948 
929 125 8 12 0.06425103 
73 267 9 13 0.06372189 
1015 76 8 11 0.063209 
846 148 8 11 0.06315322 
152 206 10 14 0.06257242 
1004 84 10 12 0.061586 
888 142 10 12 0.059657276 
1008 56 8 11 0.058973074 
104 244 12 15 0.05855506 
755 256 12 13 0.05817325 
113 185 7 9 0.05771089 
52 269 10 13 0.056712735 
26 287 15 17 0.056142297 
398 186 14 18 0.055394858 
242 345 14 18 0.055222344 
969 127 9 11 0.05488363 
102 252 11 13 0.05465583 
388 181 26 35 0.05439076 
921 321 33 32 0.05419934 
1013 95 9 12 0.05269769 
1013 56 8 12 0.05212716 
434 165 13 16 0.051896546 
496 214 11 14 0.051488437 
257 175 11 16 0.05078117 
118 273 16 22 0.050163154 
760 258 37 44 0.049978774 
815 151 7 10 0.04942704 
430 161 11 11 0.04900285 
137 236 11 13 0.048414644 
57 244 10 13 0.0467906 
920 97 7 9 0.046578854 
911 140 8 11 0.046365216 
973 86 8 10 0.046271104 
998 71 9 12 0.04595498 
85 255 10 12 0.045682617 
56 200 7 10 0.04557887 
422 250 25 42 0.04535339 
213 162 10 13 0.044715483 
276 211 39 46 0.044467907 
13 215 9 10 0.043956812 
1007 133 9 11 0.043557353 
1008 69 8 11 0.04346182 
809 157 8 10 0.043016087 
762 137 7 10 0.042941853 
74 239 8 11 0.042816427 
823 165 9 11 0.042382956 
128 192 8 11 0.04236003 
793 492 14 18 0.04225886 
21 232 8 11 0.042221136 
31 262 8 11 0.04169632 
12 314 29 36 0.04159483 
508 174 15 18 0.041321203 
842 149 8 11 0.04079803 
984 69 9 11 0.040790882 
910 137 7 10 0.040243205 
767 151 7 10 0.040109478 
928 120 8 11 0.03938816 
78 245 8 11 0.039196964 
463 187 10 14 0.039141856 
1013 102 9 12 0.039104264 
150 251 29 35 0.03905018 
216 172 11 13 0.03885563 
889 136 9 11 0.03866517 
920 143 8 10 0.03849601 
444 180 13 16 0.038448002 
104 229 10 12 0.038264308 
524 188 12 15 0.03796802 
782 165 8 11 0.037777275 
32 232 8 10 0.037682086 
905 87 7 8 0.037306752 
881 89 7 8 0.037202563 
994 140 9 12 0.03715488 
437 176 13 16 0.03704402 
127 258 13 17 0.03685661 
1 260 8 11 0.036771324 
694 151 10 12 0.03646157 
146 192 7 10 0.03642497 
15 252 7 10 0.03623125 
104 237 12 15 0.036187645 
981 119 8 11 0.03583901 
801 150 8 10 0.03573181 
72 215 7 10 0.035600375 
749 141 8 10 0.03546633 
181 192 14 18 0.03512191 
86 216 8 9 0.0349647 
937 80 8 9 0.03462123 
891 201 29 35 0.034567673 
63 260 10 13 0.0344444 
155 210 12 14 0.03415769 
208 214 29 38 0.034109842 
1007 126 10 12 0.034109283 
72 280 14 17 0.033846047 
78 262 11 15 0.03368267 
104 224 9 10 0.033555917 
138 233 23 30 0.03353199 
825 129 7 9 0.033456657 
90 268 17 24 0.03318869 
169 184 23 29 0.03311659 
976 119 9 12 0.032960054 
762 149 7 10 0.03290605 
247 186 12 16 0.032847185 
93 259 13 17 0.032810904 
935 15 20 23 0.032548826 
91 348 14 16 0.032519933 
974 126 8 10 0.032229643 
148 229 12 16 0.03188802 
452 180 12 14 0.03181701 
150 199 10 11 0.03177149 
1002 55 8 10 0.0316437 
973 135 9 10 0.0316209 
904 80 7 8 0.031619884 
791 267 26 36 0.031430326 
1012 124 10 14 0.03113425 
52 277 11 15 0.031080771 
37 239 8 10 0.03080334 
485 164 9 12 0.03074535 
126 242 11 14 0.030725747 
519 168 19 23 0.0305821 
786 260 21 24 0.03043208 
1002 63 8 10 0.030408984 
744 155 10 12 0.030326538 
72 244 9 12 0.030250952 
919 79 7 9 0.030005181 
702 155 9 11 0.029958274 
395 192 16 21 0.029720832 
766 135 7 10 0.029631166 
267 160 35 47 0.02909927 
525 180 10 14 0.028965091 
9 248 8 10 0.028883971 
959 95 8 10 0.028728414 
34 190 8 10 0.028531991 
463 175 8 10 0.028389674 
31 292 17 18 0.028325541 
961 220 20 22 0.028318837 
906 117 9 11 0.028267486 
924 142 9 11 0.028255545 
937 143 8 10 0.028246328 
119 198 7 10 0.028079785 
84 259 14 17 0.028032677 
472 169 8 10 0.028032623 
951 71 7 9 0.02778542 
145 243 20 25 0.02767065 
913 80 6 8 0.027638638 
39 206 8 10 0.027487 
761 161 8 8 0.02744143 
752 174 8 10 0.027284672 
63 268 10 13 0.02710846 
689 150 10 13 0.027009407 
15 248 8 10 0.026847266 
484 175 11 15 0.026740381 
750 137 8 10 0.026542997 
462 181 10 13 0.026452908 
10 285 9 11 0.026375098 
510 205 11 13 0.0263129 
862 111 7 9 0.026280597 
871 117 9 11 0.026210278 
938 112 9 11 0.026172336 
953 144 9 11 0.026044762 
911 96 8 10 0.02603571 
68 253 9 13 0.025931543 
887 88 7 8 0.025849193 
949 112 8 10 0.025804868 
969 134 9 10 0.025654605 
1011 61 18 27 0.025519855 
937 117 9 11 0.02535891 
974 94 9 11 0.025338367 
514 225 24 30 0.025309518 
26 261 8 11 0.025295386 
927 97 8 10 0.025207123 
782 160 8 10 0.025084553 
72 231 8 10 0.025064025 
840 125 7 9 0.025048243 
862 127 9 11 0.024820738 
989 64 9 10 0.024596345 
38 245 8 10 0.024564339 
17 292 11 15 0.024562377 
50 199 8 9 0.024522152 
796 219 12 14 0.02452043 
956 239 18 21 0.024399282 
924 24 99 141 0.024285998 
120 223 8 9 0.024226924 
123 265 15 21 0.024175923 
871 104 8 9 0.024150457 
872 126 9 11 0.02407845 
72 207 8 9 0.02407521 
455 176 10 12 0.024038235 
714 143 9 10 0.02396987 
961 87 7 10 0.023938961 
809 144 8 9 0.023926502 
952 95 8 10 0.02381784 
775 128 6 9 0.023724578 
55 240 9 11 0.023589242 
6 270 8 10 0.023576291 
3 481 15 21 0.023421695 
96 185 7 9 0.02338468 
119 243 9 13 0.023370078 
865 89 7 9 0.023327205 
952 202 42 47 0.02332638 
889 98 17 23 0.023317182 
983 125 8 11 0.023305869 
33 204 8 10 0.023185512 
443 174 12 15 0.023118634 
54 263 11 14 0.023099296 
840 111 7 9 0.023093004 
7 222 8 10 0.022969598 
478 205 11 14 0.022915216 
1013 133 8 12 0.02287241 
7 254 8 11 0.02286503 
949 79 8 10 0.02283756 
886 146 10 12 0.022763882 
439 186 12 15 0.022662302 
524 174 19 24 0.02258467 
521 227 13 15 0.022541907 
219 223 16 22 0.022413518 
713 149 9 11 0.02238711 
97 274 13 21 0.022338282 
952 101 9 11 0.022313835 
823 137 19 24 0.022237267 
95 246 10 13 0.022204656 
804 283 12 16 0.022144873 
73 222 8 10 0.022138854 
479 166 11 12 0.02203043 
976 71 8 10 0.022028977 
170 190 10 11 0.021981122 
767 143 7 9 0.021970728 
542 166 10 14 0.021852577 
860 134 9 10 0.021850666 
180 184 23 28 0.021814104 
936 90 16 22 0.021797724 
57 251 11 13 0.021764982 
508 307 18 22 0.021711431 
472 183 12 17 0.021700563 
311 141 26 32 0.021641845 
798 355 23 27 0.02152563 
817 166 8 12 0.02135468 
928 80 7 9 0.021338744 
146 196 8 11 0.021314697 
136 216 8 10 0.021307906 
938 212 42 45 0.021302456 
905 127 7 9 0.021264464 
147 203 20 24 0.021228395 
48 239 7 9 0.021132883 
14 286 10 14 0.021111388 
941 143 9 10 0.021073049 
857 129 7 10 0.021070402 
841 120 7 10 0.020990137 
15 183 7 8 0.020902583 
873 111 8 10 0.02085419 
207 152 18 24 0.020846719 
62 240 10 12 0.020841261 
745 129 7 8 0.020805994 
974 79 8 10 0.02078147 
947 73 7 9 0.020638736 
80 200 7 8 0.020595971 
969 140 9 11 0.020496175 
749 181 8 12 0.020495608 
793 129 6 8 0.0204226 
48 207 8 9 0.020259924 
78 232 8 9 0.020190144 
86 206 8 9 0.020176498 
748 150 8 10 0.020161383 
23 255 7 9 0.020137066 
800 368 16 18 0.02005775 
919 136 9 11 0.020017015 
