0_Parade_marchingband_1_104
135
316 252 32 40 0.998944 
451 262 26 31 0.9899805 
238 246 14 16 0.9043166 
738 230 16 21 0.8182034 
1003 216 17 26 0.7117635 
127 253 13 17 0.69194156 
150 243 11 14 0.53572917 
579 255 13 18 0.30759954 
835 229 12 15 0.30560505 
37 254 11 14 0.3035054 
602 229 8 10 0.27210552 
549 244 10 13 0.21079627 
502 226 10 13 0.2090042 
84 280 10 13 0.19452675 
968 232 9 10 0.1912323 
214 246 7 11 0.14731877 
25 240 7 10 0.1288489 
451 220 11 16 0.12726654 
103 240 10 12 0.111420244 
605 225 8 11 0.099157214 
57 260 9 11 0.090296365 
168 263 10 12 0.08646388 
23 244 8 10 0.08555955 
283 235 10 14 0.08292002 
197 246 8 10 0.077469334 
912 238 11 13 0.07630036 
830 226 19 25 0.07039756 
691 380 60 77 0.06750563 
407 241 12 13 0.062836625 
402 252 25 32 0.061225686 
480 230 12 14 0.060354006 
725 237 14 16 0.059786934 
38 296 7 10 0.058327466 
264 237 8 10 0.056473546 
173 262 11 14 0.056195084 
70 246 9 12 0.05414013 
894 236 9 11 0.0534769 
240 287 9 11 0.053036273 
750 196 11 13 0.051922232 
62 255 8 11 0.05101995 
4 268 11 13 0.05005126 
581 247 12 18 0.04914075 
890 236 9 11 0.047412466 
718 238 11 13 0.04686754 
587 286 9 12 0.043003015 
352 234 13 17 0.04230068 
532 253 13 17 0.042015236 
167 243 9 11 0.041909114 
98 244 10 13 0.040990777 
110 255 9 11 0.040303867 
228 277 9 12 0.04016877 
543 238 12 15 0.04016109 
53 280 8 10 0.03913503 
112 261 9 11 0.03847143 
412 254 12 15 0.037632044 
190 277 8 10 0.03698946 
509 229 9 13 0.036744844 
215 241 7 10 0.03572647 
541 250 12 16 0.035131656 
25 277 9 12 0.034333833 
66 247 8 11 0.03431456 
146 240 11 13 0.034128975 
599 234 10 12 0.033928636 
296 236 11 15 0.033059433 
549 269 10 13 0.03271142 
541 260 11 15 0.032483697 
234 246 12 14 0.03224194 
73 277 7 9 0.032077175 
158 238 10 13 0.031554136 
829 212 9 10 0.03132378 
114 269 10 12 0.031222327 
544 267 11 14 0.030922959 
614 223 9 12 0.03042837 
461 244 12 15 0.030306736 
476 255 15 21 0.030158347 
588 252 12 17 0.029772857 
586 291 9 12 0.029338915 
855 260 9 14 0.029244091 
974 194 16 19 0.029134292 
141 278 10 12 0.02871632 
833 234 25 30 0.028525675 
73 271 8 11 0.028211193 
39 301 7 10 0.028041655 
645 222 8 10 0.027871836 
85 272 9 11 0.027841235 
616 228 9 11 0.027782531 
29 238 8 10 0.027410008 
775 223 11 13 0.026972804 
232 240 9 10 0.02671549 
904 237 10 12 0.026309544 
120 296 8 10 0.026271507 
245 240 10 12 0.025993748 
208 239 10 12 0.025693048 
31 310 8 10 0.025506431 
152 262 10 12 0.025380095 
32 249 19 23 0.025026381 
180 263 10 13 0.024989342 
193 241 8 10 0.024388105 
104 253 9 11 0.024249839 
108 239 9 11 0.024247983 
716 288 36 43 0.023712697 
34 302 9 10 0.023423571 
972 235 10 13 0.023366734 
449 206 10 12 0.023176135 
249 233 8 10 0.023114303 
163 230 11 13 0.023105694 
797 238 10 11 0.022913069 
43 254 10 13 0.022813126 
132 248 12 15 0.022757692 
463 251 23 31 0.022694912 
158 269 9 11 0.022563316 
239 292 8 11 0.022496816 
754 196 15 17 0.022474092 
383 261 13 16 0.02247293 
190 271 9 12 0.02210291 
842 205 8 10 0.021936936 
716 238 21 25 0.021804266 
512 235 9 12 0.021793358 
747 200 24 28 0.021791277 
542 232 9 11 0.021788014 
598 245 9 13 0.021583835 
397 238 12 14 0.02147246 
554 243 14 17 0.021403948 
233 294 9 11 0.021264048 
18 245 8 11 0.021092964 
228 270 11 14 0.020950416 
641 238 9 12 0.020774677 
223 245 9 12 0.020736357 
546 239 18 23 0.020678444 
80 271 8 10 0.020660425 
385 257 26 31 0.020580372 
23 252 8 12 0.020565199 
853 253 10 15 0.02043198 
164 262 20 25 0.02043082 
588 302 9 13 0.020033408 
