0_Parade_Parade_0_266
517
954 338 26 32 0.99578863 
28 418 14 17 0.96384966 
861 570 24 40 0.72442186 
908 439 22 27 0.6989484 
636 380 91 109 0.5739464 
451 410 17 21 0.55354667 
366 357 21 28 0.54384506 
957 310 10 12 0.3645495 
213 382 9 14 0.36170086 
995 322 18 23 0.35979593 
207 331 11 13 0.333095 
265 436 9 11 0.31999597 
225 316 11 15 0.3146115 
128 331 10 14 0.29197794 
164 332 11 14 0.27082822 
153 316 9 11 0.2450472 
68 443 12 15 0.23463021 
48 335 10 13 0.23259221 
171 416 12 16 0.23061372 
27 449 16 18 0.22701623 
929 296 9 12 0.2112817 
128 406 11 14 0.20730098 
502 311 10 12 0.20636337 
929 426 20 30 0.20362985 
68 330 12 15 0.200646 
79 428 12 14 0.19611529 
887 320 7 10 0.19511779 
703 354 44 79 0.1899193 
6 331 9 12 0.18952467 
815 318 8 9 0.18692963 
126 327 10 13 0.18352143 
148 415 11 14 0.17864402 
111 318 9 11 0.17567556 
25 334 10 12 0.17063428 
873 344 7 9 0.16891333 
912 317 8 10 0.16621847 
217 442 14 16 0.16604812 
356 522 16 18 0.16492575 
762 318 8 11 0.16129138 
921 440 17 24 0.16013317 
810 318 6 9 0.15795346 
792 349 7 10 0.15555532 
831 311 7 9 0.14018063 
934 413 22 38 0.13614541 
125 373 12 15 0.13581513 
225 339 11 13 0.13392125 
91 338 11 14 0.12925671 
871 311 8 10 0.12551925 
5 437 10 14 0.12365795 
95 445 13 16 0.12364889 
71 361 12 14 0.12296191 
6 428 9 13 0.12290849 
864 312 8 9 0.12022404 
199 175 9 11 0.11994605 
133 333 9 12 0.11981176 
933 362 11 13 0.116726175 
894 373 8 11 0.11653672 
142 341 9 12 0.11537588 
159 342 10 12 0.11493367 
175 327 10 13 0.114032805 
192 350 10 12 0.11257558 
93 451 12 14 0.11157384 
0 423 9 14 0.107653864 
999 411 18 35 0.10462245 
340 372 25 29 0.10372692 
229 423 9 11 0.10337178 
864 318 8 9 0.1022731 
119 371 14 15 0.10196593 
933 300 9 11 0.10120096 
95 395 10 12 0.10087376 
188 356 10 12 0.09989758 
225 427 9 11 0.09827661 
398 421 27 26 0.09646692 
938 395 25 40 0.09305201 
520 340 8 11 0.09259566 
911 311 8 11 0.09155873 
525 311 9 11 0.0913126 
1002 337 15 20 0.0906713 
991 307 13 15 0.08911162 
542 308 8 10 0.0884509 
1 325 11 16 0.085870914 
151 341 9 12 0.085415326 
842 319 7 8 0.0831118 
216 459 10 13 0.0828343 
956 333 16 21 0.08274427 
197 342 10 13 0.08148338 
773 357 7 9 0.08085008 
88 411 13 15 0.08020969 
902 329 7 9 0.079974465 
857 313 6 8 0.07979125 
207 452 10 13 0.07925359 
956 327 14 17 0.079053134 
837 366 8 10 0.078959614 
959 305 10 12 0.07825802 
782 310 8 11 0.0779133 
236 456 11 12 0.07640624 
120 334 10 13 0.07595465 
913 303 7 10 0.0758876 
838 359 7 9 0.0753137 
232 460 11 13 0.07476137 
560 325 7 10 0.07383359 
829 328 9 11 0.07305197 
117 339 12 15 0.07274238 
44 419 11 16 0.07263275 
133 374 12 16 0.0722127 
31 310 10 13 0.07214031 
996 304 11 14 0.07130383 
118 437 10 13 0.0711185 
793 343 8 10 0.070438266 
76 434 14 17 0.070385985 
304 334 9 11 0.07033868 
350 364 24 30 0.07016342 
136 341 9 12 0.06899666 
769 358 7 9 0.06831237 
239 439 9 11 0.06788612 
896 311 7 8 0.06779451 
240 389 9 10 0.06774629 
1002 315 20 30 0.06656226 
87 325 9 11 0.06652497 
215 453 11 13 0.06534824 
831 334 8 9 0.06524007 
182 446 11 15 0.0651861 
121 325 9 11 0.06488459 
269 445 10 12 0.06473684 
210 112 189 244 0.06446919 
873 349 7 9 0.064441144 
864 325 8 9 0.06443675 
106 318 9 12 0.063852444 
456 290 11 15 0.06367129 
257 424 8 10 0.061668497 
545 356 13 15 0.061304785 
117 319 9 11 0.060931515 
561 321 8 11 0.060874127 
863 352 7 9 0.060442958 
904 312 7 9 0.060441274 
92 458 13 15 0.06021486 
286 366 7 10 0.05953251 
212 325 11 13 0.059454065 
307 225 13 17 0.059376884 
192 344 10 12 0.05896676 
896 368 8 11 0.058907393 
334 129 26 30 0.058183126 
521 316 9 11 0.056831636 
180 333 9 12 0.05612079 
142 334 9 12 0.056070194 
852 510 12 16 0.05544595 
438 310 12 16 0.055291224 
817 336 7 9 0.055193916 
794 326 8 10 0.054857023 
106 325 9 11 0.054762963 
982 313 11 15 0.054548156 
230 439 10 13 0.05440442 
46 472 10 14 0.05425368 
605 283 13 15 0.054192565 
117 402 12 15 0.054088373 
1008 309 12 15 0.053792313 
251 477 10 13 0.053773772 
904 397 11 14 0.053579908 
468 346 14 17 0.05331471 
896 718 37 49 0.053203974 
214 254 10 13 0.05268522 
888 392 9 10 0.052617975 
29 338 10 13 0.052561317 
238 399 10 13 0.05123916 
228 312 11 14 0.051031057 
902 359 7 9 0.051024172 
553 334 8 11 0.051008083 
143 317 10 11 0.05086494 
34 414 15 18 0.050556883 
72 339 11 13 0.05033647 
245 431 9 11 0.050325666 
878 360 7 9 0.050216824 
924 428 15 23 0.049953584 
35 357 11 15 0.049838055 
88 320 9 11 0.049643595 
52 338 9 14 0.049544927 
499 310 9 11 0.048679005 
12 427 10 13 0.04846314 
950 326 11 14 0.04814503 
798 335 9 11 0.048101127 
538 364 15 16 0.04792101 
141 327 10 11 0.047852635 
159 327 12 14 0.04777511 
117 431 9 11 0.047330845 
153 278 8 11 0.047240417 
863 366 6 9 0.047103558 
878 492 27 34 0.04702491 
919 303 8 9 0.04592876 
963 309 11 14 0.045668557 
457 179 27 34 0.04553159 
849 353 7 9 0.04509645 
52 366 11 14 0.04484806 
937 349 10 14 0.04484588 
376 360 16 22 0.044721797 
221 462 9 11 0.044494282 
445 316 12 15 0.044414714 
778 319 9 11 0.044391606 
526 305 8 10 0.044273842 
14 334 8 12 0.044236556 
429 299 11 15 0.044142056 
234 399 9 12 0.04401067 
257 430 10 12 0.043923296 
937 342 10 12 0.043819897 
250 155 124 143 0.043379903 
176 319 10 11 0.043342542 
945 324 10 12 0.043179993 
125 338 12 15 0.042162746 
335 374 13 16 0.04192792 
76 359 10 13 0.04176657 
511 340 11 12 0.041517437 
4 317 12 14 0.04127327 
207 337 11 14 0.04100156 
882 319 8 9 0.040476702 
149 335 10 12 0.040403362 
913 357 7 9 0.040367696 
887 324 7 11 0.040365044 
870 581 21 26 0.04034073 
917 318 8 10 0.04030301 
877 343 8 10 0.040230874 
830 304 7 9 0.039981242 
879 366 7 9 0.039819792 
589 317 12 14 0.039819337 
265 478 11 13 0.03975502 
447 396 26 31 0.039727513 
538 304 8 10 0.039650638 
245 446 9 12 0.03940925 
100 439 12 15 0.039186534 
561 303 7 9 0.038853105 
903 444 17 22 0.038839098 
902 367 7 10 0.03865899 
93 436 22 29 0.038004488 
41 340 9 12 0.03796664 
463 299 9 11 0.037866063 
74 441 12 16 0.037855763 
845 573 27 37 0.037684772 
104 311 9 11 0.03764691 
0 485 7 13 0.037598066 
222 469 9 12 0.037475515 
826 327 7 9 0.037468262 
120 262 8 11 0.037247844 
246 146 14 15 0.036971383 
127 321 9 11 0.036954865 
777 375 9 10 0.036921088 
525 350 10 11 0.036774084 
898 426 37 47 0.036732916 
274 334 9 11 0.036587175 
157 347 10 12 0.036562975 
846 318 7 9 0.03644263 
264 444 10 12 0.03625434 
527 385 13 16 0.036139164 
856 357 8 10 0.036055814 
870 317 8 10 0.036041383 
667 356 77 107 0.03602262 
765 313 9 10 0.036021948 
889 313 7 9 0.035760015 
128 420 10 14 0.0356693 
24 315 10 13 0.03558008 
144 311 10 12 0.03557034 
254 462 9 12 0.035448734 
63 450 13 15 0.035424463 
270 482 11 14 0.035241567 
848 313 7 9 0.035220984 
858 318 7 8 0.035122503 
865 305 7 9 0.035122503 
861 357 8 10 0.03495987 
157 413 10 14 0.03487588 
50 303 16 19 0.03483836 
918 358 7 9 0.034688346 
898 327 8 10 0.034591597 
0 453 10 18 0.03451145 
1 285 9 13 0.034497704 
33 302 9 12 0.034472715 
244 437 9 12 0.03445303 
110 334 10 12 0.03438118 
268 433 9 11 0.034214113 
91 406 13 16 0.03417196 
809 314 7 9 0.0341319 
470 294 11 15 0.03401283 
188 446 10 13 0.03394736 
674 419 32 44 0.033928007 
873 336 9 11 0.03376484 
898 334 7 8 0.033746082 
130 410 11 15 0.033643648 
104 333 9 12 0.033606168 
552 297 7 9 0.03354177 
202 469 13 16 0.033397004 
798 340 8 11 0.033243224 
503 306 8 10 0.033199985 
778 304 7 9 0.033176146 
113 435 11 15 0.033029392 
871 305 7 9 0.03299181 
278 445 11 12 0.032866813 
722 372 28 56 0.032741614 
553 329 7 9 0.032699004 
832 340 8 10 0.03264401 
923 524 12 13 0.032630526 
538 309 8 10 0.032597277 
930 360 9 12 0.03257222 
835 361 7 9 0.03256987 
888 335 7 9 0.032541014 
799 320 8 9 0.03249362 
847 327 7 10 0.032325976 
461 320 14 20 0.032211546 
881 325 8 10 0.03221149 
204 174 12 13 0.032198604 
894 380 8 11 0.032169025 
216 403 9 12 0.032104872 
935 380 11 15 0.031845212 
944 318 9 13 0.031711794 
123 439 10 12 0.031675145 
134 328 10 13 0.031634793 
212 206 16 20 0.03144525 
94 319 8 10 0.031408183 
47 345 10 15 0.031329926 
141 378 10 14 0.031231819 
240 444 9 11 0.030827109 
12 315 12 14 0.030697104 
774 353 7 9 0.03042548 
888 342 7 10 0.030334959 
508 310 9 12 0.030186214 
542 350 12 13 0.030050583 
411 369 17 20 0.030006604 
809 352 8 9 0.029891642 
878 312 7 9 0.029888414 
5 451 11 17 0.029676894 
502 340 11 14 0.029649468 
991 306 21 26 0.029641956 
913 352 7 10 0.029219558 
43 361 20 26 0.029188167 
843 606 11 16 0.02912299 
827 303 6 9 0.02911188 
176 365 12 15 0.02908051 
188 365 11 13 0.02906584 
256 452 9 11 0.029065825 
898 360 7 9 0.029037675 
928 325 9 12 0.02897065 
204 285 10 12 0.028948033 
896 305 7 9 0.028889617 
341 141 16 20 0.028771566 
600 277 23 29 0.028748782 
510 304 8 9 0.028663341 
264 385 8 11 0.02864552 
982 726 36 44 0.02841883 
182 339 10 13 0.028386148 
78 326 9 12 0.028323948 
933 391 21 29 0.028083846 
454 317 26 33 0.028053131 
36 308 10 14 0.028023455 
158 279 8 11 0.02795423 
777 324 8 10 0.027860241 
386 347 12 16 0.027730415 
497 315 11 15 0.027673485 
136 347 11 12 0.02753073 
585 315 11 15 0.027500255 
794 334 8 11 0.02749947 
186 474 12 16 0.027428722 
920 280 8 10 0.027375042 
237 465 12 15 0.027363332 
150 406 10 13 0.027296873 
991 491 35 59 0.027199378 
477 362 13 17 0.027175143 
934 386 11 17 0.027164195 
947 478 30 40 0.026797 
724 128 51 68 0.026759693 
281 359 8 11 0.026733013 
246 469 11 14 0.026657714 
134 362 11 15 0.02665039 
110 374 13 15 0.026639845 
525 342 9 11 0.026579844 
439 330 25 32 0.0265589 
538 341 12 14 0.026526915 
0 443 10 17 0.02649417 
495 325 10 13 0.026485007 
897 562 28 39 0.026423996 
277 454 13 15 0.026392564 
991 328 23 31 0.026334684 
826 311 7 10 0.02632686 
159 419 11 15 0.026316447 
358 360 16 21 0.02630412 
47 329 10 12 0.026271654 
943 312 8 10 0.026167147 
954 309 20 24 0.02590211 
216 317 12 15 0.025877979 
458 334 24 31 0.025853636 
941 296 10 11 0.02581831 
550 302 7 9 0.02573416 
842 326 8 10 0.025660906 
371 348 17 21 0.025659798 
777 380 9 11 0.025631934 
246 452 10 12 0.025575597 
209 379 18 24 0.025544744 
784 360 8 9 0.02553944 
7 313 11 12 0.025496585 
246 462 10 14 0.025462747 
143 405 10 12 0.025347989 
435 300 13 17 0.02533151 
88 347 11 13 0.025265057 
921 285 9 11 0.025201943 
157 414 18 25 0.025187153 
894 390 9 11 0.025169706 
149 398 9 12 0.025081573 
824 334 8 10 0.025052797 
245 390 8 10 0.025012081 
89 396 10 12 0.024994394 
119 424 9 11 0.024929216 
477 293 10 13 0.024915637 
65 439 12 14 0.024860285 
565 319 8 10 0.024846656 
180 326 9 13 0.024811067 
326 362 37 46 0.024687273 
831 316 8 10 0.024641382 
422 293 20 26 0.024519416 
167 425 14 17 0.02439139 
144 398 10 12 0.024297284 
934 373 11 15 0.024293395 
202 332 9 13 0.024106154 
602 285 10 13 0.02404889 
191 318 9 12 0.024036422 
512 409 17 19 0.024006708 
890 368 8 10 0.024004808 
793 320 7 10 0.023866484 
100 396 11 14 0.023851754 
201 326 10 13 0.023838947 
109 411 12 14 0.02381376 
891 583 31 37 0.023810495 
926 288 9 10 0.023769682 
105 436 20 26 0.023769349 
491 369 23 29 0.023743598 
35 356 20 27 0.023685426 
116 312 9 11 0.023619538 
245 471 19 25 0.023539959 
933 487 28 39 0.023372805 
77 341 10 13 0.023327336 
888 360 7 9 0.023257064 
910 390 11 13 0.023091253 
52 312 13 16 0.023056332 
7 402 14 17 0.02303319 
273 461 10 13 0.023016581 
895 343 8 10 0.022986922 
474 346 24 29 0.02294796 
83 419 15 18 0.022831637 
124 367 11 13 0.022806164 
45 284 11 12 0.022792866 
89 444 10 14 0.022771843 
110 423 10 11 0.022606555 
126 400 18 24 0.022584612 
285 439 11 12 0.022568986 
496 332 9 13 0.022568263 
127 5 367 447 0.02256802 
216 310 11 13 0.022565335 
757 335 9 11 0.022440715 
84 436 11 14 0.022398133 
271 451 11 13 0.02229559 
976 311 9 12 0.02225371 
157 312 10 13 0.022237385 
929 357 20 24 0.022216005 
231 452 21 24 0.022143057 
460 381 14 16 0.022135893 
37 294 10 12 0.022123376 
878 335 8 10 0.022088906 
382 377 115 121 0.022023704 
126 427 10 12 0.021959968 
5 378 12 14 0.021940416 
231 225 11 14 0.021898827 
39 350 9 13 0.021879563 
466 185 15 20 0.021874186 
258 435 9 12 0.021874137 
261 425 8 10 0.021837229 
101 339 10 14 0.021827402 
566 310 8 10 0.0217765 
692 480 17 20 0.021774814 
454 297 12 14 0.02173371 
309 213 10 14 0.021712082 
219 396 11 13 0.021600222 
547 156 13 15 0.021567155 
987 416 25 34 0.021547832 
104 404 10 15 0.021523485 
12 446 19 26 0.021313865 
198 315 11 13 0.02127616 
230 252 10 14 0.021229291 
110 398 14 17 0.02119263 
231 417 9 10 0.021147775 
815 360 8 9 0.021137668 
565 304 8 10 0.021102406 
767 336 8 10 0.021090059 
185 351 11 13 0.020990608 
157 363 13 15 0.020970304 
521 364 21 26 0.020939957 
222 251 12 16 0.020917969 
213 174 11 13 0.020897789 
879 374 9 11 0.020896794 
262 451 9 11 0.020869017 
103 430 10 13 0.020829098 
496 305 9 11 0.02075651 
464 310 9 11 0.020739991 
470 309 10 12 0.020612001 
93 325 9 12 0.020560093 
989 318 36 55 0.02054444 
544 328 8 9 0.020497732 
1010 337 12 19 0.02049485 
233 467 10 13 0.02049002 
53 426 12 14 0.020460602 
143 412 18 23 0.020420123 
157 358 10 12 0.020378651 
191 286 8 11 0.020306733 
135 319 9 11 0.020251362 
119 449 12 15 0.020247946 
439 213 11 13 0.020241506 
823 319 7 9 0.020238206 
928 389 10 14 0.02023628 
236 155 15 21 0.020148655 
935 335 9 12 0.020121481 
176 449 14 16 0.020081554 
218 116 13 14 0.020070605 
937 354 13 18 0.02004322 
142 363 11 13 0.020041302 
447 339 27 30 0.020016532 
