0_Parade_Parade_0_53
130
792 185 44 55 0.99782974 
270 169 42 52 0.9947891 
468 219 12 15 0.7386622 
530 150 16 19 0.5280422 
536 188 9 12 0.15174249 
537 235 10 12 0.1302959 
484 64 15 18 0.11651914 
365 224 7 10 0.107152976 
383 215 8 10 0.10134993 
665 224 9 10 0.09941401 
468 226 12 16 0.078195564 
687 249 9 11 0.07415274 
487 209 9 11 0.073276855 
663 236 11 15 0.0711665 
668 236 10 12 0.06885327 
665 230 10 12 0.067087844 
485 213 10 13 0.061312802 
694 237 7 9 0.05940504 
338 244 28 34 0.05871337 
687 231 8 10 0.057912283 
522 238 8 10 0.05688192 
679 239 8 9 0.055218823 
465 233 15 18 0.05439522 
681 223 8 10 0.051756784 
485 220 10 13 0.051156685 
487 229 11 13 0.050731514 
592 179 13 18 0.049308114 
600 222 9 12 0.048651278 
836 225 24 30 0.047968056 
525 224 8 11 0.047473535 
849 218 39 49 0.047174595 
539 231 10 12 0.046595767 
721 212 8 10 0.04598406 
967 268 11 13 0.045857783 
651 270 11 12 0.045660272 
871 205 12 16 0.0453468 
525 247 9 10 0.045205798 
694 233 8 10 0.045036156 
713 232 7 9 0.044435788 
543 199 10 13 0.043984786 
552 148 10 15 0.041305907 
522 229 8 11 0.0410312 
490 141 13 16 0.040915735 
508 247 9 11 0.040373992 
526 230 8 10 0.04028832 
712 205 8 12 0.039172165 
864 213 31 37 0.03835412 
843 204 13 15 0.038156893 
421 214 9 11 0.037734326 
726 222 8 9 0.036682066 
871 202 28 34 0.03634756 
689 237 8 9 0.035923377 
392 215 8 11 0.035448503 
374 255 10 12 0.034914535 
672 216 8 10 0.03467212 
683 229 8 11 0.034524508 
383 231 8 10 0.03449251 
672 263 9 11 0.034045357 
492 236 10 12 0.03333338 
392 231 9 10 0.031550787 
346 229 25 31 0.031435676 
494 192 14 17 0.03131793 
681 247 9 11 0.031165808 
375 230 8 10 0.030175323 
719 230 7 10 0.03004508 
744 231 8 9 0.030005068 
382 220 9 11 0.029778311 
511 147 11 14 0.0297649 
686 223 8 10 0.029658725 
159 619 64 59 0.029642958 
264 353 13 18 0.029469531 
406 211 10 12 0.028949581 
392 237 8 10 0.028831758 
672 257 8 11 0.028683508 
336 232 24 32 0.02849981 
366 228 9 11 0.028417433 
1012 230 9 14 0.028398683 
358 216 8 9 0.028315438 
840 207 25 31 0.028138643 
600 231 9 11 0.02792245 
534 194 10 13 0.027879464 
621 215 10 11 0.027842661 
614 165 25 32 0.027812384 
351 252 26 29 0.02733386 
598 237 9 11 0.027241329 
681 254 9 12 0.026718011 
656 237 10 13 0.02648625 
581 220 11 12 0.026416903 
678 262 8 10 0.026224727 
398 231 8 11 0.02604798 
383 236 9 11 0.025953276 
494 244 8 11 0.025494516 
671 269 9 10 0.02510547 
882 160 26 35 0.024939505 
399 212 10 12 0.024534544 
360 225 11 14 0.024471117 
590 214 11 13 0.024356747 
558 245 8 10 0.024264613 
746 246 8 10 0.023902588 
727 255 7 9 0.023588935 
705 246 8 10 0.023514006 
710 240 8 10 0.02336724 
553 224 9 12 0.023333987 
377 223 9 11 0.023046367 
1008 236 10 13 0.023005245 
544 214 10 11 0.022987928 
398 237 8 10 0.022688407 
605 230 10 12 0.022556188 
263 14 24 38 0.022429857 
839 235 33 40 0.022312613 
660 231 20 24 0.022214903 
397 222 9 11 0.022149097 
846 199 12 14 0.022124954 
728 239 8 9 0.0220925 
480 183 10 12 0.022079028 
557 229 9 11 0.02196219 
512 231 7 10 0.02179195 
604 223 11 13 0.021631299 
692 213 9 11 0.021463409 
652 263 12 14 0.021064453 
397 116 11 12 0.021054756 
486 188 12 15 0.020946527 
416 207 8 12 0.020764539 
535 264 8 10 0.020751083 
493 204 10 12 0.020730268 
654 213 10 12 0.020513719 
392 220 10 12 0.020305121 
647 246 11 14 0.020252362 
549 198 10 14 0.020179722 
474 209 18 24 0.02017122 
