0_Parade_Parade_0_125
108
518 339 28 36 0.99730515 
1004 341 21 35 0.9880989 
584 269 25 34 0.9446915 
12 412 13 18 0.91714376 
10 474 20 27 0.8966561 
472 271 23 30 0.8166726 
423 253 10 13 0.24996303 
973 444 9 13 0.18399031 
587 253 27 35 0.17023034 
54 440 25 32 0.16530184 
255 474 15 18 0.16314161 
381 502 10 11 0.13947767 
700 241 15 21 0.13294083 
566 240 15 17 0.12761596 
96 462 10 12 0.11007938 
958 469 8 10 0.09773831 
41 430 9 11 0.09385879 
586 336 25 30 0.08928858 
589 251 17 22 0.080919795 
884 430 9 10 0.07875514 
391 282 14 19 0.07870034 
47 430 10 12 0.078278445 
53 431 10 13 0.077944584 
376 500 11 14 0.0778652 
612 288 23 37 0.076607704 
986 494 31 56 0.06972392 
64 450 14 18 0.06345116 
572 268 26 32 0.053658053 
469 284 15 22 0.052083336 
855 438 7 9 0.04753193 
847 485 7 10 0.04596095 
46 436 13 17 0.044925492 
0 489 10 16 0.0431598 
313 471 10 12 0.04278375 
476 346 18 20 0.04196527 
374 286 13 17 0.041175906 
500 292 14 20 0.040709954 
845 469 9 13 0.040056445 
379 285 15 19 0.039787278 
897 424 9 11 0.038929928 
840 495 7 8 0.03859007 
389 294 23 34 0.03819688 
256 469 25 28 0.038127042 
861 455 7 10 0.037405375 
895 447 8 9 0.036900602 
863 488 9 10 0.03591191 
340 502 12 13 0.035657674 
936 446 7 8 0.035471935 
491 281 13 19 0.035101037 
327 514 14 19 0.03463618 
845 475 9 13 0.03435562 
600 279 26 35 0.034137826 
40 424 9 12 0.033386614 
-1 459 35 47 0.033263154 
137 457 9 11 0.033159748 
93 494 10 11 0.032807104 
849 433 7 10 0.031540226 
906 457 8 10 0.030606247 
40 423 41 56 0.030203747 
482 274 21 29 0.02977558 
46 442 16 20 0.029755842 
846 464 8 10 0.029186804 
954 464 7 10 0.029019477 
729 408 8 10 0.028984575 
139 460 11 13 0.028839545 
592 244 13 17 0.028806137 
373 456 8 11 0.028764147 
1013 314 10 17 0.028533908 
16 469 15 20 0.027956685 
88 462 9 12 0.027184423 
256 446 10 11 0.026938008 
881 460 8 11 0.026877586 
110 455 8 10 0.026779043 
38 543 11 16 0.02659056 
599 337 18 21 0.026464798 
395 289 13 19 0.026241053 
273 398 9 11 0.025966872 
102 457 9 10 0.025675038 
89 495 9 10 0.025437646 
943 397 9 11 0.02540927 
872 439 8 9 0.025374342 
53 455 15 20 0.02516326 
885 424 8 11 0.025139688 
494 288 13 19 0.0250415 
43 433 25 35 0.024967467 
119 465 10 11 0.024608957 
476 261 14 17 0.024462398 
951 399 8 10 0.024134696 
913 446 7 9 0.023761911 
105 470 9 13 0.023578428 
765 480 8 11 0.02352963 
950 447 8 11 0.023438632 
104 485 9 13 0.023288481 
880 503 9 12 0.023261463 
108 471 12 14 0.023243127 
249 476 12 15 0.023120442 
909 455 8 11 0.023063594 
369 501 12 14 0.022546723 
384 214 11 14 0.02253581 
0 414 8 12 0.022531338 
204 469 10 12 0.022474239 
870 487 7 9 0.022264117 
117 469 10 11 0.022164365 
890 470 8 10 0.0217417 
362 294 35 48 0.02133303 
542 344 23 30 0.02113054 
381 268 14 17 0.021059485 
847 503 7 9 0.020703878 
