0_Parade_marchingband_1_234
152
434 312 16 21 0.99179864 
306 313 17 20 0.99179244 
507 255 16 19 0.9909663 
612 321 17 21 0.9909217 
667 321 18 23 0.99017954 
745 273 17 18 0.9898642 
582 414 16 22 0.9887822 
672 211 14 17 0.987981 
843 251 16 20 0.9863647 
555 312 17 21 0.9799054 
785 320 17 21 0.9787241 
317 260 16 19 0.9771662 
333 410 18 23 0.97313607 
863 302 15 19 0.96738374 
468 235 14 17 0.9657237 
404 411 17 22 0.9648071 
254 255 15 18 0.9621102 
642 249 17 18 0.96109706 
366 307 17 23 0.95621973 
402 290 15 17 0.95331246 
469 402 19 24 0.95202833 
570 268 15 18 0.9489206 
836 329 14 17 0.9436542 
437 262 13 15 0.9431925 
282 420 14 19 0.9405816 
702 255 15 17 0.9385753 
207 420 15 19 0.93713194 
539 292 16 19 0.9287575 
482 177 15 18 0.9282889 
401 220 13 16 0.9222784 
758 419 17 21 0.9181241 
284 296 15 18 0.9180477 
775 255 15 19 0.9179592 
805 283 18 19 0.91728187 
227 222 14 17 0.9164418 
375 266 14 16 0.9140744 
703 419 16 21 0.91367286 
291 230 14 17 0.91195154 
526 415 14 19 0.9012933 
186 331 17 20 0.89959526 
646 411 17 21 0.8876547 
737 230 14 18 0.8833626 
488 307 16 20 0.87822723 
727 318 17 20 0.87759715 
242 330 17 21 0.8740394 
344 281 13 17 0.8712254 
531 224 14 17 0.8550885 
606 303 17 20 0.85372984 
677 291 15 19 0.8481995 
355 230 13 17 0.83339715 
604 208 13 16 0.81950045 
555 168 15 17 0.77243555 
469 310 14 17 0.72475165 
216 292 15 20 0.70594347 
460 271 10 13 0.32732698 
562 132 29 33 0.31403625 
776 224 12 17 0.19475414 
703 226 10 14 0.1446894 
476 140 32 37 0.13202347 
352 204 10 14 0.12682776 
401 189 10 14 0.11552703 
343 287 16 20 0.11507178 
596 260 14 18 0.11384649 
288 202 11 15 0.102110125 
531 268 13 18 0.1012727 
612 268 13 17 0.09257996 
675 252 11 14 0.09112733 
735 201 11 15 0.088858694 
204 293 14 18 0.08885379 
679 284 15 17 0.081494786 
344 251 12 16 0.077881925 
607 310 19 23 0.072117314 
542 258 13 16 0.06458534 
671 183 10 12 0.06414504 
645 217 11 15 0.0640737 
455 252 11 15 0.06000507 
612 262 12 15 0.057257257 
319 229 10 13 0.056335486 
250 325 15 20 0.05365323 
296 259 12 17 0.05338457 
726 258 13 17 0.05098201 
603 258 16 19 0.05078826 
433 228 11 15 0.05023154 
808 252 11 15 0.04786844 
635 425 14 19 0.04652216 
640 308 12 16 0.045633376 
608 204 13 17 0.041676342 
142 429 9 11 0.041641492 
426 284 12 14 0.040137537 
453 260 13 15 0.039406564 
788 311 15 18 0.037391495 
725 310 17 21 0.036945272 
696 227 12 15 0.03565604 
655 236 13 16 0.03516765 
497 307 14 19 0.034329806 
673 283 14 17 0.033592578 
407 267 12 14 0.033041432 
298 233 13 16 0.03286623 
356 201 9 12 0.032036994 
716 299 14 17 0.031092249 
157 461 9 10 0.03054424 
483 137 16 19 0.030482775 
499 461 9 12 0.030163506 
203 283 24 28 0.030054208 
462 283 12 16 0.02957279 
716 282 14 17 0.029458202 
836 288 13 18 0.029357716 
649 245 15 19 0.028596096 
552 150 25 29 0.028321145 
691 282 13 16 0.027733851 
1004 558 21 31 0.02764039 
236 191 10 13 0.027597751 
191 325 17 20 0.02720816 
792 314 16 22 0.027130011 
278 258 13 17 0.027027672 
471 204 12 15 0.02680017 
720 259 10 14 0.026744453 
481 130 29 31 0.02646878 
827 282 16 20 0.026425451 
582 295 15 20 0.026061296 
662 276 13 16 0.02603493 
461 263 10 14 0.02597397 
233 194 10 14 0.025959322 
866 294 16 20 0.02588698 
391 245 13 16 0.025548851 
727 486 10 12 0.024541266 
265 479 8 11 0.024522757 
232 224 15 19 0.024507252 
805 291 16 21 0.023723021 
733 267 12 17 0.023662312 
533 261 13 17 0.023400381 
581 202 14 17 0.023270812 
877 291 12 17 0.02310143 
638 415 17 22 0.023007423 
356 238 14 17 0.022972256 
475 229 13 17 0.022933202 
224 216 12 17 0.022707969 
494 465 10 13 0.02270728 
736 273 12 17 0.022584053 
455 271 18 23 0.022487184 
747 236 12 15 0.021984976 
919 318 9 12 0.02174703 
253 318 12 16 0.021644158 
326 306 15 19 0.021460176 
483 146 19 22 0.020836376 
724 283 12 16 0.020640697 
590 263 14 19 0.020566309 
643 312 15 19 0.020299127 
671 247 12 15 0.020258069 
741 460 11 14 0.020250991 
557 123 25 31 0.020024741 
737 453 9 13 0.020022042 
