0_Parade_marchingband_1_932
75
851 356 31 37 0.9993674 
434 336 32 37 0.9992455 
47 331 31 40 0.99913955 
721 344 32 35 0.997898 
482 339 23 28 0.42147765 
642 375 18 22 0.40635827 
541 344 17 20 0.31974176 
712 299 12 16 0.20371132 
114 358 13 16 0.11150582 
727 222 12 15 0.11034059 
106 354 23 27 0.089769274 
498 347 13 16 0.0804732 
847 274 10 13 0.07950409 
485 87 9 10 0.07778796 
855 276 10 12 0.077149205 
163 364 11 13 0.076219186 
78 365 14 18 0.0715912 
648 366 11 14 0.06370422 
83 433 13 16 0.061519474 
679 368 11 14 0.060535777 
745 282 22 32 0.057646282 
729 226 13 17 0.05576911 
692 371 14 18 0.048504047 
410 96 8 10 0.046601344 
566 135 8 9 0.04223269 
541 333 16 19 0.041952435 
641 302 10 11 0.041509233 
684 366 12 16 0.04126164 
875 505 13 14 0.040933564 
455 121 8 10 0.039470892 
122 379 16 19 0.039228793 
499 355 13 18 0.03913988 
84 357 15 18 0.037333887 
661 329 10 14 0.03595835 
517 359 11 13 0.03526552 
526 351 11 14 0.034887258 
106 367 16 21 0.034137625 
88 431 25 29 0.03385002 
653 364 12 14 0.03337731 
705 279 15 19 0.032401763 
406 115 10 12 0.03239012 
509 356 11 15 0.03238865 
757 286 11 15 0.031849418 
437 245 10 12 0.031438254 
82 370 15 17 0.03134514 
859 270 11 14 0.031258717 
660 378 12 16 0.030670652 
160 371 12 14 0.030589603 
859 276 12 14 0.030521717 
110 352 13 16 0.03049511 
732 198 10 13 0.030432051 
659 369 14 18 0.027932495 
648 383 15 19 0.027198385 
852 222 11 12 0.02702076 
170 417 14 18 0.026738666 
85 378 13 16 0.026673272 
161 359 11 13 0.025783593 
893 437 15 17 0.025704924 
819 304 14 19 0.025168888 
991 350 11 14 0.024895594 
422 111 9 11 0.024779245 
1008 332 10 14 0.02391847 
95 440 14 17 0.02345138 
542 337 27 33 0.023276638 
436 250 14 15 0.022764796 
518 364 13 15 0.022648415 
808 306 10 14 0.022583773 
679 377 22 27 0.021846581 
869 276 11 14 0.021633593 
446 142 9 11 0.021628808 
471 354 12 17 0.021557515 
500 85 10 14 0.021091014 
460 276 12 16 0.021072764 
528 313 11 13 0.02057265 
91 364 12 15 0.020274987 
