0_Parade_marchingband_1_149
99
441 374 30 38 0.9995567 
712 389 29 34 0.99917513 
279 386 28 34 0.9989255 
809 240 23 31 0.998847 
664 236 24 31 0.99851567 
526 384 27 35 0.99833447 
211 233 24 31 0.9978734 
371 381 26 35 0.9974324 
631 379 26 31 0.99740976 
226 314 22 29 0.99709475 
534 223 23 30 0.9970144 
352 238 24 30 0.9967243 
673 318 23 29 0.99591595 
600 242 23 27 0.99583614 
309 315 24 29 0.99508387 
474 234 22 26 0.9944788 
601 323 23 30 0.9943909 
536 301 24 29 0.99379337 
281 231 23 28 0.99186265 
465 305 22 27 0.98909074 
728 240 25 29 0.9888526 
391 309 23 29 0.9842778 
406 225 21 27 0.9820467 
783 315 24 27 0.9565759 
310 264 25 25 0.85558796 
241 261 27 30 0.7029496 
703 270 23 26 0.6034009 
437 265 22 26 0.46456948 
565 412 15 18 0.37028214 
561 285 26 33 0.22039196 
624 269 23 28 0.0869767 
666 409 25 28 0.07634788 
449 298 24 31 0.06778323 
269 290 24 29 0.0676892 
351 312 28 33 0.060548376 
333 306 13 17 0.060141455 
336 342 21 26 0.059421904 
199 346 25 30 0.05810197 
737 358 18 21 0.055560894 
576 217 16 21 0.05386769 
624 476 17 17 0.051262446 
289 348 21 26 0.050394308 
499 263 23 26 0.04871311 
271 343 21 25 0.046678063 
382 272 24 31 0.046594888 
556 262 21 27 0.046375982 
560 402 22 29 0.044824034 
566 264 25 32 0.040465407 
601 397 23 29 0.037914652 
237 443 29 32 0.037804782 
426 252 13 18 0.03773252 
313 376 23 26 0.03757208 
919 108 16 18 0.0363103 
630 363 24 30 0.03503397 
552 293 25 29 0.034916375 
603 410 18 23 0.034696482 
532 238 421 472 0.0344421 
280 345 22 26 0.033747572 
462 292 23 28 0.032901436 
209 351 23 29 0.03276065 
414 326 20 28 0.03270513 
469 398 23 31 0.032211177 
279 300 27 31 0.03211731 
220 354 16 23 0.03188796 
635 358 14 18 0.030724782 
185 308 15 18 0.030493524 
440 363 25 32 0.030401988 
439 296 24 29 0.02983376 
495 321 22 32 0.02967697 
264 274 25 32 0.029177457 
315 388 24 28 0.029037835 
311 276 27 31 0.028774172 
315 307 26 30 0.027902203 
829 325 10 13 0.027784534 
549 255 15 20 0.027521703 
342 336 25 29 0.027457127 
188 289 14 17 0.026861958 
252 316 14 18 0.026110513 
388 285 22 26 0.02606382 
384 351 21 26 0.025794365 
165 233 16 20 0.025314542 
555 277 25 32 0.025093958 
385 297 25 31 0.025007647 
440 353 22 28 0.024197869 
190 338 27 32 0.023771608 
392 264 21 30 0.023647193 
405 267 14 18 0.023546148 
319 266 26 30 0.023231003 
355 326 20 22 0.02259335 
829 319 11 13 0.022115517 
458 282 23 29 0.02211326 
579 268 18 23 0.021711737 
179 330 15 19 0.021503149 
241 273 20 26 0.021472463 
447 276 25 32 0.021328717 
772 276 24 29 0.021269785 
621 278 17 23 0.02111617 
182 322 27 29 0.02018148 
870 32 34 41 0.020106493 
