0_Parade_Parade_0_29
100
543 166 59 68 0.9992539 
316 231 32 40 0.9990945 
980 186 34 40 0.9990356 
239 235 22 27 0.99180436 
802 166 40 49 0.98949534 
161 249 17 20 0.9849145 
141 251 13 16 0.96413356 
193 241 21 22 0.9507409 
421 249 21 24 0.8978249 
486 234 17 20 0.83490837 
706 245 16 19 0.79800034 
747 244 15 20 0.7615221 
293 243 14 17 0.6791169 
509 243 14 16 0.67678577 
120 245 12 14 0.6215318 
670 239 9 11 0.5916181 
689 253 10 12 0.40880919 
358 242 13 18 0.33676267 
-58 282 515 338 0.2473652 
864 230 45 47 0.24011652 
461 252 10 11 0.19012664 
717 222 11 14 0.1781033 
406 242 13 16 0.17555025 
421 223 11 13 0.15498738 
375 252 10 13 0.14105593 
677 238 8 11 0.1322263 
220 252 12 14 0.13121307 
859 231 30 31 0.12549722 
725 219 12 14 0.115321994 
349 237 24 30 0.11189265 
80 229 9 12 0.11058019 
104 253 9 10 0.087932445 
68 240 10 12 0.08243292 
150 229 9 12 0.0812406 
756 239 10 14 0.08120598 
64 244 9 11 0.07071029 
1012 12 10 16 0.07023276 
124 248 10 15 0.069074646 
472 251 9 12 0.06366592 
181 258 11 14 0.063615076 
380 251 9 11 0.061416112 
693 247 11 15 0.061403673 
146 247 12 15 0.05740846 
131 229 10 12 0.05291382 
170 252 11 16 0.05167025 
507 251 18 22 0.050057746 
54 232 8 10 0.04645053 
590 371 153 186 0.046269473 
458 248 9 11 0.045658525 
81 235 9 12 0.045305803 
714 244 10 14 0.04497148 
34 222 17 21 0.044968106 
415 255 24 31 0.043718085 
512 246 17 21 0.039283678 
725 267 8 11 0.036099836 
406 248 14 20 0.035826683 
214 227 13 17 0.03524843 
110 252 10 11 0.034981113 
365 248 13 18 0.034965027 
652 246 10 12 0.034116678 
697 223 8 10 0.03411571 
57 238 8 11 0.03409014 
326 289 23 30 0.03335865 
120 190 9 10 0.03297466 
431 250 14 18 0.03207131 
113 246 9 12 0.031432044 
149 235 12 15 0.031057587 
501 237 18 24 0.030274557 
117 286 11 12 0.029461626 
731 220 10 12 0.029102692 
476 250 11 15 0.029088981 
149 295 12 13 0.02773987 
86 238 10 12 0.02739234 
789 175 30 36 0.026420223 
128 221 9 13 0.026264114 
648 239 9 11 0.025861545 
926 435 93 163 0.025799345 
97 246 9 11 0.02567549 
16 244 9 13 0.02544369 
71 251 9 11 0.02542738 
91 228 13 15 0.025141533 
30 219 15 20 0.024243934 
46 228 9 14 0.024206562 
445 237 10 12 0.023968985 
736 250 13 17 0.023889542 
679 243 11 14 0.02369747 
78 255 8 10 0.023652311 
126 215 9 11 0.023346769 
736 245 23 27 0.023098052 
718 237 10 14 0.022728253 
104 260 10 13 0.02266198 
595 242 18 20 0.022481132 
263 252 12 16 0.021931874 
417 227 11 13 0.021896537 
587 238 31 33 0.021733917 
402 244 11 14 0.02164905 
96 252 9 11 0.021595042 
288 250 12 17 0.021465935 
730 240 48 52 0.020889087 
64 232 8 10 0.020467646 
