0_Parade_Parade_0_376
99
768 153 44 55 0.9914698 
635 206 24 32 0.9899047 
394 208 39 63 0.92807084 
916 155 31 43 0.8106105 
534 232 25 45 0.711164 
339 255 27 33 0.695327 
146 267 26 40 0.6261486 
162 260 26 33 0.57073313 
867 203 22 27 0.3885504 
209 575 41 91 0.34111118 
978 14 31 34 0.24848019 
611 123 19 22 0.18684986 
411 143 11 14 0.15571557 
485 188 22 33 0.11892193 
461 159 9 10 0.10998377 
481 152 9 13 0.09520174 
465 139 12 16 0.09270867 
749 188 26 48 0.09202056 
437 220 37 56 0.09140463 
846 242 28 40 0.090470545 
299 231 28 33 0.07893253 
50 35 204 232 0.07717652 
486 136 8 11 0.07507304 
545 225 28 41 0.07027007 
428 223 30 46 0.067707576 
716 202 27 30 0.066018015 
182 592 55 85 0.065656595 
437 165 11 15 0.06383213 
928 145 32 42 0.062036533 
648 200 24 32 0.0589647 
929 6 88 102 0.058537398 
487 141 10 13 0.056676447 
685 211 15 22 0.056383472 
443 140 15 18 0.05200755 
527 244 26 44 0.046873987 
453 212 38 57 0.046358466 
171 251 25 30 0.042719167 
427 142 10 12 0.04036069 
485 156 12 15 0.04012025 
961 7 58 64 0.039526016 
98 299 28 37 0.03911863 
946 245 17 22 0.03833562 
989 233 10 14 0.038178936 
314 240 16 25 0.0360267 
734 194 28 38 0.035472624 
965 6 35 37 0.034478396 
701 143 13 15 0.034118563 
130 122 16 18 0.033946235 
974 258 25 32 0.0330393 
537 219 24 38 0.032057002 
641 243 46 64 0.031696934 
170 273 25 35 0.03168684 
5 175 17 23 0.031462494 
109 304 16 21 0.030869143 
421 166 10 13 0.030653035 
484 148 11 14 0.02957576 
688 189 10 13 0.02944158 
728 132 12 16 0.028955989 
422 157 10 12 0.02870552 
108 291 23 37 0.028566282 
503 243 13 16 0.02844453 
470 146 10 13 0.027869245 
182 284 23 33 0.027442284 
31 217 46 53 0.026792906 
420 171 13 16 0.026780937 
133 271 29 42 0.02636883 
916 164 18 28 0.026109979 
271 215 45 45 0.025638405 
929 266 14 16 0.02545384 
475 423 17 21 0.02542094 
967 233 11 15 0.025135703 
727 126 11 14 0.025011586 
741 143 12 16 0.024936052 
608 118 14 17 0.024096811 
318 242 45 48 0.024078697 
423 147 12 15 0.023872936 
760 163 34 52 0.023339137 
384 227 36 48 0.023333443 
957 15 38 45 0.023260998 
556 220 23 33 0.02292048 
150 91 56 62 0.022893969 
419 205 29 44 0.0227169 
907 591 52 51 0.022511398 
670 196 13 18 0.022443047 
565 265 17 20 0.022195559 
828 626 49 57 0.022021063 
524 260 24 41 0.021930825 
559 252 26 30 0.021814154 
431 158 9 12 0.021804247 
479 139 12 15 0.021769466 
464 147 11 14 0.021712082 
282 214 14 17 0.021606974 
346 241 28 41 0.021446764 
76 285 43 48 0.021045765 
437 207 14 20 0.020840239 
463 131 20 27 0.020769497 
8 -52 358 425 0.020651145 
500 208 12 17 0.02050024 
164 254 18 19 0.02027927 
