0_Parade_marchingband_1_139
73
695 265 169 99 0.9987262 
392 88 32 47 0.98336756 
857 90 63 73 0.97874147 
305 47 37 40 0.9096746 
459 100 28 39 0.8762471 
360 188 34 41 0.3949987 
30 67 93 120 0.33868232 
234 85 33 41 0.33824283 
728 304 149 96 0.33641452 
689 80 22 27 0.28692386 
707 129 27 33 0.20851117 
799 111 46 58 0.17624629 
778 127 27 34 0.1748577 
736 125 26 31 0.140431 
44 69 33 43 0.13639158 
47 69 56 78 0.124123715 
835 108 57 75 0.10288122 
464 126 99 123 0.10263012 
317 99 47 57 0.100871876 
676 81 22 31 0.09084131 
712 124 40 48 0.09077889 
785 115 36 41 0.0811741 
781 82 22 28 0.07750045 
318 122 52 63 0.06124192 
396 103 34 51 0.058865014 
128 89 48 63 0.057476513 
666 245 223 204 0.056219544 
744 121 17 21 0.056055844 
259 142 32 44 0.05590722 
748 280 39 32 0.047836732 
778 338 94 76 0.04592169 
698 72 17 26 0.044900417 
406 90 31 43 0.04477163 
507 143 66 87 0.043148264 
782 77 15 19 0.041934583 
342 193 46 51 0.03939239 
225 97 34 37 0.03714277 
775 136 16 21 0.03681472 
464 94 49 63 0.036690865 
306 74 46 58 0.036046088 
800 99 34 40 0.034153905 
777 76 37 47 0.033974603 
273 133 31 42 0.03207614 
289 124 27 41 0.032001674 
490 125 59 80 0.031007076 
70 81 60 79 0.031006437 
643 112 16 20 0.028498199 
244 59 402 449 0.028325588 
805 83 32 37 0.027423106 
249 80 29 36 0.026398445 
746 129 29 38 0.026229689 
497 148 35 44 0.026097588 
170 113 30 36 0.025535125 
116 82 94 115 0.0254044 
293 115 47 61 0.024547897 
248 100 20 25 0.024521742 
259 109 45 58 0.02425544 
15 233 52 92 0.023627315 
-8 16 143 221 0.023620972 
330 89 31 39 0.023060778 
616 103 27 29 0.022866732 
449 29 395 443 0.022852171 
395 93 198 252 0.022314828 
146 98 51 59 0.022159196 
761 156 25 31 0.021962518 
0 55 23 39 0.02163651 
59 84 110 133 0.021573313 
755 138 40 50 0.020972531 
417 83 27 37 0.020896241 
187 90 15 19 0.020758417 
281 106 77 97 0.02057066 
233 92 46 57 0.020302648 
417 158 97 119 0.02019966 
