0_Parade_Parade_0_120
375
523 332 34 37 0.9971769 
950 305 42 49 0.9962746 
106 302 47 54 0.9924293 
45 324 23 30 0.98416936 
444 326 15 19 0.96667093 
327 314 16 20 0.9335249 
27 376 23 28 0.8414502 
488 311 23 28 0.77747244 
748 314 11 14 0.7437897 
992 230 20 30 0.73943347 
664 324 19 22 0.6976246 
627 319 14 17 0.5713663 
562 320 14 18 0.56873786 
391 333 15 17 0.5384371 
851 306 14 17 0.53025323 
699 319 14 16 0.5109632 
285 340 15 18 0.5019765 
813 302 11 14 0.46101755 
809 331 12 16 0.3846011 
13 359 16 23 0.32953662 
726 319 9 11 0.3290473 
231 336 15 21 0.31418025 
796 316 9 13 0.29618827 
209 352 21 23 0.2707238 
765 318 10 12 0.2545149 
602 395 32 33 0.22328542 
377 343 10 14 0.21608755 
836 341 16 21 0.21452802 
219 346 14 21 0.20556992 
270 337 11 15 0.20197985 
301 333 12 15 0.19545694 
977 141 12 14 0.18440974 
262 356 12 16 0.17579639 
720 317 9 11 0.17070271 
483 358 27 30 0.16593646 
600 326 11 14 0.16320364 
317 346 13 17 0.15565616 
316 291 10 12 0.15286559 
235 342 14 21 0.15144251 
859 355 13 17 0.1503308 
404 384 16 21 0.1436513 
365 358 10 13 0.14066392 
836 352 16 21 0.13864999 
824 319 12 14 0.13714911 
327 299 14 15 0.12913777 
807 337 13 18 0.12668827 
364 403 10 13 0.12504013 
914 321 18 24 0.123774074 
367 296 9 11 0.120868355 
14 364 22 28 0.120501615 
287 430 15 19 0.116260074 
225 354 14 19 0.11477932 
407 341 11 13 0.113403626 
861 302 12 15 0.112282164 
65 621 18 24 0.10237761 
0 300 8 13 0.10164612 
423 307 11 14 0.10043751 
794 313 9 11 0.09783465 
436 303 10 11 0.09781923 
777 358 10 12 0.097592354 
224 340 18 25 0.09726686 
5 300 11 13 0.09510089 
392 349 12 15 0.09391957 
733 325 9 10 0.09300254 
761 322 10 13 0.09274594 
0 337 13 18 0.090858504 
367 332 10 13 0.086402334 
908 302 14 18 0.08402212 
804 262 8 11 0.08245572 
829 276 8 11 0.0824027 
202 350 19 21 0.08036684 
830 272 8 10 0.07931098 
0 378 10 18 0.07774369 
279 338 13 17 0.07704973 
1004 347 19 26 0.07690066 
361 346 11 15 0.07685302 
1000 237 18 25 0.07654712 
255 352 13 19 0.076423466 
474 303 29 36 0.07581341 
729 322 9 12 0.0743091 
429 306 11 14 0.0735766 
2 354 17 22 0.07333862 
20 357 15 21 0.072836764 
636 298 11 15 0.07179287 
892 320 13 18 0.07093534 
310 366 11 14 0.0705456 
28 356 13 17 0.0705385 
993 339 24 34 0.07053074 
272 276 9 12 0.0693893 
364 341 11 15 0.06858115 
847 310 16 20 0.06852495 
863 297 9 11 0.06715763 
277 272 8 11 0.066209234 
780 119 13 18 0.06616565 
909 311 21 28 0.06599857 
553 476 9 13 0.06488373 
961 158 9 11 0.06477118 
903 305 13 19 0.06308745 
616 325 12 14 0.062877305 
886 323 14 18 0.062815845 
463 294 24 38 0.062200677 
945 134 7 10 0.061888687 
884 330 13 19 0.061614603 
439 425 24 29 0.060708452 
264 288 9 11 0.060137488 
805 255 8 10 0.059822626 
964 232 16 21 0.058676247 
596 501 12 15 0.05821933 
367 286 8 9 0.057541367 
372 334 10 13 0.057507195 
973 283 17 19 0.057007857 
836 333 15 19 0.05661682 
798 348 10 12 0.055508025 
235 326 14 17 0.055101722 
352 302 9 12 0.054729335 
801 256 10 11 0.054438945 
829 345 15 20 0.054379694 
781 254 8 10 0.054212835 
366 280 8 11 0.054006048 
818 150 13 15 0.053370964 
12 297 14 16 0.05221193 
718 312 10 13 0.05217678 
412 348 12 14 0.051935647 
808 248 8 10 0.05136567 
332 295 9 12 0.05062266 
896 299 9 13 0.050542515 
766 312 9 12 0.05042808 
799 239 8 9 0.05013753 
693 354 14 16 0.049942233 
265 339 10 15 0.048726257 
901 321 13 19 0.047955252 
865 340 19 26 0.047417574 
406 333 12 15 0.04734481 
343 347 12 15 0.04718818 
428 338 13 16 0.04709901 
760 395 16 18 0.046820987 
357 388 11 14 0.046087585 
793 301 8 11 0.04549077 
294 388 15 18 0.044684026 
826 327 22 27 0.044584583 
880 173 7 9 0.04374827 
557 324 16 20 0.0436672 
850 6 13 13 0.043495573 
268 286 9 11 0.042846676 
877 331 14 18 0.042588398 
713 312 9 13 0.041993298 
374 296 9 11 0.041823544 
902 215 7 9 0.041661542 
874 337 17 22 0.04162101 
598 320 11 14 0.041278232 
818 326 20 26 0.04127163 
476 341 14 17 0.041234706 
784 327 8 11 0.041153718 
267 361 13 17 0.040824983 
629 310 13 18 0.040455896 
415 309 13 16 0.040128693 
922 224 7 9 0.039762244 
346 248 8 10 0.039713565 
772 362 14 16 0.039614007 
908 326 18 25 0.039464835 
2 380 20 34 0.039113134 
1001 226 19 25 0.038911067 
701 313 11 13 0.038507186 
981 320 28 42 0.038192004 
774 318 8 11 0.037571944 
621 324 21 25 0.03748942 
815 297 10 13 0.037485547 
864 222 10 11 0.036886513 
928 208 8 10 0.03685904 
823 346 12 16 0.036810916 
988 220 17 26 0.03659389 
295 332 20 25 0.036193416 
633 295 11 14 0.03614458 
0 110 11 16 0.036059704 
898 310 20 26 0.035993926 
242 346 14 20 0.035552327 
2 347 14 19 0.03545791 
372 300 10 12 0.035457894 
720 365 12 13 0.03524173 
279 348 21 26 0.035214294 
863 336 13 20 0.035071783 
937 224 9 11 0.034970596 
797 323 11 15 0.03484828 
336 272 8 10 0.034740478 
327 286 8 11 0.034516677 
766 365 15 16 0.034412377 
198 314 11 14 0.0343869 
617 285 9 12 0.034193873 
367 305 11 14 0.034193415 
655 311 37 44 0.034032732 
826 272 9 11 0.033992488 
868 332 13 18 0.033894107 
352 285 8 11 0.03380414 
285 288 9 10 0.033740103 
843 331 15 21 0.033615638 
791 153 9 11 0.03352386 
869 223 9 10 0.03345862 
336 285 9 11 0.03345038 
711 317 9 12 0.033417333 
350 333 10 12 0.033393834 
286 399 12 14 0.03292889 
277 360 16 19 0.032847434 
6 368 15 23 0.032836366 
700 329 14 16 0.032665476 
793 296 9 11 0.032583598 
370 394 12 15 0.032578576 
967 279 29 31 0.032423913 
351 280 7 10 0.032412097 
605 296 9 11 0.032198872 
727 338 9 13 0.032193597 
817 337 20 28 0.03208157 
377 268 9 11 0.031918637 
733 334 9 13 0.031466093 
406 354 12 15 0.031370718 
19 299 15 20 0.03121161 
350 246 8 11 0.030702693 
504 562 90 130 0.030479474 
840 286 10 12 0.030429829 
792 324 9 13 0.030271325 
814 272 9 11 0.030165626 
388 50 58 59 0.029876113 
397 390 15 18 0.029698128 
726 313 9 12 0.029625382 
303 370 13 18 0.029507311 
381 295 8 11 0.029326985 
383 279 9 11 0.02916424 
934 135 8 10 0.028925115 
572 324 10 15 0.02887559 
551 321 13 19 0.028867736 
406 325 12 16 0.028865881 
867 301 12 16 0.028815808 
532 452 16 20 0.028746367 
851 327 15 22 0.02871854 
36 297 15 17 0.028605599 
842 360 14 18 0.028523982 
281 286 8 12 0.028437061 
199 358 15 19 0.028350476 
337 278 9 10 0.028091526 
304 366 11 14 0.02785905 
913 304 18 23 0.027723113 
869 318 10 13 0.027703159 
839 308 10 13 0.027523123 
966 151 9 11 0.02750964 
792 350 10 12 0.027256154 
816 315 11 13 0.02712922 
937 230 8 10 0.027069611 
2 293 18 25 0.026990214 
396 355 11 13 0.026921872 
863 324 11 15 0.026907615 
721 323 9 11 0.026797956 
813 343 13 18 0.026625209 
932 316 23 31 0.026480287 
677 279 8 10 0.026367506 
929 136 8 10 0.026350265 
470 339 24 31 0.026000958 
374 404 13 17 0.025809716 
962 153 8 10 0.025760505 
358 316 10 13 0.025707107 
891 329 13 19 0.025652632 
382 284 9 11 0.025556497 
493 296 24 36 0.025509248 
774 325 8 10 0.025420846 
373 363 10 12 0.025380943 
418 335 22 25 0.025366195 
624 310 11 14 0.02529638 
213 341 17 20 0.025295343 
927 225 7 9 0.025275191 
846 322 15 20 0.025257552 
383 334 13 15 0.025168508 
941 223 8 10 0.025085252 
951 141 7 9 0.025066063 
839 293 10 13 0.025049547 
693 342 22 27 0.025046678 
41 504 29 37 0.025022171 
905 285 9 12 0.025020588 
406 370 13 17 0.024978844 
373 342 18 23 0.024709761 
937 237 8 10 0.024699243 
22 382 18 24 0.024696793 
810 307 10 12 0.02464097 
801 247 8 10 0.02461252 
801 331 10 14 0.024558578 
986 220 34 51 0.024536364 
736 294 9 11 0.024492193 
389 284 10 12 0.024373045 
888 191 9 11 0.024269931 
852 347 14 21 0.024259115 
315 360 13 17 0.024195088 
1011 223 14 23 0.02407371 
895 309 13 18 0.023983302 
389 279 9 11 0.023949062 
293 375 22 25 0.023948569 
974 213 9 13 0.023902075 
949 136 7 10 0.023871835 
893 188 9 11 0.023859283 
360 285 9 10 0.023815278 
358 300 11 13 0.023796026 
777 304 9 10 0.023737263 
702 302 9 11 0.023686571 
326 280 8 10 0.02364346 
777 352 9 12 0.023615967 
789 354 13 16 0.023612779 
381 317 10 13 0.023536397 
806 287 9 11 0.023512617 
701 336 12 16 0.023508448 
750 286 8 10 0.023488391 
388 405 13 16 0.02347198 
321 279 10 11 0.023434607 
428 324 14 17 0.023421014 
685 355 16 18 0.023356691 
856 295 10 12 0.023276694 
352 306 11 16 0.023155576 
751 302 9 12 0.023142638 
532 466 16 18 0.023119174 
382 367 9 11 0.02302987 
864 287 7 9 0.02297829 
422 324 13 15 0.022970779 
702 286 8 10 0.022970114 
76 314 12 16 0.02291069 
720 304 8 9 0.022748508 
623 336 23 30 0.022694511 
830 311 12 14 0.022679858 
403 439 38 38 0.022608738 
330 305 20 26 0.02254801 
0 383 13 27 0.022501038 
708 334 10 12 0.022433061 
352 382 12 16 0.02238424 
399 293 12 14 0.022352852 
352 296 9 12 0.02223327 
453 315 11 18 0.022149274 
412 277 10 12 0.021979436 
264 272 9 10 0.021954939 
412 322 13 18 0.02186636 
750 320 11 14 0.021862198 
872 176 8 10 0.021852395 
463 354 14 18 0.021821132 
376 285 9 10 0.021811286 
719 340 11 14 0.021703124 
797 149 10 12 0.021690467 
766 304 8 10 0.021667693 
540 467 12 15 0.021530518 
838 301 10 12 0.021454904 
0 424 23 35 0.02142384 
402 349 22 26 0.021418259 
942 238 8 10 0.021405276 
871 215 9 11 0.021390954 
349 263 8 9 0.021377124 
108 262 12 15 0.021362567 
620 479 11 12 0.021332482 
399 372 11 15 0.02132387 
635 305 14 20 0.021255702 
864 176 9 11 0.021191 
776 311 9 11 0.02118038 
407 336 21 25 0.021093346 
362 461 12 15 0.021012207 
280 294 10 12 0.020979377 
630 293 19 26 0.020966887 
615 402 18 20 0.020940674 
333 356 12 16 0.020887794 
623 301 9 13 0.02076054 
846 285 9 11 0.020582903 
520 478 11 13 0.020574858 
896 223 10 11 0.020473387 
474 322 28 33 0.020442273 
852 358 16 20 0.020387348 
389 343 20 24 0.020384459 
960 232 12 15 0.020344539 
395 326 14 18 0.0203118 
278 241 9 10 0.02028628 
863 216 10 12 0.020239701 
361 280 9 10 0.020215733 
213 317 11 13 0.02019137 
407 376 25 32 0.020163484 
895 184 8 10 0.020037396 
683 357 24 27 0.020021416 
