0_Parade_marchingband_1_765
1077
316 305 16 19 0.9963993 
606 243 13 17 0.9962373 
452 341 17 22 0.9951167 
501 314 16 20 0.9929905 
492 367 18 22 0.9914848 
458 291 13 17 0.99003977 
307 371 19 23 0.9900068 
194 373 17 20 0.98886687 
845 372 17 22 0.98585004 
405 310 15 19 0.9852105 
248 370 18 22 0.9849076 
893 268 13 18 0.98378146 
340 266 13 17 0.9834503 
611 382 17 21 0.9828198 
397 245 12 15 0.98275524 
806 324 15 18 0.9814176 
368 369 18 22 0.9802752 
650 316 15 19 0.97971857 
538 348 16 20 0.9778217 
553 376 18 23 0.9772519 
905 382 18 23 0.97686905 
420 270 14 16 0.97542036 
113 299 17 21 0.97369486 
833 298 14 17 0.97299623 
664 210 12 16 0.9728124 
350 343 16 20 0.9727552 
428 373 17 22 0.9726668 
858 355 13 17 0.97065735 
615 295 13 18 0.9667457 
253 269 12 16 0.96637994 
286 290 13 17 0.96579295 
691 352 15 19 0.96376824 
500 264 13 17 0.963345 
368 291 14 18 0.9615441 
226 319 14 18 0.96103716 
503 233 13 16 0.960825 
648 267 13 17 0.96036875 
726 381 17 22 0.95946234 
802 253 11 15 0.9591421 
704 230 12 16 0.9576246 
621 348 15 18 0.9555556 
727 313 14 17 0.9530224 
639 234 13 16 0.95128274 
311 248 13 17 0.9508363 
583 314 14 17 0.9441633 
88 323 19 24 0.9388877 
662 377 19 21 0.9377978 
767 353 13 17 0.93663514 
769 293 15 18 0.93368554 
152 381 17 19 0.93177396 
569 235 12 15 0.9186968 
783 382 17 20 0.91371566 
688 296 13 17 0.91266066 
542 297 13 16 0.90619653 
487 190 11 13 0.90320766 
285 234 10 13 0.90272003 
541 209 12 15 0.8981085 
441 233 13 17 0.8968644 
413 214 12 14 0.89596224 
536 253 13 17 0.89009917 
655 189 10 13 0.8900681 
714 272 13 17 0.8853674 
567 201 10 14 0.8838485 
244 185 12 16 0.8834086 
630 200 11 14 0.8799194 
510 169 12 15 0.8720749 
464 249 13 16 0.8720653 
351 184 12 14 0.869151 
759 190 8 11 0.8684361 
913 289 14 19 0.86741424 
786 274 13 16 0.8660435 
763 231 11 14 0.8629073 
549 165 9 12 0.8614859 
598 165 9 11 0.8557825 
256 344 16 19 0.8532521 
397 172 12 14 0.850169 
203 222 12 15 0.8462368 
505 204 10 14 0.84406835 
457 173 11 14 0.8402759 
576 269 12 16 0.83019155 
780 222 10 13 0.8244961 
448 202 11 14 0.8209132 
384 204 10 14 0.81883943 
140 276 13 17 0.8160076 
362 229 12 16 0.8160052 
476 215 11 13 0.81302214 
521 117 19 21 0.8102409 
746 204 9 11 0.80740905 
746 252 11 15 0.798277 
420 191 9 12 0.7951019 
848 225 11 15 0.7774063 
674 246 12 16 0.76686645 
845 259 14 16 0.76290125 
331 217 11 15 0.7615089 
705 167 9 11 0.75778013 
311 204 9 12 0.7489462 
232 199 13 17 0.74802387 
259 174 11 14 0.7395612 
488 161 11 14 0.7349334 
329 173 9 12 0.7327489 
628 177 11 15 0.7250718 
601 188 11 14 0.6995418 
433 161 11 14 0.6783001 
568 172 11 14 0.6687765 
717 154 9 12 0.66168976 
345 151 9 12 0.6588063 
283 149 10 14 0.6490848 
824 181 10 14 0.62332535 
691 199 11 14 0.604972 
173 258 13 16 0.60184884 
834 205 11 13 0.58592695 
578 132 17 19 0.58510256 
873 248 11 15 0.5653673 
541 186 12 15 0.5644575 
271 160 11 15 0.558176 
628 150 13 15 0.538609 
658 166 8 10 0.5363651 
681 128 16 18 0.5263231 
606 209 11 15 0.521709 
464 146 9 12 0.5158096 
589 294 11 15 0.5071832 
725 215 10 13 0.49981222 
624 129 18 20 0.49533153 
309 129 11 14 0.47086468 
733 182 9 12 0.46487516 
528 293 13 16 0.44076002 
681 182 9 12 0.43062115 
679 154 10 13 0.381737 
237 275 11 14 0.34322104 
187 244 11 14 0.3418894 
738 160 10 12 0.34037128 
688 233 11 14 0.3386745 
482 338 14 18 0.33548743 
596 129 11 15 0.33175853 
438 189 10 13 0.3070942 
712 192 10 12 0.30037057 
367 162 10 13 0.29624385 
349 297 13 16 0.28982607 
492 217 13 16 0.2798787 
135 308 15 19 0.27957135 
409 151 8 11 0.27699748 
463 114 13 15 0.27302128 
639 167 9 11 0.2721643 
464 200 11 14 0.26468745 
478 285 13 18 0.2637717 
727 252 11 14 0.2628678 
782 318 12 15 0.26099026 
472 179 9 12 0.25814182 
721 217 11 15 0.25528076 
763 270 14 17 0.2521254 
717 192 9 11 0.24532206 
739 341 13 18 0.24114479 
749 314 15 17 0.23464665 
360 167 10 12 0.22710887 
437 309 14 18 0.224037 
804 158 10 13 0.22139321 
818 353 13 19 0.22108199 
613 214 11 13 0.22010107 
433 197 11 13 0.21583253 
811 359 13 19 0.21490103 
677 197 10 14 0.21301042 
523 146 13 16 0.21299368 
428 135 11 13 0.21268277 
790 150 9 11 0.2075129 
931 348 11 15 0.20629889 
804 361 16 21 0.20424587 
772 126 11 13 0.20217602 
834 210 12 15 0.20015256 
372 159 10 13 0.19805717 
300 143 9 12 0.19528238 
623 324 13 17 0.18981154 
487 250 13 15 0.18898669 
388 290 14 18 0.18848501 
616 192 11 12 0.18481809 
469 199 11 14 0.1818307 
781 141 9 10 0.18055709 
469 148 12 15 0.17871594 
572 149 12 15 0.17830527 
121 379 12 17 0.17791985 
452 199 11 15 0.17726581 
588 129 14 18 0.16722742 
526 226 11 14 0.16361469 
150 334 12 14 0.16253664 
863 229 10 13 0.15786456 
415 250 12 14 0.15681848 
581 167 11 13 0.15430343 
749 236 11 13 0.15393879 
587 227 12 15 0.15241386 
525 204 11 15 0.15001906 
573 297 13 18 0.1496184 
367 190 9 13 0.14858893 
864 293 11 14 0.1451131 
281 231 10 14 0.14429522 
597 291 13 17 0.14420171 
461 176 11 14 0.14330696 
320 231 12 13 0.14212567 
164 348 14 17 0.14128874 
204 272 12 14 0.1403829 
778 209 8 9 0.13952883 
255 221 10 13 0.13659377 
545 211 13 16 0.1363706 
693 137 13 15 0.13617879 
831 235 10 12 0.13562742 
398 204 10 14 0.13401358 
168 326 11 15 0.13373968 
584 202 12 15 0.13227914 
733 269 12 15 0.13167803 
683 134 18 19 0.13141122 
323 235 11 13 0.13003273 
200 255 10 12 0.12979896 
571 197 11 15 0.12912199 
477 126 12 15 0.12898088 
389 330 15 19 0.12545508 
689 173 11 13 0.12468778 
719 260 12 15 0.1246366 
594 165 9 12 0.12430944 
775 133 10 12 0.12304631 
635 199 11 13 0.1213432 
933 313 17 20 0.12113967 
633 131 15 18 0.12045831 
416 196 10 12 0.120199464 
233 271 9 13 0.11993134 
455 235 10 14 0.11835678 
295 220 10 13 0.11753286 
217 301 9 12 0.117502645 
878 270 10 13 0.11387145 
257 245 9 12 0.113737956 
286 205 8 11 0.11338291 
477 175 11 15 0.11273653 
283 333 12 16 0.11098077 
367 269 12 16 0.11080886 
822 255 10 14 0.10969846 
733 288 16 18 0.10918209 
462 229 12 14 0.10886034 
263 240 8 12 0.10856043 
375 268 12 16 0.10620027 
703 200 8 10 0.10572676 
389 187 11 13 0.10557772 
760 145 9 11 0.10548743 
286 276 11 14 0.10466478 
365 181 9 11 0.10428321 
853 361 15 18 0.10369583 
423 174 10 12 0.1033286 
796 306 13 15 0.10316358 
334 180 10 12 0.10297678 
568 331 13 17 0.10277638 
717 251 13 16 0.10254572 
318 151 10 12 0.10207678 
421 157 10 13 0.10204798 
703 205 9 11 0.10202257 
173 282 12 14 0.101359025 
303 189 9 13 0.10065704 
740 182 10 13 0.09996138 
481 190 10 13 0.09966892 
829 253 11 14 0.09905918 
222 267 10 13 0.09897405 
446 268 12 16 0.09832155 
837 348 15 21 0.09819213 
415 157 11 11 0.096130714 
677 188 11 14 0.09521932 
174 316 12 15 0.09480072 
807 182 9 12 0.09462123 
769 158 10 12 0.094320185 
530 128 17 19 0.0942897 
536 206 13 15 0.09343028 
817 258 11 14 0.09299466 
781 215 9 12 0.092865795 
304 164 8 11 0.09256674 
366 137 11 15 0.09250596 
414 124 13 15 0.092369564 
270 275 11 14 0.09203208 
301 452 13 17 0.0918818 
645 213 11 14 0.09131058 
534 158 10 12 0.09088377 
472 158 10 11 0.09011022 
422 316 13 16 0.08928931 
302 159 9 12 0.08914675 
262 165 12 15 0.08865417 
610 206 13 15 0.08854226 
443 187 12 14 0.08795966 
537 181 11 14 0.08764583 
637 173 11 14 0.08684616 
487 214 11 13 0.086786985 
704 191 9 11 0.08647181 
468 289 13 19 0.08644284 
407 202 11 13 0.08632734 
412 152 11 13 0.08630844 
347 110 13 15 0.08558821 
655 349 13 16 0.08484169 
356 132 14 17 0.08467204 
279 188 9 11 0.08465911 
718 173 10 13 0.08411103 
695 283 13 14 0.08320346 
383 187 11 13 0.083114386 
302 290 13 16 0.08281323 
477 207 11 13 0.08273348 
455 168 10 13 0.08264626 
588 232 12 18 0.08247229 
380 260 15 19 0.0822519 
205 260 10 12 0.08174232 
196 294 10 13 0.081286006 
476 149 13 15 0.08113036 
863 325 11 16 0.08013403 
732 216 10 11 0.07988641 
726 208 9 11 0.07945798 
438 270 11 15 0.07928256 
839 251 14 19 0.077815995 
431 292 12 15 0.07715888 
455 141 10 13 0.07689921 
364 222 12 15 0.07662776 
533 296 13 16 0.07506086 
725 230 9 12 0.07505621 
745 235 10 14 0.07503218 
831 247 10 13 0.07502871 
398 158 9 12 0.07478894 
392 182 10 13 0.07478402 
751 290 12 15 0.07472042 
720 209 8 10 0.07461792 
294 215 9 12 0.07445187 
523 236 12 17 0.0740332 
382 253 13 15 0.07389268 
261 198 9 13 0.073190235 
429 179 11 14 0.07317898 
272 221 9 13 0.0730864 
694 277 12 14 0.07297685 
294 174 8 11 0.07290411 
804 300 13 16 0.072352566 
696 180 11 14 0.07206018 
305 199 9 11 0.07147095 
838 247 11 14 0.07134139 
735 199 8 11 0.07106371 
735 187 8 11 0.070456214 
430 299 12 15 0.06939382 
599 207 12 14 0.068877965 
735 175 10 12 0.06887384 
279 274 12 14 0.068853214 
334 167 9 11 0.06883155 
532 226 12 15 0.06879651 
750 299 12 15 0.06819739 
372 329 14 19 0.06816807 
642 130 13 18 0.06789183 
786 148 9 12 0.06756033 
271 245 9 13 0.06742021 
621 215 9 12 0.0672429 
715 324 12 14 0.06721002 
628 286 11 14 0.06701227 
755 285 13 17 0.066308774 
791 154 10 12 0.066178165 
811 317 14 19 0.065603085 
318 183 8 11 0.06538388 
355 126 12 15 0.06531617 
431 214 11 13 0.06524966 
622 266 12 15 0.06488349 
342 168 9 11 0.06487317 
421 182 11 12 0.064750515 
291 230 11 14 0.06424646 
535 174 11 14 0.06402961 
506 209 13 16 0.063557886 
544 159 11 13 0.063209824 
582 295 13 18 0.06291508 
887 300 9 13 0.062893145 
713 214 9 12 0.06256715 
375 190 10 13 0.0625617 
467 109 14 16 0.062393803 
713 331 15 16 0.06188209 
391 168 11 13 0.061754614 
475 104 16 18 0.061332148 
706 336 16 19 0.06128061 
222 245 10 12 0.061244387 
318 188 9 12 0.061187234 
633 233 11 16 0.061133765 
462 120 14 18 0.060911927 
673 151 9 12 0.06086974 
636 156 13 15 0.060763046 
427 453 13 16 0.060710307 
443 273 13 17 0.0606207 
869 277 11 14 0.060619723 
406 283 13 16 0.060480677 
279 199 10 12 0.060440972 
413 118 11 13 0.060428813 
413 206 12 14 0.06023622 
334 362 14 19 0.059662376 
774 330 13 17 0.059474457 
831 377 12 17 0.0591028 
766 288 14 17 0.058722973 
249 222 9 12 0.058671933 
590 200 11 14 0.058528066 
217 245 10 11 0.05819815 
345 183 10 13 0.058123898 
689 168 9 12 0.058106862 
814 310 12 15 0.058029898 
351 311 13 18 0.05726372 
787 315 13 17 0.05711396 
731 246 11 14 0.057058208 
236 341 13 18 0.05699358 
574 167 12 15 0.056848157 
420 151 11 13 0.056704916 
557 290 13 17 0.056569967 
240 230 10 12 0.05647409 
354 296 16 18 0.056330666 
646 206 9 11 0.0562691 
420 218 11 13 0.055899844 
472 163 10 13 0.055665128 
589 259 13 17 0.05558604 
815 207 9 11 0.05543551 
180 316 12 15 0.055400502 
591 361 12 17 0.05534512 
510 356 14 19 0.05531514 
150 349 12 17 0.05521941 
300 221 10 13 0.054652795 
384 167 10 12 0.054432955 
209 347 12 18 0.054273576 
431 191 11 13 0.054264642 
167 318 11 14 0.054232843 
276 223 9 11 0.054115523 
408 356 13 18 0.05395294 
687 269 12 16 0.053946465 
781 252 12 16 0.053924847 
652 253 13 14 0.053869005 
647 181 11 13 0.05384776 
795 460 12 14 0.05348979 
437 215 10 13 0.053257056 
662 263 11 14 0.053024277 
239 222 8 10 0.052989792 
732 374 14 18 0.05289579 
593 255 10 13 0.052784476 
485 124 13 15 0.052708607 
246 238 8 11 0.052657716 
157 347 15 19 0.052640896 
446 164 9 13 0.052554574 
624 197 12 15 0.052543126 
606 291 14 18 0.052495748 
831 276 11 14 0.052281156 
510 301 11 14 0.052238554 
774 237 10 12 0.052029338 
342 213 10 13 0.0519685 
760 224 11 12 0.051586803 
556 284 12 15 0.05143938 
697 348 14 20 0.051350378 
162 466 16 18 0.051310427 
381 291 13 17 0.051116306 
423 137 13 16 0.051112704 
374 249 13 15 0.05104641 
148 445 16 17 0.050949007 
462 221 11 13 0.050915908 
692 267 14 17 0.05087675 
774 269 10 15 0.05079791 
485 235 12 15 0.05079753 
614 171 13 15 0.050761033 
678 215 10 12 0.050752964 
798 222 8 10 0.050700817 
430 173 10 13 0.050598133 
255 251 10 13 0.050478138 
383 173 10 12 0.050443362 
448 138 12 15 0.050427724 
542 173 11 13 0.050002784 
493 300 12 16 0.04996226 
540 194 14 17 0.04982259 
191 269 10 14 0.04970568 
792 237 10 12 0.049055874 
700 318 11 14 0.048999947 
289 214 9 12 0.048659083 
344 298 12 18 0.04857998 
517 315 11 15 0.048533887 
311 183 8 11 0.048463624 
615 328 14 17 0.04845347 
364 474 15 19 0.048380196 
735 204 8 11 0.048190273 
685 245 11 14 0.04817618 
372 218 11 14 0.04815052 
469 121 14 18 0.048139494 
532 150 12 14 0.048121873 
384 234 12 16 0.048001032 
661 172 10 12 0.047981467 
342 205 10 13 0.0478782 
487 228 11 14 0.04743688 
582 178 10 13 0.04742359 
334 198 11 14 0.04739851 
708 223 11 14 0.04732084 
182 322 11 14 0.04727404 
597 226 12 17 0.047250766 
515 251 13 16 0.047018792 
864 276 11 15 0.04697055 
914 381 14 18 0.046966657 
635 390 12 15 0.04686461 
597 357 11 16 0.046853516 
360 160 10 11 0.04649197 
621 230 13 16 0.046439976 
406 178 10 13 0.046421133 
363 172 11 15 0.046112448 
798 214 8 10 0.04610586 
388 199 11 14 0.046098415 
286 200 9 11 0.046063423 
240 236 9 11 0.045993067 
777 227 11 13 0.04594574 
749 200 9 11 0.045607835 
491 193 12 15 0.04544028 
237 282 12 14 0.045415383 
213 389 14 18 0.045399245 
726 270 11 15 0.04532147 
703 213 11 13 0.045275968 
719 236 11 13 0.045171127 
790 300 13 16 0.04517057 
492 183 13 15 0.045117382 
710 171 10 14 0.045101542 
263 302 11 14 0.045071322 
603 183 12 14 0.04502458 
695 230 11 14 0.044913907 
189 249 12 16 0.044900756 
222 287 9 12 0.044800397 
683 156 12 14 0.044758134 
864 286 12 14 0.044574026 
528 155 11 13 0.044573884 
533 164 10 12 0.04435688 
271 238 9 13 0.044342503 
217 295 9 12 0.04410445 
308 286 13 17 0.04399867 
509 477 11 16 0.043964833 
725 258 11 14 0.043806754 
487 464 12 17 0.04378977 
775 193 9 10 0.04378003 
528 165 11 13 0.04374191 
602 363 15 18 0.043680843 
398 477 10 14 0.043599546 
774 165 8 11 0.043448534 
790 307 12 16 0.04333162 
424 235 11 13 0.043241937 
690 302 14 18 0.043133136 
767 150 10 12 0.043095194 
230 247 9 12 0.04309316 
413 261 15 18 0.042962387 
180 310 11 14 0.042867906 
367 453 13 16 0.042852048 
572 242 12 16 0.042783827 
741 188 9 11 0.042606585 
417 186 16 21 0.042269956 
653 229 11 15 0.04223653 
328 198 11 15 0.042176183 
677 229 13 15 0.042175837 
326 155 10 12 0.04217313 
430 247 11 14 0.042029534 
769 358 15 19 0.042005002 
765 191 8 11 0.04189173 
533 196 13 16 0.041681863 
289 220 11 14 0.041665446 
679 176 11 13 0.04151362 
450 266 14 16 0.041407548 
662 183 10 12 0.04111437 
259 273 12 17 0.04092646 
565 292 14 20 0.040771373 
546 185 14 17 0.040660415 
309 165 9 11 0.04030916 
712 250 12 15 0.040046293 
490 121 15 17 0.040019672 
739 284 14 18 0.039884966 
368 214 11 14 0.039838802 
-27 268 421 420 0.03973283 
215 287 10 11 0.039704815 
431 202 12 14 0.039566234 
245 229 9 11 0.03951503 
575 191 10 13 0.039504964 
211 352 15 18 0.03946643 
630 388 12 16 0.039462913 
315 198 11 14 0.039294954 
420 119 11 11 0.039256547 
575 125 16 18 0.039190054 
777 175 8 11 0.039185904 
595 159 17 23 0.039125856 
207 340 12 15 0.03910009 
783 175 8 10 0.039071828 
309 138 11 14 0.03899842 
629 250 12 15 0.03868838 
821 485 16 15 0.03866593 
300 330 15 18 0.038622227 
239 245 9 12 0.038609922 
192 260 10 13 0.03847433 
818 316 13 17 0.038291268 
479 244 10 14 0.038174946 
519 222 11 14 0.03811188 
716 244 13 17 0.03799462 
272 229 9 12 0.03791564 
337 188 10 13 0.037784062 
428 313 14 19 0.037683662 
548 218 13 15 0.037634432 
256 168 18 23 0.037543263 
408 116 10 11 0.037490126 
417 165 10 12 0.037478033 
320 350 10 14 0.037423182 
273 205 9 11 0.03741892 
287 353 13 16 0.037396926 
180 251 12 17 0.037374496 
734 154 19 23 0.03729712 
276 156 11 15 0.037286825 
822 224 9 11 0.03728291 
669 173 12 14 0.03725145 
676 236 12 15 0.037163477 
271 251 12 15 0.037116118 
813 234 12 15 0.037075058 
423 298 12 17 0.036988135 
645 174 10 13 0.036739063 
905 332 9 12 0.036711298 
326 169 18 22 0.036670815 
613 376 14 17 0.036343567 
700 277 11 14 0.03631634 
265 158 13 15 0.036282893 
790 176 9 10 0.036047358 
609 239 14 17 0.03600354 
716 164 12 14 0.035989262 
278 214 9 12 0.035977334 
143 332 13 17 0.035757072 
388 208 11 15 0.035696544 
580 246 12 15 0.035673235 
653 184 17 22 0.03564904 
692 245 12 13 0.03564694 
566 168 18 23 0.03557622 
349 247 13 14 0.035468817 
527 172 11 14 0.0354553 
293 444 15 20 0.035325453 
311 174 8 10 0.035306346 
696 189 9 13 0.035282325 
823 195 9 11 0.035244644 
717 182 10 11 0.03522775 
905 357 11 14 0.035169482 
797 367 15 21 0.035116497 
458 147 9 11 0.035092287 
808 235 11 13 0.035067763 
305 455 14 19 0.034976233 
221 292 11 14 0.034916766 
302 236 11 13 0.034832515 
862 270 11 14 0.034810297 
493 308 15 19 0.034771964 
207 303 9 11 0.03472846 
816 224 10 11 0.03440387 
165 72 25 29 0.03427309 
891 298 12 15 0.034215346 
711 208 9 10 0.03419652 
687 252 10 14 0.034187444 
366 323 15 20 0.034167815 
261 214 11 14 0.034156807 
324 354 13 17 0.034128826 
669 166 11 13 0.0341267 
675 315 14 17 0.034126617 
232 284 10 13 0.034054086 
728 176 9 12 0.0340351 
868 331 11 16 0.034029137 
501 460 14 18 0.033880785 
645 219 12 14 0.033868663 
219 299 12 16 0.03377372 
656 170 10 13 0.033598196 
844 298 11 15 0.03331749 
518 242 13 16 0.03322244 
714 338 16 20 0.03321294 
545 159 17 23 0.033190712 
374 149 9 12 0.033180684 
790 221 9 11 0.033178486 
570 346 16 21 0.033127777 
327 253 11 15 0.033118874 
786 376 17 19 0.033072982 
728 199 9 10 0.033026583 
258 335 14 18 0.033003923 
183 239 18 23 0.03299389 
627 317 13 18 0.032966055 
773 151 10 12 0.032912258 
730 319 14 18 0.0328794 
599 298 12 17 0.032769997 
816 229 11 14 0.03270535 
399 199 9 13 0.032630462 
515 461 18 21 0.03260749 
175 355 11 15 0.032587796 
335 158 9 11 0.03257889 
171 349 11 15 0.032562505 
506 198 13 16 0.032463424 
332 251 13 16 0.032436304 
815 274 11 14 0.032420877 
574 177 11 14 0.032272205 
278 144 18 23 0.03224543 
248 453 11 13 0.03217696 
341 197 10 13 0.0321629 
517 156 11 13 0.031995982 
579 264 15 18 0.031976916 
326 268 13 15 0.031953245 
192 339 12 15 0.031951807 
542 322 13 18 0.031942442 
207 308 10 13 0.03192403 
783 168 7 9 0.03191265 
772 336 14 20 0.031821474 
614 227 14 17 0.031706065 
566 275 11 14 0.03167634 
673 193 9 11 0.03164606 
357 480 16 18 0.031631373 
925 373 9 12 0.03161344 
918 334 9 11 0.031573903 
908 376 14 18 0.031491876 
342 304 13 19 0.03139755 
205 282 11 14 0.031397093 
190 322 11 15 0.031190857 
454 160 9 11 0.031161232 
738 363 14 19 0.031158345 
838 235 9 11 0.031148508 
629 330 13 16 0.031043869 
486 206 11 13 0.031038767 
215 262 10 12 0.030997494 
518 268 12 14 0.03089739 
756 386 16 22 0.030786088 
838 221 10 13 0.030742696 
291 275 12 17 0.030734925 
567 153 11 15 0.03070432 
620 283 15 18 0.030642949 
775 259 12 15 0.030608451 
701 266 14 18 0.03058434 
298 156 9 13 0.03058024 
347 154 11 13 0.030579282 
437 285 12 16 0.030516367 
492 246 12 15 0.030453915 
268 138 15 16 0.030386008 
286 187 10 12 0.030361423 
456 108 11 14 0.030341556 
636 338 12 16 0.030289171 
294 268 11 15 0.030249914 
743 199 17 22 0.030231904 
662 233 12 17 0.030174479 
343 235 11 13 0.030119795 
460 523 12 15 0.030090485 
768 119 22 24 0.030083148 
345 261 13 17 0.030080685 
603 164 12 14 0.030039053 
415 174 10 12 0.02999705 
510 160 11 13 0.02999155 
647 371 14 19 0.029858137 
851 265 12 16 0.029839724 
877 333 12 15 0.029813094 
658 315 13 18 0.029812155 
523 313 15 18 0.02972547 
837 340 13 17 0.029676486 
854 309 10 14 0.02956792 
670 231 11 14 0.029548053 
878 293 12 16 0.02946579 
847 317 13 16 0.029370034 
191 226 11 15 0.029030597 
686 330 13 17 0.02901664 
374 196 10 13 0.029014772 
825 245 10 12 0.028941019 
886 319 10 13 0.02888329 
852 320 13 17 0.028882045 
580 190 10 12 0.02884139 
629 264 13 17 0.028840521 
262 226 10 13 0.02872762 
815 200 8 10 0.028653115 
426 262 14 18 0.028579269 
672 180 11 13 0.028538303 
557 186 13 16 0.02849197 
799 197 8 10 0.028474335 
401 150 8 11 0.02844726 
864 262 9 12 0.028324073 
350 379 12 16 0.028314585 
879 340 11 13 0.028250385 
461 214 11 13 0.02818863 
703 332 13 18 0.028175632 
661 161 10 11 0.028151235 
728 187 9 12 0.028089814 
199 285 10 13 0.02801096 
662 196 10 13 0.027947184 
455 251 12 15 0.027900042 
656 211 12 16 0.02783615 
487 306 14 18 0.02781265 
764 341 15 19 0.027807415 
381 330 14 19 0.027785188 
413 426 24 27 0.027693441 
398 229 12 14 0.027671805 
419 354 15 18 0.02764113 
352 175 11 13 0.027640514 
694 322 13 16 0.02761205 
310 188 10 13 0.027604092 
929 330 11 14 0.02759603 
196 323 10 14 0.027589178 
257 203 11 13 0.027586838 
394 336 16 20 0.027584106 
806 388 12 16 0.027545834 
222 239 8 11 0.027527718 
465 156 9 12 0.02752741 
222 250 10 14 0.027487366 
652 361 14 19 0.027486669 
559 228 12 16 0.027480219 
542 330 13 19 0.027446954 
645 395 14 17 0.027443534 
599 221 11 14 0.027395546 
416 182 9 12 0.027369317 
518 210 12 15 0.027320515 
273 188 11 13 0.027315091 
783 311 12 15 0.027299702 
266 398 17 19 0.02727106 
801 192 8 9 0.02726402 
654 291 12 14 0.027251236 
295 330 12 17 0.02723732 
357 196 11 14 0.027222885 
543 226 232 226 0.027162528 
691 125 13 17 0.02709636 
695 167 9 11 0.027082775 
808 206 10 12 0.027073987 
753 148 9 12 0.027001409 
836 284 13 16 0.026923506 
461 167 11 15 0.02692131 
775 244 11 13 0.026901266 
779 123 14 16 0.02689228 
571 362 15 20 0.026890572 
216 253 9 12 0.026868895 
916 308 11 14 0.026856992 
234 317 14 17 0.026791925 
551 226 12 15 0.02674126 
402 250 13 16 0.02669053 
171 331 11 14 0.026679685 
527 179 11 14 0.026650162 
409 125 11 13 0.0266485 
228 353 14 18 0.026619945 
477 195 11 14 0.026579356 
698 135 10 13 0.026539322 
148 446 25 27 0.026536703 
908 362 13 15 0.026513461 
475 115 15 17 0.026386756 
699 290 13 17 0.026343528 
517 339 14 17 0.026329782 
352 168 10 11 0.026284479 
806 152 9 11 0.02613313 
234 220 9 11 0.026096383 
559 277 12 15 0.026076134 
231 298 12 15 0.026065774 
759 261 12 15 0.026024725 
754 318 15 19 0.025951704 
780 236 12 13 0.025927624 
939 452 14 14 0.025926474 
154 451 27 31 0.02585631 
231 346 14 17 0.025817873 
807 230 10 13 0.025756454 
710 317 13 16 0.025756119 
599 308 11 15 0.025721934 
667 290 14 17 0.025624074 
420 246 13 15 0.025602803 
390 535 12 14 0.025602004 
634 149 12 15 0.025596965 
676 339 14 18 0.025591122 
844 248 11 13 0.025561668 
461 142 18 23 0.025517527 
749 211 10 13 0.025505627 
782 279 13 17 0.025489798 
431 29 57 66 0.025430089 
261 189 10 14 0.025421897 
429 228 12 16 0.025398035 
248 256 8 10 0.025392048 
468 324 12 17 0.025387198 
733 235 13 15 0.025371712 
477 342 17 23 0.025364684 
659 352 13 18 0.02535885 
295 207 9 11 0.025250824 
548 331 14 18 0.025232272 
445 221 11 14 0.025203655 
270 182 11 13 0.025139516 
478 162 12 16 0.025075708 
499 187 13 16 0.025065226 
389 237 12 15 0.02504324 
479 237 11 15 0.025041215 
446 207 13 16 0.025021799 
849 254 14 16 0.0249771 
307 199 19 23 0.024962256 
194 431 19 21 0.024945531 
819 323 12 16 0.024883196 
777 217 16 22 0.024859315 
865 252 10 13 0.02485556 
234 271 20 23 0.024854379 
227 312 14 17 0.02484925 
417 151 19 23 0.024808852 
272 214 9 12 0.024785168 
756 183 18 25 0.02476267 
392 157 11 14 0.024757234 
699 299 12 16 0.02474115 
296 197 8 12 0.024696104 
795 276 11 13 0.024694592 
422 309 12 16 0.02465212 
486 157 19 22 0.02462226 
368 154 18 22 0.024603052 
467 227 13 16 0.024557916 
178 292 12 15 0.02454378 
480 146 21 23 0.024517676 
216 206 10 12 0.024483783 
269 259 10 13 0.024436003 
254 307 12 15 0.024420673 
134 331 12 15 0.024415633 
605 285 13 17 0.024393732 
341 252 14 16 0.02439151 
591 210 11 14 0.024367109 
455 221 12 14 0.024291258 
576 250 12 14 0.024274223 
404 229 12 15 0.02425104 
580 362 14 18 0.024231885 
323 274 14 15 0.024205856 
828 347 14 20 0.02420483 
519 199 11 13 0.024185877 
774 133 22 24 0.024183687 
257 167 11 14 0.024166578 
405 166 11 14 0.02415765 
507 459 15 19 0.024090417 
538 247 15 18 0.024076695 
791 261 12 15 0.024050362 
312 101 13 16 0.024044294 
399 117 10 12 0.024003377 
870 258 11 14 0.023938194 
719 316 12 16 0.023936521 
477 266 12 14 0.023874102 
670 339 13 17 0.023865923 
194 299 10 13 0.02384848 
768 195 8 11 0.023833517 
578 144 15 18 0.023832688 
768 460 12 14 0.0238209 
926 301 12 15 0.02381703 
590 181 10 12 0.02379467 
606 216 13 15 0.023783771 
435 301 14 17 0.023779543 
342 144 18 23 0.023741938 
387 260 12 16 0.023728965 
684 121 13 14 0.023714183 
837 278 11 12 0.023681201 
410 122 23 24 0.023648074 
735 458 14 18 0.023530195 
821 269 13 15 0.02351774 
669 316 12 16 0.023497403 
159 326 10 14 0.023479767 
301 315 12 15 0.023474103 
433 184 19 23 0.023411103 
303 213 9 12 0.023402242 
615 180 12 14 0.023399495 
305 126 19 23 0.02339038 
405 45 94 113 0.023325738 
821 228 12 15 0.023315279 
358 204 12 14 0.023286697 
285 79 30 31 0.023283172 
175 235 11 15 0.023283042 
248 263 10 13 0.023282526 
391 251 11 14 0.023247305 
550 236 12 16 0.023183446 
708 344 16 20 0.023162507 
168 277 13 17 0.02314626 
562 203 11 15 0.023145948 
549 276 13 15 0.023118118 
858 224 19 24 0.02310836 
348 62 119 145 0.023086693 
471 128 14 17 0.023073621 
824 235 11 15 0.023062529 
683 148 13 15 0.023057781 
479 226 11 16 0.023052411 
736 321 212 233 0.022983119 
174 362 14 18 0.022980088 
747 385 15 22 0.02294178 
871 270 10 13 0.022913529 
596 261 11 14 0.022910284 
186 419 23 27 0.022849206 
691 250 13 16 0.022848645 
829 330 13 15 0.022814265 
346 539 11 14 0.022771705 
490 459 17 21 0.022758076 
335 108 12 15 0.022755032 
743 314 13 17 0.022742014 
563 284 12 16 0.022741271 
683 337 15 20 0.022704417 
396 284 14 18 0.022683362 
765 143 10 11 0.022625543 
251 188 12 16 0.022625202 
516 346 15 19 0.02255377 
454 189 11 13 0.022502398 
325 364 15 20 0.022485001 
676 342 20 25 0.022483282 
627 342 14 18 0.022451328 
216 269 9 12 0.022429613 
380 314 13 16 0.022402743 
534 342 16 21 0.022396857 
822 207 9 13 0.022381235 
928 338 18 25 0.022336133 
797 151 11 13 0.022308182 
895 310 10 12 0.02228497 
686 261 12 15 0.022275548 
340 219 11 14 0.022150157 
599 237 13 17 0.022137761 
947 384 17 18 0.022087593 
313 157 10 13 0.02208564 
828 270 10 14 0.022078738 
821 176 17 24 0.022037042 
744 210 10 13 0.021938296 
752 268 13 16 0.021934502 
248 272 12 17 0.021931345 
782 197 8 10 0.021925777 
470 277 14 17 0.02185425 
558 167 10 13 0.021823345 
143 435 25 29 0.021821102 
493 292 12 15 0.021756731 
661 290 14 16 0.021748917 
403 289 16 19 0.021729955 
172 341 10 14 0.021690615 
247 244 9 12 0.021687238 
167 79 14 18 0.021583699 
879 348 10 13 0.021576978 
527 188 10 13 0.02157127 
371 139 10 15 0.021561055 
93 412 14 16 0.021560518 
972 364 29 31 0.021546178 
221 354 13 18 0.021542987 
533 315 12 17 0.02146639 
437 459 15 19 0.021453211 
742 220 10 12 0.021445006 
342 244 13 17 0.021433711 
571 337 13 18 0.021415254 
166 291 14 18 0.021401292 
678 285 12 15 0.02135772 
797 293 14 16 0.021339808 
764 261 14 16 0.021316722 
559 156 12 15 0.0213115 
317 130 11 14 0.021307595 
441 107 15 17 0.021278324 
316 212 11 13 0.021277877 
653 299 15 18 0.021262674 
244 340 15 18 0.021233732 
379 204 10 14 0.021219399 
411 369 23 25 0.021218441 
797 356 17 22 0.021196067 
740 174 9 12 0.021154104 
546 340 15 20 0.021153787 
212 276 11 14 0.021138418 
365 203 12 15 0.021119207 
589 171 12 15 0.021109834 
461 128 14 18 0.021106947 
728 139 13 16 0.021096101 
493 227 13 17 0.021091782 
604 194 14 15 0.021070557 
796 316 14 18 0.021062812 
595 314 13 17 0.021048665 
499 219 13 16 0.021046698 
451 409 17 20 0.021004483 
469 234 12 16 0.020922773 
917 342 11 14 0.020898573 
510 219 12 16 0.02089345 
738 380 13 20 0.020864826 
796 268 11 14 0.020835327 
768 175 9 11 0.020779599 
675 150 19 22 0.020757595 
834 431 19 21 0.020717923 
784 141 21 25 0.020687774 
304 183 9 13 0.0206719 
380 242 15 18 0.020649124 
364 534 14 16 0.020648632 
915 356 11 14 0.020593885 
197 247 10 12 0.020527031 
255 177 12 16 0.020506103 
473 190 10 14 0.02050367 
654 160 18 23 0.020501366 
694 340 13 18 0.020478683 
273 198 9 13 0.020449482 
349 139 13 16 0.020435005 
349 204 11 14 0.020371618 
155 339 14 18 0.020370103 
726 291 14 16 0.020354345 
581 120 13 16 0.020336654 
174 377 12 16 0.020313649 
561 171 10 13 0.020287227 
180 299 11 14 0.020280264 
844 353 15 18 0.020264318 
654 285 11 14 0.020203117 
250 458 13 18 0.02019139 
732 298 16 19 0.02017404 
654 369 19 25 0.020159237 
532 232 13 17 0.020153139 
684 190 12 14 0.020152291 
409 217 12 15 0.020142449 
246 474 13 20 0.020131731 
313 124 13 17 0.020124227 
482 101 13 16 0.020122467 
484 278 13 16 0.020109639 
918 374 12 16 0.020082869 
878 323 12 14 0.020049041 
297 166 9 11 0.0200331 
248 215 9 12 0.020011 
