0_Parade_marchingband_1_476
369
744 178 49 63 0.998743 
590 169 27 34 0.99854386 
676 162 32 36 0.9971052 
518 174 23 31 0.9966158 
857 101 36 42 0.99660146 
282 255 24 37 0.9960372 
452 221 30 34 0.995109 
794 126 47 55 0.9936051 
612 200 37 50 0.9915911 
430 190 21 27 0.97888076 
421 275 37 51 0.9711978 
352 225 20 27 0.9677128 
204 249 22 32 0.960527 
335 264 26 44 0.95775324 
314 217 18 25 0.93396693 
385 221 20 28 0.9273449 
325 143 13 18 0.9250142 
400 200 23 29 0.90649337 
264 178 11 15 0.8988453 
644 58 12 16 0.88129073 
489 192 24 30 0.88016075 
222 190 14 17 0.8263335 
242 257 20 31 0.81874466 
575 160 16 23 0.79003656 
73 254 22 27 0.7679209 
406 136 13 16 0.74816936 
711 52 12 15 0.7343097 
58 231 15 22 0.7229794 
175 185 13 17 0.7136833 
582 93 12 15 0.6293729 
199 178 13 18 0.5725193 
477 118 13 15 0.49665007 
736 37 12 16 0.44054028 
612 19 9 12 0.42820644 
696 69 9 12 0.41421482 
155 199 17 19 0.40562618 
351 151 12 14 0.39516565 
374 142 9 13 0.36914948 
392 136 10 12 0.33246344 
528 102 8 10 0.33219722 
566 103 10 13 0.3172109 
861 1 17 17 0.29532883 
503 117 10 13 0.29377273 
486 191 13 15 0.28980184 
581 161 26 33 0.28688392 
693 63 12 14 0.28669107 
612 70 12 15 0.2831899 
246 188 11 14 0.27618495 
247 181 11 15 0.25553197 
761 14 11 12 0.25072315 
312 164 12 14 0.24868184 
537 89 8 10 0.24300705 
562 87 8 10 0.21790701 
367 141 10 14 0.210267 
679 43 11 13 0.2087854 
485 119 10 13 0.2072999 
745 94 13 18 0.20422976 
876 33 32 40 0.20321836 
850 27 16 19 0.1974204 
585 67 9 12 0.18673079 
303 165 10 12 0.18653731 
575 131 12 18 0.18437351 
53 236 15 20 0.18258329 
197 192 13 15 0.18010338 
751 39 10 14 0.1787242 
861 57 13 16 0.17294009 
327 261 24 36 0.15788399 
686 114 12 15 0.15748136 
816 37 12 14 0.15672298 
741 41 12 15 0.15591079 
296 168 10 12 0.15528521 
422 121 9 11 0.14735027 
716 56 12 15 0.14449799 
543 70 8 10 0.1442602 
541 88 7 10 0.140511 
593 76 10 13 0.13877018 
590 70 9 11 0.13855587 
202 182 15 20 0.13648193 
784 5 11 13 0.1313067 
566 107 12 16 0.12464705 
66 233 15 19 0.122216485 
651 60 9 14 0.11994064 
680 70 8 11 0.11754695 
774 46 11 13 0.11754403 
892 4 17 16 0.116444014 
637 91 10 13 0.11607975 
21 231 18 24 0.11566555 
703 99 14 19 0.114561655 
76 226 15 18 0.1131592 
528 109 8 10 0.109488465 
496 117 8 11 0.1021845 
492 279 36 50 0.09596251 
561 92 8 12 0.09395642 
890 37 24 29 0.093868695 
258 249 25 35 0.09196461 
619 75 12 15 0.09176328 
497 102 8 10 0.09125185 
528 96 9 11 0.091068536 
607 72 11 14 0.0907818 
501 103 7 10 0.08927341 
240 324 22 30 0.08695105 
696 39 8 12 0.08652179 
878 41 13 19 0.08298908 
693 55 10 12 0.08232787 
672 39 9 11 0.08134147 
510 112 8 11 0.07491455 
268 255 27 35 0.07202063 
565 94 9 12 0.071715966 
508 116 9 12 0.07122874 
702 39 8 12 0.07068193 
756 39 9 13 0.070657566 
612 64 11 13 0.06983344 
396 134 13 15 0.06895287 
499 191 17 22 0.06865189 
788 12 11 12 0.06797881 
550 70 8 10 0.0679303 
599 72 9 12 0.06759759 
762 19 12 14 0.06678682 
622 45 8 11 0.066181235 
153 309 54 54 0.06571082 
688 70 9 11 0.06567105 
538 69 9 11 0.06498262 
509 237 24 29 0.06491076 
800 28 12 14 0.06375246 
742 52 9 12 0.06320251 
624 15 9 11 0.06309694 
1 314 15 18 0.061686046 
307 260 25 34 0.061164994 
689 54 9 12 0.06108077 
679 31 9 11 0.060539145 
780 44 12 16 0.06044118 
690 62 9 11 0.060400568 
521 111 8 10 0.059514675 
340 206 23 27 0.059109237 
883 3 29 28 0.059076108 
262 241 17 20 0.058830753 
542 65 7 9 0.058661874 
770 45 8 12 0.058610056 
248 177 10 12 0.05839414 
363 220 23 29 0.058191046 
785 21 10 12 0.057838224 
818 27 13 17 0.057347357 
560 4 12 12 0.05704682 
17 271 27 29 0.05684498 
566 329 22 30 0.056335084 
186 242 12 15 0.056179 
617 54 10 12 0.05609189 
784 29 10 13 0.05534287 
382 140 10 14 0.05490935 
683 333 16 23 0.054641027 
633 61 10 14 0.0537811 
639 40 9 11 0.053639676 
419 201 13 20 0.05315353 
737 53 9 12 0.05314782 
139 237 12 13 0.052645348 
700 61 12 14 0.052627202 
798 4 13 13 0.051950794 
165 323 12 14 0.051888064 
551 96 8 10 0.051812377 
538 64 8 10 0.051727254 
605 44 10 12 0.050856203 
741 34 10 12 0.050767634 
639 46 10 11 0.04915131 
703 45 8 11 0.048631545 
69 242 23 31 0.048365496 
473 280 28 42 0.04830577 
784 2 10 9 0.04823652 
552 234 29 36 0.047670174 
360 141 12 15 0.047155548 
496 109 10 14 0.046925858 
211 247 15 21 0.046595827 
522 103 8 10 0.044967018 
352 213 23 28 0.044818997 
729 44 11 14 0.044773553 
783 34 12 15 0.044735696 
830 15 43 51 0.04469122 
625 118 10 14 0.044265307 
574 100 11 13 0.044079274 
287 158 8 10 0.04393167 
629 67 11 14 0.04367297 
599 43 10 13 0.04333564 
710 37 10 12 0.0431073 
189 332 14 15 0.043084726 
299 205 14 18 0.04278771 
254 180 10 13 0.0426715 
686 38 11 14 0.04249388 
866 44 23 30 0.042438347 
709 85 11 15 0.041937992 
191 189 13 17 0.041621793 
705 52 11 13 0.04153819 
737 60 10 12 0.04137231 
193 186 21 25 0.040668167 
589 285 31 36 0.040411275 
598 99 9 11 0.040273815 
714 48 12 15 0.039910518 
568 29 9 12 0.03963139 
550 100 9 11 0.039443307 
563 101 9 12 0.039409004 
109 299 11 14 0.039387096 
736 32 10 13 0.038661517 
587 96 12 15 0.038603235 
541 92 9 10 0.038287543 
532 110 9 10 0.038269177 
460 126 12 15 0.038258962 
488 111 9 12 0.03824823 
137 224 9 13 0.03811529 
316 156 13 15 0.037493035 
775 38 11 14 0.037374396 
4 300 15 18 0.0372703 
238 180 13 15 0.037163947 
814 30 19 26 0.036931343 
83 222 13 17 0.036894765 
806 36 11 13 0.036623683 
691 107 13 18 0.03614785 
472 112 10 12 0.03593291 
375 270 23 33 0.03575615 
209 181 12 15 0.035678696 
442 181 17 21 0.03530209 
692 123 12 16 0.03512945 
777 82 15 18 0.035080355 
87 257 17 19 0.034654427 
591 82 12 15 0.034628578 
856 52 24 26 0.03461 
557 254 14 17 0.0344709 
653 55 10 13 0.034374516 
673 43 11 13 0.034272444 
859 68 47 60 0.0342053 
603 213 31 37 0.033586584 
374 371 43 60 0.03353262 
290 244 26 33 0.032942776 
781 69 15 19 0.03273104 
36 242 14 17 0.032611895 
590 302 27 30 0.032499142 
302 214 22 27 0.032452185 
490 102 8 11 0.032349456 
439 190 23 28 0.031990793 
691 63 20 24 0.031696197 
768 39 9 13 0.03136675 
706 92 13 17 0.031344432 
158 318 25 28 0.03097228 
173 300 14 17 0.03050196 
588 63 9 12 0.030410033 
92 246 14 16 0.030089514 
322 213 23 29 0.030079309 
117 218 11 14 0.030055363 
519 115 10 12 0.030038832 
527 115 10 12 0.029908884 
364 136 18 24 0.02963884 
162 187 20 26 0.029528702 
539 162 16 21 0.02948967 
567 23 9 13 0.029375542 
717 37 10 12 0.02927312 
609 357 23 29 0.029226676 
152 242 12 13 0.029191716 
568 36 11 13 0.029121738 
333 209 16 21 0.029044367 
315 167 14 17 0.028945534 
702 21 9 11 0.028864337 
866 51 32 38 0.028851153 
508 181 23 29 0.02853395 
188 308 30 32 0.02829169 
563 1 12 10 0.028225256 
567 230 27 33 0.027938375 
45 240 23 28 0.027842255 
347 147 20 22 0.027685842 
174 261 13 15 0.027641274 
686 31 9 12 0.027540967 
417 123 12 15 0.027177287 
679 63 9 11 0.027142815 
455 127 11 13 0.027051268 
688 75 9 11 0.027019102 
511 87 8 10 0.026913073 
387 212 22 27 0.0263267 
693 131 14 17 0.026052207 
531 102 10 12 0.025665604 
390 144 12 15 0.025643095 
655 38 9 11 0.025579913 
111 213 13 18 0.025418177 
759 27 12 14 0.025357654 
782 2 20 23 0.025299398 
804 24 12 13 0.025044587 
225 243 16 20 0.024862912 
401 213 18 25 0.024841296 
622 40 8 11 0.024815602 
693 30 10 12 0.024534646 
8 283 26 28 0.024460714 
685 119 15 19 0.024376722 
712 33 8 10 0.024333525 
409 198 17 22 0.024311522 
202 309 17 22 0.024240341 
850 19 42 49 0.024232235 
43 256 18 22 0.024182042 
710 79 10 13 0.024049243 
436 273 37 42 0.023961345 
776 31 10 12 0.023957899 
599 231 14 18 0.023938008 
194 180 11 15 0.023917433 
846 33 26 31 0.02383992 
621 61 12 15 0.023711173 
3 324 16 20 0.023635998 
936 155 28 43 0.023584446 
0 292 24 30 0.023542032 
482 291 17 24 0.023500357 
530 88 8 11 0.023438158 
12 224 21 31 0.023013355 
757 8 19 24 0.022975395 
172 243 14 16 0.02296025 
777 69 24 32 0.022938129 
363 213 17 21 0.02293648 
30 267 25 31 0.022915797 
628 19 11 13 0.022897556 
301 160 19 23 0.022872621 
751 12 11 14 0.022863125 
312 150 9 13 0.022833891 
434 221 25 32 0.022832524 
622 7 10 11 0.022827832 
30 236 23 27 0.022811335 
570 317 31 35 0.022780033 
609 156 16 20 0.022770884 
279 176 9 11 0.022621691 
877 82 30 34 0.02252412 
673 68 9 12 0.022513397 
255 167 9 12 0.022488039 
166 305 34 37 0.022442771 
673 30 9 12 0.022382217 
473 120 12 16 0.0223816 
635 99 14 19 0.022293331 
851 3 25 27 0.02228431 
578 62 8 11 0.022275222 
703 17 7 9 0.022244103 
139 228 11 13 0.022158444 
728 24 8 10 0.022137357 
559 114 13 16 0.022117442 
720 281 36 38 0.021972273 
59 254 39 47 0.021888867 
157 191 14 17 0.021780094 
768 50 10 13 0.021676406 
795 11 12 14 0.021656796 
677 145 26 33 0.021649271 
45 225 24 27 0.02156823 
8 207 10 14 0.021517854 
175 322 33 35 0.021477243 
695 22 10 12 0.021471653 
359 421 11 15 0.021456892 
772 45 23 28 0.02138009 
904 40 16 21 0.021343196 
615 79 14 16 0.021307506 
201 232 42 52 0.021259086 
881 35 19 25 0.02114945 
213 242 25 33 0.021060491 
113 246 8 10 0.020989262 
615 6 9 12 0.020791182 
289 166 9 11 0.020717174 
764 26 13 14 0.020672288 
262 227 14 16 0.02055491 
813 15 24 28 0.02055065 
798 34 13 15 0.020540725 
676 38 20 24 0.020496901 
543 75 8 11 0.020430423 
850 14 23 29 0.020423641 
221 251 26 32 0.020317364 
287 173 10 13 0.020265281 
585 75 11 13 0.020222383 
717 341 13 16 0.020188577 
270 166 11 13 0.020169014 
725 52 10 13 0.02013829 
324 248 15 20 0.020110607 
776 4 13 15 0.020073406 
576 233 14 18 0.020070743 
