0_Parade_marchingband_1_172
731
245 167 31 40 0.9985964 
747 124 24 31 0.9980222 
852 181 31 36 0.996445 
569 240 40 50 0.9962535 
113 83 24 30 0.9895403 
509 144 24 30 0.98695683 
375 107 22 28 0.9811513 
872 103 18 21 0.96616155 
68 32 15 18 0.9609316 
605 47 15 18 0.9576428 
988 130 18 22 0.9512223 
651 104 19 24 0.94432354 
930 86 16 21 0.94142216 
925 36 13 16 0.939776 
713 100 18 22 0.9335428 
524 94 19 23 0.93326557 
305 76 18 23 0.9298978 
653 41 13 17 0.92082745 
674 181 24 29 0.9122417 
494 109 20 25 0.91194546 
542 68 15 19 0.90675056 
406 63 15 20 0.9029088 
563 131 22 28 0.8943108 
280 94 19 24 0.8933359 
250 47 16 20 0.89243394 
697 138 23 27 0.8900282 
811 78 16 20 0.88851285 
253 93 20 26 0.88732857 
73 81 18 24 0.8851071 
204 115 18 21 0.8832215 
229 84 18 24 0.88187 
589 77 15 18 0.8803767 
945 127 20 24 0.87823826 
372 82 18 22 0.86831367 
842 99 18 23 0.8595 
201 36 14 17 0.8465584 
865 602 119 140 0.8461959 
439 106 21 23 0.8428215 
489 68 17 21 0.82873946 
787 45 13 16 0.82777834 
779 101 21 27 0.8273539 
278 171 23 32 0.82725966 
560 48 16 22 0.82700497 
172 81 18 22 0.81393325 
466 38 14 17 0.81241184 
197 95 18 22 0.80890495 
442 70 18 22 0.8041722 
0 32 12 21 0.8005676 
840 27 11 14 0.7967423 
330 88 17 23 0.79662246 
997 33 14 18 0.79622 
113 27 14 17 0.7387326 
1005 74 17 21 0.7258046 
902 36 12 16 0.7223735 
951 55 13 16 0.72142655 
382 13 11 15 0.7009277 
331 119 20 27 0.70080596 
696 74 14 19 0.69341034 
675 53 14 18 0.6825085 
565 18 12 16 0.6800547 
780 187 29 34 0.67181665 
742 46 13 15 0.6661893 
647 75 15 19 0.65501124 
882 166 23 31 0.6531522 
823 22 10 13 0.6471453 
892 141 18 22 0.6324455 
0 3 11 17 0.61553866 
872 75 11 15 0.61095876 
956 85 15 18 0.59800804 
728 34 11 15 0.59534377 
486 4 14 17 0.59468764 
630 46 12 14 0.59211934 
17 5 12 14 0.5900354 
71 2 14 18 0.5868424 
47 9 15 19 0.58382446 
0 107 21 31 0.5779885 
315 20 13 17 0.5757223 
376 42 13 16 0.5745089 
428 12 13 17 0.57317615 
579 32 13 17 0.5283139 
146 0 15 18 0.52574265 
631 25 13 15 0.5072555 
277 155 24 33 0.50681025 
461 8 15 18 0.5050496 
907 99 15 19 0.50466406 
797 20 11 15 0.5035359 
286 39 14 16 0.50272727 
579 5 11 13 0.49743193 
594 111 20 25 0.49431795 
49 72 15 18 0.49068287 
968 117 17 22 0.48373055 
317 11 13 16 0.48230535 
127 20 13 16 0.4579745 
87 15 12 14 0.45694163 
607 149 20 25 0.45232186 
511 67 14 20 0.4486797 
114 63 18 19 0.44391504 
812 34 10 14 0.42697653 
402 10 13 17 0.42498717 
505 48 15 18 0.40628964 
210 66 13 16 0.39705524 
263 69 15 18 0.38996673 
166 45 15 18 0.38866138 
920 18 14 17 0.38838497 
773 27 12 14 0.3782467 
295 2 14 17 0.37607944 
666 146 23 27 0.365478 
102 1 14 17 0.35955104 
443 25 14 16 0.35557353 
94 61 14 17 0.34507823 
337 5 12 13 0.3447962 
751 29 10 12 0.3290976 
376 11 12 15 0.32276568 
536 137 18 22 0.31872177 
241 2 9 10 0.31762514 
355 14 11 13 0.314735 
289 64 14 18 0.309301 
140 66 12 16 0.3037512 
487 33 13 17 0.3019247 
675 13 11 15 0.2988935 
348 0 10 11 0.2918814 
398 100 20 25 0.28707504 
552 107 18 21 0.2868153 
334 20 11 14 0.27951977 
647 8 10 12 0.27889907 
604 20 12 16 0.27867192 
9 116 21 29 0.27849087 
335 13 10 12 0.27637556 
846 65 12 15 0.27596983 
608 26 11 14 0.27308533 
911 73 14 17 0.27260423 
246 1 10 12 0.2718461 
340 27 12 15 0.26884937 
879 27 9 13 0.2654742 
869 20 12 14 0.26250687 
517 19 15 20 0.25971723 
858 29 9 11 0.25826553 
711 70 12 15 0.2563256 
309 60 15 19 0.25342014 
884 30 10 13 0.2487241 
215 12 11 13 0.23534898 
229 0 10 11 0.23185307 
886 36 9 12 0.23138934 
597 14 14 17 0.2311937 
695 30 11 14 0.2290231 
15 59 14 17 0.22761218 
369 66 16 19 0.22484004 
706 191 19 24 0.22312684 
20 43 16 19 0.22282706 
741 21 10 12 0.22021371 
814 162 26 28 0.22003052 
804 57 15 17 0.21963589 
284 6 12 15 0.21539398 
200 104 20 25 0.20677155 
545 28 11 14 0.2025928 
262 92 20 27 0.20197752 
551 19 13 17 0.19559067 
903 104 16 21 0.19440012 
1001 173 19 30 0.19262385 
653 19 11 13 0.1897944 
878 23 9 12 0.18825853 
859 146 15 19 0.18738702 
519 9 15 19 0.18682382 
907 41 11 16 0.18653624 
558 18 13 17 0.18481997 
522 40 15 18 0.17916787 
737 17 10 12 0.17764057 
852 150 21 27 0.17702496 
397 208 382 440 0.17373532 
253 0 10 12 0.17295657 
628 13 11 12 0.17145522 
269 6 12 15 0.17102028 
556 113 22 26 0.166743 
619 152 15 20 0.16667432 
197 1 11 11 0.16570562 
280 140 18 21 0.16536991 
335 1 11 11 0.16207428 
476 311 227 280 0.15362304 
970 62 13 15 0.15260893 
715 21 11 15 0.15013155 
694 15 9 12 0.14874217 
388 151 26 33 0.14740646 
575 86 12 17 0.14706588 
213 137 23 31 0.14471683 
319 41 15 17 0.1444673 
1013 32 11 18 0.1435378 
894 172 22 30 0.14264052 
445 37 13 16 0.13603765 
856 23 10 13 0.134596 
782 1 9 11 0.13442622 
490 8 16 19 0.13298824 
838 7 10 12 0.13233078 
221 5 11 13 0.13041201 
669 83 13 16 0.12985992 
498 19 14 18 0.12907477 
967 66 13 17 0.1290065 
300 11 12 18 0.1289769 
270 25 13 17 0.12813084 
843 23 10 13 0.1263224 
182 1 11 12 0.12596527 
612 28 10 14 0.12539399 
766 21 12 14 0.1245089 
79 77 19 24 0.12347341 
414 80 14 18 0.12306589 
163 22 15 17 0.12053386 
692 21 11 13 0.11803548 
416 42 13 17 0.117806725 
17 124 18 22 0.11699662 
34 -1 17 14 0.116074614 
763 16 11 11 0.113723144 
867 16 12 14 0.113118626 
839 12 10 13 0.11189866 
243 87 19 25 0.11180419 
629 8 9 11 0.111639835 
919 27 13 17 0.111058794 
190 19 11 14 0.10792501 
687 28 10 14 0.10655426 
817 1 10 10 0.10635658 
277 0 10 11 0.10609275 
811 56 14 18 0.10604974 
946 184 18 21 0.10563006 
778 2 8 9 0.10557681 
816 4 10 12 0.10400784 
255 241 39 42 0.10360819 
408 29 11 13 0.10303201 
459 15 16 18 0.10276926 
743 151 16 20 0.10033907 
455 43 12 16 0.09993161 
830 74 13 17 0.099746004 
165 66 14 16 0.0995393 
424 16 12 16 0.09940791 
575 10 11 15 0.09864639 
732 31 11 14 0.09333053 
314 117 23 29 0.09317987 
582 24 12 14 0.09189843 
213 180 22 30 0.0909584 
823 108 14 19 0.089843154 
322 6 12 14 0.08931887 
625 46 10 14 0.08797311 
224 2 11 10 0.08718571 
977 241 24 29 0.08661736 
95 0 14 12 0.086584434 
861 33 11 14 0.08603956 
846 8 9 11 0.08407294 
861 19 13 15 0.083726175 
718 13 9 11 0.08316444 
491 26 14 17 0.08297698 
135 2 13 14 0.0822054 
539 337 53 65 0.08152229 
126 0 10 10 0.08076648 
181 66 13 16 0.079055734 
90 18 13 17 0.07888488 
977 122 20 24 0.07869356 
206 4 12 15 0.0783225 
614 3 11 12 0.07814936 
582 80 15 19 0.07756674 
824 157 23 29 0.07752528 
745 28 10 13 0.07586964 
851 65 13 16 0.07576794 
823 16 10 13 0.07548904 
522 24 16 19 0.07527728 
315 113 15 20 0.07518138 
854 13 11 13 0.07482219 
481 20 13 17 0.07450757 
926 129 13 17 0.07447075 
871 27 11 13 0.07446446 
958 4 11 12 0.0743717 
603 113 20 25 0.07293 
284 19 14 16 0.07284441 
198 187 25 33 0.07206551 
404 16 14 16 0.07172728 
270 49 12 16 0.071479745 
445 135 22 26 0.0713021 
828 83 13 17 0.07077229 
963 87 15 19 0.06988897 
219 44 12 16 0.06964039 
306 125 18 24 0.069495544 
1007 115 13 17 0.06929615 
849 50 11 14 0.06922707 
756 29 10 12 0.06862656 
835 68 13 16 0.06853268 
2 187 19 25 0.067639284 
773 85 15 19 0.06583068 
845 13 9 12 0.06580178 
869 211 41 52 0.0656334 
368 4 12 14 0.06562572 
214 30 10 12 0.065398656 
509 58 15 20 0.06507432 
897 34 12 16 0.06505048 
232 19 12 15 0.06496667 
452 20 13 17 0.06469576 
214 0 10 10 0.06360037 
216 18 12 16 0.06300401 
250 112 16 21 0.06273736 
587 123 21 28 0.062482983 
891 131 17 22 0.062322285 
308 53 14 18 0.06212959 
779 26 10 14 0.061990824 
702 47 10 14 0.06181173 
373 0 10 11 0.061718483 
773 73 14 17 0.06121464 
639 81 14 18 0.060975272 
343 1 11 11 0.060860284 
688 14 10 12 0.060463063 
900 25 12 14 0.06043663 
478 72 15 20 0.060138382 
440 42 12 16 0.059542533 
265 10 13 15 0.05898256 
854 7 10 10 0.05873921 
803 19 10 13 0.058704875 
834 155 15 19 0.058253944 
413 0 9 9 0.058186967 
623 6 11 13 0.05809185 
909 30 11 14 0.05745102 
19 0 14 15 0.057413384 
348 50 11 15 0.057311356 
321 2 11 12 0.057270154 
811 175 27 32 0.056985095 
264 162 31 43 0.056792825 
216 262 42 48 0.056553118 
972 89 15 18 0.05628803 
420 76 13 17 0.056166664 
458 132 15 18 0.055216968 
131 125 25 32 0.05473271 
199 32 13 16 0.054318123 
94 73 15 21 0.053995132 
703 185 17 21 0.05394358 
84 149 16 19 0.05360698 
661 83 14 18 0.053541258 
759 21 11 14 0.053249523 
434 4 15 19 0.053227805 
640 6 10 12 0.053052407 
614 82 13 18 0.052883085 
433 164 17 22 0.05274886 
834 82 15 18 0.052697405 
29 0 15 16 0.05269368 
767 73 12 17 0.052638877 
1005 31 13 16 0.052614674 
130 13 14 18 0.05255623 
909 129 14 19 0.052170582 
369 90 23 29 0.052074805 
814 44 10 12 0.052052457 
991 68 11 15 0.051671494 
398 94 15 18 0.05149723 
63 144 402 502 0.05119621 
543 33 14 18 0.050962042 
182 154 16 20 0.05071712 
285 73 16 21 0.050165784 
576 2 11 12 0.049726315 
16 66 16 19 0.049640983 
213 50 14 17 0.049634706 
239 29 12 15 0.049593184 
679 29 11 13 0.049273863 
591 20 11 14 0.04924728 
278 43 13 17 0.049210064 
171 66 15 18 0.048629317 
245 252 40 47 0.04861855 
845 35 9 12 0.048587423 
367 1 11 10 0.048258197 
196 145 15 20 0.048213493 
176 111 14 18 0.04821028 
573 55 14 20 0.048127476 
608 0 11 10 0.04792615 
205 0 11 10 0.04792115 
575 130 19 27 0.047840767 
799 53 10 15 0.04779643 
659 39 11 16 0.047763128 
797 136 17 23 0.047130633 
839 46 9 12 0.047128383 
546 130 21 29 0.047061667 
395 147 17 21 0.046996463 
963 159 22 27 0.046870373 
62 86 15 21 0.046834953 
14 49 20 25 0.04661553 
388 61 12 17 0.046479054 
187 89 18 24 0.045894966 
804 67 16 21 0.045783367 
882 145 25 31 0.04571594 
806 15 9 12 0.04563612 
188 65 12 16 0.045427334 
284 84 15 18 0.04507957 
10 69 16 21 0.04501075 
623 28 12 15 0.04474719 
42 0 16 15 0.044413783 
892 6 11 14 0.044364125 
177 3 12 14 0.04430718 
1002 119 19 25 0.044292215 
602 98 15 18 0.043997504 
764 84 14 19 0.043696124 
212 36 11 14 0.043562613 
994 126 21 26 0.043452967 
220 156 22 29 0.04332895 
642 85 17 21 0.04308449 
76 8 14 17 0.043067567 
669 184 19 22 0.04305946 
1005 164 16 21 0.042790387 
841 152 23 30 0.04233047 
700 14 9 11 0.04226629 
626 149 17 21 0.041963503 
888 11 11 13 0.041933358 
542 230 17 24 0.0415333 
571 19 13 15 0.04145834 
759 39 9 12 0.041426126 
430 0 12 12 0.041343346 
85 5 14 17 0.041330483 
275 26 13 17 0.04038892 
608 251 28 38 0.04022461 
924 8 10 12 0.040058836 
28 73 15 17 0.03999694 
599 9 11 12 0.039872784 
368 11 10 14 0.039749954 
128 3 12 14 0.039661117 
606 5 12 13 0.039521057 
773 120 16 21 0.039440755 
118 0 11 10 0.03943145 
294 17 13 16 0.039338302 
597 0 11 10 0.039259195 
273 0 10 10 0.039166298 
945 51 12 17 0.038953446 
459 75 14 18 0.038836144 
898 182 24 33 0.038832184 
760 85 11 16 0.038647737 
275 5 20 23 0.038477022 
310 104 15 21 0.038261514 
86 0 12 11 0.03820513 
701 21 9 12 0.038032584 
367 88 16 20 0.03786678 
352 17 11 15 0.03748402 
887 0 11 11 0.03747432 
864 170 27 37 0.03734268 
436 142 24 30 0.037287567 
431 75 13 18 0.037192814 
929 40 13 17 0.03718371 
749 35 11 13 0.037161544 
111 39 14 17 0.037128594 
136 -3 20 21 0.0370887 
681 143 23 27 0.03698625 
85 65 14 17 0.036793742 
829 102 19 26 0.036780596 
184 13 11 15 0.036680568 
696 45 11 15 0.03665628 
177 91 16 23 0.036602583 
830 37 9 12 0.03650279 
605 36 15 18 0.0363655 
191 1 14 15 0.036308732 
282 26 16 18 0.03601438 
131 166 22 25 0.035998188 
367 74 17 20 0.035923805 
698 89 13 19 0.035909176 
778 44 12 16 0.035711467 
325 19 12 15 0.035699606 
105 9 14 16 0.0356902 
575 0 17 23 0.03558064 
907 80 17 18 0.035502087 
4 1 11 13 0.035473492 
766 35 11 14 0.03541223 
678 37 12 14 0.03536471 
881 34 11 14 0.03517888 
991 75 13 18 0.035165742 
652 28 13 15 0.03509533 
170 26 15 17 0.03503465 
411 72 14 19 0.034778524 
680 57 14 17 0.034713093 
794 45 10 14 0.034687407 
436 118 17 22 0.03467089 
209 10 11 13 0.034668464 
808 45 11 12 0.034615465 
255 79 21 26 0.034458067 
212 279 30 37 0.034386132 
479 10 14 18 0.034293808 
509 174 16 19 0.03428744 
773 109 18 23 0.034208693 
853 143 13 16 0.034078084 
611 34 14 17 0.034019507 
234 242 33 35 0.03386606 
765 5 11 11 0.03383044 
942 177 18 21 0.03360278 
115 419 42 49 0.033409167 
917 90 18 25 0.033364523 
312 167 21 31 0.033358857 
506 157 27 32 0.033115532 
661 151 17 20 0.03303342 
863 68 12 16 0.03273286 
539 363 102 125 0.032646336 
599 155 22 27 0.03263954 
902 95 14 19 0.032563876 
570 122 16 21 0.032512728 
418 68 13 17 0.032478202 
711 7 10 12 0.03235299 
607 206 23 27 0.032202646 
775 13 10 12 0.032173023 
744 40 12 14 0.0320877 
562 359 51 67 0.032037668 
671 45 13 18 0.031841036 
460 30 15 17 0.031801783 
231 105 15 21 0.031798728 
437 76 17 21 0.03175094 
748 182 18 21 0.031435292 
406 34 12 15 0.03138416 
904 68 13 17 0.03129036 
51 79 16 20 0.031222643 
771 90 22 29 0.031168515 
820 16 19 24 0.031074397 
323 48 16 19 0.030909019 
701 71 18 23 0.030839182 
389 7 11 14 0.030759312 
212 246 27 35 0.0307587 
326 0 11 11 0.030695966 
37 9 16 18 0.030214634 
280 36 13 17 0.030202575 
413 19 11 15 0.030181535 
222 38 10 14 0.030089641 
246 117 16 20 0.030047636 
385 99 22 28 0.030030753 
706 132 17 22 0.029975502 
622 248 11 14 0.029955558 
970 110 15 18 0.029786801 
313 84 20 26 0.029709207 
711 178 22 27 0.02967732 
834 6 9 12 0.029646099 
958 10 13 15 0.029623464 
664 27 10 14 0.029587641 
793 187 27 31 0.029577272 
898 23 9 12 0.029571513 
530 85 15 18 0.029486883 
294 78 19 25 0.029452546 
845 120 14 18 0.029344238 
396 108 16 24 0.029265542 
726 15 8 11 0.029220363 
933 78 15 19 0.029211398 
788 0 12 12 0.029057173 
779 93 16 18 0.029005261 
208 97 15 18 0.028953658 
181 162 15 21 0.028946985 
491 152 16 19 0.028865185 
727 21 9 13 0.028819973 
979 83 14 19 0.028711732 
7 33 20 24 0.028668147 
991 41 13 17 0.02865835 
956 68 16 17 0.02861348 
309 44 13 16 0.028608682 
621 0 11 11 0.02849019 
232 165 26 33 0.028410157 
377 76 15 20 0.02824932 
863 101 19 25 0.028227298 
235 111 14 20 0.028154938 
382 61 12 16 0.028021237 
141 21 11 15 0.028007183 
693 7 11 13 0.027938439 
619 209 15 19 0.027879555 
663 21 10 14 0.02772916 
15 27 12 16 0.027624626 
682 222 28 33 0.02756173 
492 41 14 17 0.027502097 
-1 77 9 15 0.027472686 
950 167 23 28 0.027442629 
997 69 15 19 0.027399156 
364 0 20 23 0.02739667 
874 80 14 17 0.027385233 
894 93 12 16 0.02731622 
683 44 13 16 0.02728159 
638 0 9 10 0.027204163 
98 52 15 19 0.027167287 
130 44 13 16 0.027130298 
287 170 28 36 0.027120024 
266 6 20 24 0.027019605 
25 37 16 19 0.026940877 
940 142 17 21 0.026919471 
2 125 17 21 0.026878508 
179 -4 22 23 0.026786592 
475 41 12 16 0.0267173 
795 111 15 21 0.026673151 
948 189 22 27 0.026622847 
767 1 10 10 0.026619535 
195 21 12 14 0.026526282 
519 199 25 30 0.026520822 
800 75 15 20 0.026449893 
46 88 14 17 0.026435887 
808 7 9 11 0.026414022 
323 99 23 28 0.026390942 
684 34 12 14 0.026381282 
750 169 24 28 0.026324939 
545 57 18 24 0.026259964 
586 34 13 18 0.026247244 
412 48 15 18 0.02624711 
810 203 26 32 0.026209785 
49 60 19 25 0.026168324 
156 89 14 19 0.02614672 
285 1 12 13 0.02614536 
203 264 491 499 0.026061712 
460 46 14 18 0.026033249 
676 7 11 13 0.026028473 
518 202 15 19 0.025952179 
998 77 16 20 0.025941001 
119 22 19 21 0.025931848 
670 38 11 14 0.025911907 
211 71 15 19 0.025908006 
497 55 19 24 0.025826761 
240 51 12 17 0.02559161 
276 112 17 21 0.02553653 
728 74 12 17 0.02542609 
220 27 11 14 0.0253842 
529 220 34 48 0.025312072 
313 48 20 23 0.025310472 
914 119 19 24 0.025269236 
165 76 17 21 0.025227576 
815 11 9 12 0.025180476 
758 1 10 10 0.025175985 
899 137 18 25 0.02513035 
537 101 20 26 0.025093077 
647 29 12 14 0.025087373 
591 7 10 12 0.025065294 
531 19 13 18 0.024980742 
892 193 24 31 0.024818152 
517 0 14 16 0.024727354 
645 3 18 22 0.024716133 
915 115 13 17 0.024709111 
515 49 15 18 0.024694996 
225 166 21 29 0.024573563 
160 49 13 17 0.024498736 
317 92 22 28 0.02442751 
324 26 12 15 0.024393044 
324 117 19 25 0.024265429 
968 148 24 29 0.024219554 
963 73 15 19 0.024131428 
125 135 16 21 0.024082169 
861 6 10 12 0.02400101 
856 186 40 48 0.0239887 
556 153 16 20 0.023877384 
512 23 13 17 0.023803612 
456 11 14 17 0.023745926 
420 46 13 18 0.023740543 
720 37 11 14 0.023703285 
122 145 16 22 0.023650816 
669 25 13 16 0.023611218 
468 119 16 20 0.023607932 
864 158 25 30 0.023529682 
204 138 21 29 0.0234795 
782 162 16 19 0.023475774 
142 100 15 18 0.023455711 
284 681 23 29 0.023435945 
902 48 13 17 0.023421897 
893 0 10 11 0.023373565 
823 35 10 13 0.023363095 
190 150 20 26 0.02332544 
820 188 27 32 0.02332121 
343 45 13 17 0.023158677 
957 204 25 33 0.02312584 
912 22 11 14 0.023114953 
169 37 16 19 0.02307274 
897 98 13 19 0.023057396 
753 1 9 10 0.023029914 
469 74 14 19 0.023024464 
960 121 19 26 0.022996832 
190 28 13 17 0.022925371 
193 35 12 17 0.022822717 
703 0 11 11 0.022808833 
848 147 14 19 0.022747274 
783 41 12 15 0.022721136 
735 44 11 16 0.02269662 
598 212 25 29 0.022645056 
196 195 16 21 0.02257439 
124 50 15 18 0.022519978 
658 76 13 18 0.022505634 
586 28 12 16 0.022497267 
742 154 25 30 0.022461405 
358 0 12 10 0.022380384 
31 10 13 16 0.022376426 
248 -5 20 22 0.022365412 
461 122 15 19 0.022338206 
533 0 10 10 0.022291431 
149 151 15 19 0.022270659 
782 154 16 19 0.022179633 
219 67 14 17 0.022152567 
494 141 22 29 0.022108486 
399 61 15 21 0.02208616 
1011 111 11 16 0.02206393 
1014 24 9 14 0.022056248 
942 46 12 17 0.02205305 
839 194 13 18 0.021993795 
649 89 22 28 0.021964729 
629 37 13 16 0.02195837 
726 6 9 12 0.021933468 
261 0 12 12 0.021785043 
564 37 14 17 0.02173625 
828 194 15 19 0.021722516 
951 3 14 15 0.021716628 
798 67 13 19 0.021694023 
996 211 26 31 0.021655887 
499 5 13 17 0.02159807 
65 3 14 18 0.021573491 
580 87 14 19 0.021573424 
838 63 12 15 0.021440282 
817 191 19 22 0.02142557 
492 137 15 22 0.021336548 
444 90 16 19 0.021294516 
884 23 9 13 0.021254925 
463 1 13 14 0.021239765 
491 166 14 19 0.021215664 
476 119 14 20 0.021181358 
525 144 23 28 0.021118635 
741 74 13 18 0.02106029 
991 232 27 34 0.021049434 
759 5 9 11 0.021046843 
836 188 24 31 0.021005154 
648 2 9 10 0.02085738 
237 -3 19 20 0.02078148 
794 17 9 12 0.020742722 
224 -5 21 22 0.02067799 
815 115 13 18 0.020675236 
831 28 9 12 0.0206418 
886 42 11 16 0.020639243 
860 279 33 46 0.020560618 
665 106 15 21 0.020526376 
933 121 22 28 0.020510217 
662 51 12 16 0.020506162 
285 49 16 19 0.02050415 
60 60 14 18 0.020504015 
509 83 13 18 0.020491758 
124 35 14 18 0.020407867 
787 137 22 26 0.020395821 
205 50 14 18 0.020332752 
557 38 13 15 0.020258967 
819 54 11 14 0.020256981 
828 169 24 31 0.020200592 
272 16 20 24 0.020119334 
301 69 18 24 0.02008388 
444 62 15 18 0.020059735 
599 367 52 65 0.020056495 
662 480 8 9 0.020050066 
922 27 18 21 0.020041974 
