0_Parade_marchingband_1_746
113
746 87 28 38 0.9995004 
141 79 33 42 0.99946886 
815 94 31 42 0.99923265 
372 91 28 36 0.998882 
763 46 29 37 0.9988525 
544 88 35 44 0.99876994 
425 80 27 36 0.99869907 
627 112 26 34 0.99806434 
300 75 26 33 0.99587125 
597 89 32 39 0.9937848 
169 65 25 39 0.94581723 
963 182 15 18 0.9304946 
927 182 12 16 0.87865543 
453 98 23 30 0.84716046 
1002 180 13 15 0.7230373 
957 159 10 13 0.71596444 
1005 164 12 13 0.58085555 
1001 135 11 15 0.5644549 
949 178 11 13 0.5016615 
942 138 11 14 0.4722233 
886 231 11 14 0.309452 
19 104 22 28 0.27959496 
920 164 10 13 0.22758992 
998 212 12 15 0.21504338 
155 72 29 38 0.19076046 
599 80 25 30 0.14451995 
929 229 19 22 0.13525465 
436 87 25 33 0.1310966 
889 234 12 16 0.12258374 
879 175 11 14 0.115660764 
610 97 29 36 0.096702 
892 213 11 15 0.088617936 
858 201 15 19 0.083632156 
560 95 29 38 0.07545963 
589 93 25 36 0.07390448 
983 172 11 15 0.07368281 
3 212 12 15 0.06565272 
1003 171 15 18 0.06563585 
935 212 10 13 0.06503369 
35 97 14 21 0.06270811 
915 212 16 20 0.061952252 
767 99 26 35 0.060702804 
853 197 14 19 0.05975482 
924 175 12 14 0.059099372 
937 135 13 15 0.058951776 
882 179 12 15 0.056273054 
908 214 15 18 0.052935608 
932 221 13 16 0.05123875 
936 206 9 12 0.05107525 
576 93 22 33 0.04940893 
29 94 14 17 0.04801701 
972 172 11 15 0.0463198 
974 166 10 13 0.04562329 
287 74 25 30 0.045280505 
1005 219 13 17 0.043425266 
964 164 12 15 0.043204598 
889 151 10 13 0.04253723 
1011 159 12 15 0.041907907 
739 221 14 17 0.040475488 
950 149 10 12 0.039071284 
1000 197 11 13 0.03878911 
1012 170 10 14 0.037643913 
921 170 11 15 0.03753028 
886 221 12 15 0.037417807 
811 227 16 17 0.036172703 
20 116 17 24 0.035664953 
1015 149 9 13 0.035423595 
1015 141 9 13 0.0348977 
923 159 11 14 0.0322836 
796 238 12 15 0.032115526 
944 145 11 13 0.031336736 
796 95 17 22 0.031287383 
1006 154 19 25 0.030058617 
960 194 10 13 0.029502897 
918 225 13 16 0.029339677 
1010 180 11 13 0.0292853 
1013 133 10 13 0.02899498 
975 142 8 10 0.02880307 
949 182 14 18 0.028463183 
925 220 14 17 0.02787675 
1006 129 9 12 0.027827015 
920 141 8 11 0.027743509 
25 110 25 31 0.027627215 
903 213 12 16 0.027349202 
969 134 9 10 0.025729774 
955 152 19 24 0.025487747 
892 154 10 14 0.02537051 
1014 204 10 14 0.025097745 
432 218 34 43 0.02504134 
927 238 16 20 0.024905913 
940 134 19 23 0.024474334 
925 214 13 15 0.024223851 
459 334 16 20 0.024155153 
989 237 13 15 0.024105882 
871 218 12 15 0.024104403 
42 99 13 19 0.024017615 
885 166 12 15 0.023924775 
28 239 10 12 0.02372993 
887 206 10 16 0.023559306 
14 111 17 21 0.022613898 
177 84 17 22 0.022539604 
846 198 15 20 0.021959344 
916 204 14 17 0.02178162 
754 75 30 41 0.021462763 
878 220 13 16 0.02143099 
601 209 30 38 0.021409642 
952 237 12 15 0.021359984 
573 96 16 23 0.021089941 
933 165 11 14 0.02093621 
940 212 10 12 0.020699153 
580 261 13 18 0.020698149 
460 298 54 63 0.020349355 
902 235 11 14 0.020012429 
