0_Parade_marchingband_1_710
21
465 124 60 79 0.9972874 
112 296 72 99 0.9947632 
-1 0 38 61 0.96937335 
828 27 43 56 0.9651719 
387 16 26 34 0.06588187 
1011 372 14 28 0.059792582 
977 242 11 17 0.04788907 
620 327 13 14 0.04092277 
381 71 28 34 0.036479644 
389 1 15 17 0.034114707 
197 541 28 31 0.031026646 
348 3 13 15 0.030072454 
605 319 12 15 0.026842764 
299 317 29 32 0.026650134 
151 501 11 16 0.025773201 
845 9 33 45 0.025138611 
614 323 23 26 0.024021152 
391 20 13 18 0.022553572 
224 406 11 14 0.021970756 
928 139 12 15 0.02092291 
385 -1 26 29 0.0202063 
