0_Parade_marchingband_1_517
66
202 162 50 62 0.9986319 
911 267 38 46 0.9953767 
455 217 44 54 0.9907205 
51 130 50 59 0.9845501 
702 217 42 46 0.97202075 
398 237 22 28 0.904063 
986 295 29 33 0.6652962 
341 257 15 22 0.43967664 
204 325 25 27 0.40423772 
579 291 12 16 0.3874196 
376 249 22 30 0.26276422 
862 291 23 30 0.1761989 
374 263 15 20 0.14329666 
833 294 31 38 0.119272485 
389 241 23 30 0.112804495 
555 302 14 19 0.07860546 
929 480 82 113 0.0770597 
589 276 13 15 0.07332536 
381 247 13 18 0.071546525 
836 274 30 37 0.06959994 
309 455 43 40 0.06269387 
369 266 12 17 0.061909754 
42 310 369 463 0.05398603 
562 286 21 29 0.052601703 
377 263 23 27 0.051813718 
576 283 20 25 0.049789555 
277 266 25 32 0.046874393 
997 279 26 48 0.04559563 
414 245 23 29 0.044754893 
564 284 10 14 0.044003025 
350 325 28 29 0.04236123 
970 277 33 39 0.04017104 
805 308 14 17 0.03908669 
35 105 35 38 0.038926397 
962 428 17 21 0.037325077 
204 438 57 70 0.036489543 
552 290 22 33 0.034781694 
1006 345 15 22 0.032095052 
396 247 28 35 0.03207913 
583 278 20 27 0.031818148 
916 436 10 14 0.03140918 
865 276 28 36 0.030061383 
362 222 8 11 0.029291736 
544 299 25 32 0.029240614 
557 291 14 19 0.028841482 
703 503 10 13 0.02850069 
66 370 12 16 0.028274287 
368 459 19 25 0.027426204 
428 254 17 20 0.026980557 
165 436 9 12 0.026604287 
828 306 17 21 0.026497934 
948 282 27 33 0.02645612 
339 268 17 22 0.026245814 
842 272 20 23 0.025502553 
791 141 11 13 0.023751935 
718 465 67 76 0.023412814 
554 252 20 27 0.023344459 
15 373 10 11 0.022390835 
386 252 28 34 0.022352008 
848 309 19 24 0.022055136 
328 252 24 31 0.021964455 
402 231 17 21 0.021941101 
280 249 42 48 0.02122424 
594 282 14 17 0.020677067 
31 102 23 30 0.020203618 
932 284 30 35 0.020166533 
