0_Parade_marchingband_1_822
48
636 135 60 72 0.9983108 
181 101 66 99 0.9980842 
878 71 65 76 0.9972646 
751 96 34 42 0.9958389 
441 129 57 66 0.99074286 
364 146 49 58 0.6232463 
415 80 48 60 0.4468818 
641 424 101 114 0.3891776 
813 74 23 31 0.12053801 
363 104 53 70 0.082954526 
841 91 46 53 0.08240908 
387 81 48 68 0.079126164 
267 176 25 33 0.066097975 
421 150 53 66 0.06485517 
556 200 53 56 0.059350707 
306 148 34 38 0.055292256 
707 474 19 19 0.052095223 
468 141 34 38 0.048932616 
367 116 34 41 0.04690124 
405 103 35 43 0.044289082 
589 208 57 59 0.04283709 
289 139 59 64 0.041638512 
265 160 43 58 0.041617777 
813 82 39 48 0.03556062 
752 119 33 39 0.035109706 
341 130 83 89 0.033468578 
57 235 25 32 0.02955005 
397 65 77 97 0.029250894 
827 101 33 39 0.028123511 
293 127 94 96 0.028117217 
318 68 81 100 0.028109604 
763 155 52 71 0.025875898 
63 232 10 13 0.025787134 
383 197 52 63 0.025763467 
941 90 14 18 0.024603188 
800 92 38 51 0.024573248 
1012 355 12 22 0.024491433 
61 237 14 18 0.02436379 
377 125 34 42 0.024363525 
288 63 78 99 0.024164869 
731 103 10 14 0.022737771 
564 236 16 17 0.022444768 
365 134 36 47 0.021250315 
441 137 35 43 0.021065855 
269 171 17 22 0.020531287 
491 153 15 19 0.020470427 
789 123 41 52 0.020340633 
380 104 32 42 0.020262584 
