0_Parade_Parade_0_205
280
264 301 73 98 0.9944887 
660 328 44 53 0.8616361 
592 328 23 31 0.8372689 
812 320 25 30 0.67286503 
523 464 14 17 0.4276144 
163 32 15 19 0.31427833 
708 337 27 36 0.28553137 
670 0 28 28 0.2410744 
474 220 12 15 0.23985136 
832 287 9 12 0.23344865 
386 290 26 34 0.21897948 
626 543 23 30 0.19828157 
711 305 36 39 0.17906184 
495 210 11 14 0.17035648 
348 194 24 28 0.16867574 
543 469 13 17 0.12870923 
477 340 11 16 0.12683985 
497 542 10 13 0.12607762 
149 300 9 10 0.10853743 
730 355 15 20 0.104738645 
830 292 10 12 0.103102714 
664 266 12 15 0.10105898 
674 552 15 19 0.09939958 
370 450 13 15 0.098941825 
644 335 27 35 0.09846532 
358 164 11 14 0.095456764 
176 48 26 29 0.0953616 
177 301 10 14 0.09473334 
146 295 9 11 0.09249542 
718 346 26 33 0.08791963 
995 198 23 30 0.083299294 
736 567 13 16 0.07967446 
417 231 27 30 0.07948776 
630 475 13 18 0.079059824 
762 291 26 37 0.07789194 
142 312 10 12 0.07327622 
679 271 10 12 0.06927212 
700 324 48 55 0.06697642 
855 325 9 12 0.066710114 
998 83 12 15 0.06478816 
575 321 37 44 0.0638117 
534 403 13 18 0.06325597 
623 245 10 13 0.06079044 
728 582 9 12 0.060381208 
837 284 10 12 0.060179174 
185 43 18 21 0.059782274 
392 176 9 11 0.058161456 
862 558 7 10 0.05670931 
853 300 9 11 0.056038957 
1006 77 19 27 0.05491568 
696 275 13 16 0.053838406 
849 567 9 11 0.05270066 
533 219 11 14 0.052124806 
802 308 41 48 0.051721048 
415 237 15 22 0.050699774 
1011 131 13 22 0.05057044 
136 316 9 11 0.050103344 
303 332 37 58 0.0500902 
707 282 44 52 0.050080292 
511 451 10 14 0.049796484 
872 421 11 13 0.049661513 
687 524 12 15 0.049490526 
770 339 14 16 0.04916976 
591 262 13 15 0.04788594 
519 529 12 17 0.047616452 
257 113 14 17 0.047346577 
528 211 12 16 0.047225498 
693 271 25 29 0.046883404 
896 412 10 14 0.045416206 
641 270 9 13 0.044858545 
389 275 27 33 0.04323307 
168 37 24 29 0.04309141 
397 268 22 27 0.042647872 
172 41 14 18 0.042313963 
773 289 15 22 0.042076916 
520 171 9 12 0.041827828 
891 445 14 18 0.041636 
596 251 12 14 0.041379217 
475 371 16 22 0.04114373 
833 281 10 12 0.04106279 
725 277 13 16 0.04092555 
795 323 16 18 0.040828884 
848 296 9 11 0.0407041 
973 204 17 18 0.04065732 
1012 510 10 13 0.040399034 
489 211 11 14 0.040256746 
886 317 9 12 0.039910007 
447 355 14 17 0.039580878 
596 518 15 20 0.03945267 
870 354 12 14 0.039354686 
683 267 11 16 0.039182324 
644 277 10 12 0.038911715 
373 382 10 13 0.03890308 
582 245 14 16 0.038576785 
628 261 11 14 0.03854977 
148 27 13 17 0.037864726 
428 227 26 30 0.037797462 
732 583 10 12 0.037742395 
179 303 14 18 0.037268016 
896 473 10 15 0.036868256 
162 560 92 145 0.03666345 
784 430 9 11 0.036532637 
509 435 11 14 0.036456417 
486 161 8 10 0.036431715 
806 322 17 23 0.036360875 
493 600 15 21 0.036338065 
727 548 11 15 0.036310393 
573 253 10 15 0.036095005 
630 558 14 18 0.036053058 
722 299 19 23 0.036016226 
392 180 11 14 0.03600081 
801 441 8 10 0.035787437 
614 373 47 56 0.034977965 
597 563 11 12 0.034776602 
710 565 9 12 0.03433227 
824 329 15 19 0.034318373 
946 398 15 18 0.034315117 
711 558 10 13 0.034313343 
493 471 9 13 0.034049228 
373 532 36 44 0.033920683 
471 217 21 26 0.033828802 
814 440 10 12 0.03378879 
462 325 22 30 0.03353707 
574 445 14 19 0.033336055 
512 158 8 11 0.033263832 
148 34 15 18 0.03324727 
882 357 12 14 0.033031944 
776 439 9 11 0.033016592 
352 187 18 21 0.032937355 
677 543 12 16 0.032892138 
441 233 18 22 0.032538578 
543 536 10 13 0.03203526 
589 438 13 17 0.031890653 
715 461 21 28 0.031045524 
718 557 10 12 0.031022811 
733 546 15 18 0.030864155 
686 260 9 13 0.030834166 
800 446 7 9 0.030811973 
329 469 11 13 0.030542053 
738 542 17 20 0.030121794 
750 371 15 16 0.030062336 
621 238 11 14 0.029964454 
159 351 10 12 0.029748846 
465 367 21 26 0.029658666 
589 252 14 16 0.029639374 
721 328 19 23 0.0294428 
436 256 16 18 0.029369297 
824 439 10 12 0.02929851 
349 179 14 18 0.0292631 
169 302 10 14 0.029207012 
166 357 14 16 0.02914662 
462 357 13 16 0.029134536 
710 278 29 35 0.029072836 
761 726 12 13 0.02897988 
733 589 10 13 0.028975705 
746 522 13 14 0.028889282 
459 367 17 21 0.028408665 
513 447 20 27 0.027949244 
563 325 27 34 0.027600363 
149 383 36 38 0.027321428 
782 535 11 13 0.027308706 
149 309 9 12 0.027212739 
159 343 10 12 0.027092258 
374 401 16 21 0.027084451 
996 336 25 40 0.027005745 
718 534 11 14 0.026728846 
487 450 12 16 0.026570467 
532 467 13 17 0.026564587 
729 306 15 21 0.02651006 
117 317 10 12 0.02637645 
768 533 11 13 0.026301254 
622 250 12 16 0.026271934 
208 327 8 12 0.02618375 
389 459 14 15 0.026165253 
824 286 11 12 0.026158242 
760 339 10 16 0.025995884 
166 46 43 52 0.025945362 
482 163 9 11 0.025821988 
604 246 10 13 0.025806554 
759 309 25 34 0.025784224 
471 334 20 26 0.025776 
304 194 28 36 0.025673037 
761 305 13 20 0.025485853 
363 169 12 15 0.025448516 
629 265 12 17 0.025310447 
726 566 11 15 0.025249854 
858 372 12 17 0.02519005 
882 373 13 16 0.025068432 
397 402 12 14 0.024683325 
808 441 8 10 0.024545798 
605 426 14 17 0.024467282 
597 448 14 20 0.024431512 
165 348 12 15 0.024269918 
533 393 23 34 0.024095766 
436 438 16 18 0.02406765 
139 478 13 16 0.024064217 
652 251 13 17 0.024005111 
758 501 13 16 0.023913158 
686 276 11 15 0.023699643 
683 581 15 19 0.023569744 
723 291 16 19 0.023500247 
194 32 16 20 0.023483567 
792 330 13 16 0.023363398 
1013 482 10 16 0.023280652 
766 331 22 27 0.023221225 
821 311 11 15 0.023151923 
829 437 10 14 0.023139708 
733 730 10 14 0.02307173 
712 532 11 13 0.022998737 
692 550 9 12 0.022991387 
789 430 9 11 0.022919934 
517 484 14 18 0.022883013 
529 461 12 16 0.022855958 
836 334 10 14 0.022845149 
470 159 7 10 0.022823142 
157 38 16 22 0.022807661 
166 308 10 13 0.02280575 
580 245 22 26 0.022680948 
651 333 15 20 0.022642916 
846 334 11 13 0.022467338 
783 398 10 12 0.022274459 
492 207 18 23 0.02226727 
717 273 15 18 0.022211164 
141 42 25 29 0.022175891 
753 607 9 11 0.022151401 
761 315 41 49 0.022132963 
500 411 15 18 0.021953523 
629 533 13 16 0.021938933 
1001 493 10 15 0.021865588 
760 312 12 22 0.021780878 
1013 125 10 17 0.021762356 
814 418 10 14 0.021742184 
485 363 14 17 0.02171431 
987 108 12 15 0.021691095 
681 532 9 12 0.021591185 
356 379 11 13 0.021580864 
586 259 22 28 0.021546496 
749 583 10 12 0.021469776 
519 192 9 12 0.021351634 
594 558 10 13 0.021272812 
637 337 15 19 0.021267451 
551 535 10 13 0.021233983 
301 539 12 16 0.021226972 
742 580 13 15 0.021223448 
759 494 10 12 0.021215009 
766 506 11 15 0.021214643 
576 509 10 14 0.021211883 
434 242 23 30 0.021177636 
717 588 16 18 0.021099895 
326 179 14 17 0.021025527 
774 346 12 14 0.02094047 
720 540 12 14 0.020917209 
815 286 10 12 0.020913202 
445 238 22 31 0.020862153 
798 557 7 10 0.020837193 
863 295 9 10 0.020795224 
497 274 29 32 0.020720001 
685 549 12 15 0.020719534 
127 316 11 13 0.020587817 
670 273 13 15 0.020587392 
903 536 10 13 0.020579835 
893 338 12 16 0.020501075 
741 344 24 32 0.020432282 
589 429 11 13 0.020392857 
528 402 14 19 0.02036844 
630 345 29 32 0.020316187 
156 48 15 19 0.020315453 
740 533 15 17 0.020298501 
500 482 13 17 0.020238837 
838 339 11 15 0.020175207 
1013 434 10 14 0.020173466 
704 565 12 14 0.020145318 
721 467 13 17 0.020129833 
845 444 11 14 0.020114047 
902 518 8 12 0.020107618 
607 543 11 15 0.020100571 
725 586 13 17 0.020067815 
671 445 41 52 0.020050062 
478 383 15 20 0.020014616 
523 455 15 17 0.02000028 
