0_Parade_Parade_0_906
47
440 259 107 138 0.9998018 
242 258 97 123 0.9997002 
640 237 128 162 0.99889344 
352 287 66 91 0.9976023 
561 265 72 96 0.99295056 
898 516 32 38 0.61088926 
300 271 82 112 0.34922472 
927 607 12 15 0.15922126 
523 253 84 124 0.124147765 
953 592 15 19 0.10549948 
939 570 17 20 0.104524 
918 604 23 28 0.061808184 
915 625 12 14 0.05965121 
700 592 10 12 0.049482297 
832 557 10 13 0.038980804 
623 14 11 13 0.038131364 
931 276 101 153 0.03795694 
49 719 8 9 0.034217525 
39 135 12 15 0.032239743 
879 574 12 15 0.031883765 
413 564 12 14 0.030975558 
697 637 11 13 0.0308064 
105 719 7 9 0.029825361 
230 523 52 61 0.028951606 
612 29 10 13 0.028045725 
911 526 21 24 0.027361868 
79 742 9 10 0.027237728 
215 294 8 11 0.026143044 
28 60 11 12 0.024888964 
836 563 11 13 0.02450245 
913 613 23 27 0.024211194 
48 117 10 13 0.023908108 
9 670 7 9 0.02379149 
938 577 23 28 0.02363822 
935 480 28 34 0.023268899 
663 590 9 10 0.023179825 
709 671 9 10 0.02274533 
687 654 8 10 0.022568334 
711 638 10 12 0.022490868 
924 516 16 20 0.02248017 
54 718 8 9 0.022331374 
709 675 11 13 0.02195325 
104 725 8 11 0.021908836 
624 8 9 10 0.020869331 
808 231 46 80 0.020709243 
37 110 8 10 0.020616565 
710 218 103 142 0.020008784 
