0_Parade_Parade_0_194
45
115 422 116 133 0.99978966 
364 253 92 132 0.9992926 
703 237 89 146 0.99888283 
207 346 74 106 0.9921514 
561 280 80 101 0.8737783 
1005 885 17 22 0.2293186 
173 372 90 125 0.20858687 
781 246 110 161 0.17081107 
591 752 14 19 0.06437474 
903 765 10 14 0.057326533 
1009 1047 10 13 0.04579798 
561 751 27 29 0.04464034 
573 748 23 28 0.042425025 
993 1043 11 14 0.040771887 
586 740 21 28 0.04067343 
906 1036 16 21 0.03684278 
1000 885 14 19 0.035185147 
1005 764 8 11 0.034441352 
979 1068 12 16 0.03361369 
927 755 14 16 0.03314884 
1006 966 13 17 0.03147565 
859 948 15 20 0.030521492 
621 740 11 16 0.030304503 
997 1054 9 11 0.02957667 
144 1188 191 262 0.027955754 
1001 759 9 11 0.027887512 
499 278 200 227 0.026795572 
200 348 422 543 0.025842793 
546 902 32 48 0.025311388 
53 671 10 13 0.024978723 
936 782 10 14 0.024663074 
125 672 17 20 0.024632968 
998 681 19 30 0.024398973 
939 884 15 18 0.023229197 
584 740 13 17 0.023136925 
1011 1050 11 16 0.022843644 
994 1038 12 14 0.02256034 
1012 1020 9 12 0.022232585 
445 634 398 476 0.022102017 
975 913 14 20 0.02193533 
-13 589 398 459 0.021676896 
998 1062 9 10 0.021145614 
12 42 26 35 0.021096982 
993 1061 8 11 0.020909246 
654 758 47 58 0.020516027 
