0_Parade_marchingband_1_311
239
477 298 16 23 0.86897486 
832 326 11 13 0.8160122 
263 301 13 16 0.7874983 
543 338 10 12 0.66418463 
574 340 13 17 0.63650465 
202 294 11 13 0.61803484 
719 346 10 12 0.57688314 
584 320 10 11 0.46460083 
772 338 13 15 0.43515074 
619 358 13 15 0.3439202 
336 320 9 11 0.28369603 
551 316 10 11 0.25238928 
615 342 9 12 0.24941814 
217 294 11 14 0.24651395 
730 324 13 16 0.21374498 
392 340 10 14 0.20550707 
622 343 11 13 0.19511044 
728 321 10 11 0.19381419 
664 334 10 12 0.16793038 
608 341 8 12 0.16070762 
413 337 11 14 0.15257272 
222 317 10 13 0.14839965 
247 311 8 12 0.1380865 
301 319 11 13 0.1359509 
375 335 9 13 0.1323733 
415 312 11 14 0.12016865 
408 338 11 14 0.11871661 
778 339 11 14 0.11557184 
600 340 10 13 0.1131738 
769 336 10 13 0.10685391 
53 310 8 10 0.10652784 
585 324 14 15 0.10447812 
484 311 15 20 0.10382134 
705 349 10 14 0.097552694 
145 313 9 11 0.097158074 
334 357 22 29 0.09400726 
223 312 9 12 0.091270395 
608 357 8 12 0.09037838 
657 340 10 13 0.08927331 
97 311 7 11 0.088774905 
637 367 9 11 0.08738438 
310 332 9 12 0.08476233 
831 341 11 12 0.08414894 
718 335 11 14 0.08278155 
342 126 27 29 0.08159297 
240 316 9 11 0.07588817 
150 313 9 11 0.07450347 
844 342 10 12 0.07414615 
256 276 10 11 0.0725104 
557 326 11 14 0.07249306 
319 334 11 13 0.0708317 
835 332 11 12 0.06665479 
399 318 11 14 0.065706976 
37 303 9 11 0.06383509 
177 320 7 9 0.06364332 
308 326 10 13 0.06319743 
598 359 10 11 0.06259219 
412 318 16 21 0.060109437 
548 334 11 13 0.059701167 
663 329 10 11 0.059285298 
418 315 12 16 0.059186462 
396 333 12 16 0.05858336 
686 288 10 12 0.057809636 
656 317 9 11 0.05539797 
628 341 11 14 0.054668356 
80 320 6 8 0.05386487 
533 310 12 15 0.05380921 
338 323 11 13 0.053613223 
656 349 11 13 0.053389903 
668 338 11 13 0.053098314 
102 317 8 9 0.052918635 
712 343 10 13 0.0525311 
582 333 10 13 0.052118927 
175 326 8 10 0.05194815 
726 327 13 17 0.04789071 
556 318 9 11 0.047189213 
87 311 7 10 0.047138963 
129 311 8 10 0.0470642 
831 349 11 13 0.04622971 
111 327 8 10 0.045931634 
82 312 7 9 0.04548001 
201 289 9 13 0.043752644 
384 407 10 13 0.043308638 
74 320 7 9 0.043004323 
609 347 9 12 0.042843487 
142 296 9 11 0.042805437 
709 320 9 11 0.04277869 
553 324 10 14 0.042637236 
309 367 10 12 0.042542055 
96 333 8 10 0.04253894 
589 330 12 15 0.04230106 
166 342 8 10 0.042230975 
391 334 19 26 0.04212806 
837 341 10 12 0.041159127 
510 296 21 27 0.04070738 
615 337 9 12 0.040360358 
632 372 11 12 0.040263727 
825 331 11 14 0.04021902 
215 335 9 11 0.040084127 
228 318 10 12 0.039971787 
328 319 9 10 0.03978802 
402 329 20 26 0.03941154 
212 289 19 24 0.039396647 
384 318 9 11 0.039333466 
660 369 13 15 0.039293077 
663 349 10 13 0.039206393 
87 328 8 10 0.039113194 
617 325 9 11 0.038809773 
159 318 8 10 0.03822156 
54 304 7 10 0.03758945 
647 379 10 13 0.037367105 
309 320 9 11 0.0371645 
409 272 191 217 0.037147865 
608 363 9 12 0.037043594 
327 358 12 16 0.036642306 
706 342 10 13 0.03632313 
538 340 9 13 0.03621814 
710 348 11 14 0.03569638 
430 332 12 17 0.035561256 
771 359 237 249 0.03466944 
319 320 9 10 0.03452512 
151 326 8 9 0.03451733 
103 328 8 10 0.03422773 
479 332 10 15 0.034030937 
217 315 12 16 0.03359744 
323 332 13 15 0.032985386 
656 367 11 13 0.032813143 
112 344 8 10 0.03266518 
168 326 8 11 0.032540176 
112 351 10 12 0.03247697 
677 317 12 13 0.032402683 
216 309 11 14 0.031680714 
192 309 8 10 0.031239927 
704 322 10 13 0.030839616 
262 277 9 11 0.03069405 
78 343 8 10 0.030441554 
404 312 18 24 0.030175395 
543 317 10 12 0.030083414 
707 354 11 15 0.030022174 
830 322 17 21 0.030002115 
167 335 8 10 0.029905334 
667 349 12 14 0.029751236 
247 293 10 13 0.029458296 
319 326 10 12 0.029447598 
656 310 12 14 0.029377459 
470 340 10 16 0.02929392 
173 368 9 11 0.029234855 
169 295 8 10 0.029194571 
575 317 11 13 0.029151147 
319 310 9 10 0.029068895 
327 326 10 11 0.0290512 
623 337 10 12 0.02903924 
400 312 9 12 0.029008407 
564 324 12 14 0.028866734 
138 301 8 11 0.028845323 
616 320 9 11 0.028678158 
321 271 8 12 0.028665232 
176 301 7 10 0.028657075 
73 325 8 10 0.028233163 
229 310 9 12 0.028130427 
48 304 9 11 0.028043736 
111 312 7 9 0.027675616 
198 307 10 13 0.0276625 
192 300 9 12 0.02754482 
88 333 8 10 0.027411466 
206 306 11 14 0.027063908 
406 310 12 15 0.02686851 
37 308 10 12 0.02664322 
669 327 11 13 0.02657172 
333 324 23 27 0.02641 
824 341 10 12 0.026163066 
617 345 20 23 0.026028914 
814 324 12 13 0.02582913 
461 383 9 11 0.025732191 
181 319 7 9 0.02570189 
259 301 10 14 0.025497666 
383 324 9 13 0.025422104 
790 319 9 12 0.025386974 
95 351 8 10 0.025148802 
771 336 21 24 0.024986783 
599 347 10 12 0.024852369 
720 318 9 12 0.024829544 
167 319 8 9 0.024680937 
326 310 10 11 0.024480788 
339 348 16 19 0.024437614 
126 294 8 9 0.024163496 
73 344 9 10 0.024116497 
103 303 8 9 0.023903644 
184 302 7 9 0.023859259 
158 296 9 10 0.023834256 
347 356 13 18 0.023783429 
71 349 8 10 0.023611976 
676 341 11 13 0.023503764 
177 332 8 10 0.023462089 
673 316 10 13 0.023433078 
456 391 11 13 0.02339597 
229 324 10 12 0.023387447 
661 317 9 12 0.023381945 
39 346 13 15 0.023318397 
183 334 8 10 0.023113783 
54 317 7 9 0.023051042 
394 320 21 27 0.022945924 
311 358 11 15 0.02294454 
278 316 11 14 0.022918666 
86 317 7 9 0.022866687 
87 304 8 10 0.022821056 
71 311 7 10 0.022577444 
629 356 10 14 0.022550859 
622 326 9 11 0.022507258 
772 325 14 16 0.02238594 
854 344 11 11 0.022339342 
257 388 12 15 0.022319822 
166 312 8 10 0.022155821 
213 310 20 26 0.022079898 
583 372 12 13 0.021954305 
412 344 14 18 0.021942288 
263 352 9 13 0.021937948 
319 356 11 16 0.0218446 
538 334 10 13 0.021743685 
30 328 8 11 0.021741742 
836 349 10 12 0.021714581 
326 349 13 17 0.021456195 
813 126 26 28 0.021351278 
782 315 11 14 0.02121795 
138 296 7 10 0.021134306 
49 317 8 10 0.020974783 
864 320 8 11 0.020947823 
524 300 11 16 0.020938586 
183 311 8 10 0.020932868 
6 318 9 11 0.020879848 
99 316 8 10 0.020772263 
247 302 9 12 0.020755647 
405 344 12 16 0.020738026 
540 336 18 22 0.0206245 
695 326 10 12 0.020583594 
714 343 18 22 0.0205412 
420 338 12 16 0.020398878 
230 270 8 10 0.020376518 
737 325 14 15 0.020187661 
