0_Parade_Parade_0_465
54
513 122 101 125 0.9998578 
409 113 93 125 0.9996526 
1004 122 16 21 0.9583142 
106 86 21 32 0.95067596 
946 119 15 20 0.8833399 
903 101 12 13 0.41982597 
501 233 345 487 0.20031421 
678 84 12 17 0.16705415 
914 130 16 21 0.13232964 
76 97 24 30 0.10258308 
931 133 12 15 0.10143649 
925 132 13 20 0.098119825 
341 196 388 472 0.07773118 
877 77 10 12 0.07483227 
1004 143 15 20 0.06905233 
846 75 11 15 0.06764154 
863 116 15 19 0.06165241 
444 382 22 23 0.06006783 
910 126 13 18 0.049510155 
928 101 10 12 0.046966236 
848 138 17 21 0.046439406 
853 101 13 16 0.046435263 
894 99 13 16 0.045562673 
888 99 12 15 0.041446775 
1009 69 8 11 0.040019963 
899 97 20 22 0.036926646 
889 143 11 14 0.03652974 
896 107 13 15 0.03545868 
902 123 13 16 0.034687493 
847 107 12 16 0.03279095 
892 108 23 28 0.032610804 
902 111 22 28 0.03062824 
92 86 27 33 0.029215332 
84 92 40 43 0.028508216 
269 91 61 52 0.028420037 
87 435 29 43 0.027305085 
895 110 38 49 0.026142709 
906 106 13 16 0.02584834 
989 93 10 11 0.025001345 
933 94 10 12 0.024996242 
852 123 26 33 0.024532808 
-1 74 21 35 0.024279581 
715 136 22 31 0.024254104 
933 119 21 27 0.023582313 
867 112 24 33 0.022991056 
713 223 11 14 0.022969974 
766 214 8 11 0.022875747 
860 109 14 18 0.02197541 
692 157 27 43 0.021816297 
724 104 13 19 0.021673676 
717 96 22 30 0.021480894 
893 122 15 18 0.020856699 
910 115 24 30 0.020293452 
671 90 12 15 0.020176787 
