0_Parade_marchingband_1_1045
221
660 267 31 41 0.99843746 
88 260 34 49 0.9936713 
942 259 41 56 0.9927395 
282 295 24 33 0.9671804 
586 254 29 42 0.96695954 
356 293 21 26 0.91416204 
180 315 20 26 0.8871998 
503 305 18 21 0.8719532 
438 304 15 20 0.808364 
384 299 16 19 0.7529095 
149 320 14 20 0.7397717 
202 322 13 19 0.7323903 
468 293 13 16 0.651569 
756 307 15 18 0.638167 
420 308 11 13 0.61239165 
776 298 12 15 0.58046055 
693 257 21 28 0.53983676 
0 312 14 23 0.46478078 
212 307 12 17 0.42182967 
332 308 10 13 0.40290827 
484 310 13 16 0.3333529 
238 316 12 16 0.32880363 
465 317 10 14 0.29625425 
395 268 11 15 0.23153742 
314 287 10 13 0.21633033 
943 193 27 32 0.20488746 
463 296 13 17 0.20215467 
140 325 17 21 0.19812016 
244 315 11 16 0.19662337 
777 326 10 13 0.16140273 
57 290 15 20 0.15647623 
596 307 15 17 0.15185614 
233 285 10 15 0.14853139 
844 308 12 16 0.14820427 
307 300 13 19 0.12843208 
446 261 16 21 0.12835714 
292 298 19 26 0.12546693 
271 300 26 30 0.113254644 
220 245 9 12 0.11096901 
407 279 10 13 0.10705221 
791 301 10 14 0.103007 
213 311 15 21 0.102043405 
236 291 12 17 0.09498399 
328 302 12 15 0.09423642 
680 258 25 32 0.09301434 
138 306 15 18 0.08831735 
245 299 12 17 0.08540097 
884 318 10 13 0.08242332 
173 237 14 17 0.07813873 
883 323 12 17 0.07578776 
533 296 12 15 0.073584646 
144 398 10 13 0.073196 
269 306 17 21 0.06991816 
512 307 13 16 0.06953005 
437 351 10 12 0.068344496 
229 259 9 13 0.0663726 
584 290 30 35 0.065082 
880 317 10 12 0.06349483 
365 259 10 13 0.06339743 
300 276 10 14 0.063224085 
12 296 11 13 0.061851002 
813 279 8 11 0.061348137 
865 326 8 12 0.06010643 
484 279 13 15 0.060066905 
462 308 12 15 0.058967274 
780 324 11 12 0.0585484 
634 33 14 18 0.05735839 
415 280 9 11 0.0572307 
348 257 13 16 0.056318108 
329 294 10 14 0.05519113 
494 307 16 18 0.055124406 
115 312 17 22 0.054196358 
990 0 11 10 0.05373198 
503 267 13 16 0.052508794 
433 306 13 17 0.051408958 
245 320 14 18 0.051276926 
759 298 18 24 0.05044888 
872 318 9 12 0.050320677 
326 313 13 17 0.050222825 
790 325 9 11 0.04844406 
405 317 13 16 0.047731947 
840 303 11 14 0.04763477 
284 243 14 20 0.047530163 
188 217 14 16 0.04594779 
762 311 12 15 0.04584099 
529 292 12 16 0.045091476 
406 268 11 13 0.04498903 
372 298 13 18 0.043192726 
741 353 12 14 0.042730294 
364 346 11 14 0.041764528 
193 317 18 24 0.041528914 
414 315 11 14 0.04129605 
802 254 8 11 0.04125216 
264 359 25 29 0.04097335 
570 263 31 37 0.040126517 
753 238 11 14 0.040105145 
548 300 26 28 0.038778976 
444 310 12 17 0.038707 
391 261 13 18 0.03827523 
415 302 12 16 0.038266685 
172 370 15 20 0.037998788 
420 284 10 13 0.037931994 
148 396 11 14 0.037583005 
276 344 17 19 0.036942255 
412 293 11 15 0.03687784 
34 178 39 67 0.036566667 
135 314 16 21 0.036189377 
295 269 11 14 0.035348818 
276 246 17 22 0.035283867 
431 334 11 13 0.03526021 
389 342 10 13 0.035073318 
185 281 12 16 0.034967195 
457 380 9 12 0.034653526 
215 241 11 14 0.034647185 
360 258 11 14 0.03456927 
778 331 12 14 0.033972777 
815 303 9 11 0.0337133 
505 348 11 14 0.033281334 
599 260 29 40 0.032968257 
222 420 16 18 0.032873124 
197 258 14 18 0.032744147 
206 316 18 25 0.032407552 
157 397 11 14 0.032344364 
497 268 10 14 0.03234433 
352 299 15 19 0.032009054 
416 303 19 23 0.031658694 
276 258 14 17 0.03160397 
246 294 19 27 0.031262908 
398 274 11 14 0.03125178 
400 318 11 15 0.031097898 
764 274 12 15 0.031049533 
488 359 10 11 0.030840289 
311 265 13 18 0.030459061 
789 276 10 13 0.03043867 
411 322 11 14 0.030393535 
392 272 11 14 0.03035202 
364 287 15 21 0.030162431 
734 299 9 11 0.029484661 
174 354 15 20 0.02937881 
334 284 12 17 0.029351562 
784 277 10 12 0.029070392 
480 283 10 13 0.028887784 
205 244 12 15 0.028724201 
408 300 10 14 0.02869917 
504 340 12 15 0.028632566 
455 298 13 18 0.028630769 
725 284 8 11 0.02848359 
473 299 14 18 0.028430251 
798 319 9 11 0.028330354 
224 253 10 13 0.028130883 
467 325 11 13 0.028063897 
407 309 10 13 0.027637042 
448 237 8 11 0.027432596 
293 260 11 15 0.027402084 
704 264 15 20 0.026763687 
276 354 17 21 0.026709136 
231 280 19 25 0.026553687 
452 270 14 19 0.025924375 
850 314 12 15 0.025866037 
644 271 30 32 0.025807662 
767 332 9 12 0.025711952 
275 364 16 20 0.02561967 
814 284 8 11 0.025511472 
446 248 8 10 0.025497833 
374 269 9 11 0.02504113 
242 302 19 26 0.024919001 
724 320 14 19 0.024879897 
178 374 15 18 0.02487237 
184 277 21 27 0.024565604 
816 325 8 10 0.02448739 
246 328 16 19 0.024453273 
59 282 23 30 0.024432575 
846 324 10 13 0.024299843 
775 320 12 14 0.024212096 
470 334 10 14 0.02415373 
270 345 14 19 0.02400967 
335 239 9 10 0.02398857 
840 334 10 13 0.023907505 
268 248 16 21 0.023809304 
864 319 9 12 0.023401894 
748 264 10 12 0.023078693 
285 255 13 19 0.02304451 
122 307 15 20 0.023033235 
197 415 10 12 0.023020979 
544 259 12 18 0.022955269 
309 286 19 23 0.02290714 
330 289 17 25 0.022833854 
766 325 12 15 0.022655593 
680 203 10 12 0.022216238 
195 219 13 15 0.022144187 
218 317 14 20 0.02207831 
97 210 22 32 0.02199781 
290 249 13 19 0.02185976 
998 308 24 41 0.021810472 
663 339 40 50 0.021774234 
841 313 13 16 0.021760516 
359 269 12 14 0.02174626 
876 320 21 27 0.02167579 
399 284 11 13 0.021526886 
365 363 12 15 0.02145943 
230 318 15 19 0.021306343 
46 293 12 16 0.021249989 
379 312 16 19 0.021097878 
453 315 12 16 0.021058299 
817 319 8 10 0.021005444 
809 272 8 10 0.020912219 
790 319 10 12 0.020868834 
982 231 36 43 0.020851007 
262 310 18 20 0.020846888 
148 308 13 19 0.02078398 
525 238 26 34 0.020728042 
462 338 13 16 0.020658897 
781 304 13 16 0.020603802 
3 301 14 18 0.020598259 
527 287 19 25 0.020343048 
296 271 19 25 0.020341268 
249 314 15 18 0.020294214 
449 340 8 12 0.020281302 
783 286 10 11 0.02028086 
214 239 20 23 0.020137606 
493 277 11 13 0.0200894 
