0_Parade_Parade_0_559
41
436 334 64 84 0.9636023 
536 357 27 35 0.91647166 
760 348 53 70 0.7138469 
317 302 46 59 0.33587167 
996 433 28 40 0.15127699 
591 174 9 11 0.15080547 
755 332 84 118 0.10144725 
25 313 215 292 0.08877879 
742 319 50 70 0.08012442 
296 291 51 64 0.076349914 
575 318 29 38 0.060899977 
526 344 41 59 0.0546108 
624 186 9 11 0.05419628 
763 232 31 41 0.04724731 
209 316 43 63 0.047211114 
642 364 49 62 0.046845432 
499 347 47 65 0.040386815 
795 287 55 76 0.037598815 
780 310 64 88 0.03738877 
542 164 13 17 0.03492456 
754 358 34 50 0.033989493 
587 323 14 22 0.03377587 
340 301 46 67 0.03370607 
145 617 29 31 0.03349882 
477 152 8 11 0.032387402 
367 298 47 65 0.030350722 
219 298 26 32 0.030276813 
424 306 51 82 0.030121222 
320 89 10 12 0.026881158 
926 285 43 62 0.025498066 
211 331 24 36 0.024763515 
781 318 12 13 0.024022488 
598 194 10 13 0.023444112 
433 337 16 20 0.023425486 
296 58 27 31 0.02304832 
652 377 33 35 0.022988196 
381 287 44 57 0.02249784 
771 317 28 29 0.021031586 
628 183 9 13 0.020850731 
666 380 15 18 0.020744717 
815 320 56 77 0.020720765 
