0_Parade_marchingband_1_156
225
568 248 61 69 0.9989753 
168 250 64 70 0.99863154 
872 185 79 99 0.9853064 
404 189 14 19 0.6200032 
349 199 13 18 0.51927453 
68 200 17 20 0.5084933 
889 0 16 17 0.5079473 
152 136 51 51 0.42240366 
39 576 26 41 0.39301312 
44 14 21 29 0.3585299 
330 9 16 21 0.34336537 
658 91 14 17 0.33972985 
668 112 14 19 0.3123413 
187 24 15 19 0.2969387 
749 158 14 17 0.2913456 
287 253 23 34 0.29120186 
360 275 21 25 0.26489377 
15 198 16 20 0.23840238 
445 289 14 18 0.2187088 
734 232 15 18 0.21506095 
317 196 13 16 0.20411374 
343 265 15 21 0.20105617 
439 258 16 20 0.18812609 
88 56 15 20 0.17704102 
4 331 16 21 0.15581965 
458 155 13 17 0.15503065 
1007 209 15 23 0.1517185 
377 20 13 18 0.15005784 
404 268 14 18 0.14775799 
352 335 22 28 0.14725325 
708 352 14 17 0.1466729 
384 202 14 18 0.14467525 
384 177 12 15 0.14106795 
823 21 13 16 0.12221728 
267 -1 17 14 0.12151674 
263 33 14 18 0.11840986 
739 6 14 17 0.11564075 
292 245 15 17 0.11043028 
5 239 14 17 0.10711621 
99 215 27 40 0.10670979 
324 240 17 22 0.106148265 
438 190 15 19 0.10149483 
244 24 15 19 0.10097333 
269 218 17 22 0.09589166 
18 5 22 26 0.0957644 
397 267 15 18 0.093642175 
367 192 13 16 0.08904185 
394 148 14 18 0.08891679 
775 219 14 19 0.08853572 
233 150 48 69 0.08791384 
343 226 13 16 0.08521647 
690 277 14 17 0.08479189 
59 0 16 17 0.08198084 
12 604 24 33 0.07898627 
1002 289 16 23 0.07848418 
484 176 16 21 0.07842949 
663 255 15 19 0.07768265 
420 168 14 18 0.07619755 
391 265 14 17 0.073603384 
181 139 51 57 0.073421545 
345 268 22 27 0.073077425 
75 205 41 52 0.072821096 
503 -1 15 14 0.07269284 
715 154 19 22 0.07111202 
451 217 17 21 0.07071492 
43 147 16 20 0.06997701 
75 503 45 58 0.06861465 
806 0 16 18 0.06484899 
43 312 13 17 0.06469874 
297 26 15 20 0.06402984 
125 4 24 26 0.060516812 
315 344 18 22 0.059787 
979 22 12 15 0.059089545 
366 271 15 18 0.05871055 
478 67 16 18 0.058480356 
84 160 18 26 0.05753061 
693 190 13 17 0.057233863 
777 -2 17 15 0.056280673 
469 86 13 17 0.05497223 
475 105 12 16 0.054603387 
37 58 15 19 0.053635962 
481 182 27 35 0.05327139 
724 186 14 18 0.05207772 
345 138 15 19 0.052050926 
568 177 22 31 0.051918205 
415 341 15 20 0.051341537 
446 56 16 24 0.051162817 
33 242 17 24 0.04983329 
447 341 28 35 0.0493142 
159 130 35 35 0.049042773 
298 188 12 16 0.04872659 
157 60 15 19 0.04870499 
439 412 56 59 0.048421185 
530 499 107 129 0.048139628 
355 89 13 16 0.04779035 
810 85 16 19 0.047646105 
130 0 15 14 0.04658701 
51 4 23 28 0.04498236 
735 541 44 56 0.044457 
704 93 11 15 0.044439215 
516 130 15 20 0.04376895 
60 57 16 21 0.04353372 
131 17 16 20 0.043129627 
1000 101 25 41 0.04211988 
303 90 15 18 0.041431926 
362 224 15 17 0.041428905 
400 274 23 28 0.040303834 
333 12 21 26 0.040247936 
266 5 24 28 0.039765827 
715 257 14 17 0.039271954 
355 282 18 23 0.039032675 
430 140 14 17 0.0387261 
105 0 17 16 0.03863271 
21 12 26 31 0.03861165 
471 99 14 19 0.03852654 
738 338 17 23 0.038311344 
148 137 32 37 0.037644934 
362 330 15 20 0.03754153 
636 145 15 19 0.037316594 
685 10 14 16 0.03646265 
30 18 28 33 0.035744224 
299 -1 17 19 0.03548327 
1004 113 16 25 0.035407577 
168 154 35 43 0.03494605 
4 319 21 28 0.034678124 
331 184 13 18 0.034667544 
17 650 32 47 0.033925552 
811 107 27 34 0.03367753 
211 85 15 20 0.033091623 
-6 0 82 116 0.0326593 
765 -1 14 12 0.03199716 
807 208 14 17 0.031986307 
237 0 16 18 0.03196005 
386 215 15 20 0.03169922 
133 123 85 84 0.031629954 
117 241 16 22 0.031183248 
390 142 14 16 0.030968988 
87 217 15 19 0.030590817 
715 298 16 21 0.03056214 
459 375 51 60 0.03049055 
706 123 14 18 0.03026042 
340 30 21 28 0.030000553 
295 249 18 23 0.029808309 
1 295 24 37 0.0297158 
28 585 27 37 0.02961755 
408 272 15 19 0.029315323 
709 157 16 20 0.029276352 
11 150 16 20 0.02923457 
376 148 12 15 0.029071692 
601 161 38 49 0.028927822 
854 223 26 37 0.02889429 
62 592 26 35 0.028439246 
54 95 22 31 0.028345197 
769 130 14 17 0.028208926 
348 20 12 15 0.02818092 
313 290 22 27 0.02810731 
574 179 46 52 0.02784383 
798 269 14 17 0.027564734 
396 53 15 18 0.027550256 
474 90 15 19 0.027437054 
397 280 15 21 0.027413862 
422 202 12 15 0.027408822 
630 162 24 36 0.027320584 
762 266 13 16 0.027223974 
124 56 17 23 0.026701625 
389 53 14 18 0.026535662 
593 10 14 17 0.026188102 
284 171 13 15 0.026163302 
515 115 22 28 0.02600693 
427 201 13 17 0.02539304 
737 208 15 18 0.025202246 
520 511 31 36 0.025171703 
238 19 17 20 0.025059957 
320 10 22 26 0.024839176 
810 97 15 19 0.024421034 
356 325 17 20 0.024196891 
511 113 13 17 0.024190085 
652 116 15 20 0.02407865 
714 11 14 16 0.024020163 
504 63 10 12 0.023985256 
626 113 14 19 0.023898361 
511 82 14 18 0.02385263 
551 164 26 35 0.023779156 
183 132 34 43 0.023716949 
389 273 16 20 0.023692947 
26 30 16 21 0.023535946 
149 62 21 25 0.023442846 
661 108 16 21 0.023429187 
465 401 43 48 0.023390234 
133 63 15 20 0.022958966 
718 49 15 18 0.022893658 
522 506 62 66 0.022618573 
450 339 18 23 0.02260913 
944 0 16 17 0.02260738 
818 0 16 18 0.022582427 
714 218 15 19 0.022503147 
676 280 13 18 0.022458876 
308 298 24 31 0.02211234 
485 167 14 16 0.021986635 
435 53 24 31 0.021841826 
13 25 49 61 0.021679098 
726 98 13 15 0.021645298 
515 109 15 18 0.02147316 
395 179 21 26 0.021469776 
74 51 21 29 0.021467062 
286 122 14 16 0.02145082 
198 44 16 21 0.021344082 
386 187 14 17 0.021294458 
457 365 38 47 0.021277787 
774 102 14 17 0.021248668 
291 266 25 31 0.021243554 
419 104 15 17 0.021180235 
337 5 14 19 0.021176998 
46 582 37 49 0.02104449 
991 281 26 40 0.02101595 
435 313 22 30 0.0210034 
970 91 16 19 0.020948227 
245 176 30 41 0.02080155 
1000 209 27 42 0.020682244 
262 164 11 17 0.02048079 
647 300 24 29 0.020272803 
403 319 24 30 0.020201255 
854 -1 12 11 0.020146357 
930 94 15 21 0.020144517 
461 -1 13 12 0.020063424 
