0_Parade_Parade_0_611
70
153 161 30 54 0.9970943 
70 196 26 32 0.9947515 
414 142 37 48 0.9933983 
588 154 37 49 0.99110705 
301 174 40 47 0.9906337 
498 200 23 35 0.9844971 
918 224 13 17 0.9534444 
658 199 14 22 0.7754609 
757 209 13 20 0.60699606 
258 197 24 34 0.42405432 
686 214 11 14 0.4055997 
722 229 11 14 0.39618838 
531 211 15 21 0.35555327 
620 191 15 21 0.3354346 
750 218 14 19 0.1865831 
241 171 15 18 0.1787108 
170 219 17 22 0.13701281 
724 206 12 15 0.114333525 
785 248 9 12 0.11433296 
510 207 25 31 0.10910988 
224 237 24 28 0.07806936 
524 239 17 23 0.06757875 
722 221 13 15 0.06395839 
649 201 19 26 0.05446341 
782 263 8 10 0.053633202 
731 205 13 14 0.048816092 
975 217 8 9 0.04808713 
763 206 12 18 0.04609666 
743 219 15 18 0.045223996 
768 270 9 11 0.043962732 
573 193 12 16 0.041688528 
952 235 9 12 0.04052101 
380 301 29 33 0.03969019 
538 212 13 18 0.037843607 
378 136 15 23 0.036622364 
798 238 9 11 0.036334753 
383 98 38 52 0.03471508 
777 264 10 11 0.034334637 
720 208 13 18 0.034223404 
339 305 28 37 0.033811644 
902 231 9 12 0.033161853 
218 155 13 15 0.032771993 
646 209 15 19 0.031897794 
775 269 9 10 0.031285256 
788 247 9 11 0.02911649 
422 382 48 68 0.028885825 
717 226 19 22 0.027798846 
332 176 29 38 0.027657887 
734 218 13 17 0.02710117 
374 134 12 19 0.025305353 
749 205 16 22 0.025139911 
523 218 22 28 0.025074305 
677 221 25 26 0.024814943 
245 201 26 33 0.02425906 
937 224 8 11 0.023873381 
531 267 13 16 0.023870004 
507 197 14 21 0.023572598 
740 203 13 17 0.023225175 
346 170 29 37 0.022838805 
912 214 10 12 0.022427311 
767 285 11 14 0.022169432 
288 168 16 21 0.022011299 
403 116 15 19 0.021747598 
549 213 12 16 0.021553915 
683 210 18 22 0.021281963 
576 177 13 18 0.020886 
532 237 22 33 0.020425687 
830 238 7 11 0.020232333 
235 172 23 28 0.02017638 
528 205 13 18 0.020126278 
