0_Parade_marchingband_1_490
931
652 389 15 20 0.9915559 
884 358 15 20 0.98914474 
662 360 14 18 0.9888671 
882 332 14 16 0.9883208 
482 356 16 19 0.9871191 
630 331 14 18 0.98642784 
500 328 14 17 0.98524034 
538 438 17 22 0.98462915 
923 338 13 17 0.9845694 
264 391 13 19 0.9841935 
390 358 15 20 0.9833965 
439 358 14 19 0.9818256 
237 284 12 16 0.9817178 
613 285 12 16 0.9793154 
878 390 16 20 0.978634 
307 388 14 18 0.977128 
413 332 12 16 0.97584575 
787 392 14 18 0.9754857 
526 356 15 18 0.972354 
245 326 13 17 0.97182584 
276 285 11 15 0.9708901 
551 388 16 21 0.9705164 
839 247 11 14 0.96897316 
718 308 12 15 0.96852744 
302 358 14 17 0.9667904 
678 305 14 17 0.96677464 
123 353 14 18 0.96674794 
837 391 15 19 0.9666628 
290 453 16 19 0.96609557 
669 453 18 22 0.9658858 
572 359 13 18 0.9647624 
575 282 12 15 0.96379215 
752 360 14 18 0.9632876 
454 390 15 20 0.9630487 
718 238 10 13 0.95864314 
205 327 13 16 0.9523771 
759 310 13 16 0.95138025 
408 451 17 22 0.94959736 
170 355 13 17 0.94926184 
405 190 10 12 0.9491918 
439 302 14 18 0.948087 
586 330 14 17 0.9464402 
674 330 13 18 0.94613266 
504 387 16 20 0.94575065 
639 306 13 16 0.9449645 
217 394 15 19 0.94434947 
79 398 13 16 0.9408278 
743 390 15 20 0.9404455 
303 266 12 16 0.93981636 
86 334 13 15 0.9391491 
167 285 11 14 0.9387249 
261 355 14 17 0.93632054 
282 304 13 18 0.93527365 
148 241 12 15 0.93279827 
837 286 11 15 0.92935324 
600 389 14 18 0.9293035 
461 284 12 16 0.9267181 
696 391 15 19 0.92593795 
707 358 14 16 0.92485887 
811 230 10 13 0.9231743 
347 358 14 18 0.9226548 
686 287 12 14 0.92208457 
205 305 13 17 0.91934717 
201 284 12 15 0.9183746 
405 388 16 19 0.91830474 
432 246 11 14 0.91696537 
358 389 15 18 0.91209215 
293 246 12 15 0.9105116 
357 206 9 11 0.90937215 
328 246 11 14 0.90922034 
369 330 14 18 0.9084313 
704 248 12 15 0.9037149 
313 284 11 15 0.9013777 
287 328 13 17 0.90072703 
563 306 13 16 0.8975096 
932 366 13 17 0.89700514 
835 360 14 18 0.89625454 
422 284 13 15 0.89553416 
668 204 10 13 0.8948745 
750 333 13 16 0.89439857 
493 287 12 16 0.8936016 
628 270 12 16 0.8934324 
544 331 13 16 0.89159614 
330 328 13 18 0.88770556 
932 387 14 19 0.8851484 
245 304 12 15 0.8829857 
728 202 10 12 0.87878376 
621 186 10 14 0.8786632 
801 267 12 14 0.8782082 
975 397 13 16 0.8775345 
734 266 12 16 0.8752588 
702 203 9 13 0.87143296 
652 237 10 14 0.8696828 
555 266 13 16 0.85887057 
557 192 9 11 0.8576698 
217 360 14 18 0.8573271 
800 310 12 16 0.8569232 
31 392 14 18 0.85268056 
264 199 9 12 0.8522678 
351 285 11 15 0.8517132 
385 283 12 16 0.849386 
535 250 12 15 0.84893245 
196 264 11 14 0.8452428 
482 306 13 16 0.8452417 
442 266 13 16 0.8410534 
341 190 10 13 0.8402466 
78 359 14 18 0.8398042 
697 267 11 14 0.83717877 
360 303 12 17 0.83567697 
224 248 11 14 0.8342531 
125 397 14 18 0.83228415 
545 206 9 11 0.8279993 
686 235 10 14 0.8242436 
838 327 13 17 0.8239475 
592 268 12 15 0.82092017 
375 192 9 11 0.8194923 
575 204 9 13 0.8137175 
789 212 10 13 0.8133351 
373 266 10 14 0.8117918 
529 213 10 13 0.80737525 
714 328 13 17 0.8068273 
400 306 12 16 0.806324 
669 249 12 15 0.8006849 
837 312 14 18 0.7989573 
591 188 8 11 0.7959966 
661 267 11 14 0.7933306 
717 215 10 12 0.78297603 
341 267 12 14 0.7807971 
171 397 13 17 0.76632553 
526 191 7 10 0.7643493 
560 215 12 15 0.7584248 
600 304 13 16 0.75588995 
581 232 10 14 0.75410956 
523 305 13 16 0.75273633 
794 360 13 17 0.7509111 
498 213 10 12 0.74576324 
650 285 12 15 0.74381757 
381 232 10 13 0.7411934 
536 285 12 14 0.7400311 
769 271 9 12 0.73899096 
518 267 12 14 0.7364431 
548 232 10 14 0.73011625 
726 286 10 13 0.7292092 
793 330 13 16 0.72874695 
247 214 8 11 0.7287018 
124 327 13 15 0.7272968 
615 357 15 18 0.7247442 
797 287 12 14 0.7226093 
406 265 12 16 0.7215404 
320 304 12 16 0.71479607 
391 206 9 12 0.71035296 
164 304 12 16 0.70079565 
436 193 8 11 0.70076454 
454 202 9 12 0.6940868 
745 231 9 12 0.6857334 
265 263 12 16 0.6790065 
259 247 10 14 0.6762333 
684 188 10 12 0.676119 
636 204 9 11 0.66816616 
304 216 9 12 0.6628451 
653 189 9 12 0.6620693 
760 288 10 14 0.65650666 
454 235 9 13 0.65587324 
457 330 14 17 0.6551946 
785 216 10 12 0.6546274 
503 251 11 14 0.6469067 
605 248 12 14 0.645707 
310 232 10 13 0.6274783 
220 227 9 13 0.62309545 
216 211 9 11 0.6209466 
396 247 12 15 0.6098629 
122 286 12 16 0.59411526 
510 204 9 11 0.59002745 
627 220 9 11 0.5858224 
403 215 11 14 0.58556306 
595 219 9 12 0.57038695 
872 297 12 15 0.56485444 
636 250 12 14 0.56372166 
481 269 12 15 0.5613745 
188 226 11 13 0.55859107 
436 215 10 14 0.55211765 
772 251 11 13 0.5495352 
294 200 9 12 0.5429168 
279 189 9 11 0.53691655 
234 198 8 11 0.5298815 
756 202 10 13 0.51991755 
776 231 10 13 0.51500696 
878 314 10 14 0.5097553 
231 264 11 15 0.5080949 
605 201 9 12 0.5076768 
469 185 7 10 0.5069992 
167 325 12 17 0.5043185 
517 235 10 13 0.5025719 
846 265 10 14 0.49887744 
182 244 12 15 0.48868668 
363 248 11 13 0.47513866 
281 232 9 12 0.46525258 
617 233 12 14 0.46174845 
570 249 12 15 0.461053 
420 203 9 12 0.45708987 
252 230 9 12 0.44630378 
468 248 10 14 0.42313638 
736 249 11 14 0.42113233 
809 249 11 14 0.40064448 
484 232 9 12 0.3991017 
346 232 10 12 0.39729255 
482 204 10 12 0.39704114 
420 233 10 14 0.39310285 
185 210 10 13 0.39072105 
370 216 10 13 0.38625625 
277 215 9 12 0.38232654 
173 231 9 11 0.37751642 
791 209 9 11 0.37149814 
338 215 8 11 0.36134848 
498 185 8 10 0.35869572 
311 188 8 11 0.3580431 
661 219 9 12 0.34104234 
602 205 9 10 0.33659637 
97 404 10 14 0.30573282 
467 215 8 11 0.29918513 
632 247 12 15 0.29213017 
655 461 12 15 0.28689927 
600 238 8 10 0.25910908 
248 221 9 11 0.24985853 
693 221 8 11 0.2490001 
327 200 9 12 0.24857755 
740 269 11 14 0.24171004 
502 232 9 11 0.23184031 
123 306 12 15 0.22832058 
591 251 11 12 0.20826367 
504 309 10 13 0.19768225 
630 289 13 16 0.19686419 
677 270 9 12 0.19582286 
708 286 9 12 0.18486829 
217 221 10 14 0.18222429 
566 239 9 11 0.18111141 
638 270 10 14 0.17878579 
239 205 7 11 0.17798786 
687 326 11 15 0.1771094 
733 288 10 12 0.17144537 
242 213 8 11 0.17014231 
464 309 10 12 0.16826022 
667 291 12 14 0.16400138 
487 250 10 13 0.15904051 
750 221 8 11 0.15682553 
633 238 8 11 0.15277793 
514 269 9 12 0.14862026 
696 307 10 13 0.14704259 
155 260 11 13 0.14611126 
645 221 9 11 0.14593762 
767 329 11 14 0.1459011 
542 307 12 15 0.14401814 
597 285 12 14 0.1394072 
368 263 12 15 0.13855995 
751 216 9 11 0.13605851 
803 289 11 16 0.13553128 
186 222 10 13 0.1334259 
205 231 9 11 0.12469145 
714 270 9 12 0.12466272 
79 366 14 19 0.12405386 
514 222 8 9 0.123370126 
842 309 13 16 0.12248256 
541 269 10 12 0.12224085 
648 327 11 15 0.12165883 
808 331 10 14 0.12096549 
539 277 12 15 0.120750934 
623 252 11 13 0.120596476 
574 269 11 14 0.11885346 
851 266 10 14 0.11452595 
720 262 10 13 0.11386228 
308 219 9 11 0.113694616 
748 270 10 13 0.112860575 
764 302 12 15 0.11263302 
289 250 10 14 0.11224557 
910 370 14 18 0.11156432 
963 379 11 14 0.11033435 
263 237 8 11 0.10947073 
377 234 10 13 0.108273454 
512 231 10 12 0.10799978 
240 365 13 16 0.10706269 
118 468 9 11 0.10613927 
772 274 12 15 0.104453325 
638 230 9 12 0.103701904 
534 232 8 11 0.10140237 
610 222 9 11 0.10001692 
738 308 10 13 0.09916814 
553 254 9 11 0.09626933 
884 269 12 16 0.09129377 
309 278 13 16 0.08912639 
135 271 10 12 0.08901195 
620 306 12 14 0.08868834 
629 216 9 12 0.087562315 
404 245 10 14 0.08628524 
668 268 11 14 0.085912995 
501 206 9 12 0.08586107 
722 237 11 15 0.08581737 
407 236 9 11 0.085776225 
581 305 13 16 0.08567651 
152 268 10 13 0.08559295 
143 227 10 13 0.08542181 
199 248 8 11 0.085169226 
448 232 11 13 0.08463087 
566 337 14 17 0.084011845 
688 256 10 12 0.083945036 
864 337 11 16 0.08338182 
129 331 13 15 0.082972884 
350 252 10 12 0.08257258 
579 206 9 12 0.08252273 
234 203 10 12 0.08247415 
174 379 12 14 0.08246505 
136 314 12 15 0.08168889 
271 279 12 15 0.0814927 
533 237 9 11 0.081010416 
470 231 9 11 0.080440745 
185 240 10 13 0.08034514 
611 413 14 17 0.08022121 
400 267 12 15 0.079717204 
694 214 8 11 0.07968322 
311 252 10 12 0.07956321 
779 275 12 15 0.07955656 
505 199 9 11 0.07936086 
111 314 12 16 0.079242565 
726 325 12 15 0.07794408 
553 354 15 18 0.07781931 
522 262 13 15 0.07763744 
607 324 12 14 0.07740262 
656 262 12 15 0.07716877 
714 356 12 15 0.07684202 
284 365 11 14 0.07591881 
520 253 9 11 0.07526982 
109 340 10 13 0.07485398 
335 262 12 15 0.07365946 
539 373 13 17 0.07312764 
200 361 14 17 0.07190872 
769 261 10 13 0.070952 
692 237 9 13 0.07071888 
533 308 11 15 0.07071594 
527 231 9 12 0.070607424 
728 254 9 13 0.0705875 
302 237 9 13 0.07041048 
341 186 8 10 0.070288606 
309 462 12 14 0.06943845 
683 185 9 11 0.06883655 
361 268 11 13 0.06863071 
737 302 10 13 0.06848022 
406 208 9 10 0.06820499 
249 234 10 12 0.068173386 
221 209 8 10 0.06789814 
470 236 9 11 0.067474306 
264 232 9 12 0.067256115 
518 242 11 13 0.06717689 
535 315 12 16 0.066862084 
95 400 10 14 0.066689186 
726 261 11 14 0.06658651 
643 269 11 14 0.06657295 
759 236 10 13 0.06635313 
438 237 11 13 0.06631037 
604 455 11 14 0.066266865 
758 221 9 12 0.06518528 
656 308 10 13 0.0648221 
386 207 8 11 0.064737685 
748 234 10 13 0.06433279 
840 280 11 14 0.06387037 
472 269 11 14 0.06358416 
649 232 10 13 0.063548565 
630 263 11 14 0.063307434 
658 216 9 12 0.06329072 
390 202 9 10 0.06309662 
893 270 11 14 0.06305087 
608 229 9 12 0.06296598 
264 301 11 14 0.06246419 
805 349 12 16 0.061872587 
353 386 13 18 0.06182205 
254 236 10 12 0.061696913 
280 195 8 10 0.06121439 
608 268 10 13 0.060864512 
133 289 13 17 0.060607 
853 238 10 12 0.059968267 
422 215 9 12 0.059234165 
273 219 10 11 0.05906513 
81 422 8 11 0.058928832 
218 236 9 12 0.058788616 
72 351 10 13 0.058557596 
125 390 13 17 0.05783155 
570 306 13 16 0.05765882 
528 236 9 12 0.05754393 
246 210 8 10 0.05747138 
290 205 9 11 0.057183996 
297 356 13 16 0.056299817 
200 231 9 11 0.0562727 
676 276 11 13 0.056126185 
640 214 8 11 0.05567114 
177 244 10 14 0.055053975 
495 247 11 13 0.054911576 
388 230 10 13 0.054816358 
624 274 12 15 0.054708194 
232 193 9 12 0.053851176 
171 389 14 18 0.053706035 
533 219 9 12 0.053565133 
937 368 14 18 0.053341243 
691 290 11 15 0.05292835 
296 241 10 13 0.05262525 
768 230 10 13 0.052136872 
638 258 11 15 0.05208992 
613 268 12 13 0.051905323 
830 262 10 12 0.051833563 
456 363 12 17 0.051433817 
468 219 10 12 0.051418394 
699 200 9 12 0.051273905 
790 255 9 11 0.05109737 
712 276 10 13 0.050677616 
707 290 11 15 0.050195403 
704 463 9 11 0.050012823 
346 284 11 15 0.049866553 
676 246 10 14 0.04960396 
463 207 9 11 0.04958703 
165 469 10 13 0.04955512 
615 216 8 10 0.049331155 
189 246 9 13 0.049317982 
351 141 7 9 0.04928893 
824 283 9 12 0.0489919 
294 274 11 14 0.048902716 
543 224 9 10 0.0488271 
478 394 15 19 0.048671197 
631 230 9 11 0.048645347 
513 213 9 12 0.048603974 
189 235 10 12 0.048557583 
528 253 10 12 0.048519153 
462 312 13 17 0.04851075 
866 273 14 17 0.04841474 
213 436 13 17 0.04836871 
376 205 9 11 0.048118442 
723 314 12 16 0.047674656 
512 261 9 13 0.04756135 
470 197 9 11 0.047553934 
532 323 13 16 0.047123987 
640 354 12 15 0.047074247 
809 225 9 12 0.047022182 
791 238 9 11 0.04700926 
723 354 12 15 0.046964943 
646 278 12 15 0.04677286 
317 237 10 12 0.046719223 
711 380 11 16 0.04663346 
739 291 11 14 0.046511438 
797 300 14 17 0.046410017 
399 238 11 12 0.046063077 
55 480 11 13 0.04603277 
616 306 11 15 0.045877293 
622 262 12 14 0.045423117 
608 278 12 15 0.045369737 
279 253 11 13 0.045089427 
734 222 9 12 0.04506035 
755 322 13 18 0.044986933 
663 286 10 13 0.04477683 
500 188 8 11 0.044364166 
636 286 12 14 0.044128645 
354 210 9 12 0.044072963 
573 262 11 12 0.044041935 
661 239 10 12 0.044033106 
895 386 12 17 0.043978937 
322 246 9 12 0.04387244 
361 382 16 20 0.043865662 
653 194 11 13 0.043808132 
278 261 11 13 0.043414075 
501 316 13 16 0.04332386 
104 483 11 14 0.04322932 
883 316 11 14 0.04299735 
582 224 8 10 0.042970337 
286 355 12 15 0.04265935 
483 263 12 15 0.042571865 
297 213 9 11 0.042483248 
407 327 12 15 0.042333562 
871 317 11 15 0.042214822 
503 268 11 13 0.042191505 
758 246 10 13 0.04216342 
612 246 10 13 0.042151876 
468 274 12 16 0.042085808 
33 399 15 19 0.04165949 
700 301 11 14 0.041627876 
559 210 9 10 0.041538086 
682 231 11 13 0.04147971 
654 254 10 13 0.041441053 
287 276 11 14 0.041402016 
279 208 8 10 0.041362133 
862 321 14 17 0.04122001 
357 527 13 17 0.041169748 
261 194 17 22 0.041138574 
175 267 10 13 0.040968966 
779 234 11 14 0.040703863 
71 464 11 12 0.040362004 
688 217 10 11 0.04035121 
76 351 13 17 0.04034483 
176 420 10 12 0.040235415 
353 201 18 23 0.040132318 
206 252 9 12 0.040117335 
393 305 12 17 0.04006777 
497 237 9 12 0.040056746 
772 292 12 14 0.039913166 
840 265 11 16 0.039520714 
380 192 8 11 0.039090246 
455 254 10 12 0.03908404 
774 285 10 12 0.03870097 
588 236 10 13 0.038691293 
662 301 11 14 0.03855488 
533 297 12 16 0.03854447 
607 216 8 10 0.038234673 
916 393 14 18 0.0381947 
572 325 13 15 0.037963353 
377 268 11 14 0.037900236 
794 291 12 15 0.037893888 
647 241 12 15 0.03779005 
794 389 14 19 0.03777939 
103 317 12 15 0.037700698 
666 259 13 16 0.037588906 
380 262 11 13 0.03735675 
264 214 9 11 0.03734228 
844 275 12 14 0.0372755 
210 303 12 15 0.037015796 
56 405 11 14 0.03684505 
397 207 9 11 0.036823947 
719 209 9 10 0.036752094 
895 317 10 14 0.036707528 
520 214 8 11 0.03658791 
716 276 12 14 0.036586832 
125 338 15 18 0.03655187 
613 252 10 13 0.036449544 
342 273 12 16 0.03643884 
191 253 9 12 0.036047556 
596 263 11 14 0.036002185 
554 187 17 22 0.03598762 
470 206 8 11 0.03596136 
279 370 13 16 0.03589929 
440 208 8 11 0.035870507 
588 368 14 18 0.035798773 
127 381 10 13 0.035686694 
427 279 13 16 0.03547398 
548 306 13 16 0.03533904 
900 339 11 15 0.035199683 
509 247 10 13 0.03518819 
713 232 8 11 0.035153076 
399 329 13 17 0.035135 
417 284 12 15 0.035093933 
415 251 11 13 0.0350213 
824 261 9 12 0.034770213 
593 331 13 17 0.034692157 
685 194 11 13 0.034618873 
303 211 17 22 0.034610506 
204 311 15 20 0.034562055 
285 184 8 10 0.034523882 
198 252 10 14 0.034504488 
238 248 9 12 0.034481894 
420 361 13 17 0.03435366 
403 313 13 16 0.03423664 
344 252 11 13 0.03419045 
62 363 12 16 0.034187887 
338 300 13 15 0.03415503 
335 207 8 9 0.03410033 
528 287 11 13 0.033988982 
653 278 12 16 0.033980824 
679 354 11 14 0.033963345 
422 252 10 12 0.0339345 
558 292 12 15 0.033914536 
480 251 10 13 0.033896964 
284 189 9 11 0.03389416 
382 317 14 17 0.03384502 
366 291 13 15 0.033843003 
439 230 10 12 0.03373779 
111 497 11 15 0.033737034 
808 226 17 21 0.033724636 
422 261 11 14 0.033669624 
232 279 12 14 0.03361916 
745 206 9 12 0.033548634 
481 223 8 10 0.033541124 
149 480 12 14 0.03346489 
593 207 8 10 0.03338343 
702 240 10 12 0.03335563 
1005 378 19 29 0.03327237 
486 221 9 11 0.03321163 
746 224 9 11 0.033182584 
399 339 13 15 0.033154093 
311 302 12 16 0.03305459 
717 349 13 16 0.03298001 
845 303 12 14 0.032942623 
265 194 8 10 0.032846898 
599 231 9 11 0.032824267 
98 513 14 16 0.032753676 
339 350 14 17 0.032749183 
561 238 9 12 0.032716032 
582 246 10 12 0.032521803 
455 288 13 17 0.03235478 
407 286 11 13 0.032161202 
125 279 11 14 0.032152623 
253 276 12 15 0.03210723 
447 325 12 16 0.032063615 
169 306 12 15 0.03205914 
158 268 10 13 0.03200867 
519 207 8 11 0.03199845 
180 418 12 14 0.031957086 
407 291 12 15 0.031933226 
738 261 12 16 0.031878415 
722 301 12 15 0.031845026 
769 248 10 13 0.031815335 
698 199 18 23 0.031811386 
95 410 11 14 0.03170543 
464 231 9 11 0.031702567 
560 247 9 11 0.031693876 
501 277 12 14 0.031517528 
668 239 11 13 0.03139344 
450 198 18 23 0.03130158 
253 338 12 17 0.031190353 
743 273 11 13 0.031184329 
740 314 12 16 0.031167736 
342 291 11 14 0.031110121 
680 290 13 16 0.03109734 
150 250 12 16 0.031085715 
369 262 18 23 0.030950569 
347 262 11 14 0.030946387 
731 324 11 14 0.030927218 
670 385 12 17 0.030861078 
359 220 9 12 0.030791778 
912 286 10 12 0.030786945 
178 355 11 16 0.030744877 
343 403 14 16 0.03072805 
864 270 11 15 0.030681515 
486 330 12 16 0.030668626 
244 208 18 24 0.030664999 
672 274 10 13 0.030639142 
497 231 9 11 0.030627478 
481 212 9 12 0.030604238 
149 274 11 14 0.030602185 
216 270 10 13 0.030490784 
556 253 11 12 0.03048246 
725 199 17 22 0.030411402 
252 223 9 11 0.030203119 
467 315 13 17 0.030007096 
884 310 10 13 0.030004306 
796 212 9 12 0.029996563 
154 242 11 14 0.029984023 
402 185 18 22 0.029979251 
854 290 12 15 0.029915256 
565 291 13 16 0.029860532 
212 469 10 14 0.029807733 
564 230 10 12 0.02971135 
222 277 11 14 0.02969806 
308 227 18 22 0.02961243 
205 356 12 17 0.029608576 
132 338 13 16 0.029497487 
295 193 8 10 0.029481754 
397 274 12 15 0.029474415 
757 213 9 12 0.029456334 
132 362 12 16 0.029453853 
577 224 8 10 0.02934242 
723 282 17 22 0.029298132 
461 356 13 16 0.029239269 
342 220 8 10 0.029222425 
746 215 9 11 0.029220805 
742 345 14 18 0.02920586 
342 207 8 10 0.0291824 
159 374 11 14 0.029154437 
569 284 13 15 0.028984562 
223 268 10 13 0.028965699 
662 457 16 20 0.028952705 
598 292 12 15 0.028943455 
311 196 9 12 0.028930243 
525 208 18 23 0.028927887 
432 210 18 23 0.028909545 
553 224 8 10 0.028883148 
99 282 15 20 0.028834058 
447 284 11 14 0.028817091 
710 206 8 10 0.028752036 
327 276 11 14 0.02872462 
177 402 13 17 0.028651359 
290 199 9 11 0.028606046 
239 231 9 12 0.028605789 
170 235 10 13 0.028306182 
270 204 8 11 0.028271927 
454 220 9 11 0.02821939 
763 347 13 17 0.028201833 
367 238 9 12 0.02814186 
336 197 9 12 0.028130934 
278 227 17 22 0.028114961 
807 338 12 16 0.028087098 
664 199 18 22 0.028041158 
350 223 10 11 0.027893206 
799 273 13 17 0.027827907 
974 150 8 11 0.027807513 
270 231 10 13 0.027744623 
167 269 9 12 0.027654566 
620 312 14 18 0.027652256 
608 290 13 15 0.027436337 
232 212 9 12 0.027338842 
711 263 9 12 0.027260048 
528 247 10 12 0.027093377 
727 244 10 13 0.026979612 
889 414 15 17 0.02695237 
383 253 10 12 0.026938628 
322 205 9 11 0.02675605 
759 251 10 14 0.026732484 
636 238 11 12 0.0266612 
370 195 9 12 0.026649365 
735 239 9 11 0.026620215 
976 407 12 15 0.026578931 
651 184 9 11 0.026517864 
642 349 14 17 0.026472602 
721 290 12 14 0.026438009 
404 252 10 13 0.026397705 
760 230 10 12 0.026385143 
268 236 10 12 0.026375368 
512 412 12 15 0.026305098 
603 427 13 18 0.02627452 
599 432 14 19 0.02623728 
233 288 12 16 0.026165312 
721 254 10 13 0.026134565 
727 279 10 13 0.026110366 
770 487 9 11 0.026102303 
585 253 9 12 0.02609868 
589 229 10 13 0.026023729 
333 284 13 15 0.02602184 
247 348 11 15 0.025986006 
416 229 18 23 0.025982337 
708 386 13 17 0.025973832 
880 263 10 12 0.025947439 
392 267 12 14 0.025911089 
162 278 10 12 0.025853945 
754 291 11 14 0.025853649 
487 213 10 12 0.025828594 
110 347 12 15 0.025820464 
509 301 12 16 0.025819283 
373 355 12 16 0.025798403 
683 231 18 22 0.025794378 
515 263 19 23 0.025784422 
118 279 13 16 0.025783725 
264 360 14 18 0.025775075 
410 263 12 15 0.025737593 
778 214 10 12 0.025672806 
534 208 8 10 0.02566645 
759 382 11 14 0.02563518 
297 268 11 15 0.025453495 
642 312 14 18 0.025445655 
504 456 12 13 0.025393065 
676 613 13 17 0.025380146 
540 301 12 15 0.025320495 
832 266 11 15 0.025280349 
121 438 10 13 0.025250968 
956 324 11 13 0.025164053 
694 272 13 16 0.025057582 
632 198 17 23 0.025037955 
263 219 10 12 0.025008302 
110 334 11 15 0.024992973 
559 286 11 14 0.024986755 
298 251 12 14 0.024971642 
432 187 17 23 0.024938734 
541 201 18 23 0.024922358 
680 183 18 22 0.024913946 
372 361 12 16 0.024894398 
512 232 18 23 0.024822725 
509 353 14 18 0.024809314 
127 422 8 11 0.024637947 
752 528 9 11 0.024627963 
172 336 15 19 0.024540696 
139 269 12 14 0.024538197 
785 208 17 22 0.024524925 
431 267 11 14 0.024520818 
306 190 8 10 0.024507305 
327 364 13 16 0.024486318 
203 279 13 16 0.024440976 
286 485 10 13 0.024345664 
841 437 11 15 0.024332251 
344 246 9 11 0.024310464 
791 299 12 15 0.024194617 
894 338 11 15 0.024155604 
644 253 11 13 0.024114534 
629 300 13 16 0.02408472 
541 262 10 12 0.02405241 
798 239 9 11 0.024030197 
623 215 17 22 0.023940686 
745 463 9 12 0.02391553 
31 407 12 16 0.023873374 
737 229 9 12 0.02383484 
130 388 13 17 0.023832317 
416 221 9 11 0.023754213 
745 337 13 17 0.023713162 
703 230 9 12 0.023621762 
551 272 13 16 0.0235949 
214 275 12 15 0.023574606 
869 285 12 15 0.023533188 
322 199 9 11 0.023511818 
103 334 11 14 0.0235104 
333 239 10 13 0.023498153 
942 412 11 14 0.023474436 
360 262 11 13 0.023472384 
824 255 9 12 0.023439659 
1009 420 12 15 0.023390766 
653 440 13 17 0.023388283 
952 320 10 12 0.023351654 
340 324 13 17 0.023347907 
480 226 17 22 0.02334616 
462 237 9 12 0.02333436 
494 315 13 17 0.02332442 
981 346 12 13 0.023307411 
226 264 10 12 0.023292046 
185 223 17 21 0.023243614 
771 300 11 15 0.023220554 
615 206 9 11 0.023206023 
552 196 9 12 0.023110023 
335 292 14 16 0.02308108 
814 285 11 13 0.023076233 
750 252 10 13 0.022959478 
232 237 8 11 0.022930361 
930 339 11 15 0.022833267 
415 411 12 15 0.022809373 
899 277 12 14 0.022726176 
63 356 10 14 0.02268635 
416 278 11 14 0.02262441 
941 311 11 14 0.022619456 
289 198 20 24 0.022618309 
443 294 14 17 0.02261522 
244 292 13 17 0.02259989 
661 413 11 15 0.022578202 
871 263 10 12 0.022574587 
622 207 9 11 0.022527862 
525 395 15 19 0.022521785 
734 214 9 11 0.022503054 
342 315 13 17 0.022460602 
510 418 14 18 0.022436641 
339 185 16 23 0.022428859 
73 362 13 18 0.022424914 
873 306 12 15 0.022353968 
132 379 12 15 0.022346944 
576 234 12 14 0.02231322 
423 267 12 14 0.022312975 
752 419 11 13 0.022289485 
425 246 10 13 0.022283815 
169 288 13 17 0.022273961 
456 279 12 15 0.022232324 
339 306 14 17 0.02221495 
591 215 17 22 0.022190891 
571 199 18 23 0.022183245 
580 348 14 17 0.02216413 
167 378 12 15 0.022163395 
701 276 10 13 0.022124354 
755 345 16 19 0.022119962 
373 187 17 22 0.022118308 
376 285 11 14 0.022113383 
520 197 9 12 0.022111991 
269 254 10 13 0.02209083 
180 348 11 17 0.022086935 
453 260 11 14 0.022029491 
570 206 8 11 0.021977657 
389 314 13 17 0.021963773 
389 201 18 23 0.021961022 
564 269 11 15 0.021830808 
439 337 13 17 0.021810193 
509 274 12 14 0.021801634 
315 231 11 14 0.021786222 
146 516 14 17 0.021710644 
833 252 11 13 0.0217093 
798 418 11 13 0.021690123 
232 315 12 16 0.021656884 
276 378 14 17 0.021632548 
229 222 10 12 0.021608505 
632 307 14 16 0.021525754 
592 285 11 14 0.021523586 
605 260 11 14 0.021493867 
596 190 8 11 0.0214782 
354 289 13 17 0.02143499 
479 198 17 24 0.021414427 
279 356 12 16 0.021393532 
282 329 12 17 0.021357737 
253 348 14 18 0.02134658 
691 229 10 14 0.021341933 
310 206 9 11 0.021327691 
766 224 9 11 0.021325413 
172 318 13 17 0.021308433 
842 290 13 15 0.021257013 
989 402 11 15 0.021248894 
353 200 8 9 0.021221446 
237 193 9 11 0.021218397 
605 238 9 11 0.021199336 
522 185 18 23 0.021190034 
208 223 10 13 0.021162596 
661 229 9 13 0.021152832 
327 193 8 9 0.02108531 
793 308 11 16 0.02107748 
688 267 12 14 0.021031328 
432 302 13 16 0.021006161 
714 210 17 22 0.020988772 
582 269 11 14 0.02095387 
124 444 9 12 0.020944346 
344 227 17 22 0.02092593 
582 213 9 10 0.020924622 
511 347 12 16 0.020919558 
374 290 11 15 0.020902272 
268 419 11 13 0.020819057 
535 330 13 17 0.020794066 
183 290 12 16 0.020766607 
452 383 16 19 0.020733891 
358 275 12 15 0.020732945 
605 329 13 17 0.020701174 
390 394 13 20 0.020657524 
492 308 12 15 0.020598823 
745 468 14 16 0.02059241 
798 350 13 16 0.020586628 
422 316 13 16 0.020541744 
208 350 10 14 0.02053683 
869 332 13 17 0.020521818 
230 231 9 12 0.020506565 
937 315 12 15 0.020495214 
141 417 12 14 0.02049426 
923 352 14 18 0.020488737 
221 420 11 13 0.020470783 
449 231 19 23 0.020449493 
419 324 13 19 0.020422993 
301 199 8 11 0.020413913 
865 299 11 14 0.020392342 
594 324 13 17 0.020373888 
590 302 13 16 0.020336837 
111 343 20 25 0.020334244 
937 392 15 18 0.020319117 
455 214 9 11 0.020313127 
771 308 11 14 0.020292018 
517 340 13 17 0.020288944 
586 183 19 23 0.020279638 
769 248 17 21 0.020245716 
84 341 15 19 0.020245338 
214 208 17 22 0.020097982 
255 282 12 15 0.020087888 
367 210 19 23 0.02007568 
282 284 12 15 0.020035112 
629 364 12 17 0.02003351 
654 315 12 15 0.020029187 
