0_Parade_marchingband_1_649
106
969 152 33 39 0.9997454 
859 153 31 38 0.9995796 
813 203 34 46 0.99944276 
409 82 37 48 0.9993906 
489 122 36 46 0.9993242 
651 146 29 37 0.9989759 
5 127 27 33 0.99880993 
941 207 39 46 0.9984419 
54 120 31 37 0.998379 
24 198 37 49 0.998166 
174 282 43 51 0.9976672 
556 81 34 47 0.9974657 
248 143 32 36 0.9970594 
760 151 28 34 0.99690956 
341 118 32 38 0.9958287 
660 216 39 44 0.9952631 
295 286 44 55 0.99485695 
896 319 40 51 0.99428 
795 281 41 54 0.9905171 
700 287 40 53 0.989754 
246 190 39 46 0.98973304 
530 131 30 37 0.98695403 
131 233 37 44 0.98612404 
702 173 24 32 0.98596734 
905 179 23 28 0.9732247 
104 138 25 31 0.94728583 
151 125 21 33 0.7401035 
832 176 24 31 0.59988207 
669 446 23 27 0.50050116 
791 167 24 28 0.47573686 
615 425 25 32 0.43550992 
232 152 24 35 0.3439659 
169 114 25 29 0.2097265 
619 421 15 18 0.18742615 
603 444 10 14 0.15744199 
114 439 35 42 0.15548214 
147 154 15 21 0.13305958 
822 184 31 42 0.10558525 
291 456 30 32 0.10403545 
117 139 22 29 0.08788091 
827 172 19 21 0.08286364 
673 472 56 51 0.07654141 
566 436 11 14 0.070137165 
70 364 12 15 0.060209103 
801 458 37 39 0.058202583 
568 431 10 13 0.057270646 
239 156 44 50 0.057075866 
537 444 8 11 0.05511862 
529 431 7 10 0.055053636 
635 419 14 20 0.05450817 
325 472 11 13 0.048128538 
141 133 21 30 0.04716343 
76 360 14 20 0.04465881 
195 128 19 34 0.04451097 
465 469 34 45 0.0444859 
626 422 23 29 0.04314386 
153 223 33 39 0.04125412 
801 163 16 20 0.04094992 
141 317 22 33 0.039663155 
799 171 27 31 0.03903724 
628 417 16 20 0.038671363 
669 453 49 50 0.0378727 
773 298 26 38 0.03697557 
542 443 8 11 0.036911465 
89 431 46 58 0.036562387 
789 156 17 23 0.035632417 
601 438 9 13 0.035488386 
333 451 28 31 0.035374403 
549 502 8 11 0.032693297 
731 447 27 31 0.031088244 
561 444 10 11 0.030332467 
303 464 30 30 0.030229695 
738 460 18 22 0.029914424 
605 431 21 28 0.029404439 
569 425 8 10 0.028737122 
373 493 9 12 0.028680073 
732 280 17 23 0.027284727 
662 446 18 23 0.026829462 
178 124 17 23 0.026758736 
819 378 201 226 0.02602949 
162 122 18 23 0.025821352 
689 456 50 52 0.025589019 
617 502 9 12 0.025199689 
148 140 23 33 0.025002554 
841 171 16 21 0.024766367 
456 384 9 11 0.024445187 
760 139 26 31 0.024255194 
661 438 41 46 0.023531709 
679 444 18 23 0.023421366 
550 462 10 13 0.023086619 
960 297 35 51 0.022703364 
160 130 25 31 0.022688856 
691 464 28 34 0.022565119 
727 116 21 26 0.022358239 
281 462 50 46 0.02224541 
798 185 30 38 0.022105785 
64 363 12 16 0.022071568 
529 437 9 12 0.022040533 
593 430 11 15 0.02183053 
335 630 56 60 0.02146647 
713 441 33 38 0.021327145 
900 519 63 59 0.021180976 
128 144 22 30 0.02116715 
76 203 31 37 0.020455163 
935 516 28 32 0.020417754 
174 130 22 30 0.020326175 
