2_Demonstration_Political_Rally_2_18
240
166 331 21 28 0.9913224 
864 447 18 23 0.9841763 
453 295 15 21 0.9823799 
317 437 20 26 0.9796705 
66 337 18 23 0.97724426 
148 384 18 24 0.97464776 
243 421 18 26 0.9686327 
133 295 19 24 0.9656007 
363 428 17 22 0.9639584 
41 448 20 26 0.9639052 
12 353 19 24 0.96141243 
486 360 17 23 0.95578015 
480 402 18 22 0.9545753 
622 455 20 24 0.9544188 
271 394 21 27 0.95426005 
379 436 19 24 0.9540361 
314 261 18 24 0.9511273 
530 396 17 23 0.9505473 
27 310 17 23 0.94753546 
171 450 20 27 0.9470656 
767 419 18 23 0.94699234 
103 239 16 23 0.94548386 
353 342 20 27 0.9409158 
96 447 21 24 0.93914086 
222 274 20 25 0.93793505 
442 458 20 28 0.9378392 
501 448 19 24 0.934127 
185 306 18 22 0.934019 
24 258 16 20 0.91946447 
238 310 18 22 0.9192644 
157 408 19 23 0.9169963 
914 435 16 19 0.90339595 
169 259 18 24 0.897133 
263 202 20 27 0.896176 
422 426 19 22 0.89372337 
87 264 19 23 0.89080566 
298 331 19 27 0.8687705 
21 460 20 25 0.86363727 
40 425 20 23 0.846882 
81 288 19 22 0.8396416 
41 239 16 21 0.8253927 
228 362 21 28 0.8076461 
398 390 13 19 0.7535846 
228 252 16 19 0.7503232 
546 435 14 17 0.708806 
57 259 12 17 0.696315 
76 319 15 20 0.6954864 
186 225 17 22 0.6183962 
299 318 19 26 0.5995063 
438 413 15 19 0.5607133 
154 302 18 22 0.5279334 
370 304 14 19 0.47064906 
343 276 11 15 0.44942078 
461 488 17 22 0.42707145 
39 336 14 19 0.42475536 
372 375 13 17 0.3932792 
428 363 14 18 0.3595328 
371 430 18 24 0.33592013 
0 469 11 16 0.33449343 
340 394 14 17 0.3192491 
299 444 16 22 0.317841 
0 211 11 17 0.3100093 
382 395 15 19 0.2836513 
304 241 14 21 0.2717301 
123 248 14 18 0.26847488 
1 258 10 15 0.26837492 
421 364 13 17 0.26687554 
74 425 21 22 0.26005337 
279 267 15 19 0.25699776 
445 370 12 14 0.25244814 
26 300 16 22 0.24257255 
3 326 15 20 0.21687794 
99 312 12 16 0.21106991 
252 351 13 17 0.2095036 
130 431 15 21 0.20388117 
22 432 15 20 0.20249742 
368 345 15 20 0.18289219 
143 296 19 25 0.16667767 
382 362 14 17 0.1656304 
912 9 108 149 0.16493501 
333 201 15 21 0.14792706 
70 330 18 24 0.14760056 
435 365 14 17 0.13110611 
401 472 18 21 0.12553412 
754 487 14 15 0.1223631 
459 476 19 26 0.12165317 
46 282 13 17 0.11711249 
106 282 15 20 0.11428094 
165 219 14 17 0.11235238 
233 377 20 28 0.10946948 
83 425 20 24 0.10561646 
172 255 14 17 0.10529052 
391 291 14 18 0.1021768 
87 387 14 16 0.09329804 
186 281 14 17 0.09279348 
443 311 15 17 0.07318749 
213 363 15 18 0.07078387 
27 425 21 27 0.07075757 
352 454 18 23 0.0671604 
335 402 14 18 0.06324645 
387 287 23 28 0.06231981 
375 294 21 26 0.0613804 
149 318 16 21 0.060768012 
151 309 19 26 0.057200275 
372 276 12 16 0.05684907 
505 567 28 33 0.056739245 
386 355 15 21 0.056482844 
510 489 19 28 0.055258367 
396 296 13 16 0.054091986 
182 275 14 18 0.053224247 
413 358 16 19 0.052718583 
324 577 45 54 0.0521436 
845 490 10 13 0.049658835 
247 339 21 25 0.04951484 
339 380 16 23 0.04833687 
474 564 15 18 0.047850538 
895 554 14 19 0.046899516 
423 387 12 17 0.04573492 
67 427 20 23 0.045041583 
309 359 14 20 0.04464142 
301 435 16 22 0.04370206 
183 379 15 19 0.043604977 
67 249 14 17 0.04346319 
41 414 18 21 0.043438606 
30 335 14 19 0.042224247 
106 453 16 20 0.0421704 
85 338 13 19 0.04186875 
68 392 19 22 0.041436415 
518 565 13 18 0.039757133 
29 376 16 22 0.039268564 
415 367 14 17 0.0390351 
27 273 16 21 0.038575727 
524 567 34 41 0.036513247 
386 345 15 21 0.035859276 
188 371 16 20 0.034839023 
446 300 19 24 0.034808684 
448 451 17 23 0.034606252 
0 366 8 13 0.034585286 
349 365 15 21 0.034567896 
246 194 10 15 0.034530316 
50 445 22 27 0.0343513 
229 428 13 18 0.033328436 
68 469 13 16 0.03296663 
116 245 14 18 0.032962732 
246 174 11 15 0.032944456 
408 363 13 16 0.032805707 
460 313 13 16 0.03250959 
0 273 9 18 0.032370932 
450 373 11 14 0.03204598 
34 276 14 18 0.032038942 
684 439 15 19 0.032002404 
23 422 12 16 0.031935424 
774 486 10 11 0.031805832 
895 467 12 14 0.031734534 
631 483 13 16 0.03170197 
364 267 22 28 0.03163973 
346 385 14 19 0.03135965 
389 389 17 22 0.030650267 
313 354 16 21 0.03047333 
359 483 18 22 0.030060904 
387 428 14 19 0.029912293 
533 558 44 52 0.029507115 
766 486 10 13 0.02942401 
-2 468 17 27 0.029136617 
116 397 14 18 0.028772552 
493 386 13 16 0.028414726 
333 171 14 17 0.028092423 
453 463 19 27 0.027577354 
91 390 15 19 0.027501881 
393 270 22 28 0.027281096 
194 232 15 20 0.027120495 
99 273 14 21 0.026868608 
172 224 12 18 0.026809849 
544 323 408 430 0.026780771 
274 454 16 21 0.026540345 
73 386 17 19 0.026525363 
132 514 15 19 0.02648589 
326 355 12 17 0.026252516 
411 274 12 19 0.025268102 
437 518 15 20 0.025096392 
910 420 26 31 0.025036369 
396 283 13 18 0.024968773 
329 217 12 17 0.024862632 
395 282 23 30 0.024820158 
346 270 14 19 0.024738861 
63 426 15 18 0.024720166 
326 182 23 30 0.024539243 
499 388 13 17 0.024521995 
839 485 13 17 0.024374705 
0 255 16 25 0.024336128 
382 292 14 17 0.024243811 
895 531 44 52 0.024208365 
948 550 17 20 0.024152985 
523 436 15 18 0.024150377 
60 498 15 22 0.02401958 
-1 404 9 16 0.023995895 
281 447 19 26 0.023801906 
323 158 25 29 0.023728494 
223 362 17 22 0.023711098 
433 357 14 18 0.023558281 
341 368 14 21 0.023427576 
223 245 16 20 0.023057945 
159 225 14 17 0.023053154 
80 476 18 21 0.023031384 
129 244 15 17 0.022777766 
197 468 15 20 0.022756463 
637 491 26 36 0.022745283 
716 475 12 17 0.022539807 
412 288 13 19 0.02250124 
394 410 14 19 0.022342194 
367 280 13 17 0.0221813 
454 312 13 17 0.021812446 
51 274 13 18 0.021810545 
346 278 15 20 0.02177911 
373 383 20 25 0.021736523 
605 495 24 33 0.02172785 
111 395 14 17 0.021710005 
283 243 15 21 0.021656878 
391 419 13 17 0.021655746 
51 250 17 23 0.021627087 
232 423 23 28 0.02155827 
282 569 29 39 0.02148614 
49 237 13 18 0.021446718 
115 465 14 17 0.021405071 
359 297 23 28 0.021240076 
377 343 18 25 0.02103884 
353 268 21 28 0.02096995 
554 441 15 20 0.020916358 
351 251 11 15 0.020866366 
79 270 24 28 0.020852247 
594 554 24 35 0.02071329 
114 458 13 17 0.02070796 
552 436 14 17 0.020614354 
9 198 21 28 0.020599028 
233 358 15 19 0.020554416 
191 357 22 27 0.020270873 
405 289 14 19 0.020158745 
405 269 14 20 0.02009261 
829 483 14 19 0.02006935 
-1 417 8 15 0.020053817 
