2_Demonstration_Political_Rally_2_695
585
767 557 54 70 0.99762374 
805 225 24 31 0.9966562 
438 343 32 38 0.9963373 
586 366 31 42 0.99612975 
405 372 35 44 0.99524635 
44 239 29 32 0.99509925 
498 373 34 42 0.99368423 
324 470 42 50 0.99112403 
423 465 43 51 0.98925483 
3 385 31 34 0.98711884 
17 271 27 31 0.97888446 
883 478 30 37 0.939319 
1 18 15 18 0.9357851 
297 425 36 39 0.88733524 
103 232 22 27 0.8789075 
963 89 15 18 0.8724626 
169 209 22 28 0.85130805 
684 184 20 22 0.8415564 
657 200 22 30 0.84096396 
191 225 20 23 0.8347643 
212 315 28 32 0.8219828 
315 532 40 48 0.815982 
810 174 16 21 0.8116537 
21 124 14 18 0.805263 
142 129 12 15 0.7955527 
12 432 38 49 0.7834093 
135 395 39 41 0.766448 
360 420 35 44 0.761828 
210 267 19 24 0.75778466 
160 256 23 26 0.7308031 
322 254 29 37 0.71502906 
684 146 17 21 0.7104049 
528 454 36 39 0.6970694 
404 297 27 34 0.67279375 
705 198 17 23 0.6541557 
966 644 47 47 0.6523973 
282 405 29 37 0.6295507 
111 359 29 38 0.6034698 
501 473 30 35 0.5740114 
189 454 42 49 0.5198592 
781 133 16 19 0.5170344 
224 345 30 52 0.5164758 
628 156 14 18 0.5047295 
59 133 14 17 0.4683467 
18 227 16 20 0.45650336 
812 293 24 33 0.45104957 
272 250 16 20 0.4126485 
292 256 26 33 0.40740854 
134 111 10 12 0.3980997 
851 175 25 32 0.39637485 
67 61 12 14 0.39217725 
172 439 33 45 0.356343 
468 459 30 40 0.3491863 
589 182 11 13 0.33622557 
140 271 21 27 0.30728063 
879 354 24 37 0.30126163 
188 371 25 27 0.30111244 
609 580 31 40 0.29332256 
341 309 33 46 0.26839 
655 124 11 14 0.26658806 
330 318 31 38 0.26215184 
61 221 25 28 0.26067084 
639 170 15 20 0.2606659 
565 325 25 33 0.25940666 
696 109 10 13 0.24835601 
794 194 18 24 0.2434825 
108 128 10 13 0.23402014 
61 420 15 21 0.23125249 
244 216 16 19 0.22539592 
253 187 23 27 0.22206081 
268 156 16 18 0.22073495 
20 383 29 34 0.21719822 
271 282 26 35 0.21666053 
155 300 21 28 0.20748095 
496 632 17 21 0.20744781 
527 443 28 31 0.2011469 
193 231 23 28 0.19498573 
238 101 12 15 0.19330773 
469 299 15 18 0.19019789 
248 459 23 36 0.18844113 
340 406 30 38 0.17805412 
738 322 27 37 0.17638946 
114 260 14 21 0.17512587 
97 60 11 13 0.1720341 
113 84 11 14 0.17030956 
179 268 21 29 0.16658618 
212 240 14 18 0.16578384 
192 146 11 13 0.16105342 
632 127 8 11 0.15659471 
771 173 13 17 0.15442936 
-1 501 24 41 0.1498689 
572 324 14 18 0.14303268 
121 31 9 11 0.14243235 
247 206 22 27 0.14163941 
509 468 43 51 0.1412195 
397 518 41 53 0.14059454 
902 529 43 57 0.1331291 
125 118 10 12 0.12779884 
112 79 10 12 0.12771453 
693 131 12 14 0.12742957 
423 351 40 48 0.12536474 
405 50 12 14 0.1238747 
213 463 32 43 0.12368195 
720 473 29 41 0.12256896 
180 218 22 27 0.11805333 
164 427 32 45 0.116881385 
975 117 14 18 0.11671839 
63 358 38 54 0.11538019 
97 14 9 12 0.11054019 
631 133 11 13 0.11041022 
813 273 25 34 0.10876292 
687 489 38 51 0.108128585 
696 321 39 49 0.10731748 
774 135 15 19 0.10728704 
541 313 22 30 0.106380194 
958 126 13 16 0.10595576 
613 128 9 10 0.105422646 
252 389 16 24 0.10424209 
853 341 25 34 0.10229718 
481 613 27 40 0.10216418 
414 301 27 34 0.10039056 
123 124 11 13 0.10019513 
611 203 13 18 0.099987514 
796 167 26 33 0.09861523 
117 373 42 50 0.09567267 
1007 103 10 13 0.09514399 
147 404 38 42 0.09283567 
382 343 26 33 0.09181279 
485 463 31 38 0.09090125 
681 277 22 30 0.09079026 
756 177 14 18 0.09022035 
148 201 13 17 0.0892999 
104 280 21 27 0.08868324 
277 255 40 51 0.0885801 
203 257 21 26 0.0876336 
607 126 9 11 0.08563207 
331 332 19 23 0.08461007 
454 421 29 34 0.08427355 
469 400 26 30 0.08418215 
199 119 9 10 0.0833826 
616 494 46 57 0.082929105 
1015 83 9 13 0.08272161 
726 115 13 16 0.08197727 
649 126 10 14 0.08182862 
279 393 27 34 0.080652654 
504 303 11 13 0.08000936 
200 243 22 28 0.078969255 
680 140 14 17 0.07762738 
85 134 12 14 0.07627567 
183 38 8 11 0.075926 
193 265 20 28 0.07568213 
718 139 21 26 0.075412154 
408 290 18 21 0.07479332 
258 205 17 22 0.07459905 
681 114 9 13 0.07295215 
300 441 41 50 0.07281498 
706 477 30 39 0.0719039 
354 327 17 23 0.07050471 
256 454 29 43 0.06965061 
229 328 28 40 0.069378585 
701 125 10 14 0.0689366 
204 237 16 22 0.06814002 
249 135 9 11 0.06800632 
554 325 24 30 0.067478694 
596 107 9 13 0.06693914 
685 134 14 18 0.06672275 
789 444 25 32 0.065353096 
129 111 10 13 0.065088555 
759 116 13 18 0.06499615 
915 543 43 62 0.06476116 
235 359 37 53 0.0639432 
219 132 12 15 0.063530035 
761 101 9 12 0.06307708 
196 253 16 22 0.062907465 
175 117 8 10 0.06278708 
717 288 13 17 0.061819755 
148 256 24 28 0.061649017 
719 162 12 16 0.06082181 
723 289 15 17 0.060235586 
669 124 12 17 0.059253775 
823 228 24 31 0.059177905 
112 70 9 11 0.058756683 
730 140 12 16 0.0586039 
728 461 26 34 0.05855073 
796 454 15 19 0.058515377 
305 376 19 22 0.058246884 
863 334 34 50 0.05816434 
910 532 28 34 0.057768214 
273 245 25 31 0.05768243 
132 260 26 33 0.057448026 
84 331 30 33 0.057321347 
241 96 16 20 0.056931116 
706 287 18 20 0.05669445 
0 197 9 15 0.056474354 
355 409 30 40 0.05632936 
688 126 10 13 0.055145696 
116 253 21 30 0.05502931 
708 487 37 54 0.054734956 
642 201 21 30 0.054526955 
718 150 20 26 0.05337171 
733 111 9 13 0.053241964 
269 458 30 42 0.05275978 
5 350 13 16 0.052648295 
482 346 21 31 0.05244447 
70 467 28 37 0.052284442 
401 47 11 13 0.05154264 
1012 108 9 13 0.051533896 
148 305 19 22 0.051225726 
117 93 11 13 0.05065237 
139 203 16 18 0.05045412 
769 245 16 22 0.049819805 
44 37 9 13 0.04967402 
688 139 15 18 0.049641147 
405 24 8 11 0.049009457 
319 417 39 47 0.048734445 
170 13 12 14 0.048700336 
795 190 13 17 0.048610505 
578 159 9 11 0.04854051 
694 114 13 16 0.048477072 
733 171 13 18 0.04833752 
700 235 25 30 0.04828595 
745 131 11 15 0.048171636 
125 132 11 13 0.047935463 
67 131 12 16 0.047887094 
604 201 23 28 0.04762662 
858 410 14 18 0.04752732 
686 117 10 13 0.047124125 
570 632 15 19 0.047039002 
766 176 12 18 0.046384744 
333 257 29 40 0.04610635 
583 185 16 20 0.046100352 
246 193 15 18 0.046030838 
61 56 14 16 0.045668084 
100 66 11 14 0.045387316 
701 115 11 14 0.045271926 
76 374 15 21 0.044565767 
439 54 10 13 0.044509687 
88 20 10 13 0.04447847 
324 331 19 22 0.043882985 
42 388 13 19 0.04377308 
6 131 12 14 0.043499544 
53 231 29 32 0.043439515 
62 222 14 18 0.04321346 
52 409 27 32 0.043029122 
13 281 29 36 0.042760264 
471 93 13 15 0.042738065 
94 18 11 14 0.042682998 
673 208 17 22 0.04226383 
198 323 27 40 0.04217725 
9 423 29 35 0.042069666 
348 414 18 23 0.0417956 
585 129 8 10 0.041514434 
120 98 10 13 0.04131308 
188 46 11 12 0.041165702 
22 418 42 57 0.040970184 
156 118 10 13 0.04096877 
80 134 11 13 0.040859636 
586 173 14 18 0.040805086 
80 78 11 13 0.040754043 
640 186 13 17 0.04067988 
181 203 26 30 0.04048132 
113 277 23 33 0.040447637 
765 201 14 17 0.040363394 
171 251 23 29 0.040362597 
305 261 18 24 0.04024927 
829 290 31 39 0.040242787 
636 133 10 13 0.040230453 
49 426 26 36 0.040044352 
220 223 16 21 0.03944187 
155 258 38 45 0.03939594 
228 459 32 41 0.03933048 
85 355 15 19 0.0393089 
7 394 46 56 0.039076895 
267 387 26 37 0.039071634 
161 414 30 38 0.03876052 
286 193 15 20 0.038718697 
709 124 11 15 0.038510595 
80 318 30 32 0.038386274 
248 246 26 31 0.038358454 
649 120 10 12 0.038219687 
344 416 31 45 0.038163234 
983 65 15 18 0.03800097 
753 512 25 37 0.037843075 
749 124 12 17 0.03782807 
169 306 15 20 0.03756258 
185 33 9 11 0.037511956 
654 108 11 13 0.037492596 
759 529 45 61 0.037051372 
45 43 9 12 0.037005972 
225 217 17 21 0.03690315 
317 263 17 22 0.036840066 
219 235 16 19 0.03677101 
46 316 30 36 0.03661106 
3 9 21 25 0.036412623 
58 61 10 13 0.03640632 
93 26 11 14 0.03634522 
666 489 40 57 0.036045052 
672 147 11 15 0.035863224 
78 360 28 38 0.035687886 
94 226 13 17 0.035665955 
184 254 21 28 0.03534549 
126 102 9 11 0.035308033 
56 125 12 14 0.035120778 
21 201 15 19 0.035000287 
138 116 12 14 0.034956925 
471 67 8 11 0.03492027 
298 253 17 21 0.034793027 
489 487 43 50 0.03471069 
79 114 11 14 0.03470506 
507 360 28 34 0.034536403 
167 40 8 9 0.03448666 
253 132 11 13 0.034442306 
178 38 9 11 0.034250878 
297 380 26 31 0.03420471 
724 134 15 19 0.03415141 
109 63 10 12 0.034113668 
204 34 10 12 0.03406506 
97 361 29 40 0.034043264 
90 290 27 31 0.034008835 
86 100 11 13 0.03380941 
39 213 13 15 0.033772923 
821 573 16 23 0.033719353 
594 181 11 14 0.033523444 
713 283 22 26 0.033329375 
188 212 26 29 0.03331563 
728 478 38 54 0.033217616 
269 280 18 27 0.033136003 
638 178 20 28 0.033130232 
220 196 13 14 0.032854073 
260 248 24 29 0.032835335 
267 149 15 18 0.03277363 
642 193 13 18 0.032633737 
529 305 37 47 0.03262899 
109 241 23 31 0.032541677 
92 220 13 17 0.032276466 
442 46 10 13 0.032102875 
468 434 33 43 0.032092493 
210 248 17 22 0.03208658 
186 37 12 13 0.03199403 
651 511 14 19 0.031923324 
660 188 36 43 0.03180786 
89 303 27 35 0.031665325 
601 124 10 13 0.031422775 
740 501 27 40 0.031402476 
847 51 46 60 0.031399526 
721 318 36 46 0.031168891 
634 202 19 29 0.031144772 
758 522 13 19 0.031032 
663 148 10 14 0.03097594 
630 204 13 19 0.030931106 
446 451 43 52 0.030912515 
670 139 13 17 0.030817753 
726 170 13 18 0.030789057 
654 120 18 24 0.030761799 
147 373 27 32 0.030759715 
463 294 15 17 0.030676384 
412 47 11 13 0.030625153 
62 79 10 11 0.030570464 
93 347 30 39 0.030555075 
668 277 29 39 0.030490354 
686 111 9 12 0.030340234 
227 235 15 17 0.03033463 
99 338 15 19 0.03030743 
723 271 27 32 0.030287236 
454 71 8 10 0.030283427 
91 141 11 12 0.0302102 
540 325 25 33 0.030054836 
248 140 10 13 0.02991529 
31 276 17 24 0.02987386 
205 0 12 11 0.029768743 
834 298 41 53 0.029619655 
984 92 10 12 0.029591912 
235 217 21 26 0.029550673 
660 119 10 14 0.029530898 
589 166 11 14 0.029488044 
767 122 22 26 0.029354043 
865 183 17 23 0.028864231 
1008 95 10 13 0.028801972 
155 376 16 17 0.028691074 
337 378 42 48 0.028612956 
2 351 21 26 0.028610267 
320 430 19 22 0.02853622 
489 359 26 35 0.028493704 
127 247 24 31 0.02846867 
159 283 26 34 0.028436698 
952 93 10 15 0.028415088 
772 165 25 34 0.028400697 
999 103 11 14 0.028343324 
452 606 51 58 0.028296191 
730 283 14 17 0.028282974 
376 425 29 42 0.02824744 
709 118 9 12 0.028204711 
281 441 39 52 0.027936837 
33 365 38 50 0.027898181 
456 31 7 9 0.027896643 
371 407 28 38 0.027801422 
454 301 12 14 0.027771963 
10 77 9 12 0.02753654 
699 138 12 16 0.027480233 
46 101 9 11 0.027336758 
141 196 23 27 0.027326558 
198 112 10 12 0.027315801 
154 202 14 19 0.02718189 
316 235 48 61 0.027122866 
759 116 22 28 0.02712194 
-9 408 76 99 0.027070364 
207 275 26 32 0.02670751 
77 126 11 14 0.026700651 
118 239 24 29 0.02664574 
802 376 26 31 0.0265528 
848 412 21 29 0.026543941 
1 483 14 18 0.02652047 
48 124 11 13 0.026382292 
709 130 12 17 0.026338117 
638 151 10 13 0.026324408 
49 118 10 12 0.026322143 
608 142 10 13 0.026252046 
-1 365 30 41 0.02625143 
22 112 10 12 0.026240654 
276 302 24 30 0.026198806 
989 638 34 44 0.026180282 
171 271 19 22 0.026136994 
845 318 41 53 0.026026396 
608 131 10 12 0.025935365 
56 56 10 12 0.0259308 
130 241 17 21 0.025901113 
70 86 9 11 0.025891965 
706 331 19 25 0.025880275 
286 385 28 35 0.025816925 
584 132 12 15 0.025751945 
699 264 27 33 0.025709532 
271 182 26 30 0.025664967 
71 94 9 11 0.025573188 
220 45 11 13 0.025420507 
738 521 38 56 0.025320685 
259 471 38 52 0.025291419 
615 159 10 14 0.025287414 
633 501 43 58 0.02528291 
390 46 9 11 0.025193574 
732 173 20 27 0.025117232 
85 348 14 17 0.025055984 
664 122 21 28 0.025000978 
371 411 16 20 0.02498223 
811 487 25 32 0.024842734 
69 403 25 32 0.024741549 
624 126 9 11 0.024675764 
589 128 8 11 0.024663419 
599 119 9 12 0.024542494 
446 40 8 10 0.024504479 
288 330 25 30 0.024474988 
101 54 12 16 0.024422182 
937 574 25 31 0.024265975 
62 645 15 19 0.02425424 
120 131 10 12 0.024228064 
153 365 26 29 0.024208946 
61 449 29 41 0.024198623 
988 70 14 17 0.02417868 
623 138 12 15 0.024147255 
120 521 48 52 0.024111368 
681 210 16 20 0.024051607 
431 645 27 37 0.023985863 
41 442 34 45 0.023976976 
49 111 8 11 0.023960674 
201 211 15 18 0.02392557 
989 91 10 13 0.023908153 
356 309 30 42 0.023894422 
407 40 9 11 0.023854075 
112 89 13 16 0.023852304 
863 26 47 65 0.023828328 
850 425 15 20 0.023825066 
743 125 11 16 0.023789175 
727 159 20 29 0.02368937 
752 328 18 23 0.023689356 
87 212 14 17 0.02368183 
16 203 24 29 0.023671806 
235 345 18 28 0.023642095 
669 110 11 14 0.023619428 
326 271 29 36 0.023614759 
626 133 21 25 0.023612361 
77 70 11 12 0.023607459 
232 105 11 14 0.023525078 
768 136 13 18 0.023486875 
763 120 14 17 0.023469716 
201 30 11 14 0.023447467 
476 503 46 54 0.023443237 
712 487 19 23 0.023408083 
630 119 8 11 0.023297621 
97 495 28 37 0.023257619 
565 400 16 24 0.023238968 
189 30 11 13 0.023234848 
285 233 49 59 0.023192614 
84 400 16 23 0.0231751 
890 355 15 24 0.023074383 
43 139 14 16 0.023002582 
168 8 10 11 0.022986235 
195 207 16 19 0.02292927 
576 164 10 13 0.022888582 
294 404 38 42 0.022861024 
710 157 22 29 0.022845432 
335 274 41 55 0.022844143 
770 115 14 18 0.022728216 
200 471 34 44 0.022722697 
616 203 21 29 0.022687802 
426 300 15 21 0.022565914 
724 502 39 58 0.022546055 
751 116 13 18 0.022530079 
87 127 11 14 0.022479901 
103 118 9 11 0.022471597 
153 341 26 36 0.022430496 
38 505 38 52 0.022415675 
127 367 17 23 0.022414219 
110 79 18 24 0.022409903 
62 47 11 12 0.02230212 
93 125 10 13 0.022260599 
967 117 14 17 0.022259738 
786 126 14 17 0.022229895 
216 117 10 11 0.022179162 
127 141 11 13 0.022164842 
261 280 16 25 0.022136373 
244 204 16 19 0.022112703 
720 111 9 12 0.022035314 
989 61 13 16 0.022020124 
378 289 43 51 0.022015724 
423 14 8 10 0.021912523 
175 31 9 12 0.021908155 
591 156 10 13 0.021884348 
809 564 27 38 0.02187838 
639 161 25 34 0.021871218 
867 345 18 26 0.021827143 
544 456 20 25 0.021786563 
109 380 15 23 0.021769019 
252 378 15 23 0.021707037 
0 355 13 18 0.021670215 
444 299 14 17 0.021660622 
316 573 45 54 0.021588752 
139 310 27 33 0.021563904 
108 108 11 14 0.021528784 
614 149 9 12 0.02151887 
216 311 38 49 0.021497471 
868 477 30 41 0.021449018 
78 101 9 11 0.021396123 
68 271 24 29 0.021352667 
638 127 8 12 0.021292383 
625 134 10 12 0.021252997 
131 106 19 23 0.021216178 
628 198 13 16 0.021198709 
644 150 10 13 0.021150483 
749 171 17 23 0.021056823 
613 142 10 13 0.021019937 
141 213 15 20 0.021006258 
709 111 9 12 0.020998767 
44 132 13 15 0.02095426 
7 70 11 13 0.020941801 
168 125 9 10 0.020874625 
6 192 10 13 0.020826736 
72 229 17 23 0.020807898 
84 106 13 16 0.020750947 
271 413 41 52 0.020654019 
180 117 10 11 0.020636003 
719 530 45 64 0.020617941 
62 316 31 37 0.020577224 
637 108 9 11 0.02057659 
242 254 25 33 0.020566272 
52 118 13 15 0.020559961 
707 493 18 25 0.02054584 
895 527 32 44 0.020491399 
241 336 17 21 0.020486267 
428 621 53 58 0.020468397 
31 80 9 11 0.020467857 
207 14 14 14 0.020445583 
474 306 12 15 0.020435978 
747 505 14 21 0.020428823 
669 118 11 14 0.02040716 
230 96 21 25 0.020393172 
670 180 12 16 0.020355321 
833 225 19 26 0.020349553 
275 273 16 27 0.020295618 
719 116 13 16 0.020224985 
35 213 22 27 0.020211274 
27 603 32 34 0.020129371 
745 312 26 34 0.020098975 
713 193 17 25 0.020039119 
259 132 14 15 0.02003324 
103 138 10 13 0.020032594 
399 22 10 13 0.020017773 
