2_Demonstration_Demonstration_Or_Protest_2_496
42
315 91 57 68 0.9996507 
944 78 51 68 0.99947685 
209 183 53 76 0.99878734 
731 252 65 94 0.99003637 
540 105 43 52 0.9582507 
676 158 52 56 0.87312686 
505 285 30 37 0.13249446 
482 196 25 28 0.11548356 
66 -1 69 69 0.10697162 
540 73 14 20 0.06663422 
570 444 38 33 0.05520849 
101 10 54 53 0.055003628 
9 1 47 52 0.051397864 
419 300 47 61 0.050119966 
341 5 16 18 0.049939863 
353 305 71 111 0.048082054 
601 94 22 38 0.04497247 
32 0 55 55 0.04292322 
587 159 32 35 0.037594296 
540 436 116 98 0.03483363 
478 201 17 20 0.029493744 
497 261 26 37 0.02928174 
373 109 12 17 0.02915758 
860 141 18 23 0.02796618 
580 129 45 50 0.027320148 
713 93 28 34 0.027317086 
731 26 16 21 0.026095813 
467 249 41 53 0.02577866 
114 -1 29 21 0.025383307 
581 57 22 30 0.024504883 
42 37 25 40 0.022898855 
662 134 52 64 0.022896761 
450 100 15 18 0.022756364 
745 427 139 172 0.022199217 
649 124 47 58 0.022026705 
735 20 26 35 0.02185735 
117 -1 39 39 0.021536209 
495 203 17 20 0.021121692 
245 151 30 41 0.0205851 
730 352 35 48 0.02037097 
432 42 93 126 0.020109799 
271 149 11 15 0.02008871 
