2_Demonstration_Protesters_2_714
39
399 480 54 65 0.9940984 
190 424 62 69 0.9908516 
623 382 67 84 0.9740801 
329 603 54 63 0.28997877 
419 288 18 23 0.1618997 
24 302 28 35 0.11041829 
412 262 29 37 0.074626066 
872 242 15 18 0.06803655 
378 352 18 23 0.067973346 
411 291 21 26 0.058484543 
676 158 18 23 0.056639023 
26 318 29 37 0.055443656 
671 458 88 130 0.04622164 
381 249 14 20 0.045451827 
615 298 69 83 0.042582933 
547 230 194 265 0.042573143 
602 320 95 110 0.040309593 
308 277 14 19 0.036841936 
715 375 51 67 0.03508539 
916 222 15 18 0.033864938 
366 159 14 19 0.033271592 
401 296 17 23 0.033147242 
358 476 27 35 0.03263555 
253 288 16 18 0.030410137 
485 158 375 418 0.028531592 
605 204 12 16 0.02736816 
470 551 52 58 0.02685673 
587 237 129 153 0.026774406 
594 475 16 22 0.024487456 
867 602 15 20 0.024283327 
561 407 42 49 0.022708235 
554 400 29 38 0.022698438 
351 236 12 17 0.022507496 
290 438 31 39 0.022168659 
567 308 96 105 0.022052592 
46 347 32 36 0.021571202 
266 530 28 34 0.02090128 
564 331 63 67 0.020563383 
557 460 15 22 0.02017098 
