2_Demonstration_Protesters_2_260
37
110 176 109 125 0.99954456 
707 62 117 140 0.9993136 
578 110 87 108 0.99821174 
948 198 20 24 0.76867586 
990 224 30 34 0.646223 
10 309 20 23 0.2268361 
937 199 24 31 0.1560999 
995 176 25 30 0.1350577 
6 314 44 52 0.10551877 
522 431 110 122 0.06690339 
328 162 89 121 0.06586637 
37 306 17 21 0.06352191 
664 800 52 70 0.05971957 
22 306 27 32 0.05737731 
997 170 17 19 0.056745593 
13 315 26 33 0.055761624 
989 475 23 30 0.036236804 
926 206 26 32 0.03588622 
857 139 27 36 0.03360007 
949 470 15 16 0.031189919 
566 172 445 412 0.030816296 
345 387 400 483 0.030792793 
911 59 41 59 0.028569153 
322 693 102 139 0.028484993 
1004 548 14 18 0.027232207 
21 328 16 20 0.025862668 
529 495 55 64 0.025169482 
973 158 22 30 0.023277937 
862 142 14 20 0.022910481 
425 199 44 61 0.02277995 
996 552 15 18 0.021953514 
985 159 25 31 0.021667363 
447 304 194 239 0.02150658 
922 82 19 24 0.021419283 
955 192 22 28 0.021277202 
904 599 28 35 0.020278322 
21 276 16 22 0.020179335 
