2_Demonstration_Demonstration_Or_Protest_2_117
358
661 414 27 37 0.9991997 
15 525 26 32 0.9985405 
626 410 23 31 0.9967662 
697 448 33 47 0.99659306 
935 471 33 38 0.9963805 
607 454 32 39 0.996259 
512 436 29 37 0.9957573 
371 419 24 32 0.9945732 
437 428 27 30 0.9945437 
163 418 22 29 0.99407816 
972 432 25 30 0.992141 
912 606 34 47 0.99121827 
777 528 28 31 0.98528624 
803 458 29 32 0.9772798 
596 431 23 31 0.9750405 
281 438 23 30 0.97217137 
226 414 22 26 0.97003865 
173 385 19 24 0.96391433 
371 367 14 17 0.944552 
129 427 21 27 0.9099654 
61 413 21 29 0.9026724 
364 347 11 14 0.8923016 
199 363 16 20 0.78667426 
992 265 17 22 0.7691812 
882 492 34 44 0.74228215 
183 340 14 19 0.7331861 
136 344 13 17 0.653365 
435 332 10 14 0.6171377 
405 362 15 19 0.58431214 
25 414 23 27 0.5808254 
748 277 11 14 0.5345762 
182 330 16 18 0.53357106 
779 303 15 19 0.4977395 
277 335 13 16 0.49228334 
446 350 10 12 0.48678014 
835 473 29 39 0.47503865 
306 215 16 21 0.4701603 
344 331 11 15 0.4457698 
336 406 17 23 0.40976027 
490 356 11 14 0.4081379 
541 373 17 22 0.31568542 
659 263 16 18 0.31425452 
431 407 23 27 0.31191707 
496 327 10 14 0.31185228 
60 330 12 16 0.30112833 
226 358 12 15 0.282364 
383 331 10 11 0.2783197 
420 334 9 12 0.2747811 
684 301 10 11 0.25116852 
716 372 13 19 0.24081178 
648 315 12 16 0.22855236 
102 316 9 13 0.2168561 
855 223 12 15 0.20921679 
942 222 15 21 0.20702107 
480 328 12 16 0.19971928 
757 294 10 14 0.18560305 
572 256 24 31 0.1787502 
295 347 14 18 0.1644336 
420 339 10 13 0.16169578 
3 405 15 18 0.15906753 
607 308 11 14 0.15635993 
96 309 10 14 0.1542594 
145 369 14 17 0.1482085 
666 326 12 15 0.14343497 
232 421 21 28 0.14216067 
704 351 11 14 0.14174181 
202 331 15 20 0.13282533 
531 376 15 20 0.12506567 
113 349 9 12 0.124550544 
669 311 9 12 0.123434484 
732 395 15 19 0.11572195 
981 208 13 18 0.114981994 
891 243 11 17 0.11250344 
157 350 11 15 0.10953311 
782 291 14 17 0.107792735 
117 417 14 19 0.10553871 
764 252 12 15 0.10500956 
420 269 11 13 0.09578354 
46 239 11 13 0.094964296 
815 258 10 12 0.09456457 
409 356 14 17 0.09178015 
441 351 10 12 0.08681369 
174 330 13 15 0.08681228 
680 296 11 13 0.08661815 
118 169 22 34 0.08565349 
1013 165 9 13 0.08500992 
763 345 13 18 0.08457642 
492 456 23 29 0.08376057 
939 209 22 32 0.08173006 
777 291 11 14 0.076733544 
957 173 9 12 0.074194774 
413 352 10 12 0.07140758 
931 242 12 16 0.07097957 
484 326 13 16 0.07034238 
895 263 10 14 0.070099674 
680 264 10 12 0.06999844 
708 324 11 14 0.06957742 
601 307 12 15 0.06912877 
512 307 12 15 0.06911738 
81 399 20 28 0.06898937 
533 390 24 30 0.06865787 
470 315 8 11 0.06715166 
826 277 10 13 0.06668509 
801 124 14 16 0.066377 
72 401 22 31 0.06566786 
669 362 10 15 0.06519887 
776 286 10 13 0.06488843 
512 300 12 15 0.0643597 
645 285 9 11 0.06392005 
737 255 9 12 0.06375974 
56 321 15 21 0.06250299 
829 488 26 34 0.062231395 
788 286 11 14 0.062137406 
30 458 13 17 0.061868425 
559 246 10 13 0.061830234 
944 212 12 18 0.060907792 
151 341 9 14 0.060372017 
887 236 19 29 0.059955526 
489 319 8 11 0.05962486 
38 309 9 12 0.05816843 
843 211 12 14 0.056895822 
85 380 12 15 0.056618974 
774 284 24 29 0.056463256 
822 255 8 12 0.056101102 
399 368 15 19 0.05440698 
978 204 12 16 0.0539037 
119 385 14 20 0.053650532 
277 226 14 18 0.05282855 
834 480 19 24 0.0527611 
91 403 16 21 0.052442916 
661 271 14 17 0.052365743 
881 498 21 25 0.051672034 
230 404 15 17 0.051055923 
408 319 7 11 0.05046795 
46 402 16 19 0.049956318 
116 344 9 11 0.04954065 
118 429 22 28 0.04924281 
95 305 9 12 0.048879545 
619 232 15 22 0.048524164 
103 321 11 13 0.04821294 
766 310 11 14 0.047804657 
760 318 11 14 0.047226105 
31 447 13 20 0.04719539 
11 410 14 16 0.046648417 
866 596 14 18 0.04654028 
286 272 13 17 0.044578318 
906 596 27 41 0.044470403 
564 262 18 23 0.044389684 
671 285 9 11 0.044136245 
503 302 9 10 0.04378575 
281 338 14 18 0.04350065 
527 371 14 20 0.04341621 
144 430 16 23 0.043185234 
415 308 9 11 0.043096595 
256 290 12 16 0.042987224 
377 369 14 18 0.042856958 
81 383 10 13 0.042401757 
665 266 14 17 0.04185676 
496 442 26 33 0.041838236 
847 481 19 23 0.041810025 
231 307 11 15 0.041778047 
482 437 17 22 0.04170785 
551 246 9 12 0.04099344 
719 348 11 14 0.040952157 
571 251 18 21 0.04084803 
92 597 13 17 0.04009359 
825 283 10 12 0.039957732 
128 448 16 20 0.0397598 
792 521 27 35 0.039739873 
651 313 10 11 0.039729245 
680 325 10 13 0.039370514 
123 419 14 23 0.039359502 
421 328 10 13 0.039052404 
775 279 9 12 0.03881189 
151 348 10 14 0.03849781 
21 413 17 21 0.038435783 
1001 266 15 18 0.038423486 
594 435 37 50 0.038387526 
228 214 11 13 0.03812241 
450 348 12 15 0.037771445 
816 366 9 12 0.03755595 
151 355 12 17 0.037530843 
65 404 18 23 0.036989078 
255 324 13 18 0.036941472 
615 222 24 38 0.036571562 
162 355 12 16 0.036462173 
606 201 42 55 0.036213648 
109 432 16 21 0.036213014 
685 319 9 12 0.035260793 
846 572 39 51 0.034993485 
746 272 17 23 0.034868773 
696 435 25 30 0.03482042 
153 352 19 25 0.034678794 
739 258 12 13 0.03451019 
371 348 11 15 0.03430971 
683 355 16 19 0.03417409 
993 422 22 31 0.033971686 
93 353 11 14 0.03380265 
743 205 41 53 0.033579763 
815 299 11 16 0.033114444 
155 340 12 16 0.032958537 
648 349 11 13 0.03258077 
719 370 22 28 0.032417588 
382 188 30 36 0.032409854 
449 324 9 12 0.032259148 
465 311 9 12 0.0322458 
588 248 15 21 0.032136254 
490 326 20 24 0.03185799 
416 328 9 11 0.03175822 
901 262 11 13 0.03159921 
579 249 16 22 0.031291198 
832 489 14 20 0.031221272 
745 271 11 13 0.030699125 
661 294 10 13 0.03066497 
382 292 12 14 0.030593827 
737 398 17 22 0.030397274 
727 229 12 15 0.030190082 
432 351 10 12 0.030159194 
574 244 16 18 0.029925955 
152 336 9 13 0.029900763 
665 316 11 14 0.029868228 
211 324 13 16 0.029843643 
250 355 15 21 0.029595353 
406 337 10 14 0.02958022 
921 201 39 54 0.029545086 
346 401 18 23 0.029491376 
388 328 9 12 0.029460477 
149 377 12 17 0.029264066 
388 372 12 16 0.029253175 
751 289 19 25 0.028915396 
829 291 9 13 0.02883128 
759 259 11 14 0.02851694 
204 207 10 14 0.028485898 
843 464 28 37 0.028481347 
134 364 12 15 0.028446637 
665 283 10 13 0.028220776 
809 294 9 10 0.028028646 
678 361 15 18 0.02792267 
46 313 25 34 0.02780707 
434 397 17 19 0.027798533 
117 439 14 20 0.027688455 
273 337 21 28 0.02763958 
486 347 18 24 0.027580358 
814 294 9 12 0.027517648 
730 374 23 29 0.02747961 
854 478 36 47 0.027454507 
25 406 17 18 0.027410485 
565 253 15 18 0.02732576 
367 300 10 11 0.027317155 
842 490 19 27 0.027307287 
378 332 11 12 0.027201295 
346 337 12 16 0.02694241 
284 344 14 20 0.026922984 
640 302 8 11 0.026748493 
450 355 12 15 0.026533667 
725 347 11 13 0.02643134 
715 324 12 14 0.026276613 
416 328 17 22 0.026256287 
79 253 11 13 0.026193589 
112 352 12 17 0.026189202 
766 292 12 15 0.026183603 
93 306 18 23 0.026090065 
636 257 12 14 0.026009839 
744 550 21 29 0.025877533 
224 352 11 15 0.025735214 
27 436 22 29 0.025402566 
748 254 13 15 0.02531023 
746 346 16 19 0.025277818 
809 288 7 9 0.025244432 
35 458 15 19 0.02509392 
860 592 24 28 0.02503184 
416 273 14 16 0.02498129 
431 328 17 23 0.024784643 
587 260 16 24 0.024619073 
282 263 24 29 0.024584038 
934 218 20 30 0.024582407 
717 331 11 14 0.024576765 
815 287 9 10 0.024372688 
895 273 11 13 0.024369841 
334 394 22 29 0.024310775 
14 417 15 19 0.024208724 
28 424 24 30 0.023917545 
557 376 13 19 0.023874333 
756 286 9 13 0.02377454 
83 385 15 20 0.02367615 
527 382 16 21 0.023567649 
815 307 12 16 0.023557007 
869 515 46 58 0.02353916 
784 298 15 21 0.023477709 
660 350 11 12 0.023475457 
908 212 11 13 0.023383992 
133 353 14 19 0.023295201 
42 417 13 18 0.023231449 
100 610 17 23 0.023220815 
702 216 8 12 0.023208555 
915 165 13 15 0.023177646 
760 287 22 29 0.022970565 
684 263 9 11 0.022889161 
493 319 10 13 0.022889046 
797 285 9 11 0.022765711 
127 358 11 16 0.02273165 
4 441 14 21 0.022730147 
798 462 20 23 0.022676887 
650 355 15 17 0.02261875 
848 220 13 17 0.02258608 
660 255 15 18 0.022561057 
663 358 11 15 0.02254604 
118 362 10 15 0.022412395 
716 319 10 12 0.022357114 
860 474 14 19 0.022273809 
370 358 15 19 0.022187766 
80 282 11 17 0.022094645 
502 270 8 9 0.02209105 
765 302 22 28 0.022032715 
789 328 14 17 0.022014543 
748 334 13 14 0.021976013 
129 345 12 17 0.021967812 
528 285 12 15 0.021898879 
1 407 22 29 0.021775676 
809 259 10 13 0.021709057 
376 394 14 19 0.021684853 
901 492 15 19 0.021560425 
702 345 18 23 0.021550326 
552 252 38 47 0.021541184 
679 319 10 13 0.021500025 
674 419 26 35 0.021356262 
631 259 13 15 0.021349816 
12 419 23 30 0.02133401 
496 271 9 9 0.021313202 
19 426 22 30 0.021299765 
961 609 26 39 0.02128133 
677 295 19 23 0.02125548 
388 340 13 18 0.021192644 
927 230 19 28 0.02110818 
603 303 19 24 0.02109686 
377 341 21 27 0.021047901 
527 394 14 19 0.021021886 
509 301 19 26 0.020951552 
564 373 14 18 0.02093611 
617 204 12 16 0.020916948 
685 306 11 14 0.020734249 
776 388 13 17 0.02071311 
57 417 15 20 0.020638144 
757 268 10 14 0.020612242 
910 262 11 12 0.020604236 
732 342 13 15 0.020596221 
230 457 15 20 0.020586047 
818 293 20 28 0.020573545 
677 284 12 14 0.020519167 
90 308 11 14 0.020439863 
379 399 17 21 0.020427437 
693 355 12 16 0.020286031 
673 262 21 26 0.020228896 
101 486 13 15 0.02015768 
928 280 8 11 0.020041863 
36 407 23 29 0.020038567 
611 303 11 14 0.020036029 
102 434 14 18 0.02000873 
