2_Demonstration_Political_Rally_2_491
54
630 374 29 41 0.9919137 
648 500 35 50 0.98405993 
541 500 33 48 0.96931577 
968 535 17 23 0.9377891 
747 538 19 25 0.91793746 
864 527 20 24 0.89130044 
789 526 20 25 0.8893599 
564 386 26 35 0.8854449 
583 492 52 79 0.86623144 
908 540 19 22 0.84353846 
388 462 19 26 0.75521606 
251 626 13 16 0.19515648 
221 584 18 22 0.1899784 
327 595 30 49 0.1315435 
447 612 56 53 0.12754436 
798 530 16 19 0.08259771 
273 616 10 13 0.0800257 
176 625 34 49 0.0765875 
634 372 20 25 0.07346191 
38 559 52 55 0.06363507 
112 570 64 75 0.041946024 
80 577 40 36 0.041375205 
286 638 21 35 0.04028055 
670 210 15 18 0.03369368 
187 604 44 62 0.033186827 
115 630 48 64 0.032963924 
909 576 24 27 0.03148467 
557 493 43 63 0.031044835 
2 532 96 120 0.030866917 
376 577 31 42 0.029461078 
336 644 10 15 0.029366849 
247 613 9 11 0.029158715 
572 336 14 16 0.028946057 
811 491 14 17 0.028937621 
796 171 12 15 0.027942328 
147 633 48 55 0.026977798 
43 563 30 36 0.026930267 
402 466 13 18 0.026657172 
27 578 95 113 0.026340825 
227 601 13 16 0.025528237 
396 525 27 32 0.025127396 
712 215 10 13 0.02478302 
216 590 24 33 0.022593442 
389 524 47 68 0.022314692 
199 660 29 33 0.021990612 
988 571 16 21 0.021802455 
89 570 62 58 0.0215778 
184 649 31 41 0.021403845 
981 575 17 22 0.020970294 
37 631 32 31 0.020821428 
967 181 13 14 0.02044673 
63 3 29 31 0.02032718 
51 565 16 20 0.02026809 
335 609 37 50 0.020202393 
