2_Demonstration_Protesters_2_91
71
961 209 34 41 0.99950814 
342 241 23 30 0.9797249 
785 241 19 25 0.96703553 
396 243 16 22 0.9183391 
591 257 13 18 0.728359 
631 250 13 18 0.6778549 
658 273 15 19 0.56075674 
314 309 17 20 0.51025015 
588 309 26 31 0.26672092 
813 248 21 26 0.25527978 
538 243 15 17 0.1740451 
757 460 52 51 0.16253598 
922 224 15 17 0.15855546 
535 256 14 19 0.13601913 
727 467 36 46 0.11625745 
538 264 14 18 0.10765571 
341 236 17 23 0.102434784 
897 263 28 38 0.08640678 
539 250 15 19 0.07958114 
908 249 14 17 0.07489401 
601 233 11 16 0.073696256 
730 256 16 19 0.06630325 
828 360 16 22 0.061948657 
826 251 17 22 0.060888313 
526 249 12 19 0.058811333 
902 246 14 18 0.049018882 
900 248 24 30 0.048815172 
547 249 11 17 0.045122027 
667 274 11 16 0.045003172 
624 259 11 16 0.040299073 
520 247 12 17 0.04020887 
623 267 11 13 0.039651386 
736 198 10 13 0.039253734 
772 426 29 32 0.03838819 
349 210 12 14 0.038224656 
799 214 24 26 0.038125966 
455 -41 461 493 0.03809566 
860 229 16 22 0.034213357 
447 249 14 20 0.034068603 
604 320 13 18 0.03311578 
807 457 41 48 0.03245867 
293 198 13 15 0.030668186 
609 191 9 10 0.030440731 
257 182 8 11 0.03006004 
808 251 14 19 0.029443465 
732 217 25 30 0.029320521 
604 261 9 13 0.028248299 
583 252 11 17 0.027259743 
746 223 15 20 0.026688963 
-15 62 208 305 0.02615252 
535 322 10 11 0.026067292 
-45 9 369 491 0.02578315 
844 332 12 15 0.02562978 
615 253 10 13 0.024771037 
784 460 32 42 0.024702933 
576 306 41 51 0.024384923 
647 273 14 19 0.024272066 
925 368 19 20 0.024024898 
532 273 13 17 0.023865106 
315 313 24 26 0.02370525 
586 257 11 18 0.023214014 
735 189 11 14 0.02314114 
622 245 12 15 0.02304219 
719 261 11 15 0.022694834 
615 267 11 14 0.022626374 
751 196 11 14 0.02231385 
336 234 15 22 0.022199677 
581 246 10 14 0.021828344 
819 213 17 20 0.02155681 
382 243 22 29 0.021216718 
621 276 12 16 0.021122677 
