2_Demonstration_Demonstration_Or_Protest_2_771
61
468 127 100 134 0.9999429 
672 471 28 35 0.9991296 
134 454 21 26 0.91342235 
691 164 13 17 0.49811906 
160 64 53 68 0.44141775 
732 172 13 17 0.36399463 
802 498 20 23 0.29339564 
760 166 11 14 0.26971406 
51 484 16 21 0.23936011 
760 170 14 19 0.20793259 
2 480 17 20 0.17409267 
731 179 16 23 0.16216627 
970 323 9 13 0.13516344 
99 484 16 19 0.11794677 
631 432 9 12 0.10847623 
953 325 9 11 0.09748742 
892 330 10 14 0.08305463 
218 376 16 21 0.07970384 
1014 348 9 13 0.05840481 
728 166 14 17 0.056078557 
234 244 11 13 0.055843834 
954 320 8 10 0.050394192 
868 476 51 59 0.047280308 
670 393 9 10 0.046871472 
257 277 9 11 0.040583238 
150 31 86 108 0.037578046 
966 398 9 10 0.03504206 
191 409 10 15 0.030390792 
317 359 14 18 0.030297153 
693 365 9 11 0.029325657 
208 365 28 34 0.02871041 
197 406 10 13 0.028455848 
667 177 13 15 0.028388668 
648 393 10 11 0.027697127 
301 291 12 16 0.027622031 
1011 492 11 17 0.027483128 
196 277 13 17 0.027279284 
735 315 12 16 0.026750214 
108 451 10 14 0.025783284 
700 485 14 18 0.025747841 
293 286 13 15 0.025652956 
701 190 10 13 0.024771102 
379 359 16 20 0.024416171 
375 312 13 17 0.023665432 
692 173 15 18 0.023663491 
767 198 10 12 0.023337843 
309 299 11 15 0.0232408 
698 170 12 16 0.022970745 
963 398 8 10 0.022471378 
58 475 17 24 0.022342445 
269 337 13 16 0.022300415 
42 482 28 32 0.022194741 
81 145 15 19 0.022090161 
968 344 8 10 0.022010885 
950 398 7 10 0.021457952 
315 105 109 129 0.021159023 
710 268 11 12 0.02112383 
921 318 9 11 0.020789247 
1014 268 9 15 0.020502737 
938 318 8 10 0.020367354 
197 54 49 67 0.020158878 
