2_Demonstration_Protesters_2_493
842
91 112 25 32 0.9996294 
771 129 33 42 0.9994517 
555 131 34 43 0.998966 
386 148 37 47 0.9977756 
718 133 37 44 0.99698985 
257 99 21 27 0.9963714 
923 158 36 49 0.9952245 
711 110 27 30 0.99489886 
375 97 25 31 0.9948856 
848 140 31 42 0.9941392 
650 176 44 52 0.99350464 
456 132 36 45 0.99077296 
941 129 30 41 0.99034727 
868 91 26 35 0.99017173 
0 421 79 162 0.98877513 
636 104 25 31 0.98846114 
304 160 37 44 0.987538 
279 114 27 33 0.9865059 
523 117 24 32 0.9826475 
314 83 21 27 0.97605747 
340 90 22 26 0.9757498 
830 74 26 31 0.97563666 
409 114 25 28 0.9747347 
347 115 26 34 0.9740536 
19 100 21 26 0.96978486 
218 65 16 21 0.9693421 
161 81 21 25 0.9686221 
606 84 22 28 0.9668678 
202 79 20 27 0.9647159 
736 91 22 26 0.95923644 
434 69 18 25 0.94977826 
268 74 21 27 0.9436485 
524 89 16 20 0.93921655 
877 210 43 53 0.93703616 
802 20 13 16 0.9258626 
388 72 19 23 0.91484725 
924 46 18 24 0.91267544 
199 116 21 28 0.9109921 
292 67 19 26 0.9103133 
963 69 19 25 0.9083599 
916 71 26 34 0.90447766 
951 51 15 18 0.8786045 
31 68 22 27 0.87583506 
67 62 20 25 0.8739785 
322 58 15 19 0.87336403 
481 59 19 23 0.8642732 
79 88 21 25 0.858487 
187 58 15 19 0.85669744 
544 75 19 23 0.8549979 
74 44 15 18 0.8442764 
637 52 16 21 0.83645797 
550 110 25 30 0.83477324 
567 52 14 16 0.8014267 
654 20 12 14 0.8009626 
210 116 19 24 0.8001633 
833 182 38 51 0.7909676 
664 63 17 21 0.7838811 
761 44 16 20 0.7748264 
982 148 40 63 0.77460736 
523 65 15 19 0.7663972 
-1 87 13 25 0.76375604 
229 85 20 27 0.76148826 
333 42 11 14 0.7511647 
704 51 13 16 0.7353265 
134 103 22 28 0.7308883 
784 84 21 30 0.7239199 
549 38 11 13 0.7203245 
14 60 15 17 0.7145346 
584 129 21 31 0.7067901 
703 9 11 14 0.691334 
552 15 10 14 0.6891578 
131 83 20 26 0.67815334 
158 47 13 16 0.6750707 
666 49 16 19 0.6516677 
566 30 10 13 0.65105236 
656 89 22 28 0.6320319 
744 47 16 20 0.6307461 
817 119 23 32 0.6191573 
306 47 14 18 0.61796564 
423 141 23 35 0.5808695 
618 20 11 14 0.56663305 
693 76 22 27 0.5488275 
888 50 17 21 0.54633605 
998 85 23 34 0.5446867 
390 51 13 16 0.5429555 
787 58 15 18 0.53110343 
488 256 27 42 0.53104 
585 62 17 20 0.5287527 
236 46 13 15 0.52799284 
129 65 12 18 0.49965447 
844 48 15 19 0.47085077 
295 117 22 29 0.46369487 
752 25 14 17 0.45503363 
173 38 10 14 0.4465697 
426 52 13 16 0.44578353 
2 132 27 34 0.44564968 
719 81 17 21 0.4387111 
471 36 11 13 0.43794715 
752 195 29 34 0.43462518 
144 35 10 12 0.42368728 
622 71 15 19 0.41381353 
138 49 14 16 0.40570465 
459 57 14 17 0.39893267 
468 125 29 36 0.39663208 
95 58 11 14 0.39536116 
380 32 11 13 0.38444412 
148 31 11 13 0.3819456 
618 59 14 18 0.36814752 
440 30 11 15 0.35435808 
519 39 11 12 0.34442014 
34 53 12 15 0.3430177 
708 7 13 14 0.33317903 
420 36 13 14 0.331308 
317 31 9 12 0.32717097 
752 7 11 13 0.3268274 
706 85 21 26 0.31032482 
491 92 20 26 0.29813105 
255 46 11 13 0.29718414 
691 34 12 16 0.29619455 
248 61 13 18 0.29610565 
718 55 15 19 0.2898353 
872 15 9 12 0.28792566 
499 98 18 25 0.28502014 
181 82 15 19 0.28248036 
823 8 14 16 0.27947643 
546 54 11 13 0.2782288 
124 37 10 12 0.27559566 
0 45 10 16 0.27556133 
278 38 11 14 0.2734615 
458 83 15 18 0.25881934 
286 46 11 14 0.258257 
628 1 11 12 0.2577282 
56 81 13 19 0.25695083 
112 62 12 15 0.2547999 
490 62 16 20 0.25394338 
885 56 17 22 0.2520106 
245 82 17 21 0.24815387 
369 52 12 15 0.24796365 
222 15 8 10 0.2444785 
133 14 9 11 0.24363357 
209 36 10 12 0.23958406 
500 12 10 13 0.2377856 
233 38 9 10 0.23730302 
194 60 12 16 0.23623778 
500 8 8 10 0.2317302 
188 8 8 10 0.22974497 
281 30 9 11 0.22387978 
18 22 7 10 0.22250922 
361 36 10 13 0.22227506 
429 34 12 14 0.21896787 
500 21 10 12 0.21649568 
807 48 16 20 0.21645355 
673 21 10 13 0.2100777 
566 8 9 11 0.20820048 
108 45 11 14 0.20531203 
661 0 10 11 0.20401067 
476 13 10 13 0.20111404 
363 76 15 18 0.20076914 
453 90 21 25 0.1993292 
565 77 14 19 0.19915932 
397 22 10 13 0.19882566 
255 30 9 11 0.19538921 
370 17 9 11 0.19369365 
182 30 9 12 0.19084458 
751 76 22 29 0.19044127 
656 0 9 10 0.19024652 
584 53 14 17 0.1895543 
589 46 11 13 0.18409635 
645 92 24 29 0.1836338 
249 154 24 38 0.18217984 
227 195 42 59 0.17634346 
16 40 9 11 0.17628844 
782 6 10 13 0.17467588 
326 23 9 11 0.1729404 
495 31 9 11 0.1699123 
134 0 8 9 0.16834645 
250 89 23 28 0.16754262 
463 0 8 9 0.16623886 
207 71 20 27 0.16464789 
201 22 9 12 0.16389096 
600 1 9 10 0.1628265 
398 27 11 13 0.16127227 
353 22 10 12 0.16106398 
406 27 10 13 0.16040413 
176 31 10 13 0.15993415 
236 83 22 26 0.15990657 
235 39 12 13 0.15841234 
21 43 11 13 0.15766428 
254 51 11 14 0.1573913 
584 46 10 14 0.1563834 
666 91 14 19 0.15439755 
296 36 10 13 0.15367739 
904 125 27 38 0.15344964 
342 43 11 14 0.15261875 
477 38 9 12 0.14942345 
436 51 12 14 0.14714895 
533 37 9 11 0.14371437 
272 21 9 11 0.14240305 
367 46 13 15 0.14235985 
397 15 9 11 0.14208263 
348 44 11 14 0.14148383 
688 29 13 15 0.14087772 
261 52 13 15 0.13724582 
930 71 22 31 0.13684453 
938 146 34 44 0.1320721 
258 8 8 10 0.13184385 
132 398 63 59 0.13170123 
897 25 17 20 0.13064021 
766 0 10 9 0.12775321 
3 12 10 13 0.12650096 
478 9 10 11 0.12609632 
245 21 9 12 0.12509742 
313 35 11 13 0.12503086 
177 15 8 10 0.12412612 
377 35 11 13 0.12411409 
485 44 10 13 0.12313734 
44 34 10 13 0.12279938 
105 39 10 13 0.122056045 
519 19 10 12 0.121619254 
39 15 8 10 0.12133502 
518 14 9 12 0.121325165 
897 20 13 16 0.12125779 
257 13 10 12 0.12011621 
180 109 17 19 0.118847124 
574 37 11 13 0.11875544 
570 58 14 17 0.11855616 
716 44 11 14 0.118511066 
526 21 9 10 0.11849202 
223 54 13 15 0.11843075 
230 51 11 15 0.11842041 
445 110 21 29 0.117890425 
585 115 19 26 0.117811956 
212 32 9 11 0.11766178 
846 19 10 12 0.11669105 
305 116 15 22 0.11535474 
530 70 21 25 0.11497126 
238 30 9 11 0.11469746 
1012 117 12 23 0.114365526 
755 68 16 22 0.1137097 
499 58 13 17 0.11345596 
524 146 22 28 0.11323255 
94 30 10 13 0.113203585 
733 0 9 10 0.11276687 
444 23 9 11 0.11167373 
326 28 9 12 0.11119555 
163 45 12 14 0.11097282 
572 46 11 14 0.110771865 
508 78 12 16 0.11010956 
218 17 7 9 0.110095195 
72 16 8 10 0.109235734 
246 17 8 11 0.109143086 
285 29 9 11 0.10759333 
272 43 12 15 0.10742516 
415 44 11 14 0.10670469 
247 1 8 9 0.106452554 
605 1 9 10 0.10636187 
643 47 15 19 0.10605999 
530 61 13 15 0.105485804 
54 16 8 9 0.10483929 
716 6 11 13 0.10466365 
744 82 21 29 0.104459316 
469 114 25 30 0.10420658 
35 47 11 14 0.10363234 
449 97 21 30 0.103562325 
134 22 9 11 0.10352289 
78 21 9 11 0.10285679 
945 69 19 27 0.09917372 
851 195 44 56 0.099036105 
297 31 10 12 0.099033594 
411 207 31 45 0.09793621 
707 47 13 16 0.097273715 
480 44 10 13 0.096722834 
574 20 10 13 0.09649438 
147 64 14 18 0.096027024 
289 22 9 12 0.094768785 
534 32 10 12 0.092896044 
507 54 12 15 0.092188604 
465 37 11 13 0.092173375 
837 11 13 16 0.09213191 
481 99 22 27 0.08894065 
118 45 11 13 0.088536955 
415 15 9 12 0.08816679 
410 100 18 24 0.087819465 
134 7 9 11 0.08695266 
263 123 24 32 0.08676662 
190 118 21 25 0.08629233 
205 6 8 10 0.08624637 
128 32 10 12 0.08594024 
558 106 19 22 0.085457265 
565 62 15 20 0.084956154 
473 8 9 11 0.08471814 
232 32 9 10 0.08471229 
723 93 24 29 0.08470716 
242 16 8 10 0.0845266 
143 23 8 11 0.08440449 
233 5 8 10 0.08334321 
271 16 8 11 0.0832466 
990 88 20 29 0.0831828 
701 1 10 10 0.08262832 
328 40 11 13 0.08239902 
812 29 12 15 0.08236946 
582 104 17 21 0.08188952 
223 180 31 35 0.08184141 
83 69 12 15 0.08134071 
125 44 12 14 0.08121363 
265 155 23 36 0.080979995 
555 19 11 13 0.080899976 
74 19 9 12 0.08082255 
350 39 10 13 0.08067184 
699 71 16 19 0.08054139 
999 20 13 18 0.08050561 
483 126 17 23 0.07932302 
1005 12 15 21 0.078609176 
63 39 9 12 0.07845053 
335 29 9 11 0.078423575 
822 81 29 36 0.07840931 
414 30 12 14 0.0781229 
358 30 11 14 0.078088306 
609 43 12 14 0.07795139 
321 24 9 11 0.07792398 
732 5 12 14 0.077614374 
717 35 13 17 0.077277474 
159 22 11 12 0.07721089 
456 30 9 12 0.07720085 
181 35 11 14 0.076315634 
365 28 11 14 0.07572184 
938 68 17 24 0.07534556 
709 28 14 17 0.07512907 
686 84 14 20 0.07482613 
254 39 11 13 0.074586146 
789 42 15 18 0.07452226 
256 190 39 57 0.0740999 
757 37 14 18 0.0740468 
333 1 8 8 0.07383576 
168 31 8 11 0.073772065 
914 132 32 37 0.07367361 
846 30 11 15 0.07366089 
455 107 24 30 0.073486865 
362 158 24 30 0.073030576 
623 46 10 13 0.072596245 
262 85 22 28 0.072383255 
190 11 8 11 0.072232164 
111 23 9 11 0.07214526 
183 12 9 11 0.07193206 
261 30 9 12 0.07184357 
905 120 18 24 0.07147312 
500 28 10 12 0.07081936 
238 6 9 10 0.070464805 
539 114 23 30 0.07040687 
0 172 33 54 0.06997252 
116 52 12 15 0.069529526 
447 61 11 14 0.06898003 
463 22 9 12 0.06797378 
688 5 10 15 0.06795817 
472 107 18 20 0.067711204 
522 43 12 14 0.0670713 
608 22 9 12 0.066972815 
864 31 11 15 0.066682905 
152 8 8 9 0.06656652 
50 14 7 10 0.06597992 
596 38 11 13 0.06570316 
184 25 8 10 0.065358676 
581 0 9 8 0.064982824 
487 39 9 11 0.064562544 
884 68 17 21 0.06450998 
381 44 13 15 0.06383301 
973 96 15 21 0.06312671 
553 75 15 19 0.06282634 
607 52 15 18 0.06281536 
105 23 8 10 0.06277285 
351 27 11 13 0.06251056 
342 30 9 12 0.062089715 
567 24 11 13 0.061998 
391 29 10 12 0.061817944 
38 21 8 10 0.061482303 
807 57 16 19 0.06145767 
491 31 8 11 0.061246704 
187 80 18 24 0.06121842 
327 16 8 11 0.060889617 
512 39 10 12 0.060731232 
906 373 120 129 0.060594015 
513 31 9 11 0.060383845 
152 50 13 17 0.060150478 
978 92 19 27 0.05995644 
518 32 10 12 0.05965443 
278 24 8 10 0.059523977 
461 97 23 27 0.059179623 
61 115 23 26 0.05890584 
542 31 11 13 0.05869449 
813 68 25 31 0.058481302 
279 195 26 37 0.05824804 
1 50 12 16 0.05813465 
260 38 10 13 0.0581038 
676 52 12 17 0.057852753 
328 2 9 8 0.05761395 
525 37 10 13 0.057595156 
592 40 10 12 0.056906678 
484 249 50 61 0.056760192 
247 38 10 12 0.056703776 
705 74 14 20 0.056423895 
256 22 10 12 0.05641709 
485 8 8 10 0.056385268 
188 30 10 12 0.056149915 
152 13 9 11 0.056124065 
979 0 14 11 0.055927683 
233 166 30 37 0.05565296 
581 40 10 12 0.055640608 
761 72 17 22 0.05550132 
292 45 12 15 0.055408176 
796 35 13 17 0.055393953 
154 56 15 17 0.055281606 
35 61 14 16 0.05515558 
814 105 27 32 0.05480521 
413 20 10 13 0.05475749 
691 107 13 18 0.05451035 
693 90 22 27 0.054447044 
29 31 9 10 0.054410476 
409 140 29 41 0.054392718 
248 31 9 11 0.054373864 
289 6 7 9 0.054222845 
892 41 22 26 0.05409708 
31 57 13 17 0.05403733 
811 65 16 20 0.05403361 
551 8 10 12 0.0539109 
342 24 9 11 0.053530484 
532 55 11 14 0.053389404 
670 15 12 13 0.053254835 
274 6 8 10 0.053146776 
288 16 8 10 0.05307154 
284 39 10 13 0.052595604 
527 32 10 12 0.052441057 
429 46 12 15 0.052395023 
893 55 21 25 0.052293368 
55 21 8 10 0.052287433 
157 14 10 12 0.052255128 
786 75 14 20 0.052143965 
142 15 8 9 0.05213211 
383 11 10 12 0.0519444 
335 24 8 10 0.051886152 
224 31 8 9 0.051490378 
638 4 10 13 0.0513054 
276 160 26 33 0.05095951 
548 31 13 15 0.050771218 
727 8 13 17 0.05061036 
613 73 21 28 0.05042323 
792 47 19 24 0.0504106 
104 76 13 17 0.050393276 
99 55 12 14 0.050242733 
206 22 9 11 0.05002751 
490 87 16 20 0.049841158 
320 272 57 58 0.049656764 
560 8 9 11 0.04948356 
176 7 7 9 0.049301967 
156 67 12 16 0.04906424 
493 37 9 11 0.049026527 
691 40 13 17 0.048875917 
173 52 13 16 0.048614584 
344 7 9 11 0.048301976 
599 13 9 10 0.047871374 
421 44 13 16 0.047816798 
707 55 16 19 0.04771067 
63 15 8 10 0.047456685 
223 21 8 10 0.047389954 
517 7 9 11 0.047187205 
472 17 11 14 0.047135007 
613 38 10 12 0.047089364 
158 28 10 11 0.04700379 
558 45 11 14 0.04695443 
182 186 24 35 0.04693751 
133 29 9 12 0.046619147 
696 5 13 15 0.046091612 
344 357 62 63 0.04606631 
352 15 9 11 0.046059098 
279 71 22 29 0.04601979 
261 58 14 17 0.046006583 
63 31 8 10 0.04591084 
312 24 8 11 0.04584898 
33 22 8 10 0.045643985 
245 45 11 14 0.045463335 
271 28 10 13 0.045442592 
157 8 9 10 0.045392316 
132 76 15 18 0.04536949 
989 140 28 37 0.044960238 
532 43 11 13 0.044625517 
101 29 9 11 0.044620268 
207 15 8 11 0.044171028 
344 67 12 16 0.043902054 
687 24 11 13 0.04383249 
174 60 14 17 0.04371362 
700 6 19 22 0.043712225 
726 83 22 26 0.04367466 
180 45 10 12 0.043653417 
463 3 10 11 0.043485638 
375 7 8 9 0.04343198 
303 23 8 11 0.043415617 
504 46 10 12 0.04329156 
223 8 8 9 0.043128014 
80 29 10 11 0.042895474 
299 58 15 19 0.042715 
217 79 20 27 0.04245663 
28 39 10 12 0.04232975 
386 95 24 31 0.042020146 
732 18 14 19 0.041878775 
470 42 12 14 0.041794278 
290 302 54 73 0.041524522 
421 21 9 12 0.04144553 
457 118 28 34 0.04125441 
535 539 50 39 0.041211125 
310 14 8 10 0.04107892 
246 52 12 15 0.041001804 
911 14 13 14 0.040630735 
200 16 9 11 0.04060169 
128 362 119 92 0.040374815 
215 20 8 11 0.040275685 
399 34 11 13 0.040247187 
24 31 9 10 0.039861675 
748 55 15 19 0.03965792 
946 245 38 47 0.039656542 
279 49 12 16 0.039638545 
906 66 16 21 0.039474122 
446 84 22 26 0.03942072 
646 4 11 13 0.039415803 
336 6 8 10 0.03937602 
31 15 8 10 0.039367918 
600 87 18 22 0.039328773 
572 57 21 25 0.039093103 
600 30 9 12 0.039057225 
455 54 12 17 0.039050527 
1007 5 13 17 0.03889672 
667 5 12 13 0.038869005 
577 0 9 9 0.038624194 
319 2 8 8 0.038553793 
1006 91 20 38 0.0385333 
312 1 8 9 0.03829258 
424 214 33 39 0.038236167 
72 40 12 15 0.03823367 
703 28 12 16 0.03796467 
814 33 14 16 0.03794571 
454 64 15 18 0.037913084 
112 8 7 10 0.037876718 
317 46 11 14 0.037870735 
910 78 19 25 0.037784092 
87 93 19 24 0.037597567 
259 127 17 22 0.03751009 
189 36 9 12 0.037495684 
526 159 25 30 0.037448905 
512 23 9 11 0.03740229 
391 9 8 10 0.03733928 
674 89 13 20 0.037074856 
142 420 65 59 0.03706677 
717 66 16 19 0.036881316 
461 30 10 12 0.036718346 
685 60 13 17 0.036659647 
546 45 12 15 0.036642518 
693 60 14 16 0.03657534 
479 53 14 18 0.036560472 
477 226 43 63 0.03638039 
515 49 14 17 0.03631624 
222 48 11 13 0.036281444 
30 0 8 10 0.036197133 
765 14 12 14 0.03610171 
278 6 8 9 0.035966568 
773 0 10 9 0.03576105 
447 1 8 9 0.035716943 
23 15 8 10 0.03560224 
636 22 11 14 0.035579618 
104 16 7 9 0.03551871 
48 51 10 13 0.03549002 
216 191 27 35 0.03537289 
468 53 12 16 0.03534928 
262 19 9 13 0.03524426 
448 5 10 12 0.035213873 
543 5 10 12 0.035163768 
512 69 11 15 0.035083905 
284 165 32 37 0.035039943 
772 90 26 30 0.03486498 
349 7 9 11 0.034844507 
225 37 8 11 0.034803726 
306 123 21 28 0.03468205 
256 162 40 52 0.034632698 
116 22 9 12 0.034567915 
384 49 13 18 0.034475613 
684 53 11 15 0.034403823 
628 53 18 25 0.03432589 
415 50 12 15 0.0343228 
486 336 92 104 0.034264322 
820 30 13 15 0.034250364 
1002 122 21 31 0.034214556 
453 14 8 11 0.033923518 
16 29 8 10 0.033900917 
214 44 11 14 0.03387996 
150 24 10 12 0.03384963 
517 69 16 20 0.033773866 
135 39 10 12 0.033714067 
350 52 11 13 0.033701535 
167 15 9 11 0.033558436 
407 0 9 9 0.03352503 
658 27 12 15 0.033507857 
190 23 8 10 0.033356003 
627 138 13 18 0.033335887 
571 29 11 14 0.033245254 
274 34 19 23 0.033004068 
62 43 11 16 0.03300073 
869 6 11 13 0.032957207 
343 12 9 11 0.032909226 
688 0 9 11 0.032880347 
759 82 23 29 0.032854922 
453 6 10 11 0.032848258 
310 56 16 20 0.0327512 
1005 78 14 16 0.032746073 
613 0 11 11 0.032702707 
432 172 28 35 0.032650366 
949 1 11 10 0.03255978 
667 169 32 40 0.032447692 
7 60 13 16 0.032283306 
48 9 8 10 0.032063235 
40 9 9 10 0.032030456 
231 24 8 9 0.031837374 
338 288 55 63 0.031829964 
308 179 21 26 0.031764437 
88 31 10 12 0.03165099 
447 369 89 115 0.031523477 
820 51 14 16 0.031345792 
278 15 9 11 0.03126715 
56 45 10 14 0.03125808 
552 1 8 9 0.031248603 
476 33 9 10 0.031056298 
144 8 9 11 0.031006657 
558 36 10 14 0.030863985 
457 0 9 10 0.030460102 
955 157 16 22 0.030430537 
733 33 13 19 0.03035378 
176 56 20 24 0.030343993 
295 15 7 10 0.030295772 
399 9 9 10 0.030293923 
497 2 9 9 0.030252028 
26 6 9 11 0.030104138 
363 85 17 23 0.030043967 
312 7 8 10 0.030010873 
775 4 11 13 0.02991792 
336 15 8 10 0.029777206 
92 334 41 62 0.029759033 
483 114 15 20 0.029693712 
226 57 14 19 0.029688772 
141 32 18 22 0.02961705 
547 33 18 23 0.029609287 
395 48 11 14 0.029608015 
409 15 9 12 0.029482055 
542 1 9 10 0.029473444 
335 116 24 31 0.0294107 
210 167 27 37 0.029395703 
828 178 29 40 0.029302748 
406 89 15 18 0.029283592 
153 1 8 8 0.029219668 
70 8 8 9 0.029216595 
49 21 9 11 0.029165523 
720 339 83 113 0.029141271 
562 30 20 22 0.029126577 
538 152 16 21 0.029124567 
837 51 22 27 0.02904765 
304 14 7 10 0.029030548 
823 113 27 32 0.029007185 
514 11 10 13 0.0289882 
529 85 15 19 0.028933235 
717 116 31 37 0.028705988 
655 64 16 20 0.028693294 
62 21 8 11 0.028536873 
711 2 11 12 0.028516628 
693 68 15 17 0.028506773 
592 4 11 12 0.028505683 
894 33 17 20 0.028425194 
429 49 19 23 0.028183429 
195 110 15 20 0.028148893 
930 122 30 38 0.02805412 
157 39 13 16 0.027896186 
840 17 12 16 0.027890645 
95 15 8 10 0.027742995 
242 10 18 23 0.027707834 
511 1 9 9 0.027667444 
594 60 12 17 0.02762678 
503 52 20 25 0.027521364 
948 37 11 15 0.027497783 
445 48 10 12 0.027491473 
356 15 9 11 0.027449118 
207 43 12 14 0.027429689 
696 52 12 16 0.027381554 
628 46 13 15 0.027351469 
118 14 8 11 0.027305033 
227 74 14 17 0.027198656 
528 323 58 88 0.027149709 
518 124 33 46 0.026998177 
367 91 25 31 0.026868308 
533 23 10 11 0.026816089 
376 27 19 22 0.026813716 
287 1 8 9 0.026755558 
680 35 11 15 0.026720902 
382 59 13 17 0.026715524 
693 23 12 14 0.026694417 
717 23 11 15 0.026595578 
518 94 16 21 0.026536943 
310 319 52 65 0.026383461 
1011 40 13 22 0.02636728 
558 0 8 9 0.026260275 
286 181 42 56 0.02624198 
349 307 56 72 0.026239764 
256 41 19 23 0.026159955 
493 45 11 13 0.026108462 
594 0 9 10 0.026068164 
118 31 9 11 0.025937846 
646 40 12 14 0.025909225 
309 66 14 19 0.025891462 
368 109 25 34 0.025836049 
61 70 16 22 0.025711337 
998 202 26 42 0.025649082 
744 11 11 16 0.025641076 
0 136 43 60 0.025623545 
86 14 8 10 0.025553515 
445 53 12 16 0.02554313 
416 7 8 11 0.025438936 
313 292 55 68 0.025426352 
633 117 24 31 0.025414238 
341 61 12 16 0.025414089 
74 102 17 23 0.025353706 
504 38 10 12 0.02523056 
532 13 9 12 0.025133714 
6 39 9 12 0.025109695 
895 204 33 49 0.02499546 
653 34 12 15 0.024959253 
411 222 41 60 0.024948118 
809 20 12 15 0.024928242 
837 29 12 16 0.02492529 
337 383 57 76 0.024916887 
25 0 9 10 0.024853537 
333 49 13 17 0.02481311 
486 261 16 27 0.024608212 
56 38 10 12 0.024549099 
465 81 14 18 0.024501966 
96 24 9 10 0.02446636 
256 140 24 35 0.024334447 
65 9 8 10 0.02427818 
2 124 15 19 0.024243219 
401 129 27 37 0.024205944 
831 29 12 16 0.024203803 
749 115 22 30 0.024175467 
256 263 55 66 0.02416769 
667 0 11 11 0.02411633 
668 16 19 23 0.024087258 
677 15 9 12 0.024084892 
341 74 16 18 0.024029944 
731 52 13 17 0.023966793 
240 1 9 9 0.023940232 
455 22 10 13 0.023932131 
561 51 12 15 0.02392427 
332 118 38 48 0.023864754 
623 -4 21 22 0.023634017 
420 14 10 12 0.02359047 
346 159 27 31 0.02358076 
267 50 13 16 0.023515593 
963 77 22 32 0.023464127 
652 45 12 16 0.023443539 
454 47 11 13 0.023396846 
448 14 9 12 0.023337763 
749 31 16 20 0.023324152 
494 15 20 24 0.023248732 
180 327 103 111 0.023089958 
965 52 11 15 0.023068665 
307 109 13 18 0.023041774 
359 6 8 10 0.02301936 
313 25 18 23 0.022995183 
651 103 24 31 0.022977147 
495 2 18 23 0.022974795 
805 125 23 32 0.022933718 
19 55 13 16 0.022921322 
743 5 11 15 0.022898106 
991 16 23 29 0.022896364 
653 87 16 19 0.022843461 
773 97 15 18 0.022835853 
963 96 23 30 0.022783602 
41 30 10 13 0.022755789 
945 164 30 41 0.022725424 
463 45 11 14 0.022722995 
438 63 13 17 0.022674711 
6 31 9 11 0.02258818 
470 54 20 26 0.022548793 
204 60 13 16 0.022530204 
295 7 7 9 0.022516852 
406 50 11 15 0.022481672 
303 0 9 9 0.022396076 
647 13 13 16 0.022339473 
289 196 18 24 0.022320176 
177 22 9 11 0.022315579 
700 380 55 75 0.022274727 
321 16 8 11 0.0222661 
276 162 15 22 0.022248946 
566 109 25 30 0.022127356 
432 138 16 22 0.022126285 
312 179 33 43 0.022054734 
851 36 11 15 0.022011919 
887 19 12 17 0.021996554 
865 5 11 13 0.021955635 
415 1 8 9 0.021941377 
225 448 131 136 0.021938398 
104 8 8 9 0.021813188 
303 73 19 25 0.021799767 
591 28 10 13 0.021737564 
383 0 8 9 0.021567002 
80 0 9 9 0.021539709 
678 26 11 16 0.021496946 
470 3 19 22 0.021465963 
125 51 12 15 0.021418504 
942 58 15 20 0.021362336 
329 40 17 21 0.021348774 
365 340 42 50 0.021274857 
840 0 9 9 0.021266736 
621 38 11 14 0.021259489 
71 31 8 11 0.021253165 
573 6 10 11 0.021227628 
231 37 19 22 0.021192273 
435 139 30 37 0.021181632 
51 51 13 16 0.021160834 
201 1 8 9 0.021121686 
2 18 9 14 0.021058539 
581 20 11 14 0.021053359 
546 21 9 12 0.021039935 
184 1 17 23 0.021034785 
369 65 16 20 0.020883104 
938 86 15 22 0.020733096 
668 56 18 23 0.020701174 
208 123 25 29 0.020613195 
218 204 30 44 0.020547235 
768 48 15 19 0.020544343 
103 68 14 17 0.020518608 
649 138 15 20 0.020436218 
358 1 8 8 0.020371856 
462 437 57 59 0.020350408 
14 7 9 10 0.02034627 
167 0 9 9 0.020342827 
23 89 23 31 0.020288652 
19 34 18 23 0.020276267 
698 104 17 22 0.020137839 
581 92 15 18 0.020129252 
756 57 16 19 0.020100186 
