2_Demonstration_Protesters_2_268
63
395 239 32 37 0.99853027 
283 243 29 37 0.99504095 
844 212 35 44 0.9937401 
592 210 36 41 0.9918785 
74 208 41 52 0.98836064 
535 258 25 32 0.97860134 
189 216 28 47 0.7895275 
366 242 27 35 0.70679885 
985 256 27 30 0.67361367 
689 231 25 35 0.3633028 
477 225 24 30 0.3579316 
752 212 23 33 0.32506558 
18 241 15 19 0.22372435 
460 235 15 18 0.1953981 
515 266 12 15 0.152668 
238 238 29 33 0.13968055 
278 337 33 38 0.12953809 
252 239 19 25 0.092308804 
763 208 30 32 0.08097127 
695 188 22 30 0.07834173 
755 226 27 31 0.075670324 
512 276 11 14 0.07011546 
321 205 9 10 0.06885433 
468 228 22 28 0.065229736 
456 241 14 16 0.058559325 
200 278 39 49 0.05786195 
810 155 12 15 0.05784272 
373 236 45 54 0.05682175 
976 251 42 50 0.055695783 
284 316 47 56 0.04746921 
928 157 11 14 0.044564676 
511 257 19 27 0.04180532 
928 153 9 12 0.04169714 
635 239 15 18 0.041591972 
462 228 38 45 0.03852747 
169 221 38 44 0.037430637 
286 317 10 11 0.03678962 
487 226 17 22 0.036335032 
540 255 16 18 0.03583256 
1014 133 8 12 0.03386241 
781 211 21 35 0.033549044 
301 324 11 13 0.031769224 
44 669 14 15 0.031552207 
552 154 9 12 0.03114994 
688 563 14 16 0.030264536 
572 208 14 18 0.029625019 
224 242 33 34 0.028822094 
338 200 9 11 0.026516933 
305 328 36 40 0.026440587 
308 220 11 13 0.025806759 
705 187 16 23 0.025787134 
557 232 22 29 0.025565768 
1003 365 20 40 0.025137082 
252 320 12 15 0.024763625 
524 255 23 30 0.023572901 
742 565 13 17 0.023491746 
398 194 12 15 0.023076136 
769 223 27 32 0.022014117 
14 242 30 34 0.021700041 
686 555 23 28 0.021211246 
308 233 16 22 0.021087257 
1014 149 8 13 0.020302152 
526 260 44 49 0.02019686 
