2_Demonstration_Demonstrators_2_700
190
254 149 89 111 0.99827576 
639 53 11 12 0.19994625 
534 171 10 13 0.17992666 
551 104 10 12 0.16300857 
568 92 10 13 0.14995442 
536 55 9 11 0.14411603 
560 140 9 11 0.13230208 
416 233 394 526 0.12684467 
525 69 9 11 0.11378968 
510 72 8 11 0.102100566 
583 28 9 11 0.09674397 
544 102 8 12 0.0948583 
259 473 14 18 0.09102328 
569 70 9 12 0.09057459 
1004 336 13 18 0.08813055 
644 49 9 11 0.08568238 
197 1 14 16 0.076806135 
527 78 9 11 0.06717353 
535 80 8 11 0.06355029 
78 37 11 15 0.05898395 
524 62 11 13 0.053882334 
638 69 12 14 0.051997993 
482 343 235 346 0.051759697 
504 6 10 11 0.051508546 
177 40 15 19 0.051449515 
529 37 9 12 0.05128295 
542 47 9 12 0.0503429 
633 91 10 12 0.05000992 
527 103 7 10 0.049134053 
516 203 13 16 0.048937034 
519 26 10 13 0.04868363 
544 95 8 10 0.04682428 
435 511 64 58 0.04657543 
584 68 8 11 0.04625051 
552 87 9 11 0.046166036 
623 47 10 11 0.045889363 
560 60 9 11 0.04523097 
536 47 9 11 0.04514086 
527 56 8 10 0.045078956 
654 95 9 11 0.045066357 
622 86 9 12 0.04490019 
607 79 9 11 0.044154655 
553 52 9 12 0.044091664 
542 53 8 11 0.04400137 
573 152 9 11 0.043991685 
363 557 22 29 0.043837726 
704 45 11 14 0.043431915 
469 178 12 15 0.043115404 
244 467 11 14 0.04300863 
593 62 9 13 0.04264928 
955 381 13 18 0.042336904 
508 14 10 11 0.041659113 
585 92 9 11 0.041597106 
510 53 8 11 0.041133814 
557 54 10 11 0.04106903 
532 235 13 16 0.039577823 
567 63 7 10 0.038720097 
493 156 11 14 0.037447568 
518 47 8 9 0.037351675 
519 4 9 11 0.036734067 
519 94 8 10 0.03672754 
544 107 9 12 0.036437158 
179 50 16 20 0.03625713 
593 57 8 10 0.036234748 
506 -47 433 475 0.035929687 
537 102 8 10 0.03582849 
455 102 12 15 0.035619464 
583 36 12 15 0.03541025 
552 153 8 10 0.035044435 
687 6 9 12 0.034682736 
493 267 14 18 0.034502376 
524 291 12 16 0.034309022 
184 8 12 16 0.033789195 
511 40 9 11 0.033651847 
534 13 10 12 0.033617664 
568 38 9 11 0.03328275 
558 86 9 12 0.033255816 
551 92 8 11 0.033128336 
537 119 7 9 0.03302077 
988 366 9 12 0.03296878 
567 21 11 13 0.03275547 
517 183 11 13 0.03271729 
633 54 10 11 0.032666292 
486 181 11 14 0.03255134 
189 4 14 16 0.032431554 
652 79 10 13 0.032365907 
617 85 9 12 0.032006826 
525 29 10 13 0.031922955 
521 77 7 11 0.03172684 
504 54 9 10 0.031697426 
720 0 12 10 0.03056536 
506 72 8 10 0.030408394 
503 93 9 10 0.030059284 
543 79 9 10 0.029896952 
574 88 9 12 0.029809438 
521 55 8 9 0.02975911 
943 400 12 16 0.02928167 
543 39 10 11 0.02912377 
108 5 12 14 0.028643614 
945 344 9 11 0.028549282 
119 46 14 18 0.028514955 
652 85 11 12 0.028258327 
505 39 8 10 0.027953103 
650 96 10 11 0.027856946 
590 85 11 14 0.027829455 
379 64 411 472 0.027412523 
536 95 7 10 0.027302781 
518 87 8 10 0.02721423 
512 46 8 11 0.026852889 
700 66 11 12 0.02667199 
623 105 10 12 0.026497701 
305 462 9 11 0.026257815 
590 93 9 11 0.02617123 
616 64 10 12 0.026070394 
534 31 9 12 0.025918191 
565 142 9 11 0.025777377 
99 38 13 16 0.025666233 
582 63 9 12 0.025528636 
621 78 11 13 0.025457682 
542 119 7 10 0.025407134 
510 198 14 16 0.02534879 
572 14 10 13 0.024899123 
617 103 9 11 0.024852252 
561 79 8 10 0.024722835 
631 22 9 10 0.024715511 
151 72 14 17 0.024702128 
182 260 10 13 0.024671631 
497 47 8 10 0.024653314 
264 9 13 18 0.024649685 
109 131 15 18 0.024570264 
573 39 10 12 0.02448413 
653 7 11 13 0.024425102 
606 85 8 11 0.024372073 
578 55 8 10 0.024224693 
561 159 7 9 0.024158068 
559 37 9 10 0.024026558 
545 191 9 11 0.023891293 
573 21 10 12 0.023723977 
148 382 16 21 0.02368849 
598 55 8 11 0.023684565 
661 37 10 13 0.023647226 
549 77 9 11 0.02358475 
583 43 10 12 0.023395365 
621 65 10 11 0.023319418 
995 412 12 16 0.023240117 
513 172 9 11 0.023178115 
599 85 10 12 0.02308365 
926 367 9 10 0.023030883 
222 469 11 15 0.023004897 
566 29 9 11 0.022989556 
518 39 9 11 0.02283848 
1007 366 8 11 0.022694616 
687 1 10 10 0.022639807 
293 591 24 28 0.022562344 
529 167 10 12 0.022483177 
599 68 8 11 0.022328595 
582 1 9 9 0.02229589 
531 84 8 11 0.022157501 
591 13 9 11 0.022144597 
606 71 9 11 0.02212221 
509 103 9 11 0.022053549 
953 368 8 11 0.022045476 
285 467 14 18 0.021935789 
513 28 9 11 0.021890262 
631 76 10 13 0.021634769 
633 69 10 13 0.02161849 
618 46 9 12 0.02154911 
529 150 8 10 0.021516578 
623 37 10 13 0.021495806 
550 70 9 12 0.021460302 
512 143 9 11 0.021434976 
511 22 9 12 0.021408113 
984 384 13 18 0.021172462 
552 62 9 10 0.021125982 
614 79 10 12 0.020891482 
537 127 8 10 0.02085149 
338 506 15 20 0.02076256 
606 53 9 11 0.020644832 
535 252 11 14 0.020609334 
926 351 9 10 0.02060631 
565 136 9 11 0.020571448 
484 8 9 10 0.0205387 
576 1 8 9 0.020512436 
507 230 12 14 0.020473968 
30 287 9 12 0.020386178 
526 127 8 10 0.020322695 
556 47 11 13 0.020302428 
637 59 12 15 0.020248914 
538 134 8 10 0.020218026 
140 52 11 14 0.020032091 
