2_Demonstration_Protesters_2_221
364
708 372 47 87 0.99922097 
515 203 60 82 0.99917704 
7 201 44 81 0.99819946 
282 327 53 85 0.99802303 
573 143 53 69 0.99789184 
228 520 86 60 0.9965767 
386 55 36 47 0.99606377 
206 120 54 64 0.99395317 
692 95 34 50 0.99307066 
408 130 40 58 0.9826785 
831 124 32 53 0.98207515 
14 16 28 38 0.98158777 
924 183 37 59 0.98127156 
118 13 26 36 0.9750371 
740 182 49 69 0.97239697 
310 14 32 39 0.9713939 
911 109 36 51 0.97050494 
898 303 72 89 0.9621472 
715 6 29 28 0.95735264 
346 110 31 45 0.9569594 
959 72 28 35 0.95671564 
463 85 36 51 0.95509315 
858 172 39 51 0.95131856 
412 287 46 81 0.95121723 
724 56 34 39 0.9483237 
988 154 39 58 0.94531894 
234 76 39 50 0.9329829 
655 93 23 34 0.9291482 
86 174 36 67 0.91708714 
175 13 20 27 0.9088244 
442 65 32 39 0.90853643 
116 95 40 53 0.8846529 
673 57 33 41 0.8771276 
134 59 40 42 0.8555261 
746 144 34 52 0.8481319 
545 73 27 39 0.8317312 
291 126 40 53 0.7996554 
894 44 26 38 0.7736207 
42 3 26 28 0.7404938 
414 255 51 72 0.7217707 
-2 115 23 47 0.7012596 
427 29 29 38 0.667761 
159 137 24 34 0.662223 
775 329 66 76 0.6456666 
741 57 26 35 0.6297992 
507 44 26 31 0.6037689 
129 243 58 59 0.5995887 
402 215 43 67 0.57627743 
312 1 31 33 0.56332934 
994 2 23 23 0.55507946 
593 1 20 19 0.46636155 
194 124 39 55 0.4527022 
721 212 30 44 0.42765072 
189 398 70 81 0.4270469 
238 7 28 32 0.41777253 
247 0 26 26 0.4133896 
448 2 32 27 0.37596065 
484 134 34 48 0.37296572 
179 134 37 50 0.3304426 
470 137 30 45 0.32011732 
630 228 41 52 0.2810159 
0 86 23 59 0.27767092 
76 341 41 64 0.26524594 
25 331 33 53 0.26038867 
753 134 28 38 0.24097396 
921 -1 20 20 0.24038215 
382 189 32 51 0.23973279 
530 0 17 20 0.22191983 
71 312 46 60 0.22113343 
4 7 29 38 0.22050306 
331 118 36 52 0.20633909 
900 32 30 41 0.2045153 
678 239 35 42 0.20155454 
450 76 35 44 0.2002389 
32 11 29 32 0.20009851 
315 78 26 38 0.19836442 
741 112 26 41 0.19753484 
724 201 48 62 0.189396 
223 65 28 48 0.18446438 
815 92 24 26 0.16284554 
99 429 57 82 0.16281432 
249 123 45 58 0.15321504 
225 259 51 68 0.14878562 
435 16 33 35 0.14327176 
554 44 24 34 0.14109059 
553 56 29 40 0.14031523 
845 6 22 29 0.13914648 
1 7 15 21 0.12955986 
233 12 19 26 0.12820183 
163 135 36 48 0.12791435 
184 113 27 37 0.122503504 
510 86 24 28 0.12235269 
513 22 25 34 0.120152086 
466 71 30 37 0.11947571 
0 106 42 63 0.11920984 
224 100 57 71 0.11594984 
524 5 22 26 0.11552528 
630 171 30 46 0.11470661 
875 180 43 56 0.11408531 
628 0 20 15 0.11405339 
598 2 28 27 0.11306106 
672 73 33 46 0.110151716 
979 75 27 35 0.10870566 
870 211 44 57 0.10304241 
251 316 70 101 0.09819254 
844 76 24 28 0.09713357 
98 249 59 66 0.09683022 
523 433 50 62 0.09498378 
123 3 18 23 0.09404386 
729 108 27 41 0.09352245 
665 91 36 48 0.09325366 
905 0 16 14 0.0926643 
673 6 19 24 0.092086434 
701 0 31 29 0.0920388 
679 268 47 66 0.09111177 
598 80 30 37 0.08971558 
202 212 43 58 0.08637563 
438 44 32 40 0.085813366 
571 14 25 29 0.08526112 
779 0 17 18 0.0852233 
856 72 25 31 0.08411105 
131 -3 28 30 0.0839356 
410 13 25 31 0.08333562 
305 250 32 46 0.08058954 
901 0 26 25 0.07835385 
376 11 30 32 0.077905335 
557 40 18 22 0.076200254 
-3 356 27 49 0.07583392 
138 116 42 54 0.074736044 
185 10 17 22 0.074718036 
57 3 19 20 0.07433862 
379 202 43 65 0.0733671 
689 3 31 30 0.073236376 
295 33 31 38 0.073016964 
143 68 42 53 0.071738936 
234 128 38 52 0.06975568 
577 60 28 37 0.06934789 
984 42 22 28 0.06696387 
841 138 41 59 0.06552993 
735 157 25 39 0.065485545 
730 3 27 26 0.06388064 
976 1 27 25 0.062217675 
16 345 36 62 0.06136936 
235 143 51 59 0.06047849 
500 462 103 118 0.060201988 
173 122 31 43 0.05909405 
53 324 42 65 0.058805518 
682 65 41 52 0.057317115 
235 24 28 33 0.056562547 
1 283 27 38 0.056265913 
84 149 54 70 0.055382542 
522 16 18 22 0.055363696 
397 241 30 49 0.055037733 
481 -1 16 18 0.05428456 
247 16 29 35 0.054264765 
454 0 23 17 0.054085646 
300 166 26 35 0.05313395 
276 147 45 53 0.051191553 
984 272 42 61 0.051095072 
65 165 44 70 0.05027876 
963 66 41 52 0.05019467 
193 8 17 20 0.049821984 
426 70 29 36 0.04818812 
895 319 36 55 0.04765268 
857 11 14 19 0.04738635 
715 67 33 38 0.04732903 
383 3 42 42 0.0458736 
211 63 28 42 0.04569873 
22 0 13 12 0.04535001 
10 3 14 16 0.04513143 
537 7 17 24 0.045125447 
220 -2 23 22 0.0447101 
143 -4 28 29 0.044428244 
476 111 39 54 0.044403624 
745 2 24 24 0.044278547 
457 63 31 36 0.04420591 
178 97 32 40 0.043852106 
958 -3 51 42 0.043184508 
309 395 57 64 0.04299068 
642 141 26 40 0.042937424 
467 0 24 23 0.04280411 
409 16 41 47 0.04232254 
859 190 46 60 0.042268675 
532 111 25 39 0.04194018 
499 42 18 21 0.041611858 
33 30 27 35 0.040683385 
693 225 40 54 0.04059838 
155 253 40 55 0.0403148 
281 233 52 68 0.040225517 
382 10 18 21 0.03997183 
240 275 76 105 0.03992844 
159 60 28 36 0.03970851 
893 51 17 25 0.039494675 
158 120 29 38 0.03947832 
990 64 24 34 0.039276022 
753 50 16 22 0.039003123 
859 0 12 11 0.038954154 
681 296 51 70 0.03877791 
992 46 24 31 0.038305733 
180 6 15 19 0.038162034 
944 74 40 51 0.038001176 
259 2 24 22 0.037905052 
484 24 24 30 0.03767921 
501 428 84 104 0.037632756 
992 78 15 23 0.037452 
517 56 25 34 0.037281133 
746 153 53 73 0.037172362 
583 17 17 24 0.037127633 
534 75 24 33 0.03642905 
366 23 28 34 0.035892837 
685 252 36 43 0.03583798 
365 6 27 30 0.035578765 
757 18 23 30 0.035345037 
977 0 16 13 0.035319652 
0 32 13 23 0.035253793 
906 276 58 71 0.035068575 
160 318 32 38 0.03478336 
309 141 35 44 0.034596518 
260 205 33 43 0.034399234 
946 138 30 38 0.034271516 
418 42 28 38 0.034218203 
248 240 54 69 0.033961188 
215 200 45 61 0.033893507 
100 31 23 28 0.0336064 
521 41 16 23 0.033433907 
587 6 16 23 0.033374418 
629 132 27 38 0.032814283 
201 199 33 46 0.03259726 
169 88 29 40 0.03228033 
597 94 19 24 0.031979457 
584 119 49 60 0.03128543 
423 55 28 39 0.031191187 
35 5 43 52 0.030950248 
587 67 29 38 0.030489266 
685 37 42 47 0.030483559 
12 11 49 57 0.030133326 
537 89 36 50 0.029900506 
560 3 30 32 0.029883271 
66 2 14 16 0.029653573 
615 0 28 23 0.029650418 
256 152 46 51 0.02949337 
49 24 17 21 0.029448062 
348 -1 18 14 0.029434392 
547 66 19 26 0.029433332 
1003 58 21 33 0.029425003 
783 377 34 66 0.029383682 
640 159 32 46 0.029267808 
298 73 31 42 0.029094914 
143 280 54 53 0.029001974 
658 83 17 21 0.028944483 
474 63 26 32 0.028504126 
236 5 17 20 0.027951302 
56 7 26 33 0.027864663 
546 116 29 38 0.027707404 
315 0 19 19 0.02756969 
554 68 38 50 0.027371773 
218 414 59 68 0.02734656 
810 0 16 18 0.02706261 
227 180 46 61 0.02704418 
446 36 30 33 0.027040021 
757 129 20 27 0.027022876 
444 1 20 19 0.026836496 
481 44 25 35 0.026749685 
-1 15 12 20 0.026581272 
655 228 43 56 0.026561022 
734 20 28 31 0.02637625 
1002 3 26 35 0.026168447 
56 297 75 97 0.026101358 
602 2 18 16 0.026070883 
648 253 20 27 0.026054563 
562 29 27 31 0.02600539 
167 149 39 56 0.025975894 
477 68 42 52 0.025965061 
520 101 26 35 0.025961427 
442 9 20 20 0.025734035 
700 11 30 35 0.025438892 
129 74 36 44 0.025292926 
402 266 33 50 0.025233148 
659 -2 23 24 0.025068734 
171 62 29 38 0.024904795 
327 439 79 117 0.024827346 
275 0 19 19 0.024810283 
646 100 27 37 0.024637736 
247 181 50 62 0.024086991 
455 141 33 46 0.024066778 
498 124 29 46 0.024031976 
584 95 29 34 0.024005093 
770 17 19 26 0.024001507 
602 13 20 24 0.023922445 
870 0 12 11 0.023910949 
503 61 31 41 0.02388885 
600 542 29 32 0.023832269 
304 41 32 42 0.023813887 
366 1 14 14 0.023672422 
175 72 34 42 0.02362446 
159 295 49 55 0.023504449 
40 125 30 40 0.023481555 
42 38 28 35 0.023425696 
398 192 34 49 0.023413565 
11 66 44 60 0.023395538 
572 10 19 20 0.023324084 
749 18 17 21 0.02328083 
856 146 47 61 0.023205893 
502 49 19 22 0.023167722 
371 31 33 41 0.023113865 
545 11 16 19 0.02310052 
496 91 41 51 0.0229551 
863 71 15 18 0.022923127 
341 153 30 35 0.02291977 
561 71 17 27 0.022890272 
610 222 45 59 0.022853205 
841 83 14 17 0.022847261 
100 191 37 52 0.02278736 
371 133 31 38 0.022712998 
49 27 30 37 0.02270876 
449 59 20 24 0.022588914 
1007 0 17 22 0.02247253 
609 25 26 32 0.022285858 
231 173 35 41 0.02222372 
680 3 22 22 0.022190861 
809 76 17 20 0.022175757 
25 412 35 48 0.022173759 
550 0 12 12 0.02211333 
3 225 29 61 0.022086773 
230 28 44 52 0.02208419 
707 214 29 40 0.022043956 
872 19 42 52 0.022042593 
289 103 46 56 0.021895142 
729 318 85 95 0.021755025 
395 0 19 19 0.021734536 
361 180 42 60 0.021599816 
649 140 38 51 0.021595597 
184 19 25 27 0.021469362 
984 -8 41 44 0.02139527 
876 0 14 13 0.021291139 
83 361 52 69 0.02124412 
16 479 56 91 0.021204468 
258 217 53 68 0.021130972 
353 0 23 22 0.021110263 
146 200 34 46 0.021044634 
161 229 58 67 0.0210414 
281 3 25 28 0.021008853 
554 0 18 19 0.02095864 
681 87 19 26 0.020888496 
726 37 30 37 0.020874921 
346 106 22 27 0.020839382 
935 1 30 30 0.02081731 
349 336 50 68 0.02071668 
788 48 24 29 0.0207024 
98 102 46 58 0.020685043 
203 356 58 74 0.020602096 
865 316 106 125 0.020560376 
987 37 17 21 0.020531114 
783 198 40 54 0.020527355 
838 117 15 24 0.020494172 
105 310 55 58 0.020471467 
304 419 59 71 0.020454124 
563 1 19 19 0.020384327 
752 67 16 23 0.020360224 
781 0 26 30 0.020319548 
204 317 54 73 0.020232767 
771 229 31 39 0.020169692 
810 81 24 28 0.020168105 
812 217 38 53 0.02016295 
