2_Demonstration_Demonstrators_2_672
30
647 190 128 164 0.9994628 
266 166 31 43 0.99176747 
72 176 29 41 0.9894823 
456 170 24 34 0.98046726 
157 254 54 64 0.96229184 
220 165 36 48 0.92603403 
167 165 52 55 0.1949906 
248 165 39 52 0.16781114 
178 173 32 33 0.10411614 
558 291 30 34 0.08981318 
1013 479 11 21 0.071172394 
532 280 34 45 0.055673063 
517 447 9 12 0.0405032 
608 309 50 65 0.03748136 
596 22 103 131 0.033392187 
620 424 223 231 0.031982392 
531 440 206 254 0.030399328 
225 163 22 24 0.03034903 
136 230 55 69 0.030214623 
83 172 17 25 0.030137606 
228 142 23 27 0.023839306 
391 37 36 38 0.02345097 
340 17 114 108 0.02281108 
657 45 30 40 0.02244006 
186 245 55 67 0.022220025 
194 169 58 66 0.021957548 
561 264 33 40 0.021326967 
528 464 9 10 0.02096879 
509 462 10 12 0.020635433 
836 128 14 17 0.02036111 
