2_Demonstration_Protesters_2_840
72
915 156 21 31 0.97212255 
678 191 19 27 0.94839525 
793 171 20 25 0.8908577 
102 188 16 21 0.81225985 
324 174 17 20 0.8062096 
258 199 13 19 0.7210139 
954 218 16 21 0.57765806 
186 186 16 20 0.44586962 
176 181 22 27 0.13660507 
264 202 14 19 0.10718478 
228 215 11 14 0.097167425 
454 102 12 16 0.0708752 
1004 115 12 14 0.06879612 
1011 277 9 13 0.06649541 
70 198 10 14 0.06625414 
171 141 15 18 0.06503904 
96 186 15 21 0.06497376 
388 115 14 19 0.060761303 
310 217 13 15 0.057558734 
259 193 13 16 0.054372024 
805 232 12 15 0.052660923 
377 221 11 14 0.047481198 
49 23 54 70 0.046065614 
448 213 13 17 0.04590099 
864 169 17 19 0.0447791 
962 219 13 17 0.042045593 
879 165 10 15 0.040439885 
404 219 13 16 0.0396674 
170 144 24 27 0.03303064 
1012 252 9 14 0.032157723 
890 153 24 29 0.032041393 
232 230 11 15 0.031925168 
237 214 10 14 0.031844974 
52 242 10 13 0.03057081 
321 147 10 12 0.028916039 
990 197 10 14 0.028879365 
331 167 14 19 0.028598389 
919 151 13 17 0.028583966 
320 167 12 16 0.028378362 
1008 283 11 15 0.028088884 
1012 226 10 17 0.027966894 
1000 187 11 17 0.027732672 
481 353 8 11 0.027716808 
973 373 11 13 0.02703893 
713 173 9 14 0.026810097 
1014 210 10 16 0.02651196 
488 335 8 10 0.02582513 
909 143 9 11 0.025740644 
374 216 10 11 0.025475955 
178 148 14 16 0.025318671 
718 172 13 16 0.024523852 
1014 162 10 14 0.02406276 
136 134 8 10 0.023717776 
1005 413 10 12 0.023365967 
904 143 10 12 0.023001727 
189 142 12 15 0.022915943 
880 157 11 14 0.022806084 
844 270 11 14 0.022498729 
304 77 8 10 0.02211191 
392 172 13 17 0.022085745 
307 211 20 25 0.02196046 
231 210 9 11 0.021858837 
882 155 21 28 0.021757493 
275 195 12 16 0.021722902 
886 154 13 18 0.021419164 
662 430 9 11 0.02116745 
1013 269 10 17 0.02090108 
881 151 10 13 0.020898199 
354 139 107 118 0.020835368 
972 220 10 14 0.020533226 
802 220 25 33 0.020296603 
972 378 12 16 0.020156033 
