2_Demonstration_Political_Rally_2_204
394
765 386 12 15 0.9604289 
222 430 14 16 0.881749 
405 390 10 13 0.8567833 
341 396 9 13 0.787807 
57 407 9 13 0.7052104 
497 398 10 13 0.6847024 
136 434 10 12 0.60671455 
384 394 10 14 0.6021733 
204 420 10 13 0.5919899 
578 391 9 12 0.46365288 
749 404 10 12 0.45203823 
644 374 10 13 0.43652305 
800 390 9 11 0.41267306 
464 391 10 13 0.39975983 
839 391 9 12 0.3797324 
278 402 10 12 0.32038173 
673 391 8 10 0.29822078 
924 391 7 9 0.28978708 
526 400 10 13 0.2850363 
320 392 11 14 0.27551788 
101 422 8 11 0.25971264 
861 388 9 12 0.25508547 
640 379 11 12 0.216768 
481 390 10 12 0.19897465 
22 404 10 13 0.1963728 
977 412 8 11 0.17892021 
870 375 8 9 0.17747025 
119 430 9 11 0.17111085 
866 406 8 11 0.16810173 
1000 388 9 11 0.15767084 
663 391 7 10 0.15705249 
782 389 10 13 0.15625022 
425 391 9 12 0.15344703 
248 423 9 10 0.15218686 
700 379 9 12 0.14871201 
821 415 9 11 0.14182697 
223 425 11 12 0.13851713 
745 399 10 14 0.13623641 
565 405 9 11 0.13419631 
429 386 11 14 0.13174556 
727 407 10 12 0.13163933 
689 412 8 11 0.13125856 
487 398 9 12 0.12916248 
150 429 9 11 0.12900434 
903 389 9 10 0.128027 
807 397 8 10 0.12664874 
418 299 25 29 0.12453777 
96 431 8 10 0.12435401 
169 431 9 12 0.11915307 
140 430 10 13 0.11734274 
113 422 8 10 0.11533595 
693 414 8 10 0.112864986 
284 403 11 13 0.111777276 
896 382 7 9 0.111061245 
622 399 9 12 0.10969665 
615 76 11 16 0.10969482 
191 429 9 10 0.10312282 
254 423 8 9 0.102734 
551 385 8 10 0.102045104 
849 368 8 9 0.10041981 
89 431 8 11 0.09968175 
616 396 9 11 0.09711747 
274 399 9 13 0.09583534 
550 399 9 12 0.0942285 
116 424 9 10 0.09413912 
566 399 8 11 0.08887655 
204 428 11 13 0.08831332 
40 423 8 10 0.0876154 
401 393 12 16 0.08630899 
388 391 9 13 0.0861733 
981 408 9 11 0.08541538 
800 395 9 12 0.08474853 
805 392 9 11 0.08395287 
872 383 9 11 0.08359476 
711 416 8 10 0.08199371 
446 398 9 11 0.079539485 
468 395 9 12 0.077902935 
878 390 9 11 0.07641311 
843 388 11 12 0.07371684 
904 385 7 9 0.07276211 
567 383 8 10 0.07273523 
101 428 8 11 0.07261506 
704 421 10 11 0.07119421 
645 369 10 11 0.07066187 
1004 385 9 11 0.06987631 
400 366 11 14 0.069320455 
160 423 9 12 0.06907233 
771 384 11 14 0.06808699 
545 398 8 10 0.06642616 
822 421 9 11 0.065748475 
824 405 8 10 0.06539046 
936 438 9 11 0.064572655 
248 429 9 10 0.06447002 
848 373 9 11 0.06346586 
840 384 9 12 0.0631976 
521 399 9 11 0.062813066 
129 422 8 11 0.06239914 
938 385 7 9 0.061674733 
411 288 26 31 0.061009314 
176 403 10 12 0.060235314 
663 381 9 11 0.059564296 
313 396 9 14 0.058666628 
726 399 9 11 0.05706627 
294 405 10 12 0.056043737 
191 423 9 11 0.056023605 
622 390 10 12 0.055682868 
694 420 9 12 0.055205233 
376 395 11 15 0.055185284 
613 89 13 17 0.054934494 
241 421 10 12 0.054456938 
130 415 9 10 0.054210376 
942 384 8 9 0.053442348 
576 385 8 10 0.052854158 
482 395 10 13 0.052621827 
207 437 9 11 0.05232576 
114 429 9 11 0.05212257 
302 414 9 13 0.052074835 
734 415 9 10 0.051749162 
815 391 9 11 0.051480874 
411 389 10 13 0.0509065 
111 438 9 10 0.049725793 
417 373 9 12 0.049544286 
638 388 12 13 0.048369918 
897 378 7 9 0.047965806 
501 392 10 14 0.047841217 
134 424 10 11 0.047814626 
294 396 11 16 0.04738866 
592 383 8 10 0.047010828 
172 434 10 12 0.04673185 
532 397 11 13 0.046485245 
561 400 9 11 0.04579519 
455 388 11 14 0.0456207 
501 402 10 12 0.04533287 
336 392 18 22 0.04495989 
658 391 8 11 0.044924587 
876 384 9 10 0.044922553 
306 467 10 13 0.044905256 
583 386 8 10 0.04449834 
437 289 14 19 0.044223655 
404 369 12 15 0.044152938 
127 430 9 12 0.043965667 
704 416 9 10 0.043601442 
567 94 11 14 0.04358701 
415 367 9 11 0.04344113 
769 413 9 11 0.043394353 
736 421 8 11 0.042766705 
247 417 9 11 0.042613614 
830 414 9 11 0.04209672 
791 389 8 12 0.042067192 
910 383 8 10 0.042051006 
832 397 9 11 0.041975122 
710 420 8 11 0.041703943 
407 360 10 11 0.041674923 
887 392 9 11 0.04162623 
16 410 12 14 0.04132819 
102 417 9 11 0.04127097 
895 389 9 11 0.041110624 
413 290 15 17 0.04086367 
143 425 9 11 0.04050563 
581 405 11 12 0.040434875 
590 388 10 13 0.040386427 
879 396 9 11 0.040289674 
945 399 8 9 0.04014889 
534 389 10 13 0.04014168 
992 423 9 12 0.04000338 
181 400 9 11 0.03985514 
134 382 9 12 0.039626498 
534 382 10 11 0.039580595 
223 416 8 10 0.039548986 
912 376 8 9 0.039513946 
428 292 13 16 0.039483286 
926 385 7 9 0.039396167 
639 396 9 11 0.0390222 
662 396 9 10 0.039008237 
430 376 13 15 0.037959997 
426 311 16 17 0.03780507 
369 363 10 13 0.037510786 
399 403 11 12 0.03743263 
111 366 7 9 0.037376262 
273 421 9 12 0.03727718 
705 141 9 11 0.036972586 
617 80 15 19 0.03694052 
393 365 10 13 0.036886428 
565 411 10 12 0.036829416 
792 384 8 12 0.036748227 
993 383 9 12 0.036690965 
582 414 11 14 0.035966933 
809 165 9 11 0.035942044 
641 358 8 9 0.035844937 
921 395 8 11 0.035741456 
87 423 8 11 0.035678204 
19 400 9 12 0.035675175 
81 423 8 11 0.035501134 
576 402 10 12 0.0352676 
192 437 10 11 0.035149645 
112 417 7 10 0.0351277 
829 182 8 11 0.034918875 
228 423 10 12 0.0347157 
609 396 9 11 0.03466479 
301 290 11 14 0.034508955 
246 437 9 10 0.034069438 
950 399 8 9 0.034009855 
423 366 9 11 0.033621173 
582 420 10 13 0.03339618 
729 367 7 10 0.03325876 
96 416 10 12 0.03317208 
284 411 11 14 0.033167567 
280 392 10 13 0.033124153 
641 367 10 12 0.032882616 
863 399 9 10 0.03274823 
624 382 10 12 0.03249273 
544 390 9 11 0.03225687 
921 440 7 9 0.03211484 
967 389 7 10 0.032031894 
768 406 9 12 0.031822808 
567 86 11 14 0.031730182 
993 376 7 9 0.031721976 
133 408 9 11 0.031713385 
135 388 9 11 0.03155715 
253 428 9 11 0.0315485 
509 397 9 11 0.031457987 
767 360 9 11 0.031359028 
531 404 10 12 0.031343833 
27 404 10 13 0.031245597 
184 429 8 11 0.031143675 
903 397 10 12 0.031038279 
240 437 9 11 0.030983271 
921 385 8 10 0.030970296 
840 206 9 11 0.030721094 
791 397 9 11 0.03053017 
654 128 8 11 0.030448405 
814 159 9 11 0.030447997 
176 422 9 11 0.030441415 
367 389 11 15 0.030400347 
944 389 8 9 0.030278498 
689 419 9 13 0.029983247 
999 421 11 14 0.029944949 
214 422 9 12 0.029880105 
622 355 9 11 0.029842252 
285 392 10 14 0.029793762 
297 413 9 13 0.02964673 
743 431 8 11 0.029571554 
94 436 8 10 0.029559003 
722 397 9 11 0.029353878 
399 360 10 12 0.029345585 
903 405 9 12 0.029248597 
528 391 10 12 0.029221216 
88 360 8 10 0.029149191 
926 406 8 10 0.029086914 
632 382 8 11 0.028892577 
373 359 10 12 0.028530445 
816 384 8 10 0.02847355 
910 399 9 10 0.02844698 
734 405 10 13 0.028436203 
300 403 13 16 0.028267924 
295 391 10 13 0.028240649 
381 398 14 17 0.028027155 
165 414 9 11 0.028020414 
518 481 8 10 0.02799375 
748 204 11 12 0.027989125 
640 370 17 21 0.027917095 
229 444 10 12 0.027844243 
741 382 8 11 0.02775115 
970 414 8 10 0.02769185 
609 75 10 15 0.027686663 
717 59 13 18 0.02768352 
240 416 9 11 0.02752879 
353 366 212 206 0.027406264 
511 381 10 12 0.027185168 
591 406 9 10 0.02717412 
575 386 17 22 0.027139882 
742 437 8 10 0.027030086 
433 413 10 13 0.027028369 
655 381 9 12 0.026970433 
918 375 6 9 0.026967948 
448 390 10 14 0.02650262 
429 360 11 11 0.026465978 
484 383 12 14 0.026199624 
167 406 10 12 0.026195703 
57 402 17 22 0.025956236 
729 357 8 10 0.025924549 
928 440 8 10 0.025898155 
657 397 9 11 0.025857802 
568 390 9 11 0.025837105 
113 456 9 12 0.025785068 
829 405 9 10 0.025760852 
960 385 7 9 0.02560667 
911 405 8 11 0.025463369 
857 384 10 12 0.025356907 
542 478 9 11 0.025311282 
745 395 18 23 0.02522743 
494 393 17 22 0.02522136 
482 404 10 13 0.025010506 
853 374 8 9 0.024922889 
598 397 10 11 0.024863789 
925 396 8 10 0.0248286 
518 391 9 12 0.024731504 
641 470 9 11 0.024594601 
1 712 54 63 0.024579499 
183 423 9 11 0.024382478 
701 173 10 13 0.0243523 
368 395 12 16 0.024308806 
815 396 8 12 0.024222303 
855 220 11 12 0.024210393 
318 391 18 22 0.024133146 
903 376 8 9 0.024076466 
907 54 14 17 0.024074165 
885 212 11 12 0.024056634 
1004 417 14 16 0.02405577 
81 427 9 12 0.023898695 
424 381 11 15 0.023808274 
559 383 8 10 0.023682948 
961 389 8 10 0.023641145 
390 415 11 13 0.023538118 
721 392 8 11 0.02352624 
1015 382 8 10 0.023312313 
510 376 9 11 0.023252705 
485 411 10 12 0.023240281 
609 91 10 16 0.023165224 
958 400 8 8 0.023085317 
597 383 9 11 0.023045022 
89 365 8 9 0.023030128 
632 389 8 12 0.02296275 
454 395 11 13 0.022918515 
39 427 10 13 0.022724856 
841 168 8 10 0.022703335 
432 480 8 10 0.022672893 
413 359 9 12 0.022645686 
128 436 9 11 0.02260896 
736 430 9 12 0.022523416 
734 397 11 14 0.022478398 
200 415 18 22 0.022474205 
968 368 8 9 0.022340288 
807 143 9 12 0.022338888 
654 374 9 12 0.022283392 
765 151 8 10 0.022256952 
710 38 9 11 0.022081584 
597 389 11 14 0.022035906 
870 437 8 11 0.022027498 
639 110 9 12 0.022020433 
557 477 9 10 0.021998439 
824 167 8 9 0.021985186 
510 389 12 15 0.021984324 
426 377 19 24 0.021979783 
866 368 8 10 0.02191021 
232 397 8 12 0.021848226 
297 419 9 12 0.021792186 
444 462 10 12 0.021776143 
535 377 8 11 0.0217326 
697 134 9 11 0.02170415 
743 422 7 10 0.021659758 
437 478 9 11 0.021651119 
1014 445 8 12 0.02163352 
381 420 12 13 0.021616707 
439 276 11 14 0.021587951 
240 429 10 12 0.021568371 
855 413 9 12 0.021565223 
103 438 9 10 0.021501152 
422 281 25 31 0.021495266 
463 384 10 13 0.021453172 
279 412 11 13 0.02124375 
716 45 10 13 0.021202875 
991 397 8 10 0.021192966 
559 390 8 10 0.021192675 
844 397 10 12 0.021190515 
224 455 10 12 0.021164473 
951 383 7 10 0.021131229 
452 383 13 15 0.021050384 
772 405 11 13 0.021037837 
894 454 8 9 0.020980256 
870 399 9 11 0.020956159 
771 392 13 16 0.020947522 
966 238 9 12 0.020872636 
437 389 10 14 0.02077337 
414 394 10 12 0.02068282 
415 412 9 12 0.020518078 
231 416 8 10 0.020460756 
434 380 11 16 0.02044802 
670 384 8 11 0.020417508 
152 381 9 12 0.020372162 
975 384 8 10 0.020252211 
67 406 9 12 0.020248711 
51 406 10 13 0.020229252 
793 143 8 10 0.020187238 
676 395 10 12 0.020163907 
998 443 10 14 0.020163313 
719 423 8 10 0.020104948 
853 368 9 10 0.020103415 
646 116 8 12 0.020100953 
807 414 9 11 0.02008682 
44 421 10 13 0.020065214 
719 85 9 11 0.020047052 
893 395 11 13 0.020014605 
654 405 9 10 0.020001722 
