2_Demonstration_Protesters_2_822
80
719 384 85 109 0.99813014 
300 343 49 70 0.99630094 
937 383 37 39 0.99575484 
207 384 44 56 0.99244714 
28 362 40 56 0.9864573 
675 361 42 50 0.98057693 
1001 368 18 24 0.9583736 
599 435 45 67 0.9414059 
104 428 44 59 0.9356029 
975 360 20 27 0.5662392 
138 369 24 28 0.3943 
-3 364 30 46 0.31244314 
718 331 14 18 0.23586549 
477 355 14 16 0.23410863 
675 317 13 16 0.23376563 
80 390 26 33 0.22126564 
8 354 41 60 0.17173994 
497 326 19 22 0.14354686 
600 426 29 41 0.11885611 
193 372 12 16 0.1091563 
688 343 10 12 0.107853875 
354 606 9 12 0.10746035 
255 714 27 43 0.096682236 
985 364 20 26 0.0931551 
188 368 22 28 0.084171824 
266 380 38 50 0.074223466 
1011 467 11 18 0.073841296 
845 474 50 56 0.065714836 
120 444 47 61 0.06012677 
600 661 43 51 0.058935612 
450 574 30 40 0.057527214 
84 290 25 38 0.054649435 
86 401 43 58 0.052557632 
431 337 14 20 0.05254421 
85 396 31 38 0.045355327 
669 342 9 13 0.041570522 
563 282 15 19 0.037456334 
951 440 40 52 0.037138883 
124 365 28 37 0.03682127 
434 402 44 56 0.03597534 
3 404 29 48 0.033749126 
949 372 28 34 0.033745274 
387 571 59 82 0.03253849 
96 386 43 54 0.031426117 
819 475 46 58 0.03094279 
709 419 25 43 0.02992905 
671 313 21 26 0.029919656 
926 380 27 32 0.02889106 
559 289 11 16 0.028627865 
141 452 42 57 0.028376615 
493 334 18 20 0.028328467 
1009 364 14 21 0.027563553 
132 382 30 35 0.027445171 
95 429 31 44 0.027437275 
366 585 57 84 0.026618788 
691 340 12 14 0.02658205 
958 365 12 16 0.025811058 
151 375 17 21 0.025437288 
687 336 11 13 0.025356116 
998 399 22 31 0.025029825 
284 555 11 15 0.024919435 
491 363 13 16 0.024549292 
482 358 16 18 0.024215186 
940 399 28 34 0.024158359 
938 424 17 21 0.023943085 
1014 235 9 15 0.023343505 
492 315 44 55 0.02311274 
992 261 10 13 0.02301905 
776 315 16 20 0.022871941 
471 360 13 17 0.022433586 
454 405 47 55 0.022291606 
555 274 21 30 0.022076394 
716 317 14 17 0.02203585 
482 350 14 18 0.021933038 
1006 461 18 30 0.021471312 
471 350 14 17 0.021036897 
257 390 33 44 0.020791015 
372 388 34 47 0.020537488 
238 369 46 60 0.020216346 
974 261 10 13 0.020101182 
