2_Demonstration_Demonstration_Or_Protest_2_816
150
140 280 53 68 0.9993315 
815 80 38 47 0.9979729 
348 264 49 70 0.9977902 
217 256 48 69 0.99759185 
793 225 38 51 0.9949569 
722 2 38 52 0.9932254 
93 64 39 50 0.9924021 
14 170 43 50 0.9917915 
680 202 41 56 0.9897586 
447 63 34 49 0.98598874 
302 149 43 52 0.9848642 
863 171 40 54 0.9837136 
494 159 42 53 0.9827068 
683 65 35 48 0.98229307 
357 398 48 58 0.97465384 
460 220 46 59 0.9735571 
316 210 45 50 0.9601828 
575 122 44 50 0.9562831 
633 171 32 45 0.9494609 
182 200 46 55 0.946211 
436 197 30 49 0.9405446 
357 5 30 32 0.9333326 
303 -3 43 45 0.91984403 
110 2 33 25 0.8988248 
890 5 23 30 0.8034794 
780 284 45 59 0.79243183 
490 3 26 29 0.7693743 
598 227 50 60 0.6275869 
970 144 38 45 0.6150443 
391 0 25 28 0.6097622 
315 491 76 101 0.47127432 
640 26 35 38 0.4365435 
161 -1 33 28 0.42998546 
203 159 17 19 0.37879974 
642 146 38 38 0.33358186 
193 163 28 35 0.2567942 
505 104 30 38 0.20657505 
460 278 22 30 0.18728958 
175 2 20 20 0.17713629 
103 535 61 71 0.1706587 
545 300 30 42 0.15346934 
1002 84 23 44 0.12824968 
53 -2 34 30 0.111859106 
842 19 41 50 0.10351545 
618 123 24 33 0.10330026 
587 246 41 55 0.09712643 
885 376 51 60 0.09340069 
167 98 25 33 0.08971237 
371 3 29 29 0.08014953 
0 33 21 45 0.0735885 
631 233 44 58 0.072666064 
176 185 38 46 0.068818994 
181 507 47 62 0.061789606 
165 86 25 31 0.055602226 
572 261 42 58 0.05467036 
986 436 39 70 0.054539002 
871 66 40 51 0.054342832 
584 397 59 69 0.049785446 
0 -2 20 21 0.04944586 
845 16 18 21 0.046815436 
635 156 30 38 0.04652477 
92 506 63 79 0.043334655 
614 201 52 63 0.042883627 
464 450 51 59 0.042744923 
218 28 41 48 0.040324356 
431 185 29 42 0.038471866 
166 8 29 38 0.038163356 
257 3 33 42 0.038045626 
650 243 32 42 0.037871446 
709 616 17 22 0.037856873 
345 9 31 37 0.03741092 
281 187 20 24 0.037403382 
158 2 20 20 0.037154213 
23 136 30 35 0.036712546 
227 526 58 60 0.036202993 
530 285 40 50 0.035788495 
570 379 47 62 0.035121683 
665 266 39 58 0.035057276 
396 446 45 61 0.03474206 
434 4 15 18 0.034640122 
874 -1 39 43 0.033815086 
451 265 38 52 0.033668414 
654 251 40 58 0.033576887 
977 106 42 62 0.033291057 
12 -1 27 32 0.032303106 
877 97 34 39 0.032138553 
163 548 57 74 0.032076694 
169 183 29 38 0.03187626 
314 469 60 72 0.03184461 
979 92 36 44 0.031731147 
200 147 25 28 0.03162789 
650 26 45 56 0.031345025 
478 3 27 33 0.031342432 
123 -1 33 28 0.031148978 
846 5 34 33 0.030844394 
180 104 26 34 0.03062894 
640 259 40 63 0.030117646 
491 128 42 53 0.02934356 
698 390 93 123 0.029324166 
186 525 56 69 0.029318875 
768 60 42 49 0.029146777 
259 226 35 45 0.029129492 
892 345 55 71 0.029020227 
171 110 25 33 0.028634991 
1010 94 15 26 0.028419964 
867 357 88 105 0.028399188 
906 420 81 126 0.028386923 
334 240 51 62 0.028160216 
838 320 48 56 0.027901608 
428 214 35 55 0.027876472 
575 401 93 112 0.027668227 
300 463 50 62 0.027647283 
503 3 18 22 0.026898524 
975 510 36 44 0.026650367 
231 59 29 31 0.02661977 
303 602 19 23 0.026614496 
164 76 13 17 0.026558071 
349 11 18 20 0.026402766 
0 67 18 33 0.026392303 
511 116 33 41 0.02637211 
962 420 67 121 0.025872197 
132 518 51 73 0.025365293 
171 160 40 49 0.02501479 
545 278 42 53 0.024847563 
401 8 27 34 0.024622606 
124 520 233 233 0.024241831 
632 138 34 39 0.024189012 
212 24 26 33 0.024177283 
880 396 85 116 0.024005933 
899 66 30 41 0.023450162 
990 66 33 48 0.022852372 
209 4 47 49 0.0228435 
618 133 30 40 0.022730304 
246 218 29 44 0.022627074 
117 494 57 72 0.022052545 
885 85 33 40 0.022016358 
181 16 26 34 0.021892548 
753 119 45 61 0.021833058 
176 90 18 22 0.021514883 
854 41 42 53 0.021505326 
641 8 38 42 0.020932507 
183 30 37 46 0.02085536 
191 225 51 64 0.02078295 
274 169 24 31 0.020704584 
535 1 45 47 0.02065107 
370 453 47 62 0.020555517 
664 371 52 63 0.020459568 
485 76 29 38 0.020398473 
845 350 55 70 0.020344734 
679 279 39 51 0.020008968 
