2_Demonstration_Demonstrators_2_307
1988
702 78 9 12 0.8679342 
256 93 13 16 0.8374048 
922 238 11 14 0.81647915 
436 72 8 11 0.814151 
385 6 9 11 0.79361117 
587 91 11 14 0.7929001 
752 166 11 14 0.77999806 
1007 349 13 16 0.7755912 
908 215 10 14 0.76314646 
998 245 10 13 0.763145 
823 301 12 15 0.7630157 
797 7 9 11 0.7531047 
118 181 13 17 0.74550086 
617 103 10 12 0.74181527 
855 16 10 13 0.7380546 
244 66 11 15 0.73651874 
741 62 10 12 0.730812 
880 232 9 12 0.7258911 
240 31 10 13 0.71843636 
649 117 10 13 0.70598626 
112 255 11 14 0.6942423 
204 452 11 15 0.6918293 
872 269 10 13 0.6756738 
681 94 11 13 0.674744 
430 105 8 11 0.67157644 
645 87 10 13 0.6649862 
153 21 10 11 0.6569067 
846 211 8 10 0.6565973 
892 163 12 14 0.6528256 
724 21 9 12 0.6526147 
916 259 10 14 0.64287764 
388 395 14 17 0.6390352 
191 383 10 13 0.6353724 
89 118 8 10 0.6349526 
745 117 8 10 0.61916333 
267 147 14 17 0.61753875 
847 322 11 14 0.61712825 
196 86 12 15 0.6106584 
135 4 8 11 0.6072718 
800 213 8 11 0.6032879 
927 198 9 12 0.56871325 
558 345 23 30 0.5676344 
728 55 8 10 0.54714465 
936 109 13 16 0.5295224 
487 539 12 17 0.5143847 
404 72 8 10 0.5119318 
33 156 13 17 0.47623265 
848 5 9 11 0.47314733 
708 11 10 13 0.4693312 
431 526 12 16 0.46908206 
297 190 9 12 0.4645356 
524 411 12 16 0.46091455 
356 124 10 12 0.45591953 
49 128 8 11 0.42945987 
534 504 11 14 0.4286172 
609 59 10 13 0.42316893 
180 157 11 15 0.40835515 
394 196 11 14 0.40816474 
976 18 10 13 0.40120032 
553 30 11 14 0.39918143 
619 32 10 13 0.3950853 
523 70 12 14 0.39120498 
469 83 7 11 0.38609278 
352 7 10 14 0.38266385 
982 21 9 12 0.38042516 
366 6 8 11 0.37838435 
173 233 11 15 0.37419727 
742 21 9 11 0.37350693 
692 59 9 12 0.37199882 
984 86 10 13 0.36923712 
428 336 15 17 0.36695585 
767 158 12 15 0.36364785 
410 172 12 15 0.3629789 
618 168 9 11 0.3610419 
77 431 12 15 0.36100116 
875 45 10 13 0.35306168 
260 23 10 13 0.3465731 
498 44 9 11 0.3388679 
330 157 9 12 0.3332528 
146 80 7 9 0.33140978 
317 139 10 13 0.33126023 
678 119 11 13 0.3199048 
393 86 8 11 0.31838018 
1012 79 8 12 0.31776285 
208 21 8 11 0.31656754 
66 23 8 9 0.31555745 
720 174 12 15 0.31387752 
936 94 11 14 0.31173286 
796 189 10 13 0.30811727 
249 166 11 14 0.30692732 
472 356 16 18 0.30484048 
861 527 15 17 0.3042264 
554 538 17 22 0.29685646 
348 38 9 11 0.29609248 
554 58 12 16 0.29506811 
861 307 11 12 0.28956944 
380 94 8 10 0.2876524 
110 300 14 19 0.28658384 
937 252 9 12 0.2858854 
113 31 8 10 0.28554967 
532 314 13 17 0.2814535 
751 46 9 12 0.27831712 
647 43 9 12 0.27047518 
189 54 10 12 0.26805413 
343 46 9 12 0.2625966 
239 201 11 15 0.26220232 
527 32 8 11 0.26071078 
893 5 8 10 0.2574037 
689 56 9 11 0.25702554 
833 239 9 10 0.25327057 
101 504 10 13 0.25176257 
884 481 15 16 0.24785073 
935 54 8 11 0.24744546 
913 478 10 13 0.24657269 
631 19 10 13 0.24619418 
95 81 9 11 0.24489836 
818 220 10 12 0.2436572 
101 39 8 10 0.24256971 
125 48 7 10 0.24106093 
32 100 9 12 0.24095729 
711 55 9 11 0.23997697 
55 197 10 13 0.23859978 
372 165 9 11 0.23660807 
405 76 8 11 0.23386817 
606 144 10 13 0.23215157 
943 179 11 14 0.22897942 
714 134 9 11 0.22842811 
102 103 8 11 0.22771344 
952 220 9 12 0.22670607 
356 219 10 15 0.22522219 
30 110 10 12 0.2230661 
119 284 11 16 0.2227802 
180 152 10 13 0.22054996 
543 134 7 9 0.21957241 
829 92 11 13 0.21853708 
321 14 9 12 0.21688473 
974 391 9 11 0.21519695 
991 375 9 11 0.21493016 
473 22 8 10 0.21410525 
878 75 9 12 0.21156572 
73 85 7 10 0.20899147 
279 45 12 15 0.20874603 
845 50 10 13 0.20679522 
390 62 9 10 0.2057331 
685 39 8 12 0.20533355 
482 47 8 11 0.20431961 
741 195 9 12 0.20427737 
265 6 9 10 0.20389064 
743 220 11 15 0.20062768 
391 173 9 12 0.19980972 
918 288 10 13 0.19972292 
191 3 9 11 0.19942921 
580 20 10 13 0.1986212 
883 491 14 16 0.19743969 
712 60 9 11 0.19737074 
472 15 9 11 0.19623508 
688 21 7 10 0.19581732 
862 121 11 16 0.19310975 
820 214 11 14 0.19308853 
101 57 7 10 0.19199339 
149 301 9 12 0.19195181 
453 524 16 19 0.19164927 
573 134 9 10 0.19160211 
770 162 13 16 0.19105129 
97 55 8 11 0.19071326 
751 160 11 13 0.18992728 
504 6 8 10 0.18983464 
149 358 11 13 0.18952875 
960 0 10 9 0.18922153 
740 15 9 11 0.18846342 
219 10 13 16 0.18816043 
472 0 9 10 0.18780749 
753 12 9 12 0.18772739 
392 168 9 11 0.1869757 
888 16 8 11 0.18629426 
195 593 14 18 0.18564919 
758 12 9 11 0.18520012 
668 67 11 13 0.18508102 
969 317 10 13 0.18445106 
718 102 10 15 0.18369599 
449 142 9 10 0.18345983 
671 13 9 11 0.18112485 
280 17 8 11 0.17968394 
509 519 14 18 0.17914277 
344 221 10 13 0.17681831 
295 141 11 14 0.17520845 
599 78 11 15 0.17356598 
960 24 8 10 0.17356011 
1005 53 12 18 0.17325106 
797 39 9 12 0.17244527 
983 1 12 14 0.16952966 
672 49 8 10 0.16825235 
97 104 9 11 0.16708985 
749 150 8 11 0.16565046 
220 4 13 15 0.16387261 
79 94 8 11 0.16379231 
348 157 9 11 0.16129197 
450 149 10 13 0.16006526 
935 166 8 11 0.15961607 
479 128 8 10 0.15794198 
304 105 11 15 0.15751542 
943 156 10 13 0.15728557 
332 197 10 12 0.15649004 
633 8 9 10 0.15591334 
462 589 11 15 0.15458478 
882 462 12 14 0.15443063 
353 143 9 12 0.1534235 
322 102 9 12 0.1526484 
152 29 11 13 0.15218946 
133 101 9 12 0.15194207 
685 45 8 10 0.15193237 
612 516 16 20 0.1518214 
941 150 10 13 0.1514179 
374 45 8 10 0.15131502 
828 206 9 11 0.14987913 
377 88 8 11 0.14977515 
286 15 9 11 0.14951672 
734 132 12 14 0.14777465 
576 14 10 13 0.14769295 
356 6 11 13 0.14709601 
121 78 9 11 0.14662439 
647 21 11 13 0.14653784 
670 159 12 16 0.1461514 
124 186 12 15 0.1460296 
894 43 11 13 0.14402126 
844 458 12 16 0.14355402 
776 1 8 9 0.14300375 
142 5 8 10 0.14222038 
807 307 12 16 0.14212397 
485 320 12 17 0.14086367 
472 5 10 11 0.14072691 
935 495 11 13 0.14031604 
479 109 9 11 0.13970812 
320 75 11 15 0.13941436 
215 30 10 11 0.1383659 
859 19 9 12 0.13828266 
117 94 8 11 0.13824493 
850 560 26 27 0.13797374 
791 22 9 12 0.13749005 
168 234 11 17 0.13746068 
654 0 7 9 0.13592717 
623 9 8 9 0.13508749 
848 77 9 12 0.13430533 
951 262 11 13 0.13364202 
881 210 11 14 0.13231376 
984 79 9 14 0.13133776 
414 118 10 13 0.13094339 
325 54 8 11 0.13083136 
884 235 9 12 0.12990303 
509 490 16 20 0.12935403 
922 0 8 9 0.12884422 
681 31 8 11 0.12830147 
695 38 8 11 0.12771036 
96 109 8 11 0.12701912 
877 51 9 13 0.12556514 
826 76 12 14 0.12508906 
826 189 9 14 0.12507589 
855 62 9 11 0.12479556 
918 183 9 13 0.124606244 
409 86 9 12 0.12458934 
849 273 11 14 0.123731576 
412 332 14 20 0.12301091 
880 183 8 11 0.12283544 
498 63 8 10 0.122647054 
615 83 10 13 0.12246803 
703 367 10 13 0.122317605 
350 149 9 13 0.12200594 
1 148 11 16 0.12155412 
960 234 11 13 0.12013783 
950 164 10 12 0.11985568 
850 11 10 13 0.119610764 
221 27 9 13 0.11880755 
534 4 9 12 0.11870174 
800 498 12 15 0.118446074 
767 564 12 16 0.11675532 
369 78 9 10 0.116678685 
961 471 10 12 0.11658806 
332 162 9 13 0.11626497 
409 119 10 12 0.114785686 
913 308 11 13 0.11463183 
452 573 10 14 0.113254644 
815 300 11 15 0.11253549 
919 35 10 13 0.11239594 
664 63 9 12 0.11049442 
191 19 9 12 0.11029548 
392 104 8 10 0.11025317 
1008 84 10 12 0.11020559 
240 5 9 11 0.110186346 
536 31 9 12 0.10986664 
422 333 14 18 0.109510854 
975 258 10 12 0.109079756 
520 23 9 11 0.10870351 
371 159 8 11 0.107787915 
791 51 10 13 0.1075488 
502 71 7 10 0.10735131 
176 32 9 11 0.10640144 
219 78 10 12 0.105786994 
400 135 9 11 0.10517993 
961 29 9 11 0.1051578 
713 140 10 12 0.10487671 
481 104 8 11 0.104610145 
297 34 12 15 0.1044899 
205 498 14 19 0.10446844 
113 26 8 9 0.1041876 
327 32 9 11 0.10398617 
348 43 9 12 0.10385185 
966 196 11 13 0.10370608 
332 299 15 20 0.10348754 
794 2 9 10 0.103234254 
367 103 8 11 0.10323183 
904 65 8 11 0.102929376 
840 454 11 14 0.10249269 
270 117 11 14 0.10235249 
441 94 8 10 0.102311514 
639 38 8 11 0.10226034 
488 588 13 16 0.10145202 
293 77 11 15 0.100138895 
969 16 9 11 0.09982461 
1008 475 11 13 0.09980167 
526 520 14 18 0.09930486 
608 46 9 11 0.09891397 
165 567 12 18 0.098518774 
462 583 10 13 0.09820043 
941 195 11 15 0.0981416 
827 306 11 14 0.09731293 
207 38 13 15 0.09702037 
853 86 10 12 0.096968904 
144 411 13 17 0.096574776 
89 79 8 10 0.09594724 
1010 147 12 17 0.09543217 
117 137 10 15 0.09495665 
245 5 9 11 0.09478361 
750 0 9 8 0.094480194 
810 152 9 12 0.09429706 
585 112 9 10 0.09390821 
801 136 8 10 0.09310735 
986 334 10 13 0.09305514 
188 299 11 12 0.09301844 
387 237 12 15 0.09291455 
447 5 10 11 0.09280048 
701 579 14 18 0.092670776 
574 8 8 9 0.092626706 
784 515 11 16 0.09252163 
649 576 16 18 0.092241704 
135 96 7 9 0.09221348 
550 23 12 14 0.09193314 
852 77 11 12 0.091786265 
324 71 9 13 0.09178089 
349 33 9 11 0.09136556 
614 47 9 11 0.09126999 
87 95 7 9 0.09113831 
861 70 10 12 0.09103211 
77 87 8 10 0.0906215 
519 47 9 12 0.090537325 
631 579 13 16 0.09022612 
966 31 8 11 0.09018061 
774 97 9 11 0.09000122 
577 29 9 12 0.08980854 
888 2 9 9 0.08938881 
990 167 11 14 0.08930053 
445 95 7 10 0.08925233 
1001 92 11 14 0.08910907 
887 64 8 11 0.08874568 
876 40 10 13 0.08836474 
259 468 15 20 0.08830918 
936 21 9 12 0.088285066 
610 54 11 14 0.08820417 
649 1 9 9 0.08792191 
308 87 10 13 0.08750828 
356 148 10 13 0.08739628 
190 128 14 16 0.08713865 
645 190 8 10 0.087109685 
256 134 10 14 0.08642179 
112 134 11 14 0.08617789 
340 70 10 12 0.08607008 
521 128 9 10 0.08592256 
327 152 10 13 0.08582657 
984 198 9 11 0.08568531 
748 118 9 10 0.08538091 
550 339 21 29 0.08448936 
90 306 15 20 0.08430498 
990 24 9 11 0.083955035 
432 134 8 10 0.083937764 
816 514 12 17 0.083845995 
257 16 9 11 0.08319978 
792 194 9 13 0.08313278 
125 22 8 10 0.083093 
637 67 13 17 0.08276467 
166 318 11 15 0.08262351 
929 54 10 12 0.08245889 
744 28 9 12 0.08235501 
144 102 9 11 0.082303345 
5 172 10 14 0.08206646 
447 136 10 11 0.081995524 
445 88 8 10 0.08185135 
541 44 9 12 0.0817747 
925 131 10 13 0.08176465 
126 52 7 10 0.08165983 
789 523 13 17 0.08165714 
146 84 8 10 0.08139242 
774 78 11 14 0.08111115 
807 526 10 13 0.08105427 
334 191 10 12 0.080957994 
148 443 13 16 0.080386795 
221 22 10 12 0.08029348 
794 214 9 13 0.079888605 
439 168 8 10 0.07975223 
487 22 9 11 0.07913728 
835 491 16 20 0.07908686 
320 125 9 12 0.07907873 
102 80 8 11 0.07899031 
145 120 9 11 0.07892076 
935 125 11 13 0.07890622 
581 27 10 12 0.07847759 
943 263 10 14 0.07843431 
991 198 9 11 0.07842332 
759 594 14 18 0.078359194 
100 558 20 31 0.078330256 
736 9 8 9 0.078133956 
1009 142 11 14 0.07792755 
842 209 9 11 0.07792255 
646 51 11 14 0.077833585 
668 134 11 14 0.07768074 
689 18 7 10 0.07735812 
535 37 10 12 0.07733513 
760 22 8 11 0.07713918 
1000 523 13 18 0.07701414 
974 220 10 13 0.07696695 
673 118 10 12 0.07694956 
661 93 10 12 0.07691964 
381 117 9 11 0.07686321 
706 53 9 11 0.07664581 
586 0 9 9 0.076554626 
344 109 9 12 0.076553494 
434 231 14 19 0.07654767 
941 14 9 11 0.07594313 
306 15 9 11 0.07589044 
895 276 9 11 0.07585218 
847 72 9 12 0.07562133 
415 105 7 9 0.075568646 
672 125 10 12 0.075543664 
184 75 10 14 0.07540079 
608 157 8 10 0.075351596 
937 261 10 14 0.07534931 
976 481 11 15 0.07474161 
604 95 10 11 0.07466841 
148 386 12 15 0.07466185 
992 37 11 14 0.074578546 
556 517 13 18 0.07441735 
198 16 8 10 0.074384384 
415 137 8 10 0.07426316 
391 108 9 11 0.0742431 
373 172 8 12 0.074156806 
567 31 8 12 0.07377578 
503 487 15 18 0.073681705 
190 48 9 12 0.07363471 
64 96 8 10 0.07329946 
964 0 10 11 0.073285066 
754 170 12 14 0.07324075 
606 82 11 14 0.073199295 
914 15 9 12 0.073196486 
522 30 9 11 0.07282861 
835 514 12 17 0.07249907 
73 126 8 11 0.07223101 
172 301 10 12 0.07214938 
542 30 9 11 0.07203194 
38 38 9 11 0.07197115 
847 143 11 15 0.07196615 
406 140 9 10 0.07195773 
429 7 10 13 0.07153814 
799 308 11 15 0.0715222 
978 206 9 12 0.07147409 
323 213 10 12 0.07138038 
233 94 9 12 0.07134789 
386 180 10 13 0.071232826 
734 55 9 11 0.07123005 
616 1 9 10 0.071228385 
229 63 10 12 0.07119618 
154 264 9 12 0.071174085 
826 83 12 15 0.071105585 
904 134 12 15 0.071050785 
855 70 10 13 0.07099745 
568 66 11 15 0.07096339 
311 45 9 13 0.07094945 
946 220 9 11 0.0708934 
154 53 8 10 0.07080566 
685 88 10 13 0.07052569 
792 207 9 12 0.07035625 
914 181 10 13 0.07033764 
261 14 10 12 0.07028639 
376 112 9 11 0.070091896 
573 128 9 11 0.06997861 
78 303 13 19 0.069956265 
693 597 14 22 0.069923885 
382 149 10 13 0.06989102 
826 211 11 13 0.06961965 
646 540 10 13 0.06958568 
440 88 8 10 0.069504574 
47 173 13 16 0.06948493 
657 55 9 12 0.06942345 
275 560 13 16 0.06910811 
262 132 10 14 0.069001615 
150 86 9 11 0.06887168 
265 124 9 14 0.0688573 
672 8 9 11 0.06872335 
528 53 9 11 0.06860044 
835 468 13 17 0.068395756 
79 112 7 10 0.06798343 
114 56 7 10 0.06779973 
991 29 10 12 0.06731694 
510 396 14 20 0.06725123 
586 117 9 11 0.067184195 
348 165 10 13 0.06702146 
150 92 9 11 0.06681081 
836 349 13 15 0.06680187 
939 247 10 12 0.06677041 
806 26 10 13 0.06673658 
795 296 10 12 0.066650346 
430 53 8 10 0.06661091 
472 94 8 10 0.06638914 
445 523 16 18 0.06621127 
278 37 12 14 0.06609499 
98 47 8 10 0.06602681 
830 174 9 13 0.06583664 
148 234 11 15 0.06567444 
135 86 7 9 0.06566218 
413 109 9 10 0.06543815 
186 59 10 12 0.06524396 
510 475 13 18 0.06522601 
481 52 9 11 0.065175235 
618 5 7 10 0.06512231 
358 62 8 10 0.06503435 
119 61 7 10 0.06498604 
954 134 8 11 0.06461211 
708 528 22 30 0.064530596 
718 156 11 12 0.06452336 
781 63 10 13 0.06447445 
272 30 9 12 0.0644285 
446 101 7 10 0.064277045 
435 210 11 14 0.064274214 
444 548 12 16 0.064199395 
916 480 11 16 0.06417298 
426 103 9 11 0.06408077 
36 152 11 14 0.06374255 
384 62 8 10 0.06361963 
543 129 9 11 0.06354868 
485 109 8 10 0.06351781 
631 541 11 14 0.063292846 
391 158 8 10 0.06326841 
825 195 10 14 0.06313222 
410 109 8 9 0.062450815 
157 15 9 11 0.06231513 
645 69 10 14 0.062300853 
185 14 8 11 0.06228882 
246 119 12 15 0.06227102 
945 326 11 13 0.06220176 
232 316 10 13 0.062139537 
929 20 9 11 0.062113967 
622 95 9 12 0.062084757 
813 93 9 11 0.061768856 
880 61 9 12 0.061760582 
380 141 9 13 0.0617102 
711 0 8 8 0.06167427 
276 31 11 13 0.061066292 
645 77 12 17 0.060848754 
97 134 10 12 0.06058948 
462 32 8 9 0.060555916 
789 309 11 16 0.06046573 
222 70 9 12 0.060360964 
494 32 8 10 0.060163975 
320 47 10 12 0.06005795 
298 135 12 14 0.060007446 
200 109 11 13 0.05979346 
552 16 9 10 0.059772916 
844 462 15 20 0.059698995 
956 216 11 14 0.05960783 
477 23 8 11 0.05959981 
365 2 8 9 0.059574477 
757 135 9 11 0.05951484 
616 134 11 14 0.05949564 
271 22 9 11 0.05947341 
726 76 10 12 0.059437178 
910 71 9 11 0.059407998 
109 6 8 11 0.059358913 
804 208 10 12 0.05923517 
889 45 11 13 0.059222076 
359 56 8 11 0.059080757 
933 197 11 14 0.05902128 
522 37 8 11 0.05886087 
390 152 9 12 0.05878096 
462 112 8 9 0.05876718 
793 299 9 12 0.058746625 
606 67 10 13 0.058453176 
260 406 12 14 0.058416408 
492 504 11 14 0.0584162 
538 501 12 15 0.05831597 
142 380 15 17 0.05828717 
889 445 10 12 0.05822792 
119 84 9 11 0.058189306 
917 47 8 11 0.058163613 
478 28 8 10 0.058148753 
317 218 14 18 0.058135383 
120 112 8 10 0.05813261 
941 143 10 14 0.058060385 
445 444 14 17 0.05804981 
307 101 11 14 0.05790527 
798 22 11 14 0.057802364 
712 148 11 14 0.057747982 
946 350 9 11 0.05725736 
229 3 10 12 0.057215426 
984 168 11 14 0.05707235 
96 126 9 11 0.056991633 
503 451 14 19 0.05698218 
183 38 8 11 0.056850296 
590 40 8 11 0.05682617 
153 48 9 11 0.05678097 
396 167 9 11 0.05674497 
578 54 9 11 0.0567251 
573 78 10 13 0.056702394 
55 133 9 12 0.05667692 
188 430 16 24 0.056612242 
188 482 36 47 0.05654227 
199 21 9 11 0.056295305 
186 470 22 28 0.056294326 
409 105 7 9 0.0562387 
455 548 11 14 0.05623055 
390 56 8 11 0.05605177 
423 0 9 8 0.055971865 
836 483 15 18 0.05590426 
936 173 9 12 0.055459317 
392 596 12 15 0.055455517 
856 206 10 13 0.05544295 
208 30 10 12 0.05539082 
791 184 12 16 0.05537869 
320 169 11 16 0.055367135 
781 308 14 16 0.05524557 
61 134 10 12 0.055245474 
121 54 8 10 0.055242337 
454 52 8 11 0.055052597 
717 150 10 12 0.055028245 
149 119 10 11 0.05491897 
174 60 9 11 0.054876395 
397 24 10 11 0.054858465 
600 71 11 13 0.054844312 
750 144 9 11 0.05452772 
407 158 9 10 0.05451932 
529 501 19 23 0.054428484 
90 6 8 10 0.05430835 
488 544 15 18 0.05415543 
705 48 9 12 0.054052293 
101 45 8 10 0.054003216 
759 159 11 14 0.053783674 
574 597 11 14 0.053761598 
880 23 9 11 0.053735185 
982 246 8 11 0.05369539 
671 110 9 11 0.0536328 
838 293 12 16 0.053605504 
105 34 8 10 0.053574346 
145 94 9 11 0.053456504 
767 476 13 14 0.053453922 
86 29 8 10 0.05335099 
876 299 11 14 0.05328045 
539 388 14 20 0.05315034 
862 491 9 11 0.053041402 
602 45 8 12 0.052918874 
997 170 10 14 0.052695546 
998 380 9 10 0.05262354 
937 190 10 13 0.05255572 
728 140 9 12 0.05249608 
120 23 8 10 0.052490406 
823 503 9 12 0.05248507 
263 38 8 11 0.05237941 
835 243 12 16 0.052106317 
696 32 9 11 0.05210281 
324 107 10 12 0.052065022 
870 300 10 13 0.051961973 
977 85 13 16 0.051944055 
421 413 12 14 0.051897094 
168 48 8 10 0.051765487 
822 111 11 14 0.051757168 
158 73 9 11 0.05138089 
449 53 9 11 0.05133682 
382 101 9 10 0.051316854 
828 99 10 12 0.051315 
773 153 10 12 0.05130674 
542 338 14 23 0.05123282 
181 402 13 18 0.051217586 
632 1 10 9 0.051201377 
425 94 8 9 0.051081188 
309 52 9 13 0.05107314 
587 522 15 20 0.051009864 
926 191 9 13 0.050837766 
746 45 10 12 0.050658472 
111 72 8 9 0.05065183 
402 140 9 11 0.050583698 
878 1 9 10 0.050421856 
326 127 9 11 0.050330494 
381 214 10 14 0.050165948 
464 54 8 9 0.05006684 
761 28 10 12 0.04983642 
829 40 8 11 0.04977442 
637 32 8 10 0.049740825 
541 39 9 11 0.049723294 
892 22 9 11 0.049713146 
508 4 9 11 0.04964121 
462 38 8 11 0.049587205 
635 13 10 13 0.049549688 
717 60 9 12 0.049506024 
475 111 7 10 0.04948371 
813 87 9 11 0.04939976 
791 111 8 11 0.049312368 
599 94 9 12 0.04925479 
980 454 8 12 0.04924692 
285 549 15 17 0.049032856 
856 492 11 13 0.049027305 
234 307 13 17 0.04895153 
166 134 12 15 0.048936725 
73 94 8 11 0.048905622 
573 62 9 12 0.04885872 
120 73 8 10 0.0488432 
412 484 16 21 0.048833057 
426 86 8 11 0.048830286 
77 39 9 10 0.048741285 
526 24 8 10 0.048629373 
319 208 11 12 0.048431482 
699 95 11 13 0.0483538 
423 11 11 12 0.048280545 
824 182 11 14 0.048277948 
486 4 9 11 0.048082344 
951 225 12 15 0.04807896 
928 369 12 15 0.04804918 
352 132 10 12 0.04804633 
36 109 9 11 0.0479711 
984 191 10 13 0.04790427 
196 496 17 21 0.04784702 
294 3 10 12 0.04766938 
805 55 10 12 0.047661796 
768 154 10 12 0.04766149 
532 53 10 12 0.04765237 
477 4 10 12 0.047638338 
118 36 7 10 0.047625538 
846 160 13 18 0.047588415 
74 111 8 11 0.047547195 
641 44 10 11 0.0475234 
310 20 9 11 0.04745246 
488 95 9 10 0.047419176 
412 376 23 34 0.04735918 
166 240 11 15 0.047319014 
881 477 13 16 0.04693684 
928 493 11 15 0.046900257 
924 232 11 15 0.046627108 
473 27 9 12 0.04661627 
940 20 11 14 0.04660435 
393 23 9 11 0.046579607 
423 79 7 10 0.046567243 
158 53 8 10 0.046476416 
942 202 11 13 0.04637535 
587 505 15 19 0.046299838 
277 165 12 16 0.046253327 
637 541 11 14 0.04623808 
721 77 9 11 0.046219226 
749 229 10 12 0.046161324 
663 0 7 9 0.04605646 
912 30 8 12 0.04601602 
425 125 8 11 0.045936212 
336 182 10 12 0.045904074 
320 8 10 12 0.045810875 
151 6 8 9 0.04580443 
680 76 11 13 0.045671456 
128 63 7 9 0.04554367 
695 95 10 12 0.045534644 
593 55 9 11 0.04545383 
272 15 8 11 0.04541408 
488 16 9 11 0.045372963 
765 236 9 11 0.0453541 
614 68 10 14 0.045312982 
1011 57 10 16 0.04529088 
238 94 9 11 0.04524916 
836 92 10 12 0.045199372 
632 29 10 12 0.045169894 
993 379 9 10 0.04504985 
863 254 10 14 0.045010764 
242 34 11 14 0.044989504 
291 61 12 15 0.044936962 
169 341 10 14 0.04489929 
936 1 8 9 0.044861987 
82 23 8 10 0.04474352 
765 231 8 10 0.044741478 
925 182 10 13 0.04451299 
831 111 10 14 0.044452067 
853 1 9 9 0.044420924 
773 472 10 12 0.044381633 
135 46 10 11 0.04435715 
327 60 9 12 0.044209085 
189 553 17 19 0.044204693 
535 45 9 11 0.044192445 
169 60 9 11 0.04418486 
430 87 8 11 0.044171304 
369 83 9 12 0.043989263 
817 116 9 12 0.043977205 
557 85 9 12 0.043950457 
996 450 10 13 0.043927968 
101 128 9 11 0.0439048 
422 120 8 10 0.043842092 
799 55 10 12 0.043788366 
967 36 9 12 0.043781046 
516 402 16 19 0.04367522 
396 172 10 14 0.043635786 
185 386 12 14 0.043629818 
168 334 10 14 0.043573245 
710 86 11 13 0.043546844 
556 77 10 14 0.043531533 
928 220 11 14 0.043518517 
366 220 11 14 0.043280497 
965 229 10 14 0.043191098 
238 294 10 12 0.04318403 
885 68 10 13 0.043143325 
655 4 8 10 0.043058634 
984 471 9 11 0.042962547 
300 197 12 17 0.042960793 
485 127 7 9 0.042939853 
105 259 12 16 0.04293178 
833 231 9 11 0.042864013 
290 189 11 14 0.04286107 
168 294 9 12 0.042856667 
424 150 8 11 0.042817153 
720 17 10 11 0.042778198 
783 111 10 12 0.042769384 
416 158 8 11 0.042764302 
256 2 8 9 0.04274171 
530 511 15 21 0.042602 
966 475 10 13 0.04252419 
886 26 12 14 0.042381722 
478 318 13 17 0.042356823 
597 321 16 21 0.042032897 
180 347 11 13 0.0420242 
568 75 10 15 0.042016428 
769 118 8 10 0.042016175 
236 189 15 19 0.04196519 
388 10 10 12 0.041946102 
79 80 7 10 0.041842554 
694 365 11 13 0.041830145 
719 55 8 10 0.041807774 
369 41 9 10 0.041806474 
916 330 11 15 0.041765675 
665 125 9 11 0.04165983 
880 28 10 12 0.04157078 
382 111 9 11 0.041561414 
895 181 11 14 0.041520584 
216 22 10 12 0.041454583 
145 15 7 10 0.04145443 
952 256 10 13 0.041433897 
900 39 9 12 0.041214995 
68 483 10 14 0.04118453 
528 47 9 11 0.041177563 
680 53 8 11 0.041152414 
381 294 12 16 0.040930953 
378 62 9 10 0.040881507 
217 71 11 13 0.040872402 
127 15 8 9 0.040832527 
783 164 9 12 0.040802676 
489 30 8 10 0.040791873 
147 372 13 15 0.04078066 
384 32 7 10 0.040661953 
248 99 10 13 0.04066063 
840 62 9 11 0.040655408 
1013 542 10 15 0.04064719 
113 283 13 16 0.040636726 
944 161 11 14 0.04058624 
49 105 8 10 0.04051035 
792 219 10 13 0.040500205 
431 128 8 10 0.04048648 
206 171 16 18 0.04043552 
894 29 9 11 0.04042664 
353 62 9 11 0.04040593 
569 339 18 24 0.04035264 
234 100 9 13 0.040344372 
799 104 9 12 0.040322274 
264 568 24 34 0.040314175 
847 190 8 11 0.040271714 
615 23 9 11 0.040257927 
436 461 11 14 0.040252298 
751 77 10 12 0.040203154 
95 141 9 12 0.040147513 
78 63 7 10 0.040096182 
137 30 7 9 0.04007564 
711 31 9 10 0.040064283 
652 112 11 14 0.039929423 
93 153 11 16 0.039752543 
418 514 13 16 0.039750133 
799 140 10 13 0.039695956 
550 55 20 27 0.03966574 
960 400 11 13 0.039550833 
600 135 8 10 0.039544903 
501 54 8 10 0.039519805 
917 471 12 15 0.039470606 
989 53 10 14 0.03932214 
975 212 11 15 0.039264858 
997 232 9 12 0.039240554 
429 48 8 11 0.03919559 
451 612 13 18 0.03912069 
696 0 9 9 0.039096538 
806 220 9 11 0.039084844 
895 64 9 11 0.039034754 
202 84 11 14 0.039015543 
926 484 11 13 0.039003734 
887 188 9 12 0.038939595 
670 369 46 56 0.038896706 
734 587 11 13 0.038873974 
383 218 12 15 0.038838916 
393 92 9 10 0.038823485 
557 393 13 18 0.038798347 
445 111 8 10 0.0387807 
843 291 12 16 0.03869565 
844 355 12 15 0.03868505 
326 206 10 12 0.03867231 
536 87 9 11 0.03861989 
439 135 8 10 0.038577292 
1007 506 12 16 0.038515978 
586 172 7 10 0.038467288 
884 140 11 15 0.038465276 
367 73 9 12 0.038456593 
199 31 9 11 0.03840416 
542 61 11 16 0.03831166 
418 53 8 10 0.038261905 
472 339 11 14 0.038256023 
952 15 7 10 0.03814401 
130 166 8 10 0.03813048 
454 567 11 15 0.03805246 
940 469 11 14 0.038032204 
608 102 9 11 0.03799145 
398 103 7 10 0.03798263 
502 520 16 19 0.037970245 
294 253 15 17 0.037962668 
239 332 9 12 0.037960056 
638 570 12 18 0.03795133 
324 20 9 12 0.03791502 
808 85 9 12 0.037913207 
359 70 9 11 0.037894566 
896 69 10 13 0.037819758 
568 85 9 12 0.03781471 
384 156 9 11 0.03772143 
23 53 7 10 0.037656594 
666 14 8 11 0.03763146 
712 172 13 15 0.037593693 
764 13 9 11 0.03741336 
292 67 13 17 0.0374108 
583 552 15 20 0.037250012 
934 509 14 16 0.037233073 
398 159 9 11 0.03715338 
525 63 12 15 0.03715023 
584 507 22 28 0.03713411 
647 584 15 19 0.03712451 
81 30 8 11 0.037091 
739 271 12 14 0.03708841 
973 165 11 14 0.03708786 
613 139 11 15 0.03704487 
727 0 10 9 0.037034955 
773 412 16 20 0.036984056 
169 54 8 11 0.036978517 
791 165 9 10 0.03696978 
273 46 11 13 0.03695773 
48 316 13 16 0.036940165 
450 578 10 14 0.036929082 
534 76 11 14 0.03690212 
549 334 13 19 0.036890443 
845 225 13 15 0.036858656 
842 70 9 12 0.036832057 
762 506 14 18 0.03682775 
985 375 10 12 0.036805894 
473 101 9 12 0.03676604 
478 96 7 10 0.036722556 
913 7 7 9 0.036712922 
809 167 9 11 0.03665183 
790 125 9 11 0.03665158 
270 555 24 28 0.036626745 
457 95 9 11 0.03650314 
143 2 9 10 0.036487065 
725 149 9 12 0.03647363 
791 173 9 12 0.036473196 
746 0 8 8 0.03647124 
600 99 10 12 0.03646839 
238 102 10 12 0.036451995 
540 513 13 18 0.036441106 
318 147 11 16 0.036438797 
683 629 10 12 0.036406163 
263 140 13 18 0.03628415 
367 9 10 12 0.03627325 
112 287 18 25 0.0362132 
497 6 9 11 0.036176443 
685 31 8 10 0.03612292 
918 53 9 12 0.036115665 
566 493 11 14 0.03611238 
376 100 10 12 0.036102526 
1000 488 11 13 0.03607942 
889 488 16 18 0.036048815 
321 29 9 11 0.03604621 
289 5 10 12 0.03597576 
104 12 9 12 0.03592245 
696 81 11 14 0.03591874 
535 23 9 11 0.035900667 
79 70 7 10 0.035898063 
757 111 8 10 0.035875723 
144 229 10 14 0.0357989 
217 2 11 12 0.035798263 
90 55 8 11 0.03577232 
532 68 10 14 0.035728905 
1005 99 13 15 0.035720736 
526 395 21 29 0.03570509 
589 604 12 14 0.03567089 
167 213 8 11 0.035638835 
815 504 10 12 0.035615288 
840 189 10 13 0.035614997 
513 496 23 27 0.03556106 
992 203 8 11 0.035501495 
936 469 10 13 0.035500325 
431 63 8 11 0.035498112 
735 69 11 13 0.035490006 
136 160 9 11 0.035433367 
204 496 25 34 0.03542707 
664 224 11 13 0.035396125 
726 27 9 11 0.035364404 
383 124 9 11 0.03536349 
261 453 13 18 0.03533655 
462 47 7 9 0.03531958 
775 115 9 12 0.035313427 
391 81 8 10 0.035286684 
734 77 10 12 0.035252728 
145 364 11 13 0.035248414 
88 73 8 9 0.035194036 
452 136 10 11 0.035189025 
773 509 23 29 0.035181068 
735 38 9 11 0.035163123 
256 54 10 13 0.035141338 
375 214 11 14 0.035101734 
144 38 9 11 0.035072703 
303 5 9 11 0.035069868 
663 119 9 11 0.035056006 
430 94 8 10 0.03496671 
776 62 10 13 0.034949377 
862 212 8 10 0.034923192 
893 51 10 12 0.034916237 
265 117 11 16 0.034868155 
749 180 11 13 0.034789845 
750 125 8 11 0.03478943 
929 108 13 15 0.03476858 
645 185 9 10 0.034756057 
415 94 8 10 0.034622956 
151 1 7 8 0.034572415 
804 5 10 12 0.03445036 
457 32 9 11 0.034449402 
333 151 8 11 0.034438755 
397 212 12 15 0.034430142 
234 196 19 24 0.034413945 
916 339 11 14 0.034409303 
311 199 10 12 0.034367744 
893 203 12 15 0.034352187 
936 79 10 11 0.03434453 
951 470 12 15 0.03432583 
458 37 8 11 0.034303803 
110 103 8 10 0.034270246 
591 21 9 12 0.03424273 
990 192 10 13 0.03412957 
814 315 10 14 0.034109164 
477 14 8 10 0.03410151 
376 123 9 12 0.0340468 
952 0 9 9 0.03404316 
471 143 7 9 0.03402673 
14 147 12 15 0.03399487 
598 22 8 11 0.033981983 
960 493 10 14 0.03397924 
744 37 8 11 0.033894137 
135 39 9 10 0.03389139 
313 39 8 11 0.033862244 
406 65 8 10 0.033849124 
923 507 13 18 0.033846915 
608 185 8 10 0.033825222 
351 1 9 10 0.03373796 
359 156 9 11 0.03370894 
487 39 9 12 0.033701457 
848 38 9 12 0.03367774 
73 54 7 9 0.033627898 
111 162 9 12 0.03361744 
870 197 8 11 0.033608977 
271 515 21 27 0.033545736 
764 498 13 18 0.03354533 
663 158 11 15 0.033544015 
782 102 9 12 0.033471137 
440 142 8 10 0.03346483 
339 243 13 14 0.03345995 
407 196 11 14 0.033425193 
79 100 7 9 0.03337094 
375 181 9 13 0.033343036 
685 77 10 13 0.033321407 
592 13 10 13 0.033293627 
368 153 8 11 0.033284847 
183 309 13 15 0.033276793 
938 157 11 14 0.03327574 
558 508 12 15 0.03323617 
504 558 12 16 0.033219103 
130 96 7 10 0.03319218 
511 388 11 16 0.033180766 
337 221 9 14 0.033171806 
104 70 8 9 0.033140663 
475 132 8 11 0.033116136 
174 140 9 11 0.033085734 
254 61 10 13 0.033063106 
87 281 12 18 0.033030253 
40 54 9 11 0.03302745 
222 341 9 12 0.033024468 
923 497 21 26 0.032990616 
683 117 11 13 0.032963466 
106 557 14 19 0.03293228 
160 133 9 14 0.03292809 
328 321 26 42 0.03292021 
750 111 10 12 0.032893836 
102 215 9 12 0.032855194 
448 356 11 14 0.03284268 
393 388 14 19 0.032813255 
702 630 10 13 0.03280045 
462 118 8 9 0.032792177 
166 167 12 14 0.032750774 
878 143 13 17 0.03271297 
735 0 8 9 0.032684173 
156 163 10 13 0.032626208 
185 0 9 9 0.032564294 
511 374 9 12 0.032533385 
807 109 10 12 0.032526556 
911 435 10 12 0.03251197 
701 31 9 12 0.032469153 
488 315 14 20 0.032445043 
494 14 9 11 0.032423485 
913 36 9 12 0.03240283 
629 92 10 13 0.032387726 
360 2 9 9 0.032385446 
90 317 16 20 0.032373313 
749 21 10 12 0.032358617 
433 309 9 12 0.03235264 
796 524 13 17 0.032342855 
811 518 15 19 0.032314453 
159 7 8 10 0.032312762 
74 38 8 10 0.03230116 
502 76 9 11 0.032293443 
518 17 9 10 0.032259483 
911 387 11 14 0.03224595 
704 0 8 9 0.032212492 
935 517 11 15 0.032132145 
432 142 9 11 0.032117087 
760 563 12 17 0.0321094 
1008 124 10 15 0.032106396 
967 382 8 11 0.032091506 
676 7 10 11 0.032090552 
457 594 12 15 0.032065716 
782 304 11 13 0.032051347 
320 95 10 12 0.032050937 
557 569 11 17 0.03204418 
717 165 14 17 0.032029543 
980 253 9 14 0.031996313 
514 482 17 20 0.031933937 
528 2 9 9 0.03187612 
34 541 10 12 0.0318369 
437 520 11 15 0.031805895 
132 332 12 16 0.031767897 
737 56 19 23 0.031761188 
784 285 10 13 0.031730585 
872 214 9 12 0.03172214 
145 31 8 10 0.03170877 
96 31 9 11 0.031641964 
725 157 10 14 0.03163906 
382 134 9 12 0.03160912 
766 258 10 14 0.03159805 
836 172 11 14 0.031590786 
141 158 8 11 0.031566374 
569 7 8 11 0.031564396 
326 6 10 12 0.03155406 
344 143 10 12 0.031538785 
898 162 12 15 0.03144296 
84 300 15 22 0.031383805 
829 142 9 13 0.03134422 
359 180 9 12 0.031336036 
60 477 13 16 0.03129454 
886 244 10 15 0.03126771 
240 109 10 13 0.03125719 
47 47 8 10 0.031248314 
941 475 12 13 0.031123897 
257 38 9 11 0.031034423 
175 415 41 55 0.031015804 
77 45 8 11 0.030963767 
766 23 8 11 0.03095256 
855 190 9 12 0.030922348 
744 181 11 13 0.030918647 
913 175 9 12 0.030879606 
32 44 9 13 0.030760035 
180 595 11 15 0.030738363 
968 221 9 12 0.03072674 
736 84 9 12 0.030710451 
961 192 10 12 0.030687982 
766 483 13 16 0.030687314 
71 29 8 9 0.030686561 
325 133 9 12 0.030685883 
850 318 12 15 0.030623516 
627 533 12 16 0.030592743 
302 571 15 22 0.030580355 
176 12 10 12 0.030559484 
617 14 9 12 0.030549766 
973 38 9 11 0.030549567 
290 132 10 13 0.030548692 
231 152 9 11 0.030545909 
729 134 10 13 0.030522566 
694 435 47 57 0.03052207 
694 15 8 11 0.03052056 
534 390 24 32 0.030468725 
830 501 22 28 0.030446772 
629 67 14 18 0.030434744 
69 16 9 11 0.030419797 
115 62 7 9 0.030415367 
510 78 8 11 0.030346554 
712 129 9 13 0.030330352 
470 55 8 10 0.030313877 
257 202 11 14 0.030297972 
498 76 9 12 0.030277597 
534 62 11 14 0.030257555 
550 588 10 14 0.03022953 
407 277 10 12 0.030193755 
639 53 12 13 0.030155776 
860 206 10 12 0.030147342 
158 36 8 10 0.030136442 
122 16 7 9 0.030041814 
290 140 10 14 0.030041354 
133 164 10 13 0.029977914 
101 141 9 12 0.029971497 
727 48 9 12 0.029954791 
999 15 10 12 0.029924631 
64 17 10 12 0.029884208 
309 61 10 14 0.029871903 
828 179 11 14 0.029865798 
718 70 9 12 0.029862134 
623 186 9 10 0.029837143 
965 416 14 18 0.029834865 
692 22 8 10 0.029832102 
74 118 9 11 0.02979853 
440 22 8 10 0.029796341 
895 139 11 15 0.029791238 
246 54 8 11 0.029773561 
964 270 10 12 0.02976933 
1005 152 14 19 0.029752433 
853 55 9 12 0.029732816 
234 29 10 12 0.029726634 
957 50 10 13 0.02972127 
123 288 11 16 0.029720094 
973 190 11 14 0.029700108 
952 28 9 12 0.029696288 
848 61 10 12 0.029662248 
969 157 9 14 0.029658925 
880 464 18 24 0.029642403 
720 38 9 12 0.029641433 
541 470 16 21 0.029632274 
186 162 12 15 0.029620428 
980 479 11 13 0.029599877 
691 358 12 13 0.029593349 
142 45 9 11 0.029545167 
960 16 8 10 0.029538844 
431 458 12 15 0.029530905 
269 1 10 11 0.029505983 
241 53 8 10 0.029461594 
819 510 11 15 0.02945559 
716 497 26 35 0.029445758 
292 135 19 23 0.029445156 
31 170 13 17 0.02937487 
945 355 9 12 0.029361831 
252 69 10 13 0.029353954 
376 53 9 11 0.029319864 
372 219 11 14 0.029312287 
303 44 10 13 0.029294126 
134 339 12 17 0.029291423 
281 342 12 17 0.029248612 
785 126 9 12 0.029212378 
145 205 9 13 0.029195325 
368 108 9 12 0.029179197 
277 548 27 29 0.02914177 
792 77 11 14 0.029139431 
187 68 11 15 0.029136287 
503 12 9 11 0.029128695 
861 63 11 13 0.029121332 
828 295 15 17 0.029094825 
776 515 13 18 0.029063161 
714 98 18 24 0.029058581 
376 149 9 12 0.029045008 
532 337 17 23 0.02902453 
157 563 22 28 0.02899518 
396 201 12 16 0.028967312 
879 330 11 13 0.028964179 
374 188 10 13 0.02894134 
997 20 11 13 0.028934373 
983 26 10 12 0.02892158 
549 501 12 14 0.028908243 
663 100 10 13 0.028887825 
2 178 13 18 0.028887613 
604 510 21 28 0.028883405 
136 54 8 10 0.028873842 
463 555 11 15 0.02883104 
230 323 10 12 0.028801495 
774 23 9 11 0.028798223 
424 52 9 11 0.028768769 
765 7 10 11 0.028765576 
644 565 13 17 0.028760154 
942 62 9 11 0.028754704 
268 432 13 18 0.02874325 
454 155 9 12 0.02873404 
913 19 8 12 0.028725864 
542 458 14 20 0.028703757 
1012 471 11 16 0.028686278 
93 1 9 8 0.028639868 
734 46 10 11 0.028600356 
585 38 10 13 0.028594216 
342 65 10 11 0.028593704 
797 83 10 14 0.02857209 
652 39 9 12 0.028571887 
738 618 15 19 0.028571337 
884 451 15 18 0.028553793 
846 416 10 13 0.028552141 
232 304 10 14 0.028532432 
145 108 9 11 0.028515369 
114 180 12 15 0.028502788 
461 548 11 13 0.028485648 
174 308 9 13 0.028482322 
6 79 9 12 0.028405793 
662 86 11 14 0.028401354 
688 363 11 13 0.028393906 
902 1 9 9 0.028387858 
941 6 10 12 0.0283861 
186 5 9 12 0.028371802 
48 85 9 12 0.02834478 
312 134 13 16 0.028334942 
249 93 11 14 0.02831215 
862 503 13 16 0.028299378 
134 383 22 27 0.028297534 
502 394 13 19 0.02823824 
686 69 10 13 0.028217249 
213 124 10 14 0.028180411 
645 59 11 16 0.028171891 
863 190 9 11 0.028142892 
343 115 10 14 0.028123269 
621 45 9 11 0.028109709 
1012 90 11 16 0.028093485 
713 505 14 18 0.028093232 
632 38 9 10 0.028088331 
567 92 9 12 0.028062131 
37 537 10 11 0.028043488 
977 1 10 10 0.028041774 
425 63 8 10 0.02803851 
937 6 9 10 0.028030988 
382 2 17 22 0.028022673 
428 98 17 23 0.027997267 
220 489 16 23 0.027995035 
483 355 13 16 0.027964596 
188 394 11 16 0.027962966 
871 71 10 13 0.027957885 
457 100 9 11 0.02795699 
928 90 15 17 0.027937187 
900 286 12 15 0.027904255 
649 552 24 28 0.027880039 
549 508 12 15 0.027868157 
319 268 12 15 0.027849495 
430 160 9 11 0.027841834 
6 10 14 21 0.027828937 
125 79 8 11 0.027821464 
302 124 11 14 0.027788034 
940 55 9 11 0.027785227 
208 389 10 14 0.027782416 
494 387 14 19 0.027762001 
24 69 8 10 0.027759735 
863 5 10 12 0.027759502 
600 39 9 11 0.027754284 
556 577 12 16 0.027750328 
622 54 9 12 0.027724156 
568 21 9 12 0.027696405 
1000 156 11 15 0.02764786 
614 98 17 22 0.027645234 
142 367 21 26 0.027644867 
682 25 8 9 0.027631417 
780 1 9 10 0.02762614 
782 478 11 13 0.027598787 
974 228 10 12 0.027598709 
311 6 9 11 0.027598325 
391 126 8 10 0.027588276 
936 180 12 14 0.027582582 
157 93 8 11 0.027563673 
587 559 14 20 0.027554186 
868 393 13 16 0.027533285 
149 464 13 19 0.027524259 
559 501 12 15 0.027435973 
335 62 10 11 0.02740553 
720 45 8 12 0.027397396 
839 182 10 12 0.027383251 
557 46 11 13 0.027377583 
873 0 9 10 0.027339224 
105 21 8 10 0.027319133 
589 594 14 17 0.027310517 
176 147 18 23 0.02730506 
512 15 8 11 0.02730317 
891 13 10 12 0.027300581 
442 280 14 21 0.027283562 
743 122 11 15 0.027277457 
785 222 8 11 0.027254188 
56 31 8 10 0.027247837 
589 6 9 11 0.027221685 
871 294 11 14 0.027214179 
756 505 22 30 0.027196325 
337 292 14 19 0.027176877 
247 1 9 11 0.027158264 
272 35 9 13 0.027140958 
136 119 9 11 0.02713377 
782 215 9 11 0.02713133 
878 495 14 18 0.027125735 
276 67 11 15 0.027119795 
224 405 11 14 0.027113253 
37 61 10 12 0.027095025 
487 88 10 12 0.027073788 
678 140 10 13 0.027060831 
429 1 8 8 0.027035573 
350 223 13 18 0.02701287 
182 425 16 22 0.026977213 
4 133 12 15 0.026957871 
761 555 21 27 0.02694384 
815 110 10 14 0.026932854 
337 53 9 11 0.026910169 
694 116 10 13 0.026884096 
189 377 17 22 0.026866227 
671 21 8 10 0.026851289 
884 453 22 28 0.026836136 
958 126 10 12 0.026829846 
42 131 11 14 0.026795754 
187 400 11 17 0.026773358 
465 143 9 10 0.02677307 
1007 72 18 26 0.026756492 
911 264 12 15 0.026746646 
77 55 7 10 0.026737243 
196 449 20 25 0.026727114 
753 236 9 11 0.026723197 
772 569 13 15 0.026720796 
175 346 10 14 0.026706714 
861 245 9 12 0.02670244 
841 162 10 16 0.026659029 
783 134 9 10 0.026650231 
945 342 11 15 0.02661809 
797 166 8 11 0.026607776 
92 266 11 15 0.026604364 
454 466 14 19 0.026603708 
112 119 8 10 0.026602913 
98 367 16 21 0.02660096 
894 169 11 15 0.026595442 
717 94 11 14 0.026592014 
924 261 11 13 0.02659003 
68 492 10 14 0.026585173 
783 470 9 11 0.026581286 
212 52 11 13 0.026580213 
261 69 9 12 0.026573835 
743 8 8 10 0.026558354 
839 222 11 13 0.026556412 
215 142 8 10 0.02653342 
840 208 19 24 0.026532385 
132 189 10 13 0.026531296 
902 158 11 14 0.026527833 
266 133 13 15 0.026510458 
830 316 9 12 0.026510276 
287 126 11 15 0.026503433 
770 110 9 12 0.026494931 
261 44 9 11 0.026454477 
531 330 16 20 0.02645305 
757 180 11 13 0.02643108 
38 80 7 10 0.026430637 
296 565 25 37 0.02642185 
677 370 11 13 0.026382212 
854 198 10 13 0.026378302 
842 498 13 16 0.0263708 
878 226 17 23 0.026370756 
1001 506 21 28 0.026366483 
905 211 16 22 0.026366346 
392 499 12 17 0.026341446 
470 38 10 11 0.026318636 
574 140 9 11 0.026317462 
817 510 19 25 0.026302403 
134 63 7 10 0.026291057 
1005 3 11 13 0.026289484 
173 316 10 15 0.02627984 
359 166 10 12 0.026266344 
737 31 9 11 0.026244892 
666 139 10 13 0.026205828 
151 174 9 12 0.026205085 
718 85 10 13 0.02616587 
841 626 12 14 0.026162203 
919 494 9 14 0.026157731 
710 68 10 13 0.026149461 
760 238 9 11 0.02614044 
784 230 8 11 0.026130442 
1005 83 21 28 0.026124464 
623 68 11 16 0.026099695 
152 160 10 13 0.026087185 
759 1 9 8 0.02603903 
799 159 8 11 0.026036572 
533 532 11 15 0.026025465 
89 2 9 9 0.026013229 
156 377 14 19 0.025994455 
630 85 10 13 0.025986718 
293 185 18 24 0.025972852 
523 382 40 50 0.025930809 
678 89 17 22 0.025928203 
318 37 10 12 0.02590176 
187 487 19 25 0.025859702 
554 549 16 20 0.025854122 
933 215 10 13 0.025850441 
950 332 10 12 0.02583012 
794 13 9 12 0.025810497 
557 23 9 12 0.02580496 
741 96 13 16 0.025804836 
981 78 18 24 0.025782721 
127 212 10 11 0.025774363 
952 21 9 12 0.025770746 
271 509 13 18 0.025726832 
570 13 9 12 0.025698345 
920 205 10 12 0.025652334 
140 340 12 16 0.025639474 
433 65 17 23 0.02563844 
838 521 11 16 0.02563045 
860 238 10 14 0.025575163 
984 59 9 12 0.025565065 
663 109 9 12 0.025559844 
845 29 11 13 0.025539326 
601 30 8 10 0.025516178 
779 76 12 16 0.02549912 
142 222 9 12 0.025479687 
868 175 9 10 0.02547263 
841 148 10 13 0.02545321 
982 71 10 13 0.025448699 
516 387 12 16 0.02544175 
698 73 19 22 0.025432589 
111 78 8 10 0.025389295 
199 62 8 11 0.02537815 
924 31 11 13 0.025362987 
285 52 11 14 0.025347563 
182 170 10 14 0.025338596 
989 368 11 14 0.025315719 
833 6 9 11 0.025302637 
949 341 12 14 0.025300143 
717 6 9 11 0.0252953 
453 412 11 15 0.025295246 
764 589 12 16 0.025291463 
461 563 11 15 0.025287755 
385 56 7 10 0.025253778 
856 117 13 19 0.02523521 
127 70 8 10 0.025216334 
842 318 18 24 0.025208622 
472 315 12 16 0.025195539 
568 344 25 33 0.025188008 
934 487 12 13 0.025182422 
751 70 10 13 0.02517612 
594 388 28 37 0.025109882 
241 114 13 17 0.025102703 
984 380 9 10 0.025090063 
374 588 11 13 0.025087932 
376 70 9 11 0.0250688 
758 70 10 12 0.025047734 
622 61 11 15 0.025045844 
433 166 8 11 0.025018705 
275 74 12 17 0.025017101 
423 158 9 12 0.025005495 
847 92 11 14 0.024999183 
1001 238 14 16 0.024986306 
790 117 9 11 0.024981648 
89 101 8 11 0.024976801 
929 310 10 11 0.024974868 
341 181 8 12 0.024964461 
360 205 10 13 0.024962712 
847 123 11 13 0.024930723 
223 139 9 11 0.024925223 
391 133 10 13 0.024923561 
857 242 10 13 0.024921047 
515 469 14 18 0.024911223 
441 119 8 9 0.024862973 
853 15 17 21 0.0248588 
513 46 9 12 0.024851324 
960 35 11 14 0.02483523 
421 385 23 34 0.024830176 
559 494 11 14 0.024819242 
214 339 11 14 0.024803225 
743 78 11 13 0.024801776 
225 64 9 12 0.024791751 
886 38 11 14 0.024785392 
739 413 10 14 0.024757165 
260 87 11 16 0.024746483 
849 196 10 12 0.024742007 
679 71 10 12 0.024741258 
319 117 10 14 0.024737205 
344 171 10 13 0.024707641 
904 432 10 12 0.024707617 
93 74 18 23 0.024687182 
1001 475 12 14 0.024673834 
947 173 13 16 0.024643395 
782 172 10 13 0.024639362 
118 101 8 10 0.024627274 
448 373 13 16 0.024595877 
40 43 9 13 0.024589162 
731 127 19 24 0.024550045 
31 80 8 10 0.024533397 
886 135 9 13 0.024523739 
211 166 15 17 0.02451921 
875 263 11 14 0.024500472 
936 38 9 12 0.024483984 
399 65 18 23 0.02446814 
573 35 10 13 0.024465939 
398 487 21 29 0.02445541 
614 162 18 23 0.024444675 
415 79 9 11 0.024440799 
88 143 9 11 0.024422914 
831 249 12 17 0.024373451 
544 52 11 15 0.024350595 
174 408 15 18 0.02434182 
665 149 8 11 0.024332013 
190 505 27 37 0.024294853 
790 58 12 14 0.024280075 
481 41 8 10 0.024279606 
22 63 9 12 0.02427114 
872 40 17 23 0.024258299 
994 249 10 14 0.024253247 
900 491 12 14 0.024252094 
830 498 14 17 0.02424889 
130 0 20 23 0.024247525 
150 112 9 10 0.02423495 
974 98 13 16 0.024210202 
704 4 19 22 0.024194492 
145 353 19 22 0.024174428 
919 513 12 16 0.024171378 
263 564 39 54 0.024159933 
310 166 11 14 0.02415324 
196 5 9 11 0.024147043 
275 121 13 17 0.024132539 
634 70 19 23 0.02412382 
834 114 14 17 0.02410505 
351 54 9 11 0.024100415 
150 206 11 15 0.02409106 
421 426 11 15 0.024061995 
7 518 8 11 0.024055382 
439 110 9 11 0.024047362 
919 5 9 10 0.024041478 
101 155 10 16 0.024029162 
476 332 12 15 0.023970392 
720 16 18 23 0.023963764 
839 220 22 25 0.023946729 
534 495 13 18 0.023936141 
391 29 9 11 0.023919437 
398 466 11 14 0.023905357 
413 344 13 16 0.023851354 
526 316 21 27 0.02381795 
902 270 11 13 0.02380179 
263 179 12 17 0.023786498 
943 0 9 9 0.023780871 
871 4 10 12 0.023737311 
693 44 9 12 0.023724 
974 197 10 12 0.023701241 
381 88 9 11 0.023652101 
73 47 7 10 0.02364543 
210 552 29 38 0.023636512 
422 173 10 12 0.02362458 
474 117 7 9 0.02360389 
73 63 8 10 0.023590574 
940 77 11 13 0.023586182 
132 513 21 26 0.023575643 
607 126 8 11 0.0235475 
770 95 9 13 0.023537828 
457 110 9 11 0.023525976 
390 118 9 11 0.0235193 
925 514 14 17 0.023509584 
757 100 10 14 0.023500828 
884 249 13 18 0.023447607 
653 45 9 11 0.023442226 
89 148 12 17 0.023441352 
25 78 9 12 0.02343655 
975 458 10 13 0.023422163 
126 313 12 16 0.023411803 
608 117 10 12 0.023370832 
177 162 11 14 0.023354836 
345 104 9 12 0.023352604 
840 26 11 15 0.023339545 
134 69 8 11 0.02333578 
73 100 8 10 0.023333486 
256 375 11 14 0.023332154 
619 523 13 15 0.023329154 
616 128 9 11 0.023282347 
34 33 9 11 0.0232776 
495 112 7 10 0.023264343 
374 205 11 14 0.02325369 
166 288 8 9 0.023243213 
854 499 14 17 0.023235474 
998 334 11 13 0.023211068 
65 72 7 9 0.02320419 
425 181 11 13 0.02318627 
860 530 24 26 0.023184378 
197 260 10 13 0.023179293 
607 39 8 11 0.023175994 
869 264 18 23 0.023173338 
188 156 13 17 0.023157626 
169 29 9 12 0.023143409 
85 112 19 24 0.023140274 
291 14 10 12 0.023138609 
392 186 18 23 0.02311506 
399 119 8 10 0.02310619 
490 582 14 17 0.023098482 
192 584 24 28 0.023082562 
56 39 9 10 0.023072824 
359 425 14 19 0.023072086 
832 344 10 13 0.023067053 
136 228 9 13 0.023056885 
758 251 12 15 0.023033272 
766 62 9 12 0.023023965 
963 498 13 18 0.023017308 
427 403 12 17 0.0230097 
388 2 10 10 0.023006763 
938 498 14 17 0.02300673 
742 142 10 13 0.022998556 
518 376 10 12 0.02299818 
949 215 20 25 0.022986224 
184 434 23 33 0.02298255 
145 22 8 10 0.022980282 
93 6 9 11 0.022973211 
841 5 9 11 0.022908472 
790 70 12 15 0.0228961 
564 499 13 17 0.022874082 
888 171 10 13 0.02285809 
417 151 8 11 0.022825262 
147 473 16 25 0.022815645 
912 465 19 25 0.022794716 
871 493 10 12 0.022775913 
112 47 9 10 0.022773914 
279 562 29 34 0.02276455 
671 1 9 9 0.022764012 
311 67 10 14 0.02275693 
879 487 22 27 0.022738846 
251 113 13 19 0.022726165 
853 262 11 14 0.022712307 
706 20 8 10 0.022691824 
575 84 9 12 0.022689443 
982 261 9 12 0.02267777 
492 356 11 14 0.022675682 
794 1 18 22 0.022668486 
350 108 9 13 0.022622969 
447 420 10 12 0.022612216 
939 522 13 16 0.022600377 
461 539 12 17 0.022592055 
384 77 8 11 0.022553014 
799 76 10 13 0.022549585 
117 163 11 13 0.022542631 
806 1 10 11 0.022539841 
100 300 19 25 0.022534603 
646 113 17 23 0.022502773 
855 182 9 12 0.022459107 
130 1 10 11 0.022402642 
575 588 13 18 0.022387657 
390 47 9 11 0.022363171 
772 507 13 18 0.02234809 
134 380 13 16 0.022340622 
544 24 10 13 0.022319421 
540 94 10 11 0.022314778 
359 173 10 13 0.022302274 
695 109 11 14 0.022284636 
839 288 10 13 0.022273423 
407 151 9 11 0.022208095 
824 132 10 14 0.022182252 
65 79 8 10 0.022173421 
141 388 23 28 0.022163462 
732 158 11 14 0.022163104 
687 54 18 23 0.022151206 
151 190 9 12 0.02213464 
728 5 10 11 0.022109268 
383 37 8 10 0.02208971 
804 76 10 13 0.022071337 
805 36 11 13 0.022017896 
583 6 10 11 0.022011707 
695 71 10 12 0.021997986 
770 76 10 14 0.021993173 
135 24 8 10 0.021990467 
187 453 23 30 0.021978691 
544 48 20 27 0.021977939 
334 172 10 14 0.021973448 
903 30 9 11 0.021973008 
334 38 8 10 0.021949155 
669 148 11 13 0.021940436 
319 81 13 16 0.02193887 
160 293 9 13 0.021911034 
895 479 22 25 0.021908639 
665 129 19 23 0.021889638 
462 94 9 11 0.021876808 
397 178 12 15 0.02187636 
166 309 12 15 0.021863578 
925 193 19 23 0.021860844 
437 541 13 17 0.021832956 
89 85 8 10 0.02183267 
943 40 9 11 0.021814657 
957 267 13 16 0.021812715 
831 223 10 11 0.021812707 
931 97 19 23 0.021803051 
174 48 8 10 0.021790389 
19 148 13 15 0.021779928 
269 160 14 18 0.021772373 
494 117 8 11 0.021770706 
867 307 12 14 0.021763667 
261 59 10 13 0.021751303 
125 174 10 13 0.02174422 
198 113 11 14 0.021734353 
580 596 12 15 0.021719232 
112 127 8 11 0.021716837 
275 155 12 17 0.021707164 
302 116 12 15 0.021701973 
857 514 23 31 0.021699622 
44 163 14 20 0.021684447 
757 491 15 18 0.021676669 
160 184 9 13 0.021675942 
423 144 8 11 0.021672284 
119 117 8 11 0.021671468 
452 481 16 19 0.021667803 
740 200 13 16 0.021665895 
1 139 14 20 0.021640819 
72 151 9 12 0.021629399 
372 197 11 14 0.021628207 
864 167 9 13 0.02162553 
385 166 9 12 0.021623403 
980 95 13 17 0.02161271 
623 21 10 13 0.021604013 
147 428 13 18 0.021588849 
137 223 8 12 0.021584045 
36 96 8 11 0.021583958 
510 95 9 10 0.021565739 
958 487 10 14 0.021556864 
950 321 12 14 0.021554142 
951 486 11 13 0.021551713 
48 79 8 10 0.021529714 
48 122 9 11 0.021528238 
186 19 9 12 0.021509375 
611 108 10 13 0.021495651 
886 326 11 15 0.021487644 
510 385 23 30 0.021484545 
974 182 10 12 0.021473637 
424 189 11 14 0.02144868 
953 127 10 12 0.021443492 
558 104 9 12 0.021397574 
909 456 13 16 0.02139491 
128 340 12 16 0.021367174 
598 52 10 13 0.021351922 
422 523 13 16 0.021330327 
1006 136 18 27 0.021317266 
839 262 9 11 0.021260506 
869 190 10 12 0.021255977 
143 188 10 13 0.021240434 
971 14 18 22 0.02121931 
558 93 8 10 0.021216536 
359 197 10 13 0.02119478 
511 62 9 10 0.021190656 
950 39 9 12 0.021178752 
749 157 18 22 0.021176405 
925 477 11 14 0.021153806 
553 521 19 25 0.021148255 
795 303 19 24 0.02114203 
210 448 14 19 0.021126062 
603 325 15 19 0.021119032 
542 156 9 11 0.02110815 
547 392 16 21 0.02108134 
606 30 9 11 0.021052776 
133 365 10 13 0.021047175 
268 93 10 14 0.02102774 
839 196 10 12 0.021022124 
756 539 12 17 0.0210162 
445 169 9 10 0.021002905 
395 588 11 15 0.02100022 
940 485 12 14 0.020987907 
959 78 11 15 0.020986725 
852 146 10 13 0.020985445 
816 207 10 12 0.020985011 
463 355 13 17 0.020974727 
438 14 8 11 0.020972138 
96 14 8 11 0.020964945 
748 386 31 38 0.020960204 
534 382 14 17 0.020918433 
174 70 10 12 0.020915117 
479 117 7 10 0.020914337 
220 171 11 15 0.020894788 
535 538 10 14 0.02089198 
863 197 10 12 0.020888751 
382 207 9 12 0.020887492 
935 58 10 13 0.020882048 
157 229 11 15 0.02087454 
958 203 14 16 0.02086839 
15 109 11 13 0.020850457 
786 188 11 14 0.020839311 
539 341 22 32 0.020818919 
889 276 10 12 0.020817345 
166 13 10 11 0.020815702 
367 54 8 11 0.020810911 
377 0 9 10 0.02080574 
939 462 11 15 0.020800905 
654 69 11 14 0.020798052 
830 471 20 24 0.020791462 
880 177 9 12 0.020777008 
226 10 12 15 0.020776307 
100 149 10 15 0.020773109 
89 60 8 10 0.020754918 
919 60 9 13 0.020751934 
977 69 10 13 0.02075128 
748 492 26 33 0.02073802 
333 103 9 12 0.020737004 
911 528 12 17 0.020727627 
333 31 9 12 0.02072095 
244 188 13 18 0.020719144 
391 214 11 14 0.02071005 
795 500 22 25 0.020692084 
149 15 19 23 0.020691898 
768 132 11 14 0.020631637 
990 263 10 11 0.020612895 
844 531 12 16 0.020602997 
669 102 10 12 0.02060005 
422 164 11 13 0.020579336 
223 151 10 13 0.020570371 
180 357 10 14 0.020555945 
910 158 10 14 0.020555332 
765 163 22 24 0.020549929 
761 61 10 12 0.020544354 
923 290 11 15 0.020535618 
720 29 9 11 0.020527741 
756 74 11 14 0.02051691 
869 252 13 16 0.020506825 
655 92 10 13 0.02050008 
414 404 23 29 0.0204986 
878 198 10 12 0.020497933 
144 74 8 10 0.020496337 
646 559 12 15 0.02048541 
847 265 10 12 0.020461699 
954 224 20 24 0.020458827 
199 44 10 13 0.02045613 
291 554 13 16 0.020446185 
798 148 10 13 0.020445531 
254 123 11 15 0.02040372 
786 22 9 11 0.020402974 
1014 69 10 16 0.020400537 
736 93 11 15 0.020394707 
240 44 9 12 0.020389171 
804 139 9 12 0.02037363 
853 221 11 16 0.020372711 
515 448 16 20 0.020352282 
864 375 9 11 0.020347118 
824 29 10 12 0.02032782 
177 157 19 23 0.020326126 
798 174 8 10 0.020323604 
584 44 10 12 0.020321803 
258 129 19 24 0.02032001 
542 84 9 13 0.020313147 
7 141 21 26 0.020305216 
925 461 11 15 0.020304605 
627 527 11 13 0.020276543 
77 151 10 13 0.020275975 
353 268 11 14 0.020266693 
495 0 9 9 0.020263504 
663 7 8 10 0.02024233 
513 53 9 12 0.0202325 
986 89 12 17 0.020232327 
183 296 20 24 0.020232294 
241 166 10 12 0.02022963 
71 458 13 16 0.020209149 
431 173 10 11 0.020200165 
998 77 10 13 0.020193765 
958 505 11 15 0.020189969 
137 80 7 10 0.020176683 
55 120 8 10 0.020175245 
573 577 13 16 0.020168863 
245 161 18 23 0.020162763 
966 179 11 13 0.020160573 
865 45 9 12 0.020158337 
0 19 10 15 0.020156957 
415 522 13 15 0.020142298 
382 70 9 11 0.020138923 
534 12 9 12 0.020134676 
882 16 8 10 0.020122908 
109 12 8 11 0.020122426 
263 162 13 15 0.020120492 
791 32 20 25 0.020105395 
88 264 10 13 0.02009139 
727 623 12 13 0.020083934 
299 182 13 17 0.020063028 
701 37 9 11 0.020013366 
290 71 19 25 0.02000547 
