2_Demonstration_Protesters_2_884
149
523 153 33 42 0.99844897 
938 429 90 131 0.9894003 
366 85 21 27 0.9773237 
890 183 31 36 0.9448387 
584 93 22 23 0.88204074 
662 258 25 56 0.86807966 
516 220 33 32 0.69183683 
701 45 24 32 0.6223989 
314 117 17 21 0.46173283 
555 69 13 16 0.398865 
35 79 18 19 0.37354553 
291 100 13 16 0.3415912 
17 161 27 32 0.33460855 
335 192 15 20 0.30626774 
722 17 31 40 0.25784177 
211 91 19 20 0.23490085 
119 244 55 62 0.18441638 
663 96 36 46 0.18248542 
779 0 35 36 0.16957639 
703 18 11 15 0.16572961 
874 161 17 20 0.16500264 
205 92 14 17 0.16345489 
885 248 37 35 0.15508541 
875 157 26 30 0.14276055 
201 92 11 16 0.14227782 
416 354 33 40 0.14035429 
389 126 13 17 0.12561479 
299 103 12 15 0.12523258 
433 202 30 34 0.12258619 
878 168 34 42 0.108564995 
423 188 24 29 0.103150696 
704 36 14 18 0.09920985 
436 172 16 19 0.08546153 
575 188 29 35 0.07609147 
730 31 16 22 0.07487313 
799 313 38 40 0.074572235 
11 257 42 47 0.06823692 
293 147 14 17 0.064948834 
536 71 11 15 0.06246246 
110 132 16 20 0.059484046 
652 12 16 21 0.05599757 
381 163 12 16 0.05594108 
979 27 23 26 0.05465249 
787 273 16 19 0.0535766 
110 272 13 15 0.051582165 
538 75 13 17 0.051479295 
305 119 23 27 0.051420294 
890 157 15 17 0.048431706 
90 279 27 33 0.04799931 
703 27 13 19 0.047123224 
365 56 15 20 0.04640295 
189 547 118 110 0.04469223 
94 285 14 17 0.043612592 
245 133 10 13 0.043607283 
229 98 12 17 0.043450702 
5 117 10 13 0.042099405 
307 108 12 18 0.041840106 
94 258 62 71 0.041437514 
174 130 29 41 0.040246602 
843 236 14 17 0.0402185 
699 15 20 27 0.040090166 
759 162 10 12 0.039509982 
680 100 32 40 0.03939891 
689 7 23 26 0.039030004 
687 36 42 48 0.03881874 
567 108 14 17 0.038747013 
987 57 24 29 0.03865535 
6 137 11 14 0.0385412 
426 210 27 34 0.037571218 
295 141 21 25 0.037192483 
710 34 26 35 0.037141763 
157 89 17 20 0.036864474 
572 84 23 30 0.036538757 
20 134 12 14 0.036010195 
221 88 20 26 0.035691943 
144 242 44 48 0.03556036 
555 71 21 26 0.035005495 
562 69 12 15 0.034641456 
8 126 10 13 0.034361716 
640 256 43 67 0.03423287 
898 152 16 18 0.033733785 
579 186 18 21 0.033721793 
577 86 37 42 0.03266402 
287 97 12 15 0.032536946 
693 21 12 16 0.032533772 
158 122 34 47 0.03206844 
235 97 14 16 0.031695873 
786 269 26 32 0.03159114 
539 155 37 51 0.030211823 
295 103 20 25 0.030202743 
887 145 26 30 0.02981923 
683 0 24 23 0.02976099 
32 169 15 20 0.029632116 
192 239 31 41 0.029328365 
272 136 16 18 0.029310893 
976 250 29 33 0.028665446 
671 265 37 50 0.028446231 
108 125 25 32 0.028068775 
162 82 16 21 0.02748326 
652 5 14 15 0.02747506 
211 95 25 28 0.02709027 
568 100 24 29 0.02689223 
841 158 28 33 0.026585495 
553 65 11 15 0.026475297 
556 199 30 36 0.026466845 
12 131 14 17 0.026148394 
899 261 18 20 0.026014095 
836 144 18 25 0.025917843 
819 120 12 14 0.025686963 
917 175 34 39 0.025505012 
828 153 16 22 0.025333734 
854 162 24 31 0.02523473 
950 145 12 17 0.025226064 
155 99 26 31 0.025187867 
100 275 16 17 0.025098415 
715 7 28 33 0.025085038 
403 190 13 17 0.024961635 
729 19 19 23 0.024905665 
390 120 11 15 0.02458931 
665 233 53 73 0.024280626 
37 72 12 14 0.024262197 
932 226 39 48 0.02407483 
398 195 15 19 0.023930952 
887 157 30 35 0.023203159 
548 78 16 21 0.023133507 
12 273 49 58 0.02313128 
101 267 31 31 0.023082929 
305 146 14 17 0.022878889 
285 102 17 21 0.022801595 
685 20 15 17 0.022735232 
307 102 12 15 0.022349324 
349 403 13 16 0.022311302 
564 78 23 31 0.022031827 
777 268 11 15 0.021715974 
707 51 29 36 0.021501845 
968 109 51 84 0.02140965 
401 222 24 29 0.021332307 
0 318 36 46 0.021093464 
775 268 25 29 0.021034323 
591 166 32 38 0.020723924 
230 84 13 19 0.020719783 
827 182 13 16 0.02064503 
263 226 26 34 0.020609388 
197 126 27 31 0.0206008 
394 200 22 26 0.020417778 
541 205 24 33 0.020388171 
835 229 24 29 0.020344798 
555 204 15 20 0.020248163 
681 17 24 30 0.020117383 
