2_Demonstration_Political_Rally_2_90
137
539 270 53 75 0.9980615 
789 380 20 27 0.95009995 
300 364 10 13 0.47168848 
876 379 10 13 0.38469017 
921 378 12 16 0.36707082 
196 334 11 14 0.36284736 
236 379 14 17 0.35245317 
155 359 15 19 0.34226447 
5 327 13 18 0.3186551 
342 382 9 12 0.2743345 
40 371 13 16 0.24874726 
202 356 10 14 0.21854444 
24 316 10 13 0.20934501 
112 360 13 16 0.20587213 
170 387 15 20 0.18485124 
63 321 12 15 0.10683939 
318 371 13 15 0.10517649 
408 421 7 10 0.09974246 
1009 385 15 26 0.09817995 
302 298 15 18 0.09799592 
45 326 10 12 0.09167375 
325 367 11 14 0.0866494 
154 312 13 17 0.08401426 
745 458 17 19 0.0832028 
876 428 17 20 0.082882375 
289 390 9 11 0.07793526 
151 390 10 13 0.07555664 
73 297 13 17 0.06766906 
41 327 9 12 0.06701789 
303 382 8 10 0.06516508 
261 357 10 13 0.064910226 
201 350 21 27 0.062692165 
875 386 15 22 0.061558053 
40 348 9 11 0.05997366 
209 345 25 29 0.057244826 
11 325 11 15 0.054929666 
101 380 15 21 0.053817365 
313 372 10 12 0.052292924 
846 393 15 17 0.05194518 
249 301 11 14 0.051913157 
325 333 8 10 0.051637586 
230 372 15 20 0.05065275 
872 402 14 18 0.050451223 
29 408 14 18 0.05014633 
322 327 8 10 0.04964809 
22 323 12 16 0.049220823 
326 357 10 13 0.047733944 
294 383 8 11 0.04704926 
212 354 15 19 0.046276473 
235 348 13 17 0.04577801 
215 387 13 15 0.045701582 
28 312 10 12 0.045235816 
256 391 10 11 0.044516966 
297 370 9 13 0.04179005 
223 341 24 28 0.03917935 
162 360 14 18 0.038313515 
100 388 24 30 0.037870754 
259 380 11 14 0.037838466 
274 392 8 10 0.037098885 
356 310 12 16 0.035233162 
106 401 18 21 0.034349576 
221 382 12 15 0.034210227 
950 423 33 43 0.034154195 
43 375 15 17 0.033991434 
278 392 8 10 0.03358962 
80 374 10 12 0.0324103 
352 315 10 13 0.032266144 
0 404 11 16 0.031741038 
917 332 11 14 0.031246 
217 375 22 27 0.030809203 
235 363 14 16 0.030473145 
155 347 17 22 0.030406749 
255 342 8 12 0.030217173 
935 463 34 38 0.02975607 
282 308 12 15 0.029342366 
279 398 8 11 0.029146837 
334 374 8 12 0.028900694 
22 409 13 19 0.028506244 
229 353 15 20 0.02824796 
268 357 9 13 0.028188065 
226 356 23 31 0.027783874 
28 331 10 14 0.027283018 
335 302 11 14 0.027014602 
330 404 9 12 0.026586642 
175 285 10 14 0.026456464 
181 393 12 15 0.026256312 
218 337 16 19 0.026183955 
263 309 10 13 0.025631815 
256 351 11 15 0.025123984 
940 406 12 15 0.025080873 
736 439 22 31 0.024959475 
344 326 8 11 0.024926249 
992 453 31 53 0.024674544 
6 321 12 15 0.024663577 
327 350 10 13 0.024625381 
203 369 13 17 0.02458265 
727 428 22 31 0.024487833 
147 300 23 31 0.024404464 
193 330 18 23 0.024343058 
392 357 10 15 0.024318228 
95 340 12 13 0.024114208 
103 376 11 14 0.023961768 
335 307 13 16 0.023805264 
784 408 16 20 0.02370775 
263 344 9 10 0.023608891 
280 318 11 12 0.023511738 
306 442 13 16 0.023462439 
823 374 11 15 0.023410326 
820 379 14 20 0.023313977 
284 356 11 14 0.023163475 
949 459 14 18 0.022888368 
802 381 13 18 0.022766186 
915 365 14 17 0.022731492 
403 422 9 10 0.022704273 
954 326 9 14 0.022690006 
1 335 12 19 0.022433752 
111 352 13 16 0.022255203 
191 390 9 13 0.022048792 
247 340 10 14 0.022029918 
324 377 12 15 0.021929154 
943 447 31 41 0.021840584 
44 342 10 13 0.021692107 
261 362 11 14 0.0216795 
256 372 12 15 0.02154934 
309 406 9 9 0.021289269 
912 397 11 15 0.020877363 
80 379 11 14 0.0208515 
838 387 14 18 0.020848285 
94 384 16 21 0.020664627 
94 366 38 47 0.020626945 
37 419 12 16 0.02060472 
297 299 13 17 0.020479895 
50 381 12 14 0.020378489 
328 398 10 12 0.02020376 
373 371 10 13 0.020170214 
159 343 12 15 0.02006434 
247 333 10 14 0.020052304 
