2_Demonstration_Demonstration_Or_Protest_2_619
483
990 195 15 20 0.97154343 
907 117 16 22 0.953558 
526 125 12 15 0.94808495 
678 96 12 16 0.9053402 
807 86 12 15 0.8925215 
429 87 15 19 0.8754494 
432 174 25 30 0.8576034 
648 178 18 23 0.83445686 
854 102 14 17 0.8265489 
250 230 18 21 0.82357985 
647 138 13 18 0.808388 
203 149 15 19 0.80349827 
781 149 13 15 0.7997253 
945 223 16 19 0.78779644 
494 132 13 17 0.7835974 
500 113 11 15 0.7792476 
413 399 24 34 0.7460254 
620 114 13 15 0.7225788 
868 260 16 19 0.70301527 
760 117 9 12 0.6941775 
736 137 11 14 0.68088996 
294 173 13 19 0.64226156 
459 204 16 20 0.6251255 
550 195 16 19 0.55268675 
417 114 11 15 0.550429 
572 130 12 15 0.54529506 
900 187 15 19 0.5393123 
705 206 22 27 0.5162284 
555 110 12 15 0.50892925 
201 228 15 22 0.48016217 
593 26 10 14 0.45414653 
390 125 15 19 0.4525081 
817 138 14 19 0.435055 
469 121 15 19 0.43398017 
872 364 14 17 0.43175724 
241 192 16 20 0.3711779 
788 183 14 19 0.32619026 
614 172 13 16 0.32481167 
982 256 14 21 0.32426766 
895 267 14 16 0.3219726 
255 129 14 18 0.31701848 
784 180 12 18 0.31313664 
452 114 14 17 0.30625227 
496 177 21 27 0.29556584 
203 199 12 17 0.29219458 
553 84 12 16 0.28340423 
491 213 17 21 0.28156263 
283 258 22 26 0.2721581 
530 255 17 20 0.27035958 
474 545 19 21 0.26528803 
580 152 13 18 0.26386467 
797 114 11 14 0.26112404 
518 237 15 23 0.25369248 
734 50 11 14 0.25282264 
789 347 16 22 0.25192058 
320 307 27 39 0.25130075 
395 181 16 19 0.24703918 
428 180 18 22 0.24644397 
652 266 18 23 0.24490075 
736 119 10 13 0.2445273 
542 141 12 14 0.22604579 
826 327 16 19 0.2235803 
572 137 14 18 0.22250362 
600 92 11 14 0.21713088 
419 394 15 19 0.21634878 
550 20 9 12 0.19001605 
572 145 15 20 0.1872782 
341 107 16 19 0.185149 
105 149 16 20 0.17046978 
933 283 14 17 0.16554008 
660 197 22 27 0.16415589 
308 355 22 27 0.15441729 
814 300 13 16 0.14767218 
548 231 15 19 0.14714462 
357 147 17 20 0.1458267 
433 288 17 22 0.14065486 
499 137 14 17 0.13844478 
766 103 9 12 0.13770433 
418 264 17 19 0.13762748 
849 251 14 19 0.13661137 
838 159 11 15 0.13515623 
599 170 11 15 0.1317864 
349 84 13 16 0.12983428 
462 121 15 21 0.1281981 
188 266 15 19 0.12720276 
443 175 20 25 0.1265155 
795 186 12 16 0.1259965 
629 131 13 16 0.12202471 
212 264 16 22 0.12163446 
868 129 14 17 0.1193147 
819 151 13 18 0.117773734 
157 198 12 15 0.11720362 
204 266 14 22 0.1142089 
888 187 12 18 0.11290973 
507 139 12 16 0.109363325 
343 101 13 15 0.10935636 
195 267 15 20 0.107390404 
736 58 10 13 0.105783 
500 144 16 20 0.10497643 
986 289 11 17 0.098390676 
787 297 14 19 0.097820766 
981 259 42 59 0.09777941 
415 292 29 40 0.09664177 
759 171 14 19 0.09575809 
881 147 15 19 0.09371874 
764 109 12 15 0.093685776 
603 215 16 22 0.091297455 
805 107 10 13 0.08811239 
156 203 15 19 0.086735904 
209 151 16 20 0.08483764 
484 175 24 29 0.08379431 
293 132 17 21 0.080963 
845 168 13 18 0.07900416 
830 157 12 14 0.078074865 
588 233 13 19 0.07732318 
524 240 21 27 0.07162556 
758 166 12 15 0.07093462 
985 280 23 31 0.07046553 
293 122 15 17 0.06939167 
189 201 15 20 0.0690225 
425 395 15 17 0.06891454 
766 125 10 12 0.06878218 
140 354 15 18 0.0686688 
932 202 14 19 0.06825477 
555 191 15 18 0.06812071 
138 431 15 20 0.067918405 
753 164 10 13 0.06779667 
605 170 13 17 0.06778231 
596 212 16 22 0.06766144 
246 262 15 21 0.06705458 
876 139 14 19 0.06700208 
338 131 15 19 0.06682073 
761 102 10 12 0.066345535 
500 235 17 21 0.06593806 
212 168 17 20 0.06493999 
613 137 13 18 0.06485502 
925 200 14 20 0.06435295 
526 111 10 12 0.063327245 
975 321 13 18 0.06310887 
386 343 14 21 0.06262175 
775 143 14 18 0.06233843 
212 198 20 25 0.061362762 
973 265 13 18 0.06113751 
749 246 15 21 0.060950667 
755 117 10 13 0.06048091 
471 540 16 20 0.060077928 
793 111 11 15 0.059507463 
510 238 15 21 0.05933937 
475 170 17 23 0.05919097 
356 178 13 19 0.05872722 
590 217 15 21 0.058153894 
284 132 13 17 0.057948094 
442 286 15 22 0.05781116 
563 195 12 17 0.05775678 
519 119 13 16 0.057696886 
93 258 13 17 0.057314157 
893 180 14 21 0.057215977 
404 186 14 17 0.056926332 
212 377 17 22 0.056822233 
250 258 13 18 0.056811657 
459 116 14 19 0.056464624 
614 145 14 18 0.056429755 
648 187 22 26 0.05578839 
807 102 11 14 0.05538043 
276 163 13 18 0.054516423 
823 91 10 13 0.054109756 
751 189 11 15 0.053736374 
338 114 22 30 0.052923445 
922 188 14 16 0.05201417 
548 144 12 16 0.051247038 
343 86 12 15 0.05089502 
668 168 16 22 0.0505367 
650 201 19 21 0.04996682 
371 149 12 16 0.048928253 
946 213 17 20 0.047931653 
230 157 13 18 0.04791325 
999 195 15 19 0.047476027 
366 98 14 19 0.047261182 
863 227 12 18 0.046759058 
788 153 12 14 0.046746008 
268 122 12 16 0.04670701 
489 201 25 30 0.04663385 
219 205 18 22 0.046596374 
906 180 15 20 0.046463683 
544 170 13 16 0.046059098 
963 208 15 21 0.045604225 
208 156 22 27 0.04545089 
696 211 28 35 0.044592362 
805 297 23 27 0.04456378 
247 131 13 19 0.04454265 
410 195 14 18 0.04446159 
788 173 13 19 0.04445492 
342 92 13 16 0.044409312 
873 357 17 19 0.044402875 
540 230 20 27 0.044042654 
532 131 12 15 0.04390673 
976 260 12 18 0.043289226 
657 259 22 30 0.04280498 
674 201 13 21 0.042783946 
403 297 31 41 0.04257726 
786 196 17 23 0.04244792 
266 283 15 18 0.042395793 
850 253 21 24 0.042317074 
182 202 15 21 0.0422724 
156 250 17 24 0.04197433 
788 144 12 15 0.041800417 
876 346 15 17 0.041476984 
144 252 22 27 0.04129163 
124 424 20 27 0.04109632 
426 162 26 32 0.041044854 
151 202 13 16 0.040674116 
334 111 16 20 0.040571477 
722 209 14 19 0.04045899 
888 315 12 15 0.04011869 
273 373 15 19 0.039670017 
868 233 14 19 0.039659057 
219 351 16 21 0.039389513 
236 375 15 20 0.039264396 
565 286 27 27 0.038969114 
813 318 25 31 0.038923666 
565 222 13 16 0.038352143 
498 121 15 19 0.038002066 
333 124 14 20 0.03775343 
776 185 12 17 0.037692476 
874 252 13 18 0.037317064 
414 93 11 14 0.037252903 
219 212 21 26 0.036617294 
8 133 26 32 0.03636239 
853 170 12 16 0.03620566 
790 165 13 17 0.036107663 
506 169 16 23 0.036066003 
421 280 25 31 0.03594428 
870 135 15 20 0.03582403 
508 160 16 21 0.035773862 
364 143 13 17 0.035645567 
626 110 11 13 0.03555805 
795 306 14 18 0.03531464 
867 242 15 20 0.035286978 
583 181 11 13 0.035024647 
139 257 17 21 0.034948803 
556 140 11 15 0.034773014 
682 212 22 30 0.034706067 
161 212 14 17 0.03468962 
223 370 23 32 0.034563348 
350 285 25 31 0.03426948 
132 418 16 20 0.034252014 
342 132 23 30 0.03403534 
838 209 11 17 0.033841044 
882 340 15 18 0.033823464 
508 116 11 15 0.033814717 
858 113 15 19 0.033655163 
860 241 15 20 0.03339259 
786 299 22 28 0.033188168 
550 26 10 14 0.033187106 
417 269 23 28 0.033083033 
846 301 24 28 0.0330743 
476 552 21 22 0.033038538 
117 421 16 27 0.03295548 
898 55 15 19 0.032886785 
284 163 13 19 0.032836456 
158 217 15 18 0.032722585 
619 176 13 17 0.032682605 
679 242 26 36 0.03264938 
852 244 15 20 0.03251307 
591 32 10 14 0.032469396 
311 212 13 15 0.032438044 
211 226 13 19 0.032394487 
416 553 18 19 0.03214284 
812 100 12 15 0.03209674 
317 359 21 30 0.032038707 
806 163 12 16 0.03200661 
289 176 13 17 0.031922378 
667 188 16 21 0.03191978 
485 137 15 17 0.03188326 
860 251 15 19 0.031871587 
123 275 14 19 0.031725347 
260 256 15 18 0.031717103 
390 391 45 59 0.031591635 
286 212 13 16 0.03155809 
460 109 12 17 0.03151701 
242 306 25 32 0.031454843 
426 262 13 17 0.031430703 
960 240 76 100 0.031335004 
627 233 15 21 0.031312104 
281 119 21 27 0.031042919 
251 138 22 30 0.0309749 
833 325 14 17 0.030936565 
599 177 13 16 0.03089529 
571 196 13 17 0.03080758 
596 204 14 17 0.030691873 
227 349 13 18 0.030668417 
119 268 13 17 0.030483928 
929 353 19 23 0.030472321 
775 335 20 29 0.030441407 
455 127 15 19 0.03038937 
342 85 22 25 0.030380199 
104 143 11 16 0.030273018 
843 158 12 16 0.030074678 
948 309 13 15 0.029981853 
818 293 13 17 0.029917734 
994 204 16 19 0.029908597 
557 211 12 15 0.029764391 
807 308 26 31 0.029634329 
937 287 17 18 0.029539987 
545 195 13 19 0.029492509 
552 80 11 14 0.029299073 
190 232 16 20 0.029296743 
620 137 12 18 0.029283306 
927 207 15 21 0.029051414 
350 182 15 20 0.029011471 
405 199 22 27 0.028995818 
479 237 13 17 0.02886413 
343 106 26 31 0.028755654 
595 223 15 22 0.02865064 
363 178 12 18 0.028398236 
287 148 13 16 0.028371053 
885 374 11 14 0.028348282 
172 234 15 18 0.028253863 
291 144 16 19 0.02823199 
510 123 12 15 0.028211914 
474 534 18 19 0.028106723 
289 268 19 22 0.027985236 
755 184 14 18 0.027919643 
692 257 16 23 0.027889686 
362 265 22 26 0.027781658 
357 337 24 31 0.027575703 
616 122 12 14 0.027574483 
354 489 16 21 0.02741735 
919 200 14 19 0.027341316 
939 201 14 18 0.027284665 
947 282 15 18 0.027111268 
271 221 13 16 0.027079616 
257 240 16 19 0.027055267 
862 124 13 17 0.027039535 
419 118 14 18 0.026940826 
79 194 15 19 0.026825117 
656 169 20 25 0.026822653 
271 201 13 16 0.026757384 
569 225 15 19 0.026661811 
898 105 20 27 0.02659504 
130 258 21 27 0.026588969 
205 194 19 26 0.026580691 
348 123 26 32 0.026511714 
411 380 22 33 0.026479945 
794 169 15 20 0.026176397 
782 116 11 14 0.026029909 
479 152 24 28 0.026000423 
326 210 13 17 0.025990164 
519 109 11 13 0.02594446 
335 99 15 19 0.025825065 
937 131 99 120 0.025788082 
595 234 14 21 0.02576938 
603 240 15 20 0.025763107 
460 239 15 21 0.025704265 
157 222 23 25 0.025636828 
520 104 8 10 0.025595233 
758 113 17 22 0.025533743 
596 76 10 12 0.025490543 
696 164 11 13 0.02545107 
556 180 13 17 0.025294445 
991 287 30 38 0.025284143 
426 301 19 24 0.025200833 
350 146 16 21 0.025200697 
566 103 10 13 0.025162408 
329 132 11 15 0.025113324 
563 108 11 13 0.025087964 
269 153 15 20 0.02504877 
474 161 16 21 0.024942737 
730 45 12 15 0.02489198 
140 418 14 20 0.024859894 
729 123 12 16 0.024762703 
206 482 21 34 0.024742583 
185 465 26 41 0.024630291 
326 264 16 24 0.024535602 
958 203 14 21 0.024530254 
237 137 13 18 0.024426987 
239 403 14 19 0.024355557 
183 321 28 33 0.024284404 
780 206 14 22 0.024266314 
729 134 11 15 0.024238441 
355 89 13 17 0.024221536 
241 494 17 22 0.024218393 
794 147 12 14 0.024194038 
451 190 22 28 0.024184946 
592 87 9 12 0.024119727 
425 408 17 20 0.024094716 
926 279 15 18 0.02407574 
598 36 11 12 0.024071785 
798 103 11 13 0.024052981 
139 439 17 21 0.024016576 
435 394 14 16 0.024001779 
471 521 15 18 0.023974704 
984 197 15 20 0.023964722 
717 221 24 31 0.023937209 
169 200 23 29 0.023914756 
193 188 23 31 0.023856884 
876 236 12 16 0.02383361 
447 111 14 18 0.023784176 
565 231 14 19 0.023780817 
987 293 16 23 0.023757638 
179 260 18 24 0.02370376 
869 107 11 15 0.023516603 
121 402 24 31 0.023471443 
150 192 12 14 0.023432212 
895 91 14 15 0.02334516 
842 283 15 18 0.0233289 
675 228 25 37 0.023304436 
435 154 17 21 0.023254009 
774 109 10 13 0.023182802 
677 207 14 21 0.023105752 
985 255 26 36 0.023060752 
349 96 21 26 0.022998974 
62 139 14 18 0.022905027 
843 203 15 20 0.022820804 
887 267 14 17 0.022793371 
827 194 16 21 0.022666162 
610 212 15 21 0.02262743 
734 81 12 14 0.022593739 
217 381 18 23 0.022583207 
198 143 15 19 0.022570059 
374 410 32 43 0.022419201 
730 201 16 18 0.022387536 
516 140 13 17 0.022367904 
606 218 22 29 0.02230271 
413 98 13 17 0.022196734 
542 79 8 11 0.022153797 
893 381 11 12 0.02213714 
297 131 23 27 0.022114394 
170 256 16 23 0.02208458 
940 212 14 19 0.022055553 
947 313 25 33 0.022044443 
954 218 15 21 0.021891557 
277 136 15 18 0.02184578 
592 92 10 14 0.021844376 
763 184 14 17 0.021765256 
261 124 21 26 0.021735625 
232 378 23 31 0.021728484 
455 556 14 17 0.021708611 
910 37 11 13 0.021641092 
347 138 14 18 0.021640487 
492 152 16 19 0.021586522 
942 306 14 17 0.021560162 
715 198 15 18 0.021522108 
773 133 12 14 0.021474613 
122 419 16 21 0.021448057 
760 324 28 37 0.02142157 
878 192 15 19 0.021406695 
481 146 16 19 0.021376528 
424 164 11 17 0.021274162 
369 341 22 29 0.021249006 
551 104 11 14 0.021217834 
563 213 12 15 0.021204496 
542 102 9 12 0.02118933 
152 209 14 18 0.021187432 
406 216 23 30 0.021163622 
340 192 14 17 0.02114519 
975 242 23 35 0.021100167 
828 185 15 20 0.021014566 
753 254 16 20 0.020820199 
590 239 13 19 0.020807603 
394 184 24 30 0.020800358 
449 287 15 21 0.020775372 
381 349 17 25 0.020766223 
105 216 16 18 0.02075994 
402 261 26 26 0.020740861 
195 279 17 22 0.020595288 
433 79 17 19 0.02058862 
309 170 14 20 0.020518625 
558 132 11 15 0.02049046 
771 341 15 20 0.020430554 
724 197 14 19 0.020415349 
258 161 14 18 0.02037923 
411 227 21 28 0.020361898 
513 154 14 18 0.020350445 
906 132 16 21 0.020342294 
83 367 24 33 0.020293934 
661 215 16 17 0.020271493 
441 161 17 22 0.020253763 
492 234 18 21 0.020157738 
893 255 15 19 0.020156967 
562 274 26 30 0.020083936 
812 80 12 14 0.020049896 
437 388 13 16 0.020008074 
