2_Demonstration_Protesters_2_54
257
21 211 22 27 0.99020326 
418 101 16 22 0.987219 
333 66 16 18 0.9861649 
521 68 16 21 0.9846811 
314 144 17 20 0.9791975 
296 86 13 18 0.9621332 
172 162 17 22 0.959056 
150 208 21 24 0.9399983 
16 162 20 23 0.9269836 
808 106 17 20 0.92217547 
392 74 14 19 0.91135496 
679 126 17 21 0.91035634 
601 143 16 19 0.9071088 
440 135 16 22 0.8497282 
526 139 17 20 0.84964395 
548 58 15 17 0.81610084 
227 166 18 20 0.7916065 
873 139 13 18 0.78199595 
411 269 22 27 0.70393234 
364 78 13 16 0.61825454 
86 59 9 12 0.6165791 
279 54 9 11 0.5280217 
687 163 16 18 0.48300004 
73 99 12 15 0.46593383 
173 51 8 11 0.46038923 
328 108 12 15 0.34260887 
781 142 10 13 0.24099438 
103 86 10 12 0.22687308 
457 164 18 21 0.21734573 
207 105 14 18 0.21171217 
405 271 18 21 0.20679124 
372 149 11 14 0.19146818 
948 53 11 15 0.18920821 
348 106 11 14 0.16341953 
146 55 9 11 0.15626253 
347 226 23 30 0.1546856 
823 139 12 17 0.14736354 
524 146 20 25 0.14697415 
278 77 12 15 0.1376797 
632 182 11 16 0.13130559 
145 60 9 10 0.1056879 
590 106 12 15 0.10470051 
94 78 11 14 0.10324467 
144 168 17 21 0.10273651 
48 73 11 15 0.099393606 
250 143 17 20 0.09927677 
132 124 11 14 0.08997113 
429 224 14 18 0.08901261 
646 138 13 17 0.0888681 
459 316 17 20 0.08626978 
432 141 21 26 0.08191974 
159 65 8 9 0.07959833 
2 395 10 17 0.07913694 
620 163 15 19 0.06890451 
327 30 10 11 0.06870624 
287 29 9 11 0.06677462 
269 189 12 15 0.066519134 
312 30 10 11 0.06644793 
264 28 11 13 0.06512528 
784 137 9 12 0.06459018 
426 267 14 19 0.06394679 
107 87 11 13 0.063820206 
15 293 12 14 0.061166774 
279 28 10 11 0.06111991 
818 99 16 21 0.059046075 
80 83 12 14 0.058291174 
671 14 13 17 0.05814217 
798 117 12 16 0.057147685 
300 61 10 11 0.057026595 
100 79 10 14 0.056279864 
418 259 18 24 0.05627004 
502 111 12 15 0.05552186 
32 133 11 15 0.054744888 
221 156 17 22 0.054641206 
712 184 10 12 0.052702144 
540 141 12 16 0.051060945 
604 113 13 16 0.05054072 
381 56 14 17 0.050357293 
397 268 17 22 0.049814485 
828 97 15 19 0.049686804 
61 227 11 14 0.0490083 
150 61 9 10 0.048857335 
543 90 11 14 0.04795762 
331 101 14 18 0.047232118 
83 55 9 12 0.04706517 
350 44 13 14 0.04706154 
230 117 10 13 0.046921432 
301 56 9 10 0.046531565 
87 67 11 13 0.044407528 
538 120 14 17 0.04386782 
96 189 9 13 0.04379927 
59 91 13 17 0.043587036 
79 77 10 14 0.043209616 
284 258 11 14 0.043205515 
274 77 9 13 0.0431835 
317 30 10 11 0.043150865 
543 146 13 20 0.042915266 
292 30 10 11 0.042901542 
153 160 22 29 0.042592917 
262 85 10 13 0.04258405 
75 104 13 17 0.042211592 
191 125 10 13 0.041784417 
84 81 15 18 0.04160943 
403 125 22 28 0.041432813 
854 107 11 13 0.04107293 
457 302 9 12 0.040647127 
369 76 16 18 0.03996035 
269 34 12 15 0.039614424 
316 23 9 11 0.03957087 
206 95 10 13 0.03948572 
273 61 9 12 0.03907527 
1001 71 8 9 0.038688675 
806 183 11 13 0.038518213 
59 300 11 16 0.03845019 
272 132 12 16 0.038412824 
303 35 11 13 0.038407557 
783 173 12 14 0.038388316 
186 189 18 22 0.038254254 
651 143 15 18 0.03824138 
277 36 12 13 0.038226962 
754 184 15 17 0.038040128 
134 130 11 13 0.037966795 
492 122 11 16 0.037920214 
90 59 11 14 0.0378102 
145 69 8 11 0.037720826 
326 34 10 12 0.03740881 
270 84 10 14 0.03737853 
283 77 12 15 0.03727074 
788 133 10 14 0.03705472 
71 87 20 26 0.03691858 
182 69 8 11 0.03627361 
262 53 9 12 0.03608195 
444 334 14 16 0.035782613 
547 141 10 14 0.03569985 
272 123 10 14 0.035553053 
597 133 16 21 0.03531653 
319 35 10 12 0.035206195 
820 166 9 11 0.03486094 
488 174 12 14 0.03482066 
322 176 16 19 0.033745866 
150 69 9 11 0.033245176 
92 90 13 16 0.03323891 
840 211 11 15 0.033168603 
309 242 15 16 0.033092003 
329 22 9 11 0.033033874 
262 108 13 15 0.032987013 
56 86 9 13 0.03287211 
554 98 16 20 0.03227233 
563 178 13 17 0.03177978 
363 85 15 19 0.03176325 
268 24 12 12 0.03169125 
262 180 14 17 0.03152083 
269 92 10 13 0.031431504 
549 91 11 15 0.031418484 
286 122 15 18 0.031339105 
459 329 14 16 0.030477183 
201 87 10 11 0.030467657 
854 224 13 16 0.030264389 
850 218 24 31 0.030044926 
339 238 16 20 0.02985083 
293 181 20 25 0.029759325 
946 82 15 19 0.029751407 
941 48 20 25 0.029688193 
667 115 24 29 0.029559186 
284 54 9 11 0.02953068 
660 108 15 19 0.029327111 
597 110 12 14 0.029274773 
609 138 15 20 0.029248675 
467 308 15 18 0.029237945 
430 343 10 12 0.02917229 
143 210 19 21 0.029053109 
275 73 19 24 0.028942505 
614 123 14 18 0.028771779 
448 137 14 20 0.028716102 
246 122 13 17 0.028621526 
343 123 12 15 0.028490677 
128 118 12 16 0.028244907 
396 170 14 18 0.028242422 
655 112 13 17 0.028212775 
716 188 11 12 0.028055511 
320 61 10 13 0.027975217 
82 56 19 23 0.027840214 
174 59 9 11 0.027792802 
629 172 11 17 0.027384747 
88 74 20 23 0.027286349 
343 101 12 18 0.027252007 
321 106 12 16 0.027249705 
854 233 26 33 0.027128296 
73 76 11 13 0.027046205 
420 252 13 17 0.026868485 
330 145 15 19 0.026539976 
423 223 24 30 0.026339175 
297 55 9 11 0.02631387 
287 36 11 13 0.026273783 
414 176 15 19 0.026222918 
287 69 9 12 0.02612808 
47 103 10 12 0.026099334 
93 71 10 13 0.026050217 
874 125 16 18 0.026019277 
271 48 9 11 0.025710076 
270 116 11 16 0.025698636 
183 133 8 11 0.025623258 
318 89 12 15 0.025356447 
182 65 8 9 0.025017012 
269 146 13 18 0.024801135 
262 193 15 18 0.024800973 
941 88 15 19 0.024596727 
46 55 9 11 0.024397496 
429 360 13 16 0.024366857 
341 330 13 17 0.024263907 
293 23 9 11 0.024155762 
305 23 8 10 0.024050139 
60 86 11 14 0.023888517 
177 71 9 11 0.023790857 
231 124 13 15 0.023640538 
334 37 10 12 0.023544213 
246 49 12 15 0.023471816 
168 60 9 11 0.02336082 
294 36 9 12 0.023037678 
748 239 11 13 0.022945318 
599 125 13 16 0.022760345 
153 268 14 16 0.022717549 
257 138 17 21 0.022556715 
560 131 11 15 0.022470877 
70 84 13 16 0.022237416 
991 55 9 11 0.022095911 
262 33 13 15 0.021924816 
213 70 11 12 0.021714218 
176 77 9 11 0.021606687 
813 96 13 16 0.021579131 
146 50 9 11 0.021498471 
342 38 12 14 0.021458417 
546 86 21 26 0.021425376 
452 332 16 17 0.021389375 
882 132 13 17 0.02125614 
470 299 12 14 0.02120327 
286 62 9 12 0.02118667 
751 174 11 13 0.021172732 
941 77 15 18 0.021143936 
190 109 9 14 0.021097872 
235 60 12 13 0.02097258 
840 151 9 12 0.020925205 
264 62 8 11 0.020922555 
866 139 13 16 0.020892398 
404 177 13 17 0.020864045 
10 149 25 31 0.020846777 
860 101 10 13 0.02080504 
261 234 14 17 0.020725844 
678 301 9 13 0.020572487 
860 94 10 13 0.020452127 
275 187 13 18 0.020441756 
359 71 11 16 0.020407151 
343 116 11 15 0.020127857 
574 117 13 14 0.020090198 
256 81 8 10 0.020088 
780 153 14 17 0.02005439 
454 308 14 16 0.020001639 
