2_Demonstration_Demonstration_Or_Protest_2_30
40
597 77 20 26 0.8723077 
771 76 49 66 0.8450705 
436 62 18 21 0.3871143 
168 418 48 50 0.28714183 
148 410 27 38 0.17757574 
435 210 45 64 0.15461525 
153 405 47 55 0.08755011 
153 158 51 65 0.061449282 
514 332 29 30 0.059362914 
422 195 75 106 0.044097695 
237 568 14 20 0.043770205 
378 172 43 50 0.041047215 
645 272 37 36 0.038245376 
380 305 62 70 0.03035249 
441 73 14 18 0.030161314 
182 118 36 36 0.029203845 
123 588 13 14 0.02865162 
223 182 33 39 0.026426207 
184 558 9 13 0.025901925 
229 474 14 19 0.02539717 
452 221 48 69 0.02530337 
162 411 19 25 0.025169456 
82 220 16 17 0.02509799 
228 22 42 58 0.024716092 
655 435 42 61 0.024561312 
184 163 52 60 0.024237387 
443 53 14 20 0.024199564 
195 285 16 20 0.024145773 
198 125 52 60 0.024010025 
608 81 15 19 0.023999814 
259 447 17 20 0.023242814 
202 435 82 103 0.023197789 
118 261 25 32 0.022559753 
205 148 50 60 0.02170856 
433 26 97 121 0.021309992 
438 196 33 45 0.021208312 
194 87 45 52 0.02100689 
436 78 16 18 0.020955227 
451 200 30 52 0.020807404 
431 72 26 30 0.020385617 
