2_Demonstration_Political_Rally_2_137
142
13 371 81 123 0.9992119 
396 278 27 34 0.99773693 
906 276 29 36 0.9970619 
231 297 72 96 0.9967585 
758 272 32 41 0.9936208 
304 294 61 94 0.9922868 
651 271 38 52 0.9793615 
417 310 59 81 0.9753817 
931 266 25 32 0.9679446 
715 281 16 19 0.9139876 
789 279 26 35 0.8609648 
-1 308 21 38 0.82097536 
843 274 23 27 0.62179196 
564 320 35 53 0.5836035 
202 283 31 43 0.5028772 
741 333 29 36 0.2901693 
120 351 24 31 0.25641403 
607 320 36 54 0.24539004 
1008 280 13 19 0.23229423 
701 301 15 20 0.22611205 
61 308 25 32 0.22396399 
857 297 16 19 0.18828852 
181 282 38 46 0.18448554 
463 280 22 29 0.17121445 
492 167 11 13 0.15343833 
445 289 25 27 0.13458858 
637 161 13 17 0.12703912 
493 326 36 53 0.124860756 
369 330 51 68 0.11652409 
967 300 13 18 0.106106475 
470 279 26 35 0.09988689 
382 278 11 15 0.09284495 
813 346 14 19 0.09262924 
787 341 22 27 0.085245855 
474 335 28 49 0.083131105 
1012 259 10 16 0.07919406 
308 474 52 67 0.07656165 
465 275 16 21 0.07300738 
573 557 16 20 0.06721075 
104 348 30 34 0.06559829 
91 343 27 33 0.059562255 
849 287 19 21 0.059120797 
877 360 16 17 0.054894697 
504 152 8 11 0.054414734 
901 268 26 33 0.05423892 
552 324 29 47 0.053910147 
679 586 19 26 0.05344705 
116 355 17 21 0.052749038 
811 599 14 16 0.049844146 
216 162 11 14 0.04942444 
703 175 10 11 0.048918374 
475 174 9 11 0.048584007 
530 311 26 42 0.04801253 
712 180 9 12 0.047615424 
99 348 14 16 0.046961877 
510 178 13 17 0.04603298 
92 345 15 18 0.04421357 
1011 266 13 22 0.04367035 
134 400 46 61 0.043380328 
93 298 11 13 0.043056462 
111 355 46 60 0.041948456 
793 300 17 23 0.041748937 
123 371 45 65 0.041500155 
449 282 47 57 0.041288152 
899 577 18 19 0.041284535 
371 280 23 28 0.04110144 
623 300 39 56 0.040331945 
395 282 43 52 0.04032244 
189 167 12 14 0.037550174 
669 183 13 17 0.037182692 
458 189 11 12 0.03707751 
889 294 16 21 0.036819812 
537 333 26 46 0.036312506 
186 166 10 13 0.036112115 
581 323 34 51 0.035743084 
754 336 26 31 0.03485037 
913 187 47 62 0.03465979 
21 277 9 13 0.03429521 
431 299 32 34 0.034099504 
805 324 15 18 0.03325353 
1001 309 21 31 0.03251503 
109 352 17 22 0.03243675 
389 321 75 92 0.031914197 
490 171 10 11 0.03144577 
897 265 16 20 0.031390794 
800 341 21 28 0.030769475 
83 338 27 30 0.03057299 
709 175 11 13 0.030116573 
-1 315 31 50 0.030038668 
480 278 31 39 0.02984735 
897 583 25 27 0.029617216 
477 110 10 12 0.029334772 
869 322 23 28 0.029230883 
214 286 33 43 0.028982934 
839 279 16 22 0.028725399 
856 282 18 21 0.027829053 
703 181 10 10 0.027124539 
162 283 37 50 0.027104503 
738 273 14 19 0.026615996 
464 302 45 65 0.026390443 
727 143 9 11 0.025880357 
72 337 47 54 0.025503062 
353 483 54 71 0.025484681 
580 308 29 41 0.025310235 
454 175 12 15 0.025238758 
440 115 10 12 0.025009066 
195 170 12 14 0.024796003 
445 287 15 17 0.024756245 
454 158 10 12 0.024366314 
1014 350 10 15 0.02425293 
507 318 42 55 0.024002386 
343 316 49 66 0.02395742 
375 278 14 17 0.02387892 
570 341 33 48 0.023776898 
599 174 8 11 0.02367763 
333 487 48 69 0.023661774 
1012 156 10 17 0.023377938 
113 482 29 45 0.022825535 
69 469 215 195 0.022766095 
845 603 17 18 0.022728086 
1010 322 12 18 0.022637622 
458 180 12 15 0.022582933 
801 328 23 28 0.022494229 
429 283 13 16 0.022391189 
371 300 44 63 0.022150833 
964 293 13 19 0.022122081 
585 170 10 13 0.021916963 
386 273 25 35 0.021912677 
870 285 12 17 0.021841843 
478 230 48 57 0.021565488 
846 595 16 17 0.021398555 
960 444 8 12 0.021165598 
615 302 30 43 0.020885274 
901 238 11 16 0.020791965 
521 224 9 11 0.020782016 
208 243 13 16 0.020684939 
152 418 50 59 0.020662798 
199 147 9 11 0.020391883 
958 292 12 16 0.020144414 
1009 406 10 13 0.020123107 
457 293 20 24 0.020111607 
190 159 9 11 0.020001404 
