2_Demonstration_Demonstration_Or_Protest_2_471
45
173 169 89 122 0.99963236 
586 284 61 78 0.9991731 
750 222 71 90 0.9977024 
652 333 41 50 0.8265876 
398 219 43 52 0.7538963 
86 153 58 95 0.6823174 
220 414 33 42 0.6705302 
431 455 29 38 0.62104774 
438 271 38 51 0.61034864 
817 447 26 32 0.3787324 
618 450 23 32 0.35843676 
573 354 34 40 0.35510102 
449 510 27 37 0.29886267 
414 515 30 37 0.26766554 
591 495 23 29 0.18312268 
347 173 26 31 0.1581506 
648 354 39 45 0.07985565 
500 188 23 32 0.07315228 
472 411 23 32 0.07252732 
515 152 16 22 0.0694752 
707 171 24 32 0.06265376 
481 274 39 49 0.055860132 
514 152 27 38 0.04881316 
578 322 53 62 0.047042806 
14 632 15 20 0.04411253 
111 14 61 67 0.043634135 
861 146 46 37 0.04067806 
1007 643 10 15 0.040573616 
457 237 12 14 0.03893691 
135 153 96 123 0.035546407 
1010 656 13 20 0.032959733 
202 479 29 41 0.032222506 
453 504 15 19 0.03130396 
374 521 24 32 0.030680925 
490 195 24 33 0.029392807 
474 244 14 15 0.028767657 
501 173 26 36 0.026707435 
237 309 39 46 0.02646983 
494 156 44 69 0.025394535 
476 133 73 111 0.024289655 
504 317 42 57 0.022453036 
486 531 14 19 0.022221517 
337 166 41 50 0.02188306 
16 623 12 15 0.021711765 
466 238 23 26 0.02116943 
