2_Demonstration_Protesters_2_370
33
700 180 61 71 0.9987196 
504 214 59 75 0.9928221 
577 238 68 75 0.9919152 
43 269 43 53 0.98898274 
125 247 38 48 0.9813286 
259 239 56 60 0.9548514 
453 224 24 31 0.91636974 
210 239 26 32 0.8054903 
335 221 46 73 0.63255036 
414 234 29 41 0.1814367 
525 510 63 60 0.1088593 
307 224 45 67 0.096100636 
352 239 57 72 0.086265594 
451 220 19 22 0.060172196 
679 221 13 18 0.05627871 
438 211 36 46 0.055974454 
422 217 37 49 0.050883174 
203 215 41 55 0.04502145 
1009 368 14 25 0.04178367 
562 827 33 31 0.03613095 
445 316 25 31 0.035619184 
458 282 25 29 0.03477741 
622 323 128 129 0.03364743 
445 222 18 26 0.031321827 
658 219 41 57 0.03127193 
999 356 22 40 0.031088497 
532 226 71 85 0.029408902 
581 305 100 148 0.024301382 
571 240 39 41 0.023094663 
570 192 34 42 0.022734981 
-44 497 385 427 0.02084989 
648 236 18 25 0.020473802 
464 272 40 51 0.02006879 
