2_Demonstration_Political_Rally_2_319
768
618 457 33 46 0.99609166 
392 466 26 34 0.99448484 
116 446 23 29 0.9886479 
666 445 25 32 0.9841579 
157 486 24 36 0.978113 
716 531 29 51 0.92304134 
459 436 16 26 0.89092255 
137 685 23 38 0.88471353 
46 567 23 45 0.8496706 
192 412 18 23 0.76095974 
0 395 11 17 0.7066455 
175 419 13 16 0.68441033 
308 422 13 16 0.6545448 
857 432 15 23 0.5815503 
876 388 9 12 0.58067864 
182 384 12 14 0.5789905 
158 386 13 17 0.5574536 
465 391 19 23 0.55645734 
261 377 12 15 0.52873135 
838 572 41 63 0.5163155 
57 459 21 29 0.5106185 
345 366 9 11 0.493257 
220 394 13 16 0.47110704 
807 449 18 23 0.46425554 
238 398 12 16 0.45335978 
511 480 16 21 0.44894752 
35 391 11 13 0.41469508 
198 381 11 14 0.39581576 
493 381 15 18 0.394006 
24 366 9 11 0.38798836 
730 477 26 30 0.38786116 
748 404 10 15 0.38227478 
845 399 9 12 0.36434323 
243 379 12 15 0.3635233 
723 399 11 13 0.35448456 
997 489 16 23 0.34381613 
275 450 14 21 0.34028676 
42 436 17 22 0.33757633 
73 350 8 11 0.27929443 
323 396 15 19 0.27826917 
320 342 10 12 0.2738432 
985 360 9 11 0.27290788 
279 444 24 31 0.27105302 
244 373 12 15 0.2659957 
174 413 12 16 0.2574957 
269 356 10 13 0.25186506 
312 379 12 14 0.24428743 
782 419 10 14 0.2411415 
223 350 8 11 0.23786229 
833 466 16 19 0.23685975 
380 416 17 22 0.23162787 
952 398 12 17 0.22692718 
686 405 10 13 0.22626851 
266 354 10 12 0.218193 
45 457 23 30 0.21569926 
79 391 9 12 0.21436301 
109 371 9 12 0.21277216 
764 420 13 16 0.21156657 
56 371 9 12 0.2093629 
234 359 9 12 0.20667535 
208 444 23 27 0.19691388 
299 478 15 23 0.19492522 
147 412 11 14 0.17270145 
375 359 8 10 0.17066702 
424 366 10 11 0.16656299 
247 369 9 11 0.16462493 
386 410 15 19 0.16324326 
555 390 16 21 0.16079524 
895 394 13 15 0.15981148 
183 356 8 12 0.15934598 
926 375 8 11 0.15862678 
80 396 10 14 0.15806323 
967 365 7 9 0.15118125 
335 413 10 14 0.15087688 
388 405 13 16 0.15049532 
862 377 8 10 0.14962482 
582 523 34 45 0.1452538 
399 364 8 10 0.13886239 
192 358 9 12 0.136473 
106 369 8 10 0.13326849 
436 411 14 18 0.1293497 
502 419 27 42 0.12920602 
136 367 8 10 0.12650299 
894 359 7 9 0.12615524 
966 374 9 12 0.12564899 
793 396 9 11 0.12470017 
739 472 27 33 0.12219818 
873 413 11 14 0.12126283 
542 445 25 32 0.120604746 
88 367 9 11 0.120383345 
191 335 6 8 0.12037767 
252 403 14 18 0.11980061 
30 463 14 19 0.11947233 
128 375 9 12 0.11934581 
798 397 9 12 0.11932976 
873 384 10 12 0.11719717 
0 331 8 12 0.11703971 
752 392 8 11 0.11642981 
222 399 14 20 0.116310254 
23 359 9 12 0.11593967 
190 382 10 14 0.11360705 
801 404 10 13 0.11331148 
302 359 9 12 0.11206857 
1000 352 8 9 0.109487444 
72 355 9 11 0.108744726 
1013 382 9 12 0.10783415 
273 466 24 33 0.10713022 
287 375 9 12 0.10501284 
370 357 9 11 0.10424115 
830 384 8 10 0.10385141 
255 333 9 11 0.10384745 
508 370 10 14 0.10369878 
341 411 14 20 0.10226472 
272 452 23 31 0.101890005 
143 371 10 13 0.101772375 
406 360 8 9 0.10122492 
982 382 10 12 0.10013517 
880 373 9 10 0.10012738 
540 450 17 23 0.09912281 
865 396 10 12 0.09893547 
330 326 8 11 0.09863004 
359 208 10 13 0.097536124 
54 319 8 10 0.097389005 
202 379 13 16 0.09720662 
239 390 11 15 0.09630284 
856 390 9 11 0.09540761 
165 365 9 11 0.09484422 
744 374 9 11 0.09465993 
750 398 10 16 0.09389179 
431 445 19 27 0.09147867 
223 345 8 10 0.091470964 
237 364 10 12 0.09142963 
284 358 8 11 0.09135898 
242 401 13 19 0.09123351 
310 358 9 10 0.09111066 
815 392 8 10 0.08964042 
1008 367 8 9 0.08944392 
863 406 10 12 0.08911305 
5 368 8 11 0.08888148 
825 435 10 14 0.08872428 
30 320 8 9 0.08832292 
331 403 12 17 0.087290734 
110 450 17 22 0.087221704 
40 446 25 31 0.08707586 
315 419 11 17 0.086333804 
963 401 15 17 0.08517615 
382 358 8 11 0.08486274 
735 421 11 16 0.084048815 
76 381 10 12 0.08387708 
678 347 12 15 0.08349237 
229 402 13 19 0.08251623 
95 386 13 16 0.08130193 
257 328 8 10 0.08127488 
891 429 21 27 0.080975205 
326 392 10 14 0.080652885 
0 371 10 13 0.080526665 
311 520 21 36 0.08011287 
455 374 10 13 0.07940245 
389 398 10 14 0.078055665 
89 358 10 11 0.07775292 
864 438 16 22 0.0766186 
16 350 8 10 0.07642185 
365 421 12 18 0.07641522 
369 341 9 12 0.07582706 
892 441 16 21 0.075344525 
280 343 8 9 0.07494125 
297 352 8 10 0.074909896 
830 430 11 16 0.07394604 
89 352 8 10 0.07332944 
833 367 7 9 0.07325244 
1001 357 8 9 0.07276779 
10 349 9 11 0.07264059 
207 365 9 11 0.07209153 
320 401 12 18 0.0718339 
262 319 7 9 0.07119937 
179 413 13 18 0.070459954 
971 396 14 17 0.0702985 
799 359 7 9 0.06985515 
169 410 11 15 0.06922115 
684 408 14 20 0.069181435 
269 442 18 24 0.06903021 
197 358 9 12 0.068954214 
890 358 8 10 0.068791874 
198 351 9 10 0.068769366 
73 304 8 10 0.06803211 
369 349 9 11 0.06746698 
121 382 10 13 0.06739554 
724 479 19 23 0.06718759 
61 367 9 11 0.06703974 
509 419 14 22 0.06697621 
961 361 7 10 0.06688831 
248 344 8 9 0.06662839 
845 435 21 29 0.06652824 
619 329 13 17 0.06632762 
858 382 9 10 0.066279225 
159 366 11 12 0.06627839 
64 319 7 9 0.06576022 
438 408 20 27 0.06536803 
486 418 22 33 0.065283276 
303 412 14 17 0.065090634 
951 382 9 13 0.06470731 
897 404 11 14 0.0646609 
248 334 8 10 0.06443563 
765 406 11 15 0.06415887 
38 411 10 13 0.06406321 
346 414 16 20 0.06371187 
816 366 9 10 0.063574664 
745 380 9 11 0.06353621 
775 414 10 15 0.06333696 
202 343 7 9 0.06257616 
207 342 7 9 0.06242615 
416 365 8 12 0.062365606 
350 450 16 20 0.06218184 
204 375 11 13 0.06207669 
870 407 10 11 0.061900668 
326 407 13 18 0.06176091 
372 404 10 14 0.061139874 
814 396 9 12 0.061069027 
461 365 9 12 0.06058297 
595 404 16 20 0.060120773 
295 363 11 14 0.05975845 
279 351 11 13 0.059411965 
351 317 8 9 0.059067883 
889 353 7 9 0.058657896 
575 443 13 18 0.058650985 
193 362 10 13 0.058559693 
897 427 14 18 0.058424048 
743 439 14 18 0.058060013 
807 380 9 11 0.057818726 
41 365 8 11 0.057655387 
5 372 10 13 0.05762661 
222 355 10 12 0.056840174 
298 333 8 10 0.056501396 
177 386 12 15 0.05649035 
218 309 9 12 0.0561921 
807 359 8 9 0.056189418 
551 425 25 34 0.056168687 
7 327 8 12 0.055745553 
369 335 8 11 0.05555236 
953 375 8 11 0.055516694 
286 364 10 13 0.05549042 
841 401 10 13 0.05519132 
592 434 24 31 0.055168632 
710 391 9 12 0.0550428 
774 424 12 15 0.05491194 
710 419 11 14 0.054803178 
25 320 8 10 0.054594032 
286 464 24 35 0.05452376 
12 395 10 15 0.054370366 
40 359 9 11 0.054244813 
292 374 11 13 0.05420122 
988 364 9 11 0.05408635 
743 407 13 17 0.054060597 
971 523 32 35 0.05395013 
677 334 13 17 0.05364351 
315 341 9 12 0.053628262 
196 408 13 16 0.052760225 
109 395 10 13 0.052251257 
823 368 7 9 0.05193737 
318 388 12 15 0.05180657 
206 397 12 15 0.051211894 
1004 483 15 24 0.05107563 
534 394 13 16 0.050987277 
990 374 9 11 0.05070021 
838 366 7 10 0.050687697 
692 374 8 11 0.05060236 
64 451 23 33 0.05034128 
786 421 11 14 0.050220024 
278 320 8 9 0.050097227 
407 468 24 30 0.049994517 
912 343 9 12 0.0499681 
313 351 8 10 0.049834244 
253 367 9 11 0.049817547 
848 352 7 9 0.049794544 
1007 358 8 10 0.049655695 
119 389 9 12 0.04942207 
198 363 10 12 0.049329005 
262 334 8 10 0.049294874 
15 334 9 10 0.049223274 
754 460 22 31 0.049201332 
222 375 9 11 0.049199842 
801 411 10 14 0.04918959 
134 372 10 12 0.048874266 
239 326 8 10 0.04851805 
273 363 10 12 0.048302576 
879 342 6 8 0.04819231 
796 392 9 11 0.047907997 
880 358 7 8 0.047498245 
104 349 8 11 0.047354437 
282 477 17 23 0.04679139 
473 389 16 19 0.046772376 
241 412 21 29 0.046758007 
247 349 9 11 0.046593238 
818 457 14 21 0.046575725 
474 417 24 34 0.046495855 
528 390 11 14 0.046420444 
823 349 7 9 0.04591605 
396 412 13 17 0.04581034 
70 403 12 16 0.045743395 
368 381 10 13 0.04554249 
525 435 14 19 0.04535972 
523 371 13 15 0.04530745 
384 352 8 10 0.04524747 
261 384 14 18 0.045196258 
78 375 9 12 0.04497878 
371 419 19 26 0.044948716 
131 405 15 17 0.044940487 
285 343 7 9 0.044922415 
1001 366 8 11 0.04479853 
101 388 11 14 0.044619698 
822 345 7 9 0.044614576 
896 365 7 9 0.044592444 
397 419 14 19 0.04454488 
552 446 25 37 0.044234883 
885 389 10 13 0.044120777 
40 348 10 12 0.044032495 
709 412 12 15 0.0440302 
61 373 10 12 0.043998953 
881 369 8 9 0.043985885 
951 388 12 17 0.043963604 
960 531 48 55 0.04394361 
268 380 10 13 0.043817908 
151 368 8 12 0.043746762 
304 480 18 24 0.043732617 
791 365 8 11 0.04371829 
53 326 9 10 0.043682303 
255 378 12 16 0.043677557 
281 336 7 9 0.043573845 
703 390 11 13 0.04356052 
394 364 8 11 0.043354362 
717 410 12 15 0.043343432 
271 336 8 10 0.043343265 
825 384 8 10 0.04329697 
272 342 8 9 0.043228116 
610 326 19 27 0.043103702 
77 400 12 16 0.04305534 
184 336 8 9 0.043047566 
974 375 8 11 0.04302023 
360 470 24 32 0.04300717 
193 353 8 10 0.042980418 
319 337 8 11 0.042972453 
345 479 23 26 0.042941585 
209 337 7 9 0.042806443 
14 327 8 10 0.042625498 
733 389 9 12 0.042596474 
9 343 9 12 0.04251112 
859 375 8 10 0.042459626 
447 410 21 32 0.04234149 
871 382 18 24 0.042172797 
649 335 10 12 0.042129934 
286 335 7 9 0.042054176 
879 394 10 12 0.04194209 
570 533 30 41 0.041770414 
886 396 10 12 0.04171705 
528 437 28 34 0.041682437 
369 478 23 30 0.041425046 
450 373 10 13 0.04131278 
118 367 8 10 0.041280534 
984 375 9 12 0.041140303 
383 334 7 9 0.041071642 
284 351 9 11 0.041008357 
911 413 9 14 0.040997002 
73 344 9 12 0.04088435 
956 390 14 18 0.04071535 
765 523 39 56 0.040704776 
693 382 9 11 0.040704366 
393 360 7 9 0.04036414 
21 351 8 11 0.04023739 
757 402 12 16 0.040166646 
92 367 10 11 0.04010896 
861 422 12 17 0.039869428 
273 326 8 10 0.03966877 
1013 374 10 15 0.039663263 
40 304 7 9 0.039437067 
431 352 10 12 0.03942097 
358 368 8 11 0.039401565 
280 380 10 13 0.039254345 
922 379 10 12 0.039161585 
744 399 11 16 0.03908286 
222 326 8 9 0.038935196 
612 337 12 16 0.038913067 
864 337 8 10 0.038910896 
454 492 22 35 0.03883783 
848 367 7 9 0.038778726 
818 344 8 9 0.03867552 
358 419 13 17 0.038454067 
177 353 8 10 0.0383915 
80 327 7 9 0.038319256 
602 439 15 20 0.03830552 
193 376 20 24 0.038287 
382 375 8 11 0.03790039 
162 391 14 17 0.037796635 
268 434 17 20 0.037678406 
886 367 8 9 0.03767038 
240 342 8 10 0.037628073 
158 373 11 13 0.03734017 
66 468 16 20 0.03730864 
298 342 7 10 0.037247445 
161 496 31 40 0.03716894 
489 385 14 18 0.03703046 
285 400 14 18 0.036896154 
117 394 11 14 0.036791187 
520 364 11 14 0.03675431 
80 334 8 10 0.036729626 
959 379 11 14 0.036714837 
65 325 8 10 0.03668215 
699 402 16 19 0.03653713 
224 380 10 14 0.03651591 
958 342 7 10 0.03649536 
730 536 36 50 0.03641727 
94 351 8 11 0.03637279 
311 384 14 17 0.036303338 
900 423 12 14 0.03627631 
517 429 27 35 0.036026902 
799 365 8 10 0.035992574 
104 395 11 14 0.035936665 
719 394 18 22 0.035827074 
608 340 11 13 0.03579199 
214 366 8 10 0.035697937 
9 332 8 11 0.03553006 
293 468 14 21 0.035527255 
139 407 18 22 0.03538618 
534 335 8 10 0.035195477 
206 360 8 10 0.035110362 
96 474 12 18 0.035040785 
166 373 10 13 0.034875657 
975 380 10 13 0.034852248 
791 342 8 10 0.03481383 
232 320 8 10 0.03476021 
897 527 33 46 0.034758586 
398 341 9 11 0.03474723 
208 326 8 10 0.034600098 
604 359 10 13 0.034577295 
807 398 10 13 0.03456444 
406 364 10 12 0.03446113 
289 443 20 24 0.034365382 
846 392 10 13 0.03431854 
175 496 28 35 0.034178246 
825 471 25 31 0.034145545 
56 312 8 10 0.034138124 
16 342 9 12 0.03400019 
871 341 8 10 0.033937555 
972 388 13 16 0.03393077 
112 333 7 9 0.03385468 
318 358 8 10 0.03384447 
349 372 10 12 0.033758245 
815 360 8 9 0.03375336 
433 334 9 10 0.033723544 
989 493 18 21 0.033639167 
691 402 13 19 0.033485357 
175 374 11 13 0.03329995 
46 381 10 14 0.033249278 
674 333 21 30 0.033165056 
124 687 42 58 0.033143476 
214 335 7 9 0.033128414 
866 418 21 27 0.03305827 
856 563 47 70 0.033033606 
302 352 8 10 0.03295711 
853 396 10 12 0.03292569 
861 411 12 14 0.032822497 
368 328 8 10 0.03279933 
335 348 8 11 0.032684922 
793 382 9 11 0.032666072 
381 469 23 32 0.032511827 
72 387 12 14 0.03249989 
54 377 10 15 0.03247613 
358 372 10 12 0.032432966 
62 410 14 17 0.032338914 
193 375 9 12 0.03227705 
996 405 13 16 0.032246143 
180 389 15 18 0.032231957 
103 343 8 10 0.03202952 
455 498 35 51 0.03200865 
750 533 32 43 0.032005154 
512 522 38 51 0.03191189 
764 457 15 26 0.031906057 
800 541 42 60 0.031889226 
240 321 7 9 0.0318473 
163 383 12 15 0.031785287 
961 374 9 12 0.03173805 
215 390 13 17 0.031728238 
237 524 38 53 0.03170558 
221 319 9 10 0.031689927 
177 366 8 11 0.031586304 
230 343 7 9 0.031576876 
406 379 13 15 0.03155137 
47 333 9 10 0.031410635 
215 326 8 10 0.031392243 
750 350 10 13 0.031251676 
314 336 8 10 0.03124622 
807 421 9 11 0.031233795 
853 448 13 19 0.031152897 
62 312 8 10 0.031130413 
544 359 9 11 0.031050215 
501 424 15 23 0.031023078 
780 423 14 18 0.031000212 
279 326 8 9 0.030935965 
234 326 7 10 0.030918436 
336 367 8 10 0.030782143 
877 406 10 13 0.030714504 
296 327 9 11 0.03070167 
457 367 11 13 0.030699855 
383 327 7 10 0.03066232 
837 427 13 18 0.030649215 
513 425 16 23 0.03059735 
952 342 10 12 0.030597279 
31 325 9 10 0.030596038 
793 359 7 10 0.030562928 
680 446 23 29 0.030490454 
198 537 35 37 0.0304764 
578 438 23 29 0.030446323 
835 441 23 30 0.030391175 
230 421 12 16 0.030350327 
854 424 12 16 0.030281052 
200 327 8 9 0.030180067 
63 378 11 14 0.030052887 
479 385 22 27 0.029938787 
379 484 16 23 0.029882414 
974 367 8 9 0.029859995 
288 451 26 35 0.029855464 
241 334 7 10 0.029805236 
965 387 14 17 0.029610496 
1012 386 11 15 0.029538676 
594 409 23 27 0.029536124 
823 442 12 17 0.02949865 
182 364 9 12 0.029483214 
122 469 27 33 0.029392814 
865 360 7 9 0.029390486 
465 398 25 33 0.029303698 
997 382 10 12 0.029189965 
327 511 37 53 0.028960703 
856 406 9 11 0.028957698 
407 371 12 14 0.028842838 
507 438 30 42 0.028737301 
265 506 12 16 0.02868277 
496 408 22 30 0.028623655 
858 335 7 10 0.028618323 
70 376 10 13 0.028606126 
71 320 8 10 0.028539345 
945 383 10 13 0.028534027 
131 414 16 19 0.028518671 
946 556 48 52 0.02842899 
715 418 13 16 0.028313287 
216 343 8 11 0.028249245 
693 443 23 31 0.028219985 
273 321 8 10 0.027956251 
991 350 9 11 0.027908865 
423 486 23 35 0.02789107 
807 353 7 8 0.027858654 
15 372 10 13 0.02785599 
997 388 10 13 0.027734302 
909 419 11 14 0.027582329 
71 397 12 16 0.027331995 
523 529 14 24 0.027322616 
248 406 20 26 0.027203579 
906 430 23 29 0.027139049 
991 398 10 13 0.027048802 
745 389 9 12 0.027043346 
682 398 10 15 0.027036082 
815 404 10 12 0.026966652 
871 367 7 9 0.026964413 
308 405 14 17 0.026924232 
510 459 24 36 0.026887462 
21 335 8 10 0.02687817 
872 359 7 8 0.026860278 
849 358 7 10 0.026806327 
493 386 21 26 0.026717195 
793 374 8 10 0.026602639 
270 386 11 16 0.026577312 
451 405 13 18 0.026551045 
97 335 8 9 0.026535137 
733 396 10 14 0.02649928 
277 361 13 15 0.0264236 
799 374 8 11 0.026411539 
35 458 18 24 0.026393766 
983 351 10 12 0.026337495 
901 411 11 14 0.026301006 
183 342 8 9 0.0262963 
493 410 16 20 0.02628009 
39 384 10 13 0.02626619 
905 351 7 9 0.026184566 
217 316 10 12 0.026184238 
347 405 16 20 0.026162835 
414 360 8 11 0.026109213 
400 372 9 12 0.026003728 
915 497 40 48 0.025977077 
39 320 8 9 0.025945809 
24 325 8 10 0.025883267 
318 409 12 19 0.025829373 
195 419 24 28 0.025785204 
453 403 23 34 0.025728649 
911 389 8 11 0.025719645 
6 356 9 12 0.02566776 
103 452 16 23 0.02564142 
799 353 7 9 0.025469573 
264 344 8 9 0.025353655 
902 367 8 10 0.025312157 
925 407 10 13 0.025255593 
25 455 10 14 0.025247201 
833 360 9 10 0.025197236 
229 352 9 10 0.025187317 
533 369 14 16 0.025181342 
683 334 10 14 0.025157068 
748 465 17 23 0.025032934 
130 368 7 11 0.025016356 
168 482 29 38 0.025006156 
232 335 7 10 0.024997707 
524 377 13 17 0.024990354 
223 336 8 9 0.024980454 
43 386 12 16 0.024932357 
917 429 16 18 0.02491398 
787 426 13 16 0.024887003 
353 455 18 21 0.024866527 
828 442 13 19 0.024812225 
734 383 9 12 0.02475225 
809 300 98 132 0.0247356 
760 423 14 19 0.024715407 
609 332 11 16 0.024663564 
1005 352 9 11 0.024562301 
839 391 8 11 0.024544483 
176 321 7 9 0.024493221 
200 336 7 9 0.024473693 
20 361 19 23 0.02447204 
387 420 16 23 0.02444802 
458 372 13 16 0.02443126 
958 337 8 10 0.024395578 
831 420 12 16 0.024394216 
519 360 9 12 0.024388382 
473 516 26 43 0.024372237 
366 411 13 18 0.024271768 
719 481 15 20 0.024222659 
1004 406 11 15 0.024217593 
46 343 10 11 0.024153672 
760 412 13 16 0.024093134 
552 543 32 37 0.024058528 
238 548 12 16 0.023999983 
328 322 8 10 0.023775391 
550 392 24 32 0.023770567 
725 391 13 14 0.023713103 
296 320 7 10 0.02368771 
466 486 22 35 0.023655495 
605 348 11 14 0.023607492 
354 460 25 30 0.0235365 
393 340 9 11 0.023457212 
627 326 11 14 0.023392437 
739 419 13 17 0.023389993 
507 377 12 16 0.023384724 
93 372 9 11 0.023369156 
794 350 7 10 0.023235757 
723 409 14 19 0.023156969 
911 382 8 11 0.02315448 
8 319 8 10 0.023139192 
823 374 8 10 0.023134407 
255 341 8 10 0.023115933 
462 359 9 13 0.023089726 
582 411 12 17 0.023089327 
799 419 11 13 0.023073286 
734 403 11 15 0.023059765 
879 352 7 9 0.02302247 
304 374 11 13 0.023018263 
744 367 10 13 0.022995671 
892 391 20 23 0.022982396 
128 409 14 18 0.022934549 
871 376 8 10 0.02293241 
717 391 13 16 0.022922743 
259 411 14 17 0.022921087 
15 319 8 10 0.02287899 
694 386 12 15 0.02287327 
702 395 13 16 0.022870317 
650 340 10 12 0.022848519 
223 365 9 11 0.022831097 
247 320 8 9 0.022678452 
918 412 11 14 0.022640923 
193 450 30 32 0.022634558 
950 519 46 52 0.022562943 
216 304 9 12 0.022555728 
650 472 16 22 0.02253599 
18 357 8 11 0.022535171 
955 401 25 28 0.022525322 
104 335 8 9 0.022433992 
885 521 32 37 0.022433346 
262 457 14 17 0.022359513 
496 369 18 23 0.022353347 
356 475 17 23 0.022351883 
627 419 17 22 0.022309782 
932 374 9 11 0.022293335 
997 399 11 13 0.022286912 
588 332 10 12 0.022201778 
262 452 23 30 0.022200108 
302 342 7 10 0.022180462 
499 404 13 18 0.022162352 
733 413 12 17 0.022162281 
26 459 12 17 0.022149624 
808 390 9 12 0.022132086 
772 458 14 23 0.02210291 
38 310 8 9 0.022066515 
953 358 8 11 0.02206137 
78 321 8 9 0.021931596 
1012 366 9 13 0.021902906 
247 328 8 11 0.021889266 
413 380 12 15 0.021877808 
176 325 8 10 0.02186824 
786 412 13 17 0.021768019 
333 381 12 14 0.021724334 
328 332 9 11 0.0217015 
381 364 9 11 0.02169591 
941 413 11 14 0.021533167 
754 445 22 32 0.02147525 
97 460 22 30 0.021464888 
109 427 12 17 0.021464244 
229 390 12 15 0.021450412 
256 312 8 9 0.021439482 
18 365 9 12 0.021437401 
1 302 6 10 0.02143582 
38 333 10 11 0.021429336 
791 403 10 14 0.021410426 
314 326 7 10 0.021410102 
27 372 10 13 0.021372873 
998 373 9 12 0.021336807 
20 613 54 69 0.021327365 
702 345 40 55 0.021267312 
119 374 10 12 0.021265594 
493 431 14 24 0.021259015 
640 606 34 45 0.02120812 
329 366 9 11 0.021145042 
150 392 14 19 0.021122362 
389 392 11 13 0.021075582 
214 373 9 13 0.021072375 
807 364 8 11 0.021025566 
79 454 21 30 0.021000415 
840 344 7 9 0.020964319 
502 344 8 10 0.020954113 
38 327 9 11 0.020939555 
847 428 14 21 0.020911142 
521 393 24 29 0.020882793 
192 342 7 10 0.020879788 
156 412 11 15 0.020857174 
32 386 17 22 0.020832498 
980 396 11 15 0.02077794 
847 314 101 132 0.02075575 
948 375 21 28 0.020697286 
919 398 10 12 0.02066452 
909 406 10 13 0.020617273 
839 373 8 10 0.020581279 
291 400 21 27 0.020571597 
32 404 12 17 0.020570122 
1011 367 19 27 0.020526744 
552 336 8 10 0.02049962 
77 308 9 11 0.020480987 
873 352 7 9 0.020464422 
199 439 25 27 0.020461472 
936 422 11 13 0.020444294 
278 386 12 16 0.020408276 
71 364 9 11 0.02037851 
707 402 14 18 0.020360913 
164 518 43 50 0.02034159 
990 380 10 13 0.020327939 
20 226 195 232 0.020308757 
869 410 19 24 0.020294229 
40 373 9 12 0.020213462 
709 424 15 19 0.020187657 
332 387 12 15 0.020168552 
686 387 11 16 0.020153878 
991 345 9 10 0.020036811 
879 382 19 25 0.020035908 
80 368 9 10 0.020021018 
29 360 9 11 0.020020485 
363 429 17 21 0.020010201 
