2_Demonstration_Demonstration_Or_Protest_2_644
186
146 181 26 33 0.999076 
101 237 29 41 0.99839646 
232 65 25 32 0.99714583 
821 278 23 29 0.9930883 
878 309 28 36 0.9885156 
767 287 25 34 0.9838314 
331 89 21 30 0.9810751 
931 275 22 28 0.9737316 
175 173 21 28 0.9456949 
852 272 19 24 0.93813246 
20 32 19 22 0.93135095 
834 141 18 24 0.903164 
644 238 19 23 0.845497 
403 240 21 26 0.8446518 
489 315 18 24 0.78110033 
655 274 27 33 0.7211978 
369 247 22 27 0.714895 
427 230 22 31 0.6668393 
966 263 31 37 0.66392463 
653 293 25 36 0.6074581 
295 236 13 19 0.58458996 
715 246 22 34 0.55597013 
560 278 24 31 0.47622114 
571 122 14 19 0.4570834 
237 219 14 20 0.39556047 
519 274 21 27 0.39365032 
540 195 16 19 0.36380097 
203 55 24 37 0.2971829 
475 294 16 21 0.28773716 
418 236 22 30 0.2532021 
211 49 14 18 0.23608597 
270 285 20 31 0.23343158 
553 244 16 20 0.21038243 
700 259 25 36 0.20585968 
523 266 16 20 0.19602302 
513 247 16 19 0.17265022 
594 273 14 21 0.1682524 
315 154 17 23 0.15629208 
445 283 17 22 0.14341372 
503 197 12 15 0.14013292 
474 161 15 18 0.13822626 
384 246 17 22 0.13315834 
562 152 46 64 0.12213375 
525 150 17 21 0.10480844 
478 276 15 17 0.10391515 
478 305 22 26 0.1019391 
164 175 21 29 0.10046901 
865 432 37 35 0.09675324 
171 292 16 18 0.09339673 
470 209 13 16 0.08539435 
478 187 13 16 0.08150943 
354 248 24 30 0.080104046 
475 283 17 21 0.07811799 
214 63 27 33 0.07658875 
640 114 11 15 0.07374732 
867 351 27 34 0.073478684 
436 229 14 21 0.071511164 
504 227 11 17 0.07149816 
342 315 12 15 0.071340755 
317 91 26 33 0.06900805 
502 267 11 16 0.06241389 
732 96 15 18 0.061215363 
644 112 14 17 0.058897387 
498 243 13 19 0.056675937 
658 268 21 24 0.05544872 
710 245 17 27 0.055350795 
542 268 15 21 0.05513929 
223 170 14 19 0.05450998 
535 111 86 127 0.05245205 
538 152 15 21 0.04847595 
461 231 15 20 0.04841909 
805 177 13 16 0.048240967 
159 293 29 30 0.047547672 
494 248 13 18 0.04650676 
440 234 13 19 0.046478946 
655 308 32 40 0.044704854 
953 267 29 34 0.044634163 
196 718 26 33 0.043004576 
944 230 12 15 0.042343833 
592 148 12 17 0.04125143 
160 280 27 31 0.03987127 
515 258 17 21 0.039221972 
531 261 14 18 0.039168064 
556 137 12 17 0.0379324 
96 177 15 19 0.037788678 
451 284 22 28 0.03771515 
144 290 52 49 0.037564892 
471 274 13 19 0.03717286 
429 284 13 19 0.036796838 
484 182 12 15 0.036670584 
477 182 12 15 0.036296118 
644 282 27 35 0.03543269 
32 107 40 50 0.03537016 
830 150 14 22 0.03443424 
426 323 27 29 0.0344008 
549 250 23 31 0.03366928 
211 727 14 21 0.03344599 
577 271 23 33 0.033371516 
174 166 15 19 0.03295631 
558 229 12 14 0.03276883 
590 254 12 17 0.03226883 
20 190 35 42 0.03207948 
439 257 12 17 0.03203088 
510 163 12 19 0.031438977 
984 269 18 24 0.03098014 
435 279 21 28 0.030969173 
431 6 29 35 0.030877937 
533 157 16 22 0.03029145 
641 297 29 38 0.03024407 
0 224 20 32 0.030219829 
530 272 15 21 0.02985266 
222 703 16 20 0.029281415 
144 256 45 48 0.02925962 
149 303 32 31 0.029244166 
202 140 26 28 0.028994482 
483 268 15 19 0.028976362 
830 163 12 19 0.0287882 
85 247 25 33 0.02867981 
271 276 12 18 0.028641496 
507 221 12 16 0.028366834 
411 294 25 31 0.028319702 
198 69 15 21 0.028214293 
500 168 15 18 0.027858704 
775 297 28 35 0.027854329 
458 122 15 18 0.027733248 
78 2 25 28 0.027567433 
339 201 15 21 0.027411988 
260 617 14 17 0.027169006 
460 297 15 20 0.027104871 
32 91 33 40 0.027013844 
550 265 24 33 0.027001923 
869 322 28 36 0.026909268 
495 264 13 19 0.026334401 
-2 341 34 46 0.026334254 
409 210 14 18 0.026267318 
864 336 25 32 0.025862554 
496 237 12 16 0.02564839 
566 163 27 38 0.025593137 
466 227 14 19 0.025345795 
515 239 14 17 0.025302086 
471 185 13 18 0.02527423 
632 115 11 15 0.024971616 
518 154 15 19 0.024967251 
32 32 15 20 0.024861176 
486 251 13 17 0.024812877 
409 310 17 24 0.02478509 
301 232 20 26 0.024722 
473 203 15 19 0.0246949 
490 297 16 22 0.024440506 
33 246 16 21 0.024189685 
495 194 13 17 0.024093373 
550 139 12 17 0.024086196 
525 280 22 29 0.02342061 
455 228 14 19 0.023291532 
401 194 23 27 0.023244869 
470 169 14 19 0.023223775 
580 256 23 31 0.023081752 
565 265 25 37 0.022919215 
581 253 15 19 0.022363055 
425 279 22 30 0.02227365 
269 299 16 26 0.022258949 
594 286 16 22 0.022151731 
588 186 13 19 0.022115905 
533 169 13 17 0.022028698 
350 248 17 23 0.022000467 
434 316 17 18 0.021996396 
611 259 14 18 0.021863919 
508 266 14 19 0.021735571 
482 163 13 17 0.02107517 
260 278 35 50 0.020930953 
503 208 13 17 0.020915255 
718 254 32 39 0.02086148 
595 142 14 17 0.020780591 
327 263 12 16 0.020684566 
523 252 14 17 0.020664716 
141 309 28 31 0.020575477 
463 210 13 16 0.020473652 
286 213 10 13 0.020384539 
562 236 13 17 0.020344025 
443 167 16 19 0.020277029 
273 271 9 13 0.020189445 
532 170 52 63 0.020177037 
605 259 14 17 0.020117957 
542 141 13 18 0.02003811 
498 310 25 34 0.020037191 
437 274 15 22 0.020001259 
