2_Demonstration_Demonstrators_2_425
742
578 385 25 34 0.99837 
864 303 28 34 0.9976617 
792 422 66 84 0.9965683 
787 301 38 49 0.9955368 
635 392 33 45 0.9936521 
355 430 51 65 0.9921631 
566 462 41 61 0.99138546 
699 313 17 22 0.9894768 
434 568 67 101 0.9853382 
618 332 17 21 0.98526716 
224 423 35 54 0.9800821 
17 472 43 47 0.97447205 
727 337 22 28 0.9713102 
612 303 14 17 0.96411204 
701 373 27 34 0.9625094 
487 372 15 20 0.9537679 
402 370 16 22 0.950848 
528 330 14 21 0.94025636 
657 305 17 21 0.9310745 
156 425 12 16 0.9122538 
793 271 20 21 0.9093084 
865 271 22 28 0.8715138 
203 402 21 29 0.86515653 
620 388 17 22 0.8625355 
965 356 51 66 0.8549953 
641 306 11 14 0.8385164 
740 301 15 20 0.82917523 
510 350 11 13 0.8096336 
45 429 23 31 0.79913056 
467 409 23 31 0.79784197 
173 398 12 16 0.74978447 
708 277 13 15 0.7359971 
92 377 12 17 0.7291944 
255 371 12 15 0.6462848 
139 376 12 14 0.632196 
450 350 13 17 0.58339244 
768 266 11 14 0.5695374 
276 415 22 34 0.54543424 
423 341 10 12 0.51355946 
190 356 10 11 0.4960671 
289 350 9 12 0.49356598 
503 288 7 10 0.4800474 
131 433 16 22 0.47004342 
468 348 8 12 0.4567696 
516 317 10 13 0.4272572 
846 285 13 17 0.4225103 
47 398 12 17 0.40608183 
486 315 8 11 0.3956494 
577 333 13 15 0.39412358 
111 379 13 18 0.3507849 
701 269 11 13 0.34555036 
487 295 8 10 0.34211633 
3 452 16 18 0.34002605 
731 278 11 14 0.33353147 
397 325 8 11 0.33070374 
348 359 9 12 0.32726803 
176 366 8 10 0.3167216 
511 324 10 12 0.30905178 
362 342 8 11 0.30749997 
735 266 12 15 0.30618596 
457 288 8 10 0.3038982 
401 349 11 13 0.30208048 
284 371 10 13 0.29559553 
280 369 9 12 0.29433805 
646 269 9 11 0.28674927 
287 421 25 33 0.273971 
696 266 10 14 0.27350968 
126 423 12 16 0.27208555 
232 368 9 11 0.2676458 
0 380 11 18 0.25946063 
518 312 9 12 0.23642346 
454 320 9 12 0.23509054 
156 351 9 10 0.23381086 
238 352 8 10 0.23089674 
226 328 8 11 0.23009272 
135 350 7 10 0.22573753 
592 310 10 12 0.2219472 
317 357 8 10 0.21613538 
629 280 10 12 0.2145832 
393 333 10 12 0.20932211 
608 285 9 11 0.19806948 
577 292 8 11 0.19361894 
493 348 9 12 0.19303976 
129 349 8 9 0.19246393 
957 366 39 42 0.19170997 
192 394 9 13 0.19063981 
201 366 8 11 0.1901299 
625 284 9 11 0.18680881 
576 288 8 10 0.18637112 
861 280 16 20 0.18448225 
58 389 13 16 0.18294306 
560 327 11 14 0.1825381 
449 323 9 13 0.18189527 
851 284 14 18 0.17940834 
739 261 11 14 0.17911322 
562 413 24 30 0.17742543 
873 401 43 48 0.17592518 
677 263 12 15 0.17201151 
408 312 10 12 0.16948268 
399 343 9 11 0.16703995 
558 316 9 12 0.16631675 
536 462 30 47 0.16252005 
421 319 8 10 0.16212492 
591 302 9 10 0.15941118 
415 317 9 12 0.15652323 
82 452 24 34 0.15508816 
372 389 11 14 0.15263245 
686 263 11 14 0.15238133 
672 266 10 13 0.15171137 
527 302 8 10 0.1512583 
15 372 12 13 0.1511195 
514 312 8 10 0.15083367 
45 379 10 14 0.1492989 
202 389 13 17 0.1491316 
21 402 22 26 0.14797221 
551 302 8 10 0.14568031 
374 349 8 10 0.14407821 
415 324 10 12 0.14346059 
166 381 9 12 0.14146256 
560 289 7 8 0.13958608 
214 365 8 11 0.1388899 
640 288 8 10 0.13875328 
382 324 8 10 0.1375263 
84 357 10 12 0.1372418 
136 357 10 13 0.13678697 
94 400 12 16 0.13515195 
583 294 8 11 0.13206296 
543 312 9 10 0.13056506 
557 313 7 10 0.13056163 
232 372 12 14 0.13016297 
366 313 7 10 0.12941524 
167 374 8 11 0.12892117 
803 245 11 14 0.12720288 
378 319 7 10 0.12661889 
338 342 8 11 0.12574537 
535 390 12 15 0.12542419 
69 364 9 11 0.12367798 
723 253 11 13 0.12243378 
265 349 9 11 0.12163625 
553 310 8 11 0.12145428 
805 253 11 15 0.12142186 
116 375 10 14 0.12021618 
492 342 9 12 0.12020752 
157 358 9 11 0.120133355 
737 256 11 13 0.11882746 
939 311 12 17 0.11879006 
89 374 11 14 0.11807237 
539 332 12 16 0.11766812 
440 302 8 10 0.117514074 
592 332 10 14 0.11703747 
597 279 9 10 0.11558425 
231 378 12 14 0.11544498 
160 388 9 12 0.11459364 
168 367 8 11 0.11388234 
662 277 9 11 0.11353735 
254 344 8 10 0.11323684 
639 292 10 12 0.113111354 
591 285 9 10 0.112855524 
592 280 9 11 0.11199215 
160 365 9 11 0.11176173 
266 335 7 9 0.11037211 
34 419 15 21 0.10935576 
926 292 12 14 0.109187394 
269 348 9 12 0.10896294 
123 388 11 14 0.10774817 
141 359 10 11 0.10765155 
214 345 8 9 0.10676708 
454 409 23 34 0.10591295 
118 385 11 15 0.10539356 
625 385 28 33 0.104729146 
85 397 12 17 0.104703344 
181 366 7 9 0.104688734 
237 389 13 15 0.104536295 
329 329 7 9 0.104083456 
415 313 7 10 0.103686616 
234 351 7 10 0.10299991 
482 317 9 11 0.102111705 
940 264 12 17 0.10205443 
774 244 9 13 0.10123355 
150 363 10 12 0.10121518 
535 296 9 11 0.09959137 
179 457 17 22 0.09870198 
110 394 12 14 0.098323315 
89 444 27 33 0.09832317 
535 388 24 26 0.09754786 
573 311 8 10 0.09660579 
489 335 9 12 0.09606614 
631 296 9 12 0.09584082 
822 270 11 16 0.095767766 
99 379 12 16 0.094623454 
911 279 10 13 0.09404199 
656 288 9 12 0.093912676 
705 282 13 16 0.093555406 
334 329 8 10 0.09321871 
772 310 12 16 0.09292221 
543 296 8 10 0.09281726 
780 221 10 13 0.09242881 
199 333 8 10 0.09200836 
219 404 15 19 0.09114584 
585 420 23 28 0.090581365 
726 262 11 13 0.09052763 
360 326 8 9 0.089973226 
447 313 8 9 0.089582235 
775 251 10 13 0.08916171 
414 334 10 14 0.088822916 
254 389 13 17 0.087984316 
461 294 9 10 0.08670239 
151 387 10 13 0.08658895 
659 324 14 15 0.08653037 
600 209 11 14 0.086414725 
440 296 7 9 0.08593088 
694 277 10 13 0.08564134 
149 382 10 13 0.08478106 
495 313 8 10 0.08439517 
647 287 8 11 0.08427675 
289 392 24 35 0.08357672 
143 365 11 13 0.08356947 
138 426 19 26 0.08345791 
289 344 7 10 0.08308347 
784 252 11 14 0.082453445 
193 479 27 35 0.08232503 
299 430 19 23 0.08217581 
688 277 10 13 0.08205246 
80 373 9 12 0.08199531 
417 339 10 12 0.081127055 
128 364 10 13 0.08062129 
776 240 10 13 0.080171 
540 315 11 13 0.07973661 
93 369 10 12 0.07971199 
35 400 20 25 0.07944995 
689 245 11 13 0.07862038 
407 289 8 10 0.07859021 
590 296 8 10 0.07853782 
245 334 7 9 0.077688806 
472 297 8 10 0.07708588 
488 299 9 11 0.07652789 
919 285 9 13 0.076411046 
800 240 11 13 0.074748345 
453 345 11 14 0.07416297 
559 293 9 11 0.074123144 
508 329 11 16 0.07395962 
79 366 9 11 0.07382852 
2 442 26 31 0.07366984 
440 318 9 11 0.07363376 
620 302 11 14 0.07357059 
373 342 8 11 0.07286024 
778 306 31 37 0.07256835 
646 265 7 10 0.071566805 
336 333 8 10 0.07151843 
537 318 9 12 0.07107583 
990 351 34 63 0.07105526 
643 269 8 10 0.0709657 
103 412 11 13 0.07094006 
171 464 29 37 0.07074269 
422 311 8 10 0.070633434 
829 330 15 21 0.07052319 
833 260 10 12 0.069618225 
577 328 10 13 0.06924982 
153 344 7 10 0.06917751 
584 301 9 11 0.069009244 
608 294 9 12 0.06825085 
687 302 11 13 0.0680306 
551 297 8 9 0.0680162 
614 278 7 9 0.067927875 
440 310 8 11 0.06693956 
710 262 9 12 0.06635221 
658 330 16 21 0.06633606 
608 280 8 10 0.066192225 
695 285 9 12 0.06618165 
437 335 10 13 0.06614428 
594 417 16 22 0.065593295 
707 291 13 16 0.06475833 
584 288 8 10 0.06465735 
101 406 10 13 0.06439402 
525 310 9 11 0.06424155 
409 325 9 12 0.063336864 
232 343 8 10 0.06331503 
586 309 8 11 0.06259106 
247 320 7 8 0.062212236 
375 359 8 10 0.06216951 
229 333 8 11 0.062149856 
824 242 11 14 0.062147547 
510 304 7 9 0.06198774 
36 423 21 29 0.06195765 
270 344 8 10 0.061664853 
96 470 25 30 0.061624404 
104 351 11 13 0.06160918 
942 284 9 12 0.061071206 
174 350 7 10 0.06103742 
687 251 10 13 0.06075819 
593 324 10 13 0.060663007 
944 472 28 29 0.06042303 
161 337 6 8 0.06027505 
608 271 8 9 0.060245622 
401 309 9 11 0.059531637 
431 365 8 12 0.05939433 
554 314 8 13 0.059186082 
235 381 13 16 0.058867723 
174 370 10 13 0.05885427 
374 336 8 10 0.058805026 
613 296 10 12 0.058731362 
522 297 9 9 0.05871793 
478 332 8 12 0.058658436 
439 324 9 12 0.05850081 
591 314 12 14 0.058491252 
285 403 13 18 0.058373578 
224 351 7 9 0.05820388 
313 340 9 10 0.058110137 
320 336 8 10 0.057786807 
649 276 7 10 0.057587318 
242 328 8 8 0.057587113 
107 442 16 18 0.057270326 
710 298 12 16 0.05726117 
232 390 22 28 0.05718911 
286 328 7 8 0.05691687 
360 337 8 12 0.056854248 
128 360 9 11 0.056802597 
432 327 9 11 0.056779437 
523 303 8 9 0.056630682 
577 344 15 17 0.05619349 
158 343 8 10 0.05595367 
680 324 12 16 0.055855542 
506 327 10 12 0.055588793 
415 350 9 12 0.055440933 
249 342 8 11 0.05505834 
204 383 11 14 0.055038154 
1000 583 24 35 0.054732416 
546 302 8 10 0.054690335 
458 302 8 10 0.054671906 
313 351 10 12 0.054649636 
424 359 9 11 0.054299276 
263 422 24 33 0.054176755 
934 277 11 14 0.054009438 
367 337 10 13 0.053498745 
213 429 31 44 0.053443912 
345 321 7 8 0.053371206 
472 327 10 11 0.05294122 
789 247 11 14 0.052783664 
505 301 8 10 0.052227527 
866 281 28 35 0.052209824 
482 295 8 10 0.051998757 
511 386 13 16 0.051792182 
613 287 8 11 0.051645912 
820 261 10 13 0.051436257 
320 320 7 9 0.05094911 
168 343 8 9 0.050354663 
478 341 9 12 0.05019449 
183 335 7 9 0.049957756 
690 346 17 23 0.04989717 
207 366 9 13 0.049627647 
482 288 7 9 0.049520254 
478 359 10 12 0.049470183 
583 271 7 9 0.04909416 
298 389 14 18 0.04898764 
685 307 13 18 0.04855232 
210 345 7 9 0.048074022 
165 388 10 14 0.047247227 
545 452 30 41 0.04688298 
596 303 9 11 0.04664915 
1 383 15 23 0.04662252 
414 356 10 12 0.046556626 
715 300 13 17 0.046363648 
269 329 8 9 0.046264708 
80 400 12 15 0.046262734 
486 290 7 8 0.046237376 
448 344 10 13 0.046205584 
549 331 11 16 0.046006687 
208 350 8 9 0.045820035 
940 277 11 15 0.045770753 
535 287 8 9 0.045669727 
936 267 11 16 0.045622822 
409 375 15 18 0.045188893 
351 320 8 9 0.04479975 
663 272 9 10 0.044786725 
176 416 13 19 0.044484023 
118 433 22 25 0.044019856 
772 312 21 29 0.043922033 
75 459 24 38 0.04335747 
256 318 8 9 0.043327034 
479 327 7 10 0.043172684 
639 279 7 10 0.04311168 
293 344 9 10 0.042938415 
460 352 13 17 0.042923063 
337 402 49 62 0.042770118 
190 3 43 60 0.042650413 
462 303 8 9 0.042644963 
505 354 12 15 0.042456627 
313 335 8 10 0.042347714 
455 311 9 11 0.042012114 
291 354 11 12 0.041979376 
430 333 11 15 0.041949835 
401 288 8 10 0.041565016 
689 240 10 11 0.041564696 
865 237 8 10 0.04155674 
177 402 13 15 0.041461825 
195 396 38 49 0.0411992 
286 335 7 9 0.04105478 
394 321 10 11 0.040873405 
320 363 9 12 0.04086939 
346 394 26 32 0.04078508 
162 372 9 12 0.04078438 
656 277 9 10 0.040753495 
265 329 8 10 0.04072757 
101 397 10 13 0.040417366 
576 281 8 9 0.040265217 
304 320 7 8 0.04023266 
216 349 7 9 0.040222056 
87 388 12 16 0.040068805 
377 365 9 12 0.04000067 
714 277 12 14 0.03961251 
200 371 10 12 0.039552078 
623 293 11 13 0.039506454 
433 295 7 9 0.03946454 
740 236 11 13 0.03943209 
289 321 7 9 0.039364353 
176 361 8 10 0.03927775 
642 263 8 11 0.039265748 
240 393 22 30 0.039169766 
643 312 14 17 0.039095555 
528 296 8 11 0.038902517 
168 360 8 10 0.038858935 
193 364 9 11 0.038844526 
336 358 9 12 0.038820513 
405 342 10 12 0.038753245 
160 420 15 19 0.038576744 
159 396 10 13 0.0383748 
566 319 9 11 0.038265884 
281 344 7 9 0.038204353 
562 331 12 16 0.03819153 
369 347 9 12 0.038143847 
9 391 22 30 0.03814156 
264 344 9 11 0.037828878 
104 386 11 15 0.037654262 
245 394 13 18 0.037561633 
65 361 10 12 0.037200104 
361 321 8 8 0.03710816 
343 327 7 9 0.037061434 
425 363 9 13 0.0370022 
813 273 14 18 0.036995206 
148 441 13 16 0.036832344 
926 261 11 14 0.036513757 
783 259 12 16 0.036468223 
11 376 14 19 0.036413144 
274 367 10 12 0.036391802 
194 328 7 10 0.036293413 
941 291 11 14 0.03625148 
542 272 7 9 0.03615886 
242 321 7 9 0.03608599 
177 473 38 49 0.036017004 
53 383 13 16 0.035852294 
728 267 11 14 0.03561423 
724 297 13 19 0.035401743 
311 328 7 9 0.035223886 
575 301 9 12 0.035060413 
135 364 10 13 0.034843314 
292 371 10 13 0.034671277 
661 293 12 14 0.034621947 
258 367 10 13 0.034606326 
282 328 8 9 0.034485836 
422 381 10 13 0.034420446 
0 392 13 24 0.03440631 
252 390 21 27 0.03432063 
494 302 9 10 0.034228787 
255 361 10 12 0.034180466 
947 486 19 22 0.0341648 
224 344 7 9 0.03411777 
430 359 8 12 0.033969678 
625 381 19 22 0.033908386 
721 249 9 12 0.033852786 
184 359 8 10 0.033767782 
423 305 8 9 0.033643026 
460 402 16 24 0.03361902 
302 423 28 34 0.0336118 
318 418 13 19 0.033526514 
228 407 25 35 0.03349086 
148 376 10 13 0.033449072 
836 255 10 13 0.03341667 
152 336 7 8 0.033356003 
328 342 8 10 0.033334196 
488 326 8 10 0.03302364 
166 337 7 10 0.033019822 
322 328 8 9 0.03285145 
601 412 22 29 0.032785203 
216 362 8 10 0.032765824 
428 348 10 12 0.032662563 
198 359 8 12 0.03258748 
507 345 18 23 0.032321446 
446 302 8 9 0.032319408 
567 288 8 10 0.032271553 
829 270 10 12 0.03224726 
491 391 15 20 0.03224115 
757 293 13 19 0.032149043 
181 391 11 13 0.031909697 
927 267 12 17 0.031905863 
357 359 9 11 0.0317947 
409 334 9 12 0.031668987 
279 376 13 18 0.03165802 
225 365 8 11 0.031622328 
148 424 19 26 0.03152996 
815 266 13 17 0.03146197 
679 255 11 12 0.03138327 
365 326 8 10 0.031350005 
305 328 7 8 0.03127533 
724 288 15 19 0.031235391 
301 401 28 38 0.031190857 
823 232 9 12 0.031162329 
187 350 9 12 0.031158293 
246 380 12 16 0.031072916 
121 351 8 9 0.030961858 
221 5 50 55 0.030923251 
782 246 11 14 0.030918116 
598 284 9 11 0.030814748 
820 270 20 25 0.030731622 
480 301 8 11 0.030653378 
162 385 21 27 0.030584369 
495 354 11 15 0.030493665 
326 365 9 11 0.030339051 
505 342 9 13 0.03026716 
174 344 8 10 0.03017707 
220 406 21 29 0.030147202 
826 274 12 15 0.030056525 
157 415 12 16 0.030055663 
207 360 9 11 0.030000828 
280 350 8 10 0.029988324 
112 367 9 12 0.02983437 
530 288 6 8 0.029755922 
498 372 13 16 0.0297389 
133 345 9 10 0.029733945 
184 343 8 10 0.02970942 
610 410 16 21 0.02962847 
503 310 8 11 0.029580446 
46 387 13 20 0.029564219 
669 293 10 13 0.029533738 
318 340 8 10 0.02949492 
94 407 14 18 0.0294835 
736 335 23 32 0.0293461 
56 368 8 10 0.02928016 
87 367 9 11 0.02927721 
892 294 15 18 0.029208802 
402 293 8 10 0.029192274 
85 446 13 18 0.02901738 
102 368 10 12 0.028994424 
19 368 10 13 0.028992105 
720 259 10 13 0.028979946 
109 356 9 10 0.028936906 
169 349 9 11 0.028772296 
472 320 9 10 0.028764598 
574 263 8 10 0.028755631 
282 408 16 24 0.028718604 
543 439 26 39 0.028666396 
462 325 9 12 0.02848856 
233 384 42 51 0.028479539 
183 425 13 16 0.028379822 
20 397 17 21 0.028304873 
542 399 25 31 0.028297793 
512 311 18 23 0.028235381 
725 279 18 22 0.02820807 
352 335 9 10 0.02817886 
708 505 51 47 0.028134096 
95 359 10 12 0.028122306 
244 388 12 17 0.028071042 
44 402 23 29 0.027925175 
865 254 9 11 0.02781604 
246 350 9 11 0.027757762 
70 397 12 16 0.027677514 
248 367 10 13 0.02765141 
295 320 7 8 0.027630597 
856 264 9 12 0.027606577 
368 358 9 11 0.027595505 
470 373 10 13 0.02758149 
287 345 18 23 0.027546281 
777 229 10 12 0.02747545 
419 335 19 23 0.027410783 
561 456 31 44 0.027270183 
217 11 30 40 0.027182437 
231 357 9 10 0.027016316 
126 420 20 26 0.026992867 
141 352 8 10 0.026855674 
414 288 9 11 0.026668873 
682 331 14 17 0.02665351 
391 319 18 24 0.026620017 
92 443 17 20 0.02656492 
698 264 19 22 0.026552206 
350 351 10 14 0.02641377 
752 354 29 40 0.02638262 
941 298 12 17 0.026273206 
316 2 12 14 0.026246605 
238 344 8 10 0.026193313 
384 339 8 12 0.026173344 
931 298 12 15 0.026135085 
143 386 11 13 0.025986996 
352 325 8 10 0.025936676 
712 256 10 11 0.025906328 
726 256 19 23 0.025798187 
255 348 9 10 0.025762284 
252 428 28 36 0.025727674 
361 386 22 27 0.025680428 
51 432 32 34 0.025622737 
740 374 17 24 0.025589742 
749 293 15 19 0.025499158 
500 388 13 16 0.025479944 
573 317 9 12 0.02536327 
613 273 8 10 0.025271798 
228 362 20 23 0.025047157 
592 273 8 9 0.025005868 
543 287 7 9 0.024825286 
177 335 8 10 0.024808323 
592 354 12 16 0.02476624 
597 336 11 15 0.024745757 
393 347 12 14 0.024725834 
433 288 8 9 0.024701804 
341 353 19 23 0.024687516 
108 419 12 16 0.024555836 
454 385 14 17 0.0245004 
261 318 8 9 0.02447913 
601 263 6 9 0.024347978 
342 335 8 10 0.024328886 
662 286 9 12 0.024321059 
828 239 9 12 0.02431584 
296 328 8 9 0.02430252 
693 358 21 30 0.024245441 
641 256 8 9 0.024216667 
328 350 8 11 0.024109451 
799 257 22 27 0.024106255 
765 273 13 14 0.024103977 
306 395 15 19 0.024094477 
80 451 14 19 0.024089651 
995 340 30 41 0.024043076 
509 295 8 10 0.024015842 
190 344 8 10 0.023972083 
680 300 11 14 0.023965795 
839 248 8 9 0.023905793 
349 401 16 20 0.023836147 
568 293 7 10 0.023753222 
384 333 10 13 0.023694394 
269 401 14 18 0.023684254 
797 239 18 24 0.02368083 
446 360 13 16 0.02361688 
693 291 12 14 0.023602799 
98 465 18 22 0.023580568 
223 359 8 10 0.023480544 
817 316 25 34 0.023472248 
444 351 21 27 0.023439921 
397 344 19 23 0.023416113 
670 287 9 11 0.02341271 
679 293 10 13 0.023369351 
716 282 13 17 0.023351222 
118 367 10 12 0.02331883 
554 289 7 8 0.023283413 
272 372 12 14 0.023232749 
310 85 9 12 0.023152258 
845 308 11 16 0.023143064 
186 418 14 18 0.023140335 
884 297 16 21 0.023052637 
366 382 13 18 0.023046969 
802 248 19 23 0.023027703 
467 355 12 14 0.023024302 
5 375 12 16 0.022940982 
530 388 11 16 0.022883961 
42 376 10 12 0.022740744 
14 463 29 38 0.022602154 
887 296 24 29 0.022586586 
270 355 10 12 0.022546597 
708 358 28 37 0.022499891 
428 381 11 15 0.022310395 
43 419 15 22 0.022257494 
125 383 9 12 0.022252683 
529 383 20 27 0.02220738 
280 385 11 16 0.022205008 
418 396 14 17 0.022076663 
663 232 7 9 0.022019489 
798 262 13 15 0.022004439 
540 350 11 13 0.021965908 
560 280 6 8 0.021948347 
297 335 8 9 0.021935519 
847 252 9 11 0.021888463 
203 487 15 20 0.021874696 
335 347 10 13 0.021831414 
822 254 10 13 0.021753432 
344 393 14 17 0.021736989 
170 391 20 26 0.021730375 
814 244 11 14 0.021713115 
573 412 25 30 0.021710414 
494 326 8 11 0.02170409 
615 400 25 33 0.021692896 
521 332 12 16 0.021683061 
335 365 9 12 0.021654962 
27 431 42 52 0.021574603 
198 351 9 12 0.021499306 
109 405 11 13 0.021494392 
461 320 8 11 0.021358356 
457 398 39 49 0.021302527 
942 255 9 12 0.021294754 
432 370 9 13 0.021293122 
432 319 8 10 0.021153992 
412 330 19 22 0.021147538 
478 347 9 13 0.021143237 
188 433 13 15 0.021112347 
337 322 8 9 0.021070385 
187 451 24 33 0.021020409 
437 365 10 14 0.020990046 
374 313 8 10 0.020986361 
936 455 46 49 0.020936538 
570 270 8 10 0.02086768 
456 271 7 10 0.020866279 
193 333 8 10 0.02083128 
606 337 15 19 0.020831024 
77 367 21 26 0.020813078 
311 362 11 14 0.020811165 
404 353 13 16 0.020800583 
286 384 13 17 0.020759543 
279 403 12 17 0.0207024 
929 271 19 26 0.020660365 
540 406 17 20 0.020642221 
677 285 11 13 0.020618182 
48 474 28 39 0.02061756 
786 242 19 24 0.020617075 
172 461 18 24 0.020565227 
419 486 30 34 0.02052323 
85 408 14 17 0.020488286 
199 14 50 66 0.020387325 
172 482 17 22 0.020361498 
120 358 9 11 0.020324703 
489 278 8 10 0.02028335 
923 281 20 24 0.020281833 
163 433 13 17 0.020275656 
576 270 8 9 0.020266986 
302 350 9 11 0.020264875 
556 300 10 12 0.020257352 
998 299 15 18 0.020251425 
702 300 15 18 0.020229187 
433 303 8 10 0.020224027 
545 475 18 27 0.020159824 
784 269 10 14 0.020109149 
263 398 25 32 0.020086236 
903 285 12 14 0.02008347 
620 435 23 34 0.020081967 
686 295 12 15 0.020068113 
186 350 20 25 0.020019794 
499 282 18 22 0.02001859 
143 304 9 10 0.020005437 
104 414 20 26 0.020000257 
