2_Demonstration_Protesters_2_486
41
816 116 112 124 0.99991095 
43 382 134 178 0.9989825 
26 536 37 47 0.9968605 
450 110 148 182 0.99528545 
232 427 56 61 0.97776127 
619 239 54 75 0.6257247 
814 316 16 20 0.11963894 
420 501 36 35 0.09081262 
838 310 12 14 0.07631654 
0 617 15 20 0.057091802 
815 317 23 33 0.04975717 
816 313 11 14 0.04629771 
731 611 52 54 0.044393674 
50 223 29 34 0.041320622 
891 572 64 61 0.040372726 
421 516 33 36 0.03966261 
404 107 13 17 0.03929875 
351 501 48 54 0.03776677 
402 99 14 17 0.03533891 
0 430 27 45 0.035019748 
41 232 53 62 0.03126554 
969 6 47 51 0.030389028 
195 421 60 76 0.030279655 
808 321 12 17 0.03019544 
403 114 15 19 0.029419918 
322 479 17 21 0.02902376 
577 233 95 117 0.02874003 
603 300 132 150 0.027573498 
0 510 25 36 0.026847675 
335 473 12 16 0.026348501 
773 319 15 20 0.025107581 
3 256 56 80 0.024807248 
826 310 22 29 0.024125835 
593 279 216 238 0.023712732 
27 263 18 23 0.022447614 
46 452 15 20 0.022057837 
778 315 15 20 0.021897407 
832 314 12 15 0.020937318 
393 538 19 20 0.020399956 
390 530 53 53 0.020187994 
0 508 13 23 0.020093577 
