2_Demonstration_Demonstration_Or_Protest_2_420
983
596 168 28 50 0.9971547 
310 167 27 47 0.99667054 
476 162 35 43 0.9931681 
720 160 32 51 0.97241974 
372 171 25 37 0.9713509 
408 228 47 76 0.96729624 
807 181 33 43 0.9579953 
693 137 24 32 0.9551518 
840 166 26 48 0.92356676 
420 134 22 29 0.9116535 
641 125 26 36 0.9082871 
209 148 24 33 0.87928164 
909 112 12 17 0.8340697 
518 145 21 29 0.82634985 
981 136 22 30 0.7959636 
727 146 28 40 0.7492017 
553 239 29 44 0.7345763 
933 253 47 75 0.69796145 
210 267 46 66 0.65999705 
204 126 15 21 0.65233195 
741 270 38 60 0.64872265 
259 132 15 22 0.5780106 
249 165 24 32 0.56622845 
4 133 14 21 0.48352507 
70 180 29 45 0.47584066 
987 145 23 26 0.44831073 
61 136 18 31 0.4409097 
512 88 9 11 0.4368734 
389 98 13 15 0.40591112 
236 105 12 17 0.39538231 
21 143 22 31 0.3856296 
2 296 32 49 0.36557293 
383 85 8 10 0.360447 
428 186 22 32 0.34196287 
976 111 10 12 0.33566278 
829 115 12 15 0.30294713 
414 179 21 34 0.29636878 
932 125 11 15 0.28321478 
910 169 25 31 0.2793854 
984 192 28 38 0.27605444 
308 110 14 18 0.26790178 
978 132 17 24 0.26628947 
600 100 10 12 0.25005606 
570 163 30 46 0.24991214 
891 125 12 15 0.24473876 
86 77 9 12 0.23980968 
221 285 54 62 0.23802474 
951 101 10 12 0.23775949 
989 204 32 39 0.23498444 
414 109 9 10 0.23478569 
772 123 15 19 0.23251313 
279 95 10 12 0.22762382 
992 155 25 30 0.21953526 
445 110 10 12 0.2178068 
1007 113 12 15 0.21613409 
203 104 14 16 0.209778 
934 109 9 13 0.20909986 
397 206 26 37 0.20151547 
450 194 26 33 0.19959074 
162 139 17 22 0.19768687 
1007 100 11 13 0.19533935 
607 89 6 8 0.19351634 
308 252 32 40 0.19152246 
517 113 12 16 0.19087273 
838 152 13 21 0.18582267 
119 95 13 15 0.18574136 
294 126 15 22 0.18295994 
407 210 28 41 0.17908232 
417 221 27 40 0.17344481 
199 196 30 43 0.17330165 
602 95 8 10 0.17319104 
737 102 9 13 0.16896527 
116 155 23 37 0.16892609 
264 111 9 11 0.16888854 
790 126 12 16 0.16603592 
461 107 10 13 0.16159508 
229 105 14 19 0.16129899 
246 123 11 15 0.1587112 
707 117 10 12 0.15818268 
448 116 10 12 0.15503359 
967 92 8 11 0.15412827 
556 226 23 38 0.15269062 
390 130 12 18 0.1521811 
423 94 9 11 0.15144205 
405 182 21 32 0.1513409 
477 123 10 13 0.15108776 
552 104 9 10 0.150745 
826 314 37 40 0.15024887 
871 89 9 11 0.14976831 
106 109 13 16 0.14634894 
982 95 8 10 0.14606078 
552 95 8 10 0.14315055 
135 130 13 17 0.14080538 
967 112 9 11 0.14031678 
463 92 8 10 0.14023228 
512 115 11 14 0.13741359 
815 129 15 19 0.13567986 
498 88 8 11 0.13473298 
304 77 9 11 0.13347982 
0 86 7 12 0.13322134 
358 76 8 11 0.13251923 
456 125 10 13 0.12966008 
617 97 8 10 0.12941131 
605 93 8 10 0.12763315 
373 97 11 14 0.12722123 
409 119 10 12 0.12712424 
583 88 7 9 0.12454049 
53 93 10 12 0.12384394 
38 95 11 13 0.12344924 
47 92 11 14 0.12266348 
630 108 11 16 0.122320175 
432 110 9 12 0.12057848 
176 92 8 10 0.1205451 
461 126 10 13 0.120115176 
493 118 10 12 0.11831853 
877 177 38 52 0.11717048 
387 211 29 43 0.1165063 
614 118 12 15 0.11644085 
920 239 32 50 0.1162675 
794 182 32 44 0.11603669 
651 135 27 36 0.11357482 
578 124 15 18 0.112893485 
253 125 11 17 0.11177112 
12 119 14 16 0.11162036 
409 103 8 10 0.110918224 
448 178 26 33 0.109920844 
441 109 9 12 0.10916503 
433 136 17 22 0.10846787 
237 94 9 11 0.10844447 
753 95 8 10 0.10692723 
863 117 11 12 0.10680497 
703 113 10 11 0.10623719 
706 96 7 10 0.10558902 
905 78 8 10 0.10516395 
550 145 24 32 0.105147 
225 106 12 17 0.10477339 
69 159 29 44 0.104104206 
974 125 13 18 0.10371946 
926 233 47 67 0.102450036 
736 96 7 10 0.10169474 
603 115 12 17 0.10124175 
920 95 9 11 0.100641385 
234 162 27 31 0.100042835 
472 124 10 14 0.09978609 
663 184 31 39 0.09932116 
527 100 9 10 0.09907961 
167 197 30 45 0.09892355 
504 88 9 11 0.09833433 
926 100 9 12 0.09767437 
495 109 10 13 0.097410336 
431 116 12 13 0.097171806 
436 188 25 32 0.09700543 
218 86 9 10 0.09634924 
45 117 16 19 0.09514216 
759 110 9 12 0.09511031 
190 106 10 13 0.09501159 
579 90 6 9 0.09494217 
65 143 26 39 0.094598725 
996 164 27 34 0.09430927 
293 93 9 13 0.09427208 
603 108 12 15 0.093809955 
142 71 9 11 0.09380211 
976 180 25 35 0.09344382 
495 104 9 11 0.092826255 
549 130 14 21 0.09279161 
369 162 18 25 0.09235256 
930 157 23 29 0.09180822 
456 92 8 10 0.09174001 
541 123 11 17 0.09088748 
23 105 9 12 0.09059542 
10 138 22 28 0.09053311 
861 96 9 11 0.09051323 
200 103 11 14 0.090143315 
201 88 7 9 0.08946651 
429 103 8 9 0.089128084 
13 182 23 30 0.08892596 
504 76 8 9 0.0887633 
769 80 7 8 0.08840206 
218 158 29 36 0.08799922 
857 95 9 11 0.08758629 
227 113 13 16 0.08756717 
259 167 24 40 0.08708087 
540 116 11 16 0.087018676 
780 125 12 16 0.08582689 
777 87 6 9 0.08478574 
184 79 9 10 0.08450776 
307 101 13 16 0.08438222 
856 77 8 11 0.08433232 
481 87 7 9 0.08389621 
919 78 7 10 0.08384708 
871 109 9 11 0.08378163 
863 78 8 10 0.08337884 
410 62 8 10 0.08279164 
487 122 10 13 0.08259577 
501 109 9 12 0.08230883 
309 76 10 11 0.08177695 
556 103 9 11 0.08172766 
479 93 10 12 0.081534 
423 72 7 9 0.08048711 
286 93 9 13 0.0803525 
733 137 16 26 0.08017783 
34 94 9 12 0.07964542 
440 171 27 32 0.078657314 
588 122 12 16 0.07855389 
905 86 8 11 0.077722974 
995 268 29 51 0.07722186 
964 175 24 33 0.077015586 
417 93 8 11 0.07614752 
95 79 9 11 0.07594941 
40 79 10 11 0.07550351 
766 96 8 10 0.075496785 
583 93 9 11 0.07434027 
823 170 33 48 0.074001454 
602 89 7 8 0.073690474 
112 84 9 11 0.073531516 
51 129 20 28 0.07317678 
646 187 29 44 0.07303578 
622 116 10 15 0.07298498 
137 77 9 10 0.07296717 
839 152 20 32 0.072852366 
409 80 7 9 0.07281042 
543 111 10 12 0.072747014 
925 96 8 10 0.072455466 
349 131 13 16 0.07194931 
249 78 9 12 0.071720235 
852 177 30 41 0.07125326 
465 169 28 40 0.07115654 
709 100 8 11 0.07108653 
267 108 12 14 0.07035258 
48 88 9 11 0.06991899 
376 79 9 11 0.069647714 
839 132 12 16 0.06961637 
106 71 8 10 0.06949761 
993 87 8 10 0.06933767 
107 99 14 17 0.06929147 
517 88 8 11 0.06891035 
542 87 8 11 0.06868498 
305 72 10 12 0.06852718 
739 107 9 12 0.06850092 
199 151 23 30 0.06839523 
147 288 44 66 0.06827952 
101 101 13 15 0.06825155 
591 79 8 9 0.06822073 
357 120 11 12 0.06792646 
907 147 17 20 0.0677128 
477 276 37 48 0.06730714 
459 181 26 40 0.06706098 
438 76 8 10 0.067037806 
488 102 9 12 0.06701457 
596 142 19 22 0.06694159 
497 77 7 9 0.066545 
109 131 16 18 0.06644249 
950 96 9 11 0.06641511 
209 178 34 42 0.06600528 
378 56 7 9 0.06595152 
687 87 7 9 0.06584076 
659 269 31 38 0.06582452 
99 149 45 53 0.06575627 
411 123 11 15 0.064996935 
510 78 8 10 0.06497682 
581 157 14 20 0.06455399 
502 103 8 11 0.06363803 
62 95 10 13 0.06354875 
806 168 25 31 0.06349107 
795 125 13 18 0.063466206 
183 86 8 10 0.06346173 
136 109 10 13 0.06335757 
735 63 8 10 0.06333631 
935 153 14 18 0.06319005 
433 71 7 9 0.062788166 
738 68 8 10 0.062423956 
736 182 33 41 0.062337097 
191 86 7 9 0.06219136 
538 192 22 31 0.062074006 
368 92 11 15 0.06202652 
575 92 9 12 0.061983056 
998 88 8 10 0.061862208 
950 87 8 10 0.061553244 
75 169 44 54 0.06123724 
233 87 7 10 0.061217424 
897 73 8 10 0.06119113 
49 122 16 21 0.061171126 
968 139 11 16 0.060787134 
367 88 9 13 0.060743604 
52 151 13 21 0.060031064 
414 63 7 9 0.059722316 
166 73 8 9 0.05959713 
296 77 9 11 0.05956796 
480 81 7 9 0.059532627 
709 94 9 11 0.059053358 
678 152 13 19 0.058962103 
552 88 9 10 0.058961418 
398 70 7 9 0.05895085 
803 295 53 59 0.05887997 
377 85 9 12 0.058815625 
143 103 9 11 0.05871569 
192 122 21 30 0.058668386 
53 89 9 10 0.058442153 
511 126 11 14 0.05816823 
50 139 26 37 0.058095604 
563 154 12 16 0.05799877 
415 87 8 11 0.05784859 
872 104 9 11 0.057804715 
302 118 20 28 0.057531185 
753 281 52 66 0.05744056 
453 118 10 13 0.057074208 
934 104 9 10 0.056878068 
909 153 24 29 0.0566406 
697 117 10 12 0.05657513 
158 87 9 11 0.056265812 
935 144 9 11 0.0562025 
535 103 8 9 0.05607278 
145 134 22 28 0.056025874 
34 125 24 28 0.05594236 
721 110 8 10 0.055560775 
171 140 12 17 0.055542003 
726 110 10 13 0.05544613 
630 188 27 42 0.055111315 
256 108 9 13 0.055035464 
439 72 7 9 0.054922067 
863 111 11 12 0.05486302 
720 88 7 9 0.05483046 
30 116 13 18 0.054640982 
273 94 10 12 0.054565124 
556 153 15 19 0.05426923 
728 81 9 11 0.054122787 
420 201 26 35 0.054097537 
278 170 36 49 0.05404674 
229 132 14 16 0.053855445 
489 108 10 13 0.053804744 
245 312 41 39 0.05355648 
537 87 8 11 0.05342136 
406 146 14 19 0.053344402 
450 168 18 24 0.05334051 
146 133 13 17 0.053337477 
706 86 7 9 0.05330191 
446 104 9 11 0.05326612 
244 155 17 24 0.053061742 
36 120 17 20 0.052947477 
831 153 13 20 0.05268917 
47 78 8 9 0.052589986 
458 104 8 12 0.052491255 
696 111 9 12 0.05247623 
759 88 7 8 0.05224397 
617 72 7 8 0.052069977 
120 86 10 12 0.051919024 
206 257 31 57 0.051860414 
294 99 10 13 0.051787276 
180 275 43 72 0.051495805 
497 71 7 10 0.051361002 
523 114 13 17 0.050973587 
203 117 15 19 0.05091307 
273 135 17 20 0.05079316 
949 124 10 12 0.050596632 
421 77 8 10 0.05046621 
591 72 6 9 0.050302815 
168 104 8 11 0.05023918 
536 111 9 12 0.050163012 
735 114 11 14 0.050102897 
544 103 8 10 0.050063062 
152 87 8 10 0.05002075 
441 137 13 19 0.049964298 
2 177 22 33 0.049955063 
464 77 7 10 0.04985456 
449 93 8 10 0.049834896 
455 109 9 12 0.049679916 
707 124 14 15 0.04949552 
913 110 13 15 0.049451005 
932 116 11 15 0.049211204 
465 72 7 10 0.049158573 
221 79 9 11 0.049124505 
638 78 7 10 0.049014524 
46 111 12 15 0.048855223 
42 132 24 31 0.04882019 
993 180 28 40 0.048608985 
197 161 15 22 0.048466835 
410 84 8 11 0.048337586 
695 134 16 23 0.048273772 
0 168 11 22 0.04796983 
791 78 8 10 0.047928028 
978 115 14 16 0.047896113 
392 48 7 9 0.047798 
319 79 9 11 0.047445375 
399 78 7 10 0.047408745 
543 94 8 10 0.047405068 
976 94 9 12 0.047255337 
761 101 9 11 0.047172613 
711 87 8 10 0.046905015 
402 200 19 25 0.046881337 
389 87 9 10 0.046799652 
910 86 8 10 0.046711236 
550 146 13 19 0.046593938 
320 84 10 14 0.046564903 
425 101 8 11 0.0464982 
294 117 10 14 0.04649706 
129 164 16 24 0.04638312 
557 94 8 10 0.04636303 
485 87 9 10 0.046284854 
5 126 14 18 0.04615245 
1001 93 8 11 0.04593146 
569 87 7 9 0.045896627 
880 78 6 9 0.045821026 
902 73 7 10 0.045722358 
878 107 10 12 0.04563765 
302 96 12 15 0.04551962 
528 72 6 9 0.045497067 
761 63 6 8 0.04545535 
586 80 7 9 0.045310795 
64 78 8 11 0.04527954 
575 277 41 44 0.045161214 
288 72 8 10 0.044930506 
206 78 8 9 0.04490096 
695 97 8 10 0.044704974 
263 174 35 48 0.044453673 
69 101 9 13 0.044363458 
521 103 8 10 0.04434961 
572 139 14 17 0.044275723 
265 71 8 10 0.04425232 
470 132 11 12 0.044020187 
134 129 22 29 0.04400698 
941 127 10 12 0.043936823 
742 70 8 9 0.043921154 
293 110 10 13 0.043767065 
153 140 21 32 0.043712363 
39 86 9 10 0.043698855 
896 169 23 40 0.0436497 
685 144 22 30 0.043586243 
389 177 27 32 0.043510776 
913 247 47 75 0.04345922 
567 152 26 35 0.042973004 
395 100 10 13 0.042963494 
28 134 25 31 0.042961817 
376 225 24 37 0.042934425 
927 128 13 16 0.042843085 
15 109 12 14 0.04270081 
381 56 8 10 0.04242734 
0 91 9 14 0.042424932 
997 246 24 46 0.042331483 
925 154 13 16 0.04231372 
144 88 8 10 0.04226798 
781 161 14 21 0.042251687 
929 107 10 14 0.042116065 
385 92 10 14 0.04198657 
30 149 24 33 0.041894853 
542 128 14 20 0.04181957 
422 108 9 13 0.041772027 
523 180 14 18 0.041623846 
106 167 43 56 0.041580345 
381 63 8 9 0.041391928 
199 95 9 10 0.04133735 
668 190 17 23 0.041235015 
384 129 13 18 0.04121638 
887 88 9 10 0.04112399 
134 85 10 11 0.04099725 
183 192 35 50 0.04095126 
375 71 8 9 0.040919647 
103 108 21 25 0.040778406 
182 118 11 15 0.040713035 
568 78 7 9 0.04064186 
707 111 11 13 0.040504925 
910 80 8 10 0.04049833 
366 157 15 21 0.040421054 
284 129 17 22 0.04022272 
672 79 8 10 0.040204488 
789 118 12 15 0.040193714 
918 72 8 10 0.040158693 
910 201 26 37 0.040156998 
620 99 11 14 0.040117368 
433 162 15 19 0.04004244 
159 93 9 10 0.03992048 
118 106 13 15 0.039841566 
384 231 46 66 0.03973294 
667 108 12 14 0.039714847 
368 179 34 47 0.03967603 
878 87 8 11 0.03967059 
429 123 14 17 0.039619006 
958 78 8 9 0.039269343 
158 78 8 10 0.0392234 
904 91 8 11 0.03920986 
449 89 7 10 0.039142873 
24 79 8 10 0.03912912 
104 140 25 34 0.0389928 
969 130 20 28 0.038932588 
311 84 10 14 0.03890216 
569 72 7 9 0.038809374 
792 110 9 12 0.03877 
1004 220 17 26 0.03873721 
977 80 9 10 0.03834711 
253 67 9 12 0.038322393 
776 70 7 9 0.03829993 
351 119 11 14 0.03828688 
368 76 9 12 0.03812748 
247 205 40 59 0.037917513 
929 216 32 48 0.037909277 
471 72 6 9 0.037823047 
381 118 11 13 0.03778352 
295 72 8 11 0.037605938 
950 205 13 17 0.037515342 
481 64 7 10 0.03749892 
622 78 7 9 0.037334993 
621 117 21 30 0.037329733 
514 61 7 9 0.037313078 
369 64 8 10 0.037309624 
698 150 28 37 0.03727381 
961 110 9 12 0.03718728 
394 126 13 16 0.03712328 
246 103 10 13 0.037039414 
236 128 15 17 0.036960103 
639 128 17 24 0.03683762 
393 64 8 10 0.036798105 
768 119 12 15 0.036789905 
665 87 7 9 0.036748137 
913 95 8 10 0.03673282 
861 121 14 16 0.036619455 
587 130 13 18 0.036547333 
71 107 10 13 0.03654198 
448 263 53 62 0.03653586 
238 89 8 9 0.036382616 
471 79 8 10 0.036373254 
634 105 13 17 0.036360696 
111 254 40 47 0.036357865 
696 124 11 14 0.03630339 
570 94 8 11 0.036289107 
430 64 8 9 0.036190357 
526 77 7 10 0.03617858 
223 151 18 25 0.036156088 
941 110 10 12 0.03612953 
601 74 7 9 0.03612136 
504 126 10 12 0.035950307 
12 149 26 35 0.03576706 
945 100 10 12 0.035712544 
827 130 14 19 0.0355539 
263 95 9 10 0.03554752 
60 125 15 23 0.03543746 
1001 77 8 10 0.035412 
592 149 26 35 0.035406545 
394 107 12 15 0.035302278 
920 124 10 12 0.035286658 
793 87 8 10 0.035241198 
784 71 8 10 0.035222735 
271 78 8 11 0.035058603 
167 94 8 9 0.034946088 
734 87 8 9 0.034888916 
487 80 8 9 0.034880612 
370 70 8 10 0.034879893 
71 80 8 10 0.03487318 
394 69 7 10 0.03484277 
540 187 16 19 0.03481274 
68 95 9 12 0.034751307 
458 78 8 9 0.03471524 
269 71 9 11 0.034616247 
343 123 14 18 0.034586918 
288 110 10 12 0.03457594 
125 79 9 10 0.03451916 
584 100 9 12 0.034486692 
113 125 16 19 0.034469355 
890 186 41 51 0.034430288 
79 102 11 14 0.03440322 
825 112 11 14 0.034390226 
239 113 13 17 0.03429701 
167 131 20 30 0.034295116 
41 150 24 33 0.034290753 
306 152 24 41 0.034240484 
564 159 15 22 0.033950172 
838 125 10 14 0.03384965 
111 94 12 14 0.03384723 
577 120 11 15 0.03381268 
981 139 41 54 0.033774044 
5 94 10 12 0.033745743 
121 156 38 51 0.03365439 
726 85 9 11 0.033552237 
191 96 8 9 0.03341417 
1000 210 20 22 0.03340465 
154 79 7 9 0.03339846 
383 109 10 13 0.033387292 
479 239 54 57 0.03334689 
31 79 8 10 0.033325154 
782 145 13 19 0.033283573 
565 148 13 17 0.033105433 
280 88 7 10 0.0330412 
516 121 12 16 0.03297079 
87 82 10 12 0.032861803 
759 96 10 10 0.032841466 
381 191 31 38 0.03277706 
607 73 7 8 0.0326961 
308 94 12 14 0.03269097 
179 124 20 29 0.03264483 
557 88 8 9 0.032568365 
265 76 9 11 0.03254308 
644 117 17 22 0.03248567 
927 85 9 10 0.032439638 
754 110 9 11 0.03243135 
87 95 9 11 0.032425262 
914 149 16 17 0.032334737 
242 120 19 25 0.032071073 
961 132 11 15 0.03206665 
927 80 9 10 0.03194985 
951 324 44 62 0.03188568 
416 79 9 10 0.0318664 
548 116 15 18 0.03186304 
688 93 8 11 0.031791184 
42 88 19 24 0.031738073 
182 94 8 10 0.03168524 
422 115 11 13 0.031597093 
518 93 8 10 0.031596042 
671 167 33 39 0.03156895 
182 169 15 23 0.0315528 
198 115 14 18 0.031535514 
685 154 29 35 0.031531658 
228 125 12 15 0.03146119 
30 130 40 49 0.03142287 
701 124 13 16 0.031400423 
511 73 7 9 0.031356797 
536 72 6 8 0.0313244 
478 134 10 12 0.031269677 
912 104 10 13 0.031267185 
848 71 8 11 0.031213054 
729 62 9 10 0.031191649 
787 77 7 10 0.03117298 
0 116 10 14 0.031092035 
54 77 9 10 0.031064132 
28 109 10 14 0.031037763 
212 141 16 23 0.031037763 
202 78 8 10 0.031015158 
448 121 11 16 0.030964628 
982 79 7 10 0.030929934 
263 135 22 25 0.030847363 
426 164 25 32 0.030843636 
447 71 8 10 0.030839263 
205 88 8 10 0.030815864 
478 97 12 16 0.030739797 
174 102 9 12 0.030638577 
613 127 15 19 0.030580904 
721 137 25 37 0.030568404 
319 185 32 40 0.030538652 
945 87 8 9 0.030499931 
941 309 36 53 0.030405553 
501 235 52 55 0.030252183 
97 62 7 10 0.0302039 
871 78 8 10 0.030163784 
215 92 10 13 0.030162461 
460 115 12 16 0.030114597 
288 77 8 9 0.030102883 
90 148 34 39 0.030088527 
580 156 25 34 0.030050583 
554 123 16 20 0.02998724 
539 140 24 32 0.029984731 
115 153 16 25 0.02992328 
281 79 7 9 0.029848924 
614 88 7 8 0.029834978 
273 87 8 9 0.029826825 
1011 178 12 18 0.029747417 
1005 96 19 25 0.029711012 
184 72 9 10 0.029615248 
769 87 7 8 0.029456995 
221 93 10 12 0.029437473 
288 204 24 38 0.029409366 
751 78 8 9 0.029366687 
486 134 11 13 0.029334998 
521 77 8 9 0.0293069 
535 94 8 10 0.029260043 
793 92 8 11 0.029256709 
255 37 8 10 0.029230552 
652 275 48 54 0.029132765 
254 86 8 10 0.029127104 
623 256 29 42 0.029127033 
664 103 10 12 0.029123556 
530 54 8 10 0.029115105 
210 107 12 14 0.029111532 
509 153 23 29 0.029078467 
415 142 14 22 0.02907028 
243 107 12 16 0.02902989 
769 133 22 29 0.029027404 
893 137 12 16 0.028975813 
356 177 23 37 0.02897569 
168 89 8 10 0.02894229 
502 116 10 12 0.028814675 
25 192 15 19 0.02879172 
424 255 58 76 0.028746892 
161 72 8 10 0.028732203 
975 105 9 11 0.028590614 
528 87 7 10 0.028561493 
397 63 8 10 0.028523665 
250 138 21 31 0.028514551 
518 157 23 31 0.028451713 
408 95 9 11 0.02844366 
907 152 40 52 0.028420262 
844 126 10 14 0.0283936 
879 92 8 11 0.028307596 
472 63 7 9 0.028305784 
382 69 8 10 0.02827971 
774 178 33 48 0.028269885 
-2 215 26 44 0.028266674 
32 87 8 10 0.028205821 
486 141 12 14 0.028166963 
566 253 40 45 0.028137127 
540 169 15 21 0.028116506 
1004 109 20 24 0.028099313 
945 95 8 11 0.028099015 
745 54 6 9 0.028054649 
125 116 11 13 0.028011525 
438 115 11 13 0.027992701 
244 131 22 28 0.027917521 
471 142 12 16 0.027852556 
600 80 20 27 0.02784951 
987 116 13 14 0.027825048 
511 99 9 11 0.027778797 
585 113 20 26 0.027764246 
336 1 44 55 0.027710129 
424 63 8 10 0.027672123 
81 197 42 39 0.027662698 
708 164 28 39 0.027658956 
908 182 27 41 0.027622009 
222 224 49 64 0.027557002 
586 71 7 9 0.027529813 
220 123 11 15 0.027510785 
264 103 11 13 0.027423684 
739 118 11 12 0.027248558 
870 270 27 29 0.0272065 
270 100 11 14 0.027179204 
742 96 8 10 0.027150126 
125 107 10 14 0.027122047 
472 86 8 10 0.027085118 
986 125 14 16 0.027047362 
99 133 25 28 0.027036268 
785 127 20 24 0.027023911 
705 81 7 9 0.027018989 
776 285 54 66 0.02699584 
945 79 7 9 0.026994273 
135 103 10 13 0.026993688 
600 79 7 8 0.02698763 
450 155 16 22 0.02688055 
189 79 8 10 0.026876494 
534 55 8 10 0.026873183 
428 95 9 11 0.026873047 
425 217 18 24 0.02686996 
578 135 14 18 0.026686447 
989 109 11 13 0.026643455 
583 110 10 11 0.026639504 
620 122 12 17 0.026577646 
992 48 7 10 0.026575577 
859 139 16 19 0.026535962 
920 88 7 9 0.026484437 
590 86 8 10 0.02641066 
459 171 15 24 0.02638724 
1002 101 10 13 0.026370237 
145 95 8 10 0.026357885 
969 125 10 15 0.026357763 
470 100 11 14 0.026355717 
862 73 9 10 0.026345279 
495 64 8 8 0.02633131 
628 102 20 29 0.026294988 
505 127 20 26 0.02627723 
670 86 7 9 0.026275873 
7 100 9 12 0.026243905 
364 132 14 18 0.02610505 
5 190 26 39 0.026080383 
672 152 27 32 0.026074886 
801 159 23 29 0.025998414 
188 115 13 17 0.025936244 
286 100 9 11 0.025932394 
16 87 8 10 0.025860155 
492 141 13 16 0.025846679 
108 269 52 55 0.02583822 
858 117 9 12 0.025830362 
182 146 10 16 0.025810659 
971 143 23 31 0.025677584 
54 96 13 15 0.02567213 
288 89 8 10 0.025654793 
602 162 18 31 0.02565424 
377 62 7 10 0.025652591 
895 105 8 10 0.02564902 
65 85 9 11 0.02563557 
315 260 16 21 0.025592849 
156 193 27 41 0.025581177 
804 128 14 21 0.025538864 
902 142 12 16 0.025536869 
774 110 10 11 0.02546018 
18 309 44 46 0.025318729 
401 251 32 53 0.025295889 
572 127 24 28 0.0252272 
317 136 13 19 0.025216708 
797 17 11 15 0.025199475 
829 301 29 35 0.025195632 
103 78 9 11 0.025156928 
630 112 24 32 0.02507256 
952 78 8 11 0.024978802 
254 103 9 13 0.024914715 
57 73 8 10 0.024880184 
134 116 11 16 0.0248764 
188 123 15 21 0.024872117 
975 85 9 10 0.02486324 
15 93 8 10 0.024845447 
728 103 9 11 0.024844328 
553 79 8 8 0.024839124 
887 79 8 9 0.024812566 
365 118 9 13 0.024788056 
606 78 7 9 0.02474967 
835 307 17 22 0.024746967 
325 93 11 14 0.024682177 
776 66 7 8 0.024657197 
418 71 7 9 0.02464067 
421 126 13 18 0.024638273 
859 131 15 17 0.024573263 
171 202 17 23 0.024541609 
160 101 10 11 0.024525294 
964 191 14 20 0.02450619 
515 130 13 18 0.024482263 
457 121 18 24 0.024313815 
126 71 8 9 0.024272908 
500 138 13 18 0.024261894 
735 131 13 18 0.024236968 
487 63 7 10 0.024207663 
645 89 9 11 0.02417243 
617 77 8 9 0.024111805 
78 175 17 27 0.024108795 
823 113 19 24 0.024039159 
277 106 12 13 0.024020286 
814 110 10 12 0.024018364 
719 92 8 10 0.024008766 
189 171 24 41 0.023991099 
729 58 7 9 0.023984887 
897 206 26 36 0.02394451 
989 226 32 51 0.023936534 
966 157 11 15 0.023936048 
22 157 27 36 0.0239234 
935 70 8 9 0.023903696 
305 66 7 9 0.02387633 
719 115 11 13 0.023842696 
772 147 21 30 0.023805214 
894 107 10 14 0.023791388 
302 97 20 27 0.023776803 
688 111 9 11 0.023762165 
437 125 12 14 0.023718106 
518 139 16 23 0.023692574 
957 70 8 11 0.023679914 
485 146 15 16 0.023661563 
206 95 10 12 0.023603417 
782 148 20 30 0.023467025 
782 120 11 13 0.023459349 
921 163 17 22 0.02344323 
423 88 7 9 0.02342937 
263 89 8 9 0.02340053 
521 72 7 9 0.023322856 
207 239 34 44 0.023294779 
961 116 9 12 0.023282344 
30 100 10 13 0.023269782 
937 64 7 9 0.023248367 
625 110 10 15 0.023225283 
678 78 7 9 0.023217818 
388 214 17 26 0.02320145 
990 103 10 12 0.023185713 
753 182 30 40 0.023168096 
970 163 14 18 0.023138188 
38 108 13 16 0.023111038 
729 95 8 11 0.023108808 
412 173 16 22 0.02307333 
375 125 11 15 0.022966303 
408 57 8 10 0.022964528 
116 115 14 15 0.02292975 
951 120 10 12 0.022920134 
23 84 8 11 0.022886256 
1007 78 7 9 0.022873694 
465 63 6 8 0.022827799 
935 95 8 10 0.022811862 
18 71 7 10 0.022801233 
853 146 15 19 0.02279992 
593 127 24 29 0.022780184 
259 299 35 40 0.022774514 
939 208 29 33 0.022763813 
276 89 19 24 0.02274523 
188 164 14 20 0.022732219 
739 125 13 17 0.022726482 
604 133 13 16 0.022700928 
424 125 22 28 0.022625815 
591 63 7 9 0.022619838 
72 152 17 22 0.022609275 
878 231 30 37 0.02259661 
496 56 8 9 0.022537015 
822 278 59 59 0.022534346 
272 48 7 9 0.022514394 
324 76 11 14 0.022508591 
1000 110 11 13 0.022480147 
562 119 19 26 0.022473134 
471 118 20 24 0.02240031 
248 84 10 10 0.02239276 
857 123 11 14 0.02237967 
109 90 19 24 0.022377707 
189 155 40 50 0.022375882 
121 72 8 10 0.022344695 
888 137 12 15 0.02233779 
673 72 7 9 0.022319729 
266 116 14 16 0.022227041 
543 63 7 8 0.02218814 
768 64 6 8 0.022151731 
856 110 9 12 0.022139536 
928 62 7 9 0.022126306 
252 187 38 54 0.022116678 
257 94 8 10 0.022107478 
637 116 12 17 0.022099236 
701 106 20 23 0.022008533 
939 161 23 31 0.022006974 
608 62 7 9 0.021993717 
254 117 11 16 0.021974884 
95 95 10 13 0.02197349 
542 200 24 33 0.021971872 
956 103 9 11 0.021955501 
679 72 8 10 0.021930184 
375 119 10 13 0.02184647 
648 76 7 9 0.021835899 
590 95 8 10 0.021780858 
16 103 10 12 0.021766754 
71 85 8 10 0.021736411 
962 86 9 12 0.021667784 
294 88 9 11 0.021657687 
-1 183 12 23 0.021635773 
218 73 7 10 0.021622837 
634 138 29 37 0.021620004 
720 104 9 10 0.021617915 
832 136 20 28 0.021612639 
656 171 28 43 0.021564389 
368 210 27 35 0.021533871 
755 88 7 10 0.021519803 
411 213 16 26 0.021479424 
467 107 12 15 0.021402044 
236 137 15 18 0.021401064 
875 273 16 19 0.021389341 
670 95 8 10 0.021372117 
548 167 14 20 0.021322966 
775 103 8 10 0.021283884 
269 184 40 54 0.021270407 
110 101 22 25 0.021265656 
599 119 13 18 0.021210672 
528 175 25 30 0.021209368 
356 160 25 34 0.02117038 
201 216 25 42 0.02113987 
309 134 14 21 0.02112247 
977 63 7 10 0.021092849 
764 108 11 13 0.021060172 
306 138 22 34 0.021053275 
456 102 19 25 0.0209729 
834 111 12 15 0.020945966 
574 72 7 9 0.020919947 
697 86 7 9 0.020910827 
509 82 17 23 0.02089979 
431 87 8 10 0.02081864 
734 80 7 9 0.020758258 
886 108 9 12 0.020741696 
816 180 21 25 0.020737095 
993 79 7 10 0.020729795 
610 115 21 25 0.020712439 
566 110 9 11 0.02070051 
516 195 14 17 0.020693304 
371 219 14 19 0.020684803 
177 79 8 9 0.020674044 
752 100 8 10 0.020628368 
824 135 20 26 0.020574266 
299 130 16 24 0.020567605 
141 173 23 32 0.020563014 
150 71 8 10 0.02055333 
9 187 43 55 0.020552991 
211 118 14 18 0.020540474 
956 185 25 30 0.0205335 
1015 85 8 12 0.020524308 
440 64 7 9 0.020494383 
865 86 11 12 0.020484094 
842 312 39 38 0.020459859 
266 126 16 19 0.020443924 
565 168 17 25 0.020409383 
961 157 11 15 0.020402368 
960 218 53 59 0.020308005 
440 86 7 10 0.020305121 
398 86 8 11 0.020269258 
478 108 13 15 0.020232428 
148 37 10 12 0.020197578 
353 71 9 12 0.020165656 
391 80 7 8 0.020155298 
962 162 23 30 0.020138698 
485 94 9 11 0.020119442 
895 88 8 10 0.020106498 
200 72 9 11 0.02009074 
955 201 16 20 0.020043802 
866 255 48 56 0.020022571 
