2_Demonstration_Demonstrators_2_268
283
268 256 26 31 0.99921286 
78 283 32 42 0.9988801 
362 263 23 29 0.9904861 
976 260 39 47 0.98779374 
30 265 16 19 0.981351 
574 281 25 28 0.9719876 
682 246 19 24 0.97065824 
840 278 22 24 0.95921123 
721 360 22 28 0.91607285 
538 248 13 17 0.8980127 
452 261 11 14 0.8869814 
949 262 15 21 0.8704288 
238 261 16 18 0.82623136 
616 277 12 15 0.807148 
75 251 14 18 0.8011166 
878 255 17 19 0.7513734 
601 258 10 13 0.733394 
217 252 13 17 0.60651356 
164 285 22 25 0.568201 
292 300 21 28 0.5482526 
504 266 11 14 0.5427484 
103 265 9 12 0.37922117 
727 255 9 11 0.36729547 
154 265 21 22 0.35996693 
409 247 10 12 0.3120242 
442 276 10 12 0.302957 
135 271 13 16 0.26657945 
204 317 12 17 0.2427356 
852 326 12 15 0.23710436 
912 246 11 13 0.2350043 
156 271 24 28 0.23364583 
471 291 12 14 0.23186608 
214 265 13 15 0.22804195 
640 291 10 12 0.21786843 
487 263 12 14 0.21265323 
0 281 11 19 0.19758411 
525 254 9 13 0.194066 
782 256 8 9 0.18602382 
929 255 9 11 0.18015926 
502 284 11 14 0.17977038 
665 251 10 12 0.17392677 
492 262 11 14 0.16837199 
341 276 14 18 0.1584414 
768 262 9 10 0.14720145 
625 254 8 11 0.14312918 
642 247 9 11 0.14077577 
581 264 14 15 0.13685735 
204 269 12 15 0.12608294 
367 244 12 14 0.12335018 
82 260 11 15 0.12134128 
613 290 11 14 0.1175593 
671 252 9 14 0.11539328 
413 251 10 13 0.10252794 
818 256 7 10 0.09917497 
429 278 8 12 0.09916297 
423 303 10 14 0.099027 
459 260 11 14 0.09846532 
447 257 12 15 0.09520353 
726 248 9 12 0.09451123 
623 260 10 11 0.09445357 
761 256 7 9 0.09396779 
310 262 9 11 0.09123167 
849 253 9 11 0.0886709 
834 254 9 13 0.08739784 
388 268 12 16 0.08686713 
437 186 15 17 0.08452886 
202 273 10 14 0.08179039 
640 251 10 13 0.08098546 
469 255 10 12 0.07866916 
785 271 9 12 0.0783523 
855 253 10 12 0.07469661 
774 310 8 10 0.07399905 
12 276 11 15 0.07213489 
301 272 18 21 0.0710294 
638 311 9 12 0.07082479 
507 262 11 15 0.07065434 
918 251 9 12 0.07039494 
712 129 11 14 0.069083594 
441 260 11 13 0.06783097 
62 261 12 16 0.0676185 
717 311 11 12 0.0666665 
176 289 13 18 0.06659523 
93 281 25 34 0.06503781 
594 282 14 20 0.062451206 
766 257 8 10 0.060417105 
656 261 8 11 0.060003854 
12 330 11 15 0.060002387 
607 240 10 12 0.05988089 
631 285 11 14 0.059873182 
162 295 26 31 0.059720546 
406 234 16 20 0.05885415 
862 248 9 12 0.055967048 
446 267 13 16 0.055075362 
784 262 9 10 0.05496587 
389 254 11 14 0.05336338 
933 259 11 13 0.053150866 
775 271 8 10 0.053050097 
777 278 9 10 0.052455794 
824 277 11 14 0.052194964 
629 254 9 11 0.052009568 
519 257 13 17 0.051261894 
612 299 11 13 0.05122162 
773 263 8 10 0.050972726 
443 302 11 14 0.050662722 
621 246 10 12 0.050022587 
643 293 10 12 0.050022334 
621 331 11 12 0.049791697 
1005 235 16 21 0.049603924 
583 248 10 11 0.04864453 
806 262 8 9 0.048395615 
782 276 9 11 0.048075065 
537 231 10 13 0.046568695 
847 320 20 26 0.046468373 
821 256 9 11 0.045715638 
761 261 9 11 0.045403656 
462 255 11 14 0.045083147 
390 273 12 18 0.04475838 
720 270 8 11 0.044701535 
424 284 11 15 0.044667184 
733 254 8 11 0.04448455 
486 291 9 13 0.043953232 
535 236 12 16 0.043834813 
759 268 10 12 0.043359526 
904 246 10 12 0.04326613 
429 301 12 14 0.043180104 
742 288 7 10 0.04313145 
62 251 14 18 0.04257572 
791 263 7 10 0.04253506 
721 247 9 12 0.042312935 
452 219 12 14 0.04190399 
960 365 32 35 0.04133423 
728 276 9 11 0.04068843 
800 263 8 10 0.040616687 
777 255 9 10 0.040310428 
605 298 13 16 0.04024969 
852 385 13 15 0.04022268 
870 266 12 17 0.040185805 
419 236 10 14 0.040009357 
762 278 8 11 0.039176874 
722 253 9 12 0.039076753 
448 239 8 11 0.038567226 
616 244 10 12 0.038495343 
754 257 6 8 0.03847358 
668 246 11 16 0.03835018 
476 287 11 14 0.038210873 
416 260 11 13 0.037865996 
503 274 13 18 0.037730552 
514 314 14 17 0.03648974 
501 263 17 23 0.036477078 
24 316 11 13 0.035956126 
55 245 12 16 0.034789186 
322 271 17 21 0.03477198 
919 278 10 13 0.034510165 
232 259 15 18 0.034350906 
300 293 13 16 0.034174036 
642 241 8 11 0.034158397 
343 268 22 28 0.033639107 
570 336 9 10 0.033513717 
454 237 10 12 0.033365604 
179 233 22 28 0.033236228 
505 282 15 18 0.032920092 
342 255 11 14 0.032612864 
483 260 20 25 0.032423556 
85 234 12 15 0.032414176 
106 285 15 24 0.032402948 
644 252 10 12 0.032373045 
5 276 13 20 0.03205416 
935 247 10 12 0.03195311 
881 263 15 18 0.031932406 
582 252 12 13 0.031684518 
898 349 13 15 0.031447224 
872 258 14 18 0.030434053 
451 273 13 16 0.030274041 
734 271 8 11 0.029906444 
481 261 10 13 0.029740088 
109 278 12 15 0.029182423 
780 308 10 12 0.02915534 
330 270 19 25 0.029079583 
286 243 12 16 0.029031927 
905 251 10 13 0.028962238 
327 311 11 15 0.028917694 
775 294 9 12 0.028848255 
752 261 8 10 0.028528515 
616 255 8 10 0.028513268 
480 267 11 14 0.028343037 
408 318 11 14 0.028240101 
872 254 11 14 0.028168777 
508 239 11 13 0.02794609 
477 275 11 14 0.027886223 
206 285 10 12 0.027623003 
14 272 10 13 0.027506286 
505 244 10 12 0.027371146 
646 270 8 11 0.027306907 
276 226 14 15 0.027269695 
6 329 13 20 0.02690513 
629 262 10 13 0.026658943 
799 268 9 10 0.026594182 
101 272 15 21 0.026352081 
658 245 9 13 0.02626052 
437 243 11 14 0.026247293 
130 246 8 10 0.02618528 
801 279 8 10 0.02612481 
734 276 7 10 0.026112804 
397 282 11 15 0.02599932 
150 270 16 22 0.025945924 
129 274 13 15 0.025844283 
588 247 10 13 0.025816817 
599 238 10 12 0.025719387 
494 257 11 13 0.02558771 
742 272 8 11 0.025472557 
721 276 9 11 0.025451805 
766 284 8 11 0.025073824 
460 277 10 13 0.025055265 
597 255 18 21 0.02480801 
833 248 9 11 0.024688482 
836 259 10 12 0.02468274 
671 256 12 16 0.02459039 
575 262 14 16 0.024416475 
769 303 8 11 0.024409028 
18 326 21 27 0.024404796 
589 261 11 13 0.024340663 
631 267 11 14 0.023991374 
732 260 9 11 0.023980243 
198 307 22 27 0.023700966 
463 248 10 12 0.02366792 
106 260 12 17 0.023663972 
431 272 9 12 0.02364867 
587 278 15 19 0.023646751 
477 221 406 493 0.023645489 
567 254 9 11 0.02363634 
380 266 14 19 0.023592506 
285 260 24 29 0.023573827 
190 287 11 14 0.023550503 
616 262 8 10 0.023470897 
622 240 8 11 0.023410492 
591 254 10 12 0.023394462 
752 309 8 11 0.023250679 
55 259 13 19 0.023169735 
118 306 15 19 0.023137517 
33 339 12 15 0.022933606 
547 252 12 15 0.022930596 
1 348 26 42 0.02259306 
152 282 25 31 0.022578973 
191 269 9 13 0.022571068 
657 255 8 12 0.022524333 
388 261 20 28 0.022460308 
592 231 10 11 0.022356438 
586 266 14 17 0.022265209 
774 304 9 11 0.02225246 
182 248 12 16 0.02213225 
800 256 8 10 0.022086624 
751 278 9 12 0.021946063 
830 271 10 14 0.021928743 
645 277 10 12 0.021861142 
814 270 11 13 0.021858245 
195 292 11 13 0.02180049 
417 302 10 13 0.021667732 
97 261 11 14 0.021604022 
824 311 9 11 0.021439252 
3 287 13 18 0.02143878 
275 287 16 19 0.021385167 
71 270 31 39 0.021258902 
575 253 11 12 0.021100748 
454 246 10 12 0.02110042 
398 308 11 14 0.021083515 
526 245 12 16 0.021047022 
95 252 11 14 0.021045813 
198 285 10 12 0.02095426 
910 269 10 13 0.020921797 
439 306 12 13 0.020856328 
639 300 12 15 0.020680098 
807 292 11 15 0.020670203 
422 270 10 14 0.02061093 
440 255 19 25 0.020557936 
69 295 18 21 0.020368526 
419 243 11 15 0.020288864 
407 302 9 13 0.02028307 
708 262 13 15 0.020254834 
873 281 16 19 0.020194814 
178 305 15 18 0.020160852 
419 253 11 14 0.020142363 
645 299 11 15 0.02010368 
180 205 12 14 0.02003107 
