2_Demonstration_Political_Rally_2_763
25
532 154 90 125 0.99948716 
669 186 57 70 0.9994235 
438 198 48 62 0.9969131 
740 216 48 60 0.9968984 
290 102 85 116 0.996711 
801 242 72 100 0.99571013 
249 143 50 72 0.9903156 
485 223 58 79 0.9746712 
642 229 29 35 0.8828346 
500 202 77 103 0.42753214 
389 187 43 54 0.23084888 
136 106 11 15 0.07894651 
634 225 44 60 0.05918842 
155 130 27 34 0.033177275 
152 124 46 52 0.027912619 
724 225 26 37 0.027571892 
95 85 9 12 0.026930232 
2 52 8 12 0.025674285 
796 25 12 16 0.023510812 
136 147 14 18 0.022326041 
485 215 37 60 0.021949919 
364 200 49 60 0.021405626 
1 108 25 45 0.021347249 
834 135 17 21 0.02034281 
0 102 11 18 0.020057071 
