2_Demonstration_Protesters_2_476
112
769 357 25 32 0.99625164 
685 382 22 31 0.992718 
187 412 26 36 0.9917231 
409 379 48 54 0.98920023 
273 385 41 55 0.98584867 
198 357 28 38 0.9728497 
920 375 22 27 0.8837103 
17 342 28 40 0.874914 
106 383 51 58 0.7558855 
97 316 36 39 0.6200112 
582 401 27 33 0.61565155 
325 391 31 40 0.50097954 
450 381 26 36 0.34574997 
329 377 31 39 0.335081 
255 369 31 42 0.30389857 
882 379 16 19 0.2912047 
612 375 14 18 0.23409098 
789 478 16 19 0.19804269 
255 358 29 32 0.13865572 
618 395 17 22 0.10056027 
239 340 11 14 0.0943597 
883 387 18 22 0.09407032 
197 414 28 39 0.086270206 
103 318 54 59 0.07808264 
762 337 38 58 0.07485132 
334 400 31 39 0.07356724 
626 398 17 24 0.06734412 
879 373 14 20 0.06647813 
122 279 46 53 0.062385544 
240 376 27 35 0.061427772 
221 345 13 15 0.05345577 
162 400 18 24 0.048920035 
173 366 22 29 0.048883975 
387 418 23 29 0.046235558 
634 401 14 20 0.04610062 
118 249 34 35 0.04595565 
136 392 33 44 0.045842305 
253 360 16 22 0.044394925 
99 347 62 72 0.04423379 
594 374 12 17 0.04422009 
137 333 24 28 0.042645276 
609 379 24 27 0.041886784 
187 348 12 16 0.041779455 
218 363 15 20 0.039701317 
164 397 28 36 0.03835101 
193 335 8 10 0.03823457 
681 371 18 21 0.037640195 
652 383 17 23 0.03709631 
660 452 18 19 0.036420297 
178 342 8 10 0.035416357 
612 354 12 15 0.03509851 
108 292 47 54 0.03375074 
491 402 23 27 0.033185534 
318 404 40 51 0.032895096 
175 400 33 40 0.032328166 
865 437 23 35 0.03171719 
259 349 15 18 0.031695463 
220 353 14 19 0.0315469 
612 364 13 16 0.031187681 
580 469 24 35 0.030661952 
632 356 10 15 0.030168574 
619 404 17 23 0.02948346 
951 369 15 22 0.028918607 
182 343 9 12 0.028824212 
167 369 15 21 0.028192358 
145 334 15 17 0.027909758 
23 365 15 22 0.02682348 
315 398 28 39 0.026371546 
188 355 14 20 0.025575347 
616 331 13 16 0.025517784 
231 356 11 17 0.024481054 
237 334 21 26 0.024229812 
646 373 12 17 0.023797894 
889 381 15 18 0.023471346 
78 355 15 19 0.02325897 
205 341 11 12 0.023195824 
206 358 39 49 0.023078317 
130 431 26 30 0.023076005 
25 338 17 24 0.023054518 
344 382 18 23 0.022846805 
181 355 24 33 0.022634262 
617 371 15 20 0.022571595 
943 481 13 17 0.022546653 
70 361 49 56 0.022387428 
890 205 49 63 0.022384318 
226 359 22 30 0.022359688 
597 407 20 23 0.022351695 
235 370 16 20 0.022287173 
272 339 11 15 0.022252837 
341 314 31 40 0.022228746 
654 372 14 17 0.022140114 
667 392 16 21 0.022042643 
358 407 15 19 0.022023704 
243 371 14 19 0.022001944 
955 458 39 56 0.021920178 
64 320 9 11 0.021769162 
670 371 14 19 0.021668147 
275 567 31 32 0.021550698 
190 342 10 13 0.02142479 
684 363 15 19 0.021319205 
66 394 48 53 0.021243542 
230 372 25 31 0.021143174 
109 256 30 36 0.02075665 
673 386 25 34 0.020728346 
84 323 28 33 0.02061462 
633 422 22 32 0.020573882 
644 337 13 16 0.02049978 
204 336 10 11 0.020431511 
620 366 23 30 0.02035249 
243 335 12 15 0.020186493 
177 337 8 11 0.0201516 
676 364 17 20 0.020143427 
