2_Demonstration_Protesters_2_12
80
921 328 52 64 0.99741614 
827 329 44 65 0.9968419 
374 320 45 61 0.9949456 
18 348 55 71 0.9942367 
52 305 50 64 0.9933925 
293 282 49 61 0.9930813 
635 348 49 68 0.99142504 
485 313 48 59 0.990586 
768 285 39 47 0.9842084 
398 266 36 45 0.9824722 
422 338 41 56 0.95985746 
681 275 45 56 0.9587653 
642 314 45 60 0.872538 
664 582 30 52 0.76388466 
597 311 43 50 0.7325355 
543 571 14 20 0.5123694 
183 304 39 48 0.4732752 
635 534 11 14 0.376326 
167 311 40 52 0.21102266 
473 587 18 22 0.18798812 
625 602 10 14 0.16093452 
907 318 29 39 0.13374712 
506 285 14 17 0.12733653 
476 260 16 20 0.12059268 
225 294 17 21 0.10357883 
1004 311 21 43 0.10247408 
682 592 41 51 0.09784194 
717 326 34 50 0.09334365 
769 338 45 59 0.0878006 
372 292 32 36 0.08518429 
549 263 20 28 0.08512804 
263 508 33 34 0.08034709 
342 314 40 56 0.07481723 
912 307 32 38 0.07432542 
911 327 40 47 0.0717204 
660 309 43 59 0.070962965 
595 571 25 27 0.0702011 
992 323 30 48 0.059246812 
961 298 37 55 0.05771473 
744 559 42 59 0.05312589 
764 316 45 57 0.051089592 
700 298 42 58 0.050788887 
455 335 28 39 0.047739428 
703 587 41 55 0.04580904 
159 319 29 48 0.045453127 
506 330 32 41 0.04541855 
940 302 44 61 0.044120356 
1011 334 13 25 0.042786736 
909 318 16 22 0.041482154 
965 297 16 19 0.040856384 
926 305 34 36 0.040457394 
733 318 40 55 0.038579 
725 271 15 20 0.03781513 
941 303 29 34 0.037128873 
462 577 27 31 0.036824588 
895 340 24 33 0.035841294 
960 297 25 34 0.034104254 
607 328 36 51 0.033669677 
628 573 11 12 0.032878976 
722 574 35 54 0.03137175 
151 333 26 39 0.030767314 
504 278 12 17 0.029369991 
665 519 26 30 0.028512085 
551 262 12 17 0.028440883 
170 337 29 43 0.026601566 
768 361 34 52 0.026474394 
590 334 37 47 0.025790948 
632 532 18 22 0.025734952 
597 566 16 17 0.025492001 
440 338 35 43 0.024920234 
622 599 21 30 0.023840697 
717 381 45 63 0.023477932 
209 293 28 35 0.02304488 
597 583 15 18 0.022799194 
753 535 64 76 0.022179076 
629 586 26 34 0.022097904 
655 573 11 15 0.02149628 
970 293 12 16 0.020580739 
711 568 33 50 0.020517483 
335 317 30 40 0.020007072 
