2_Demonstration_Demonstrators_2_456
47
1 275 104 130 0.9978073 
905 487 77 88 0.99358374 
632 425 76 105 0.9924124 
348 37 91 111 0.9813954 
461 348 67 93 0.98111695 
171 212 74 92 0.9677485 
227 467 50 66 0.9154956 
850 234 107 118 0.68657714 
54 96 28 40 0.23507641 
37 112 35 33 0.19826306 
62 84 27 45 0.1978403 
185 261 61 79 0.15670764 
217 317 39 49 0.09708809 
204 288 51 68 0.09520565 
21 339 68 86 0.08271413 
919 -3 47 33 0.082369275 
873 417 38 51 0.06122519 
550 2 113 95 0.06046737 
131 422 50 55 0.046315905 
67 530 25 29 0.04355667 
846 21 57 66 0.04336063 
348 5 72 86 0.042311363 
66 411 43 54 0.040996753 
44 425 43 52 0.036670268 
29 86 53 59 0.036073662 
322 265 91 151 0.032643907 
835 1 91 110 0.0324734 
780 160 51 63 0.031121796 
833 38 49 61 0.030959817 
558 38 71 72 0.030072203 
826 202 155 208 0.029638335 
49 122 19 25 0.02956768 
296 58 109 116 0.02728641 
763 183 48 54 0.026150506 
747 438 58 60 0.025697198 
862 279 78 94 0.025210286 
946 35 85 123 0.023539886 
833 54 27 32 0.022533612 
659 249 107 130 0.022524498 
82 401 48 58 0.022248898 
228 319 46 59 0.021568285 
554 131 25 36 0.02152768 
768 430 43 36 0.02144979 
53 172 15 17 0.021269625 
244 330 47 60 0.021051072 
310 283 57 75 0.021046257 
72 89 41 53 0.020885617 
