2_Demonstration_Demonstration_Or_Protest_2_665
87
471 438 220 306 0.9998512 
387 560 104 149 0.99525934 
795 563 67 106 0.9852572 
769 468 16 21 0.93884206 
846 492 48 100 0.9135896 
712 585 55 78 0.7462808 
165 385 29 60 0.7392687 
329 575 39 52 0.72487295 
157 426 59 88 0.47454032 
158 394 46 75 0.40780228 
664 995 13 20 0.2889513 
700 1080 24 32 0.24790405 
796 514 17 23 0.15869501 
180 457 35 55 0.14442816 
686 993 15 21 0.114066385 
408 500 172 241 0.10818325 
517 1277 19 19 0.100184985 
678 560 85 123 0.089422226 
656 1101 13 15 0.08820843 
667 999 20 25 0.087007605 
260 417 24 32 0.08601249 
564 1116 17 21 0.082324736 
818 538 57 102 0.07295667 
677 1278 15 16 0.057989378 
628 1192 41 52 0.057395622 
881 498 86 119 0.0556106 
546 1128 16 18 0.055474605 
296 604 31 48 0.05487084 
275 427 13 18 0.049626615 
919 490 79 115 0.04871848 
185 396 45 66 0.047663312 
692 991 11 16 0.04692686 
104 135 120 124 0.04521449 
339 628 38 46 0.045062046 
831 485 9 13 0.04496569 
589 1108 15 21 0.042963848 
738 984 15 20 0.040031634 
795 497 21 29 0.036878977 
674 1005 18 21 0.03628588 
772 536 22 28 0.036179014 
497 369 24 33 0.035079468 
333 604 35 50 0.034936763 
316 588 39 52 0.03365433 
719 514 13 16 0.033119485 
716 976 14 19 0.032062385 
669 1102 13 14 0.032054536 
526 1141 16 17 0.03192617 
352 572 87 108 0.031387314 
739 1022 16 21 0.031103812 
783 496 35 48 0.030280478 
840 503 35 61 0.030221002 
708 1278 16 18 0.029854044 
780 532 15 17 0.029732304 
716 523 12 17 0.029403418 
684 1073 23 29 0.029091882 
93 39 185 227 0.02889612 
710 1241 11 14 0.028887969 
669 1073 14 16 0.028419953 
619 1093 13 18 0.027985316 
319 571 76 95 0.027953777 
130 156 73 69 0.02774118 
896 1102 34 46 0.027205013 
598 1009 14 23 0.026154416 
850 608 31 48 0.026017478 
924 798 102 162 0.025491184 
727 1013 9 12 0.024918288 
784 518 25 31 0.024554174 
709 527 15 18 0.024505585 
908 540 70 87 0.024366666 
972 846 49 105 0.024298111 
682 1071 39 49 0.024243524 
978 1108 26 37 0.023822386 
497 986 35 47 0.023231952 
800 521 21 32 0.022885809 
730 514 15 17 0.022442259 
678 998 20 24 0.022439573 
505 1234 17 20 0.022334851 
789 526 15 19 0.022203626 
186 446 57 75 0.02219397 
655 1097 21 24 0.021854123 
667 1066 23 27 0.02176679 
507 1159 25 29 0.02125112 
460 1268 27 29 0.021200994 
733 474 13 18 0.02059982 
742 509 11 14 0.020413416 
267 430 15 21 0.020268664 
724 511 12 14 0.020100404 
