2_Demonstration_Political_Rally_2_807
20
861 656 9 11 0.07802277 
493 189 189 264 0.07386815 
858 662 8 10 0.049030922 
785 654 9 11 0.04378358 
918 643 9 11 0.040504582 
77 616 10 12 0.038594693 
415 36 35 42 0.03304655 
898 656 8 11 0.030808507 
885 655 8 10 0.030722244 
3 581 12 14 0.03054133 
783 659 12 13 0.02638302 
426 49 356 433 0.02636059 
296 597 8 9 0.025816193 
356 94 11 16 0.02570257 
662 326 54 64 0.024395436 
561 276 129 152 0.024069859 
838 3 46 50 0.022094613 
282 356 24 30 0.021146981 
360 328 14 17 0.020817677 
287 362 14 18 0.020244645 
