2_Demonstration_Political_Rally_2_609
742
156 145 29 38 0.9992507 
636 392 14 18 0.9919218 
965 450 14 17 0.9760296 
749 371 12 16 0.97011125 
809 544 22 27 0.96778786 
127 251 80 138 0.9628655 
941 375 14 18 0.95792824 
997 350 15 18 0.9559762 
510 340 12 15 0.9290035 
757 449 14 18 0.9188535 
888 457 16 20 0.91716594 
691 412 14 17 0.90188235 
790 437 14 18 0.89573437 
909 431 15 19 0.89465994 
676 403 13 16 0.89036137 
982 489 17 20 0.8790539 
765 564 25 31 0.8758811 
712 405 11 16 0.86714303 
461 365 12 16 0.85944825 
589 388 13 17 0.8454063 
852 520 15 19 0.81661075 
758 323 12 15 0.8127799 
848 557 21 26 0.8086261 
995 376 15 20 0.80643004 
731 516 17 21 0.7923337 
967 347 15 18 0.7862886 
939 575 14 19 0.78301626 
555 364 12 16 0.77131605 
772 494 16 19 0.7625346 
851 395 13 16 0.76012313 
608 327 12 14 0.7512081 
993 467 13 17 0.7475333 
783 465 14 18 0.74182785 
722 425 13 17 0.72222245 
755 506 12 16 0.7194279 
644 429 14 16 0.7095239 
448 343 11 14 0.69920266 
739 401 12 16 0.6943821 
923 491 16 20 0.66401 
664 319 13 15 0.64402103 
384 399 12 15 0.63167655 
903 475 14 18 0.6238864 
811 451 14 19 0.62154514 
648 327 10 13 0.61328036 
820 405 13 16 0.6005168 
772 409 12 16 0.5997841 
477 409 12 17 0.5966974 
391 363 11 14 0.5950037 
643 348 11 15 0.5876591 
878 362 13 16 0.5550899 
491 389 13 16 0.5279145 
413 439 11 13 0.52675235 
940 464 13 18 0.5204316 
420 390 12 15 0.5035059 
851 485 16 21 0.5007747 
844 425 13 16 0.4702759 
322 372 13 16 0.4630491 
771 526 12 16 0.46098724 
536 341 9 12 0.46043986 
967 410 14 18 0.45013463 
484 408 12 14 0.4490895 
620 429 10 13 0.4458557 
865 475 16 20 0.43040162 
891 551 15 20 0.42092296 
470 342 12 15 0.40860397 
743 475 14 19 0.39240792 
749 539 15 20 0.39239827 
597 320 9 12 0.3887063 
442 406 13 16 0.38145548 
806 280 10 13 0.37195745 
226 402 41 47 0.3579448 
743 615 28 32 0.35481223 
823 355 13 17 0.3465613 
533 400 13 16 0.34570286 
455 388 11 14 0.33961284 
719 458 14 17 0.33852825 
414 357 11 13 0.33582604 
707 386 13 16 0.3357965 
491 341 11 14 0.33205226 
965 620 13 17 0.33152744 
908 510 17 20 0.33039537 
812 324 15 18 0.31473887 
700 285 12 16 0.31027788 
696 355 12 15 0.30889922 
670 351 10 13 0.30436158 
597 342 12 14 0.30110386 
819 458 13 17 0.297564 
800 299 10 12 0.293157 
718 300 10 13 0.29099366 
884 392 13 16 0.28889018 
806 358 13 16 0.27562734 
438 431 11 13 0.27124944 
941 522 15 18 0.26374844 
357 382 11 14 0.24706362 
408 418 12 14 0.2350292 
555 346 11 14 0.23093098 
557 323 11 14 0.22642529 
389 445 11 13 0.21919115 
912 330 14 18 0.21671203 
796 405 13 15 0.20967613 
860 617 14 18 0.19754931 
605 470 18 22 0.19117388 
769 595 28 35 0.18743005 
830 476 13 16 0.18101308 
612 366 10 14 0.17439532 
581 440 13 17 0.17294699 
717 478 11 15 0.17278692 
573 442 13 16 0.16230628 
891 540 19 23 0.16032678 
591 416 11 15 0.15877852 
946 507 14 18 0.15817249 
428 291 11 13 0.15783642 
496 306 10 14 0.15602551 
824 433 12 15 0.15488176 
478 324 10 12 0.15442215 
366 311 8 11 0.15402937 
734 428 11 14 0.15339418 
869 417 13 16 0.14976224 
752 278 12 14 0.14970013 
393 334 10 12 0.14901577 
989 567 14 16 0.14263503 
817 295 9 11 0.14232565 
687 496 13 15 0.14078486 
564 443 16 19 0.13932237 
857 480 18 23 0.13525924 
956 528 16 19 0.13476343 
866 523 15 19 0.13329941 
344 359 11 14 0.1332407 
850 610 14 20 0.1310607 
835 478 12 15 0.12933734 
507 515 38 45 0.12853946 
576 394 12 14 0.12647475 
756 570 25 34 0.12200098 
575 411 10 12 0.12074055 
668 299 11 13 0.11790593 
554 442 18 19 0.11663932 
826 578 18 22 0.11380542 
958 478 11 15 0.11233532 
723 550 19 22 0.111377954 
812 357 12 16 0.110055365 
901 357 11 14 0.10882739 
790 526 15 18 0.108387865 
708 315 11 13 0.10597557 
672 372 11 14 0.10380588 
417 304 9 12 0.1036126 
472 271 11 12 0.10268481 
439 333 11 13 0.1014549 
460 307 12 14 0.10061278 
742 287 10 13 0.10060513 
709 428 10 13 0.097826146 
381 461 8 10 0.09772103 
772 295 11 14 0.0974091 
70 489 208 213 0.09603848 
901 601 13 18 0.09551915 
354 325 9 11 0.09489002 
383 348 11 12 0.09345363 
352 429 11 16 0.0934096 
125 237 53 91 0.09280373 
904 513 13 17 0.090477414 
304 362 11 13 0.089877345 
550 322 12 15 0.08975788 
916 496 18 20 0.089692816 
517 316 10 13 0.08945583 
790 386 12 15 0.08909707 
710 436 12 15 0.08790296 
452 481 14 16 0.08779409 
1013 478 11 17 0.08752129 
476 526 14 18 0.0875018 
422 534 46 59 0.087307855 
727 316 12 16 0.08486702 
438 278 9 10 0.08465138 
599 322 11 14 0.083991125 
994 331 13 15 0.08325588 
620 342 13 15 0.0831203 
454 446 11 15 0.08195661 
726 311 10 12 0.081137665 
429 393 11 14 0.08072517 
704 428 10 14 0.08054446 
629 334 9 11 0.08049676 
467 372 12 16 0.08027302 
603 347 12 14 0.07986554 
622 423 12 16 0.079811074 
790 410 14 16 0.07975128 
587 436 12 17 0.0789925 
930 654 12 15 0.07896381 
621 451 15 19 0.07869768 
471 406 14 17 0.07846977 
549 436 14 18 0.07834511 
456 422 10 13 0.07697018 
909 576 14 19 0.07371406 
1010 181 10 14 0.073183574 
709 398 13 17 0.072940975 
618 469 16 19 0.07280896 
719 262 10 12 0.072744556 
648 432 16 19 0.07238012 
333 356 10 13 0.071525306 
566 364 11 14 0.07112692 
665 295 10 13 0.07100666 
500 365 10 14 0.07094267 
543 319 11 14 0.06901426 
878 118 10 10 0.067577735 
724 499 10 13 0.06718334 
652 307 11 14 0.066619694 
432 435 10 13 0.06642859 
846 390 14 17 0.066356674 
614 300 13 14 0.064692326 
615 345 12 15 0.06459437 
969 624 13 18 0.06387981 
651 330 12 15 0.06338424 
386 439 10 12 0.063023455 
844 431 15 19 0.062314108 
845 443 12 17 0.062224895 
620 298 12 15 0.061871305 
309 441 10 13 0.060928293 
616 396 11 14 0.060882363 
832 237 10 13 0.0604916 
597 412 12 16 0.06036376 
516 299 10 12 0.059998225 
549 423 12 16 0.059616752 
399 347 10 13 0.059198312 
945 514 16 20 0.058838475 
652 406 11 14 0.05855441 
703 313 10 12 0.058360096 
854 371 13 16 0.058355115 
757 302 9 12 0.058262184 
790 531 21 27 0.05772346 
804 294 10 13 0.057632577 
932 636 10 12 0.057556074 
35 235 91 135 0.057435386 
742 544 17 19 0.056857858 
582 356 11 14 0.0566106 
1008 295 11 13 0.05613245 
748 611 18 21 0.056018524 
681 404 14 17 0.05599923 
341 307 10 14 0.055444803 
391 293 9 11 0.055395387 
472 336 11 13 0.0551219 
398 278 9 11 0.054846033 
621 397 11 14 0.05467356 
717 465 14 18 0.05460034 
352 376 9 12 0.054558337 
666 507 14 19 0.05425791 
766 318 10 14 0.05422895 
1000 191 9 10 0.053848006 
128 241 30 37 0.053809114 
572 371 11 14 0.053691465 
614 389 11 13 0.053581588 
785 570 13 18 0.053578503 
517 397 11 14 0.053339653 
375 280 8 10 0.053272996 
860 365 12 15 0.053159967 
422 438 9 12 0.053094145 
672 459 12 16 0.052710544 
919 404 13 17 0.052477907 
789 316 16 19 0.05203053 
753 584 26 33 0.051991247 
958 135 8 10 0.051886875 
646 362 9 13 0.051739737 
812 278 9 12 0.05154087 
739 429 9 12 0.05146689 
603 409 12 16 0.05134056 
535 316 9 12 0.051245313 
997 144 9 12 0.051012978 
978 190 13 16 0.050622065 
397 341 9 13 0.050504178 
436 390 11 13 0.050477844 
862 347 11 14 0.04998021 
544 279 9 11 0.049960066 
475 333 12 14 0.04987302 
699 360 13 16 0.049698673 
481 389 12 14 0.049263034 
470 378 11 14 0.04909755 
773 316 10 13 0.04891427 
352 342 10 12 0.048829716 
948 526 16 20 0.048794374 
851 551 13 17 0.048589535 
360 399 9 12 0.04846879 
374 286 10 12 0.04841942 
430 483 12 16 0.0483363 
993 111 8 11 0.04820227 
391 339 11 14 0.047876604 
993 147 9 12 0.04786614 
417 382 10 11 0.04740242 
957 142 9 11 0.04721553 
718 561 14 21 0.047164556 
676 367 11 13 0.046958398 
702 281 10 13 0.046582956 
512 295 10 12 0.0465475 
883 443 13 17 0.046053737 
490 404 12 15 0.046030737 
434 278 9 11 0.045860175 
746 575 26 33 0.045575052 
359 484 10 13 0.045492277 
390 368 14 17 0.04535194 
1004 205 10 11 0.04506057 
425 230 9 11 0.04501469 
719 560 24 31 0.044842143 
838 386 12 16 0.044686165 
919 118 9 11 0.044668894 
605 358 12 14 0.044413395 
445 481 14 16 0.044219725 
494 294 8 11 0.04406742 
480 428 11 13 0.043943383 
829 215 8 10 0.043942988 
215 152 9 11 0.043765057 
572 365 10 12 0.04366583 
582 393 13 16 0.043390457 
441 339 10 13 0.04324686 
512 316 11 14 0.042982858 
598 472 15 20 0.042601 
551 303 10 12 0.042476594 
712 330 12 14 0.042375907 
671 454 11 14 0.04234458 
528 253 9 11 0.041970115 
807 426 12 16 0.04167766 
459 491 14 17 0.04163542 
976 310 12 15 0.041471675 
782 311 9 12 0.041172404 
955 541 16 21 0.04116437 
840 213 9 10 0.041120965 
650 442 15 18 0.041086875 
382 317 9 11 0.040997513 
758 604 44 50 0.040918503 
82 242 94 133 0.04043319 
409 478 24 26 0.0404135 
906 660 13 16 0.040298358 
853 478 13 17 0.04006033 
845 297 13 16 0.040058754 
611 458 17 21 0.03984532 
787 498 14 17 0.039807104 
407 295 9 11 0.039712857 
372 366 10 12 0.039702654 
501 359 10 12 0.03953006 
455 278 10 12 0.039468963 
783 315 12 16 0.038984325 
427 373 12 13 0.038866386 
436 397 12 15 0.038718533 
1008 414 11 14 0.038484134 
248 395 40 42 0.03830249 
909 501 15 17 0.038150933 
782 526 20 25 0.037791017 
981 428 11 15 0.037721794 
788 417 14 17 0.037598427 
879 340 11 15 0.037590366 
445 335 11 13 0.037583992 
550 284 10 12 0.037290256 
775 311 10 13 0.037262227 
1013 120 8 12 0.037237614 
471 319 10 13 0.037231874 
994 481 12 19 0.03722031 
494 260 9 11 0.037208565 
375 292 10 12 0.037066787 
975 139 9 12 0.037034117 
812 428 12 15 0.036942583 
822 584 22 29 0.036941778 
648 411 12 15 0.036872897 
815 131 12 13 0.0368396 
878 438 13 16 0.036811337 
352 404 10 12 0.036732495 
853 443 13 18 0.03667728 
502 370 11 15 0.036586665 
730 321 13 16 0.036543638 
311 393 11 13 0.036178004 
359 348 10 12 0.036099404 
1007 475 13 18 0.036092386 
868 547 14 19 0.036085494 
754 365 14 17 0.036032356 
454 284 11 12 0.03592685 
648 304 11 12 0.035858106 
808 447 12 16 0.035825107 
274 398 13 14 0.035720643 
851 625 15 17 0.03566679 
532 448 13 18 0.035572227 
776 467 12 16 0.03548423 
381 312 10 11 0.035432775 
421 302 9 13 0.03529081 
949 650 12 14 0.035270877 
261 369 13 15 0.0352562 
639 492 12 16 0.03518547 
384 263 10 12 0.034687415 
405 349 10 14 0.034600917 
608 301 11 13 0.03453335 
487 293 10 12 0.034531236 
489 261 9 11 0.034362335 
794 430 14 17 0.03419709 
820 444 13 17 0.034114312 
756 376 12 14 0.03409895 
581 412 11 14 0.034083046 
461 428 9 12 0.034022972 
781 205 8 10 0.0339949 
393 288 9 12 0.03389849 
802 315 21 27 0.03389678 
319 388 9 12 0.033889297 
388 348 12 14 0.033878837 
798 347 11 13 0.033878636 
485 372 10 13 0.033819005 
873 363 12 16 0.033801127 
437 482 15 17 0.03360542 
548 424 19 27 0.03352563 
359 454 8 11 0.033493206 
485 318 11 14 0.033373613 
375 372 10 14 0.033299778 
958 396 12 15 0.03328518 
552 359 13 16 0.033204004 
820 308 11 13 0.033052813 
370 286 9 12 0.03279452 
984 570 14 17 0.032726225 
956 329 13 16 0.032617632 
976 348 14 16 0.032524657 
456 303 12 15 0.0324317 
600 356 11 14 0.03239637 
761 618 16 21 0.032357227 
751 260 10 12 0.032330297 
898 532 15 18 0.032324705 
574 358 11 13 0.032301076 
712 470 10 14 0.03225317 
982 477 21 26 0.03223157 
718 266 10 13 0.032201108 
904 572 13 17 0.03209499 
818 300 11 14 0.03202796 
935 181 12 14 0.031882722 
459 442 12 17 0.031862326 
840 208 9 10 0.031727575 
492 434 16 19 0.03168793 
826 457 14 18 0.031685997 
355 334 11 13 0.031678796 
718 325 10 15 0.031593766 
383 294 9 11 0.03147039 
391 328 10 12 0.031390682 
815 272 9 11 0.031359766 
475 275 11 12 0.03131569 
455 439 11 13 0.0312878 
650 450 15 20 0.031077068 
380 286 9 12 0.031046355 
725 330 14 18 0.030908614 
995 357 17 21 0.03077126 
933 394 13 15 0.03062773 
772 579 28 39 0.030377759 
567 341 11 14 0.030350873 
464 404 10 15 0.030337352 
372 358 11 13 0.030227311 
781 412 11 15 0.030115213 
724 261 10 12 0.030065354 
419 307 10 14 0.029836342 
702 421 11 15 0.029805439 
686 379 12 15 0.029734254 
512 276 9 11 0.029688865 
757 414 10 13 0.029651606 
1013 185 9 14 0.029617293 
825 274 10 14 0.029379565 
971 529 16 19 0.02933338 
506 215 7 10 0.029225864 
376 457 10 12 0.029148674 
819 316 12 15 0.02913622 
573 342 10 13 0.029061573 
720 307 10 13 0.029054103 
718 506 13 16 0.029012367 
510 365 13 16 0.02901006 
559 288 8 10 0.028945172 
494 221 9 11 0.028914241 
773 371 12 16 0.028892562 
395 357 11 14 0.028875131 
364 350 10 12 0.02878254 
614 286 9 11 0.0286085 
852 468 11 16 0.028591136 
412 431 12 14 0.028590003 
334 407 9 12 0.02856369 
576 277 9 11 0.028545924 
751 255 9 11 0.028482173 
532 362 13 17 0.028334796 
367 357 10 12 0.028286098 
960 128 8 9 0.0282186 
424 430 9 13 0.028154898 
478 373 12 15 0.028151063 
455 327 10 12 0.028070956 
750 215 8 11 0.028032098 
261 288 10 12 0.027995082 
750 271 12 14 0.027953893 
784 322 12 16 0.027890388 
322 532 30 39 0.02787642 
950 535 17 21 0.027849168 
1005 165 9 12 0.02782761 
450 451 12 14 0.02773582 
367 421 9 12 0.027728016 
862 355 12 16 0.027628228 
957 532 20 26 0.027594985 
692 506 13 16 0.027537027 
720 315 10 15 0.027508998 
897 216 9 11 0.027484644 
431 351 10 12 0.027419806 
829 271 10 13 0.027400687 
358 420 10 14 0.02734749 
802 403 12 16 0.027343445 
820 128 11 12 0.02732182 
570 412 10 13 0.027305255 
845 475 14 18 0.027291125 
448 284 9 12 0.027215047 
359 318 10 13 0.027170215 
694 425 12 17 0.027095398 
354 386 10 13 0.026923658 
763 371 13 16 0.026907498 
884 340 12 15 0.026862925 
795 648 16 21 0.026848223 
385 356 11 14 0.026814112 
453 271 10 11 0.026780028 
424 324 10 13 0.02677265 
327 335 10 11 0.026649501 
838 434 14 18 0.026520835 
448 270 9 11 0.026480554 
893 596 16 21 0.026140543 
741 510 12 16 0.026132226 
351 424 10 13 0.025989832 
516 365 12 15 0.025955781 
382 455 10 11 0.02581468 
446 479 23 24 0.02579307 
921 504 15 20 0.02571071 
789 270 9 11 0.025676072 
325 386 10 13 0.025661586 
391 377 12 15 0.025614414 
93 203 150 220 0.025598282 
376 301 9 11 0.025558986 
680 498 12 16 0.025503507 
449 387 12 14 0.025423603 
407 303 10 12 0.02540971 
416 376 9 12 0.025360541 
941 180 13 16 0.025358474 
488 308 10 13 0.025336517 
579 406 12 14 0.025291253 
960 346 13 18 0.025239082 
805 476 12 15 0.025141077 
485 286 10 13 0.025101736 
812 286 10 13 0.025036743 
822 464 14 18 0.024984688 
35 383 17 22 0.02494462 
360 238 8 10 0.02493372 
591 261 9 11 0.024921907 
736 287 11 13 0.02491954 
393 278 9 11 0.024917096 
470 263 9 11 0.024903072 
1007 187 11 13 0.024895186 
1007 174 10 13 0.024865652 
807 309 9 12 0.024823677 
437 284 10 12 0.024807978 
342 415 9 11 0.02475526 
559 292 10 13 0.02473446 
903 655 12 14 0.024733638 
415 278 9 11 0.024732953 
748 574 44 51 0.0247271 
461 278 9 12 0.024718361 
944 571 16 20 0.02466976 
360 413 9 12 0.024667157 
423 422 8 11 0.024611557 
429 231 9 11 0.024610724 
365 245 9 10 0.024571579 
790 393 14 17 0.024494948 
910 179 11 14 0.024484836 
950 512 21 27 0.024442913 
598 312 9 12 0.024437116 
785 270 9 11 0.024337346 
776 253 9 11 0.024335016 
510 214 8 9 0.024329547 
1000 373 15 19 0.024324838 
675 463 14 18 0.024285194 
956 506 15 19 0.024228241 
909 348 14 16 0.024190737 
370 291 8 12 0.024160618 
714 443 13 15 0.024140202 
627 420 12 16 0.02411904 
582 364 10 13 0.024074046 
847 255 9 11 0.024072658 
733 308 12 15 0.024048537 
699 351 12 15 0.024029016 
795 419 13 16 0.024018755 
980 200 13 17 0.023972973 
545 426 12 17 0.023967993 
976 485 16 20 0.02394316 
948 181 12 15 0.023814026 
502 403 11 14 0.02381255 
734 445 12 14 0.0237793 
884 259 11 15 0.023731705 
741 555 44 52 0.023719978 
941 331 13 17 0.023657445 
996 559 14 17 0.023548756 
923 331 12 17 0.023521516 
887 557 17 22 0.023492096 
676 377 13 17 0.023478823 
342 214 8 10 0.02347144 
685 300 10 13 0.023452194 
345 428 12 16 0.023413036 
568 487 10 14 0.023365814 
388 392 10 13 0.023346942 
907 353 14 17 0.02334031 
423 477 24 27 0.023315882 
753 446 13 17 0.02327334 
903 499 13 16 0.023240833 
711 293 11 14 0.023225218 
534 221 9 10 0.0232089 
959 417 14 18 0.023136556 
778 625 35 42 0.023110095 
502 260 9 12 0.023097923 
725 568 26 33 0.023045441 
765 599 18 22 0.023039943 
959 120 7 8 0.023030214 
517 276 10 12 0.023011405 
846 642 15 17 0.022995908 
798 537 24 31 0.022937698 
647 244 10 12 0.022915736 
825 409 14 17 0.022903003 
356 376 11 14 0.022856861 
334 293 8 10 0.022812657 
829 442 13 17 0.022770338 
29 191 9 10 0.022719774 
713 459 10 15 0.022659691 
863 596 24 28 0.022652859 
896 221 10 13 0.022650419 
865 611 17 22 0.022631796 
751 511 13 16 0.022610048 
720 257 9 11 0.022585578 
527 311 10 13 0.022581948 
627 235 11 15 0.022579992 
653 284 11 12 0.022574572 
790 312 12 13 0.02257021 
684 373 12 15 0.022557834 
527 355 11 13 0.022541868 
532 253 10 12 0.022541411 
462 293 9 12 0.022527978 
784 599 18 23 0.022480069 
383 334 10 11 0.022441052 
814 397 14 18 0.022438167 
358 270 10 12 0.022413673 
771 516 15 19 0.022371115 
772 436 14 17 0.022361837 
766 557 15 19 0.022342764 
674 508 13 16 0.022322306 
610 502 21 30 0.022280622 
1000 285 9 12 0.02224116 
358 254 9 10 0.022218822 
406 414 19 23 0.02221801 
593 380 13 17 0.022201851 
276 417 23 31 0.022163767 
478 286 11 13 0.022145549 
415 296 9 10 0.022117238 
381 279 9 10 0.022066899 
358 276 10 12 0.022028632 
566 333 9 12 0.022008473 
436 356 11 14 0.022001108 
880 221 10 13 0.021998366 
750 291 10 13 0.021936743 
870 356 13 16 0.021882186 
665 350 10 14 0.02187987 
585 381 13 17 0.021863353 
406 255 10 12 0.021860795 
685 529 14 21 0.021860572 
758 359 10 13 0.021858906 
814 308 12 15 0.02184411 
532 354 13 15 0.021759938 
597 277 9 12 0.021752773 
466 346 11 14 0.021750845 
593 277 9 10 0.02171678 
52 195 12 15 0.021649018 
318 279 10 11 0.021631489 
622 412 13 17 0.021620573 
924 346 13 16 0.021573704 
745 367 13 16 0.021483203 
455 254 9 11 0.021425622 
801 361 13 16 0.021420866 
433 412 9 12 0.021409266 
677 519 23 35 0.021397369 
956 487 14 19 0.021385027 
608 308 10 12 0.021381458 
951 394 11 14 0.021375012 
478 358 11 13 0.021374172 
1000 183 10 12 0.021372726 
457 483 15 18 0.021329753 
599 335 11 13 0.02131959 
445 399 13 15 0.021311903 
700 605 13 16 0.021289185 
436 444 12 14 0.02125616 
510 323 12 14 0.021234326 
417 245 8 10 0.02121887 
452 485 23 28 0.021181146 
605 451 16 19 0.021177616 
489 301 10 13 0.021174699 
845 363 12 15 0.02116643 
832 386 12 17 0.021161638 
675 348 11 15 0.021129915 
447 308 12 14 0.021108268 
451 456 15 18 0.021106554 
558 301 10 12 0.02109834 
671 408 13 16 0.021092983 
713 267 10 12 0.0210625 
511 311 10 12 0.021059003 
564 456 13 17 0.02105736 
591 475 12 17 0.021054491 
342 396 10 13 0.021046283 
589 375 12 15 0.021034038 
761 207 8 9 0.021026189 
460 285 10 12 0.020999592 
887 492 12 16 0.020992592 
583 272 9 11 0.02098586 
454 333 10 12 0.020972922 
479 310 10 12 0.020918796 
591 335 10 12 0.020853788 
659 508 24 33 0.02078934 
628 299 10 13 0.02078319 
1006 160 9 12 0.02078028 
647 404 11 15 0.020744974 
545 232 9 10 0.020720977 
768 248 9 10 0.020665543 
351 286 8 9 0.020655036 
751 413 11 15 0.020634439 
672 398 13 17 0.020633334 
863 127 7 9 0.020611241 
453 358 12 14 0.020594614 
493 336 11 14 0.020557664 
853 378 14 18 0.020539973 
407 308 10 13 0.020525794 
868 348 12 15 0.0205162 
526 364 12 16 0.020501176 
827 219 11 13 0.020470748 
446 328 10 12 0.020448096 
838 442 14 18 0.020429205 
434 425 19 23 0.020416075 
700 298 12 14 0.020388225 
685 342 11 13 0.020378804 
877 348 13 17 0.020356577 
422 269 9 12 0.0203546 
816 408 14 18 0.020328706 
407 427 13 15 0.02031642 
390 270 9 11 0.020256065 
723 302 10 13 0.02020642 
737 528 20 24 0.020173809 
729 553 30 35 0.020169972 
376 231 10 11 0.020139737 
792 231 9 9 0.020122139 
845 192 9 11 0.020083627 
326 303 8 10 0.020064324 
735 237 9 11 0.020063015 
901 214 10 12 0.020045066 
740 444 12 15 0.020030413 
886 603 15 19 0.020017808 
549 414 12 15 0.020008627 
