2_Demonstration_Demonstration_Or_Protest_2_176
59
542 291 31 40 0.99863666 
66 298 32 42 0.99562067 
752 278 31 44 0.9944337 
356 301 29 34 0.9126613 
569 292 29 37 0.8549652 
476 318 22 28 0.6099334 
816 321 18 22 0.55243105 
631 307 26 28 0.4942126 
133 329 15 19 0.42545044 
938 324 16 19 0.16115642 
255 326 11 14 0.15549006 
609 495 15 18 0.12317684 
142 314 13 19 0.10379231 
10 314 14 23 0.1032798 
459 333 12 15 0.09502822 
936 317 13 14 0.06725506 
192 334 11 14 0.06149547 
137 320 17 23 0.059440967 
871 514 13 16 0.055508003 
447 184 10 11 0.05258443 
225 375 7 9 0.05183122 
433 195 13 17 0.05134779 
396 317 16 23 0.039030243 
625 315 35 42 0.03820334 
592 491 10 11 0.037437115 
201 375 8 10 0.037303824 
583 293 27 37 0.03593124 
194 337 13 16 0.03499713 
424 386 8 9 0.032164525 
441 248 9 11 0.031680234 
377 189 11 14 0.031253815 
919 359 9 10 0.031027144 
574 283 16 19 0.030970037 
874 326 13 16 0.0307563 
488 322 15 19 0.030261442 
375 4 12 14 0.028857822 
269 322 11 15 0.028276734 
471 329 13 16 0.028014634 
989 22 15 22 0.026178367 
695 297 41 48 0.024873247 
442 253 9 11 0.02448617 
279 379 8 12 0.023894291 
46 309 13 18 0.023862047 
555 296 34 40 0.023733925 
822 132 14 17 0.023692796 
376 203 10 13 0.023129124 
545 126 10 12 0.0230297 
596 492 11 13 0.022996765 
828 316 13 17 0.022888795 
154 288 18 21 0.022550207 
347 289 46 56 0.022543896 
230 332 13 15 0.021593027 
448 196 12 15 0.021568129 
915 311 13 17 0.02113046 
254 319 18 25 0.021087922 
429 263 9 11 0.020953065 
647 304 18 22 0.020909032 
492 317 12 16 0.020722464 
-2 359 25 43 0.020147864 
