2_Demonstration_Demonstrators_2_413
141
129 241 25 31 0.9907864 
383 185 19 23 0.93303597 
493 177 15 21 0.9305835 
109 237 13 20 0.9168485 
281 225 17 21 0.9016846 
525 166 9 12 0.6218446 
882 112 26 38 0.5194045 
20 234 16 21 0.51022404 
182 261 12 17 0.47320428 
419 201 14 20 0.44926003 
148 225 13 17 0.44437626 
359 192 15 19 0.42708564 
0 262 14 23 0.309481 
114 322 29 34 0.28781775 
277 220 16 20 0.24284753 
98 289 17 21 0.20432293 
166 252 14 20 0.19359691 
246 214 11 14 0.18257037 
315 209 14 18 0.17893447 
422 194 22 29 0.1768605 
342 198 10 13 0.12404984 
44 249 33 41 0.12138643 
564 171 11 15 0.10596773 
351 208 14 19 0.09266193 
697 38 64 60 0.09013033 
959 94 11 14 0.086592436 
204 247 16 20 0.07964838 
356 199 15 21 0.07891961 
466 153 14 17 0.077446215 
958 96 25 37 0.07705936 
289 205 10 12 0.076241285 
511 167 8 10 0.073571205 
226 232 14 20 0.068502806 
631 79 53 75 0.06830887 
36 255 49 59 0.06690211 
435 190 23 30 0.061937347 
341 201 13 19 0.061778873 
174 257 14 19 0.061622147 
284 292 13 15 0.055711724 
910 114 42 51 0.055268526 
585 180 33 39 0.054806493 
44 236 28 35 0.054726705 
254 238 11 15 0.05389771 
68 303 30 39 0.053207286 
25 228 15 21 0.049848624 
301 209 13 18 0.049413666 
562 186 49 62 0.04892768 
875 386 158 210 0.047509506 
243 209 20 24 0.045593724 
272 217 15 19 0.04499352 
393 186 14 20 0.044939615 
733 274 353 489 0.04458065 
100 230 21 28 0.044213913 
251 212 14 17 0.042609204 
25 224 46 56 0.04217976 
77 269 12 16 0.04210794 
272 258 13 19 0.04188224 
35 231 25 35 0.0413549 
161 257 14 19 0.04016026 
333 208 14 19 0.039655425 
247 243 14 18 0.037147783 
54 308 37 45 0.036888495 
262 214 11 14 0.03633302 
323 209 13 19 0.03575007 
983 98 42 70 0.033809282 
229 212 11 14 0.03364167 
47 279 47 62 0.033623513 
520 161 18 22 0.03354034 
560 167 11 16 0.032387387 
450 188 16 22 0.031644963 
687 269 121 164 0.03159692 
37 228 16 20 0.031383432 
0 252 22 36 0.031070923 
404 199 16 21 0.030715596 
448 159 11 12 0.03058125 
66 249 14 20 0.03050319 
56 245 19 25 0.030102216 
37 244 27 35 0.029964324 
223 222 12 15 0.029681837 
956 95 16 23 0.029567927 
31 257 12 16 0.029270366 
404 186 13 18 0.029134063 
521 169 11 13 0.02880176 
261 292 9 14 0.028449913 
36 256 17 20 0.028260319 
154 242 21 30 0.028246354 
560 166 20 29 0.028157426 
351 206 24 30 0.027856234 
504 166 9 12 0.027692005 
478 179 12 16 0.027664093 
6 242 25 33 0.02745293 
457 152 24 27 0.026894253 
199 230 24 30 0.02685495 
565 203 30 35 0.026726158 
198 242 16 21 0.026326532 
76 267 23 29 0.0262105 
191 252 22 27 0.02617746 
91 303 38 50 0.026048392 
412 197 15 22 0.026029347 
620 152 31 34 0.025745902 
625 307 42 52 0.025250115 
144 242 16 23 0.025188036 
228 221 13 16 0.025102014 
138 236 17 23 0.024833784 
83 297 26 34 0.024766453 
259 209 24 29 0.024755761 
300 217 13 18 0.02447205 
16 233 86 101 0.024373489 
238 291 14 18 0.024219317 
352 189 13 16 0.02387726 
253 207 11 14 0.023768043 
189 222 26 30 0.023668388 
522 161 9 11 0.023540666 
58 266 45 55 0.023524782 
958 109 15 21 0.023516383 
210 223 22 28 0.023326216 
790 111 47 49 0.023287354 
230 230 21 28 0.023217976 
244 293 14 17 0.023174204 
183 251 20 24 0.02312466 
508 181 10 13 0.022989722 
59 257 26 34 0.022948634 
171 288 17 21 0.022030476 
445 195 26 30 0.021947918 
22 505 38 49 0.021827992 
156 221 12 17 0.02179848 
932 95 37 50 0.021751875 
292 218 15 21 0.02173326 
553 157 9 13 0.021695705 
545 197 10 13 0.021035446 
293 208 14 20 0.020722682 
27 254 30 35 0.020569233 
357 183 12 15 0.020457983 
354 276 12 14 0.020283835 
322 217 13 18 0.02018955 
27 242 23 30 0.020176131 
456 181 24 33 0.02015733 
114 237 23 33 0.020152276 
238 217 13 18 0.020032896 
524 212 13 16 0.020025108 
955 96 41 59 0.020016978 
