2_Demonstration_Political_Rally_2_867
222
915 370 27 37 0.99675155 
796 424 37 44 0.9965281 
649 498 30 38 0.9948179 
921 511 50 56 0.9704869 
130 489 16 19 0.94894755 
891 586 67 77 0.92770016 
69 523 44 45 0.9039464 
616 504 21 28 0.8902351 
946 371 25 30 0.8621864 
71 453 17 19 0.82014865 
176 552 45 57 0.8132725 
854 380 12 15 0.75554436 
44 421 14 17 0.696778 
173 515 33 44 0.6126559 
880 365 12 15 0.59098446 
827 406 19 24 0.5622214 
334 541 40 55 0.5434876 
78 398 10 13 0.3741221 
833 367 10 12 0.36842167 
818 388 14 17 0.3164399 
168 484 28 35 0.30518866 
837 366 9 11 0.28622168 
866 359 10 13 0.28573778 
1 528 16 21 0.2750848 
797 370 10 13 0.2507268 
170 495 36 47 0.24768388 
496 461 51 71 0.23696524 
820 384 11 13 0.2213825 
874 394 16 20 0.21116142 
816 359 11 13 0.20425376 
301 509 13 15 0.19555649 
477 484 41 61 0.19426757 
53 398 10 11 0.1891904 
992 334 9 11 0.15520029 
94 390 9 12 0.14745507 
374 505 16 17 0.14654656 
847 612 77 66 0.14415106 
6 399 10 13 0.13730593 
191 385 11 15 0.13695839 
120 404 10 13 0.13190502 
64 507 39 43 0.13070332 
815 392 20 25 0.1299547 
127 523 26 30 0.12325217 
115 490 16 20 0.120997585 
957 366 23 31 0.11959434 
605 478 14 19 0.11909337 
891 365 10 13 0.11629066 
169 387 10 12 0.110777415 
24 501 12 14 0.10686887 
859 376 12 14 0.105872236 
767 358 9 12 0.10513063 
913 480 48 55 0.101735294 
885 367 12 15 0.09612385 
997 362 15 19 0.09425825 
868 363 10 13 0.09270636 
470 514 33 41 0.092637345 
877 392 24 28 0.09089632 
726 384 13 17 0.089104995 
641 480 25 28 0.08903358 
820 362 10 13 0.08750015 
885 361 11 13 0.08335437 
1 399 10 14 0.08037575 
458 532 26 30 0.07989332 
819 397 23 29 0.076880105 
891 392 16 19 0.07675701 
726 418 27 39 0.07647812 
765 375 10 11 0.07444042 
868 381 10 13 0.06613372 
0 419 8 13 0.06468885 
1007 344 10 13 0.06409292 
160 436 21 28 0.061166186 
107 509 23 35 0.058791652 
152 403 10 13 0.058306556 
123 621 58 58 0.05738821 
47 393 10 13 0.056387518 
989 359 23 32 0.054933604 
32 397 8 11 0.054403316 
732 429 15 22 0.052937653 
982 343 9 11 0.052314922 
171 383 13 15 0.052062966 
331 557 28 45 0.051954765 
846 348 9 12 0.049272172 
563 476 13 16 0.0489616 
179 536 36 49 0.048862755 
172 443 14 18 0.047658704 
983 351 8 11 0.046663743 
743 371 10 14 0.046654455 
1 535 20 32 0.04630127 
762 358 9 11 0.046181083 
1 518 18 22 0.044505652 
272 570 29 38 0.044470113 
814 371 10 12 0.04373347 
487 510 28 41 0.043118235 
11 398 11 12 0.04197006 
376 499 24 28 0.04169388 
870 352 9 11 0.041222434 
142 377 12 14 0.04058069 
204 470 17 24 0.0402841 
298 502 22 25 0.03992834 
726 375 10 14 0.039901692 
122 398 11 13 0.039798062 
899 558 63 74 0.039387006 
719 534 12 15 0.0393786 
774 377 8 10 0.03902934 
51 416 14 17 0.037957426 
903 350 9 10 0.03759577 
838 360 9 12 0.036497332 
39 392 9 12 0.03637419 
84 397 11 14 0.035444833 
329 535 29 44 0.035110872 
996 372 16 23 0.03476444 
862 353 18 24 0.03459958 
782 415 31 37 0.03453581 
772 360 8 10 0.03403661 
138 485 14 18 0.032735564 
913 468 39 43 0.032712992 
919 590 45 54 0.03261766 
156 373 9 12 0.032578755 
1012 394 12 19 0.0321932 
1013 343 8 13 0.031491775 
971 368 14 20 0.031349674 
137 399 10 13 0.030518144 
165 484 15 19 0.03048804 
964 365 16 20 0.030306421 
979 356 23 31 0.030269027 
817 430 30 38 0.030092256 
896 351 8 9 0.03006924 
43 428 16 19 0.029970698 
535 474 14 18 0.029758386 
73 393 9 12 0.029664882 
177 414 10 12 0.029580051 
865 353 9 10 0.029354727 
782 375 8 10 0.029199287 
945 349 10 11 0.029146377 
792 383 11 14 0.029123895 
162 458 34 40 0.029014347 
293 533 23 32 0.028827714 
784 368 8 10 0.028660648 
897 388 15 19 0.028595302 
879 353 9 10 0.02847565 
888 352 8 10 0.028459994 
3 393 20 24 0.02827117 
832 362 9 11 0.028255062 
977 344 9 11 0.028216895 
61 397 9 11 0.028061032 
776 381 9 12 0.027634276 
808 366 10 12 0.027533349 
171 21 471 490 0.02752001 
24 397 9 11 0.02729665 
169 437 25 28 0.027150674 
9 523 14 17 0.027141416 
847 343 10 13 0.027049793 
491 473 36 47 0.026804317 
556 470 22 28 0.026486613 
187 473 28 34 0.02648207 
780 425 18 24 0.02644513 
113 504 17 25 0.026366094 
807 371 10 12 0.02622579 
100 389 10 12 0.026114149 
731 381 13 17 0.02581645 
911 348 9 10 0.02576892 
176 533 21 30 0.025666736 
125 521 18 23 0.02553468 
47 403 11 14 0.02527734 
956 344 42 54 0.025221493 
413 530 29 36 0.025055438 
972 587 43 56 0.025039546 
409 509 28 35 0.02494124 
463 448 80 107 0.024914844 
495 494 35 49 0.024723869 
523 476 36 48 0.024564037 
786 352 8 10 0.024067858 
338 530 30 38 0.024046425 
165 456 15 20 0.023980385 
74 402 10 13 0.02392193 
998 308 15 18 0.023874762 
118 448 13 17 0.023765009 
158 388 11 13 0.023610115 
830 442 13 18 0.023602283 
878 356 18 24 0.023592066 
629 500 26 33 0.023500532 
832 360 19 24 0.02347892 
853 343 8 11 0.023275256 
201 542 43 57 0.023263382 
741 359 9 11 0.023117242 
110 478 40 45 0.023003925 
879 621 69 72 0.022992013 
155 405 12 14 0.022819705 
93 423 17 23 0.022743294 
774 403 24 33 0.02269121 
893 360 9 12 0.022672992 
991 328 10 13 0.022484254 
979 317 13 17 0.022438398 
736 356 8 11 0.022223689 
910 506 37 47 0.022199392 
89 391 11 13 0.022056248 
118 382 9 10 0.022020148 
904 528 60 64 0.022014353 
111 510 40 50 0.021950066 
976 350 9 12 0.021946954 
1001 378 22 31 0.021873381 
603 482 24 30 0.021815833 
58 419 11 15 0.02178452 
16 478 11 14 0.02147968 
149 485 10 14 0.021411235 
407 496 10 12 0.021350795 
967 351 10 12 0.02111825 
833 434 24 34 0.020823576 
179 435 15 19 0.020806395 
606 498 14 20 0.020796252 
1014 321 10 14 0.020694437 
791 358 8 9 0.020668196 
167 379 23 26 0.020663949 
559 481 12 16 0.020626908 
810 358 9 12 0.020504102 
786 418 18 20 0.020430928 
-3 313 35 64 0.020356702 
156 398 10 13 0.020341799 
599 476 14 19 0.0202799 
779 397 13 17 0.020173179 
117 392 19 24 0.020079385 
749 369 9 11 0.020046555 
