2_Demonstration_Demonstration_Or_Protest_2_430
114
109 238 52 70 0.9991279 
489 127 59 98 0.9979668 
285 206 51 71 0.996986 
349 181 45 61 0.9948716 
677 117 60 90 0.993418 
607 129 46 62 0.9934141 
760 147 46 62 0.97046316 
859 222 44 55 0.91426677 
660 108 51 73 0.9076763 
363 504 61 70 0.6406507 
18 362 56 76 0.5452976 
813 125 25 37 0.4900613 
858 171 43 53 0.48805764 
236 220 31 33 0.4291282 
759 112 44 61 0.30014855 
23 261 32 38 0.28194574 
0 140 27 55 0.20037009 
62 217 14 16 0.15533161 
655 105 37 45 0.15472968 
858 161 30 42 0.11445094 
407 188 42 55 0.10629117 
135 370 47 50 0.10155868 
724 76 12 14 0.09390277 
434 471 82 98 0.09345153 
428 219 42 60 0.08346319 
829 467 31 37 0.08326657 
970 525 36 48 0.07856249 
779 123 26 40 0.06304287 
539 42 17 24 0.06280757 
995 353 14 19 0.06232441 
514 98 19 21 0.06230316 
26 337 56 73 0.061698537 
419 469 57 80 0.060833093 
33 315 51 60 0.060743887 
56 306 28 39 0.06029508 
382 481 79 91 0.05908295 
18 268 20 23 0.057342794 
802 124 25 34 0.056727916 
192 417 47 58 0.053682074 
421 409 44 61 0.052954663 
234 428 36 51 0.049626466 
777 127 42 59 0.04853769 
615 115 36 45 0.04181662 
835 550 29 29 0.040894784 
117 215 14 17 0.040218417 
180 187 26 36 0.039905388 
469 109 49 66 0.038465507 
434 -4 102 131 0.036810283 
480 495 64 68 0.035416376 
325 507 73 65 0.03395327 
28 276 19 24 0.032682054 
187 414 31 44 0.032430757 
356 427 44 55 0.032329634 
491 101 51 68 0.032222357 
770 100 45 55 0.032138497 
725 127 72 92 0.031450912 
112 216 30 32 0.030205766 
962 510 31 50 0.02958921 
7 270 28 36 0.029148936 
370 422 29 33 0.028769031 
184 202 41 49 0.028277889 
3 369 95 122 0.028082069 
194 395 54 54 0.02765006 
647 116 37 50 0.027363714 
193 216 17 20 0.027135096 
333 434 13 16 0.027112827 
31 272 33 37 0.027057294 
806 142 16 22 0.026940608 
478 79 28 31 0.026735462 
8 254 32 36 0.026297381 
859 165 19 27 0.026049245 
366 395 12 15 0.025350923 
799 525 42 50 0.025323365 
185 430 34 55 0.025306482 
55 217 25 28 0.025139647 
474 93 28 32 0.024533221 
684 103 34 49 0.024226636 
380 411 28 35 0.023940904 
322 441 16 18 0.023891566 
42 302 31 38 0.023856254 
996 343 12 18 0.023799188 
199 220 40 47 0.023692373 
468 187 35 47 0.02356471 
793 462 28 34 0.02344598 
185 202 23 32 0.023255508 
823 127 28 38 0.02314147 
822 485 31 38 0.023085989 
86 203 45 55 0.022966612 
861 550 26 28 0.022812935 
180 201 14 20 0.022725405 
0 281 20 33 0.022625715 
535 36 12 18 0.022340769 
352 141 10 14 0.02229187 
801 475 26 32 0.022169959 
722 71 11 14 0.022087002 
446 522 69 52 0.022060787 
221 226 13 18 0.022037784 
625 101 47 60 0.021834811 
424 475 33 54 0.021662619 
239 407 35 51 0.021580037 
410 441 47 76 0.021499617 
101 211 47 61 0.021361947 
382 179 49 60 0.021336194 
919 228 30 38 0.021170193 
281 502 53 65 0.021048075 
349 531 55 47 0.020959873 
5 152 44 64 0.020903101 
720 72 20 24 0.020876305 
761 108 28 40 0.020840958 
798 488 22 29 0.020781906 
186 238 40 50 0.020743031 
817 114 28 35 0.020299995 
380 430 17 21 0.020139595 
525 45 41 57 0.02013846 
