2_Demonstration_Demonstration_Or_Protest_2_578
502
941 320 29 37 0.9997311 
667 295 29 36 0.99944097 
568 307 26 32 0.99927825 
322 320 24 30 0.9983724 
852 336 28 32 0.9964192 
749 252 15 21 0.99385744 
503 304 21 28 0.99334466 
810 232 15 19 0.993204 
255 334 22 28 0.9917291 
68 309 22 27 0.98804456 
148 322 20 27 0.9860787 
704 211 11 14 0.9748386 
579 276 18 23 0.9695672 
780 349 25 29 0.9658758 
881 247 16 20 0.9651719 
423 308 21 25 0.94838023 
961 225 14 17 0.91463524 
230 270 14 18 0.89674413 
93 268 12 15 0.8815816 
293 219 12 14 0.87802833 
0 311 19 23 0.8198974 
611 221 12 15 0.8091263 
212 354 22 28 0.80417544 
984 233 13 17 0.7089246 
548 221 11 15 0.7012467 
808 206 10 12 0.6711896 
385 249 13 19 0.6312257 
905 223 12 14 0.5692006 
586 250 13 17 0.5296461 
496 258 15 19 0.51967 
698 248 15 19 0.44718498 
669 189 8 12 0.44017878 
575 216 10 13 0.42049092 
627 182 9 12 0.3571101 
383 226 11 14 0.32079256 
550 199 9 12 0.31442288 
495 275 14 17 0.30329636 
748 183 8 10 0.28659824 
316 222 9 11 0.2812944 
742 199 9 12 0.28031632 
323 166 13 16 0.27950096 
959 203 10 12 0.27347606 
885 207 9 11 0.2721785 
303 247 12 15 0.26440653 
749 226 12 15 0.2642942 
469 327 20 27 0.26344532 
289 222 11 13 0.2384609 
713 229 12 14 0.23693572 
543 203 9 11 0.23557205 
871 165 9 11 0.2346611 
812 209 10 13 0.23262925 
733 184 8 11 0.2273542 
829 141 9 11 0.21728575 
710 175 9 11 0.212215 
671 206 8 11 0.21118017 
629 188 8 10 0.20630164 
49 305 15 21 0.19711752 
730 189 8 11 0.18459255 
661 222 8 12 0.18278617 
800 201 10 13 0.18248075 
661 205 9 12 0.17443985 
657 212 9 12 0.14632374 
29 198 10 13 0.14487968 
745 221 9 14 0.13976803 
745 188 9 11 0.13422664 
743 215 8 11 0.1340658 
639 141 8 11 0.1317447 
789 173 9 11 0.12736557 
0 231 13 24 0.12593845 
281 223 9 11 0.12551148 
789 168 8 11 0.12187376 
558 183 8 11 0.12149256 
743 135 9 11 0.12094441 
389 229 11 13 0.119415745 
398 235 11 15 0.11869915 
749 167 9 11 0.112970896 
836 267 10 13 0.107642844 
520 183 8 10 0.105747856 
715 234 11 15 0.10497998 
805 200 11 14 0.10346423 
769 136 8 10 0.10325869 
522 190 8 11 0.10048349 
552 167 6 8 0.09738168 
863 157 10 12 0.097348206 
808 131 10 12 0.096177556 
582 173 7 9 0.09597132 
537 204 9 11 0.09499203 
705 174 8 10 0.09118354 
299 284 19 23 0.08959406 
877 167 8 10 0.08951096 
845 190 10 12 0.088886015 
206 247 12 15 0.08862383 
5 201 11 15 0.08810764 
611 157 8 10 0.08687517 
749 173 8 10 0.08677316 
495 200 7 10 0.08668087 
1 217 18 31 0.08578621 
768 193 8 10 0.08542456 
487 187 7 10 0.08481268 
478 297 14 19 0.0848105 
1014 207 8 11 0.08478919 
713 167 8 10 0.082987495 
744 167 9 11 0.08205313 
268 194 13 15 0.08183464 
557 188 9 11 0.0799179 
813 174 9 10 0.07704968 
679 148 9 11 0.07682603 
985 241 13 16 0.07672101 
864 152 9 12 0.07598901 
738 203 9 12 0.075397894 
641 137 8 11 0.07460765 
745 139 9 12 0.074519455 
768 140 8 10 0.07387981 
793 197 10 12 0.072717495 
360 250 13 18 0.07222856 
714 160 7 9 0.07213237 
128 308 22 27 0.07134712 
168 236 9 12 0.06999728 
864 163 11 12 0.06934238 
998 196 9 10 0.068818115 
520 197 8 11 0.067836486 
665 185 9 12 0.06761621 
767 176 9 11 0.067214735 
734 166 9 11 0.06714266 
791 210 10 14 0.067003764 
583 151 7 10 0.066403486 
708 221 12 14 0.065616585 
831 149 8 10 0.065316215 
151 230 10 13 0.06474991 
286 174 9 11 0.0641731 
751 158 8 11 0.06342291 
560 204 10 12 0.06334742 
708 250 13 16 0.063106924 
631 206 8 10 0.062746204 
813 191 9 12 0.062418353 
816 151 8 10 0.062321283 
760 234 10 16 0.061350103 
833 157 8 11 0.06130049 
583 169 6 9 0.061280314 
625 176 9 11 0.06061907 
358 236 13 17 0.059623156 
796 261 11 15 0.059381224 
662 199 9 12 0.05900802 
312 216 10 12 0.058841374 
505 151 8 9 0.058814436 
45 220 10 12 0.057486057 
289 215 20 23 0.057086207 
756 230 11 14 0.055587362 
76 253 13 15 0.055140056 
586 188 9 12 0.05418805 
329 251 12 17 0.053948402 
713 152 7 8 0.05389359 
689 165 9 11 0.053593162 
645 136 9 11 0.052940443 
839 158 9 11 0.05234553 
286 226 10 12 0.05190526 
734 161 9 9 0.05125997 
729 166 9 10 0.05119813 
671 198 9 12 0.050591525 
117 367 15 19 0.05012659 
212 266 12 17 0.049850706 
353 229 10 13 0.049777914 
917 600 15 18 0.049632493 
854 141 9 10 0.04962556 
964 199 9 11 0.04953116 
748 198 9 12 0.04925983 
239 221 11 14 0.049121834 
585 184 9 11 0.049075864 
438 228 10 13 0.048960846 
704 168 8 10 0.04860583 
592 213 10 13 0.048327353 
695 158 7 9 0.047140174 
441 211 10 13 0.04695528 
715 245 13 16 0.04690344 
579 220 9 11 0.04682649 
882 212 10 12 0.04673511 
896 152 7 10 0.046600908 
826 136 9 11 0.046453867 
1 204 10 15 0.046291195 
527 198 8 11 0.04583685 
1013 212 9 12 0.04583492 
557 198 11 13 0.045770857 
617 356 14 19 0.045634776 
823 151 8 10 0.045460273 
329 187 11 14 0.04498877 
690 160 8 9 0.044909254 
869 160 9 11 0.04482008 
138 218 12 16 0.04479184 
272 223 9 11 0.044580374 
511 232 8 11 0.044436973 
454 239 10 13 0.04406796 
56 228 11 15 0.043866564 
660 226 10 15 0.04368118 
620 220 11 14 0.043601215 
597 184 9 11 0.0432953 
646 159 8 11 0.043276783 
886 201 10 13 0.043020446 
222 290 15 23 0.043009378 
119 273 13 15 0.04260521 
591 184 8 12 0.04236665 
757 274 12 16 0.042268187 
514 200 7 10 0.042251952 
739 272 13 16 0.042134468 
365 230 10 12 0.041980784 
812 197 12 15 0.0412328 
469 230 8 11 0.040902376 
477 303 20 29 0.04063831 
851 235 13 15 0.040631548 
553 175 8 10 0.040593527 
521 143 7 10 0.040557742 
362 244 12 16 0.040488746 
1016 197 8 12 0.040462874 
162 194 16 20 0.03998915 
577 174 8 10 0.039984275 
846 182 9 12 0.039894514 
582 158 8 9 0.03971153 
625 197 9 12 0.039581373 
773 135 8 10 0.039333798 
745 158 8 11 0.039131988 
656 184 8 10 0.03877241 
697 174 7 10 0.038759284 
598 126 7 10 0.03874936 
975 192 8 10 0.038598277 
886 184 10 11 0.038095113 
529 168 7 9 0.0380248 
609 165 9 10 0.037955817 
790 158 8 9 0.037952315 
733 148 9 11 0.03789481 
570 215 9 12 0.037795402 
629 198 9 11 0.037668537 
699 238 14 16 0.037612963 
801 144 8 10 0.037591364 
706 180 8 10 0.03728525 
839 182 9 11 0.037055854 
565 200 9 11 0.036946047 
825 120 10 12 0.03653604 
806 142 9 10 0.03653538 
763 273 14 17 0.03646592 
818 230 12 16 0.036368042 
147 393 29 30 0.036340747 
859 157 8 11 0.036325835 
397 242 13 17 0.035915136 
896 157 8 11 0.035844553 
627 252 11 13 0.03571418 
0 213 11 22 0.035606306 
716 224 10 13 0.035132553 
767 205 10 12 0.03498245 
839 175 10 11 0.034939174 
831 181 8 11 0.034920875 
571 219 10 13 0.034881625 
445 207 10 14 0.03474044 
1002 258 16 21 0.034521736 
552 259 12 16 0.03451628 
868 150 9 12 0.034322977 
303 204 11 13 0.03424428 
903 165 7 9 0.03401863 
887 168 8 9 0.03382012 
742 126 9 11 0.033524018 
460 321 22 28 0.033477347 
759 135 8 10 0.033308275 
509 216 9 12 0.03329239 
301 214 10 14 0.033174753 
864 95 10 12 0.03308308 
847 104 9 10 0.032878935 
743 118 11 13 0.03277405 
182 243 13 17 0.032741185 
26 202 11 14 0.032707646 
635 142 9 11 0.032641534 
520 204 9 10 0.03256142 
199 396 27 35 0.032493774 
465 92 11 15 0.032297693 
790 152 9 10 0.032284174 
769 158 8 10 0.03225985 
19 181 10 14 0.032253925 
767 150 8 11 0.03202917 
624 204 9 12 0.032013558 
847 174 9 11 0.031925578 
746 151 7 9 0.031705387 
745 112 9 11 0.03159931 
869 125 9 12 0.03154282 
968 191 8 10 0.031413577 
357 230 12 15 0.031402495 
584 119 10 12 0.031372327 
454 213 8 11 0.031222817 
76 348 12 16 0.031215679 
961 192 8 10 0.031187443 
772 259 13 16 0.031101555 
718 166 7 10 0.030903084 
934 182 8 11 0.030808277 
300 227 12 14 0.030634213 
774 190 8 11 0.030225726 
895 237 10 14 0.030185001 
829 100 10 12 0.030159574 
806 201 17 22 0.030106239 
719 135 7 9 0.030008122 
600 203 10 15 0.029958572 
614 164 8 11 0.029867882 
36 180 11 13 0.029790547 
813 225 12 14 0.029690176 
33 175 11 13 0.029556222 
982 190 8 10 0.029402956 
685 207 9 12 0.029177716 
269 200 13 16 0.029068356 
238 195 10 13 0.029036053 
750 152 8 9 0.02901791 
455 325 12 15 0.029004041 
623 226 11 15 0.028882086 
211 245 10 14 0.02888101 
836 275 12 16 0.028719593 
474 316 23 30 0.028611513 
904 142 8 9 0.028599659 
968 176 8 10 0.028589765 
728 195 10 13 0.028486809 
968 181 8 9 0.028402314 
528 173 8 10 0.028376399 
520 176 8 10 0.028276827 
22 415 15 21 0.028180398 
472 136 9 11 0.02809569 
695 153 8 9 0.028085005 
567 231 10 12 0.028035508 
976 175 8 12 0.02795388 
958 210 12 14 0.027945323 
400 321 13 19 0.027742526 
599 175 7 9 0.02771794 
953 356 17 22 0.027677 
926 236 11 14 0.027458731 
483 188 9 11 0.027437638 
317 243 10 14 0.02737058 
865 322 16 19 0.027365558 
641 123 8 11 0.027290696 
294 270 26 32 0.027187616 
879 184 8 10 0.027180444 
767 212 10 13 0.027137157 
568 175 7 9 0.027119614 
599 218 11 15 0.027112814 
462 325 11 15 0.027091404 
641 164 7 10 0.027032044 
891 353 16 18 0.02702323 
858 55 8 11 0.026979424 
489 199 8 11 0.026978603 
645 119 11 13 0.02692461 
171 231 10 13 0.02687311 
506 232 8 11 0.026813617 
808 189 11 13 0.02676333 
478 152 8 10 0.026643679 
849 141 9 11 0.026527325 
739 212 9 12 0.026499452 
377 224 10 13 0.026486278 
703 269 11 14 0.026395567 
656 151 8 9 0.02626135 
212 398 13 17 0.026218172 
993 190 10 12 0.026119692 
861 237 11 13 0.026007907 
695 166 8 11 0.025953269 
717 175 9 11 0.025939364 
821 223 10 13 0.0258538 
92 229 11 13 0.025656631 
21 190 10 14 0.025622925 
589 206 10 14 0.02546116 
892 563 52 56 0.025343888 
905 137 7 9 0.025317848 
311 226 11 14 0.025313022 
775 141 7 10 0.025161613 
522 149 7 10 0.02501075 
325 277 11 14 0.024970768 
954 205 9 10 0.024920015 
861 54 8 10 0.0248688 
902 243 10 13 0.024795352 
361 267 11 16 0.024743749 
896 165 8 10 0.02472042 
944 205 9 10 0.024671843 
206 239 11 14 0.024650458 
16 189 10 13 0.0246406 
454 189 12 15 0.024609802 
53 221 11 14 0.024607046 
764 292 12 15 0.024603393 
712 145 7 8 0.02456239 
958 572 15 19 0.024560874 
808 181 10 12 0.024547506 
380 223 18 23 0.02452414 
109 229 9 12 0.024433944 
729 161 8 10 0.024377689 
872 182 9 11 0.02433781 
848 136 9 12 0.024299217 
609 151 10 12 0.024263654 
687 213 9 12 0.024236754 
647 165 8 9 0.024232674 
871 133 8 11 0.024213253 
449 252 12 15 0.024115732 
169 200 16 18 0.024046248 
717 160 8 10 0.023978608 
750 135 9 12 0.02393559 
839 152 9 11 0.023918334 
589 195 10 12 0.023903416 
696 230 10 13 0.0238619 
830 187 9 12 0.023824992 
790 54 11 14 0.023818314 
738 135 8 10 0.02379099 
983 247 12 15 0.02379036 
390 234 14 18 0.023773301 
366 224 9 11 0.02374796 
0 201 20 33 0.023743842 
770 165 8 10 0.023690408 
919 238 10 13 0.023540378 
332 252 16 22 0.023529416 
583 145 8 10 0.023411496 
125 285 23 27 0.023369176 
745 222 18 24 0.023298077 
825 181 9 12 0.023257203 
48 176 9 12 0.023223346 
123 260 16 19 0.023205137 
394 232 20 24 0.023197679 
190 262 13 18 0.023174273 
639 148 9 11 0.023162229 
309 236 11 14 0.023142165 
683 6 93 123 0.023137972 
812 167 11 13 0.02311726 
969 167 7 9 0.02305556 
672 143 9 10 0.022960024 
572 211 18 22 0.02295353 
480 165 7 10 0.022952953 
200 250 13 16 0.022935798 
505 215 9 12 0.022929728 
695 181 8 10 0.022907773 
210 251 13 17 0.02285538 
551 161 7 9 0.022852512 
1012 571 13 20 0.022768606 
278 215 11 14 0.022714624 
729 144 9 11 0.022708487 
8 317 16 22 0.022705248 
829 235 10 15 0.022699216 
325 230 10 12 0.022672419 
761 191 9 12 0.022670534 
131 322 14 20 0.022635855 
434 223 10 13 0.02253764 
766 252 11 15 0.022347402 
654 124 9 11 0.022325054 
856 164 9 12 0.022202287 
678 251 10 14 0.02219399 
126 223 10 12 0.022173665 
783 144 7 9 0.022103311 
105 229 9 12 0.022098642 
960 175 8 10 0.022061339 
513 142 7 10 0.022004183 
440 262 11 15 0.021984063 
22 192 19 24 0.021970784 
699 212 10 14 0.021950485 
742 176 19 23 0.021920923 
604 535 32 34 0.02191516 
535 213 9 13 0.021800576 
933 237 10 12 0.021782253 
814 182 8 11 0.021659223 
539 307 15 21 0.021625388 
665 175 8 10 0.02161356 
403 236 11 14 0.021577448 
319 275 11 15 0.021552239 
1009 208 10 11 0.021489834 
159 236 11 13 0.021485204 
471 295 15 21 0.021451132 
728 174 8 10 0.021434365 
207 255 21 27 0.021378433 
734 172 10 12 0.021309294 
854 174 10 13 0.021286715 
926 262 10 13 0.021282868 
607 214 13 18 0.021184504 
678 206 9 11 0.021150993 
920 181 8 10 0.021144139 
623 177 17 23 0.021138858 
66 174 8 10 0.021105686 
264 228 10 14 0.021101678 
511 204 8 10 0.021098822 
592 168 7 9 0.021038355 
814 143 8 10 0.02101595 
720 182 9 10 0.020992069 
787 28 14 18 0.020990765 
381 234 14 19 0.02096624 
111 223 9 12 0.02090605 
815 156 9 11 0.020879354 
766 340 13 17 0.020813221 
806 150 8 10 0.020802895 
857 152 9 11 0.02071769 
792 237 9 13 0.020713635 
625 245 12 16 0.02071225 
773 175 8 10 0.020696986 
944 229 9 12 0.020694194 
488 151 8 10 0.020653881 
547 167 7 9 0.020553065 
699 250 22 26 0.020552589 
132 277 14 16 0.020547649 
558 228 9 13 0.020541677 
45 283 21 28 0.020498322 
887 221 9 12 0.020452088 
718 198 9 12 0.02037552 
317 370 16 17 0.020370124 
1 190 9 13 0.02032508 
761 206 9 11 0.020254752 
599 151 8 10 0.020236757 
281 179 10 13 0.020227514 
792 192 9 12 0.020221176 
1012 250 12 20 0.020195557 
664 151 7 9 0.02018174 
156 395 17 20 0.020171884 
