2_Demonstration_Demonstration_Or_Protest_2_395
114
874 338 53 78 0.9943092 
809 493 96 107 0.9708571 
975 298 47 78 0.71758187 
564 222 23 28 0.6105914 
966 250 30 39 0.27799398 
750 342 41 57 0.20201947 
477 127 32 38 0.19605371 
891 241 25 31 0.15260452 
972 244 15 19 0.12541047 
831 320 24 30 0.1077478 
916 285 28 41 0.10575801 
895 235 16 20 0.10265141 
691 465 51 69 0.090196095 
940 248 15 18 0.08993048 
77 17 47 74 0.08836613 
181 69 17 21 0.08750992 
978 260 27 33 0.08150962 
858 221 30 37 0.07933262 
966 270 48 74 0.07909973 
1007 257 11 16 0.077926286 
703 530 34 39 0.07642266 
258 102 12 16 0.0717201 
311 166 88 126 0.07080415 
971 269 27 34 0.069443196 
338 88 13 17 0.067636825 
904 292 29 35 0.065803446 
1007 274 14 20 0.06484044 
1012 269 11 19 0.06388117 
891 256 23 29 0.06376144 
800 264 41 54 0.059941985 
848 347 43 66 0.058050085 
971 254 19 24 0.055137295 
887 235 40 54 0.053707547 
610 206 16 20 0.05084811 
956 254 24 32 0.050021727 
327 558 50 68 0.04876849 
991 267 26 33 0.04592369 
981 -7 46 60 0.04551981 
780 257 46 60 0.043005306 
136 26 53 64 0.04246953 
588 99 75 116 0.041560538 
923 275 24 32 0.040632706 
967 248 17 24 0.04040754 
298 111 17 19 0.039739124 
839 317 28 33 0.039546367 
910 197 15 20 0.036337532 
229 0 13 11 0.03611852 
936 170 18 21 0.03589987 
213 76 13 15 0.035834577 
896 256 41 54 0.035062175 
995 264 16 24 0.033672772 
896 272 17 21 0.032858692 
194 94 29 36 0.032120433 
693 174 40 36 0.03197664 
894 301 53 66 0.03185052 
980 274 32 41 0.03174919 
247 384 45 68 0.03147138 
923 256 13 17 0.030910123 
917 302 31 39 0.030608611 
0 0 39 79 0.030534623 
894 284 24 35 0.029407272 
536 259 24 31 0.02927687 
818 277 18 28 0.028906703 
752 255 50 57 0.028869838 
554 204 17 19 0.02867103 
132 17 100 112 0.028514277 
826 274 25 37 0.028326016 
865 271 40 54 0.028065277 
859 230 18 23 0.027887458 
496 135 19 24 0.027816504 
486 209 17 20 0.027147803 
784 455 174 172 0.026492536 
461 136 48 62 0.026434435 
908 281 15 20 0.026280377 
256 11 12 15 0.02613996 
159 40 52 61 0.025711974 
481 148 19 22 0.025675228 
105 9 48 70 0.02557366 
219 77 11 14 0.025497828 
828 266 16 23 0.024553038 
933 253 47 60 0.024432385 
167 62 51 61 0.02432206 
466 122 30 41 0.024245959 
234 1 12 14 0.02413642 
731 326 74 101 0.024072075 
385 36 11 14 0.023904435 
678 212 50 57 0.02370572 
842 279 15 22 0.023654647 
951 266 14 21 0.023377776 
202 105 17 23 0.023331601 
825 334 30 41 0.023329845 
666 239 26 30 0.023258058 
1006 251 18 28 0.022933746 
885 271 25 35 0.022803593 
659 379 15 24 0.022503808 
913 188 12 15 0.022439985 
915 255 16 19 0.022315932 
436 231 38 43 0.021979753 
985 277 18 24 0.021851467 
485 233 29 36 0.021613467 
998 280 26 35 0.021574287 
962 321 49 71 0.02138176 
709 484 24 31 0.021363651 
272 113 26 32 0.02133615 
223 92 24 29 0.021258224 
139 96 25 28 0.021092769 
535 212 43 54 0.021001788 
901 271 25 34 0.020909753 
554 95 49 69 0.02089233 
681 492 52 74 0.02065844 
574 232 19 23 0.020394387 
270 90 11 14 0.02035057 
433 112 98 134 0.020225812 
963 380 40 60 0.020078015 
