2_Demonstration_Political_Rally_2_842
26
506 292 40 51 0.9546901 
366 596 17 20 0.8908748 
293 626 16 20 0.8401185 
290 637 16 21 0.116377406 
325 628 13 15 0.08541597 
1 605 10 18 0.06272168 
567 418 14 18 0.059108604 
417 198 10 12 0.057060916 
325 646 17 20 0.056046825 
278 180 10 12 0.045834262 
110 322 11 14 0.04354107 
400 176 8 12 0.042611722 
424 220 10 14 0.04007048 
199 181 13 14 0.038365595 
338 618 15 18 0.036913216 
117 638 12 14 0.036795065 
296 372 9 11 0.030047363 
268 373 9 12 0.026839698 
856 383 8 12 0.025718363 
566 174 8 11 0.024771163 
299 638 15 19 0.024766272 
290 649 15 19 0.024684172 
321 631 21 26 0.02195751 
1007 186 14 17 0.021744581 
419 203 11 13 0.02140118 
561 169 8 10 0.020010952 
