2_Demonstration_Demonstrators_2_517
168
802 109 35 43 0.99892235 
463 359 66 78 0.99890435 
704 129 51 62 0.9986964 
884 98 34 37 0.9979298 
137 289 79 93 0.99750865 
778 293 77 96 0.9973099 
656 147 28 41 0.9963607 
168 126 43 53 0.9954645 
504 111 40 49 0.9945456 
109 92 30 35 0.99420434 
988 86 24 27 0.993765 
788 89 26 30 0.9781925 
258 122 42 60 0.9774278 
426 74 17 22 0.9648659 
919 104 24 28 0.884266 
216 105 25 31 0.8227755 
612 67 17 20 0.74646384 
698 77 13 17 0.65782857 
485 97 15 20 0.6098847 
471 113 27 35 0.5625079 
767 65 15 18 0.5055242 
625 0 28 30 0.49841797 
636 59 12 16 0.3863514 
240 86 17 21 0.35088715 
588 118 22 29 0.3328631 
897 306 32 41 0.31536856 
618 359 36 40 0.24176039 
569 90 16 21 0.19222407 
529 69 8 10 0.17166202 
551 66 9 12 0.16645789 
859 86 13 19 0.1651191 
546 123 16 21 0.15956707 
671 46 9 12 0.14574806 
559 70 9 11 0.1255373 
515 84 12 15 0.114524946 
147 97 12 16 0.11332363 
220 101 15 18 0.110147394 
1012 90 13 21 0.10005945 
477 106 18 20 0.08540955 
283 108 15 20 0.08259696 
700 72 11 14 0.07670465 
687 146 14 19 0.076424405 
181 77 9 12 0.07582055 
221 98 10 12 0.074577 
533 69 8 10 0.07206563 
680 54 9 11 0.07160609 
545 68 9 11 0.0654953 
445 63 8 11 0.06377638 
630 52 16 21 0.062454022 
719 78 8 11 0.05932534 
711 61 8 10 0.058529746 
456 35 11 15 0.05677581 
720 57 8 10 0.05605547 
509 69 8 11 0.055739988 
655 62 10 13 0.054304004 
719 85 10 12 0.054138366 
262 117 29 34 0.05369546 
541 77 11 13 0.05289333 
710 79 10 12 0.05154882 
781 91 17 21 0.051381268 
303 43 14 18 0.050634272 
513 79 10 13 0.050584197 
537 48 9 11 0.050474163 
719 92 15 17 0.049625713 
619 62 16 22 0.049553283 
196 67 11 13 0.048876498 
628 64 13 17 0.047944177 
455 44 10 13 0.047718212 
744 77 10 15 0.047590513 
557 64 9 12 0.047490496 
729 46 9 12 0.047149353 
462 54 9 10 0.04703723 
875 92 13 19 0.04612103 
181 84 10 15 0.04584237 
921 119 24 32 0.045221932 
568 95 24 34 0.04503195 
482 108 26 37 0.044006072 
400 4 11 13 0.04345415 
495 30 10 13 0.042614836 
679 139 28 36 0.042361822 
550 29 8 11 0.041984968 
690 35 9 12 0.04143033 
578 106 27 36 0.041293204 
644 61 10 14 0.040214773 
175 75 11 15 0.03960326 
602 54 41 50 0.038948078 
273 107 26 33 0.038521096 
245 80 13 16 0.038407348 
537 78 9 11 0.038026683 
560 75 9 12 0.03772703 
677 48 10 12 0.036618423 
606 61 16 21 0.036371484 
519 62 8 11 0.036233775 
889 85 28 34 0.034738895 
444 68 12 14 0.033512767 
175 82 12 17 0.033494085 
748 84 13 17 0.033141017 
720 72 8 11 0.033105675 
894 30 10 13 0.03259795 
11 493 59 72 0.03244317 
141 92 21 26 0.0321476 
421 368 29 39 0.031973008 
866 89 19 27 0.030933525 
487 45 8 10 0.030790275 
662 61 9 12 0.030432839 
565 71 9 11 0.030406453 
670 60 9 13 0.03032086 
926 133 16 21 0.030185034 
496 15 9 11 0.02986635 
634 12 16 19 0.029704973 
735 56 8 10 0.029654197 
724 78 9 12 0.029005144 
676 109 18 22 0.028901698 
271 102 42 61 0.028886313 
646 53 10 14 0.028884485 
688 84 10 14 0.028783502 
455 75 11 14 0.028531304 
639 6 17 21 0.02850121 
646 65 11 15 0.0283336 
226 100 25 31 0.028269522 
641 0 14 13 0.028209325 
445 83 12 15 0.028206104 
366 0 9 10 0.028198829 
81 58 29 34 0.027773593 
526 75 10 12 0.027362678 
486 36 11 14 0.027290715 
468 108 15 17 0.027216366 
251 88 13 19 0.026928585 
653 54 10 14 0.026789164 
719 61 8 9 0.026273984 
749 89 15 20 0.02596657 
456 51 9 11 0.025937663 
598 68 11 15 0.025792973 
469 115 18 23 0.025665186 
182 72 9 13 0.02558686 
518 39 7 10 0.025017379 
690 5 9 11 0.024940671 
449 44 11 14 0.024929993 
456 92 10 14 0.024745205 
873 89 23 32 0.024579534 
695 85 14 18 0.024541743 
736 61 10 12 0.024415497 
519 56 8 10 0.024380272 
559 92 11 14 0.02411151 
967 114 25 31 0.024053253 
551 86 10 13 0.023918957 
412 21 12 16 0.023914149 
648 329 15 18 0.023906983 
539 51 10 13 0.023457414 
449 5 9 12 0.023296209 
493 96 23 29 0.023147276 
512 90 13 17 0.022958763 
723 86 11 13 0.02265136 
677 113 28 36 0.02250733 
-3 464 55 86 0.022453329 
460 45 10 13 0.022371737 
904 34 11 13 0.022309938 
926 47 10 12 0.022296816 
85 62 17 20 0.02220545 
211 313 27 43 0.021509985 
261 89 13 18 0.021472972 
737 76 11 16 0.02137134 
741 339 35 51 0.021164082 
257 41 15 18 0.02060504 
584 58 46 55 0.020580249 
468 91 12 13 0.020420788 
462 87 10 12 0.020185126 
476 5 10 11 0.020114487 
