2_Demonstration_Protesters_2_131
1114
480 560 13 19 0.9903626 
316 593 16 23 0.98524994 
189 561 13 17 0.9558057 
265 584 16 19 0.95277655 
184 589 15 19 0.9476517 
34 597 20 24 0.93557084 
124 617 19 26 0.92315245 
211 617 18 24 0.9219438 
88 585 18 22 0.91927797 
305 555 13 17 0.91145235 
955 558 13 17 0.91119117 
408 540 13 16 0.9009973 
44 569 18 20 0.89199764 
149 540 10 14 0.85776097 
414 584 15 20 0.8353976 
551 552 13 16 0.8235602 
977 572 15 21 0.82154757 
405 520 10 13 0.8100914 
862 568 20 26 0.80394286 
319 541 10 13 0.7946442 
130 585 14 19 0.72993904 
464 618 16 23 0.69739085 
266 663 24 25 0.6915796 
298 629 17 21 0.6787937 
824 514 10 14 0.67575914 
894 560 15 19 0.6520037 
168 540 12 15 0.63669467 
135 524 10 12 0.62529993 
938 526 8 11 0.60619706 
465 536 10 11 0.60376525 
710 542 11 14 0.6002902 
656 551 11 13 0.5886934 
360 560 10 13 0.5662972 
607 557 10 12 0.52136195 
296 596 11 15 0.5174075 
220 515 10 12 0.50281465 
829 565 14 18 0.49912864 
219 554 10 13 0.48626482 
425 516 9 11 0.46957117 
286 522 8 12 0.4677243 
741 505 9 11 0.43741986 
390 518 8 11 0.4249069 
743 548 10 14 0.40444925 
321 526 9 10 0.3928299 
628 601 18 23 0.38071308 
692 548 11 15 0.37219793 
303 520 7 9 0.34613252 
846 491 8 11 0.31289983 
127 507 10 12 0.31212714 
797 538 14 19 0.30908722 
325 526 9 12 0.30776155 
904 519 7 10 0.29972163 
892 538 12 15 0.2952501 
790 535 11 14 0.2933792 
1 508 9 13 0.2923307 
256 523 9 11 0.2885615 
710 509 9 11 0.28686947 
183 524 8 11 0.28403395 
865 516 10 12 0.2824086 
591 509 9 11 0.27840084 
722 620 22 26 0.27691537 
422 556 10 13 0.26538384 
117 523 10 12 0.26233056 
61 526 12 15 0.26119974 
379 612 14 20 0.25827336 
567 524 8 11 0.2576666 
446 534 9 11 0.25662354 
31 541 12 14 0.25594348 
961 529 7 10 0.25352225 
441 488 7 10 0.25064263 
750 524 9 11 0.24983263 
805 504 8 11 0.24676335 
622 524 9 11 0.24313517 
39 496 9 11 0.24159199 
86 216 112 155 0.23605624 
995 587 12 15 0.23353592 
375 532 9 12 0.23299697 
842 493 9 10 0.23099679 
265 488 8 9 0.23011029 
870 512 8 11 0.22337158 
664 580 12 17 0.22015129 
754 587 14 19 0.21953213 
444 550 10 15 0.217106 
726 508 8 10 0.2137678 
214 494 9 12 0.20943674 
687 541 10 15 0.20090984 
36 538 13 15 0.19998458 
167 516 9 11 0.19749169 
514 542 8 11 0.1972973 
93 491 10 12 0.1934844 
801 541 16 21 0.19248618 
367 512 9 11 0.19156821 
687 503 7 10 0.19152114 
328 501 7 9 0.18777815 
689 554 11 15 0.18370487 
839 549 10 12 0.18282014 
210 493 8 10 0.18076123 
29 644 14 20 0.18005411 
618 519 7 9 0.17618312 
776 515 10 12 0.17224401 
719 568 14 19 0.1719838 
174 479 6 9 0.17037977 
657 486 6 9 0.16819662 
778 497 7 9 0.16511849 
139 557 10 13 0.16282183 
1008 565 10 13 0.16101077 
888 510 7 9 0.15968738 
240 501 8 10 0.15761407 
24 514 11 13 0.1575248 
294 495 8 10 0.15750304 
669 585 13 16 0.15508181 
631 511 9 11 0.15496331 
206 510 9 11 0.15448913 
502 526 7 10 0.15419403 
240 531 10 13 0.14914787 
766 502 8 10 0.14780338 
798 496 7 9 0.1476865 
670 540 8 10 0.14627308 
710 503 9 11 0.14438799 
886 611 13 19 0.14082268 
664 541 9 12 0.13904803 
209 527 9 12 0.13863826 
56 504 8 9 0.13823393 
302 523 8 11 0.13543522 
345 560 10 12 0.13446948 
77 503 9 11 0.13279359 
785 512 8 11 0.13267101 
215 574 11 14 0.13050476 
198 504 8 10 0.12934661 
673 485 8 10 0.12883852 
287 550 11 14 0.12815662 
182 504 8 10 0.1279604 
968 503 7 9 0.12785465 
190 664 26 23 0.12717846 
711 572 10 15 0.12636477 
361 496 8 9 0.1263437 
769 488 7 9 0.12543702 
625 471 7 10 0.12506469 
785 486 7 9 0.12447679 
608 525 8 11 0.12446922 
106 470 7 10 0.12441063 
236 550 10 13 0.124127045 
368 527 8 11 0.12412641 
783 502 8 10 0.123061605 
744 524 9 12 0.12298682 
171 535 10 13 0.1208664 
502 558 11 13 0.12033315 
30 495 9 11 0.120004885 
260 519 9 11 0.11761246 
885 519 8 10 0.116905026 
7 533 12 16 0.11493769 
222 496 8 9 0.113442324 
663 513 7 9 0.11314838 
711 516 8 10 0.11252843 
342 511 8 10 0.11179939 
166 512 8 10 0.11145687 
922 611 17 20 0.11144711 
671 502 7 8 0.110487476 
786 533 10 13 0.11009802 
101 519 8 10 0.109659955 
801 508 9 12 0.10921245 
178 503 8 10 0.109155126 
609 503 7 10 0.10803156 
755 579 14 18 0.10755903 
744 520 8 10 0.10721643 
130 486 8 10 0.106805466 
612 556 9 12 0.1059211 
325 532 10 13 0.10578873 
533 511 8 10 0.1057586 
233 499 9 11 0.10558407 
153 526 9 11 0.10551846 
672 481 8 10 0.10435692 
199 509 9 10 0.10397128 
610 510 7 9 0.103743896 
789 511 9 12 0.1033104 
11 530 13 17 0.10262627 
214 489 8 10 0.10234339 
247 488 8 9 0.101936415 
902 492 8 11 0.10181009 
974 592 15 19 0.100993365 
951 518 8 9 0.1008198 
705 534 9 12 0.10062354 
63 512 8 10 0.10048139 
25 495 10 12 0.099238984 
680 495 7 9 0.09888717 
722 509 7 10 0.09887064 
747 548 12 17 0.09764517 
881 518 8 10 0.097254254 
290 496 8 10 0.097203605 
908 544 11 14 0.096971 
664 494 7 9 0.09620776 
715 577 14 20 0.096101254 
965 527 9 11 0.09564387 
551 533 7 10 0.09550356 
72 511 9 11 0.09481982 
818 509 8 11 0.09461695 
514 512 8 11 0.09461362 
678 567 11 14 0.09435579 
441 512 8 10 0.094310775 
758 575 11 13 0.09396815 
497 519 8 10 0.09348628 
95 510 9 10 0.09334072 
414 575 12 16 0.09299842 
622 532 9 13 0.09265699 
607 495 7 8 0.09208667 
383 527 9 11 0.09208449 
665 536 9 11 0.09186724 
269 488 8 9 0.09179152 
592 495 7 9 0.09105807 
615 512 7 9 0.09098806 
361 501 8 10 0.09089628 
168 495 8 10 0.09074316 
428 512 9 11 0.09051709 
264 510 8 11 0.089962564 
264 504 9 10 0.089560464 
64 518 10 12 0.08908878 
358 551 10 12 0.08872318 
706 510 7 10 0.08846449 
529 512 8 9 0.08784094 
913 511 8 10 0.08755618 
651 593 12 16 0.08742336 
457 487 7 8 0.08695131 
975 578 19 28 0.08608841 
15 494 9 11 0.0860189 
369 532 9 11 0.085574254 
280 503 6 8 0.085424714 
97 519 9 11 0.08474226 
290 513 8 9 0.084093444 
232 551 9 12 0.08380412 
910 519 8 10 0.08356674 
373 516 9 11 0.08322719 
247 494 8 10 0.082972236 
882 9 42 54 0.08295496 
681 511 7 10 0.0816094 
781 496 8 9 0.08145245 
696 518 7 10 0.08123117 
146 536 10 13 0.081189685 
614 485 8 9 0.0803783 
118 542 9 13 0.08034686 
462 495 7 10 0.08010252 
255 496 7 9 0.080023676 
975 496 6 8 0.079617314 
279 495 7 10 0.07890639 
78 509 9 12 0.07853748 
876 548 12 15 0.078443326 
270 493 8 10 0.07841946 
761 502 8 11 0.07805308 
71 495 8 10 0.078018785 
652 575 14 18 0.07729983 
838 634 11 14 0.07721259 
362 512 8 9 0.07693381 
701 548 10 14 0.07673227 
246 533 10 13 0.07643572 
365 495 8 9 0.0761999 
942 502 7 9 0.07606422 
865 501 8 10 0.07595348 
246 526 8 11 0.07509166 
784 526 10 13 0.07479019 
423 503 7 9 0.07467158 
552 517 8 10 0.07436579 
789 525 11 14 0.07435858 
388 555 12 15 0.074089296 
736 532 9 11 0.07402477 
1001 536 8 11 0.07388129 
648 486 7 9 0.073846266 
162 510 8 10 0.07375074 
465 511 7 10 0.073576696 
115 28 140 213 0.07333404 
110 509 9 11 0.073242135 
591 463 8 10 0.0727376 
608 487 8 10 0.07251328 
646 574 12 16 0.07247315 
255 613 12 16 0.072182305 
400 496 7 9 0.072079204 
198 609 13 15 0.07164076 
656 516 8 10 0.071631856 
717 585 13 18 0.07144801 
269 510 8 11 0.07125819 
241 518 8 10 0.07115909 
614 456 7 10 0.07112148 
217 512 9 11 0.0709137 
470 511 7 9 0.070825934 
16 486 8 9 0.07032508 
350 558 9 13 0.0696435 
84 556 12 15 0.06956026 
381 606 13 17 0.069394656 
655 481 7 9 0.06923027 
193 462 8 10 0.069206245 
686 509 8 11 0.068840496 
111 546 13 17 0.068738036 
607 519 8 10 0.06856619 
401 501 8 10 0.06845902 
415 564 10 13 0.06804691 
184 657 20 29 0.067678325 
1014 549 8 12 0.06757534 
699 15 190 274 0.06753206 
282 520 9 12 0.067199096 
380 532 9 11 0.0668538 
265 493 8 9 0.06664444 
975 527 8 10 0.06633144 
29 511 10 12 0.06629397 
560 519 8 10 0.06617851 
938 497 7 8 0.066149294 
639 472 8 9 0.06604302 
56 549 11 13 0.065797836 
704 503 8 10 0.06556161 
988 579 14 18 0.06549052 
743 495 7 8 0.06530343 
894 549 11 14 0.06478119 
768 495 7 9 0.06465742 
800 481 7 9 0.06460153 
265 625 15 18 0.06456557 
37 547 13 16 0.06437378 
738 508 9 10 0.06419719 
696 580 12 16 0.06411073 
639 493 7 9 0.063917205 
789 517 10 12 0.063883774 
260 556 10 13 0.063821524 
321 501 8 9 0.06364901 
865 496 8 10 0.063618906 
131 502 10 12 0.06345788 
259 620 15 18 0.06345408 
517 463 8 10 0.06310264 
183 550 12 14 0.06303277 
37 625 14 16 0.06293536 
193 502 8 11 0.062796496 
296 518 8 11 0.062767185 
454 549 11 15 0.06276438 
581 565 9 14 0.06274024 
888 536 11 14 0.06246149 
518 535 10 13 0.062396582 
247 503 7 10 0.0623809 
578 471 7 9 0.062214036 
350 542 8 12 0.061885078 
368 669 20 22 0.06162202 
320 522 8 10 0.06133989 
37 512 9 11 0.06118292 
290 501 7 9 0.061146367 
783 572 12 16 0.06104028 
256 502 7 10 0.06091176 
550 512 8 10 0.060657978 
951 512 7 10 0.060170457 
567 499 8 11 0.060155068 
256 557 9 12 0.060024787 
417 510 8 10 0.059933644 
322 589 14 20 0.0596444 
964 567 20 26 0.059506044 
814 470 7 9 0.059387483 
80 551 11 14 0.059194453 
225 620 16 19 0.0589778 
667 573 14 17 0.058965985 
291 193 39 45 0.0587332 
545 456 7 9 0.058669023 
425 496 7 8 0.05843787 
29 578 13 19 0.058416814 
836 555 15 19 0.058252882 
410 487 6 8 0.058072075 
166 555 11 14 0.05806709 
214 531 8 11 0.058005776 
889 620 16 20 0.057696126 
295 512 7 9 0.05743587 
80 517 10 12 0.05740691 
167 503 7 10 0.05735615 
527 495 10 13 0.057233356 
871 502 7 10 0.057209775 
57 530 11 14 0.057103377 
624 477 8 9 0.056807414 
703 117 32 36 0.056618415 
110 463 9 10 0.05655221 
677 487 7 9 0.056519397 
218 579 14 17 0.05649691 
640 488 7 11 0.056440953 
447 540 9 13 0.056355156 
215 499 9 11 0.056327317 
715 546 11 14 0.056323417 
967 509 8 9 0.056322318 
587 509 8 12 0.05628739 
904 542 10 14 0.05600834 
462 573 13 16 0.055953015 
169 486 8 10 0.055878963 
95 503 8 11 0.055657834 
461 606 14 19 0.05560663 
296 557 11 14 0.05498037 
815 505 8 10 0.054949496 
208 503 8 10 0.054378394 
926 503 7 9 0.054371413 
616 525 9 11 0.05433089 
295 500 7 10 0.054058027 
303 512 8 10 0.053879187 
389 523 9 12 0.05385521 
343 516 8 11 0.053635333 
533 553 12 16 0.053617727 
294 487 8 9 0.05348024 
889 504 8 10 0.053345285 
456 503 7 9 0.05323903 
760 478 6 9 0.053215876 
641 578 11 14 0.05302263 
609 457 7 9 0.052778088 
576 542 9 11 0.052703165 
129 526 9 11 0.052653845 
193 496 7 9 0.052261494 
248 479 8 10 0.05215377 
109 470 9 10 0.05178181 
791 592 13 20 0.05129806 
651 555 12 16 0.05126169 
175 486 8 10 0.051209413 
959 496 7 8 0.051086947 
686 536 8 11 0.051081926 
594 479 7 9 0.051052198 
602 494 7 10 0.05096956 
702 570 14 17 0.050919674 
125 589 15 21 0.050888643 
792 480 7 9 0.05088545 
133 528 12 15 0.05086279 
457 495 8 10 0.050815813 
687 496 7 9 0.0506801 
839 605 27 30 0.05058821 
502 606 12 16 0.05052865 
784 537 13 16 0.05044566 
303 503 7 9 0.050345793 
624 504 7 9 0.050256338 
393 495 7 9 0.050188366 
55 508 9 10 0.049890015 
977 532 8 10 0.049876682 
445 488 7 10 0.049749102 
455 541 10 13 0.049563587 
362 517 8 10 0.0494624 
626 465 7 9 0.049457405 
277 637 15 18 0.049360953 
462 501 8 10 0.049360733 
424 524 9 13 0.049349748 
398 578 10 14 0.049213633 
350 548 10 14 0.049102638 
175 495 8 9 0.049038 
689 477 7 9 0.048825596 
828 513 9 11 0.048808187 
786 480 6 9 0.048790786 
975 567 12 17 0.048758294 
128 480 8 10 0.04871439 
3 539 9 14 0.048536375 
726 494 8 10 0.048418183 
18 481 8 10 0.0482373 
77 487 8 11 0.048166715 
551 528 9 11 0.048162352 
247 509 7 10 0.048141222 
312 481 7 8 0.048085343 
615 503 7 10 0.04784196 
445 511 9 11 0.047741484 
260 524 9 11 0.047615267 
290 487 8 9 0.047450718 
610 462 8 9 0.04742738 
941 530 9 12 0.047283337 
321 497 7 9 0.047276873 
600 487 8 9 0.047239035 
879 512 8 9 0.046977885 
561 469 7 10 0.046924792 
295 479 8 10 0.046869937 
871 574 16 20 0.046763193 
265 472 7 9 0.046637174 
720 494 7 10 0.04655184 
43 555 14 16 0.046486862 
836 595 12 17 0.046394605 
344 614 11 16 0.045840446 
326 521 8 9 0.04583512 
145 504 8 10 0.04579375 
1013 557 10 15 0.045692448 
117 594 14 18 0.045684323 
328 481 6 8 0.045594428 
667 108 47 58 0.04557603 
177 509 8 10 0.04549954 
111 504 9 10 0.04543141 
272 527 8 11 0.04506773 
634 494 7 9 0.04504693 
681 526 8 11 0.04499635 
975 518 8 10 0.04493934 
344 487 7 9 0.04490386 
191 479 8 10 0.044817243 
247 520 7 10 0.044705603 
561 524 9 12 0.044554483 
125 543 10 13 0.044538345 
685 563 12 15 0.044493847 
207 562 12 15 0.044477195 
238 565 12 15 0.04438928 
185 557 14 16 0.044088952 
839 469 8 10 0.044055205 
395 608 17 23 0.04396818 
815 480 7 9 0.04387351 
868 556 14 17 0.043867674 
142 548 11 13 0.043725103 
894 503 8 9 0.043593004 
1005 519 9 9 0.04354341 
377 496 7 8 0.043444898 
593 488 7 9 0.043435924 
742 533 10 12 0.0433309 
383 502 7 9 0.043259684 
952 552 10 14 0.0432596 
803 534 14 18 0.04323039 
601 456 7 9 0.043221526 
141 519 9 11 0.043036006 
672 497 7 10 0.042972337 
24 540 11 15 0.042960905 
113 519 9 12 0.04269011 
679 535 9 12 0.0426619 
791 503 8 10 0.042373843 
560 512 8 10 0.042343978 
127 455 8 10 0.04228474 
963 503 7 10 0.042218734 
641 477 7 9 0.042165965 
585 502 8 11 0.041961223 
284 635 12 17 0.04181337 
184 487 8 10 0.04179918 
938 501 8 10 0.041774806 
129 493 9 11 0.0416811 
376 478 7 10 0.04149067 
433 489 7 10 0.041473575 
376 502 8 9 0.04139296 
199 496 7 9 0.041193005 
713 496 8 10 0.04116143 
721 503 8 12 0.041128922 
910 533 10 12 0.04099957 
198 464 8 9 0.040934563 
550 569 11 15 0.0407769 
659 494 7 9 0.040753074 
667 502 7 9 0.040680714 
456 511 8 10 0.040660936 
126 462 8 9 0.040612 
486 591 15 22 0.040535748 
879 524 10 12 0.040525477 
248 538 9 13 0.040405624 
416 558 11 14 0.040394392 
69 515 9 12 0.040279157 
470 528 8 10 0.040202882 
663 488 7 10 0.040176876 
917 511 8 10 0.040140644 
338 511 8 11 0.04012301 
680 517 8 10 0.039946347 
112 532 12 14 0.03982559 
545 511 8 11 0.03978971 
697 512 7 10 0.03969844 
1001 518 8 10 0.03968132 
417 505 8 9 0.039631907 
921 503 8 9 0.039584473 
945 510 7 9 0.039553642 
175 472 7 10 0.03939773 
682 502 7 10 0.039304 
121 471 8 10 0.039302055 
672 512 7 9 0.039227597 
127 470 7 10 0.03922048 
688 519 7 10 0.039168518 
257 511 8 10 0.03914087 
565 486 9 10 0.03905493 
669 548 9 13 0.038725555 
321 481 7 9 0.03869231 
889 486 7 9 0.038652547 
497 471 7 9 0.03861157 
502 472 7 9 0.03860332 
520 501 8 11 0.03847848 
350 519 9 10 0.038432874 
721 487 7 10 0.038399685 
237 553 12 16 0.038290557 
1 534 9 14 0.03825527 
581 571 10 14 0.038234185 
592 470 7 9 0.03819516 
910 526 9 10 0.03808595 
304 486 7 9 0.03808241 
552 560 12 18 0.037929356 
393 471 7 8 0.037759267 
204 603 13 17 0.03771711 
168 527 10 14 0.03771377 
625 509 8 11 0.03761587 
399 480 7 8 0.037532113 
170 473 7 10 0.037338868 
103 511 9 10 0.037317157 
334 582 10 14 0.03730306 
114 224 140 196 0.037221275 
287 543 9 12 0.037167422 
748 562 11 15 0.037089005 
703 464 7 10 0.03703865 
936 522 9 10 0.03700397 
408 480 7 9 0.036979843 
757 524 10 12 0.03689025 
599 479 8 10 0.03678531 
343 505 8 9 0.036758542 
37 575 15 20 0.036464386 
944 567 9 12 0.03644087 
137 551 11 14 0.036365837 
552 448 6 9 0.036317874 
791 486 7 9 0.036296435 
176 464 8 9 0.03624345 
23 579 13 17 0.036099866 
743 488 7 8 0.036081646 
200 480 7 9 0.035961993 
335 494 7 10 0.03586056 
579 595 15 17 0.035823658 
406 496 7 9 0.035823647 
917 549 11 14 0.03579069 
662 463 8 10 0.035762776 
617 532 9 13 0.03566328 
176 517 9 12 0.035642106 
90 488 10 13 0.035568304 
426 487 7 10 0.035508793 
605 562 11 14 0.035454184 
200 470 8 9 0.035445254 
314 496 7 9 0.035423633 
530 471 7 9 0.03538186 
170 546 12 14 0.035328474 
360 533 9 11 0.03531393 
493 449 9 10 0.03525446 
973 501 8 10 0.03523325 
184 478 9 10 0.03522228 
663 471 7 9 0.03518597 
215 550 17 22 0.035126593 
360 586 11 16 0.035118483 
489 519 7 10 0.03509439 
961 563 14 16 0.035022035 
213 562 13 16 0.03497321 
872 542 10 12 0.034969315 
249 472 7 9 0.034922358 
472 464 7 9 0.03474009 
307 234 28 31 0.034622673 
337 487 7 10 0.034585875 
517 636 13 16 0.034578115 
20 531 11 15 0.03453179 
823 505 8 10 0.03449177 
403 516 18 22 0.034397077 
761 496 7 9 0.03433764 
329 487 6 8 0.03433552 
455 481 7 8 0.03432708 
447 494 8 9 0.034137975 
1 481 8 11 0.034123905 
253 532 10 13 0.03411453 
857 524 10 13 0.034106966 
350 487 8 9 0.0340728 
193 508 9 11 0.034042135 
695 525 9 12 0.03402054 
575 594 12 16 0.034006927 
353 495 7 9 0.034004115 
105 464 9 11 0.033976756 
493 603 14 17 0.033926055 
964 531 9 11 0.033895142 
516 586 14 18 0.03388574 
70 542 10 12 0.033792287 
560 500 10 12 0.03379059 
885 524 9 11 0.033783976 
513 536 9 12 0.03378392 
9 527 9 14 0.033749342 
871 525 9 11 0.03364549 
325 547 9 12 0.03361655 
86 520 9 12 0.03358602 
516 577 15 19 0.033530407 
72 478 7 9 0.033405162 
419 562 13 14 0.03328037 
576 494 8 11 0.033209488 
241 487 9 11 0.033200994 
608 480 8 10 0.033197775 
469 547 12 15 0.03319302 
925 580 11 15 0.033190694 
109 602 14 18 0.03302815 
796 550 14 20 0.032933258 
303 496 7 9 0.032897457 
583 494 8 10 0.03289167 
793 472 6 8 0.032888424 
921 565 9 11 0.032864433 
1000 504 8 10 0.032849308 
111 455 8 10 0.03273942 
694 477 8 10 0.032684606 
161 518 8 11 0.032613833 
584 488 7 9 0.032545127 
630 516 9 11 0.03254247 
952 526 8 11 0.032509256 
672 566 11 14 0.032501254 
365 502 9 11 0.032453846 
52 553 14 16 0.032433968 
533 494 8 12 0.03242945 
502 551 10 13 0.032332804 
246 556 12 15 0.032209635 
345 542 9 12 0.032143902 
795 595 16 22 0.032131467 
918 517 8 10 0.03211455 
29 525 12 15 0.03209149 
201 661 19 19 0.032081053 
887 548 11 14 0.032013945 
406 502 7 9 0.031960834 
344 536 8 11 0.031956304 
793 462 6 9 0.031859946 
6 480 7 10 0.031835973 
33 480 8 9 0.031799078 
718 557 10 13 0.031762924 
431 493 7 9 0.031753812 
805 517 10 11 0.03165451 
894 510 9 10 0.03159877 
965 577 14 20 0.031574503 
62 542 11 14 0.031567853 
361 488 7 9 0.031561844 
727 486 7 10 0.03152827 
81 524 9 11 0.031519827 
388 562 13 17 0.03151674 
632 504 7 9 0.031401135 
700 585 11 15 0.031372987 
313 486 7 9 0.03132873 
496 478 8 9 0.03132386 
194 256 81 130 0.0313047 
670 516 8 11 0.03129244 
562 94 10 12 0.031285778 
601 575 10 12 0.03126368 
670 592 13 16 0.03124288 
682 462 8 10 0.031238187 
335 503 7 9 0.031232396 
384 496 7 9 0.031226834 
143 509 9 11 0.031221302 
329 463 7 9 0.031219682 
684 569 11 15 0.031145945 
496 513 8 9 0.031088771 
597 503 9 11 0.031023912 
385 610 17 21 0.031022483 
304 479 7 10 0.030950472 
118 531 10 13 0.030930176 
277 605 11 15 0.030839989 
642 603 13 19 0.030832805 
989 593 13 15 0.03082688 
735 541 11 14 0.030806584 
953 532 9 12 0.030795667 
0 525 8 12 0.03074487 
278 665 17 22 0.030717326 
809 464 8 9 0.030625038 
583 456 8 10 0.030595297 
1014 544 8 12 0.03056407 
222 545 11 12 0.030528102 
545 572 10 13 0.03052196 
749 530 12 14 0.030516863 
320 487 6 8 0.030510856 
681 539 10 13 0.030489689 
270 503 8 9 0.03040112 
393 487 7 9 0.030373137 
737 487 6 9 0.03036915 
870 496 8 10 0.030354537 
184 542 11 13 0.030343689 
974 512 8 9 0.030342417 
461 589 13 15 0.030302694 
839 464 8 10 0.030254504 
242 510 8 10 0.030226912 
364 580 12 17 0.030167717 
653 545 18 23 0.03009292 
898 494 8 10 0.030059235 
751 509 8 10 0.030055752 
345 548 11 14 0.03002338 
521 528 8 10 0.030002696 
139 525 10 11 0.029930834 
319 509 8 10 0.02992504 
696 80 99 119 0.029910138 
206 471 7 9 0.029896345 
527 550 11 14 0.02987363 
742 479 7 9 0.02983783 
630 470 8 10 0.02983289 
585 463 7 9 0.02982384 
986 602 15 18 0.029715693 
311 511 9 10 0.029661264 
390 514 8 9 0.029644828 
192 457 8 10 0.029589768 
753 487 7 9 0.029535066 
548 501 11 13 0.029480752 
629 188 49 61 0.029465249 
615 439 7 9 0.029454302 
262 549 11 13 0.029434001 
384 511 8 10 0.029358748 
657 28 50 71 0.029329846 
561 453 7 9 0.0292932 
222 477 8 10 0.029161237 
127 518 10 12 0.029142316 
633 488 8 10 0.02909322 
957 568 13 17 0.029092139 
670 557 9 11 0.029077657 
534 516 8 10 0.029000415 
681 455 8 10 0.02892565 
991 527 9 10 0.02890868 
61 504 8 10 0.02889097 
162 504 8 10 0.028845098 
223 500 8 10 0.028837087 
975 557 10 13 0.028813757 
673 578 15 19 0.028768746 
449 503 8 9 0.02876548 
206 479 8 9 0.028762022 
949 571 12 16 0.028707253 
630 465 7 9 0.02867233 
896 525 10 12 0.028599257 
737 547 12 14 0.028595261 
68 532 12 13 0.028595196 
231 487 9 11 0.028579345 
234 532 9 11 0.028573798 
737 521 8 9 0.028453546 
703 99 52 63 0.028433502 
367 488 7 9 0.028397229 
582 471 7 9 0.028364435 
599 550 12 14 0.028257482 
131 508 10 12 0.028250897 
962 508 8 10 0.028056113 
559 480 8 10 0.028027523 
458 463 6 9 0.02799903 
599 580 12 17 0.027986726 
649 480 7 9 0.02796483 
270 517 8 10 0.027963458 
831 628 12 18 0.02792469 
479 503 8 9 0.027731553 
897 488 7 9 0.027624944 
72 472 7 9 0.027619775 
639 504 7 10 0.027598986 
985 511 8 9 0.027541373 
230 469 8 11 0.027528955 
697 502 8 10 0.027469436 
649 518 8 10 0.02745455 
245 564 11 14 0.027409328 
132 495 9 11 0.027394414 
695 471 8 10 0.027355965 
944 480 6 9 0.027294934 
686 525 9 11 0.027236944 
546 532 8 12 0.027195064 
270 479 8 9 0.027135516 
785 473 6 8 0.027087023 
888 557 13 16 0.027013611 
756 547 12 15 0.027010143 
294 592 17 24 0.027007459 
295 540 10 14 0.026946671 
49 511 8 9 0.026912948 
702 528 9 11 0.026895007 
207 516 9 11 0.026886817 
358 543 9 12 0.026876088 
477 581 11 15 0.026856715 
601 520 8 10 0.026810471 
455 610 16 21 0.02673447 
566 464 7 9 0.026700519 
470 518 8 10 0.026654547 
607 470 9 10 0.026614804 
481 487 6 9 0.026599454 
984 495 6 8 0.026584782 
557 571 10 13 0.026573207 
448 479 7 9 0.026571818 
576 500 8 10 0.026522253 
182 472 9 10 0.02650786 
518 548 9 13 0.026466893 
311 518 8 10 0.026376948 
503 477 7 9 0.026314387 
216 510 18 23 0.026296092 
862 522 10 13 0.0262666 
66 524 12 16 0.026228312 
502 521 7 10 0.026147068 
552 470 7 10 0.026111128 
728 532 8 11 0.026089603 
818 516 10 12 0.02603643 
289 480 8 10 0.025959559 
552 478 8 9 0.025951937 
32 486 8 9 0.025948184 
583 559 9 12 0.025926078 
517 516 8 10 0.025920432 
685 456 7 9 0.0259193 
922 487 7 9 0.025912078 
507 604 12 16 0.025884904 
621 -47 354 450 0.025843993 
845 544 10 13 0.025826136 
935 520 17 23 0.02577462 
223 471 8 10 0.025763536 
768 517 9 13 0.025743905 
493 607 20 25 0.025743905 
231 566 11 14 0.025737215 
337 480 8 9 0.025714615 
657 471 8 9 0.025673652 
152 521 9 11 0.025640195 
87 504 9 11 0.0255857 
765 565 11 14 0.0255751 
825 569 13 18 0.025527596 
790 531 17 24 0.025519973 
999 510 8 10 0.025513956 
192 533 10 12 0.025502685 
20 524 13 16 0.025498718 
317 557 10 13 0.025474286 
511 547 10 13 0.025460547 
576 547 9 11 0.025360567 
813 574 11 14 0.025358524 
159 557 10 13 0.025355423 
967 486 7 9 0.0253124 
110 478 9 9 0.025233049 
800 464 6 9 0.025198394 
738 499 17 22 0.025196558 
55 487 8 10 0.02516976 
696 532 9 13 0.025143066 
461 488 7 9 0.025135009 
392 500 7 10 0.025115453 
79 563 13 16 0.02510528 
28 585 20 28 0.02509983 
992 510 7 10 0.025095865 
423 532 9 11 0.025087379 
407 562 12 16 0.02506807 
43 535 10 13 0.025020037 
695 496 7 9 0.025019113 
159 570 13 17 0.024950517 
831 502 8 10 0.024891157 
296 524 9 11 0.024883555 
0 514 9 14 0.024840267 
271 556 10 13 0.024834154 
121 503 8 11 0.024800887 
464 516 8 11 0.024798483 
560 449 7 9 0.024782918 
896 481 6 8 0.024782473 
992 494 7 9 0.024764214 
671 567 20 23 0.024737589 
1006 541 9 11 0.0246932 
120 477 10 11 0.02467691 
920 556 10 13 0.024645213 
249 464 7 8 0.024619162 
313 501 7 10 0.024616076 
360 479 7 9 0.024597999 
890 603 16 19 0.024514273 
362 526 9 12 0.02451283 
528 455 7 9 0.024449464 
798 515 10 12 0.024422647 
299 621 16 20 0.024375815 
425 464 7 9 0.024375696 
920 479 7 9 0.024315368 
230 512 7 9 0.024299467 
132 574 14 17 0.024298111 
847 502 9 11 0.024296131 
281 518 19 23 0.024283672 
1004 536 10 11 0.024267357 
688 113 52 59 0.024262898 
222 487 8 10 0.024212778 
936 509 9 10 0.02418002 
685 461 8 11 0.024178393 
968 519 9 10 0.024167385 
496 464 7 9 0.024130967 
821 511 18 23 0.0241246 
546 462 7 9 0.024101712 
6 485 8 10 0.024082977 
920 496 7 9 0.024065208 
785 454 7 10 0.02401086 
324 557 10 13 0.023967413 
469 578 13 17 0.023931209 
595 585 13 19 0.02391703 
311 462 7 9 0.023872036 
321 521 18 22 0.023863085 
730 631 16 22 0.02385081 
201 517 8 10 0.023817671 
269 603 13 15 0.023797547 
614 541 10 13 0.023770092 
704 516 9 11 0.023767566 
501 531 10 12 0.023672264 
489 480 7 8 0.023643969 
864 487 7 9 0.02363837 
586 516 8 11 0.023621136 
982 535 8 9 0.02360747 
375 605 13 18 0.023606408 
551 579 10 14 0.023586389 
721 575 16 19 0.023581052 
100 523 11 12 0.023569405 
317 619 14 20 0.023542019 
316 536 18 23 0.023513056 
278 555 13 15 0.023467164 
412 526 10 12 0.023451068 
898 518 9 11 0.023408115 
829 646 10 13 0.023395112 
333 609 12 17 0.023394821 
858 519 9 12 0.023392957 
888 480 7 9 0.023367763 
551 464 7 9 0.023330655 
407 571 13 17 0.023281371 
429 526 9 12 0.023237446 
199 526 9 12 0.023215689 
912 494 7 9 0.023202036 
977 550 10 12 0.023175655 
751 504 7 10 0.023158865 
158 533 9 12 0.023149945 
757 533 11 12 0.02313988 
124 572 14 17 0.023138413 
706 29 101 124 0.023124382 
1004 503 9 10 0.02312043 
447 516 8 10 0.023085505 
551 544 11 13 0.02307793 
816 486 7 9 0.023076339 
512 455 9 12 0.023063205 
486 533 10 13 0.0230229 
799 497 19 24 0.02300505 
462 530 18 23 0.022983782 
741 593 16 19 0.022983216 
121 455 8 10 0.022951353 
4 503 9 12 0.022936342 
776 489 6 8 0.022908635 
519 479 8 9 0.02290406 
524 533 9 12 0.022891335 
678 480 8 10 0.022863567 
255 562 11 15 0.0228363 
597 510 8 10 0.02283033 
334 547 10 13 0.022827873 
1016 518 8 10 0.022793043 
573 518 9 12 0.022750998 
629 550 10 14 0.02272937 
752 463 7 9 0.022727786 
376 473 6 8 0.022727726 
589 594 13 17 0.022698509 
85 562 13 18 0.022656748 
852 546 14 16 0.022640277 
151 557 11 14 0.022638798 
560 484 10 12 0.022567997 
658 463 7 10 0.022538975 
580 541 10 13 0.022538302 
270 549 9 12 0.022528643 
1010 403 12 19 0.022512889 
656 544 12 15 0.022491504 
345 464 7 9 0.022489924 
133 480 9 11 0.022445954 
158 564 12 15 0.022422234 
360 473 7 9 0.022397941 
373 586 13 15 0.022392994 
376 486 8 9 0.022378603 
629 591 13 16 0.02235129 
414 486 6 9 0.022325382 
838 617 22 28 0.022321962 
300 600 13 18 0.022317313 
369 607 19 28 0.022300845 
334 542 9 12 0.022292009 
466 628 16 22 0.022267232 
903 535 8 12 0.022235664 
855 488 7 10 0.022204936 
727 479 7 9 0.022201499 
22 485 9 10 0.022197412 
175 525 9 12 0.022173794 
275 653 16 19 0.022146847 
908 554 11 15 0.022094395 
982 542 9 11 0.022083975 
709 566 10 15 0.02208184 
854 509 9 12 0.022073667 
806 304 15 18 0.022057934 
255 606 12 15 0.022028007 
865 464 7 8 0.021995785 
64 495 8 9 0.021980528 
782 587 13 19 0.02189356 
855 504 8 10 0.02188439 
134 541 11 13 0.02185275 
533 501 8 11 0.021845287 
412 599 14 20 0.021842135 
480 479 6 9 0.021832578 
261 563 12 16 0.021828683 
392 466 7 9 0.021827132 
680 448 7 9 0.021799928 
837 574 13 18 0.02171282 
927 487 7 9 0.02169247 
39 488 8 9 0.021676827 
338 471 8 10 0.021664789 
534 118 9 12 0.021653816 
512 430 8 11 0.02157747 
624 595 15 20 0.021564003 
363 570 13 18 0.021549758 
637 510 8 11 0.021545801 
590 515 9 12 0.021520603 
356 558 18 22 0.021518495 
135 453 7 10 0.02149199 
566 480 8 10 0.02146857 
992 517 8 11 0.021369066 
625 574 9 13 0.021325354 
202 651 17 20 0.021314899 
901 600 16 20 0.021283388 
14 463 8 10 0.021232221 
857 571 13 17 0.021218078 
719 527 10 12 0.021205451 
576 488 8 9 0.021177763 
703 454 7 10 0.021165697 
790 542 14 21 0.021151427 
837 517 9 12 0.021133192 
143 463 9 10 0.021130607 
577 454 8 10 0.021108229 
689 488 7 9 0.020921886 
544 491 12 14 0.02091376 
957 538 13 16 0.020908207 
496 531 11 14 0.020875871 
191 486 8 11 0.020871973 
136 432 9 11 0.020844286 
691 563 12 15 0.020839898 
456 517 9 10 0.020823129 
813 633 15 18 0.020800922 
257 204 46 58 0.02075994 
675 641 16 21 0.02072303 
265 479 8 9 0.020719085 
296 463 7 9 0.020708105 
570 550 228 204 0.020665735 
721 480 8 9 0.020659 
301 212 31 38 0.020657245 
865 479 7 8 0.020657076 
796 526 12 14 0.020638924 
268 574 15 19 0.020613682 
366 551 10 13 0.020513121 
662 446 7 10 0.020506568 
461 548 12 15 0.020506237 
647 504 9 11 0.020474736 
91 557 13 17 0.020407824 
954 576 22 31 0.020372229 
172 557 11 14 0.020371698 
917 532 10 12 0.020343743 
651 601 13 18 0.020327888 
920 578 11 15 0.020317333 
245 571 11 13 0.020290503 
177 457 7 9 0.020257654 
38 566 15 19 0.02022008 
262 543 11 13 0.020219387 
105 449 7 9 0.020216657 
768 510 8 10 0.020200709 
218 239 61 94 0.020197334 
944 485 7 9 0.02016829 
424 480 7 9 0.020163843 
386 512 18 24 0.020155253 
136 470 7 10 0.020128675 
871 487 8 9 0.020105882 
1007 560 10 12 0.020101048 
325 580 12 18 0.020096546 
120 598 22 30 0.02008776 
981 527 9 10 0.020073842 
213 310 12 16 0.020050745 
662 455 8 9 0.020009916 
