2_Demonstration_Protesters_2_881
24
41 298 29 31 0.9983076 
330 284 33 52 0.9980196 
365 247 359 397 0.14069143 
20 318 12 17 0.11906931 
732 90 246 196 0.08995729 
738 91 389 459 0.058547046 
859 96 123 130 0.047854822 
695 175 37 53 0.047207937 
488 82 340 410 0.04656203 
543 230 56 50 0.042905692 
797 171 203 328 0.04226674 
766 162 55 65 0.04105484 
294 65 407 407 0.03386394 
445 387 131 118 0.032886375 
872 0 119 114 0.03151062 
981 128 43 72 0.031229425 
631 195 103 159 0.029815838 
696 185 59 81 0.023358067 
624 27 334 435 0.023334784 
481 431 45 46 0.023270095 
743 129 105 128 0.022666708 
507 357 128 128 0.021006547 
661 232 58 94 0.020957408 
446 181 56 69 0.02023669 
