2_Demonstration_Demonstrators_2_306
92
45 390 10 13 0.3094711 
124 327 15 17 0.2709546 
110 414 13 17 0.24682607 
0 482 13 22 0.23928465 
167 334 11 13 0.23399438 
151 419 13 17 0.2028649 
165 429 11 14 0.19343995 
718 153 39 45 0.1400446 
189 363 10 13 0.12005733 
47 393 12 16 0.11030702 
863 346 83 137 0.096705444 
112 397 12 16 0.09361474 
184 428 14 18 0.09139295 
206 393 9 11 0.09053961 
37 381 11 15 0.08499176 
212 373 9 12 0.07942409 
141 408 14 21 0.07942242 
732 550 23 28 0.077568784 
202 397 10 12 0.074426316 
239 373 8 11 0.073539294 
164 422 12 15 0.07278215 
714 485 16 21 0.06820648 
210 368 8 10 0.066837795 
68 373 9 12 0.064820446 
271 366 9 14 0.06342368 
157 427 13 16 0.058686614 
34 403 12 15 0.057195555 
234 375 7 10 0.056479488 
183 405 12 16 0.05326314 
187 381 11 14 0.052237466 
648 491 12 16 0.050912604 
582 490 14 15 0.04784895 
7 361 14 20 0.04607813 
62 570 14 17 0.04588554 
149 406 11 15 0.044891242 
62 387 14 16 0.04456652 
141 395 10 15 0.042201027 
32 378 11 15 0.04171329 
43 384 11 14 0.039450306 
133 404 16 20 0.038928248 
35 374 11 14 0.038520038 
190 424 9 13 0.03515686 
144 487 11 14 0.034608435 
37 396 11 15 0.032690108 
247 384 8 11 0.03197206 
156 414 14 17 0.031296827 
5 419 12 18 0.031280994 
56 371 12 14 0.03044276 
172 429 11 15 0.030273493 
102 417 16 19 0.029620238 
223 383 8 10 0.029349124 
149 382 11 13 0.029155232 
85 369 11 16 0.028717183 
62 380 13 16 0.028470464 
691 -41 386 471 0.028008664 
633 522 43 50 0.02785594 
0 382 6 12 0.027589746 
11 328 15 20 0.02742558 
94 364 15 18 0.027056597 
192 446 9 11 0.026248852 
199 380 10 13 0.02583427 
247 388 9 12 0.025714539 
185 360 10 12 0.025587603 
232 392 8 10 0.025442708 
142 389 11 15 0.024883201 
125 409 16 21 0.024560256 
152 387 10 14 0.024452511 
246 368 8 11 0.024123838 
39 383 18 24 0.024073489 
81 365 11 15 0.023741497 
131 441 13 16 0.023502504 
142 478 10 13 0.023339454 
52 389 13 17 0.022867715 
223 391 8 11 0.022774316 
141 425 14 17 0.022636585 
163 414 12 15 0.022555573 
214 378 10 13 0.022413237 
742 595 45 45 0.022142129 
69 368 10 13 0.022126213 
706 118 19 25 0.022054346 
172 421 11 15 0.021838762 
113 400 15 20 0.021280607 
533 454 12 15 0.021219159 
189 371 10 14 0.0211759 
133 414 18 22 0.021139095 
223 375 9 11 0.02104544 
155 429 22 26 0.0210427 
1 354 12 19 0.020763388 
851 493 27 30 0.020591628 
4 412 18 30 0.020293428 
173 436 9 13 0.020284707 
61 367 12 14 0.020138908 
