2_Demonstration_Demonstration_Or_Protest_2_795
127
453 439 134 150 0.99987984 
621 148 10 14 0.5642691 
408 144 10 12 0.44922015 
262 136 8 11 0.38561815 
677 150 9 11 0.32233533 
751 144 14 16 0.31599152 
445 139 11 13 0.16157326 
462 130 13 16 0.1383577 
617 144 10 12 0.11852125 
223 136 9 11 0.11059738 
258 135 9 12 0.09093869 
135 141 7 10 0.089664675 
574 135 10 12 0.08901854 
47 190 11 14 0.080921456 
589 139 11 13 0.077983156 
237 141 9 12 0.070985004 
747 141 10 13 0.07051924 
720 141 7 11 0.0697149 
553 137 9 12 0.06094443 
368 140 9 11 0.060698457 
93 144 7 9 0.05933461 
679 144 8 11 0.058536164 
657 141 9 10 0.057958506 
679 135 7 9 0.056755923 
656 150 10 12 0.053653244 
656 134 9 11 0.05053224 
106 143 7 9 0.0497228 
656 128 7 9 0.04925196 
617 155 9 11 0.04883137 
662 142 7 10 0.04851189 
688 141 9 11 0.04804751 
765 274 18 19 0.047722977 
165 151 9 12 0.046495035 
584 136 10 13 0.046334486 
233 141 8 11 0.044937007 
678 155 9 11 0.04490004 
480 178 17 19 0.04362415 
286 171 9 11 0.04330902 
206 457 29 34 0.043086298 
629 150 8 11 0.041722573 
87 170 10 14 0.039048404 
693 157 10 12 0.038387585 
630 157 7 9 0.03824541 
694 143 10 11 0.03814012 
527 139 10 12 0.037357572 
334 140 8 11 0.036415882 
673 145 8 9 0.035935864 
334 128 8 11 0.034837693 
384 134 10 12 0.0347961 
628 143 8 10 0.034733742 
516 184 20 20 0.03460063 
569 141 9 11 0.034443323 
106 148 8 10 0.03389056 
638 152 8 10 0.03353853 
346 151 8 10 0.033398636 
570 136 8 11 0.033255078 
492 212 50 61 0.0327938 
422 143 8 10 0.032791764 
281 168 9 11 0.032646064 
151 143 8 10 0.032394055 
333 133 9 12 0.032374565 
728 141 9 11 0.032146506 
256 139 10 13 0.031876273 
32 190 10 12 0.031144895 
226 562 23 31 0.030873194 
89 149 8 10 0.030678634 
303 142 9 11 0.03062177 
262 168 8 10 0.030560218 
765 142 10 13 0.02951148 
847 91 42 58 0.029301284 
747 142 23 27 0.028940381 
674 134 7 10 0.028384225 
20 173 11 13 0.027605066 
131 141 8 10 0.027554015 
304 136 7 9 0.02754751 
648 142 8 10 0.027250364 
534 137 8 10 0.027038194 
732 142 9 12 0.02678106 
690 157 8 10 0.026767965 
72 143 7 9 0.026683526 
444 144 14 16 0.026514694 
345 134 9 11 0.026496887 
499 215 29 34 0.025920745 
606 142 9 11 0.0256765 
825 108 49 71 0.025498066 
710 134 8 10 0.024924936 
249 148 8 11 0.024671974 
374 142 8 10 0.024575176 
402 142 8 12 0.02450254 
471 186 12 15 0.02448263 
674 129 7 10 0.02435691 
649 157 8 11 0.024326444 
345 119 8 10 0.024108756 
755 135 13 17 0.023848806 
309 142 8 11 0.02377108 
231 137 9 11 0.02377071 
727 164 8 11 0.023722624 
649 191 8 10 0.023642812 
614 166 9 11 0.02348395 
176 167 9 12 0.02341982 
687 137 8 10 0.023390658 
295 169 8 11 0.023259973 
688 151 9 11 0.023201343 
146 151 7 10 0.022854012 
598 136 8 10 0.022419373 
60 179 12 15 0.022392377 
708 157 9 12 0.022253415 
232 150 9 11 0.022220548 
160 154 11 14 0.022065885 
23 159 11 13 0.021719614 
93 165 11 14 0.021670088 
102 166 12 15 0.021396004 
23 166 10 12 0.021277767 
298 143 8 11 0.02117971 
592 187 10 13 0.021123836 
687 197 8 11 0.020918438 
728 159 9 11 0.02079713 
671 168 8 10 0.020755017 
688 191 8 11 0.020544315 
145 143 7 9 0.020536238 
661 157 9 10 0.02051576 
256 167 9 11 0.020298872 
483 141 15 18 0.02028086 
294 184 8 10 0.020225544 
93 148 9 10 0.020168446 
731 148 11 14 0.02016382 
48 184 10 13 0.020137563 
