2_Demonstration_Political_Rally_2_791
164
402 134 62 83 0.99756324 
395 346 65 83 0.99740535 
778 365 67 85 0.9968917 
649 271 70 92 0.99678814 
205 408 76 94 0.99630946 
994 518 26 34 0.9938724 
588 32 77 93 0.9914362 
542 296 73 90 0.9905873 
321 468 30 35 0.9893617 
956 510 28 33 0.98730695 
21 543 37 46 0.98704404 
923 493 22 28 0.9733348 
42 468 22 28 0.9589344 
961 428 22 30 0.9527358 
333 540 37 43 0.95140433 
487 538 40 43 0.89974695 
860 521 25 32 0.89476806 
58 439 19 25 0.799148 
971 390 23 29 0.6933348 
1003 410 18 24 0.620569 
682 518 28 40 0.5893275 
13 509 22 32 0.58541155 
16 33 99 184 0.47508964 
626 466 47 62 0.46816126 
695 516 26 40 0.42414013 
130 525 23 28 0.40421095 
45 515 25 26 0.37202355 
1001 497 22 32 0.36149186 
397 526 30 37 0.35794887 
939 349 15 21 0.32431507 
584 479 24 32 0.23813435 
961 336 15 21 0.22715612 
84 473 17 22 0.21283963 
104 448 19 29 0.20651285 
644 479 35 42 0.18802491 
84 516 26 28 0.17146197 
862 499 13 16 0.167468 
307 428 47 66 0.15360989 
618 481 30 42 0.14869504 
945 325 13 18 0.14268026 
-1 498 17 22 0.13993284 
377 530 33 36 0.13503233 
37 396 14 16 0.13027161 
946 255 25 31 0.12364397 
27 456 25 33 0.12156127 
729 526 43 46 0.116506405 
67 566 19 22 0.11432638 
689 480 17 23 0.10804945 
33 401 26 34 0.09928512 
309 429 30 38 0.09819508 
80 394 18 24 0.09669541 
86 479 21 28 0.09519135 
475 518 28 30 0.0913928 
1004 444 16 21 0.089589246 
1006 491 17 24 0.084427424 
825 545 31 34 0.08285593 
293 398 79 102 0.08252137 
647 488 49 56 0.079194605 
999 397 21 29 0.07858118 
98 485 22 30 0.07858085 
995 338 23 34 0.075889945 
994 443 20 27 0.073036455 
1012 463 13 23 0.06969394 
51 520 27 29 0.06330673 
335 371 12 15 0.06253524 
984 391 16 24 0.062379528 
694 463 25 35 0.060997844 
34 420 24 30 0.06071227 
991 344 15 19 0.058085274 
25 454 19 23 0.057161774 
971 382 18 21 0.055176284 
1010 478 14 25 0.052030817 
484 527 31 35 0.05038337 
984 446 19 27 0.05018901 
942 551 28 32 0.049014047 
966 393 18 22 0.048735794 
350 371 13 16 0.04845484 
888 221 29 32 0.04838188 
639 464 31 38 0.047478672 
957 365 15 18 0.047408234 
331 401 18 21 0.04526801 
56 532 27 31 0.044148374 
403 533 19 23 0.043879885 
614 470 25 39 0.042861223 
985 199 23 33 0.04229842 
684 513 18 22 0.041343555 
975 360 13 17 0.04125797 
614 470 13 19 0.040632125 
642 500 33 38 0.039912473 
1003 435 16 20 0.039570406 
982 302 12 16 0.039567366 
642 472 18 23 0.037753865 
1005 450 19 28 0.03761585 
74 531 15 19 0.03725626 
679 457 44 54 0.036696695 
37 520 26 30 0.036432724 
26 479 16 21 0.036213666 
669 429 15 20 0.03617383 
86 501 28 33 0.03596019 
62 442 25 33 0.0335248 
877 307 23 30 0.033374444 
652 425 15 16 0.032833505 
353 533 39 45 0.03255122 
946 334 20 26 0.03180043 
92 453 22 30 0.03146504 
309 468 29 39 0.031456374 
29 317 11 13 0.03144615 
978 436 19 27 0.031423956 
96 447 36 49 0.031044463 
929 253 42 55 0.030991413 
675 474 27 35 0.030538099 
12 330 14 19 0.030481495 
1013 339 11 18 0.030063426 
113 520 23 31 0.029595023 
117 483 14 21 0.02935542 
340 418 14 17 0.028721387 
938 340 17 21 0.028598532 
893 494 14 20 0.028551053 
997 49 27 40 0.0283238 
71 523 25 29 0.028246166 
278 418 55 71 0.027769491 
319 375 52 74 0.027712008 
376 538 20 23 0.027665451 
631 517 22 31 0.02756717 
914 535 28 31 0.027508827 
738 129 75 118 0.027495109 
734 361 44 55 0.02740535 
604 467 25 35 0.027121343 
706 464 16 21 0.027105616 
957 368 21 29 0.026599418 
28 444 17 21 0.026296329 
0 294 22 40 0.026276613 
976 298 24 30 0.026181458 
346 504 26 27 0.025856217 
978 485 21 28 0.025496664 
657 494 20 25 0.025381066 
320 435 17 21 0.025321944 
321 394 29 36 0.025269838 
304 50 47 64 0.024940753 
964 354 13 18 0.024683831 
40 433 24 30 0.023260675 
70 361 15 19 0.022784377 
754 175 29 47 0.022710208 
1005 312 13 19 0.022503251 
30 25 171 223 0.022477932 
330 109 49 69 0.022322727 
669 524 31 37 0.022104928 
637 478 17 25 0.022075308 
976 352 21 27 0.02197633 
705 520 31 41 0.021799965 
671 532 42 49 0.021640236 
628 464 78 89 0.021515338 
880 213 47 50 0.021486716 
705 447 9 13 0.021387657 
871 515 24 30 0.021170268 
110 521 15 21 0.021092482 
624 496 19 25 0.021072729 
283 508 30 35 0.020784806 
39 551 32 34 0.020705482 
62 548 25 28 0.020507893 
957 419 14 18 0.020458322 
619 472 14 18 0.02040801 
855 491 21 27 0.020251643 
116 515 15 20 0.020175565 
