2_Demonstration_Protesters_2_456
50
302 484 126 165 0.9996977 
850 443 95 130 0.9992951 
658 472 57 77 0.99886274 
763 520 45 46 0.9463319 
858 339 25 32 0.7393733 
892 458 91 117 0.6478971 
939 455 84 116 0.48794964 
25 467 47 84 0.3976408 
232 393 16 21 0.26985556 
268 390 12 16 0.17697917 
330 439 45 56 0.1109381 
744 225 33 40 0.09212393 
244 409 17 22 0.090260305 
451 516 53 66 0.07752519 
980 479 43 76 0.07403829 
36 447 48 75 0.07063712 
486 342 59 82 0.066938154 
843 341 12 16 0.053711258 
337 404 34 37 0.05119176 
770 192 94 116 0.04429729 
488 333 100 134 0.04300261 
733 235 28 35 0.04298946 
342 384 38 46 0.042797007 
839 345 12 15 0.03914079 
64 434 30 37 0.0374285 
262 390 20 28 0.03560095 
260 402 46 64 0.034341022 
840 341 22 29 0.034139853 
374 497 100 125 0.03313133 
539 330 30 40 0.03237313 
310 444 49 62 0.030464487 
244 385 43 58 0.030190747 
645 267 27 37 0.029787118 
506 328 56 69 0.029098831 
635 283 34 38 0.028795293 
473 492 36 48 0.027624028 
539 392 14 16 0.027557941 
56 439 32 54 0.027028088 
548 337 18 24 0.025192346 
777 223 54 68 0.024515163 
231 560 32 36 0.023821028 
430 495 60 81 0.023461161 
641 464 29 38 0.023092818 
225 451 18 24 0.02262688 
274 427 28 39 0.022420289 
746 225 52 61 0.022335738 
265 397 28 39 0.022064144 
721 484 44 59 0.020501252 
190 335 14 18 0.020200172 
716 238 43 54 0.02017467 
