2_Demonstration_Political_Rally_2_22
120
76 389 103 116 0.9998658 
580 476 47 67 0.99918157 
867 404 52 75 0.944954 
377 323 60 83 0.81059134 
573 410 25 36 0.8004841 
453 382 23 28 0.7279295 
427 440 22 29 0.60034674 
767 368 29 35 0.54341704 
297 418 26 42 0.25547123 
538 368 43 55 0.22749214 
748 349 48 58 0.18981478 
981 333 17 21 0.16536345 
564 404 45 53 0.1532321 
1006 394 14 18 0.10974024 
998 388 23 31 0.09677595 
419 275 13 19 0.08682429 
803 390 38 51 0.07935115 
369 180 21 30 0.07209102 
359 279 99 129 0.06395879 
536 599 41 46 0.06348117 
556 89 31 44 0.062334217 
593 411 32 41 0.06135259 
960 326 12 14 0.058333606 
593 306 12 14 0.055322193 
251 111 52 66 0.055274535 
526 366 29 42 0.053420518 
203 98 41 42 0.05212026 
436 341 92 115 0.05155999 
558 384 31 47 0.047730148 
345 236 9 13 0.047594875 
588 344 13 15 0.046748158 
330 292 15 21 0.046504043 
31 381 34 43 0.046486206 
454 365 55 70 0.044683885 
837 269 11 13 0.043463092 
408 326 82 107 0.04318701 
-1 244 10 19 0.0430348 
999 392 14 19 0.042893905 
1011 399 11 18 0.04236753 
711 310 97 105 0.042118616 
761 369 41 60 0.040944915 
885 334 15 20 0.04069587 
89 341 14 17 0.040692326 
801 234 15 19 0.04014626 
307 188 11 15 0.039229684 
402 332 34 44 0.039002333 
603 396 27 38 0.037581563 
881 316 16 19 0.03736858 
440 299 46 50 0.03727581 
899 331 21 29 0.037113994 
635 252 10 14 0.035139438 
902 344 14 19 0.034963805 
570 420 49 60 0.03331182 
716 433 17 26 0.03285465 
388 323 33 47 0.032730162 
450 426 12 16 0.03272132 
285 405 29 37 0.031953435 
179 430 53 64 0.03190664 
351 219 11 15 0.031543836 
731 259 120 158 0.031241897 
349 228 10 13 0.030988628 
398 315 56 69 0.030403228 
422 223 10 13 0.030351156 
556 408 28 38 0.030089036 
3 299 13 16 0.030080033 
481 224 9 12 0.03006023 
593 292 11 14 0.029805714 
355 214 12 16 0.029631643 
617 336 31 42 0.028419873 
889 329 22 31 0.027594928 
25 315 10 13 0.027351696 
421 229 13 16 0.027290827 
928 319 8 10 0.027206738 
813 315 14 16 0.027176935 
555 358 30 50 0.026802607 
582 287 11 14 0.026624473 
496 230 9 11 0.026537165 
182 208 13 18 0.026535707 
500 279 14 22 0.026212776 
793 229 26 32 0.025932712 
878 397 31 52 0.025630081 
543 229 11 15 0.025525888 
687 172 38 49 0.024733678 
31 183 9 12 0.024593497 
358 179 23 32 0.024539705 
957 337 14 17 0.024501355 
77 349 28 34 0.024429118 
324 292 27 32 0.024372425 
444 395 54 71 0.02381488 
847 294 27 36 0.023781009 
608 322 12 17 0.023693906 
956 324 20 25 0.023670278 
435 441 25 42 0.023528693 
882 317 24 34 0.023257632 
929 326 10 12 0.023071354 
519 345 48 69 0.022750398 
1008 299 13 16 0.022720424 
216 95 51 65 0.022674866 
768 210 51 65 0.02234786 
446 313 13 18 0.022214929 
8 325 9 12 0.022106392 
496 274 25 36 0.022093315 
603 414 18 26 0.02194712 
100 282 16 20 0.021883497 
610 411 39 54 0.021689454 
909 297 12 14 0.021660065 
397 307 15 18 0.0214356 
372 300 10 13 0.021333955 
415 443 27 31 0.021272553 
72 336 9 11 0.021191953 
997 340 14 20 0.021182785 
485 225 10 12 0.021085668 
928 309 10 12 0.021043662 
520 483 43 63 0.02061878 
338 214 22 26 0.020468263 
422 167 10 13 0.020444266 
564 129 42 55 0.020438135 
47 174 11 13 0.020413265 
378 186 12 17 0.020337893 
424 309 50 60 0.020225443 
