2_Demonstration_Demonstrators_2_231
63
494 412 116 172 0.99969435 
40 460 56 71 0.99954224 
924 425 46 57 0.99821705 
227 459 48 63 0.99660563 
980 418 16 21 0.9758169 
267 478 39 49 0.8566754 
138 466 18 22 0.74683815 
95 467 15 20 0.5347313 
874 290 15 20 0.17342727 
748 258 10 14 0.16181774 
903 437 12 17 0.16133787 
748 318 14 17 0.15271331 
1012 431 12 23 0.13114436 
745 226 11 14 0.10327869 
24 760 9 11 0.09655056 
873 324 11 13 0.08407257 
339 438 132 237 0.07372695 
969 259 10 12 0.057993457 
873 395 11 13 0.055734895 
683 77 21 27 0.055585317 
747 291 13 16 0.052740008 
382 346 25 34 0.05081737 
984 217 28 35 0.04920188 
8 757 8 10 0.047579255 
886 184 10 14 0.046116002 
821 186 12 14 0.044985548 
126 462 20 27 0.042371165 
97 483 28 36 0.042241465 
779 237 19 26 0.041907184 
857 204 10 15 0.039600022 
117 468 11 16 0.03897162 
358 459 13 19 0.038086038 
393 271 68 77 0.0372779 
157 470 11 14 0.03661303 
357 451 24 39 0.036294337 
777 16 17 24 0.03394979 
879 173 10 12 0.03256041 
90 472 25 33 0.032389484 
24 839 11 13 0.032218974 
995 232 15 19 0.032089807 
184 619 45 63 0.031951632 
111 468 10 14 0.031695675 
640 445 10 13 0.030429926 
344 418 15 21 0.029175611 
782 471 9 11 0.029153086 
23 753 8 10 0.027446829 
974 198 46 58 0.026901126 
879 180 12 15 0.02619534 
872 422 12 15 0.025947787 
871 357 14 16 0.025476737 
830 366 9 11 0.024904676 
828 2 15 17 0.024726955 
896 442 11 15 0.024188224 
358 445 43 71 0.023336964 
343 256 94 115 0.022433016 
350 419 91 162 0.022356538 
127 458 38 47 0.022262312 
665 437 8 10 0.02198125 
276 5 16 20 0.021242276 
893 451 11 16 0.021051636 
7 835 8 12 0.020746758 
133 479 16 21 0.020190228 
107 491 15 21 0.020001259 
