2_Demonstration_Political_Rally_2_752
30
13 394 51 65 0.9992968 
800 176 199 326 0.9987747 
361 141 65 78 0.4608814 
93 391 27 41 0.36983693 
1 425 14 22 0.19363089 
657 312 67 67 0.08013544 
98 401 15 22 0.061373755 
99 418 13 19 0.05365812 
943 84 14 18 0.051314823 
347 165 83 114 0.045063913 
646 282 111 117 0.036277186 
317 5 15 17 0.032558247 
260 458 12 18 0.031415492 
284 490 17 21 0.030065427 
517 173 17 21 0.02928025 
483 436 16 20 0.028454723 
99 390 14 19 0.027015844 
286 482 16 20 0.026785025 
692 197 31 38 0.025082763 
350 460 15 16 0.024817009 
520 543 9 10 0.024181599 
391 177 59 75 0.024117025 
295 385 13 18 0.023465445 
595 621 56 72 0.023401761 
334 373 13 15 0.022286989 
1012 619 12 21 0.021748075 
358 352 418 477 0.02167585 
490 434 16 19 0.021461243 
407 220 52 75 0.020524768 
495 430 11 14 0.02043594 
