2_Demonstration_Demonstrators_2_290
125
728 503 55 68 0.99896705 
508 563 89 106 0.9989641 
697 167 68 89 0.99653566 
174 365 77 89 0.99198043 
862 465 49 67 0.99023587 
411 152 79 98 0.98490477 
380 506 16 21 0.9653283 
456 502 27 37 0.9604077 
633 473 48 57 0.95765895 
411 506 16 21 0.8222737 
16 488 27 34 0.80438495 
935 444 22 28 0.73214895 
360 508 13 15 0.6103023 
481 493 17 21 0.50768185 
19 444 11 13 0.34634075 
998 477 25 47 0.22340329 
285 452 33 36 0.20499599 
4 468 41 60 0.17266165 
293 393 11 14 0.15512858 
273 384 14 18 0.1389895 
406 500 14 20 0.11981825 
514 501 10 13 0.11954242 
406 495 10 13 0.109608635 
924 449 24 32 0.10652674 
291 410 17 21 0.09148609 
887 462 24 40 0.08972101 
288 388 13 16 0.08257146 
892 462 16 23 0.07820696 
570 505 14 18 0.0668916 
32 632 12 17 0.06488826 
843 451 27 37 0.060144227 
926 427 39 47 0.058984846 
380 558 15 18 0.05892653 
408 581 35 44 0.058926355 
542 503 9 12 0.058614597 
470 490 26 32 0.05831264 
499 510 12 15 0.0555347 
943 530 35 41 0.0553614 
538 501 10 12 0.055042118 
841 448 49 62 0.05348549 
466 511 28 34 0.052661743 
973 450 13 18 0.051554248 
330 497 21 30 0.04970144 
452 509 20 27 0.048343945 
656 549 43 55 0.047805153 
689 492 43 58 0.0475135 
984 444 10 14 0.04684013 
1003 456 21 36 0.04655517 
424 493 10 13 0.04601623 
578 359 31 36 0.042276267 
431 584 22 32 0.041220047 
994 353 25 38 0.041074965 
538 495 9 11 0.04066989 
1010 450 14 24 0.04044111 
952 443 24 29 0.04038905 
516 506 11 13 0.040092513 
57 530 17 23 0.040036827 
352 507 11 15 0.039153982 
13 439 18 23 0.038433243 
375 503 16 19 0.038425792 
490 494 11 14 0.038312845 
663 172 41 68 0.037332356 
963 447 16 20 0.037253708 
374 374 12 15 0.03699741 
357 505 20 25 0.036771424 
376 169 41 62 0.035938263 
53 498 16 21 0.03564141 
851 476 40 49 0.03534695 
611 513 15 20 0.035269074 
915 455 27 37 0.034968063 
494 507 12 16 0.03476571 
714 673 48 53 0.03475886 
379 559 23 32 0.034743924 
481 522 16 20 0.034322556 
400 498 14 18 0.034210894 
257 376 15 20 0.033927232 
925 445 13 18 0.033836663 
360 492 11 13 0.033791516 
364 494 10 13 0.033368416 
40 679 9 12 0.033231877 
55 524 13 17 0.033199377 
339 505 13 19 0.03141519 
660 377 15 17 0.03092221 
754 488 29 37 0.030916302 
404 602 32 39 0.030066166 
676 506 47 58 0.029984882 
331 379 11 16 0.029790515 
467 573 12 14 0.02958197 
469 149 46 72 0.029434161 
916 456 43 56 0.029180508 
288 422 24 31 0.027482798 
446 586 25 28 0.026989654 
271 391 13 17 0.02657167 
983 436 12 16 0.026548425 
419 502 13 19 0.026104746 
406 556 12 16 0.02603059 
685 158 53 77 0.02596545 
813 488 39 54 0.025931112 
277 454 25 39 0.025784414 
440 596 25 33 0.02513435 
275 411 11 16 0.025131157 
393 157 51 74 0.02484025 
604 502 24 35 0.024785444 
811 597 23 30 0.024748648 
118 313 14 21 0.024548983 
836 483 32 48 0.024339823 
562 140 24 29 0.024235943 
904 456 22 36 0.024045361 
459 587 17 20 0.023341885 
31 623 21 30 0.023284568 
563 509 18 20 0.023241486 
79 701 11 12 0.022992827 
360 502 41 50 0.022736482 
550 502 12 14 0.02254429 
980 451 12 17 0.022221772 
778 498 31 45 0.022008006 
470 492 15 20 0.021848267 
501 521 13 19 0.021695375 
451 501 17 22 0.02103823 
331 710 29 38 0.020882588 
999 439 21 33 0.02087384 
938 454 27 34 0.020861715 
395 116 58 78 0.02070198 
247 371 27 35 0.020501195 
412 493 13 15 0.020266397 
