2_Demonstration_Demonstration_Or_Protest_2_419
37
284 237 52 81 0.99891615 
26 407 55 70 0.9977381 
792 176 64 82 0.9951906 
307 606 43 73 0.99345315 
457 277 61 70 0.9861611 
641 479 44 79 0.91333705 
136 404 42 62 0.7995534 
76 424 50 64 0.6337595 
29 591 73 89 0.39015523 
126 405 33 52 0.25246212 
1 384 34 44 0.20506841 
-1 483 22 55 0.10197022 
11 394 47 69 0.053597994 
880 312 41 54 0.051254265 
707 504 44 60 0.049662504 
144 485 33 39 0.047078114 
759 30 23 29 0.044773027 
821 172 64 73 0.043616556 
331 251 47 63 0.04343799 
989 578 25 35 0.043259654 
98 405 48 66 0.042420078 
456 285 37 48 0.04218334 
16 389 29 44 0.04149585 
738 75 23 28 0.034951247 
967 262 22 30 0.03182835 
849 170 54 63 0.02839337 
-4 460 43 76 0.02717743 
897 108 15 20 0.025506906 
18 387 15 22 0.025359781 
0 384 23 26 0.024501387 
716 30 413 450 0.024227116 
1002 586 12 17 0.02206526 
523 145 388 443 0.021818997 
776 307 41 54 0.020999787 
750 130 47 68 0.020943405 
827 17 16 21 0.020858055 
379 585 48 66 0.020089634 
