2_Demonstration_Demonstration_Or_Protest_2_942
49
160 110 508 607 0.9999229 
161 189 19 22 0.6305944 
567 1308 55 69 0.22650044 
600 1221 21 25 0.17691106 
549 1220 27 32 0.17480473 
149 216 15 18 0.124539234 
322 1011 16 20 0.088784605 
241 1421 133 124 0.08671322 
270 1020 12 16 0.08509055 
336 966 11 15 0.06981598 
559 1217 28 31 0.06789864 
545 1279 92 105 0.058637787 
341 964 11 14 0.057111412 
285 1449 131 89 0.042263445 
248 870 9 11 0.040369906 
318 911 11 14 0.038588148 
630 1274 13 16 0.037143044 
246 920 10 12 0.03692112 
275 1021 14 17 0.034672458 
248 967 9 11 0.03463317 
257 910 9 11 0.03264484 
1013 1192 11 17 0.03244909 
211 931 14 19 0.03197972 
350 1078 11 17 0.03040859 
379 1065 13 17 0.029914755 
648 1420 14 16 0.028425554 
191 1423 115 119 0.0278747 
397 1160 41 54 0.025854055 
272 887 9 12 0.0251485 
290 918 8 11 0.025131883 
181 886 26 31 0.025064822 
534 1218 47 55 0.023992725 
590 1255 11 15 0.023986172 
227 907 11 14 0.0239286 
172 228 16 19 0.023508206 
255 869 10 12 0.023285346 
560 1212 19 23 0.02318742 
315 1054 15 20 0.023085844 
341 1020 11 15 0.02248524 
871 1319 13 19 0.02239663 
151 261 14 18 0.02199976 
392 1168 27 39 0.02187114 
328 970 11 15 0.02185927 
854 965 12 15 0.020972718 
537 1196 10 11 0.020882374 
306 963 14 19 0.020825155 
989 736 36 45 0.020320702 
342 1077 15 19 0.020099051 
847 884 13 16 0.020039055 
