2_Demonstration_Political_Rally_2_690
82
814 394 64 91 0.991793 
645 392 25 41 0.98863655 
521 388 101 141 0.9860087 
752 370 10 14 0.68321365 
948 372 11 15 0.29237434 
78 367 10 13 0.20205303 
62 364 9 10 0.20143202 
180 350 8 11 0.15686777 
93 411 9 12 0.11656478 
68 347 11 13 0.10154324 
943 377 13 17 0.100326546 
78 358 8 10 0.0995748 
117 358 8 10 0.09868966 
777 408 52 64 0.087533295 
82 440 7 9 0.079992555 
109 393 8 10 0.07659957 
65 342 12 14 0.06756682 
84 372 10 13 0.06442276 
117 365 9 12 0.06336705 
86 440 7 9 0.059140023 
217 382 10 13 0.052820206 
935 379 12 14 0.051901847 
11 443 12 14 0.0512067 
1014 421 9 13 0.050445423 
905 356 12 15 0.0501935 
177 345 8 10 0.0490472 
48 375 9 12 0.048952743 
72 374 9 12 0.048343673 
87 351 9 12 0.04720808 
89 408 8 11 0.047174726 
114 352 9 11 0.046245653 
96 390 7 10 0.045932535 
58 358 9 12 0.04406255 
194 359 8 10 0.044013895 
71 358 10 12 0.041166082 
65 373 9 11 0.039967965 
749 367 18 23 0.0395495 
695 366 9 10 0.038648706 
475 340 167 216 0.036898088 
0 497 21 39 0.035094902 
3 391 7 12 0.034969572 
649 375 10 12 0.03460337 
72 365 10 12 0.034142368 
56 351 9 11 0.034073092 
104 407 8 10 0.03367843 
46 360 8 11 0.03204907 
1002 415 9 11 0.03167203 
65 336 9 10 0.030717826 
45 366 8 10 0.03039004 
705 405 12 15 0.03014568 
746 371 12 15 0.029469175 
701 592 32 33 0.0288139 
95 383 8 10 0.027830074 
106 398 8 10 0.027819242 
79 350 9 13 0.026430158 
942 366 14 19 0.025562411 
181 344 8 11 0.025408745 
929 380 11 13 0.025322534 
81 398 9 10 0.025149494 
733 428 9 13 0.025046205 
749 363 43 53 0.024766155 
64 381 10 13 0.023043288 
169 343 7 9 0.023033584 
102 439 8 9 0.022939015 
751 371 23 30 0.022928601 
932 387 14 17 0.022661755 
96 439 8 9 0.02234113 
687 359 8 11 0.022333497 
69 379 11 13 0.022225205 
908 352 11 14 0.022184808 
74 363 19 24 0.022022557 
939 383 15 20 0.021894827 
111 421 8 9 0.021802366 
53 374 9 12 0.02158491 
78 342 10 12 0.021382522 
41 361 9 11 0.02094141 
756 379 48 60 0.020498652 
902 352 19 25 0.020442098 
109 406 8 10 0.020438164 
1007 419 11 13 0.020419562 
182 336 7 10 0.02035307 
222 376 9 12 0.020190755 
