2_Demonstration_Demonstration_Or_Protest_2_162
61
524 181 31 40 0.99913543 
689 107 146 189 0.9973937 
442 145 47 52 0.9963451 
607 154 31 38 0.99482685 
93 222 27 32 0.9760066 
251 111 140 206 0.9683148 
2 218 26 36 0.89539266 
554 184 21 28 0.7190685 
430 0 59 60 0.3243796 
621 260 36 45 0.26273832 
481 196 25 32 0.23727834 
70 241 16 21 0.19156176 
156 215 18 20 0.16792846 
956 214 10 13 0.15327913 
422 225 44 55 0.11756813 
564 257 27 38 0.11034103 
921 198 9 11 0.10032168 
943 222 9 13 0.074292 
934 197 11 15 0.067211375 
975 150 9 13 0.06461869 
0 155 19 37 0.061517045 
150 225 23 28 0.057682157 
372 200 47 60 0.05201694 
184 267 28 30 0.046225183 
960 197 12 14 0.042694286 
1001 152 10 12 0.041730665 
925 197 11 15 0.040729426 
403 3 61 57 0.038757503 
600 245 81 95 0.03663454 
191 206 10 12 0.036410548 
951 219 10 14 0.036343828 
1004 154 10 13 0.035189178 
528 327 31 45 0.03328667 
549 262 41 55 0.032764833 
944 245 11 14 0.032185122 
958 204 11 14 0.030727293 
600 239 45 55 0.030610323 
609 193 15 20 0.030121706 
223 214 13 17 0.029815549 
964 200 12 15 0.029625995 
153 267 18 22 0.028486406 
479 324 26 39 0.027320642 
972 227 11 13 0.026654053 
566 236 46 53 0.026582211 
580 217 44 52 0.026201181 
23 265 26 33 0.025640015 
592 209 30 37 0.024586927 
109 226 20 23 0.02354031 
960 175 8 10 0.023521377 
129 258 26 28 0.023491994 
936 220 12 14 0.022721846 
934 193 9 12 0.022360828 
32 260 26 32 0.022290664 
922 192 19 25 0.02212004 
924 235 13 17 0.021913927 
920 202 11 16 0.020730367 
196 211 10 13 0.020608094 
942 216 9 11 0.02043075 
541 278 35 46 0.020283505 
530 295 39 55 0.020172993 
953 208 10 13 0.020142196 
