2_Demonstration_Demonstration_Or_Protest_2_140
926
952 637 28 34 0.99802446 
331 519 15 19 0.9959559 
764 624 15 20 0.99539244 
843 628 24 33 0.9910409 
493 476 13 17 0.99030465 
202 539 16 21 0.98979175 
806 569 14 20 0.98487246 
742 548 15 19 0.98326683 
382 476 12 15 0.982576 
413 561 17 21 0.97857636 
956 590 15 21 0.9764237 
785 561 15 19 0.9764058 
769 541 16 20 0.97396505 
138 585 18 22 0.97371304 
802 644 17 21 0.97353697 
531 490 15 20 0.97040457 
756 577 15 19 0.96646154 
637 383 13 16 0.96610916 
332 606 20 23 0.9646073 
616 526 18 22 0.9644335 
637 487 14 18 0.9593163 
430 619 18 21 0.9577893 
451 486 13 15 0.956899 
763 597 13 16 0.9561971 
302 606 15 21 0.95290625 
558 501 14 19 0.9522701 
157 544 14 18 0.9496762 
548 475 14 17 0.9454368 
180 616 17 19 0.9406144 
455 397 11 14 0.9405379 
521 574 18 23 0.9397731 
245 607 15 20 0.9294502 
375 630 19 24 0.92719597 
834 543 13 16 0.9257527 
702 462 13 17 0.924871 
779 522 13 16 0.91774845 
860 601 15 17 0.91441905 
547 526 15 19 0.9056617 
559 355 10 12 0.89509535 
511 501 14 19 0.8911134 
564 468 14 16 0.88129765 
512 386 11 15 0.87376136 
624 623 20 26 0.8719579 
365 604 17 20 0.8682263 
413 478 15 18 0.864247 
915 602 16 19 0.8615777 
713 572 12 17 0.86095107 
630 470 13 16 0.85511667 
299 517 16 19 0.8534824 
523 527 13 17 0.8526375 
601 380 11 15 0.84913033 
685 504 15 17 0.8468268 
591 458 14 17 0.844277 
740 395 11 14 0.83655 
545 397 10 13 0.8292333 
682 477 13 16 0.81410563 
725 476 12 15 0.80096513 
572 537 15 19 0.787915 
304 557 16 20 0.7854614 
711 389 9 12 0.7809428 
375 509 14 20 0.7550538 
280 526 13 17 0.7544112 
379 573 13 17 0.74809396 
183 651 21 20 0.74393535 
686 415 12 16 0.7249269 
412 652 19 21 0.71944076 
623 378 10 13 0.71625876 
231 463 16 20 0.71332943 
644 461 13 16 0.702411 
823 272 9 12 0.6969079 
903 641 28 28 0.6965353 
575 328 13 17 0.69617176 
721 627 17 21 0.67717594 
611 434 12 15 0.67711234 
527 621 21 27 0.65446347 
854 265 8 10 0.6303834 
249 563 15 21 0.6261671 
721 311 10 13 0.6134895 
453 643 15 20 0.5988308 
694 357 11 14 0.5708023 
388 615 15 19 0.56229115 
552 419 10 12 0.56193095 
557 387 11 14 0.55540466 
671 318 11 15 0.543153 
743 240 8 10 0.53147703 
721 255 8 11 0.53104395 
670 540 15 21 0.5305982 
692 269 10 13 0.5078333 
609 653 20 20 0.50597805 
232 485 13 17 0.5041848 
759 256 9 12 0.50163776 
698 591 15 19 0.47071105 
668 248 9 12 0.46826783 
221 621 15 19 0.4594484 
460 556 14 18 0.43309948 
362 548 15 18 0.4105166 
803 301 10 14 0.4104426 
160 592 15 19 0.408019 
656 333 10 12 0.3971772 
459 533 13 16 0.3965026 
923 639 23 27 0.38010803 
702 216 6 9 0.37969667 
784 263 10 12 0.36456275 
661 638 22 24 0.36176538 
857 288 10 13 0.3603721 
652 556 14 19 0.35235053 
654 270 8 12 0.34402302 
673 367 12 15 0.34123573 
485 634 16 18 0.33918262 
838 97 11 12 0.33704948 
653 598 16 21 0.3323621 
751 287 9 11 0.3288428 
769 235 8 11 0.3269355 
490 629 17 20 0.31181005 
860 324 12 13 0.31033534 
910 581 16 20 0.3058046 
872 237 7 10 0.3047743 
798 238 8 10 0.28641248 
490 531 17 21 0.2794086 
686 196 8 11 0.27940527 
794 237 7 10 0.27374205 
695 651 15 18 0.2666873 
304 581 12 16 0.2660607 
751 293 8 10 0.25226882 
648 530 14 17 0.23360848 
562 245 11 13 0.22696176 
876 578 13 16 0.22365035 
468 389 13 16 0.2211969 
571 445 12 15 0.21685798 
736 271 8 9 0.21297882 
522 275 11 13 0.21001333 
629 281 11 15 0.20919204 
676 299 10 13 0.20912352 
999 220 8 10 0.20875514 
630 463 12 15 0.2063478 
744 175 8 10 0.20599888 
671 390 10 14 0.20458488 
693 448 10 12 0.20362198 
655 204 10 12 0.20344314 
692 543 16 18 0.20099379 
697 239 8 10 0.19287851 
781 214 9 11 0.18919764 
687 287 9 13 0.18494435 
896 279 10 12 0.18317018 
358 553 16 20 0.18243031 
888 229 7 9 0.17886294 
571 436 11 13 0.1766471 
604 311 10 12 0.17509548 
746 651 18 21 0.17103854 
540 255 10 12 0.17050986 
788 318 10 12 0.16442268 
469 583 11 15 0.16356948 
879 284 8 10 0.16328576 
432 589 13 17 0.16274977 
774 188 8 11 0.16197237 
527 374 10 13 0.16115013 
673 295 11 13 0.15934278 
804 296 10 12 0.15749227 
447 604 14 19 0.1540159 
678 389 12 15 0.1524764 
550 391 12 15 0.15233257 
854 215 8 11 0.15219611 
758 207 7 9 0.15140335 
800 262 9 12 0.14958845 
985 263 7 10 0.14731249 
571 430 12 13 0.14566788 
494 430 9 12 0.14348759 
871 189 10 12 0.1428147 
534 259 10 13 0.14097396 
792 233 8 10 0.13768773 
419 503 16 20 0.13760887 
822 174 7 9 0.13638173 
799 214 7 9 0.12997065 
783 255 9 11 0.128343 
140 611 12 16 0.12606487 
832 223 8 9 0.12603568 
582 313 10 15 0.12556334 
686 254 8 11 0.12503932 
592 346 10 12 0.121589705 
969 264 7 9 0.120448746 
842 238 8 11 0.11914737 
937 224 8 10 0.11875158 
597 548 16 18 0.11797889 
675 446 13 15 0.117103554 
934 279 8 10 0.11659515 
842 142 9 11 0.11426471 
834 185 7 9 0.11355238 
742 601 14 17 0.11217011 
764 256 9 11 0.11196874 
74 344 10 13 0.111106165 
912 178 9 12 0.11098496 
721 248 8 11 0.110036 
700 237 9 11 0.109257944 
761 174 7 9 0.10717919 
145 648 23 26 0.10597628 
767 174 8 9 0.1051867 
689 452 11 13 0.10327701 
816 199 7 9 0.10327421 
768 168 8 10 0.1022384 
665 453 10 14 0.10171555 
743 212 8 10 0.10057015 
828 277 10 12 0.099918194 
615 280 11 13 0.09917771 
281 414 19 20 0.098315984 
166 513 13 16 0.09723009 
688 274 11 14 0.097196266 
725 253 8 11 0.096555695 
749 300 8 10 0.095617115 
976 248 6 8 0.095340535 
941 225 8 10 0.09517219 
685 349 11 13 0.094132334 
284 594 16 21 0.09349626 
595 565 17 19 0.092623554 
792 190 8 10 0.09259835 
681 383 10 12 0.09167205 
767 216 7 9 0.09137616 
569 287 9 12 0.09110408 
809 625 15 18 0.090416044 
701 483 13 16 0.09017991 
998 642 12 17 0.09016264 
686 522 16 18 0.0893489 
750 175 8 10 0.089096196 
770 149 8 11 0.08846676 
754 207 8 9 0.08675944 
962 232 7 10 0.086616084 
833 247 8 10 0.08563906 
669 450 12 15 0.08535946 
838 613 12 16 0.084853396 
807 611 11 14 0.08475578 
477 524 12 16 0.08453891 
777 214 9 11 0.08302783 
718 240 7 9 0.08277877 
413 537 15 20 0.08254571 
702 232 8 10 0.08232165 
927 311 10 12 0.082168356 
264 428 12 14 0.081288815 
606 406 12 14 0.0810032 
738 238 8 10 0.08077618 
739 206 8 11 0.08038609 
765 655 13 15 0.08002383 
730 232 7 9 0.07871885 
805 278 9 11 0.07824388 
634 476 14 17 0.07765705 
725 249 9 10 0.07759827 
791 197 8 10 0.07635195 
809 159 8 10 0.075816296 
403 535 20 24 0.075389944 
597 245 9 11 0.07526023 
683 387 11 14 0.0750559 
749 310 9 11 0.07463661 
461 545 22 28 0.07434596 
889 272 8 9 0.07404651 
697 167 7 9 0.0738005 
589 386 10 13 0.073766775 
587 521 15 17 0.07367915 
786 175 7 9 0.073590435 
849 216 8 10 0.073446736 
793 184 7 9 0.07331776 
874 284 9 11 0.07311164 
887 277 9 12 0.072871044 
839 217 8 9 0.072316065 
562 351 13 16 0.071949445 
724 341 9 12 0.07189513 
592 326 10 13 0.071370006 
789 311 10 11 0.07123868 
783 287 8 10 0.07106826 
655 213 8 10 0.07089526 
735 231 7 10 0.070835605 
688 356 12 15 0.070604205 
741 200 8 9 0.07058796 
510 575 16 21 0.070492394 
820 319 9 12 0.07032716 
660 541 19 26 0.070309676 
781 209 8 9 0.070147894 
509 412 12 13 0.070036165 
533 299 9 12 0.0699872 
508 261 9 14 0.069689974 
791 173 7 9 0.06964645 
683 593 16 19 0.069487244 
683 343 12 13 0.06945916 
790 548 13 16 0.06930494 
638 214 9 11 0.06922743 
988 641 14 18 0.06911345 
805 317 10 11 0.068957396 
829 578 15 17 0.067558736 
749 241 8 10 0.06684135 
882 605 12 16 0.06646991 
678 306 11 15 0.06641449 
735 276 10 12 0.06634896 
916 91 10 13 0.066171296 
734 265 8 9 0.064932376 
526 256 10 12 0.0646419 
634 183 7 10 0.064348035 
596 279 10 13 0.06425216 
928 318 10 13 0.06414346 
968 216 8 9 0.0639537 
839 245 8 11 0.063928016 
426 500 14 19 0.06366885 
281 544 12 17 0.06348543 
680 144 7 9 0.06301065 
622 278 13 15 0.06290917 
297 641 22 26 0.06246402 
435 114 13 16 0.062188096 
669 276 11 13 0.062049158 
816 206 8 10 0.061826933 
308 456 15 21 0.061044138 
691 293 10 13 0.06102931 
701 647 20 25 0.060771972 
877 189 7 10 0.060151957 
798 190 7 9 0.060145766 
460 388 18 22 0.059894226 
822 169 7 9 0.059879433 
642 207 7 10 0.0598587 
303 649 23 24 0.059826605 
744 181 9 11 0.059695713 
626 375 12 15 0.059547044 
822 214 8 10 0.059378896 
840 296 8 10 0.059234347 
520 627 12 17 0.059161227 
571 505 13 16 0.059017815 
751 535 13 14 0.058720805 
910 606 16 20 0.058564235 
648 207 8 11 0.058536906 
593 212 10 15 0.058495138 
180 475 10 13 0.058448114 
356 616 14 20 0.057910476 
954 215 6 9 0.057279654 
838 221 8 10 0.056528054 
785 240 8 9 0.056277964 
213 577 13 15 0.055660818 
663 647 23 25 0.055553846 
894 573 12 15 0.055283725 
397 546 15 19 0.054958846 
832 190 7 9 0.05494541 
687 238 8 11 0.054647125 
748 501 10 13 0.054416675 
825 245 8 11 0.054285716 
709 271 9 11 0.053901065 
782 246 9 10 0.05384464 
239 571 13 17 0.053715836 
838 183 7 8 0.053651974 
555 475 13 17 0.053635236 
624 384 10 14 0.05356474 
447 581 12 16 0.05345286 
896 216 8 9 0.051740706 
1001 247 7 9 0.05163199 
622 223 9 13 0.05115173 
762 574 13 16 0.051055297 
718 621 13 17 0.050947215 
623 612 14 16 0.05069823 
974 215 7 9 0.050178856 
934 292 11 14 0.050147817 
381 623 19 24 0.05014402 
359 608 15 20 0.049792048 
204 588 12 16 0.04967804 
929 292 9 13 0.049611904 
806 215 7 10 0.04945765 
704 199 7 8 0.04914054 
582 460 13 15 0.04909044 
799 145 7 8 0.049066674 
720 293 10 12 0.048777398 
850 221 8 10 0.04873985 
518 351 13 14 0.04859875 
916 177 9 11 0.04851984 
814 294 11 13 0.04849079 
632 381 12 15 0.04810947 
702 220 8 11 0.0478781 
793 216 7 9 0.047853082 
817 192 7 9 0.047786906 
282 611 16 20 0.047511306 
862 280 9 11 0.04741596 
299 444 25 32 0.047308825 
520 373 10 13 0.04718116 
682 254 8 10 0.047075864 
974 549 10 13 0.04702217 
378 600 16 20 0.04693798 
791 543 11 14 0.046700668 
773 233 8 10 0.046383522 
788 577 13 15 0.046193533 
776 247 9 10 0.04592946 
742 643 17 21 0.04590595 
682 239 8 11 0.045696132 
798 232 8 10 0.04568247 
750 181 8 10 0.04556296 
711 284 9 11 0.045418072 
475 581 11 15 0.04511414 
737 183 8 10 0.04506305 
937 200 7 9 0.04483375 
544 431 11 14 0.04482738 
680 208 7 9 0.04475104 
799 209 7 8 0.044579618 
754 256 9 11 0.04432369 
761 214 7 9 0.044193234 
629 456 12 14 0.04413224 
688 263 11 14 0.043988626 
685 527 21 24 0.043981403 
928 240 8 9 0.043968916 
688 231 8 9 0.04393058 
179 145 13 17 0.04387712 
463 527 20 25 0.0438686 
915 574 14 17 0.043764368 
636 219 10 13 0.043691747 
370 462 13 17 0.043615174 
862 177 7 9 0.043607283 
778 208 8 9 0.043596927 
487 585 15 18 0.043584634 
743 223 6 9 0.043550473 
798 184 8 10 0.04325053 
782 220 9 11 0.043212403 
801 319 8 11 0.043031793 
824 239 8 10 0.04300233 
800 243 8 11 0.042963613 
697 208 7 10 0.042896967 
114 609 18 22 0.042842604 
769 190 9 10 0.04281294 
545 358 10 12 0.042431235 
821 295 10 12 0.04225938 
718 183 7 10 0.04216471 
738 224 6 8 0.042135123 
679 500 14 19 0.041709296 
684 310 10 12 0.04168868 
725 294 9 10 0.041592985 
285 653 14 18 0.041540995 
752 224 7 9 0.041150812 
714 247 8 10 0.04091333 
725 391 10 11 0.040782984 
820 270 9 11 0.040707614 
680 214 7 10 0.040562756 
768 295 8 10 0.04050338 
715 633 22 29 0.04041402 
634 277 13 15 0.040380202 
805 285 10 12 0.04026852 
678 472 13 17 0.040178597 
777 253 8 11 0.040000033 
669 285 11 13 0.039947297 
728 271 8 10 0.03992198 
582 444 12 15 0.039778795 
205 579 14 18 0.039760564 
177 625 25 31 0.039668553 
268 422 11 13 0.03960865 
646 544 21 27 0.039357156 
146 611 16 20 0.03919825 
761 223 7 10 0.038977027 
688 537 15 19 0.03894151 
752 280 8 11 0.038924754 
773 534 13 17 0.03889696 
865 191 9 11 0.03881996 
759 296 8 9 0.038817722 
747 296 8 10 0.038781367 
634 188 9 12 0.038685642 
204 639 15 19 0.03868528 
676 585 18 22 0.038669564 
711 303 10 12 0.03865395 
695 172 10 12 0.038636472 
797 109 10 12 0.038602136 
662 269 11 14 0.03850021 
517 364 11 13 0.038493488 
515 495 13 17 0.03840678 
611 421 13 15 0.038320974 
793 169 7 9 0.038264 
933 285 11 14 0.0382409 
773 237 8 11 0.038162485 
646 253 9 11 0.038128596 
371 502 17 21 0.038108617 
709 278 10 13 0.038104016 
232 494 14 17 0.03808022 
678 277 9 12 0.03807079 
617 632 23 28 0.038037363 
686 215 7 9 0.038009603 
896 241 8 10 0.037973214 
208 572 13 15 0.037903342 
513 363 10 13 0.037855294 
697 160 8 9 0.03768956 
827 270 9 13 0.037653267 
735 283 10 12 0.037561823 
749 316 9 12 0.03750834 
832 283 10 13 0.037393752 
202 650 16 18 0.03704528 
633 216 8 9 0.036889754 
866 652 17 19 0.036648516 
91 126 15 23 0.03663743 
858 320 10 13 0.036602937 
817 167 8 9 0.03639881 
682 393 14 16 0.036378488 
889 191 6 9 0.036163412 
469 537 23 27 0.036128964 
760 248 9 11 0.03612812 
800 285 9 12 0.036041245 
855 231 7 9 0.03593033 
784 183 7 9 0.035899125 
817 145 7 8 0.035862967 
834 100 9 12 0.035823844 
594 571 24 27 0.035755225 
559 240 19 25 0.035716336 
880 215 7 9 0.035547994 
885 283 9 12 0.035387594 
738 213 8 10 0.035343654 
728 262 8 10 0.03530318 
760 200 8 10 0.035281733 
832 252 9 11 0.035173398 
248 612 17 22 0.035117112 
934 272 9 10 0.03507864 
712 650 17 20 0.034992244 
791 278 8 11 0.034807634 
607 248 10 12 0.034735426 
339 491 12 15 0.034734756 
824 231 8 10 0.034659408 
816 151 8 10 0.034554705 
687 363 9 12 0.03453807 
519 269 18 23 0.034380157 
902 601 13 18 0.03434152 
511 562 14 18 0.034218933 
789 268 8 10 0.03418851 
455 571 11 16 0.034170005 
928 231 7 9 0.034163166 
828 482 15 19 0.03415404 
610 412 12 14 0.033982202 
976 269 7 9 0.0339736 
881 206 8 10 0.03392776 
420 530 12 15 0.03387642 
761 300 8 10 0.033790123 
629 246 8 10 0.033641938 
583 230 8 10 0.033617184 
927 199 6 9 0.033485908 
882 223 7 9 0.033212807 
691 560 16 19 0.03316305 
760 169 7 10 0.03313657 
844 622 17 22 0.033106815 
680 222 7 9 0.03304807 
718 394 10 12 0.03299385 
816 312 8 10 0.03297199 
761 192 8 9 0.032940507 
977 143 7 9 0.032904625 
725 336 8 11 0.032902654 
622 505 14 17 0.032897554 
552 357 9 12 0.0328912 
333 629 16 21 0.03282339 
989 263 8 9 0.032813746 
554 383 11 14 0.032779686 
912 651 20 22 0.0327554 
817 185 7 8 0.032744553 
677 269 10 13 0.03266987 
366 499 15 19 0.03258661 
87 605 11 16 0.032581452 
983 643 13 17 0.03255975 
292 641 16 22 0.032508146 
853 642 24 26 0.032330256 
1001 253 7 10 0.032223698 
215 624 13 18 0.03220251 
745 317 9 12 0.03218504 
596 651 24 25 0.031995863 
680 263 9 12 0.0319117 
897 199 8 10 0.03189313 
913 215 8 10 0.03186969 
847 280 10 11 0.03178653 
822 266 17 23 0.03173323 
854 141 7 10 0.031710967 
793 223 8 9 0.03170817 
766 245 10 11 0.031672813 
770 183 9 10 0.031663954 
514 565 21 27 0.031652197 
593 284 11 14 0.0316161 
456 533 21 24 0.031556353 
750 496 9 11 0.03153063 
898 206 7 9 0.031497445 
671 328 11 13 0.031435758 
651 516 15 18 0.031115485 
685 459 13 14 0.031104425 
975 264 7 10 0.031075645 
280 426 12 14 0.031044735 
757 250 18 23 0.030980695 
588 529 15 20 0.030967325 
670 499 13 18 0.030956835 
449 109 9 13 0.030934557 
792 152 7 9 0.030918866 
385 571 14 18 0.03077925 
966 236 8 9 0.03077868 
665 586 24 30 0.030739414 
752 326 10 12 0.03071219 
718 231 7 9 0.030568223 
684 316 10 13 0.030564992 
784 324 10 12 0.030560795 
624 277 20 24 0.03053605 
805 261 8 11 0.030498208 
840 191 8 10 0.030484382 
398 577 15 20 0.030471688 
912 231 6 8 0.030451918 
674 213 7 10 0.030392244 
709 384 18 23 0.030346131 
798 509 11 11 0.030221503 
866 232 7 9 0.02999828 
625 213 7 10 0.029964237 
693 396 10 12 0.029939372 
470 492 11 15 0.029916802 
776 302 7 10 0.029911283 
967 554 14 16 0.029904893 
817 213 9 11 0.029900039 
824 192 7 8 0.029890358 
282 518 16 20 0.029842207 
846 244 8 10 0.029744292 
822 208 8 10 0.029697334 
685 602 13 16 0.029691588 
192 633 23 30 0.029569713 
847 137 9 11 0.02955191 
671 241 8 11 0.029536974 
849 284 9 12 0.029483208 
725 394 12 15 0.02933722 
838 317 8 11 0.029136006 
807 222 8 9 0.029108202 
917 214 9 11 0.029089594 
836 606 13 16 0.029074695 
685 512 16 19 0.029041102 
767 566 11 14 0.028957257 
681 246 9 11 0.02888981 
567 406 11 13 0.02877411 
549 427 11 14 0.028755993 
381 584 14 18 0.028740728 
909 595 18 22 0.028739717 
752 332 10 12 0.02866464 
971 642 24 28 0.02864086 
666 389 11 14 0.028552283 
741 271 8 10 0.02849996 
719 223 6 9 0.028464632 
548 415 19 22 0.028376838 
830 602 14 16 0.0282917 
969 248 7 8 0.02826847 
752 271 7 9 0.028246745 
767 301 7 10 0.028165946 
856 209 8 10 0.028151607 
792 158 8 9 0.028131211 
831 159 7 9 0.028093845 
727 276 8 11 0.027977517 
718 306 17 23 0.027906662 
864 182 7 10 0.027887696 
452 619 11 14 0.027865702 
688 264 17 22 0.02782262 
635 459 18 22 0.027815945 
192 648 24 26 0.027714549 
840 233 9 9 0.027662467 
830 230 8 10 0.027662147 
841 137 8 10 0.027590875 
734 652 17 20 0.027533036 
220 578 13 15 0.02752184 
878 240 7 9 0.0274739 
792 245 8 10 0.027460681 
492 611 14 17 0.027425224 
789 254 9 11 0.027418546 
583 364 10 11 0.027384568 
335 484 11 15 0.027377078 
478 492 12 15 0.027358694 
927 192 7 9 0.027356783 
776 544 15 19 0.027352685 
903 610 15 18 0.027287992 
774 168 7 9 0.027234128 
715 254 8 11 0.027224129 
712 189 8 11 0.027191423 
664 243 18 22 0.027081443 
574 461 12 16 0.02707257 
833 217 8 9 0.026985815 
936 205 7 9 0.026981035 
645 572 83 100 0.026907682 
687 223 7 10 0.026900407 
782 304 7 9 0.026888946 
693 299 10 13 0.026869891 
589 309 11 14 0.026861656 
900 283 8 11 0.026858687 
925 570 14 16 0.02684914 
832 294 9 11 0.0268461 
716 384 11 13 0.026803548 
703 276 10 14 0.026782032 
722 470 12 16 0.026774287 
822 150 7 10 0.026742574 
619 380 9 13 0.026706288 
895 191 7 9 0.026601622 
777 328 9 11 0.026577597 
581 438 12 14 0.026545154 
916 501 9 12 0.026476253 
983 268 8 9 0.026456404 
774 294 8 10 0.026454918 
581 454 12 15 0.026388118 
766 270 9 11 0.026348455 
586 383 10 13 0.026278181 
821 311 10 12 0.026262866 
810 199 7 9 0.026179545 
886 199 8 10 0.026159434 
835 612 20 25 0.026083825 
678 357 13 16 0.026064238 
691 285 11 15 0.026016701 
352 604 11 16 0.026002388 
470 525 15 18 0.025936855 
729 168 7 10 0.02591558 
1004 586 16 17 0.025906216 
647 306 13 17 0.02589215 
800 257 9 10 0.02587914 
805 240 9 10 0.02587054 
857 320 18 23 0.025864327 
772 658 12 13 0.025844451 
607 283 12 15 0.025825692 
768 288 9 10 0.025803305 
558 293 11 14 0.02575237 
449 104 9 11 0.0256791 
740 609 15 18 0.025649132 
655 220 8 11 0.025618112 
769 144 7 10 0.025608215 
721 346 10 13 0.025603436 
832 317 9 12 0.025593406 
686 247 8 11 0.025536561 
816 223 8 9 0.025503622 
694 325 12 15 0.025429022 
960 215 7 10 0.025373664 
513 357 11 13 0.025357319 
277 653 13 17 0.025339156 
960 236 9 11 0.02532519 
929 223 7 9 0.025295101 
777 220 9 11 0.025262643 
782 258 18 23 0.025251957 
315 643 17 20 0.025251022 
760 134 10 13 0.025163291 
705 395 9 12 0.025158826 
694 141 7 9 0.025134884 
472 526 22 26 0.025104886 
808 164 8 10 0.025087269 
758 584 20 24 0.025070375 
571 303 21 29 0.024962442 
747 540 15 18 0.024928847 
703 284 9 13 0.02484703 
823 183 7 9 0.024829075 
405 552 19 24 0.024733024 
784 311 8 11 0.024685001 
773 564 13 16 0.024655411 
575 398 9 11 0.024655053 
1006 254 8 9 0.024654172 
720 287 8 10 0.02465328 
625 238 10 11 0.024612507 
929 651 17 20 0.02460607 
584 358 10 11 0.024596695 
840 176 7 9 0.02450319 
219 629 17 21 0.024501698 
855 152 7 9 0.024428174 
895 222 7 10 0.024426898 
990 199 8 9 0.024412418 
588 315 11 15 0.024387432 
229 581 11 15 0.024379157 
984 136 7 8 0.024368191 
799 610 12 17 0.024296729 
368 512 15 19 0.024283158 
914 583 23 27 0.02421024 
520 517 20 24 0.024198001 
669 291 18 22 0.024174271 
387 471 11 15 0.024081308 
400 389 15 17 0.02407855 
213 592 14 19 0.024077216 
757 539 13 16 0.024047712 
640 197 7 11 0.02404642 
759 278 8 10 0.024035651 
685 406 14 18 0.024024108 
569 525 21 27 0.024012256 
558 257 14 16 0.024004417 
999 239 8 11 0.024000028 
952 158 7 9 0.02397994 
595 588 22 27 0.023943607 
436 599 15 20 0.02389449 
815 287 10 12 0.02385201 
793 563 14 18 0.023834048 
714 184 7 10 0.023812495 
382 602 20 26 0.023810113 
838 325 8 11 0.023807662 
352 562 14 18 0.023804482 
984 166 7 9 0.023794489 
485 525 13 17 0.02375351 
967 220 8 11 0.02374773 
872 244 8 10 0.023714473 
524 367 11 14 0.023711381 
976 209 6 9 0.023686914 
702 269 10 13 0.023682997 
656 183 8 11 0.023667062 
952 208 7 9 0.02364987 
753 201 7 9 0.023641959 
579 621 16 21 0.023614496 
840 197 8 10 0.023601284 
871 215 7 9 0.02358182 
324 585 13 17 0.023544863 
985 257 7 9 0.023538506 
701 157 9 11 0.023528138 
622 585 20 28 0.023505127 
940 293 10 13 0.023497842 
712 293 9 12 0.023437444 
741 232 8 10 0.023413496 
300 459 17 21 0.023356903 
704 152 9 10 0.023329651 
696 232 8 10 0.023328997 
473 554 14 17 0.023252308 
661 341 10 11 0.023189848 
858 177 7 8 0.02315437 
590 654 16 18 0.023144806 
609 577 14 20 0.023142215 
892 271 10 11 0.02297161 
858 191 7 10 0.022965716 
992 149 8 11 0.022905434 
500 436 13 16 0.022893874 
829 593 15 17 0.022884108 
970 167 6 8 0.022879444 
713 308 11 13 0.022874104 
600 403 11 15 0.02281898 
634 622 14 20 0.022746291 
750 214 8 9 0.022701455 
508 253 9 13 0.022670768 
308 439 15 18 0.022633562 
690 352 18 22 0.022562241 
599 314 12 14 0.022484355 
436 582 12 16 0.022473175 
744 159 8 10 0.022446787 
799 222 8 10 0.02240558 
943 199 7 10 0.022382582 
910 539 11 12 0.022382539 
334 478 11 14 0.022330262 
888 239 8 10 0.022313373 
690 609 17 20 0.022304876 
719 305 10 13 0.022296553 
854 606 17 20 0.02227827 
684 323 12 15 0.022239802 
694 136 7 10 0.022215016 
980 543 9 11 0.022195412 
654 583 24 32 0.022163168 
728 215 7 10 0.022137111 
285 644 14 17 0.02209679 
621 610 22 26 0.022092383 
985 119 7 10 0.022089245 
867 238 8 10 0.022082336 
707 476 12 16 0.022079028 
806 270 7 10 0.022070045 
136 565 11 15 0.022040188 
760 269 9 11 0.022034658 
729 236 8 10 0.0219872 
799 325 9 10 0.021987198 
286 500 12 15 0.021942671 
87 600 20 28 0.021898283 
660 593 52 57 0.021887138 
676 534 12 17 0.0218439 
569 471 15 18 0.021803355 
593 341 12 14 0.0217467 
210 628 20 25 0.02174452 
648 412 11 14 0.02173535 
489 422 11 14 0.021700224 
936 193 8 9 0.021668814 
864 214 7 9 0.021666853 
656 247 9 11 0.021644183 
617 223 10 13 0.021529341 
932 633 24 31 0.021526394 
864 209 7 9 0.02148179 
872 573 14 17 0.021473808 
693 598 17 22 0.021401081 
139 643 19 24 0.021364948 
885 572 14 16 0.021338822 
652 589 14 19 0.021338593 
546 434 13 15 0.021284413 
664 325 10 14 0.021280656 
617 576 20 29 0.02127991 
741 385 11 13 0.021279788 
962 224 7 8 0.021266486 
443 594 16 21 0.021251742 
647 248 9 10 0.021237973 
713 231 7 9 0.021201847 
766 199 8 10 0.021172179 
579 428 12 15 0.021165837 
728 173 8 10 0.02114569 
800 291 18 23 0.021143045 
846 193 8 10 0.021129128 
769 158 8 9 0.021105027 
632 301 10 14 0.021007532 
668 458 13 15 0.020997936 
814 560 11 14 0.02098546 
920 597 16 20 0.020932468 
824 223 8 10 0.020898031 
622 271 11 13 0.020893285 
992 256 7 10 0.02086036 
710 617 15 20 0.020842427 
599 506 13 16 0.020832228 
219 592 15 19 0.020824308 
766 535 14 18 0.020804223 
902 240 8 10 0.020768413 
905 324 9 11 0.02075114 
766 221 8 10 0.020697298 
742 507 12 16 0.020683298 
176 635 40 40 0.02067754 
712 137 8 9 0.020668993 
937 382 38 50 0.020658957 
761 238 8 10 0.02061856 
976 149 7 10 0.020609645 
563 496 13 16 0.0206009 
752 230 7 10 0.020591585 
573 279 23 26 0.020589191 
372 517 15 20 0.020582635 
568 299 12 16 0.020576598 
508 417 13 17 0.020552358 
109 604 16 20 0.020533537 
900 626 26 32 0.020523874 
521 259 12 15 0.020500487 
612 247 10 12 0.02049401 
630 271 11 13 0.020475063 
499 427 13 16 0.020473918 
928 206 7 9 0.020470649 
164 478 10 12 0.020470263 
832 198 8 10 0.020426681 
822 282 11 14 0.020410612 
975 254 7 9 0.02040113 
740 513 13 15 0.020390287 
414 485 22 24 0.020354204 
928 244 8 10 0.020340124 
491 620 15 18 0.020280264 
269 654 15 19 0.020270748 
108 615 18 20 0.02022996 
374 565 15 19 0.020214334 
392 85 8 11 0.02020155 
673 208 7 9 0.02020088 
300 635 16 19 0.020189682 
584 223 10 13 0.020173028 
609 569 15 19 0.020160964 
740 233 18 23 0.020159941 
598 249 12 16 0.020147242 
833 143 7 10 0.020146092 
726 349 9 11 0.020105675 
884 599 13 16 0.020101644 
96 605 24 28 0.020097421 
975 166 7 9 0.020068407 
35 659 14 14 0.020060996 
