2_Demonstration_Political_Rally_2_816
121
510 37 91 118 0.99923456 
798 554 60 73 0.99643 
231 432 65 76 0.99334806 
701 493 54 72 0.9799075 
587 112 66 83 0.96364313 
154 409 48 57 0.9537214 
763 433 31 40 0.88116795 
719 432 29 34 0.8459038 
785 428 30 39 0.61513424 
689 464 34 46 0.5686759 
94 430 75 137 0.5299037 
935 449 38 44 0.5091602 
948 575 54 66 0.50391024 
690 476 47 65 0.35940403 
831 502 45 51 0.27454188 
104 425 52 82 0.26798838 
797 485 24 37 0.19913967 
828 481 41 52 0.1866119 
815 522 52 63 0.15395519 
938 486 45 58 0.123745896 
659 481 41 67 0.121529125 
907 499 39 52 0.118328996 
677 250 108 99 0.11691099 
830 470 33 39 0.11361796 
356 332 42 55 0.11273195 
54 293 58 64 0.08880435 
799 438 19 24 0.070654 
813 481 36 47 0.06811711 
56 378 145 208 0.068049885 
190 422 46 61 0.06377994 
185 379 28 38 0.06344116 
540 61 90 115 0.06186951 
771 412 24 28 0.05792356 
995 456 23 32 0.055734385 
773 424 29 39 0.052822944 
218 274 17 23 0.04958733 
934 453 57 69 0.049139142 
207 359 32 38 0.048113357 
878 443 28 35 0.047760792 
790 492 39 48 0.04758146 
290 419 46 57 0.04714891 
139 425 56 76 0.04600407 
630 97 56 74 0.044512503 
715 438 48 58 0.04435198 
198 138 184 217 0.042839028 
706 465 55 73 0.042808227 
703 459 35 43 0.041006163 
854 506 47 56 0.04057551 
462 86 16 19 0.039642982 
284 334 24 30 0.039088212 
109 399 57 72 0.038941987 
635 475 53 89 0.037220016 
191 361 28 37 0.036711738 
912 390 23 31 0.03639303 
340 494 55 87 0.035501663 
992 452 18 23 0.03544713 
923 395 17 22 0.033809736 
211 220 13 15 0.033672675 
266 217 32 37 0.032905687 
81 494 55 85 0.032727454 
602 499 57 91 0.03258006 
219 263 17 22 0.032259356 
121 450 60 91 0.032160424 
894 515 43 54 0.030865625 
263 260 13 17 0.03002723 
475 507 49 66 0.029865658 
75 227 29 37 0.029859746 
803 437 25 33 0.029664896 
114 426 31 53 0.029508227 
523 529 108 132 0.029200768 
73 532 41 51 0.029019386 
108 276 14 17 0.028880863 
622 195 209 213 0.028880466 
711 442 32 39 0.028680645 
957 491 36 42 0.02860041 
222 346 29 35 0.028215231 
232 127 115 130 0.027415425 
209 211 14 15 0.026545702 
347 345 33 40 0.026470168 
776 443 19 26 0.026333094 
252 335 23 26 0.025664365 
774 541 51 70 0.025492037 
638 65 93 114 0.02516299 
216 416 51 66 0.024898123 
999 421 24 35 0.024462108 
274 433 55 69 0.024450134 
207 204 13 17 0.024039129 
134 386 54 68 0.02397034 
745 612 43 57 0.02372385 
190 212 13 17 0.023710813 
435 440 59 84 0.023697706 
183 151 127 149 0.023547594 
261 253 22 28 0.023428803 
758 540 44 63 0.023417424 
769 456 45 56 0.023375 
309 330 13 17 0.023264991 
304 -8 58 64 0.023088539 
878 426 28 29 0.022973508 
182 433 30 41 0.022764666 
219 227 12 14 0.022657398 
685 430 25 32 0.022492616 
151 222 11 14 0.022247275 
164 389 49 62 0.022233889 
82 299 49 59 0.0221567 
176 342 50 64 0.021814683 
238 339 24 28 0.021587053 
284 164 15 18 0.021565218 
666 450 49 64 0.021427432 
818 483 77 93 0.021275556 
892 484 41 57 0.02118457 
618 137 36 49 0.02109112 
205 374 28 36 0.021075074 
336 325 82 95 0.020803664 
707 280 41 43 0.020773327 
665 157 51 64 0.02055275 
287 333 42 49 0.020317094 
205 215 25 30 0.020258788 
291 331 15 18 0.020257786 
326 354 13 20 0.020199003 
993 433 27 37 0.020131536 
824 455 30 39 0.020129545 
