2_Demonstration_Protesters_2_16
44
627 589 83 107 0.99726796 
289 504 84 104 0.9970732 
924 305 32 38 0.17109375 
72 932 31 38 0.14442931 
265 547 14 20 0.0776458 
151 734 58 59 0.07714032 
12 932 32 38 0.068327285 
797 520 15 19 0.045380924 
194 655 17 22 0.04451027 
61 981 27 34 0.0411988 
130 2 15 16 0.040484186 
192 1278 218 230 0.037886802 
246 71 442 511 0.03725374 
137 934 25 32 0.036180872 
117 898 18 19 0.035750784 
940 57 24 31 0.033143688 
138 748 71 93 0.032868087 
124 692 42 48 0.032603025 
165 561 29 31 0.0320546 
553 1084 11 16 0.030479047 
244 755 102 128 0.029112525 
157 5 14 15 0.027529875 
849 480 16 19 0.026857782 
704 483 27 37 0.026805654 
492 853 33 43 0.026721282 
122 424 31 37 0.02623065 
164 716 32 35 0.025508549 
7 866 18 21 0.02274669 
116 942 50 65 0.022533376 
113 686 187 242 0.022410177 
239 590 33 38 0.022398153 
50 905 30 33 0.022345277 
0 565 360 461 0.022252148 
162 743 34 37 0.021880994 
140 697 45 52 0.021517945 
153 726 105 141 0.021496693 
103 425 15 18 0.021129904 
112 902 26 32 0.021102214 
127 604 43 57 0.020985337 
15 77 27 33 0.02085239 
121 979 27 35 0.020250674 
506 644 17 20 0.020210374 
112 5 11 12 0.020200236 
776 483 26 30 0.020102942 
