2_Demonstration_Protesters_2_163
479
50 177 18 21 0.9907774 
220 120 34 42 0.9807097 
368 153 14 18 0.977444 
157 184 16 22 0.93873286 
961 12 26 31 0.9267561 
102 195 15 17 0.912566 
690 150 10 12 0.7259534 
590 124 10 13 0.723207 
499 124 12 14 0.7039689 
429 132 9 12 0.6898243 
751 158 9 11 0.6862931 
865 70 11 12 0.63367695 
616 110 9 11 0.6296966 
523 116 11 14 0.48931944 
309 163 11 13 0.46823233 
680 162 12 14 0.46220836 
124 198 17 20 0.45234868 
82 209 22 27 0.42643094 
538 124 9 12 0.40576494 
509 266 17 20 0.40430596 
901 129 10 11 0.3833784 
599 108 9 11 0.3721494 
664 179 17 22 0.3691255 
531 181 12 15 0.36686033 
685 155 13 16 0.35724366 
559 123 10 12 0.34424686 
808 118 9 11 0.32278672 
785 150 9 12 0.31241548 
478 194 11 13 0.28451565 
304 165 10 12 0.27247024 
648 320 59 58 0.26925072 
390 133 9 11 0.26762566 
545 525 51 48 0.25794443 
486 140 9 12 0.2549602 
540 118 9 12 0.24785738 
278 163 12 15 0.22805738 
528 186 13 16 0.2242248 
641 111 8 11 0.22398748 
773 93 9 12 0.22124706 
644 118 9 11 0.21897753 
14 205 11 14 0.21828778 
573 117 10 12 0.21365985 
282 159 12 14 0.20872556 
415 136 9 11 0.19214861 
455 125 11 14 0.19024874 
524 313 55 69 0.18706179 
135 167 13 19 0.18567736 
521 112 9 11 0.18049578 
926 54 10 13 0.1729227 
327 158 9 11 0.17197916 
590 131 9 12 0.17082804 
895 77 14 16 0.17054343 
863 64 10 11 0.16123573 
895 85 11 13 0.15565036 
799 144 10 13 0.15520217 
368 174 10 13 0.1427166 
416 167 10 12 0.12921825 
563 410 64 64 0.12496998 
512 150 7 9 0.124545604 
922 56 10 12 0.12285451 
90 202 18 24 0.1202756 
576 125 9 12 0.118492335 
766 124 8 11 0.118156284 
768 120 8 11 0.117628254 
357 141 9 13 0.11396988 
1011 130 12 19 0.1138216 
61 236 12 14 0.11358718 
296 166 11 14 0.113277785 
403 143 7 10 0.10985485 
497 121 10 12 0.1059211 
752 162 10 11 0.10033319 
444 119 9 11 0.09865708 
421 138 12 14 0.097831726 
425 710 34 36 0.095881544 
613 126 8 10 0.0955292 
552 118 8 11 0.09161838 
339 177 16 21 0.090567335 
319 166 8 11 0.0898867 
758 112 7 10 0.08973624 
372 174 11 13 0.08901782 
34 179 14 18 0.08901724 
790 144 9 11 0.08854226 
382 173 10 13 0.08744805 
482 141 9 11 0.08743531 
117 218 16 20 0.08672465 
140 159 9 12 0.08642018 
568 117 9 12 0.08627422 
460 141 10 12 0.085094444 
470 133 9 11 0.0850558 
159 162 15 19 0.08491527 
561 183 11 13 0.083502755 
774 117 7 11 0.083355114 
964 24 27 34 0.08309256 
356 689 50 52 0.08007436 
543 112 8 10 0.07991844 
667 188 22 28 0.07921002 
785 117 9 10 0.07859016 
460 131 12 14 0.07838152 
501 264 30 35 0.07720098 
91 222 15 19 0.07546785 
759 140 11 13 0.074754216 
784 113 8 11 0.07450835 
633 326 39 35 0.07425161 
45 252 12 18 0.073538356 
408 136 8 11 0.07248114 
406 142 8 11 0.071298935 
332 158 9 12 0.07053343 
550 434 71 64 0.07043824 
487 295 10 12 0.068664536 
342 135 9 11 0.06819506 
21 241 16 21 0.06674812 
775 113 8 11 0.06591022 
547 330 39 49 0.06588406 
447 123 11 14 0.06570799 
485 191 10 12 0.065652445 
415 159 10 12 0.06502331 
352 141 10 12 0.06425531 
848 77 8 9 0.06381155 
553 124 10 12 0.06374963 
535 103 8 9 0.0635265 
900 71 13 15 0.063330665 
849 133 9 11 0.061660137 
753 119 8 10 0.061183915 
524 236 13 14 0.060957655 
760 119 8 10 0.06092354 
401 149 9 11 0.060223028 
0 205 10 16 0.06006578 
259 174 16 21 0.059884857 
78 203 16 20 0.059508365 
714 398 60 64 0.059497047 
493 269 10 13 0.059490804 
273 165 11 15 0.05947476 
20 229 25 29 0.059403013 
736 190 9 11 0.059010778 
6 204 12 16 0.057844397 
552 104 7 9 0.056576915 
520 135 9 12 0.05652682 
541 132 10 12 0.05640768 
996 22 24 31 0.056289464 
849 149 8 10 0.056144472 
130 205 16 21 0.05494942 
538 140 8 11 0.054716185 
613 315 57 61 0.054560922 
419 171 10 12 0.05436011 
929 95 11 14 0.053814694 
526 135 8 10 0.053809352 
424 129 10 11 0.053334024 
352 156 9 11 0.05307031 
327 164 8 12 0.05295099 
564 196 12 14 0.05268973 
901 60 12 13 0.052457877 
520 144 8 10 0.051302787 
399 135 8 11 0.051178146 
572 454 55 59 0.05067957 
117 210 14 18 0.050674777 
141 255 12 14 0.05042325 
260 167 11 14 0.048647944 
334 164 10 13 0.048553694 
155 166 22 29 0.048496444 
645 123 10 12 0.047823496 
519 148 8 10 0.047351655 
822 135 7 10 0.04734479 
1004 30 14 18 0.04729838 
1005 20 13 18 0.04649869 
512 257 25 33 0.04647425 
41 300 17 20 0.046254024 
522 258 14 21 0.04568005 
561 188 14 16 0.04567605 
570 112 8 11 0.045559302 
243 163 12 14 0.045483407 
858 61 8 10 0.045264482 
756 164 9 11 0.044424996 
134 190 12 16 0.044342015 
287 227 13 18 0.044225954 
511 157 9 12 0.044201184 
518 500 44 55 0.044150226 
556 326 57 61 0.0437817 
528 177 11 12 0.04357915 
860 56 9 11 0.043486945 
676 333 37 46 0.043218523 
1003 109 10 14 0.042985342 
520 105 7 8 0.042551517 
99 225 11 16 0.042455126 
398 118 9 10 0.042260174 
417 151 9 12 0.042171378 
607 486 54 51 0.042125136 
505 323 51 72 0.041890047 
990 80 15 18 0.0415011 
749 372 63 63 0.04120098 
16 169 15 18 0.04070174 
321 158 42 51 0.040567607 
160 179 22 31 0.040414244 
585 140 10 11 0.040368028 
4 152 13 16 0.040102445 
528 104 7 8 0.039984416 
750 126 9 11 0.03995761 
480 136 9 11 0.039916832 
693 417 82 105 0.039465226 
572 203 14 16 0.03936749 
341 166 11 13 0.039191883 
408 700 60 59 0.03895104 
663 151 9 13 0.03882035 
719 139 10 12 0.038521882 
632 104 8 10 0.03836182 
335 173 14 17 0.038356286 
863 133 9 11 0.038061265 
428 150 11 13 0.037820198 
890 80 22 28 0.037741467 
270 171 13 18 0.036699407 
786 145 9 12 0.036678612 
605 204 27 28 0.03664929 
393 119 8 10 0.03664597 
437 133 9 13 0.036585607 
893 112 9 12 0.036393825 
125 192 13 16 0.036321133 
557 149 9 12 0.03620474 
421 149 12 13 0.036098257 
599 116 9 11 0.03608838 
750 143 11 13 0.036052145 
565 204 13 15 0.036036443 
671 148 12 15 0.0359108 
552 143 9 12 0.035901256 
558 112 8 9 0.03584561 
350 137 8 10 0.035428587 
853 132 10 12 0.035355847 
641 122 9 12 0.035103116 
328 173 9 11 0.034858022 
792 135 8 10 0.034704823 
551 111 7 10 0.03444884 
357 174 13 17 0.03441066 
830 455 42 39 0.034385893 
452 122 19 22 0.03428518 
598 180 13 15 0.034120265 
673 165 21 26 0.03399725 
535 95 8 10 0.03389314 
77 189 13 16 0.03383824 
804 146 11 13 0.03383677 
608 120 9 10 0.03381008 
688 132 10 12 0.03349436 
785 95 7 10 0.033419747 
427 136 12 14 0.033358887 
13 175 15 19 0.033209443 
736 149 9 11 0.03318376 
760 134 11 13 0.03291784 
368 136 8 9 0.03249282 
385 129 8 11 0.032191034 
323 189 31 42 0.032133404 
784 101 8 10 0.03213277 
321 158 10 13 0.03210351 
255 158 14 16 0.031705048 
309 168 13 15 0.031682145 
440 158 9 11 0.031460512 
815 71 7 8 0.03138888 
743 367 113 95 0.031358674 
720 110 8 9 0.031304017 
737 166 10 13 0.030962793 
0 157 10 14 0.030851785 
14 242 13 18 0.030845355 
455 165 8 10 0.030818595 
608 96 7 9 0.030728793 
694 133 9 11 0.03063087 
585 120 9 11 0.030365303 
672 201 14 18 0.03035214 
28 235 24 30 0.030283391 
802 102 7 9 0.030114582 
606 104 8 9 0.029918335 
559 165 11 14 0.029759282 
601 141 9 11 0.029693805 
250 161 23 27 0.029674046 
664 214 11 15 0.029655153 
487 264 9 12 0.029637322 
569 103 7 9 0.029624779 
3 209 13 18 0.02960722 
832 149 8 10 0.029540163 
1012 18 11 17 0.029465552 
900 91 11 15 0.029351287 
148 160 21 28 0.029086048 
591 443 61 68 0.029076863 
634 109 8 11 0.029028574 
57 231 20 24 0.029008364 
469 128 9 11 0.028831394 
613 105 18 22 0.028785933 
473 192 10 11 0.028772114 
991 33 27 34 0.028744789 
17 216 23 29 0.028725872 
12 200 19 23 0.02866747 
150 150 10 13 0.028607 
31 174 12 16 0.028548423 
587 134 9 12 0.028529955 
447 158 7 10 0.02847495 
201 111 34 38 0.028390814 
817 135 9 11 0.02817776 
867 64 10 13 0.028163401 
751 133 10 11 0.028089328 
352 150 11 13 0.027949942 
163 146 15 18 0.027923824 
441 113 9 10 0.027850695 
622 104 8 10 0.027745143 
822 127 9 12 0.027641093 
832 113 8 10 0.027622055 
555 348 66 69 0.027604284 
822 140 8 10 0.027522365 
746 125 8 11 0.027505267 
542 150 9 12 0.027290888 
479 276 10 11 0.027271397 
326 171 27 32 0.0272416 
385 688 98 95 0.02712072 
284 168 12 15 0.027048463 
997 41 13 16 0.026884317 
686 145 17 21 0.026814437 
582 198 10 12 0.026697682 
416 129 8 10 0.026675152 
879 87 9 11 0.026663939 
1002 121 18 27 0.026631758 
816 104 7 8 0.026620364 
863 66 17 21 0.02651424 
872 142 10 11 0.02651092 
591 315 30 42 0.026474075 
768 101 9 11 0.026284918 
328 178 11 15 0.02620127 
995 111 20 29 0.026135584 
513 110 8 10 0.02608976 
822 88 8 9 0.026076958 
50 249 15 22 0.026059667 
491 141 11 13 0.02604284 
-1 216 10 17 0.025999183 
129 166 11 15 0.025973178 
303 159 19 22 0.0258991 
807 135 9 10 0.025805343 
690 331 53 56 0.025685573 
565 166 11 13 0.025656195 
790 112 7 10 0.025652096 
446 130 11 16 0.02561179 
626 348 56 63 0.025506457 
144 151 9 12 0.025383541 
501 317 15 19 0.025379414 
504 104 7 9 0.025306437 
607 133 10 12 0.025296465 
496 112 7 9 0.02526177 
78 223 14 19 0.025247032 
595 109 9 11 0.025205668 
525 141 8 10 0.025165701 
5 242 15 18 0.024980808 
462 111 9 10 0.024954114 
561 192 21 23 0.024953112 
16 251 25 33 0.024893502 
550 132 10 12 0.024869675 
375 128 8 9 0.024861442 
444 119 19 24 0.02485159 
360 128 8 9 0.024820784 
151 155 11 15 0.024791704 
150 156 43 53 0.024728712 
36 174 20 26 0.024723306 
454 121 10 13 0.024722463 
334 151 9 11 0.024685489 
421 155 10 13 0.024521973 
263 151 9 11 0.024485337 
653 132 10 12 0.024436794 
785 124 9 12 0.024409268 
494 223 7 11 0.024369532 
100 206 15 21 0.024347164 
433 695 58 55 0.024217186 
817 87 7 10 0.024199175 
746 151 10 13 0.024161475 
417 134 20 22 0.02412413 
473 102 8 10 0.024047555 
456 189 9 11 0.024037182 
140 188 12 18 0.02398743 
457 111 8 9 0.023910306 
800 128 7 10 0.023903865 
41 255 21 28 0.023879662 
588 169 15 17 0.02384516 
799 134 8 10 0.023809066 
66 235 14 17 0.023678094 
275 162 21 25 0.023673654 
559 104 7 9 0.023466263 
454 160 8 10 0.023435555 
477 198 14 19 0.023427129 
587 179 16 18 0.023416488 
18 347 447 462 0.023404714 
814 152 8 9 0.02339739 
512 163 9 12 0.023288367 
162 159 21 29 0.023260795 
852 144 10 11 0.023184907 
692 144 10 13 0.02308106 
294 159 10 13 0.023028895 
518 435 68 63 0.02301319 
806 96 6 9 0.022965485 
683 165 15 20 0.022944953 
586 119 19 23 0.022907432 
10 211 23 28 0.02289936 
801 96 8 9 0.022891654 
424 112 8 10 0.022739507 
338 141 9 12 0.022717211 
807 114 9 11 0.022659032 
543 198 12 14 0.022652172 
440 124 9 13 0.02264817 
757 148 11 13 0.022604082 
54 241 14 20 0.02258129 
478 181 12 13 0.02257152 
599 134 8 11 0.022555893 
567 140 11 14 0.022493763 
839 60 9 10 0.022491401 
703 150 9 12 0.02247056 
576 393 39 43 0.022462409 
348 173 14 19 0.022407176 
671 196 25 30 0.022320269 
840 55 8 10 0.022298334 
711 120 7 9 0.0222525 
629 190 13 16 0.022228397 
895 98 11 14 0.022208229 
511 239 10 12 0.02212205 
13 186 12 15 0.022070574 
803 117 9 11 0.022042222 
461 147 10 12 0.022031855 
470 117 9 12 0.021980349 
832 159 8 10 0.021941483 
441 286 9 10 0.021933068 
564 172 12 14 0.021910468 
341 -33 216 217 0.021888586 
574 196 13 15 0.021807581 
814 124 9 12 0.02171677 
580 226 14 20 0.021716416 
302 169 45 56 0.021656029 
431 262 9 11 0.02165016 
523 324 14 18 0.021630283 
507 197 12 12 0.021612644 
575 132 9 11 0.021601846 
493 261 23 28 0.021521699 
489 119 8 12 0.021483032 
455 184 9 12 0.02144903 
709 125 8 10 0.021448087 
39 241 22 27 0.021445544 
906 69 12 14 0.021383593 
566 123 10 12 0.021355858 
593 118 99 113 0.021333717 
430 164 10 12 0.021321869 
527 121 10 13 0.021225834 
0 164 8 13 0.021222856 
534 113 19 23 0.021169469 
477 270 10 11 0.021164738 
90 230 17 21 0.021133803 
495 238 8 12 0.021100733 
447 511 9 11 0.021098042 
541 188 10 12 0.021086289 
790 127 9 10 0.021082776 
825 112 7 9 0.021066464 
383 141 10 12 0.021063425 
603 220 23 28 0.021053769 
573 227 15 19 0.020988593 
511 245 11 13 0.020932848 
134 177 13 17 0.020907173 
620 197 14 17 0.020883974 
416 112 8 9 0.02081634 
520 232 11 13 0.020809812 
746 151 20 23 0.020806044 
629 415 59 62 0.020775106 
309 180 13 16 0.02077135 
481 127 8 11 0.020733798 
559 157 9 12 0.020729175 
857 96 8 10 0.020712651 
544 104 7 10 0.020686228 
399 111 9 11 0.020637231 
505 262 12 15 0.020623744 
144 259 12 15 0.020561764 
158 140 12 15 0.020523975 
559 176 19 24 0.020514982 
640 87 9 10 0.02040232 
756 557 107 132 0.020379616 
772 165 10 12 0.020333461 
120 191 12 15 0.020302303 
50 266 13 18 0.020282093 
360 137 8 10 0.020267079 
102 157 11 13 0.020253576 
469 164 9 12 0.020230386 
752 95 8 9 0.020147663 
784 88 8 9 0.020146875 
930 52 12 14 0.020061089 
575 189 11 14 0.020028027 
