2_Demonstration_Protesters_2_24
72
370 270 103 152 0.9994184 
544 265 99 145 0.99909294 
890 1123 105 127 0.997401 
504 664 61 75 0.9972446 
155 801 88 104 0.99721044 
811 652 65 91 0.9968845 
451 1120 70 96 0.99636203 
662 1052 79 102 0.99254096 
601 628 65 71 0.9923584 
13 401 100 136 0.99217296 
479 758 73 102 0.9900686 
373 582 59 76 0.98621535 
584 867 43 54 0.971998 
389 805 65 77 0.95926285 
635 124 97 118 0.9395693 
672 469 57 97 0.65683085 
892 615 24 29 0.5042747 
678 860 33 48 0.38889122 
538 1043 37 39 0.33948493 
178 459 51 70 0.29720503 
871 1044 29 37 0.2667945 
38 837 34 39 0.23486254 
694 480 35 57 0.21929583 
747 1 35 22 0.20277938 
216 151 94 116 0.1954595 
454 636 46 62 0.16678551 
865 1029 55 71 0.12569977 
273 252 92 131 0.08915646 
869 988 94 124 0.0673582 
591 1042 33 40 0.06696774 
463 613 45 56 0.06494012 
727 1022 40 54 0.06153045 
230 190 100 165 0.06103587 
868 16 108 132 0.060970977 
330 490 26 33 0.0568356 
46 823 35 41 0.053300906 
301 711 45 60 0.049616635 
626 671 52 62 0.049396254 
445 41 41 47 0.04079118 
868 1180 55 67 0.039123245 
655 851 45 52 0.03804452 
330 258 105 136 0.037304338 
306 576 27 30 0.036407586 
903 617 17 22 0.03365734 
28 835 60 75 0.0324968 
879 1 74 85 0.032087453 
444 60 14 18 0.03186821 
565 18 16 23 0.031225434 
0 10 18 30 0.030354131 
-5 79 190 216 0.029570702 
610 153 110 153 0.029087089 
598 239 55 72 0.027776295 
486 649 52 69 0.02738856 
854 1007 49 67 0.026514232 
176 1140 10 12 0.025868688 
870 152 17 19 0.025789196 
72 103 11 13 0.025434282 
666 873 17 24 0.02517347 
969 592 14 18 0.024920722 
125 137 13 17 0.024872508 
729 -1 54 37 0.024564518 
366 1267 16 18 0.02409999 
871 1161 97 116 0.023421096 
940 25 56 74 0.023278022 
212 1066 18 21 0.023085123 
48 839 22 23 0.02236537 
882 608 40 49 0.022284616 
651 678 46 54 0.0220449 
3 836 52 64 0.021317776 
650 860 30 37 0.021174526 
452 57 17 20 0.020116638 
188 1139 11 16 0.020062294 
