2_Demonstration_Political_Rally_2_637
138
725 404 33 43 0.99849236 
1 387 34 46 0.9934731 
733 99 50 75 0.9857247 
277 354 38 46 0.9781633 
157 392 38 60 0.9315737 
364 404 33 43 0.81223595 
896 402 24 27 0.79882544 
454 361 31 59 0.7509399 
901 779 41 46 0.63793564 
784 382 25 33 0.59671605 
907 400 22 29 0.339706 
662 401 24 31 0.30056503 
701 300 20 27 0.25478238 
859 580 27 37 0.20081574 
619 288 17 21 0.18223976 
946 738 33 35 0.17587689 
884 551 19 23 0.15901493 
781 383 17 23 0.1553011 
841 368 27 38 0.13878007 
618 352 23 29 0.13211203 
951 492 14 18 0.1216194 
636 362 15 22 0.11724783 
752 516 33 36 0.10948516 
678 398 25 35 0.10905241 
343 385 53 72 0.09931233 
847 442 29 36 0.093330815 
555 370 18 22 0.09229209 
116 752 15 18 0.08960399 
683 361 21 31 0.079655565 
827 619 27 35 0.07563756 
809 409 35 35 0.07417454 
675 405 17 25 0.073378906 
753 397 23 31 0.06890346 
861 616 32 42 0.06275033 
912 682 31 41 0.06121909 
793 377 18 25 0.060298778 
30 379 29 42 0.060149144 
833 349 15 17 0.05557833 
646 347 16 20 0.054821245 
836 354 16 20 0.05477913 
748 460 27 35 0.05199845 
77 665 21 28 0.05120703 
858 449 16 20 0.05103288 
944 677 12 15 0.05021061 
609 277 26 34 0.049741358 
595 340 29 33 0.048634917 
933 653 12 15 0.048105035 
941 653 11 13 0.048099283 
737 303 11 15 0.04773399 
883 598 12 15 0.046983503 
525 496 10 14 0.046928715 
682 339 13 17 0.046702903 
695 348 11 16 0.04636609 
806 423 50 50 0.044264104 
834 436 15 19 0.04373745 
614 341 39 47 0.04361396 
948 684 14 18 0.043338902 
806 468 49 48 0.043179628 
839 358 22 32 0.04204874 
517 677 15 19 0.04126718 
853 443 17 20 0.041057497 
827 348 43 52 0.039767716 
956 732 19 21 0.0392503 
977 316 24 30 0.03911303 
195 404 32 44 0.03755579 
689 405 17 23 0.036200196 
811 485 13 14 0.03612015 
13 241 10 12 0.03581647 
172 397 36 49 0.035132702 
821 375 43 50 0.03431815 
950 696 18 24 0.03394128 
806 520 15 20 0.033860076 
774 388 22 32 0.033182018 
714 303 14 20 0.032942355 
740 401 26 37 0.032921586 
329 417 35 48 0.032717094 
351 352 54 79 0.032435212 
833 595 41 50 0.03181016 
632 346 21 31 0.03152851 
256 353 47 57 0.031311642 
825 582 30 33 0.03071056 
915 398 14 20 0.030440113 
814 447 50 51 0.03027493 
941 659 12 15 0.030223565 
859 385 13 18 0.030107567 
691 393 26 31 0.029077807 
369 403 20 24 0.029037828 
872 656 28 32 0.02882534 
383 356 43 68 0.028472746 
826 434 28 32 0.028461874 
844 383 16 21 0.028355679 
948 659 13 16 0.027772427 
774 327 12 15 0.027652359 
859 394 14 18 0.027651656 
950 689 15 20 0.027550431 
431 455 88 127 0.027439324 
940 673 22 27 0.027081463 
887 401 16 21 0.027046237 
766 393 23 33 0.026825605 
849 589 41 52 0.026701858 
0 813 33 59 0.026666185 
44 372 30 45 0.026414212 
871 589 25 30 0.026312074 
621 349 16 21 0.026281433 
892 671 28 33 0.026256485 
842 616 31 42 0.02555101 
677 395 15 20 0.02530186 
751 321 15 18 0.024809804 
609 346 17 22 0.024379862 
852 392 15 19 0.024231464 
837 431 31 36 0.023733651 
935 675 12 15 0.02366209 
853 355 13 20 0.023385718 
660 382 39 54 0.023385594 
810 388 43 47 0.02332766 
646 335 24 28 0.023240093 
647 353 22 30 0.023107719 
854 466 12 14 0.022931738 
874 666 33 39 0.022908282 
629 364 15 21 0.022834597 
805 477 25 28 0.02256583 
367 389 51 66 0.02243437 
776 385 14 19 0.02238379 
910 658 15 20 0.022314588 
637 272 11 14 0.022191769 
223 672 24 35 0.022110553 
836 390 17 21 0.022045685 
791 394 32 40 0.021945471 
695 303 16 23 0.021621354 
949 654 10 14 0.021466188 
673 329 24 30 0.021441802 
896 661 44 59 0.021166693 
737 361 14 16 0.021109005 
879 402 13 18 0.021037016 
668 396 14 18 0.020967908 
699 386 17 21 0.020810377 
856 432 26 30 0.020180654 
900 662 24 33 0.020169245 
