2_Demonstration_Political_Rally_2_341
148
565 329 24 30 0.9944951 
129 343 18 24 0.96914166 
62 368 14 17 0.9646612 
206 361 15 19 0.9506874 
506 345 15 26 0.90845644 
182 355 17 19 0.82335955 
471 354 16 20 0.7566746 
870 339 13 19 0.7078859 
409 361 18 21 0.5519485 
796 338 17 20 0.25868732 
231 366 10 13 0.253142 
153 354 21 24 0.24536088 
102 356 11 14 0.22666265 
569 455 28 41 0.22362593 
108 349 13 18 0.19030707 
200 322 12 16 0.16976298 
231 369 14 17 0.15507346 
44 395 12 13 0.12372927 
401 361 11 15 0.11407164 
220 333 9 12 0.10137058 
225 358 10 13 0.10050997 
223 350 10 12 0.09636196 
184 378 13 16 0.0862855 
606 427 12 15 0.08112021 
496 347 21 28 0.07884592 
202 294 9 12 0.074846864 
235 388 14 17 0.07426567 
41 373 11 13 0.06697085 
821 384 14 21 0.06052475 
860 334 20 24 0.060147557 
788 342 19 21 0.057609126 
49 344 9 11 0.05603714 
407 398 10 12 0.054142073 
57 310 8 10 0.053962436 
857 355 15 17 0.050544474 
234 378 14 17 0.049739923 
117 348 13 18 0.048902858 
54 343 8 11 0.048734326 
479 352 20 26 0.04670608 
150 338 16 19 0.045569606 
830 344 13 20 0.04498071 
855 340 20 24 0.044876464 
193 325 11 15 0.04444978 
74 342 8 11 0.043465283 
8 343 8 11 0.043141615 
120 389 22 29 0.042824198 
993 378 16 19 0.04276863 
77 341 11 14 0.04269676 
836 345 14 19 0.042695053 
412 373 15 20 0.04236719 
51 395 12 14 0.04205781 
80 349 9 11 0.041142635 
918 361 35 40 0.04099582 
494 357 15 21 0.04042688 
62 326 7 9 0.03894182 
922 412 16 19 0.038810637 
262 388 9 11 0.038640466 
36 411 12 15 0.03750777 
96 323 11 13 0.035300806 
793 347 20 23 0.035111327 
920 320 9 12 0.035026904 
216 327 11 14 0.034544285 
893 421 12 14 0.033954266 
78 329 9 11 0.033854302 
393 363 8 13 0.032944206 
97 352 10 13 0.032425392 
16 399 11 13 0.03241191 
840 340 23 28 0.03239226 
585 410 18 20 0.0320889 
852 333 18 20 0.031631786 
221 340 11 15 0.031596247 
579 415 22 25 0.031071667 
866 326 47 57 0.030517256 
926 283 107 145 0.030237338 
918 415 25 27 0.030103337 
411 398 11 13 0.029843414 
807 337 16 21 0.029653203 
400 405 11 14 0.029507102 
23 327 8 10 0.02917847 
41 390 12 15 0.029147727 
47 368 9 13 0.028433558 
786 345 34 38 0.028096003 
920 440 27 39 0.028072588 
536 286 9 11 0.027707601 
575 -45 416 507 0.027642056 
50 327 7 9 0.027530856 
891 341 12 15 0.027497686 
224 371 10 14 0.027397344 
86 376 16 19 0.027255483 
831 331 13 17 0.027170176 
877 334 22 27 0.027107555 
961 340 15 17 0.02695135 
126 310 10 13 0.026853723 
222 380 11 13 0.026849538 
243 395 10 13 0.026697876 
74 333 10 13 0.026517535 
64 349 8 10 0.0265055 
86 350 8 11 0.026407884 
168 310 10 11 0.026212808 
849 354 26 29 0.025865022 
234 418 15 19 0.025741803 
14 344 7 10 0.025716199 
923 318 12 14 0.025282843 
257 383 9 12 0.025273208 
925 304 13 15 0.025260042 
55 336 8 10 0.02522346 
239 447 10 11 0.025063455 
42 401 16 18 0.025037298 
427 148 101 135 0.024784494 
0 413 9 14 0.024714978 
257 388 10 13 0.024163416 
62 344 9 11 0.02405117 
874 333 16 20 0.023880571 
405 402 11 15 0.023833742 
22 404 10 12 0.02361621 
466 367 16 20 0.023561472 
572 401 17 20 0.023462135 
384 366 10 12 0.023461992 
175 414 24 30 0.023412758 
280 400 9 10 0.02316954 
30 406 10 14 0.023160316 
791 334 15 18 0.023158979 
181 367 20 24 0.022682631 
508 348 22 32 0.022639297 
157 320 12 13 0.02237629 
597 425 14 18 0.022044823 
148 332 15 18 0.02201326 
485 345 21 28 0.021917354 
95 361 12 15 0.021743005 
575 326 24 36 0.021712549 
55 326 8 10 0.021627266 
77 393 14 19 0.021561263 
589 416 20 26 0.021552678 
777 323 10 13 0.021310084 
986 346 13 16 0.021237943 
148 385 13 18 0.021208504 
69 359 12 14 0.021115627 
52 388 23 28 0.021088324 
149 345 18 22 0.0210794 
552 450 37 50 0.021065231 
72 349 8 10 0.021029284 
18 327 8 10 0.020896818 
145 325 10 14 0.020838194 
80 381 21 27 0.020727549 
88 357 10 12 0.02069993 
848 334 50 59 0.020519257 
57 428 13 14 0.020225491 
32 411 10 14 0.020125985 
