2_Demonstration_Protesters_2_351
26
226 109 35 44 0.99240327 
105 22 55 57 0.87992257 
383 -4 48 47 0.79224503 
426 53 28 46 0.43775165 
610 47 32 45 0.27622327 
904 9 42 56 0.18537043 
953 50 65 98 0.16828963 
451 53 38 51 0.15868178 
356 2 64 52 0.14421038 
0 65 24 37 0.12319993 
644 109 28 31 0.09150753 
416 40 30 47 0.07407242 
633 62 35 38 0.069084436 
604 101 16 24 0.05629865 
342 0 54 39 0.032444086 
478 546 13 15 0.031738136 
24 -3 33 38 0.029500471 
603 487 33 32 0.02714619 
599 483 65 54 0.025735486 
637 97 43 51 0.025444712 
677 80 16 20 0.023870595 
439 250 11 13 0.023728153 
514 308 28 34 0.0231775 
846 292 53 62 0.020908821 
90 4 30 50 0.020897534 
477 40 38 54 0.020863803 
