2_Demonstration_Protesters_2_258
24
176 215 109 120 0.99942774 
73 157 91 111 0.99901104 
806 251 109 124 0.9989919 
599 187 102 125 0.99053043 
371 284 27 35 0.40806735 
388 337 29 40 0.18047768 
385 362 34 42 0.0737516 
394 350 32 41 0.06777599 
682 268 16 20 0.04840563 
358 240 27 35 0.048317276 
380 365 14 20 0.046426658 
380 383 54 77 0.041235156 
638 230 71 93 0.040067 
371 361 29 44 0.032795504 
603 152 158 203 0.029338088 
130 126 38 38 0.0260954 
378 346 30 41 0.025921285 
1014 329 10 20 0.023990234 
395 344 19 24 0.023218598 
103 136 22 22 0.022643248 
391 376 35 44 0.021783799 
112 136 66 80 0.021311484 
133 132 16 16 0.021247663 
376 363 12 18 0.020441463 
