2_Demonstration_Political_Rally_2_117
184
586 194 35 44 0.99791056 
382 213 28 34 0.9939412 
284 194 24 31 0.9876323 
839 203 26 34 0.9838578 
791 212 22 26 0.96645355 
66 198 16 23 0.96434075 
731 218 28 35 0.95125157 
24 205 19 22 0.91802835 
879 194 25 37 0.88147926 
142 208 15 21 0.8453305 
453 197 12 16 0.8198674 
413 206 18 24 0.8195536 
806 190 11 14 0.8037491 
636 203 21 27 0.63991505 
954 189 24 30 0.5976195 
476 191 11 15 0.50479186 
780 201 14 18 0.49681807 
407 152 8 10 0.45365456 
730 181 9 13 0.36361507 
537 188 11 14 0.32231033 
471 172 9 11 0.28017122 
541 226 15 19 0.26275846 
762 183 9 11 0.2578309 
416 170 9 13 0.25352916 
247 191 13 21 0.2519547 
116 212 15 19 0.23848543 
123 218 14 22 0.23662601 
541 185 9 11 0.21526659 
628 194 17 21 0.21461958 
486 175 8 10 0.19520031 
745 192 8 10 0.1934328 
695 201 14 20 0.18760969 
175 198 9 12 0.18542148 
372 183 9 11 0.15579848 
406 184 8 11 0.14819843 
398 188 8 12 0.1451122 
527 189 8 12 0.12027869 
359 197 12 15 0.117351726 
83 230 13 15 0.116288066 
430 144 7 10 0.10586032 
760 187 11 14 0.10158758 
21 156 11 14 0.09867817 
263 216 15 21 0.090008594 
999 259 12 15 0.08975168 
788 195 15 20 0.08945516 
684 230 14 18 0.08520194 
622 196 14 19 0.08099872 
12 176 8 10 0.07952952 
481 174 8 11 0.07928151 
783 201 20 25 0.07743118 
513 191 8 11 0.07317852 
741 228 27 30 0.07188673 
763 206 12 15 0.071249284 
823 177 11 15 0.06964277 
801 191 11 14 0.06910762 
497 204 14 16 0.06863049 
526 184 8 10 0.06798812 
186 227 25 28 0.066673055 
5 204 10 14 0.06571205 
259 194 14 18 0.061331693 
744 194 11 15 0.059888784 
494 198 13 15 0.059417512 
534 193 11 14 0.059340194 
250 190 19 27 0.0576271 
459 201 13 17 0.056428235 
551 183 7 10 0.056002807 
792 181 8 10 0.055790614 
128 210 19 26 0.05284805 
642 138 11 13 0.050060295 
728 176 9 12 0.049960934 
241 195 11 16 0.04795894 
709 166 9 11 0.047635444 
4 146 13 17 0.04758785 
495 172 10 12 0.04734997 
412 150 8 12 0.046511345 
421 168 9 12 0.046221517 
877 185 15 25 0.04582072 
521 183 8 12 0.045502216 
401 186 8 11 0.04532317 
759 194 13 16 0.045244873 
792 192 11 14 0.044911463 
867 201 24 35 0.044464037 
484 179 11 14 0.044424932 
809 191 14 19 0.044218935 
857 208 15 20 0.044143505 
914 135 9 11 0.043575678 
520 189 9 12 0.0433583 
480 182 11 13 0.042910907 
371 187 11 13 0.04257707 
472 179 10 13 0.041319415 
11 180 10 13 0.04102041 
690 207 21 32 0.04019822 
698 201 22 29 0.039911706 
403 155 8 11 0.03951702 
721 169 8 11 0.038686477 
628 193 34 44 0.037845396 
880 181 11 16 0.037638955 
963 656 44 54 0.037439764 
447 151 9 11 0.036833003 
511 172 10 12 0.03585757 
869 187 11 16 0.035640825 
680 227 25 29 0.03553765 
110 215 16 20 0.035447694 
439 149 9 11 0.035274364 
241 278 13 16 0.035229012 
707 148 8 12 0.034891903 
424 209 14 18 0.034669667 
483 189 11 15 0.034466982 
193 221 18 19 0.03416977 
687 190 9 11 0.034169488 
680 189 11 14 0.034086976 
886 202 29 34 0.03398765 
979 119 40 51 0.03345928 
693 191 10 12 0.03340395 
713 183 9 10 0.03321442 
345 190 9 11 0.033138983 
113 220 26 30 0.032847945 
677 195 14 18 0.03241769 
527 175 8 11 0.0317375 
733 186 10 12 0.030792082 
684 202 16 21 0.02981714 
430 199 12 15 0.029755963 
469 202 11 15 0.029705206 
500 198 12 15 0.029027566 
732 178 11 13 0.028949087 
969 192 14 19 0.028931417 
202 227 15 20 0.0287112 
719 182 10 12 0.028584838 
57 134 9 11 0.027895028 
367 220 12 17 0.027855873 
659 188 14 17 0.027805533 
501 172 10 13 0.027779171 
784 93 8 9 0.027528983 
781 192 13 17 0.027203087 
93 228 11 15 0.027196558 
437 144 8 11 0.026913168 
11 187 12 15 0.026845254 
63 278 10 14 0.026348257 
783 203 35 43 0.02615857 
8 197 11 16 0.026157096 
330 10 10 13 0.025945641 
393 185 8 11 0.02560166 
142 197 13 16 0.024998369 
950 166 10 12 0.024210978 
683 212 21 31 0.023927117 
795 192 19 24 0.023335198 
327 135 8 12 0.02328097 
963 181 16 22 0.02314622 
477 200 12 15 0.02304249 
487 169 8 11 0.02298872 
759 206 22 25 0.022883905 
685 195 13 18 0.022757119 
890 187 28 36 0.022709245 
956 202 18 24 0.022642069 
200 193 10 11 0.022587685 
448 192 12 16 0.02236316 
529 195 9 12 0.0223221 
535 182 18 23 0.02220582 
425 148 11 14 0.022084838 
813 180 11 15 0.021998312 
425 155 9 12 0.02192906 
468 210 12 16 0.021861067 
821 330 185 277 0.021809721 
757 182 19 23 0.02176244 
790 488 24 28 0.021722829 
545 220 16 19 0.021666367 
898 159 9 11 0.021469917 
681 183 9 12 0.021445932 
942 193 11 19 0.02142944 
485 128 8 10 0.021309068 
641 196 16 21 0.021300225 
827 174 12 14 0.021264872 
421 183 10 11 0.021147326 
255 202 20 31 0.02107992 
642 77 9 11 0.02107158 
864 183 11 14 0.020983286 
943 169 9 11 0.020809304 
136 196 11 15 0.020798905 
817 176 8 11 0.020757273 
264 198 22 29 0.020746978 
789 92 9 10 0.020697117 
266 209 22 31 0.020408096 
717 186 11 14 0.020360589 
400 172 8 11 0.020090772 
