2_Demonstration_Political_Rally_2_224
33
606 117 81 108 0.99868804 
782 251 61 91 0.9977422 
105 180 70 97 0.99737084 
899 261 59 86 0.9954796 
345 98 72 100 0.9934187 
458 297 55 65 0.08739953 
807 237 56 77 0.06945443 
772 548 41 63 0.067026585 
214 164 14 17 0.05422943 
434 167 17 19 0.0398871 
318 578 28 32 0.03875284 
479 285 51 63 0.033876855 
907 231 47 57 0.03310934 
958 226 12 14 0.03077993 
417 159 45 61 0.02989131 
243 131 14 16 0.029427802 
700 191 27 35 0.026816666 
176 163 47 65 0.026464436 
945 180 11 15 0.02562632 
158 439 9 11 0.025599282 
950 180 13 16 0.025306258 
933 251 50 74 0.025104389 
25 657 32 35 0.024423199 
278 125 10 14 0.023623172 
208 134 11 15 0.0230365 
961 235 45 69 0.021478808 
890 240 49 72 0.021253422 
977 241 30 40 0.021213679 
286 132 44 62 0.021208216 
188 136 52 67 0.020771468 
951 286 30 46 0.020733217 
171 454 15 16 0.02060668 
273 145 26 37 0.020263374 
