2_Demonstration_Political_Rally_2_264
951
649 465 16 20 0.91735584 
902 402 15 19 0.8706183 
388 548 19 23 0.82133955 
1005 398 11 14 0.78831923 
581 462 14 18 0.7282134 
958 382 12 16 0.7067723 
612 470 14 17 0.65985435 
55 346 11 13 0.6336558 
335 417 15 19 0.5687915 
964 450 16 19 0.55558485 
601 514 15 18 0.5266804 
988 523 13 17 0.5108597 
93 356 12 14 0.4888364 
684 458 21 27 0.47825047 
280 347 11 12 0.4738545 
730 435 14 17 0.4632479 
446 349 10 13 0.45018762 
453 428 10 13 0.4332646 
790 366 12 15 0.41371846 
599 366 11 13 0.4122513 
382 261 13 18 0.39172542 
337 453 15 19 0.38005057 
395 426 13 16 0.33947054 
109 506 12 17 0.32623082 
679 591 17 21 0.32585394 
531 506 17 20 0.32520592 
28 458 15 18 0.31682768 
419 398 12 16 0.31464872 
155 364 13 15 0.30310962 
557 324 10 15 0.30299494 
440 500 16 21 0.30201817 
534 498 16 20 0.29859954 
805 348 11 14 0.29695666 
512 489 16 18 0.29059625 
3 283 16 19 0.2780057 
862 410 15 18 0.26490584 
192 366 10 13 0.26376536 
475 483 15 21 0.25691855 
544 334 10 11 0.24984753 
312 511 17 18 0.24154617 
1009 179 12 18 0.2377188 
455 457 13 16 0.23187904 
739 416 14 17 0.23154795 
221 544 20 27 0.22673701 
668 405 14 18 0.22284229 
796 407 14 17 0.21963984 
43 372 13 16 0.21929796 
369 428 12 15 0.21459097 
361 526 11 14 0.20274438 
810 423 16 23 0.19098632 
340 361 12 15 0.1839449 
418 390 9 13 0.18126433 
140 480 16 20 0.18009378 
737 607 17 19 0.17703518 
871 357 11 13 0.1724273 
98 413 14 18 0.1718741 
528 513 15 18 0.17062438 
1009 402 14 19 0.16884689 
620 364 10 12 0.16717605 
544 302 10 13 0.16473092 
496 328 9 11 0.15832432 
489 407 10 13 0.15785395 
327 535 13 19 0.15704876 
126 325 9 10 0.15668967 
708 503 16 20 0.15477844 
276 320 16 19 0.15048745 
620 562 20 26 0.14774187 
956 417 13 16 0.14745472 
646 304 8 11 0.14535482 
785 326 9 11 0.14324686 
513 411 12 14 0.14274687 
622 300 10 13 0.14200954 
142 451 14 18 0.14080638 
69 467 15 20 0.13961013 
111 348 10 13 0.1391769 
726 439 13 17 0.13286889 
840 419 12 16 0.12998691 
752 358 11 13 0.12898101 
416 341 11 13 0.12864865 
24 300 10 12 0.1255358 
616 420 11 14 0.12452692 
235 545 16 22 0.12269219 
463 414 10 13 0.1199535 
153 359 11 13 0.117244646 
582 295 10 13 0.11677753 
417 334 10 13 0.11394692 
162 549 16 23 0.110255465 
32 323 10 13 0.10974075 
43 365 12 13 0.109673776 
566 408 12 16 0.10931805 
177 512 22 30 0.109291404 
605 421 11 13 0.10909205 
101 499 16 22 0.10883312 
610 262 9 12 0.10827785 
809 363 11 14 0.10749579 
965 421 12 14 0.10730595 
587 597 17 21 0.10482116 
898 313 8 10 0.10372471 
645 358 9 12 0.103271276 
596 490 13 17 0.10267639 
141 419 13 17 0.10040351 
956 576 37 50 0.1001512 
311 484 11 15 0.09977376 
278 451 12 17 0.09932606 
928 371 13 16 0.09913305 
501 512 14 18 0.098423034 
245 279 15 20 0.09756542 
913 315 10 12 0.09689131 
468 380 10 13 0.096364535 
0 365 10 14 0.095114544 
283 410 14 18 0.095018625 
446 435 11 15 0.09452393 
640 352 8 11 0.09387093 
148 418 16 19 0.093342364 
814 403 12 16 0.09290069 
381 279 12 16 0.09237527 
942 350 9 12 0.09195562 
468 348 10 13 0.08946719 
397 382 10 12 0.08918348 
669 364 11 13 0.08647049 
811 536 15 17 0.0856858 
58 293 8 11 0.08539209 
246 299 15 18 0.085036695 
236 576 17 22 0.084976435 
720 341 9 12 0.08491097 
511 448 15 19 0.08427115 
764 500 13 18 0.082901224 
918 388 12 16 0.08286912 
481 359 9 11 0.082796745 
214 366 10 12 0.08243625 
754 439 17 22 0.08184317 
647 365 10 13 0.08159453 
806 356 12 14 0.08159016 
604 415 10 12 0.08018282 
165 350 10 12 0.08005217 
308 324 12 16 0.07973498 
929 359 9 11 0.07906007 
803 410 13 18 0.07751554 
393 434 16 19 0.07745053 
641 356 9 12 0.07722966 
588 490 15 19 0.07719292 
363 404 11 13 0.07628235 
411 498 13 16 0.07618613 
786 457 13 16 0.07601798 
464 374 10 12 0.07589754 
62 471 15 20 0.074616306 
272 460 10 15 0.07420296 
101 347 12 15 0.07376568 
109 382 9 14 0.07358346 
85 473 15 21 0.07341265 
496 363 11 14 0.07252412 
548 331 12 16 0.071389146 
720 335 9 12 0.06871203 
928 364 12 14 0.06838754 
39 357 11 14 0.068373784 
109 300 10 13 0.06823255 
822 348 10 11 0.067672476 
721 311 8 10 0.06718266 
641 308 10 12 0.0668999 
117 366 11 14 0.06671504 
606 373 8 10 0.06621883 
309 451 11 16 0.06597096 
911 358 10 14 0.065919176 
35 441 14 20 0.065792605 
633 327 8 11 0.06508068 
350 538 13 15 0.06486501 
504 302 10 12 0.06428106 
198 382 9 12 0.064032614 
935 320 9 11 0.06341948 
335 396 12 14 0.06338957 
696 412 12 13 0.06316099 
720 441 13 17 0.06294746 
477 302 8 10 0.061548613 
845 424 15 20 0.061359085 
303 450 11 14 0.060979318 
624 307 10 13 0.060225353 
620 416 10 12 0.059599325 
477 284 9 11 0.05937045 
763 441 17 23 0.05918865 
526 332 9 12 0.058789473 
196 371 10 12 0.058518834 
527 302 9 12 0.05831725 
910 271 8 10 0.058136947 
598 358 12 16 0.05806065 
621 296 10 11 0.058005016 
217 547 13 20 0.057378016 
865 355 11 14 0.057142902 
801 287 7 9 0.05711457 
814 359 9 12 0.056264896 
1014 352 11 16 0.056238133 
456 302 9 10 0.055671807 
156 510 17 22 0.055397604 
554 319 9 13 0.055252884 
863 343 8 11 0.05510455 
301 523 12 15 0.054978695 
896 318 9 10 0.054952245 
714 320 8 10 0.054875482 
871 426 13 17 0.054804917 
813 342 9 12 0.05469605 
73 460 16 21 0.054650422 
721 422 10 13 0.054424245 
743 342 9 11 0.05441612 
239 386 12 16 0.05384452 
728 303 8 10 0.05356598 
864 349 10 13 0.053459726 
94 198 8 10 0.053268988 
152 335 10 13 0.05312076 
702 342 9 11 0.052312396 
328 417 14 19 0.051672217 
652 156 11 13 0.05167058 
330 310 10 13 0.05153087 
272 452 12 17 0.05140867 
831 364 9 11 0.05135676 
735 342 9 11 0.051320665 
141 444 13 18 0.0512907 
206 307 9 11 0.051000606 
448 423 12 15 0.050748087 
840 309 8 11 0.05069614 
873 303 7 10 0.05053567 
34 390 13 15 0.050264966 
520 222 9 12 0.050264258 
355 535 15 17 0.04977426 
532 284 9 11 0.049369887 
878 311 8 11 0.0491303 
74 472 16 20 0.048966985 
504 297 8 10 0.04876476 
695 407 10 13 0.04831467 
65 214 9 10 0.048170537 
940 378 11 16 0.04806194 
725 395 13 18 0.048051286 
814 335 8 10 0.048018515 
813 348 9 11 0.04795149 
919 325 9 10 0.047902636 
823 286 7 9 0.047777597 
469 343 10 11 0.047643505 
17 238 8 10 0.047626834 
743 374 10 14 0.047556523 
669 400 12 15 0.047537133 
917 358 9 12 0.04720689 
831 319 7 9 0.047138773 
877 423 12 16 0.04704065 
791 361 10 12 0.0469632 
528 307 9 12 0.046950314 
664 309 8 10 0.04690734 
775 309 9 10 0.04690171 
164 355 10 14 0.0468951 
932 356 10 13 0.04683868 
89 351 10 13 0.04668544 
571 405 12 14 0.04667367 
183 397 10 12 0.046538122 
533 342 9 11 0.046506874 
271 604 13 16 0.04647358 
767 334 9 11 0.046334445 
641 288 8 11 0.04590287 
678 356 11 14 0.04589983 
155 412 14 18 0.04573971 
655 404 11 14 0.0456625 
908 425 16 20 0.04550556 
38 350 10 13 0.045260686 
715 451 38 48 0.04524398 
703 335 8 10 0.045208063 
657 295 8 10 0.045031246 
502 328 9 11 0.044986065 
714 325 9 12 0.044959705 
964 413 13 15 0.044946972 
876 358 9 12 0.044902675 
895 324 9 11 0.044738565 
718 318 9 11 0.04468946 
862 375 10 12 0.044678852 
1003 425 14 17 0.04464652 
936 350 9 12 0.044612896 
543 296 11 13 0.044426657 
576 299 11 14 0.04430271 
644 578 12 16 0.044296056 
141 438 12 15 0.04412695 
485 364 9 13 0.044121612 
923 389 14 19 0.043933623 
481 335 8 12 0.04391893 
459 447 13 16 0.043719143 
757 363 10 13 0.043716248 
761 375 9 12 0.043675404 
100 407 12 16 0.04361921 
932 375 15 19 0.043556727 
917 382 11 15 0.04353305 
35 428 13 17 0.043495513 
711 302 8 11 0.043399896 
766 324 9 11 0.04334899 
222 367 9 12 0.043329965 
39 378 12 14 0.043312516 
695 374 8 11 0.04320902 
624 247 8 10 0.04303115 
839 327 9 11 0.042905573 
761 381 10 12 0.04271434 
944 355 10 12 0.042479366 
796 415 16 21 0.04228368 
380 269 21 27 0.042204827 
236 514 15 19 0.041979376 
283 570 13 17 0.041816447 
103 294 10 13 0.0416361 
69 215 7 9 0.041605577 
832 311 8 10 0.04154114 
94 503 16 21 0.041455943 
761 324 9 11 0.041418064 
697 303 8 10 0.041410718 
886 302 8 10 0.041114673 
423 364 11 14 0.041052327 
855 319 8 9 0.040958907 
824 319 8 11 0.040713973 
855 326 9 10 0.040608175 
914 400 15 21 0.04056129 
488 272 8 10 0.040524606 
728 379 10 13 0.040498056 
697 318 8 10 0.040489346 
137 466 23 32 0.04043674 
685 379 12 15 0.040350556 
142 396 11 13 0.040330507 
697 341 9 12 0.04016659 
911 387 12 16 0.040061805 
251 290 13 18 0.039900407 
674 408 13 17 0.039790973 
862 380 11 13 0.039776023 
728 325 9 10 0.0397252 
843 414 11 15 0.039723914 
980 477 39 52 0.03958617 
798 476 13 16 0.039566975 
991 370 10 14 0.039518777 
617 294 10 12 0.039463412 
160 510 23 30 0.039331242 
583 366 10 15 0.039300293 
161 191 9 10 0.039264478 
823 324 8 11 0.038985386 
608 267 10 11 0.038958266 
293 323 11 16 0.038947634 
141 340 11 14 0.038908947 
591 336 10 12 0.038861398 
452 344 9 11 0.038835164 
544 374 11 13 0.03883401 
167 326 9 11 0.03882598 
465 344 9 11 0.038572043 
113 354 11 14 0.038503386 
7 232 8 11 0.038464904 
766 319 9 11 0.038344167 
820 403 14 18 0.038242515 
959 217 14 20 0.03783126 
823 359 9 11 0.03775855 
631 364 8 11 0.037567936 
65 208 8 9 0.03750408 
164 365 10 13 0.03744422 
816 328 8 10 0.03741542 
743 328 8 10 0.037412792 
687 317 8 10 0.037254564 
216 371 10 12 0.037241686 
277 413 16 21 0.037167035 
148 444 12 16 0.037120357 
976 317 9 12 0.0371068 
919 335 9 11 0.037044298 
121 326 9 11 0.03686151 
512 332 8 11 0.036656298 
553 239 8 9 0.036576986 
678 334 9 10 0.036546394 
785 371 11 14 0.036500987 
760 335 10 11 0.036378488 
789 416 15 19 0.03630355 
520 332 9 12 0.036270175 
734 301 8 10 0.036249347 
565 298 10 13 0.036210783 
310 518 13 17 0.03620765 
207 208 9 11 0.036193166 
766 373 10 13 0.036185216 
328 460 13 17 0.036175936 
322 512 13 17 0.036172178 
439 269 10 13 0.03616899 
364 519 11 13 0.036121063 
621 371 9 12 0.036039103 
961 474 37 49 0.035974655 
421 329 9 11 0.035935532 
863 388 11 15 0.035903424 
247 271 10 14 0.035776295 
727 319 9 10 0.035761733 
617 286 8 11 0.03572744 
520 485 20 26 0.03568561 
666 349 9 12 0.035650816 
391 389 10 12 0.035633594 
768 302 8 11 0.035628334 
732 349 11 13 0.035596374 
516 417 12 15 0.03554863 
840 304 9 10 0.035457227 
328 396 10 13 0.035434827 
734 319 8 10 0.035396587 
697 311 8 10 0.035380334 
752 351 9 12 0.03531384 
173 518 16 22 0.035300873 
792 340 10 12 0.03515573 
7 237 9 11 0.03508226 
855 381 10 12 0.035044402 
592 365 11 14 0.034930777 
725 311 9 10 0.034690287 
172 529 14 20 0.03468138 
840 350 9 10 0.03466473 
461 296 8 11 0.0346114 
40 190 7 9 0.03460836 
712 332 9 11 0.0345682 
173 326 9 11 0.03456803 
79 398 10 13 0.034490287 
608 381 10 13 0.034410667 
744 365 10 14 0.034329593 
542 210 11 14 0.034263026 
743 335 9 10 0.03414888 
665 280 9 10 0.034140363 
494 310 10 12 0.03412377 
775 303 9 11 0.034114845 
903 326 9 11 0.034040526 
880 237 11 13 0.03394811 
904 335 9 11 0.033900306 
374 274 16 22 0.033816673 
960 445 14 18 0.033769708 
773 342 10 12 0.03364662 
714 482 27 33 0.033586033 
735 296 8 11 0.033574354 
533 364 11 15 0.033551723 
790 334 10 12 0.033547428 
980 390 12 15 0.033409964 
529 342 9 11 0.03337674 
124 387 11 14 0.03329566 
160 351 11 13 0.033262085 
639 374 11 14 0.033224273 
906 271 7 9 0.03320845 
441 356 10 12 0.03319328 
1011 436 13 19 0.033150565 
509 428 11 13 0.033109087 
839 319 8 9 0.03310063 
862 365 10 12 0.03309586 
862 395 14 17 0.033079464 
629 307 9 12 0.033047672 
329 455 20 26 0.03302966 
644 503 14 18 0.033019822 
769 444 20 27 0.032942604 
631 357 9 12 0.0329292 
440 436 12 16 0.032911945 
623 278 8 10 0.032885358 
416 385 10 12 0.032849662 
926 377 13 18 0.03284619 
798 420 22 29 0.032793127 
816 303 7 10 0.03273273 
874 310 8 10 0.032700993 
61 482 15 20 0.03263018 
473 280 9 11 0.032572348 
222 372 9 13 0.032534514 
378 252 22 29 0.03249677 
468 365 10 12 0.032476366 
672 343 9 11 0.032470096 
641 466 13 19 0.03240713 
863 294 8 10 0.03239755 
737 434 14 18 0.0323506 
867 417 14 18 0.03231549 
759 342 11 12 0.032286506 
542 318 10 13 0.032268766 
597 349 11 13 0.032262955 
648 254 8 10 0.03224982 
491 575 13 16 0.032233052 
856 366 8 11 0.03213994 
550 308 9 12 0.03212021 
852 419 14 18 0.032112595 
701 310 8 10 0.03205533 
802 308 8 11 0.03193979 
689 263 8 9 0.031922616 
710 349 10 12 0.031916752 
27 314 19 24 0.03191155 
520 318 8 11 0.031911153 
25 317 11 15 0.03189974 
766 491 21 29 0.0318925 
758 349 11 15 0.031861875 
488 311 9 13 0.03184562 
4 310 11 15 0.03183983 
340 406 11 14 0.03172498 
703 383 10 14 0.0316587 
1000 420 13 17 0.031524073 
415 436 10 13 0.031518377 
420 346 10 13 0.031508934 
167 343 9 13 0.031482134 
466 388 9 12 0.031435307 
511 419 12 14 0.031417903 
734 326 8 10 0.031407353 
77 444 13 17 0.031402484 
950 414 15 18 0.031345516 
400 301 9 12 0.031295605 
5 297 12 15 0.03121902 
109 395 10 14 0.031208817 
704 357 9 12 0.031047132 
445 441 11 16 0.031006532 
948 366 12 15 0.030991731 
373 321 15 18 0.030968187 
993 292 10 13 0.03094644 
916 310 10 13 0.030939989 
279 406 14 18 0.030933965 
679 348 11 14 0.030751307 
873 318 7 9 0.030736022 
702 304 8 10 0.03072755 
729 355 10 13 0.030694954 
791 320 9 11 0.03067259 
645 287 8 10 0.030622689 
90 197 8 10 0.030618006 
101 286 9 11 0.030617453 
529 280 9 12 0.030551367 
748 396 12 16 0.030541642 
327 391 10 12 0.0304623 
527 327 9 13 0.030431459 
561 295 9 12 0.030426184 
605 407 10 13 0.030405253 
167 531 24 34 0.030364404 
889 326 8 10 0.030315582 
90 479 14 21 0.030311763 
790 278 8 10 0.030264648 
212 330 10 14 0.03021502 
527 296 10 11 0.030205647 
663 303 8 11 0.030189935 
486 335 8 11 0.030151255 
905 255 8 10 0.030130727 
558 310 10 13 0.030108664 
667 370 12 16 0.030084902 
91 468 16 21 0.030084386 
895 352 10 13 0.030077266 
175 356 9 13 0.03006116 
479 388 10 12 0.029989101 
958 206 13 17 0.029964546 
206 212 10 13 0.029947218 
173 349 10 13 0.02990915 
1005 433 15 19 0.029858049 
350 406 11 14 0.029835308 
943 269 8 10 0.02982709 
78 322 12 15 0.02981718 
27 388 21 26 0.029735668 
630 278 8 10 0.029718967 
966 406 11 13 0.029584885 
778 448 21 26 0.029496508 
725 343 9 11 0.029474692 
805 310 8 10 0.029439455 
144 486 16 19 0.029422257 
726 430 14 17 0.029410115 
752 302 9 10 0.029343385 
646 315 10 12 0.029336337 
222 380 10 13 0.029335734 
839 333 9 12 0.029316107 
640 364 10 13 0.029287335 
568 400 10 13 0.029235346 
591 372 9 13 0.02920976 
587 473 14 17 0.029206293 
493 399 9 13 0.029103022 
89 183 9 10 0.029072538 
464 367 9 11 0.029047288 
617 279 8 11 0.028944226 
326 329 14 17 0.028909368 
349 413 12 15 0.028903278 
51 341 19 24 0.028866492 
656 303 8 10 0.02883346 
165 483 15 19 0.028821047 
332 490 14 18 0.028819453 
779 396 13 16 0.028785225 
213 544 42 49 0.028757732 
718 450 13 16 0.028613392 
895 294 9 11 0.028611345 
743 396 11 15 0.028515149 
703 349 10 12 0.02848856 
698 420 14 17 0.028444622 
97 287 9 11 0.028392123 
527 318 9 11 0.028384702 
774 318 9 11 0.028242337 
85 397 11 14 0.028225068 
877 364 10 12 0.028167184 
613 416 19 24 0.02812808 
312 207 10 12 0.028104052 
501 358 10 14 0.02804502 
487 351 9 11 0.028037332 
191 397 10 13 0.028029311 
950 373 11 14 0.027996425 
743 311 8 10 0.027972355 
94 374 10 12 0.027961435 
817 318 8 10 0.027932433 
976 333 11 14 0.027684031 
582 289 9 11 0.027680913 
358 429 10 14 0.027586844 
811 410 15 20 0.027569229 
404 299 10 13 0.027549477 
703 500 15 19 0.027522156 
918 372 11 14 0.027504625 
486 341 7 10 0.027499817 
998 367 10 12 0.02749298 
695 262 9 10 0.027452085 
356 412 12 15 0.027406143 
104 381 11 14 0.02736443 
321 389 10 13 0.027254751 
512 240 7 8 0.027224274 
772 458 13 17 0.027183907 
938 302 9 10 0.027096082 
664 378 13 17 0.027084114 
295 450 11 13 0.027074879 
303 514 13 18 0.027058706 
197 396 11 14 0.027052386 
681 296 9 9 0.027051877 
702 394 11 14 0.026990158 
748 380 10 13 0.026923975 
520 301 9 12 0.026920917 
292 317 11 14 0.026807806 
678 342 10 12 0.026694782 
993 303 9 12 0.02665622 
106 498 20 26 0.026647732 
598 284 10 12 0.026601354 
488 400 9 12 0.02658584 
328 562 12 15 0.026585758 
120 196 8 10 0.026573539 
224 533 24 30 0.026548363 
410 348 9 12 0.026514005 
720 304 8 10 0.026506618 
633 256 8 9 0.026488736 
630 285 9 12 0.026480809 
94 387 10 14 0.026465798 
980 316 11 13 0.026446408 
494 419 10 13 0.026432527 
331 315 11 14 0.026401278 
440 366 9 11 0.026392417 
918 351 10 12 0.02638053 
420 436 10 13 0.026355159 
412 405 15 20 0.026305696 
101 318 12 15 0.02629053 
800 318 8 11 0.026284872 
703 373 9 12 0.026283916 
274 309 17 19 0.02626975 
645 483 14 16 0.026268713 
1000 317 9 11 0.026249522 
1000 391 11 16 0.026216391 
275 338 20 24 0.026209895 
135 396 10 13 0.026199855 
347 459 10 14 0.02619969 
558 238 7 10 0.026147535 
639 255 8 9 0.026110616 
772 334 10 11 0.026014287 
183 421 13 16 0.026007997 
901 317 8 11 0.026007544 
988 507 23 32 0.025935948 
456 326 10 14 0.025877375 
904 341 9 10 0.025852483 
918 286 9 11 0.025846649 
430 360 9 10 0.025844907 
773 372 10 13 0.02583159 
670 284 8 11 0.025766622 
879 316 8 10 0.025762115 
623 254 7 10 0.025750233 
633 351 8 11 0.025696626 
31 349 12 15 0.02568389 
808 327 8 10 0.025673807 
615 269 8 10 0.025623439 
880 302 8 11 0.025611894 
711 343 9 12 0.025606412 
271 412 14 19 0.025597021 
149 397 11 13 0.025573758 
481 412 10 14 0.025542228 
110 372 11 14 0.025483023 
656 309 8 11 0.025452565 
845 402 12 16 0.025448322 
355 420 12 14 0.025443135 
614 256 9 11 0.025368845 
150 406 13 16 0.02524158 
886 342 8 10 0.025232982 
121 192 8 10 0.025224328 
408 318 10 12 0.025193349 
54 520 14 17 0.02518576 
560 420 12 16 0.02518467 
879 374 10 12 0.025175443 
1000 485 25 35 0.02516631 
957 207 26 31 0.0251663 
136 444 12 17 0.025149437 
284 446 12 16 0.025147786 
766 341 10 12 0.025127541 
609 256 9 11 0.025117323 
1012 417 12 16 0.025107304 
375 530 12 16 0.025068723 
927 323 8 10 0.025043176 
349 475 10 14 0.025012014 
760 311 8 9 0.025008215 
136 436 11 15 0.024997206 
102 373 10 14 0.024996765 
174 460 12 16 0.024964973 
8 443 11 15 0.024963971 
487 401 17 23 0.02495343 
664 327 7 9 0.024950854 
392 301 10 14 0.02489 
509 317 10 12 0.024883222 
846 396 12 16 0.024861049 
240 524 23 29 0.024848517 
512 244 98 129 0.024812408 
210 553 23 30 0.02479336 
766 366 10 14 0.024723973 
384 234 97 125 0.024688654 
456 367 8 10 0.024669811 
40 240 9 11 0.024648543 
661 295 10 11 0.024601707 
761 319 9 11 0.02457599 
224 335 9 12 0.024550686 
767 427 13 16 0.02455026 
169 545 17 25 0.024516737 
524 429 13 16 0.024504 
536 246 7 9 0.024503488 
767 295 8 10 0.02447358 
801 303 8 11 0.024404101 
265 463 10 14 0.024343789 
480 328 8 10 0.02433885 
789 425 14 19 0.024302257 
174 365 9 12 0.024287429 
794 369 12 16 0.02428099 
21 239 7 10 0.024253605 
969 252 11 14 0.024244927 
44 418 14 17 0.024233554 
596 361 19 23 0.024221266 
165 520 13 18 0.024219858 
341 340 10 12 0.024176914 
686 303 8 10 0.024160955 
37 332 9 13 0.024143592 
286 426 13 16 0.024128761 
911 352 9 12 0.024125803 
342 537 12 16 0.024058511 
448 457 13 19 0.024036646 
685 355 10 14 0.02396187 
331 544 13 18 0.023960251 
856 295 7 9 0.023949666 
507 306 11 14 0.023902578 
685 295 8 9 0.02387358 
958 415 20 24 0.02386402 
537 207 10 12 0.02385319 
764 354 11 15 0.02383908 
848 296 7 9 0.023829814 
479 351 10 12 0.023819491 
16 183 8 10 0.023816809 
405 436 11 16 0.023790725 
110 207 8 9 0.02376832 
1000 381 9 13 0.023761861 
36 412 13 15 0.023759117 
847 319 8 10 0.023758177 
125 330 12 14 0.023737052 
901 424 14 18 0.023733215 
991 218 12 14 0.023732986 
418 397 21 26 0.02372438 
56 215 7 10 0.023714695 
89 189 9 11 0.023714224 
750 342 8 12 0.023689969 
372 442 12 15 0.02368799 
493 351 10 11 0.023666931 
925 339 10 14 0.02364579 
738 424 15 20 0.023640862 
390 395 10 14 0.023610307 
598 323 9 11 0.02355725 
563 485 12 17 0.02354351 
119 382 12 16 0.023532866 
846 303 8 10 0.023516696 
759 303 8 10 0.023511985 
482 517 14 16 0.023504604 
68 441 16 20 0.023461848 
157 333 10 12 0.023461418 
984 366 10 13 0.023438733 
614 431 14 18 0.023429036 
88 389 10 11 0.023428742 
173 344 10 12 0.023413349 
341 350 11 14 0.02341235 
257 156 8 10 0.023393271 
990 483 11 14 0.0233408 
958 318 8 11 0.02332337 
749 437 15 20 0.023322014 
736 335 8 10 0.023309188 
238 374 11 14 0.02330548 
713 497 23 30 0.023298725 
801 270 8 10 0.02328786 
517 436 13 16 0.02328369 
299 532 12 16 0.023272207 
70 358 11 14 0.023247942 
656 326 8 10 0.023235003 
79 222 8 10 0.023228528 
784 321 9 11 0.023223173 
495 232 8 10 0.023212329 
969 444 15 21 0.023200735 
743 284 9 11 0.023187084 
655 319 8 11 0.023174126 
118 332 11 13 0.023172313 
749 373 10 14 0.023170758 
255 324 10 13 0.023147205 
469 356 11 13 0.023132168 
286 143 10 13 0.023113586 
99 422 15 19 0.023090955 
164 370 11 15 0.023065556 
861 333 9 11 0.023042703 
832 295 7 10 0.02303927 
207 200 8 11 0.023031726 
592 248 9 9 0.023027703 
696 334 9 11 0.02302142 
747 419 12 15 0.023015874 
336 356 18 24 0.023009872 
598 254 8 11 0.023007497 
700 327 10 11 0.022988228 
862 312 7 10 0.022983756 
488 276 9 11 0.022968551 
688 405 9 13 0.022924688 
789 434 14 18 0.022907296 
718 444 25 30 0.02275941 
688 272 9 10 0.022738166 
135 415 12 16 0.022712974 
84 486 15 20 0.022711497 
632 331 10 14 0.022668226 
391 499 12 14 0.022663357 
37 341 10 13 0.022645975 
215 294 10 12 0.022616154 
190 360 17 23 0.02259603 
493 272 9 11 0.022584137 
710 372 10 12 0.022552067 
340 333 12 14 0.02255047 
911 303 9 10 0.022550343 
806 318 8 10 0.022469712 
366 343 9 11 0.022450324 
494 295 9 11 0.02234035 
776 325 8 11 0.022340154 
799 357 10 11 0.022330169 
784 287 8 10 0.02232014 
241 335 9 11 0.022319885 
672 334 8 10 0.02231675 
871 326 9 11 0.022315769 
725 334 9 11 0.022265628 
319 522 21 29 0.022259573 
1014 324 9 13 0.022251364 
644 353 9 11 0.022211159 
799 342 10 13 0.022183502 
216 380 10 13 0.022149103 
150 534 39 51 0.022138381 
930 277 8 10 0.022134768 
719 427 13 16 0.022131918 
592 346 12 15 0.02212418 
120 184 7 9 0.022109063 
100 509 17 22 0.02209623 
115 350 10 12 0.022081262 
832 325 8 10 0.022043107 
622 262 8 11 0.02204026 
879 381 11 14 0.022028392 
413 358 10 12 0.022009602 
385 344 9 11 0.021989508 
845 429 20 26 0.021973385 
776 271 7 10 0.02196873 
750 327 9 10 0.021901036 
165 470 22 27 0.021897735 
624 326 8 11 0.021868117 
974 380 11 14 0.021864394 
2 370 14 20 0.021855673 
143 348 9 12 0.021853752 
357 435 11 16 0.021828312 
666 358 9 12 0.021826306 
180 459 13 17 0.021768577 
592 340 11 14 0.021762444 
479 309 9 13 0.021733705 
846 380 10 13 0.02172954 
23 463 15 19 0.02170439 
607 335 9 11 0.021699458 
824 364 9 12 0.021694748 
109 181 8 11 0.021687787 
56 299 9 13 0.021670358 
549 378 11 14 0.02164103 
479 294 9 11 0.02160094 
452 444 20 26 0.021537762 
45 316 13 16 0.021524461 
29 310 12 15 0.021521308 
202 302 9 13 0.021490507 
777 398 20 25 0.021439262 
543 198 9 11 0.021416357 
36 373 21 25 0.021371143 
1006 319 9 12 0.021367347 
313 318 20 26 0.021313133 
87 373 11 14 0.021281999 
697 349 9 13 0.02127946 
89 363 10 13 0.021236863 
536 333 10 13 0.021233166 
664 318 8 11 0.021204248 
918 364 10 13 0.021201164 
487 293 8 12 0.021189095 
1012 487 12 16 0.02117978 
134 424 14 18 0.021167021 
48 303 9 11 0.021154553 
359 531 20 26 0.021148136 
305 447 19 27 0.02114616 
445 514 13 16 0.021138981 
464 356 10 12 0.021118341 
704 366 9 11 0.0210952 
594 459 14 19 0.021088216 
283 310 14 17 0.021084616 
886 310 9 11 0.021059357 
870 343 9 11 0.02104536 
64 363 11 13 0.021037841 
508 436 22 27 0.02097752 
481 254 8 10 0.020953488 
320 396 11 13 0.020875162 
70 208 7 8 0.020855695 
519 427 12 16 0.02082923 
444 429 19 24 0.02081825 
554 319 17 24 0.020818112 
251 305 12 15 0.02077824 
348 484 12 15 0.020745696 
909 335 9 11 0.020741515 
104 190 8 10 0.02073347 
454 518 10 13 0.020713251 
270 374 10 12 0.020710744 
911 326 9 11 0.020707631 
402 279 14 18 0.020676227 
550 356 11 15 0.020675994 
30 383 12 15 0.020659482 
531 484 15 19 0.020630319 
687 333 8 10 0.020628313 
880 342 9 10 0.020614121 
457 465 16 18 0.02058398 
631 342 10 12 0.020577187 
290 404 12 16 0.020557031 
93 397 11 15 0.02053754 
770 435 14 19 0.020519353 
465 395 10 14 0.020490833 
1006 490 14 18 0.020483784 
292 434 12 15 0.02046822 
159 327 9 11 0.020458298 
920 339 10 13 0.02045827 
673 270 8 9 0.020445468 
837 366 9 10 0.02044091 
998 309 9 10 0.020421311 
45 397 12 13 0.020407131 
970 259 10 13 0.020383088 
806 303 8 10 0.020362712 
233 380 21 26 0.020358644 
553 246 8 10 0.020347709 
702 262 8 10 0.02032938 
415 388 18 23 0.020311877 
616 307 10 14 0.020296112 
830 349 9 11 0.02028621 
305 237 96 123 0.020270575 
197 387 11 14 0.020260254 
847 359 9 11 0.02023289 
863 318 7 9 0.020218167 
249 520 25 30 0.020214343 
990 477 10 14 0.020210067 
681 302 8 10 0.020177314 
503 349 10 12 0.02017203 
220 558 15 19 0.020159952 
592 358 11 13 0.020106323 
954 317 8 10 0.020098502 
270 358 10 12 0.020092003 
183 435 12 15 0.020086752 
61 289 9 11 0.020075548 
679 328 8 10 0.02006951 
482 207 8 10 0.02006756 
672 263 8 9 0.02005625 
138 432 20 27 0.020014985 
998 432 15 19 0.020010978 
