2_Demonstration_Political_Rally_2_746
303
586 91 66 82 0.9995652 
586 370 62 72 0.99946016 
850 2258 59 75 0.9991968 
168 2368 89 109 0.99919266 
509 355 66 82 0.99715036 
357 2323 86 103 0.9954242 
594 2299 27 34 0.9905297 
779 1344 68 102 0.9892139 
56 2336 42 54 0.9879931 
753 2325 31 35 0.98531276 
965 123 41 54 0.9803254 
201 2254 40 51 0.9790708 
281 208 15 21 0.9159785 
130 2305 40 45 0.9028954 
268 197 12 14 0.8653019 
332 192 18 21 0.8548379 
723 1373 30 46 0.71298385 
252 195 13 16 0.68938106 
646 2286 26 35 0.66675985 
862 142 12 15 0.61426485 
403 1338 12 18 0.60031205 
305 2293 45 58 0.5930037 
834 189 11 15 0.54625136 
482 1314 15 20 0.52202225 
115 1284 20 28 0.44002804 
444 1317 8 11 0.31423038 
72 186 20 27 0.2554565 
350 214 15 19 0.25265256 
262 197 11 15 0.24813391 
490 1345 13 17 0.24426547 
787 226 18 23 0.23270941 
284 1329 25 44 0.23123023 
460 1365 14 17 0.20964798 
481 2297 28 40 0.20771185 
660 1356 12 19 0.2003537 
175 2251 23 29 0.17127313 
834 214 11 16 0.15994053 
49 203 17 25 0.13814604 
145 1316 11 15 0.13385604 
403 1365 18 24 0.13299352 
341 2260 14 18 0.13170552 
310 2284 29 33 0.12889773 
340 2264 22 28 0.124691166 
111 1289 15 19 0.123384364 
749 212 14 17 0.11949421 
464 1332 8 11 0.11626267 
701 1351 8 11 0.11611591 
530 2313 14 19 0.11311881 
292 211 12 18 0.10238394 
676 1406 20 25 0.102285855 
175 1330 13 18 0.10006018 
700 1357 9 13 0.09614105 
218 1246 25 33 0.09581357 
622 2311 21 32 0.09520784 
-1 303 39 64 0.08911019 
175 1280 9 11 0.088902704 
271 1298 12 15 0.08717887 
648 1349 21 30 0.08675271 
468 1359 12 15 0.08522922 
263 1303 10 13 0.082833916 
301 2276 22 30 0.079812996 
477 1342 11 14 0.07960794 
99 2349 30 36 0.07951453 
642 1320 13 19 0.07949325 
880 245 13 18 0.07918277 
658 2287 26 37 0.0791115 
518 1342 11 14 0.0790431 
653 2285 15 23 0.07894431 
157 1324 14 17 0.07784233 
614 2299 23 33 0.07638355 
720 1352 9 11 0.075622745 
329 196 25 30 0.07504354 
260 2367 48 75 0.07082405 
190 1294 8 10 0.06934976 
227 1256 13 18 0.06902629 
250 1268 18 22 0.06771094 
452 1392 26 30 0.06704421 
535 974 25 31 0.06668107 
724 1369 15 24 0.06647835 
212 205 10 13 0.06623943 
298 212 14 18 0.06563501 
630 1338 38 55 0.06296225 
223 203 10 13 0.06283001 
844 167 16 23 0.062193718 
183 637 218 257 0.06216498 
82 188 16 24 0.06214994 
321 224 15 20 0.06183936 
371 1324 39 56 0.06106576 
158 1306 10 12 0.059589703 
271 228 12 16 0.05944467 
882 116 16 21 0.057869606 
698 403 32 38 0.05720279 
718 1369 15 20 0.055622067 
408 1337 15 19 0.055586766 
298 2194 14 19 0.055421125 
520 1335 9 12 0.05501778 
399 1332 13 22 0.05440048 
277 1293 14 18 0.05357143 
54 192 24 30 0.0535352 
470 1326 8 11 0.05115807 
437 2303 28 35 0.050451744 
421 1339 13 17 0.05020704 
409 1320 9 12 0.04993572 
388 1337 14 21 0.048206627 
173 2280 23 33 0.04808157 
149 1321 13 17 0.04789083 
101 1276 37 52 0.047299664 
829 191 18 22 0.04665672 
704 1345 7 10 0.046099074 
176 2246 10 14 0.04592449 
103 1289 15 19 0.045794543 
556 361 66 86 0.045612674 
283 1290 15 19 0.044455994 
122 1295 14 20 0.04443166 
686 1367 12 15 0.044126086 
414 1320 9 11 0.044105284 
429 1340 10 14 0.044097424 
207 207 12 14 0.04398288 
645 1327 13 19 0.04369753 
467 1369 13 16 0.043086536 
207 1301 9 13 0.042900443 
331 2268 26 34 0.04289263 
246 192 14 16 0.042785436 
142 528 46 58 0.04270391 
387 1329 26 36 0.04257163 
681 1343 8 10 0.042518076 
221 2250 28 41 0.04227491 
93 1230 27 46 0.0413594 
329 2286 28 41 0.041192364 
601 1298 15 17 0.040058415 
916 2259 41 59 0.040043745 
274 197 12 16 0.039462678 
680 1373 11 14 0.038619127 
241 195 11 15 0.038247097 
755 214 13 20 0.037299145 
420 1332 11 16 0.036941946 
168 1279 8 10 0.036940888 
414 1324 11 13 0.036891323 
355 212 20 26 0.036865346 
133 2372 50 69 0.036628895 
712 1357 10 13 0.03609479 
254 1295 11 12 0.036083777 
514 954 19 24 0.03591111 
107 1258 25 30 0.03484192 
387 1274 12 15 0.03482198 
175 1251 12 15 0.034645233 
601 2312 20 27 0.034621343 
233 2249 26 35 0.034590412 
549 2284 14 17 0.034495976 
693 1361 12 16 0.034217905 
486 2293 42 52 0.034132168 
627 2307 14 21 0.034014314 
288 165 11 14 0.03389723 
340 207 24 29 0.03332084 
521 1327 10 13 0.033093933 
182 1285 8 11 0.033080243 
711 1351 9 11 0.03301016 
116 512 349 407 0.032557644 
861 119 10 13 0.032392476 
258 2311 46 56 0.032390747 
200 1293 9 12 0.032234523 
503 1327 9 10 0.03189547 
181 1311 8 11 0.031761166 
725 1350 8 11 0.031719547 
412 1331 14 19 0.031575345 
154 1300 11 15 0.031493213 
159 1296 9 11 0.031401843 
468 1388 16 20 0.03140171 
400 1325 10 17 0.03135987 
117 1242 11 15 0.03121588 
458 1360 11 14 0.03104033 
125 477 52 60 0.030838944 
160 1285 9 11 0.030835958 
685 1343 8 10 0.030695999 
420 1326 9 12 0.03063376 
201 2350 83 113 0.030306252 
116 1261 12 15 0.030192582 
422 965 25 30 0.030155681 
816 190 8 12 0.030015852 
34 423 55 76 0.029987993 
522 1450 33 37 0.029848546 
320 1271 12 16 0.029824685 
478 2301 12 18 0.029561456 
272 209 14 19 0.029532988 
297 2301 29 45 0.029513082 
176 2261 28 38 0.02939712 
514 2302 29 37 0.029390903 
678 1378 11 15 0.029309675 
134 2314 50 60 0.02919613 
292 1323 33 53 0.028948551 
365 2263 16 22 0.028668951 
202 1300 10 13 0.028460575 
217 1354 19 18 0.02833737 
461 1288 8 10 0.028240582 
199 1329 13 18 0.028028479 
997 101 21 32 0.027997002 
690 1342 79 104 0.027870994 
845 213 12 15 0.027629985 
427 1346 11 15 0.027618116 
307 236 11 15 0.027592644 
829 208 18 26 0.027509093 
640 1322 22 32 0.027432602 
686 1348 10 12 0.027150203 
292 2269 23 31 0.026919287 
252 2053 11 16 0.026596898 
353 1335 34 44 0.0264708 
252 1319 14 18 0.026304804 
91 220 13 16 0.026223375 
248 263 20 33 0.026072731 
387 1260 11 15 0.026050653 
479 1302 10 12 0.025733933 
208 200 10 12 0.025598127 
454 1369 25 28 0.02558979 
119 1237 11 14 0.025450602 
183 1294 10 12 0.025419666 
594 2339 40 62 0.025415003 
741 242 16 23 0.025356429 
835 199 13 19 0.025329828 
503 1333 10 12 0.02518268 
673 2295 17 22 0.024972167 
472 1391 19 22 0.02493448 
149 2370 64 84 0.024865687 
500 2282 11 13 0.024785422 
238 216 14 19 0.024779355 
629 1322 15 19 0.024778796 
458 1292 8 11 0.024708604 
290 2057 9 11 0.02448006 
109 1259 13 18 0.024470251 
690 1058 16 18 0.024140252 
387 1347 28 40 0.02392318 
610 2366 30 49 0.023920951 
475 1364 13 15 0.023906955 
469 1334 9 11 0.023721773 
365 1247 10 14 0.023658143 
894 2261 47 64 0.023559656 
185 1340 16 19 0.023419717 
669 410 36 38 0.023409521 
821 172 13 15 0.02329765 
487 1351 13 17 0.023272997 
778 1339 11 15 0.023256987 
164 1328 15 19 0.023223985 
326 207 24 31 0.023211284 
674 2284 26 31 0.023010544 
363 1252 13 18 0.02300135 
331 1153 13 18 0.022991005 
174 1334 21 25 0.022932 
709 1402 12 17 0.022912614 
239 2377 51 72 0.022872292 
473 1295 9 10 0.022863371 
438 1396 12 17 0.022808326 
425 111 10 13 0.022768904 
175 1259 9 12 0.02273109 
679 1336 8 10 0.022665123 
835 181 13 19 0.022627462 
486 1333 12 15 0.022608204 
191 1289 9 11 0.022441262 
682 1398 22 31 0.02244071 
294 221 21 27 0.022396727 
261 1295 10 13 0.022395454 
102 2356 17 23 0.022308165 
484 1304 10 13 0.022248657 
139 1509 196 284 0.022176255 
244 2244 13 17 0.022158714 
294 233 13 17 0.022076102 
453 1412 26 33 0.021853657 
184 647 35 44 0.021836318 
176 1299 10 13 0.02174594 
156 1317 14 17 0.021661699 
204 598 108 102 0.021329992 
45 196 15 22 0.02131455 
237 2283 25 34 0.021305978 
714 1352 21 27 0.021142334 
476 1340 20 25 0.021088123 
879 158 10 13 0.021065608 
608 339 54 61 0.021011746 
151 1279 10 12 0.020826576 
86 1025 16 21 0.020815305 
65 2057 28 34 0.020766784 
496 2283 10 13 0.020716358 
333 184 15 19 0.020704972 
501 1340 10 14 0.020701906 
477 1357 11 14 0.020701027 
186 2251 17 23 0.020671448 
292 2282 72 95 0.020642659 
930 1331 11 16 0.020639937 
256 1235 13 17 0.02063238 
253 2005 17 21 0.020523675 
445 1322 10 14 0.020472534 
267 2061 12 16 0.020462388 
206 1281 8 11 0.020433433 
188 1299 10 12 0.020419132 
201 1280 9 12 0.020406967 
472 1345 12 15 0.020362968 
538 2315 14 17 0.020225039 
949 147 39 40 0.020224966 
286 2304 25 43 0.020130066 
479 1336 10 13 0.020090047 
655 2279 10 14 0.020076938 
117 1253 11 14 0.020062646 
267 1301 15 20 0.020035448 
462 1356 20 24 0.02002888 
40 196 12 15 0.020006971 
337 2166 8 11 0.020004535 
