2_Demonstration_Protesters_2_352
66
136 409 37 52 0.99701715 
129 460 36 58 0.99575484 
588 189 43 55 0.98307633 
676 531 47 77 0.96042067 
67 226 12 16 0.6699173 
420 473 41 71 0.5951147 
817 488 32 48 0.5054627 
674 235 13 17 0.4337331 
927 506 37 49 0.32124683 
178 432 15 19 0.30655298 
461 614 40 65 0.30227596 
613 624 52 66 0.25754586 
826 509 27 41 0.24885483 
-1 516 27 59 0.22474638 
949 504 40 55 0.19082348 
708 534 50 70 0.17670609 
609 638 32 50 0.16573732 
665 512 47 75 0.16529733 
170 426 25 31 0.14068657 
358 601 57 68 0.112702005 
932 206 11 13 0.101256795 
928 210 11 12 0.09039561 
69 476 25 50 0.08397485 
721 136 16 21 0.06796762 
474 602 26 54 0.053906985 
150 222 11 14 0.051922474 
8 505 43 67 0.050727967 
621 603 64 69 0.050659414 
578 629 54 57 0.0488516 
152 422 33 40 0.04394331 
543 278 23 34 0.0410509 
920 209 11 14 0.039070327 
462 164 14 16 0.037802655 
258 152 17 21 0.034052603 
394 479 54 71 0.032532983 
77 468 30 45 0.030969588 
56 489 30 52 0.03057258 
666 507 29 42 0.027154366 
355 485 57 72 0.026790591 
203 446 14 16 0.026734037 
91 438 29 35 0.02595246 
674 378 14 18 0.025617974 
384 592 55 69 0.025531145 
665 376 17 20 0.024970978 
283 105 13 15 0.024874657 
813 473 31 45 0.024702251 
272 368 8 10 0.023505852 
695 166 11 13 0.022940394 
391 220 12 15 0.022741254 
366 137 13 16 0.022632085 
918 205 23 26 0.022542473 
331 463 62 73 0.022448847 
819 481 17 24 0.022438772 
443 149 42 54 0.02226388 
659 613 62 57 0.022146402 
455 150 24 31 0.021851575 
950 -5 75 138 0.021820175 
434 462 27 54 0.021488188 
312 484 47 72 0.021310437 
326 258 10 12 0.021149255 
392 621 30 42 0.021038227 
227 492 38 53 0.021035774 
546 637 37 35 0.020997997 
146 223 10 12 0.020899393 
114 434 29 29 0.02085407 
419 146 44 55 0.02012402 
