2_Demonstration_Political_Rally_2_456
221
397 310 29 36 0.99703324 
149 360 27 35 0.99432325 
83 373 24 35 0.7686238 
813 215 17 21 0.654279 
642 307 15 20 0.63878584 
488 332 18 21 0.5644826 
708 251 13 17 0.3788985 
599 251 13 16 0.37803936 
356 209 13 19 0.37604514 
500 256 16 22 0.27773166 
630 215 8 11 0.2640414 
595 257 14 16 0.22714792 
618 283 11 15 0.20966664 
515 217 23 27 0.20425841 
199 245 13 17 0.20218393 
624 252 10 12 0.19882491 
662 217 12 15 0.17558186 
487 239 21 31 0.16086495 
636 230 10 12 0.15984386 
631 220 9 11 0.14973378 
468 240 13 17 0.14238632 
629 260 10 14 0.14235553 
558 245 10 15 0.13772699 
771 228 12 16 0.13547888 
662 258 15 22 0.13477491 
932 214 13 17 0.12639248 
629 253 10 13 0.1261697 
632 305 22 27 0.123809844 
709 228 14 17 0.11834843 
712 274 12 15 0.11263072 
659 238 11 13 0.111670785 
857 231 11 14 0.10389863 
695 243 10 13 0.10192103 
663 208 10 12 0.10187504 
467 270 20 24 0.09533177 
572 249 16 21 0.09186417 
525 249 13 17 0.08935937 
669 220 12 15 0.08774476 
663 287 12 14 0.08654061 
685 243 10 12 0.0821395 
702 247 13 16 0.08161903 
61 378 26 32 0.081113264 
713 249 14 18 0.08032356 
350 204 14 21 0.07691885 
765 215 18 20 0.076591395 
510 225 23 29 0.07633745 
426 247 18 24 0.07472648 
807 215 15 20 0.074126124 
950 227 14 18 0.072958305 
993 207 15 19 0.07216209 
563 246 19 26 0.065870196 
94 386 24 34 0.06481961 
630 248 10 12 0.06374137 
502 234 23 30 0.062895 
552 252 12 18 0.058156874 
292 245 13 18 0.05759689 
783 236 10 14 0.05651141 
566 238 10 13 0.05591243 
925 211 23 27 0.055599976 
679 244 13 15 0.055546038 
637 236 11 14 0.05480845 
669 253 12 17 0.05428082 
692 268 11 15 0.05337841 
978 269 13 17 0.053341754 
476 239 21 27 0.053298045 
654 265 15 18 0.0507979 
531 240 16 21 0.050304655 
702 235 13 15 0.05016015 
710 222 14 16 0.049003914 
668 213 12 14 0.048473693 
597 265 14 16 0.048249897 
800 217 11 16 0.04698965 
636 223 9 11 0.046785664 
461 240 15 19 0.046749387 
520 228 23 27 0.04662301 
939 214 12 17 0.046120003 
647 268 11 14 0.045944363 
622 300 10 13 0.04581424 
616 216 8 10 0.045542985 
825 192 10 12 0.044795755 
191 242 16 18 0.04453898 
828 194 10 13 0.043900155 
714 235 15 17 0.043714657 
700 299 15 16 0.043352094 
967 238 12 15 0.043231305 
637 242 12 15 0.04271815 
571 266 14 16 0.042436805 
972 237 14 17 0.042110458 
672 357 11 15 0.04200806 
648 214 9 11 0.041680183 
776 318 8 12 0.04165678 
508 355 12 15 0.03988942 
658 219 10 14 0.03979566 
704 255 13 17 0.03945002 
663 201 8 10 0.038775705 
696 310 13 17 0.038280148 
291 204 15 22 0.037725113 
670 227 11 13 0.03754272 
429 229 14 18 0.035796948 
649 310 15 20 0.03575209 
149 249 16 19 0.03551951 
913 209 25 33 0.035342418 
427 231 23 28 0.035180565 
580 268 11 14 0.03515866 
615 278 18 24 0.034902014 
631 208 9 11 0.03480704 
669 207 11 13 0.03425832 
361 205 15 21 0.034189183 
649 208 8 10 0.0341816 
640 285 11 14 0.033733383 
622 267 12 16 0.03344634 
625 208 8 11 0.033013307 
606 239 11 14 0.032915063 
661 228 11 14 0.032196153 
947 295 14 18 0.031975072 
959 300 12 15 0.031748477 
972 141 12 15 0.03171031 
460 223 15 21 0.03170776 
700 275 12 17 0.031697076 
464 240 22 29 0.031428374 
612 237 11 13 0.03128665 
675 221 10 13 0.030987427 
505 294 23 31 0.030362649 
655 251 14 17 0.030248 
675 249 13 16 0.030065242 
646 252 11 14 0.030050777 
537 234 17 22 0.030023811 
923 224 15 21 0.030001739 
221 288 10 13 0.029807065 
616 289 11 17 0.02969144 
552 244 11 17 0.029470092 
628 353 15 22 0.029383764 
656 231 10 13 0.02932314 
672 200 10 12 0.029177738 
477 333 39 48 0.029166356 
725 330 12 14 0.02868737 
502 232 15 21 0.028530072 
695 274 12 16 0.028523996 
644 243 12 16 0.028323706 
597 299 16 19 0.028308066 
392 365 43 59 0.028167676 
719 214 11 14 0.02812718 
466 220 11 16 0.028097378 
683 309 21 30 0.028044945 
939 219 21 26 0.028020024 
870 215 9 11 0.027634956 
723 220 13 16 0.027261904 
458 247 15 21 0.02700491 
634 288 24 31 0.026944963 
628 342 11 15 0.026621353 
714 222 21 25 0.026612958 
980 208 15 20 0.02631892 
495 336 17 19 0.026288688 
78 381 17 23 0.026141006 
661 307 13 19 0.026027286 
815 198 11 12 0.025399247 
625 219 10 12 0.02525085 
710 280 12 15 0.025172377 
181 220 23 28 0.02508109 
941 235 13 16 0.02480056 
491 340 25 27 0.024723982 
692 261 13 16 0.024702802 
182 251 11 14 0.024608282 
639 290 12 16 0.024443312 
673 339 11 14 0.02434818 
670 236 10 13 0.024341224 
766 205 14 18 0.024231635 
678 230 10 12 0.024017112 
174 242 13 16 0.023990702 
676 213 10 12 0.023942813 
591 221 10 11 0.023780892 
636 252 11 15 0.02376664 
217 274 11 14 0.023610752 
734 222 11 14 0.02358764 
225 222 26 32 0.0233866 
268 269 18 22 0.023231873 
647 221 10 11 0.023216534 
695 250 13 17 0.023213407 
440 205 12 15 0.023200436 
615 250 10 14 0.023194775 
868 219 11 14 0.023159241 
879 214 10 13 0.023065947 
983 201 22 28 0.022989046 
863 224 10 13 0.022761129 
676 205 10 13 0.022651294 
219 267 13 16 0.022638062 
723 203 12 15 0.022535006 
554 243 19 26 0.02243412 
722 243 12 16 0.02232171 
821 256 17 20 0.022253938 
656 208 9 11 0.022192411 
723 211 13 16 0.022121573 
540 334 16 18 0.022069087 
530 217 17 21 0.021882283 
180 243 12 16 0.02183678 
714 186 221 227 0.02173337 
460 215 13 18 0.021728331 
382 204 11 18 0.021677287 
409 245 23 33 0.021628032 
637 206 9 11 0.02148568 
625 255 19 24 0.021450084 
654 234 18 22 0.021415586 
512 245 20 28 0.021370923 
613 245 11 14 0.021360822 
615 270 11 14 0.021256706 
466 227 13 18 0.021018716 
813 205 14 18 0.020986494 
691 306 23 29 0.02081684 
165 213 26 29 0.020693528 
351 215 13 18 0.020624336 
64 361 39 49 0.020607043 
623 306 14 19 0.020504868 
429 221 12 15 0.020342689 
571 238 12 13 0.020236162 
99 397 25 32 0.02023534 
175 151 41 53 0.02021382 
855 224 18 24 0.020170566 
820 205 14 17 0.020164398 
277 242 15 18 0.020091916 
855 215 9 11 0.020056177 
579 256 15 19 0.020038245 
