2_Demonstration_Political_Rally_2_301
329
645 271 10 12 0.48899803 
521 260 11 14 0.3721437 
255 244 12 15 0.37163723 
687 263 9 12 0.35227853 
624 271 10 12 0.31463748 
469 244 9 11 0.28700465 
545 279 9 12 0.279908 
487 244 9 11 0.24514267 
432 257 9 12 0.21778956 
568 279 11 12 0.19676441 
344 254 10 12 0.18941382 
329 262 8 10 0.17977509 
607 267 10 12 0.16226918 
390 245 9 12 0.16210237 
410 285 11 13 0.15986152 
362 269 9 12 0.15221657 
424 277 10 12 0.14750251 
553 263 9 11 0.14709686 
523 256 11 12 0.13657296 
411 292 10 13 0.13442545 
470 261 8 11 0.12759842 
629 272 9 11 0.123464264 
653 296 10 13 0.117635585 
334 279 10 13 0.11506482 
663 280 10 12 0.11470088 
677 321 15 18 0.113221854 
616 268 10 12 0.111563 
311 263 9 11 0.10227524 
463 260 8 12 0.10181443 
382 254 11 12 0.09984809 
488 263 9 11 0.09926811 
318 254 9 11 0.09861075 
421 310 8 10 0.09672295 
343 245 11 13 0.09639521 
464 284 9 13 0.093651794 
553 326 10 12 0.09244331 
488 269 9 11 0.09178164 
550 269 9 11 0.09101908 
503 270 9 11 0.08996979 
301 253 9 10 0.089279845 
429 270 9 12 0.08851106 
360 264 9 12 0.08829754 
168 278 9 11 0.087516226 
495 269 7 11 0.08467263 
342 240 10 12 0.082969055 
471 310 8 10 0.08259418 
654 277 8 12 0.081362344 
486 318 7 9 0.07981657 
337 240 9 11 0.0767547 
411 268 11 13 0.07574385 
351 238 10 12 0.075559475 
663 261 10 11 0.075067624 
329 279 10 13 0.07447067 
549 283 9 11 0.07398446 
544 272 9 11 0.073410526 
160 271 9 12 0.07246962 
573 271 9 11 0.07204596 
358 255 8 10 0.071778044 
173 286 7 10 0.06982685 
357 232 9 11 0.06976201 
391 285 8 10 0.06919025 
132 294 10 13 0.06917486 
640 274 11 14 0.06785788 
695 277 10 13 0.066848546 
48 230 11 13 0.066604756 
510 271 9 11 0.0662709 
21 231 11 15 0.06624696 
520 286 9 11 0.06610177 
591 278 11 13 0.0631984 
501 254 9 11 0.063074484 
173 279 7 9 0.06303112 
392 301 8 10 0.06277493 
656 285 8 11 0.062308013 
181 272 8 10 0.059767544 
208 262 7 10 0.059592295 
399 247 10 12 0.05911389 
691 262 10 12 0.058863297 
535 295 8 10 0.058621492 
260 252 11 14 0.058359478 
382 260 10 12 0.057953116 
343 375 12 14 0.057860874 
505 311 8 10 0.0578537 
359 275 12 15 0.05757563 
182 238 8 10 0.05751739 
390 262 9 12 0.05713738 
510 312 9 11 0.05661764 
389 241 9 11 0.055586662 
409 264 10 13 0.054242767 
415 301 8 11 0.053822964 
866 413 26 34 0.053203177 
376 259 10 13 0.05318087 
145 216 9 11 0.053021476 
423 282 10 12 0.05259132 
264 260 10 12 0.0525331 
313 318 8 11 0.052375697 
470 255 8 11 0.052303374 
120 274 10 14 0.05206966 
413 278 11 14 0.051557116 
494 245 10 12 0.05122403 
231 253 8 10 0.05066569 
312 255 9 11 0.050040647 
727 350 9 11 0.050037187 
162 276 9 11 0.049981486 
126 272 9 10 0.049127195 
326 255 8 11 0.04839096 
673 239 8 9 0.04780489 
288 361 10 14 0.047732763 
506 317 8 10 0.047118858 
518 293 9 10 0.047006547 
479 326 8 10 0.046919275 
456 260 10 13 0.046886966 
106 268 10 14 0.04650122 
405 246 9 11 0.04585232 
556 267 10 12 0.045827694 
258 239 13 14 0.045809444 
571 283 10 13 0.04541925 
343 363 11 13 0.04535634 
393 279 8 11 0.045291636 
136 270 8 11 0.045050703 
693 270 11 14 0.04478608 
305 263 9 12 0.04443804 
396 271 9 11 0.044430006 
276 252 11 13 0.044196617 
560 304 9 10 0.044103503 
193 261 9 12 0.04311166 
222 264 7 9 0.04272982 
432 302 9 11 0.042228766 
349 259 10 12 0.04194253 
321 326 7 10 0.04191557 
364 261 12 15 0.041429564 
273 237 10 14 0.04113986 
215 270 8 10 0.040489115 
217 264 8 10 0.040377494 
479 271 10 12 0.039987586 
482 320 7 9 0.03939267 
596 278 12 14 0.03908413 
339 278 11 13 0.03858065 
736 250 10 12 0.038412455 
270 253 13 14 0.038261723 
397 278 9 11 0.03822437 
448 259 10 13 0.038089477 
104 264 9 11 0.03805956 
240 263 9 12 0.038043663 
494 264 9 11 0.037898812 
329 267 9 12 0.037801664 
197 261 9 12 0.03768234 
482 245 9 11 0.03760064 
494 240 9 11 0.037398662 
543 303 7 10 0.037286762 
628 462 9 11 0.03702524 
159 254 8 10 0.036959 
616 277 9 12 0.036849644 
389 250 11 13 0.03677965 
409 299 10 12 0.03642116 
181 297 9 11 0.03602738 
181 253 8 11 0.036010887 
432 294 8 10 0.03585682 
422 305 8 10 0.035820615 
176 272 8 10 0.03581978 
633 293 8 11 0.035773728 
495 302 9 11 0.03556881 
149 220 7 10 0.035480987 
34 270 8 10 0.03538647 
357 281 11 15 0.035023328 
433 326 8 11 0.03499137 
584 276 9 12 0.034871813 
297 248 10 13 0.034676924 
698 275 11 13 0.03447027 
501 262 11 12 0.034422897 
318 319 8 10 0.034127828 
797 295 13 18 0.033876516 
686 341 9 12 0.03385695 
101 254 8 10 0.03380598 
590 271 10 12 0.03371282 
535 299 8 11 0.033684447 
246 269 9 12 0.033516414 
518 279 10 12 0.033411242 
465 304 8 11 0.03326302 
652 272 9 12 0.033243336 
687 257 9 11 0.033140425 
693 284 11 14 0.033109784 
688 286 11 13 0.033082772 
269 260 11 12 0.032353945 
600 264 10 12 0.032252036 
682 267 10 12 0.032187775 
391 324 7 10 0.032078907 
435 260 10 13 0.03195969 
684 317 12 17 0.031935688 
558 309 10 12 0.031901784 
641 265 10 12 0.031732496 
144 253 9 11 0.030945847 
641 266 18 22 0.030841429 
166 272 9 12 0.030825995 
17 253 8 11 0.030781677 
239 237 9 11 0.03049711 
526 278 10 13 0.030414883 
178 238 8 10 0.030403866 
949 388 18 19 0.03040291 
213 278 9 11 0.030367881 
536 271 10 12 0.03030135 
657 316 11 14 0.030276848 
512 276 9 11 0.030178545 
133 288 9 11 0.03012115 
489 294 8 10 0.030057173 
385 285 8 9 0.029586246 
177 294 8 11 0.029503686 
30 228 11 14 0.029483078 
182 247 8 10 0.029259542 
217 303 8 9 0.029243592 
208 254 8 11 0.029150857 
152 269 8 11 0.029048195 
288 337 8 10 0.028893957 
384 318 9 11 0.028870024 
552 258 9 10 0.02864488 
415 253 10 11 0.028516226 
434 319 8 9 0.028501777 
424 255 10 12 0.02846598 
322 334 8 10 0.028462473 
678 247 8 10 0.028252454 
272 232 9 11 0.028177904 
232 231 9 11 0.02809646 
0 244 9 14 0.028072968 
94 247 9 11 0.02800761 
669 285 8 10 0.027987666 
5 240 9 12 0.027987292 
433 310 9 10 0.027748765 
405 280 19 24 0.027539859 
479 262 10 12 0.027260324 
144 248 9 11 0.027103307 
65 269 11 15 0.026996737 
502 239 8 11 0.026860656 
5 246 9 12 0.026855562 
126 232 9 11 0.026645074 
486 253 10 11 0.026363565 
366 247 9 11 0.026357433 
478 311 9 10 0.026353948 
294 262 11 12 0.0263367 
398 302 7 10 0.02623282 
353 278 10 13 0.026116937 
380 365 12 13 0.026069246 
222 294 8 11 0.026022207 
150 262 8 11 0.025967807 
680 254 8 10 0.025943257 
277 245 10 13 0.025931414 
198 256 8 10 0.025877198 
466 241 9 10 0.025855487 
544 308 8 10 0.025761236 
153 236 8 11 0.025691494 
456 329 8 10 0.025673961 
213 247 9 11 0.025658403 
535 276 11 13 0.025605278 
573 291 10 13 0.025599577 
440 278 8 11 0.025563587 
501 246 9 11 0.025526578 
430 285 8 10 0.025507215 
647 292 20 25 0.025480099 
605 276 12 14 0.025443504 
366 254 11 12 0.02543231 
79 256 7 10 0.025199251 
719 269 9 11 0.025119279 
38 246 11 13 0.02488483 
479 348 9 11 0.024859175 
705 255 8 9 0.02463848 
493 294 8 10 0.024439929 
552 311 9 10 0.024370192 
437 310 8 11 0.024342028 
317 259 10 12 0.024297569 
244 262 10 13 0.024130935 
737 238 10 12 0.024009982 
32 264 9 12 0.02398574 
406 240 8 10 0.023948131 
614 283 10 12 0.023933446 
319 248 10 12 0.023913782 
720 263 9 12 0.023874873 
342 270 10 11 0.023792664 
497 308 8 10 0.023647543 
472 268 9 12 0.023603313 
558 285 9 12 0.023428459 
334 270 8 10 0.023420151 
151 232 9 11 0.02332998 
239 246 9 11 0.02329661 
480 285 8 10 0.02324935 
407 311 9 12 0.023081977 
668 279 9 11 0.023020323 
677 239 8 10 0.022782074 
247 254 10 11 0.022656893 
680 286 10 12 0.022656525 
495 287 8 11 0.022645975 
557 257 10 11 0.022643063 
238 254 9 11 0.02237023 
485 274 10 12 0.022319568 
557 318 10 14 0.022226574 
121 252 8 11 0.022193387 
558 277 11 12 0.02214363 
501 302 9 11 0.021998083 
466 309 9 12 0.021952944 
398 262 9 12 0.021950822 
264 278 9 11 0.021822713 
375 277 9 13 0.021794263 
647 283 10 13 0.021646133 
739 244 12 15 0.021641204 
750 245 11 13 0.021627469 
328 291 9 12 0.021567607 
30 222 11 13 0.021538174 
536 285 10 11 0.021442333 
201 238 8 11 0.02143274 
134 264 9 11 0.021220466 
518 310 12 14 0.021152016 
286 207 7 9 0.02110281 
20 243 11 14 0.021040652 
269 286 8 11 0.0210138 
472 317 8 9 0.02092212 
199 287 7 9 0.02091919 
631 284 10 13 0.02087599 
513 294 8 10 0.020866428 
310 212 9 10 0.020843789 
486 313 8 10 0.020821271 
674 245 8 10 0.020812467 
311 247 9 11 0.020758022 
120 213 12 14 0.020603389 
512 326 7 10 0.020455137 
122 231 8 11 0.0203704 
735 340 9 12 0.020361457 
400 285 9 12 0.020332571 
437 326 8 10 0.020320969 
226 254 7 9 0.020213844 
176 261 9 11 0.02020652 
358 310 8 10 0.020101527 
142 271 8 12 0.020097528 
