2_Demonstration_Demonstrators_2_28
475
171 379 27 36 0.9989405 
657 606 55 64 0.9986926 
456 396 23 32 0.99864024 
40 389 32 43 0.99705887 
603 385 22 27 0.9967817 
516 445 27 35 0.9955273 
755 430 22 31 0.9947648 
594 503 36 47 0.993666 
385 429 27 34 0.9929 
251 395 23 30 0.9909875 
328 443 26 35 0.9883873 
891 437 26 42 0.9868721 
179 515 39 49 0.98549116 
333 514 32 40 0.9834584 
86 477 36 46 0.9804365 
546 361 15 21 0.9747244 
263 452 22 28 0.9741115 
491 388 19 27 0.9688793 
647 368 14 21 0.9650527 
368 381 17 24 0.9601096 
586 363 17 21 0.9557942 
297 425 23 31 0.954564 
35 361 27 35 0.94047827 
673 378 15 23 0.9394031 
66 356 16 20 0.93700063 
421 353 15 19 0.9201347 
980 479 25 35 0.9167299 
843 514 41 51 0.9138906 
621 365 12 15 0.8949455 
38 548 42 55 0.8522411 
454 346 12 15 0.85196835 
870 398 22 30 0.8493502 
264 363 19 23 0.84887636 
442 370 19 27 0.8448368 
481 364 15 19 0.80275244 
715 402 14 18 0.8015081 
285 369 17 22 0.779581 
764 350 14 21 0.77618694 
757 352 15 21 0.77122045 
684 449 22 27 0.75801134 
192 353 13 17 0.75445193 
463 370 14 18 0.71865016 
1004 444 20 30 0.66457677 
240 340 12 16 0.59870124 
219 371 13 18 0.5371269 
619 319 11 13 0.5207273 
215 335 11 14 0.49248683 
526 343 9 13 0.46078995 
569 341 11 15 0.38775483 
339 371 16 22 0.38453078 
809 331 8 10 0.38350958 
996 342 9 12 0.3794278 
64 340 12 14 0.36954206 
670 351 9 11 0.34250638 
141 422 17 25 0.33359036 
805 391 14 20 0.32963055 
498 367 14 19 0.30936867 
548 512 23 26 0.30671448 
156 369 17 23 0.304849 
183 599 50 72 0.28014573 
662 332 9 11 0.2767432 
0 364 11 19 0.2758117 
649 342 9 12 0.2722876 
172 342 9 13 0.2653758 
639 347 10 13 0.25247446 
137 370 15 20 0.2461846 
163 363 14 18 0.23621713 
680 412 16 19 0.23471047 
998 446 16 23 0.23329847 
563 370 14 19 0.23028976 
491 556 37 57 0.22549795 
277 346 11 15 0.22085546 
1003 357 11 15 0.21870103 
794 332 9 11 0.21432477 
966 366 12 16 0.21295853 
999 348 10 14 0.21055776 
817 364 10 12 0.20026526 
804 359 10 14 0.19641995 
833 366 9 13 0.19584903 
407 378 11 16 0.19484204 
701 357 12 15 0.1817647 
564 323 10 13 0.17841507 
89 333 9 11 0.16899417 
46 330 11 14 0.16616268 
723 391 19 26 0.16382223 
711 370 11 16 0.16057736 
694 360 14 17 0.1577143 
709 355 13 16 0.15260212 
473 320 9 10 0.15148985 
346 295 17 20 0.14979416 
897 358 10 13 0.14828591 
706 581 28 49 0.14633505 
568 335 9 13 0.14353187 
510 353 11 15 0.1432508 
904 423 22 33 0.14011665 
853 333 10 11 0.137192 
830 332 8 11 0.13561288 
502 350 11 14 0.13181569 
638 356 11 14 0.13072939 
838 391 13 18 0.12441742 
861 454 28 36 0.12391831 
756 404 16 21 0.12233499 
308 229 19 22 0.12003924 
445 366 13 18 0.11950485 
520 348 10 14 0.11948701 
561 321 10 12 0.118255615 
848 334 9 11 0.115429476 
732 372 14 16 0.114065714 
478 369 21 26 0.11349069 
438 489 29 37 0.112551644 
952 365 10 12 0.11194052 
704 334 9 11 0.10971914 
913 422 16 23 0.10764112 
477 350 11 13 0.1065555 
324 312 8 11 0.10309279 
589 323 9 12 0.10225792 
389 367 11 14 0.100973554 
862 325 9 12 0.10043217 
783 370 12 17 0.09920914 
140 384 17 23 0.096250854 
173 334 10 14 0.096176006 
925 331 15 18 0.09501338 
749 296 9 12 0.09461228 
553 364 17 25 0.09460546 
585 319 9 12 0.094188966 
533 369 12 16 0.0941693 
642 324 9 11 0.093848236 
160 373 26 32 0.092156366 
886 367 8 11 0.09097204 
149 372 19 27 0.09015665 
710 397 14 19 0.08894185 
729 386 17 21 0.08647671 
101 362 14 18 0.085092135 
256 387 20 27 0.08505803 
626 369 12 16 0.08434069 
958 365 12 15 0.08297778 
986 399 18 20 0.08071024 
-1 375 13 26 0.08022007 
436 470 26 34 0.07954169 
837 371 11 15 0.07725976 
845 341 10 12 0.07689161 
225 371 17 20 0.076804414 
604 349 12 14 0.07649544 
195 386 14 21 0.07431627 
798 329 7 9 0.07392613 
281 395 14 17 0.07332236 
326 316 9 13 0.072872244 
811 328 9 11 0.07279651 
840 328 8 11 0.07261265 
143 355 13 16 0.07144004 
879 400 16 22 0.0714272 
872 444 25 37 0.068797275 
595 358 12 16 0.068042696 
1006 378 11 15 0.06762909 
518 377 19 24 0.06699528 
613 347 12 14 0.06688592 
280 408 14 19 0.06609963 
367 335 10 13 0.06475103 
718 339 9 12 0.06446036 
826 329 9 11 0.06415926 
437 299 10 12 0.064055376 
432 378 13 19 0.06358325 
638 363 11 17 0.06354496 
821 359 9 12 0.06307209 
815 370 13 16 0.062044047 
683 379 11 17 0.06203074 
710 337 9 11 0.061974544 
97 358 24 29 0.06164549 
527 371 13 18 0.06074097 
572 337 10 13 0.060651034 
677 418 21 27 0.060086336 
19 342 11 12 0.059391502 
752 415 25 34 0.05802821 
231 363 13 18 0.05787698 
63 346 15 19 0.05733098 
125 363 13 20 0.05662406 
849 442 32 41 0.056480553 
901 352 10 15 0.056016263 
284 346 14 17 0.055366036 
258 371 23 30 0.055360317 
935 407 26 35 0.05496999 
864 321 7 10 0.054704584 
425 311 8 10 0.053862743 
725 324 9 12 0.053785577 
659 327 9 12 0.053665157 
429 310 10 11 0.053353526 
219 396 19 30 0.053319026 
860 403 18 25 0.052975364 
856 329 9 11 0.052610245 
117 363 13 18 0.0524253 
704 338 11 14 0.051581632 
108 363 14 17 0.051536404 
875 389 16 21 0.05148107 
330 344 10 13 0.051404838 
47 369 18 22 0.051336013 
716 364 11 15 0.051293157 
157 21 53 72 0.050670993 
688 364 13 15 0.05061353 
229 322 10 14 0.050559483 
680 428 23 29 0.050520275 
292 350 10 12 0.04990812 
623 312 9 12 0.049743745 
239 330 20 25 0.049484022 
550 351 11 14 0.049014524 
644 319 10 13 0.04883717 
853 470 32 33 0.04863047 
182 333 11 14 0.047834918 
276 369 14 19 0.047746256 
128 363 21 29 0.04773622 
333 323 11 13 0.047419704 
950 359 10 13 0.046781167 
648 337 9 12 0.046663888 
78 285 9 12 0.04559172 
439 364 13 18 0.04558543 
841 342 9 13 0.045434967 
186 383 21 30 0.045428716 
703 369 13 17 0.04512605 
702 328 8 10 0.04499274 
64 286 9 12 0.04490677 
468 371 18 23 0.044658203 
524 393 16 22 0.044425316 
32 341 9 12 0.044008385 
980 405 23 32 0.043692674 
926 385 15 19 0.043354247 
715 357 11 15 0.043175936 
855 409 15 19 0.043024726 
470 163 12 14 0.04287071 
836 360 10 13 0.04273209 
902 364 12 15 0.04262154 
371 374 15 21 0.042526502 
15 346 12 15 0.042183496 
1012 378 11 16 0.042047657 
96 358 10 12 0.04196866 
683 405 14 18 0.041897666 
516 351 12 17 0.04119871 
477 323 9 11 0.04061146 
540 550 58 68 0.040610384 
846 328 9 11 0.03970399 
923 292 43 51 0.03956791 
844 373 11 14 0.039426804 
389 269 17 21 0.0392914 
359 338 10 14 0.039247964 
363 514 23 34 0.039186377 
570 369 13 18 0.03865032 
173 326 11 16 0.037691724 
1001 380 11 13 0.03765943 
704 388 12 16 0.037570428 
227 320 9 12 0.037235428 
118 357 10 15 0.037213877 
665 384 13 18 0.036922034 
937 305 16 17 0.03690357 
762 407 15 21 0.03687333 
573 363 13 18 0.036743756 
697 327 8 10 0.036594484 
971 369 12 15 0.035973985 
920 408 26 32 0.03562513 
277 333 13 16 0.035585254 
992 337 10 13 0.035204373 
707 361 18 24 0.035192885 
236 356 13 16 0.034323506 
904 336 8 11 0.034290407 
572 396 12 19 0.034217723 
674 348 12 15 0.0340846 
433 293 11 15 0.03407209 
427 369 15 21 0.0340087 
615 369 14 17 0.033798467 
632 359 11 14 0.033780035 
968 351 10 13 0.033736236 
409 257 23 28 0.03364728 
530 342 12 15 0.03361304 
582 397 14 19 0.03348784 
560 347 10 14 0.033325203 
311 359 12 14 0.033146396 
194 343 16 17 0.033126518 
446 356 13 18 0.03286812 
146 391 21 31 0.032857437 
743 326 9 12 0.03278097 
627 450 13 18 0.032744918 
622 293 10 11 0.032632884 
814 351 10 12 0.03258727 
743 363 13 16 0.032440536 
158 359 12 16 0.032374687 
966 355 13 17 0.032335915 
972 357 9 13 0.03226412 
641 368 13 19 0.03182274 
750 358 15 19 0.0315036 
441 467 17 23 0.031446673 
697 332 10 12 0.031335156 
111 358 23 29 0.031216014 
945 441 16 21 0.03117655 
54 372 23 31 0.031173825 
489 370 17 22 0.031102305 
665 355 11 15 0.031029707 
726 380 16 19 0.030950295 
143 417 27 38 0.030926952 
616 357 12 16 0.030921789 
383 371 12 17 0.030910416 
320 348 9 13 0.0308768 
52 353 25 30 0.030804612 
497 350 11 14 0.030803792 
797 388 18 22 0.030748984 
811 365 20 26 0.030682404 
702 350 12 16 0.030567987 
599 350 11 15 0.030499246 
188 335 11 13 0.03045083 
581 342 11 15 0.030288946 
1006 357 21 29 0.030207949 
613 331 13 15 0.030187698 
169 336 16 23 0.030136747 
628 377 12 16 0.030120932 
560 330 11 14 0.029947244 
334 333 12 15 0.029926645 
806 381 11 15 0.029843312 
686 372 12 17 0.029807929 
664 340 10 13 0.029671758 
823 301 8 11 0.02958135 
615 315 17 21 0.029534506 
988 409 28 36 0.029413132 
183 338 11 16 0.02939089 
171 356 12 15 0.029338386 
432 269 10 15 0.029246 
897 350 17 23 0.029136896 
997 349 19 26 0.028975 
425 357 16 21 0.028887156 
903 369 13 17 0.028688828 
655 333 10 12 0.028546466 
671 344 9 12 0.028416801 
654 295 9 11 0.028391197 
691 378 13 18 0.028355429 
263 397 17 23 0.028244013 
984 350 9 11 0.028213887 
688 347 11 14 0.028188385 
722 317 10 14 0.028154412 
150 363 14 21 0.028103102 
157 393 14 20 0.02808745 
550 343 11 13 0.028021881 
931 297 25 29 0.027800338 
646 346 10 12 0.027638264 
925 391 25 30 0.027527757 
780 375 13 18 0.027477039 
846 413 22 28 0.02746631 
831 392 14 18 0.027448177 
279 380 21 26 0.027412316 
126 417 26 37 0.027313039 
667 345 19 24 0.027302578 
71 285 9 14 0.027272081 
607 343 11 14 0.027261287 
23 215 10 14 0.026979133 
590 351 13 16 0.02696987 
396 382 15 21 0.026665946 
941 426 23 33 0.02662847 
139 356 21 28 0.026456205 
815 342 9 11 0.026438184 
81 332 10 13 0.026382495 
440 25 10 13 0.026315035 
641 334 10 13 0.02622663 
227 293 16 20 0.026217658 
917 300 11 13 0.026139738 
659 370 14 20 0.026128085 
893 509 38 55 0.02608535 
531 376 15 21 0.026077101 
291 355 13 16 0.025779042 
839 468 33 32 0.025669247 
661 364 12 16 0.025646023 
295 405 11 17 0.025404513 
37 360 16 19 0.025391253 
391 359 10 14 0.025256205 
51 333 13 15 0.025248703 
36 348 11 13 0.025226358 
460 520 24 28 0.025131427 
119 350 10 12 0.02511901 
428 342 13 16 0.02505974 
919 357 11 13 0.025056139 
724 334 10 11 0.024943653 
496 356 12 17 0.024930853 
944 364 12 14 0.024750775 
973 351 8 11 0.02472902 
920 336 15 17 0.024705166 
731 455 16 19 0.024658507 
275 352 14 20 0.024605397 
125 357 12 17 0.024599949 
693 349 13 15 0.02444413 
4 359 12 17 0.024424555 
233 339 11 16 0.02439621 
950 445 23 31 0.024324913 
298 61 9 13 0.02421107 
830 371 20 27 0.0242071 
68 335 8 12 0.024169913 
1004 383 14 19 0.024131456 
588 396 12 17 0.024082707 
745 298 10 14 0.023992646 
283 332 14 18 0.023949213 
881 370 10 13 0.023868369 
941 450 22 29 0.023639537 
691 434 15 19 0.023466296 
589 343 10 13 0.023295132 
867 469 28 33 0.023242932 
316 358 11 16 0.023237888 
667 334 10 11 0.023235187 
47 338 11 15 0.023211313 
500 384 20 27 0.023116672 
894 334 10 13 0.023107123 
799 359 19 23 0.023105236 
56 339 11 15 0.023098001 
812 378 12 15 0.023096137 
333 421 12 17 0.023050547 
448 364 19 27 0.023047153 
369 245 9 11 0.02298191 
46 348 10 12 0.022879839 
567 342 19 22 0.022875283 
889 317 9 12 0.02280403 
659 416 17 21 0.022802731 
422 344 14 16 0.022749413 
616 312 11 13 0.022607842 
992 337 17 24 0.022478959 
975 420 26 36 0.022466728 
78 309 10 12 0.022412514 
94 350 38 47 0.022362888 
507 362 13 18 0.022270214 
472 186 11 16 0.022264803 
125 349 10 12 0.022264222 
850 371 14 16 0.022259146 
990 356 12 15 0.022247598 
34 375 31 44 0.02219041 
55 5 50 68 0.022127308 
845 398 22 27 0.022122523 
385 367 20 25 0.021843772 
736 394 24 30 0.021713011 
493 379 15 22 0.021639759 
730 375 22 26 0.02160312 
1006 372 19 27 0.021549337 
396 373 12 17 0.021534892 
444 145 13 17 0.021485187 
328 341 20 26 0.02148072 
42 326 12 15 0.02147522 
625 198 46 51 0.021343445 
615 212 14 16 0.021232622 
970 409 25 36 0.021221938 
483 351 11 13 0.021208081 
709 325 9 12 0.021158636 
523 339 17 22 0.021147981 
917 393 15 18 0.02114025 
617 293 10 12 0.021115623 
433 373 21 27 0.02105385 
607 318 12 14 0.021022838 
944 357 12 14 0.0210056 
984 358 9 12 0.020994287 
709 603 34 47 0.020938698 
1 378 24 34 0.020845337 
806 350 12 14 0.020793088 
805 369 14 17 0.020753756 
878 349 9 12 0.020734442 
948 412 23 32 0.020724913 
750 371 11 15 0.020678554 
853 381 13 15 0.020574417 
246 300 10 13 0.02056568 
927 560 30 34 0.02054904 
501 459 14 18 0.020543234 
667 417 16 22 0.02051634 
833 348 8 11 0.020508567 
668 361 15 19 0.020491704 
565 355 13 18 0.02048338 
348 358 13 16 0.020425625 
608 196 40 47 0.02041211 
8 524 36 48 0.020376002 
290 342 12 15 0.020349946 
927 420 27 40 0.020266814 
816 310 8 11 0.020237928 
772 404 13 19 0.020170758 
329 372 20 29 0.02014548 
502 453 25 30 0.020134581 
67 366 15 20 0.020121709 
527 449 25 34 0.020111324 
502 344 10 13 0.0200131 
233 333 10 14 0.020002287 
