2_Demonstration_Protesters_2_525
1341
660 484 31 40 0.9989367 
994 458 31 36 0.9978077 
416 515 28 37 0.99714017 
880 518 35 44 0.99701774 
554 484 30 40 0.99681646 
760 458 26 32 0.99621946 
578 402 23 29 0.9961326 
484 436 27 33 0.99606377 
848 426 23 29 0.9948856 
849 368 16 19 0.99365634 
763 400 23 30 0.9935935 
765 302 15 20 0.99077153 
297 487 31 36 0.9899725 
232 486 25 28 0.9897956 
468 331 14 17 0.9880518 
325 416 23 27 0.9874857 
389 437 20 27 0.9872695 
203 381 20 28 0.9870003 
999 397 21 28 0.98562384 
480 399 17 21 0.9799652 
920 477 31 37 0.97811323 
595 211 14 18 0.9771897 
337 346 19 23 0.9739248 
712 307 16 20 0.9734614 
501 318 13 16 0.97339183 
317 326 15 18 0.97215617 
657 427 26 31 0.9698683 
592 344 16 20 0.9679905 
310 384 20 25 0.9657459 
809 228 15 19 0.96560884 
54 433 23 30 0.96108884 
718 330 14 19 0.96088535 
919 376 20 24 0.9603501 
453 267 13 16 0.95935535 
781 344 16 18 0.9576441 
615 210 14 18 0.95682484 
455 308 12 16 0.9560127 
715 361 21 26 0.95490885 
250 368 20 26 0.94738966 
61 344 15 17 0.9442777 
362 307 14 17 0.94000024 
884 330 12 16 0.93971777 
2 372 20 27 0.93614 
951 351 20 23 0.93269974 
79 316 13 16 0.9287968 
527 277 11 14 0.9251148 
145 341 12 16 0.9234543 
671 321 16 20 0.9129179 
500 283 13 15 0.91258836 
835 341 12 16 0.91181445 
639 295 14 18 0.91146785 
1005 238 17 21 0.9086239 
725 206 13 15 0.907317 
990 380 16 19 0.90686625 
248 311 13 15 0.9061388 
685 220 15 19 0.9059044 
862 331 12 16 0.901766 
783 317 16 19 0.9005037 
845 397 17 22 0.89437413 
79 380 20 23 0.8931157 
414 314 12 15 0.890381 
722 225 14 17 0.88592166 
866 228 12 16 0.8824071 
525 395 17 21 0.8818416 
775 231 14 18 0.8755152 
185 339 12 16 0.866964 
441 292 11 15 0.8583262 
475 294 12 15 0.85282063 
960 236 10 14 0.83481395 
408 205 9 11 0.83399326 
541 287 12 15 0.8215138 
167 288 10 13 0.8165778 
385 280 9 13 0.80786914 
968 249 13 16 0.80445164 
147 450 17 22 0.76730794 
436 355 12 17 0.7521808 
797 364 17 19 0.7422848 
566 279 12 16 0.73465014 
133 285 10 13 0.7340303 
26 414 18 21 0.7324484 
123 300 11 15 0.7245952 
996 223 12 16 0.7099018 
53 298 11 14 0.7082495 
385 348 13 16 0.7060718 
973 218 12 15 0.7046735 
20 296 12 15 0.69682145 
243 293 10 13 0.6840307 
560 208 9 12 0.6779224 
447 210 9 12 0.65019786 
255 347 15 18 0.64695203 
831 364 14 18 0.6405154 
644 217 13 17 0.6375666 
274 358 15 19 0.6335739 
31 319 12 15 0.6225415 
948 433 22 25 0.6161732 
56 410 20 22 0.594899 
806 435 14 19 0.59158456 
115 358 14 18 0.5883267 
828 218 14 19 0.5815115 
532 335 16 19 0.5781235 
835 255 15 18 0.5723176 
967 544 37 32 0.57105273 
225 312 11 15 0.56355536 
297 310 11 15 0.56219906 
86 409 17 21 0.54147285 
416 274 11 14 0.5336432 
327 276 8 12 0.5306256 
519 237 11 14 0.518464 
222 284 9 11 0.51807755 
90 464 17 22 0.51776904 
767 217 14 17 0.51537 
358 275 9 12 0.51417536 
265 287 10 13 0.5134319 
298 314 14 17 0.50366825 
310 284 9 12 0.5028453 
0 346 11 15 0.4989657 
109 354 16 18 0.4977515 
500 215 10 12 0.49521145 
209 353 19 21 0.4938497 
632 228 10 13 0.49230996 
915 237 12 14 0.476563 
753 204 10 13 0.4706011 
343 264 10 13 0.46706855 
588 268 12 15 0.4647844 
392 213 8 11 0.46388325 
373 292 10 13 0.46072802 
213 298 10 14 0.45617342 
319 294 10 13 0.45586833 
368 328 14 18 0.45167804 
466 373 16 16 0.44923022 
22 335 12 16 0.449196 
383 523 28 39 0.4484469 
478 212 9 11 0.43855384 
825 181 9 12 0.4382244 
87 511 22 26 0.42050692 
532 555 26 25 0.41817844 
891 236 12 15 0.40811092 
558 329 13 16 0.40531534 
873 373 12 16 0.38224706 
406 407 15 21 0.37875217 
662 372 13 17 0.37776396 
876 406 13 18 0.37133163 
424 216 9 11 0.36710042 
334 303 10 12 0.36641827 
168 256 9 10 0.36149538 
157 279 9 11 0.36004463 
422 333 13 17 0.3552378 
532 310 12 14 0.34864327 
368 267 10 12 0.34734935 
822 402 15 20 0.34393623 
909 324 13 16 0.34336278 
618 267 12 17 0.33109462 
415 366 13 16 0.3261389 
926 263 10 12 0.32432145 
941 293 10 12 0.32287073 
75 261 8 11 0.32150948 
375 236 9 10 0.3186026 
99 513 17 22 0.31681463 
524 207 9 12 0.31596076 
726 293 15 17 0.31510985 
636 337 15 17 0.31249776 
578 299 12 14 0.30886292 
156 310 11 14 0.30857307 
274 270 8 12 0.30700493 
262 447 23 32 0.3008167 
112 270 9 11 0.2912373 
471 231 9 11 0.28960884 
664 307 13 17 0.28868714 
124 320 11 14 0.28733876 
309 264 9 11 0.28072038 
293 294 9 10 0.27867928 
678 258 15 19 0.2688566 
885 218 12 17 0.26883128 
293 347 14 19 0.26277864 
430 378 14 18 0.25635108 
104 280 8 11 0.2549037 
437 408 15 19 0.2524181 
192 324 11 14 0.25231043 
115 403 16 21 0.25088775 
541 207 9 11 0.24928382 
863 251 10 13 0.24765235 
765 515 21 29 0.24623102 
73 279 9 12 0.24486145 
471 250 12 15 0.24361536 
941 236 11 14 0.23988949 
503 365 12 16 0.23843895 
406 254 10 12 0.23741004 
948 279 11 12 0.23695965 
563 302 11 14 0.23564631 
498 253 14 16 0.2351853 
593 322 13 16 0.23263007 
351 292 10 13 0.2307771 
375 214 8 10 0.22918269 
902 350 12 14 0.22758445 
163 475 16 23 0.22642004 
392 298 11 14 0.22281387 
932 341 10 14 0.2217863 
165 480 23 31 0.22176994 
592 311 12 14 0.22155598 
780 359 15 18 0.22049083 
88 348 11 14 0.21952434 
563 325 12 15 0.21803889 
288 293 8 11 0.21381794 
428 221 9 12 0.2127894 
-1 423 10 20 0.210893 
39 280 9 11 0.20866205 
574 211 9 12 0.20588902 
432 200 7 9 0.20546737 
370 383 18 20 0.20539054 
966 379 15 19 0.20463786 
278 326 11 14 0.20229569 
487 238 10 12 0.20139684 
534 324 13 16 0.198909 
252 444 23 31 0.1986165 
258 351 16 20 0.19820476 
876 206 10 13 0.19808148 
428 308 10 13 0.19718792 
191 275 10 12 0.1960999 
438 322 12 17 0.19497575 
442 386 13 16 0.19285214 
348 237 10 12 0.19113308 
30 401 15 21 0.19006366 
111 409 16 21 0.18972936 
550 395 16 21 0.18554084 
240 288 10 12 0.18474278 
169 260 8 11 0.18329223 
613 517 17 22 0.182933 
383 238 8 11 0.1812225 
97 301 11 14 0.18035494 
520 211 9 11 0.17784132 
470 207 9 11 0.17715007 
826 513 17 21 0.17701182 
74 300 10 14 0.17605515 
117 270 9 11 0.17379749 
565 307 11 14 0.17360994 
301 320 14 18 0.17051977 
621 385 15 20 0.17025602 
471 212 10 12 0.16976316 
503 354 12 15 0.16907755 
36 393 19 23 0.16889553 
984 292 11 14 0.16741449 
465 388 16 18 0.16712509 
894 190 11 14 0.16680607 
631 254 10 13 0.16424465 
452 208 8 11 0.16180854 
986 277 12 15 0.16168389 
335 317 12 16 0.16048497 
156 303 10 11 0.15950337 
936 237 10 14 0.15936893 
350 233 8 10 0.15846121 
157 358 9 12 0.15770997 
645 224 15 20 0.15745854 
422 310 12 15 0.15698534 
698 250 14 18 0.15637992 
573 318 12 16 0.15574607 
285 431 13 18 0.15515774 
416 284 10 13 0.1540245 
110 278 9 11 0.15264769 
144 268 9 13 0.1522234 
437 273 11 14 0.15185355 
890 183 9 11 0.15132017 
718 260 15 19 0.14856464 
175 311 11 14 0.1484938 
343 309 10 13 0.14722522 
477 231 8 10 0.14676459 
886 229 13 16 0.1466368 
919 400 14 19 0.1452113 
429 206 9 11 0.14453411 
770 277 16 18 0.1437597 
301 352 14 20 0.14365071 
741 264 13 17 0.14326788 
526 337 14 17 0.14089766 
901 425 17 21 0.14033449 
73 296 9 12 0.1394922 
611 367 15 19 0.13842146 
436 381 14 16 0.138 
811 449 21 28 0.13575236 
394 531 18 23 0.13573205 
464 232 9 12 0.13559586 
631 369 15 18 0.1354727 
271 452 24 30 0.13457458 
147 370 18 20 0.13301836 
141 397 15 19 0.1327299 
969 372 14 18 0.13212772 
772 531 26 37 0.1320802 
788 219 12 15 0.13181125 
380 555 15 19 0.13097158 
124 449 17 19 0.13058515 
564 206 10 13 0.12987837 
267 311 11 13 0.12970233 
31 269 8 10 0.12937513 
420 272 10 12 0.1290674 
932 347 10 15 0.12877806 
130 435 17 19 0.12422075 
934 220 10 14 0.12358087 
517 338 11 15 0.12326258 
407 228 9 12 0.12282733 
63 546 15 20 0.12262611 
141 357 13 17 0.12244264 
287 332 11 15 0.12208505 
466 212 8 11 0.12197862 
342 303 10 12 0.12110978 
836 245 14 18 0.120242976 
551 388 14 17 0.11844879 
197 329 11 15 0.117638886 
693 412 19 27 0.11687567 
334 254 9 11 0.11660218 
357 406 16 21 0.11610524 
540 456 23 28 0.114725016 
390 270 10 12 0.11470056 
953 255 10 14 0.1146109 
209 262 9 11 0.113861695 
888 420 18 21 0.1124506 
321 272 8 11 0.1121344 
797 279 12 16 0.11208945 
96 294 10 11 0.111748375 
356 284 11 14 0.11106036 
889 188 10 13 0.11090289 
877 212 13 15 0.11074256 
158 330 11 14 0.110282265 
286 205 8 9 0.11018883 
127 474 14 18 0.11016277 
367 205 8 11 0.11012004 
889 430 23 29 0.10975983 
943 215 10 13 0.10939974 
533 223 10 13 0.109320074 
334 307 12 14 0.10917427 
249 207 7 9 0.10878424 
264 256 9 11 0.10835879 
96 306 11 15 0.107104294 
76 283 9 11 0.10695907 
493 335 12 14 0.10632239 
883 442 23 27 0.10549978 
111 264 9 11 0.10467379 
313 292 10 13 0.10353331 
172 286 10 13 0.10342779 
497 278 12 16 0.10278334 
103 322 12 14 0.10258167 
437 246 10 12 0.100737005 
5 309 10 12 0.09977849 
458 491 17 23 0.099677384 
886 252 12 15 0.09850842 
254 207 7 9 0.0984845 
6 457 15 21 0.098408535 
270 263 8 10 0.097546965 
304 330 12 16 0.09739568 
272 276 9 11 0.09718369 
970 330 13 17 0.09614982 
192 261 8 10 0.09568744 
192 309 9 12 0.09563802 
652 353 14 18 0.09417251 
543 371 14 18 0.093694635 
97 286 10 11 0.09367246 
296 272 8 10 0.09334861 
278 431 22 29 0.09235508 
941 328 13 18 0.092302136 
8 324 9 12 0.092278704 
327 301 9 12 0.092129655 
153 315 10 14 0.091870934 
503 230 9 12 0.09169162 
277 275 9 11 0.09164754 
846 226 13 16 0.09133175 
269 256 9 10 0.09112998 
605 181 8 11 0.09104273 
904 343 11 14 0.09101154 
245 300 12 15 0.090997405 
187 333 13 17 0.090855435 
799 211 11 15 0.090802215 
677 246 12 15 0.09078279 
129 459 15 17 0.09068235 
300 340 12 16 0.09066529 
870 283 12 16 0.090363 
910 251 13 15 0.09020041 
969 214 12 14 0.09000383 
801 358 16 19 0.08965854 
345 214 6 8 0.08931235 
911 242 13 16 0.08883879 
453 329 11 16 0.088755675 
573 307 13 14 0.08863595 
153 301 9 11 0.08862464 
348 310 10 13 0.088029176 
887 243 12 14 0.08801601 
43 380 14 17 0.08752244 
472 326 14 17 0.08734309 
485 472 15 21 0.08730765 
288 337 13 17 0.08729479 
17 545 26 30 0.08638976 
790 203 14 16 0.08622897 
816 371 12 18 0.08599927 
329 255 9 11 0.08598354 
151 411 15 20 0.08574145 
303 269 9 11 0.085573435 
372 265 10 13 0.0849894 
944 286 10 13 0.084793024 
371 508 30 39 0.084776 
209 295 11 13 0.084172405 
897 354 12 15 0.083673224 
392 245 8 10 0.0835846 
669 207 10 14 0.08349355 
933 229 10 12 0.083387055 
185 207 7 10 0.0831936 
463 285 12 15 0.08280513 
156 417 14 17 0.08171493 
804 210 10 13 0.08141273 
125 296 11 14 0.08133724 
259 341 14 17 0.08124605 
305 222 6 9 0.08117691 
231 255 7 10 0.081055224 
35 330 12 15 0.080992535 
369 286 9 13 0.080721244 
544 261 10 14 0.080356024 
58 264 6 8 0.08031893 
622 407 19 26 0.08006475 
806 440 20 24 0.08004798 
715 559 16 18 0.079580404 
189 239 8 10 0.07946765 
463 377 14 16 0.07878703 
30 495 14 20 0.07854197 
256 272 7 9 0.07837983 
229 353 13 17 0.07806527 
565 317 14 17 0.07802515 
373 499 23 26 0.07786417 
805 476 15 20 0.07784642 
168 268 9 11 0.077691704 
725 239 14 18 0.077682 
635 227 13 17 0.07766976 
865 327 13 15 0.07762353 
995 542 25 34 0.077339545 
1 308 9 12 0.077197015 
397 215 8 9 0.077149935 
149 270 8 11 0.07698833 
349 263 9 11 0.076671444 
304 254 7 10 0.07612762 
148 360 15 17 0.0759401 
597 252 12 13 0.0746819 
340 316 12 14 0.07465891 
80 518 23 28 0.074372165 
303 248 7 9 0.07422183 
148 402 14 17 0.07401961 
31 371 12 17 0.073212095 
872 209 12 15 0.07310857 
441 206 9 12 0.07310528 
590 183 9 11 0.072482556 
264 332 12 15 0.072258145 
585 182 7 10 0.072068155 
445 326 12 16 0.071884 
497 221 9 11 0.07185947 
362 207 7 10 0.07179645 
288 271 8 10 0.071549654 
422 244 8 11 0.07154418 
459 423 16 23 0.071391895 
748 234 11 14 0.0713008 
171 355 13 15 0.07108208 
33 279 8 11 0.07105543 
342 392 16 19 0.070917636 
50 296 10 12 0.070597805 
440 239 9 11 0.07059647 
73 257 9 11 0.06996005 
743 354 15 20 0.06977481 
431 360 14 18 0.06948616 
417 245 9 11 0.06933548 
100 451 15 19 0.06918703 
180 309 10 14 0.0690906 
138 443 21 25 0.06905012 
634 377 16 19 0.068998285 
421 285 10 13 0.068952486 
682 251 13 17 0.06892481 
390 239 8 10 0.06871203 
304 278 9 12 0.06870102 
528 315 12 15 0.068269946 
351 270 10 12 0.06824441 
527 200 8 10 0.06818321 
6 280 8 10 0.06802234 
796 373 16 19 0.06797059 
207 362 15 19 0.06795666 
111 325 10 12 0.06792054 
142 322 11 14 0.06764015 
942 434 18 21 0.06668385 
969 255 16 19 0.06667601 
549 267 12 14 0.06657827 
984 284 13 15 0.06594091 
580 306 13 16 0.06560478 
392 254 9 11 0.06558174 
329 240 8 10 0.06530297 
963 232 11 13 0.06519892 
708 199 10 13 0.06518549 
32 264 8 10 0.06514813 
893 255 10 13 0.06500838 
887 390 11 14 0.06497383 
945 271 9 11 0.06491434 
66 236 8 11 0.06491196 
754 379 20 23 0.06487491 
152 212 7 10 0.06450048 
360 214 8 10 0.06406772 
121 297 10 13 0.06389874 
6 304 10 12 0.06380777 
486 268 10 14 0.06354198 
159 284 10 13 0.06320224 
504 237 9 11 0.06300812 
934 334 11 15 0.06299734 
949 214 9 13 0.06294488 
794 401 15 18 0.062532686 
385 208 8 9 0.062427066 
117 458 12 18 0.062400635 
881 404 15 18 0.06233853 
400 221 9 12 0.06206678 
231 339 12 15 0.06185024 
636 273 14 17 0.061841924 
429 253 12 15 0.06181223 
433 246 9 10 0.061772846 
110 340 13 15 0.061762877 
47 340 11 16 0.061706297 
543 181 9 11 0.061632816 
28 331 12 17 0.061627127 
574 339 12 16 0.061330736 
222 302 8 12 0.061301515 
247 455 24 32 0.06123632 
479 236 9 12 0.061122075 
537 211 9 11 0.061012104 
967 265 13 15 0.060907863 
549 378 14 18 0.060757726 
163 469 15 18 0.060472745 
909 278 10 12 0.059935614 
20 356 13 17 0.05969312 
396 307 12 15 0.0596553 
441 392 16 19 0.059504207 
487 379 13 15 0.059478614 
423 240 9 11 0.059186377 
892 317 12 15 0.058893 
151 254 8 10 0.058776382 
328 209 7 9 0.058711115 
755 521 24 28 0.058256764 
423 303 11 13 0.058221966 
456 247 8 11 0.058118552 
525 250 14 16 0.058052983 
957 252 11 15 0.057870757 
294 288 9 11 0.057843797 
936 215 10 12 0.05783529 
271 246 8 9 0.057634003 
283 206 7 9 0.057492357 
596 491 20 25 0.05749076 
911 231 12 15 0.057482995 
3 367 16 20 0.05741593 
461 276 10 12 0.05740126 
610 450 17 21 0.057367448 
527 222 11 13 0.05726404 
573 222 9 11 0.057116114 
885 396 13 17 0.057065737 
383 199 8 10 0.05697038 
699 352 16 22 0.05691051 
569 222 8 11 0.056846593 
95 457 19 25 0.056811042 
898 361 15 18 0.056676384 
382 232 8 11 0.056581404 
866 246 11 14 0.056393337 
787 377 15 19 0.056351926 
264 207 7 8 0.056081966 
503 209 8 11 0.055995207 
487 207 9 10 0.055897955 
921 261 10 13 0.055755574 
396 364 14 18 0.055523686 
558 319 12 16 0.05551019 
556 268 11 14 0.05550774 
195 407 16 20 0.05507377 
600 182 10 11 0.054938663 
507 391 14 20 0.054922894 
742 218 12 16 0.054828838 
370 232 8 10 0.054727606 
921 267 10 13 0.054705486 
320 225 7 9 0.05469846 
281 293 9 11 0.05449862 
6 286 9 11 0.054332957 
883 364 14 18 0.054164197 
26 337 13 17 0.054152295 
398 316 11 15 0.05412813 
156 387 15 19 0.053788383 
69 381 14 18 0.05370025 
377 543 26 29 0.05366022 
272 324 11 15 0.053576313 
762 372 16 19 0.053448193 
110 424 15 20 0.053441633 
431 271 11 15 0.053236093 
905 330 12 16 0.05297981 
392 263 10 12 0.052949 
743 228 13 18 0.05290008 
442 354 12 17 0.05283331 
719 297 19 22 0.052822072 
761 524 29 39 0.052773893 
427 200 7 9 0.052772995 
501 246 10 13 0.052461725 
516 499 25 28 0.052377094 
560 276 12 16 0.052347243 
446 252 9 13 0.052331667 
437 200 8 9 0.052301977 
998 235 15 20 0.052251894 
710 354 20 26 0.052204557 
728 209 14 17 0.05217195 
948 272 10 12 0.052058328 
523 243 13 15 0.051984027 
336 247 7 10 0.051867038 
97 279 10 12 0.051548414 
24 287 9 12 0.051292602 
397 271 9 11 0.051207066 
960 549 25 29 0.051070347 
78 268 9 10 0.051055767 
370 238 8 10 0.05082158 
166 208 7 9 0.05064088 
250 238 8 10 0.05038083 
32 312 9 12 0.05026039 
838 238 12 15 0.04999374 
103 350 14 17 0.049948793 
787 362 16 18 0.049705 
365 277 9 11 0.049557008 
430 403 16 19 0.049421005 
424 255 10 12 0.049292523 
278 231 7 9 0.049284298 
207 319 10 13 0.049057383 
877 199 9 12 0.048886504 
975 237 11 14 0.048869744 
345 294 10 12 0.048822027 
236 339 13 17 0.04871028 
672 242 12 16 0.04840506 
736 266 12 15 0.048073206 
595 268 11 14 0.04801583 
337 261 10 14 0.04796984 
950 219 10 13 0.047872093 
468 287 12 16 0.047273636 
512 208 9 12 0.047195822 
218 286 8 11 0.047160145 
815 224 18 23 0.047127984 
631 343 14 17 0.046893824 
384 215 8 10 0.04689085 
559 246 11 13 0.04682818 
479 268 10 13 0.04681878 
197 309 10 12 0.046656445 
824 214 13 16 0.04664334 
208 269 8 11 0.04658913 
377 220 8 10 0.046550103 
48 271 7 8 0.046452638 
703 203 12 16 0.046319775 
888 308 10 13 0.046269786 
1 340 14 17 0.046238016 
83 311 13 16 0.04623758 
649 232 16 18 0.046194054 
543 255 10 12 0.04606918 
525 228 11 13 0.04596564 
784 214 11 15 0.045914564 
566 182 9 11 0.04584658 
335 240 7 9 0.04582727 
668 364 13 17 0.045697168 
372 369 17 19 0.045511022 
902 271 9 11 0.045509618 
8 292 9 11 0.045295656 
257 254 9 11 0.04526887 
304 475 31 38 0.045236267 
229 303 10 12 0.045224648 
711 220 10 14 0.04507804 
747 361 14 19 0.04507601 
488 199 8 10 0.044945907 
815 402 14 21 0.044884194 
959 213 10 12 0.044870313 
423 328 11 14 0.044846434 
904 277 10 12 0.04481401 
550 252 11 13 0.04480113 
214 270 8 10 0.04463681 
96 404 21 27 0.04453987 
183 427 14 16 0.044495393 
927 236 10 14 0.04447435 
437 416 22 26 0.044410158 
345 208 7 10 0.044349845 
74 309 11 14 0.044241514 
594 332 14 17 0.04422968 
585 265 10 12 0.044185214 
256 434 18 24 0.044102393 
827 414 17 21 0.04405458 
438 252 11 13 0.043936115 
439 230 9 10 0.043702662 
830 245 13 15 0.043685235 
863 355 11 15 0.043441113 
164 332 10 13 0.0434357 
533 344 14 17 0.04322539 
879 337 11 14 0.04317462 
856 244 11 15 0.04305611 
123 396 15 20 0.043008454 
464 200 8 10 0.0429613 
900 377 15 17 0.042953085 
430 315 12 15 0.04291111 
274 231 7 9 0.042703345 
680 266 13 16 0.042619865 
283 325 12 18 0.04238164 
911 271 9 11 0.04217808 
495 323 12 14 0.04212027 
244 322 14 17 0.04204267 
226 230 7 9 0.041851148 
932 431 17 22 0.041584753 
1001 228 16 18 0.041576557 
852 222 12 17 0.041537147 
477 247 9 11 0.041463982 
919 291 9 12 0.041422475 
15 351 11 14 0.041364335 
519 292 11 13 0.041303378 
488 222 10 11 0.0412979 
207 208 8 10 0.041247137 
343 244 10 11 0.041243143 
206 368 23 28 0.041165136 
63 271 8 10 0.041150764 
360 200 7 10 0.04112926 
151 296 9 12 0.04110332 
952 415 24 27 0.041014478 
311 325 13 16 0.040979825 
191 284 10 13 0.040949583 
699 487 18 22 0.040924605 
1006 214 11 12 0.040773228 
929 222 10 14 0.040697068 
306 215 6 8 0.040580105 
105 217 7 9 0.040575307 
537 286 10 13 0.040475596 
249 232 8 10 0.040360533 
196 319 11 13 0.04035593 
68 373 13 15 0.04026578 
165 370 13 16 0.040206317 
453 424 16 23 0.04015329 
950 395 16 19 0.04011981 
1001 221 14 16 0.04006225 
892 310 11 13 0.03997129 
329 246 8 10 0.03987338 
374 208 8 10 0.039798647 
533 392 18 24 0.039787818 
813 277 11 13 0.03976588 
423 375 14 19 0.039756447 
261 431 23 30 0.039617095 
30 284 9 11 0.039509293 
404 396 15 19 0.039428137 
47 285 8 10 0.039415956 
495 230 9 11 0.039362818 
185 271 8 10 0.039325304 
272 239 8 10 0.0393128 
134 395 13 19 0.039291672 
453 378 12 16 0.03910498 
154 404 14 17 0.039093867 
581 386 14 18 0.038952556 
928 214 10 12 0.038948976 
407 247 9 11 0.03877375 
523 276 10 13 0.038755216 
4 334 12 15 0.038638752 
843 508 23 28 0.038475763 
524 272 18 22 0.038457077 
30 430 15 20 0.038406875 
558 261 12 14 0.038398024 
281 288 8 11 0.038393453 
189 207 8 9 0.03829506 
632 296 14 18 0.038258903 
347 301 11 13 0.038244914 
795 219 13 16 0.038206547 
876 447 17 22 0.03809033 
415 291 10 12 0.03801305 
220 339 13 16 0.038009126 
646 347 14 19 0.037981115 
551 318 12 15 0.037940245 
603 211 13 17 0.03792785 
351 256 9 11 0.037864935 
79 514 15 20 0.037798554 
372 334 14 19 0.037609864 
957 408 17 20 0.03759492 
512 242 11 14 0.037542246 
867 306 13 15 0.037438817 
895 290 12 15 0.03743753 
907 466 15 20 0.037281048 
881 225 10 15 0.03725411 
788 449 16 20 0.037241694 
360 239 7 10 0.037180766 
57 269 7 10 0.037140574 
238 330 13 16 0.03696627 
880 250 12 15 0.03694403 
106 261 8 11 0.03692069 
340 323 11 14 0.036906492 
446 247 9 12 0.036883213 
66 278 8 10 0.036793407 
643 274 16 18 0.03665903 
662 403 15 17 0.036544643 
152 324 10 13 0.03645907 
477 222 9 12 0.036398567 
630 269 12 16 0.036372468 
733 554 19 21 0.036315296 
373 419 15 20 0.03631026 
560 236 10 12 0.03614772 
444 425 17 23 0.036133002 
111 334 12 14 0.036124837 
183 354 13 16 0.036053512 
61 294 10 13 0.036030494 
110 256 9 10 0.035988253 
780 367 16 21 0.03595647 
295 320 13 18 0.035752527 
374 244 9 11 0.03574599 
713 266 11 15 0.035675067 
28 458 12 16 0.035635527 
519 223 9 12 0.03554743 
527 323 12 15 0.03553629 
165 283 17 22 0.03551782 
889 195 10 12 0.03550771 
35 554 16 20 0.035476312 
144 377 14 17 0.035426166 
69 531 25 28 0.03539093 
287 224 8 9 0.035378747 
795 199 11 13 0.035281036 
107 517 20 28 0.035232604 
686 299 14 17 0.03522217 
489 332 11 14 0.035190884 
837 225 12 17 0.035140485 
799 339 12 16 0.035140287 
191 304 9 12 0.035128247 
901 192 9 11 0.035095952 
662 210 14 18 0.034930017 
408 237 9 11 0.034907255 
455 200 8 9 0.0348492 
385 243 8 11 0.034826353 
288 230 7 10 0.034765527 
359 261 8 11 0.034757704 
841 252 14 18 0.034714893 
405 517 26 35 0.034711372 
791 410 15 20 0.034692388 
271 207 7 9 0.034651555 
1011 214 11 13 0.0345293 
175 324 11 14 0.03446444 
526 290 10 13 0.03444256 
950 448 27 31 0.03437839 
620 364 14 17 0.034364905 
105 256 8 11 0.03433802 
43 556 14 19 0.034303736 
875 382 15 18 0.034294043 
444 212 8 10 0.034261074 
453 338 12 15 0.03421368 
994 336 16 21 0.03419353 
677 361 14 18 0.034175232 
116 339 11 14 0.034103222 
615 384 14 20 0.034059357 
483 549 18 23 0.034052588 
504 192 7 9 0.033922896 
509 311 12 14 0.033907052 
648 190 8 11 0.033891793 
469 318 13 16 0.033886474 
567 229 9 11 0.033837706 
829 236 12 15 0.03380532 
889 412 15 19 0.033731822 
264 280 8 10 0.033730477 
756 392 23 29 0.033716004 
533 302 13 15 0.03370854 
862 351 10 12 0.03358049 
273 224 7 8 0.03355471 
622 252 11 15 0.03341756 
493 237 10 13 0.033389788 
13 323 12 15 0.0333619 
651 219 14 17 0.03335419 
904 252 10 13 0.033338577 
262 325 13 16 0.03333561 
960 554 15 19 0.033312634 
351 223 8 9 0.03329613 
885 208 10 12 0.033245556 
821 235 13 16 0.033222146 
705 344 16 21 0.03318481 
405 200 18 23 0.033153668 
367 201 7 10 0.033105336 
164 433 14 16 0.033077803 
369 245 8 11 0.032953672 
154 378 15 18 0.03283847 
259 365 20 26 0.0327572 
910 294 9 12 0.032680742 
46 280 7 10 0.032579415 
445 228 9 12 0.032560196 
417 332 13 15 0.03253496 
659 219 14 17 0.032526102 
41 405 20 27 0.03248756 
770 222 17 22 0.03245897 
28 300 10 13 0.03245777 
16 333 13 16 0.03243007 
549 365 13 18 0.032365877 
55 341 13 17 0.032347877 
201 214 8 9 0.032238837 
54 287 9 10 0.032234084 
37 338 13 18 0.0321914 
794 266 15 18 0.0321105 
690 213 13 16 0.03207953 
414 494 23 26 0.03196628 
240 280 9 11 0.03192566 
952 299 10 13 0.031904347 
650 284 14 17 0.031902194 
562 182 8 10 0.03190192 
255 276 9 11 0.031870417 
422 292 10 13 0.03172327 
278 318 12 16 0.0316852 
598 261 12 14 0.03157772 
956 221 12 14 0.03156219 
465 420 16 20 0.0314866 
473 223 8 11 0.031480934 
23 280 8 10 0.03147103 
64 287 9 11 0.03146781 
77 257 9 12 0.03146618 
566 212 9 11 0.031384025 
401 207 8 10 0.031383466 
148 335 12 15 0.031362604 
338 199 6 8 0.03129743 
461 491 27 35 0.03128033 
319 230 7 9 0.031245342 
160 221 8 10 0.031217407 
880 356 12 15 0.031217285 
139 286 10 13 0.031157684 
507 348 13 16 0.03111712 
242 207 7 9 0.031105237 
215 359 17 21 0.031075057 
387 418 16 19 0.030954426 
97 232 7 9 0.030949233 
220 294 10 13 0.030943802 
152 236 8 11 0.030915786 
903 245 10 13 0.030900477 
159 215 8 10 0.030825157 
186 419 20 25 0.030822834 
305 210 7 8 0.03075166 
138 270 10 11 0.030724825 
647 548 27 25 0.030678099 
712 336 18 22 0.030624174 
374 297 11 14 0.030556882 
812 365 13 17 0.030338647 
904 215 10 13 0.030298987 
376 377 18 22 0.03029671 
254 233 7 9 0.030262198 
300 304 11 13 0.030257378 
758 211 12 16 0.030247634 
263 270 8 10 0.03020958 
584 272 12 15 0.030165868 
644 323 12 14 0.030156557 
958 232 17 23 0.030133268 
53 304 12 15 0.030036936 
130 478 16 19 0.030010039 
910 284 10 12 0.029963199 
34 371 19 24 0.029914541 
294 432 23 30 0.029863613 
349 400 19 23 0.029854948 
622 245 10 14 0.029756654 
607 199 10 12 0.02974308 
64 255 8 10 0.029728346 
81 221 8 10 0.029703971 
782 205 11 14 0.02970353 
281 301 9 12 0.02968986 
102 341 13 15 0.029686878 
820 277 10 13 0.02962032 
295 303 11 14 0.029614167 
855 349 10 13 0.029608823 
161 421 15 17 0.029587409 
199 302 10 13 0.02957111 
488 327 10 13 0.029461239 
431 351 13 16 0.029394249 
217 347 17 20 0.029291974 
225 239 7 10 0.029212732 
129 279 9 12 0.02918024 
1014 190 8 12 0.02916807 
3 355 15 18 0.02915438 
356 347 12 16 0.02912057 
545 290 13 16 0.029105347 
792 447 22 26 0.029092751 
53 404 16 21 0.029065516 
148 263 10 12 0.029013697 
722 250 15 18 0.02900652 
365 502 23 31 0.028902007 
182 286 8 11 0.028894907 
166 350 12 15 0.028793104 
208 288 9 11 0.028752279 
471 258 12 14 0.02873159 
108 457 15 20 0.028728133 
118 544 14 19 0.028689852 
383 275 16 21 0.02863191 
855 534 25 30 0.02860698 
117 332 12 16 0.028601103 
65 232 8 10 0.02859999 
774 353 16 21 0.0285682 
750 384 15 20 0.028469158 
362 388 21 26 0.02846273 
448 201 8 10 0.028462097 
825 489 16 19 0.028458359 
62 263 7 9 0.028427865 
440 223 9 10 0.028396802 
653 360 16 20 0.028365191 
513 199 7 9 0.028355729 
851 360 13 16 0.028296823 
583 176 8 10 0.028291428 
63 385 14 18 0.028268835 
153 284 9 12 0.028262 
516 386 14 21 0.02822419 
533 253 10 14 0.028216649 
459 303 12 15 0.028172895 
751 198 18 23 0.02816365 
148 386 17 20 0.028108044 
115 412 20 26 0.028099352 
1 284 9 13 0.028056625 
102 239 8 9 0.02803747 
757 361 14 19 0.0280328 
564 260 11 13 0.028015593 
416 215 8 10 0.028013375 
880 349 10 14 0.027984055 
655 377 15 19 0.027975915 
409 310 13 16 0.027938673 
526 345 13 17 0.027849793 
160 208 7 9 0.027820786 
140 511 15 20 0.027789703 
999 217 10 13 0.027769258 
382 294 10 13 0.027768664 
496 207 9 11 0.02776298 
447 221 9 11 0.027762821 
286 301 10 13 0.027734907 
764 438 18 22 0.027729591 
487 232 9 10 0.027720137 
368 401 23 27 0.027689103 
430 229 9 11 0.027672952 
539 346 14 17 0.027631266 
81 216 7 8 0.027586313 
125 329 13 16 0.02758605 
37 312 11 13 0.027573505 
239 270 9 10 0.027521962 
404 368 13 19 0.027511768 
304 238 7 9 0.027504914 
121 475 12 17 0.027480448 
558 203 17 22 0.027439514 
720 211 13 16 0.027429994 
267 339 13 16 0.027424851 
542 279 12 15 0.027421853 
478 261 11 14 0.027415292 
899 386 16 20 0.027399657 
6 262 8 10 0.027372638 
416 338 12 16 0.027366651 
108 398 16 21 0.027282173 
183 303 9 11 0.027275383 
43 387 21 25 0.027257925 
327 284 9 12 0.027241783 
897 279 9 12 0.02723516 
1001 290 11 14 0.027234478 
105 496 16 21 0.027207306 
693 254 15 18 0.027125597 
917 221 11 14 0.02712342 
666 378 13 17 0.027120462 
262 282 17 22 0.02703312 
413 253 11 13 0.027011331 
472 270 10 12 0.026980357 
151 248 8 10 0.026975939 
173 261 8 11 0.02694425 
2 279 8 11 0.026891433 
379 363 15 19 0.026866874 
266 247 8 10 0.026843209 
495 199 8 9 0.02676512 
63 325 11 13 0.026755955 
361 245 7 10 0.02671508 
876 260 12 15 0.026713593 
92 341 13 16 0.026618127 
367 255 9 11 0.026609993 
502 299 11 13 0.026536629 
319 289 10 11 0.026500814 
948 292 11 15 0.026498526 
549 274 13 16 0.02646628 
59 300 10 14 0.026452042 
413 321 14 16 0.026436491 
352 215 6 9 0.026413992 
636 487 21 27 0.026399182 
481 199 7 9 0.026394058 
804 281 13 16 0.02636583 
251 323 13 16 0.026339622 
477 317 13 15 0.026327692 
639 284 19 22 0.026249658 
79 414 16 22 0.026248705 
226 255 7 10 0.026217882 
458 230 8 12 0.026203526 
444 299 12 14 0.026193859 
210 237 7 10 0.026121002 
872 261 10 12 0.02604422 
203 505 25 31 0.026030524 
834 215 11 15 0.025998127 
580 316 12 16 0.025976568 
373 470 26 30 0.025974765 
333 286 9 11 0.02595952 
977 213 14 17 0.025938617 
379 333 13 18 0.02591289 
409 285 10 13 0.025874048 
247 279 9 11 0.025784092 
230 239 8 10 0.02578168 
494 298 12 14 0.02574325 
397 394 14 18 0.025667649 
301 383 18 24 0.025638632 
60 334 14 16 0.025603065 
535 200 7 10 0.02557983 
815 349 11 14 0.02556778 
234 346 14 18 0.025510227 
871 367 12 16 0.025499986 
845 474 22 27 0.025487252 
631 332 15 17 0.02544322 
626 390 16 21 0.025438525 
805 455 16 22 0.025420142 
214 342 13 16 0.025414221 
949 409 16 19 0.025406597 
24 271 8 10 0.025392633 
184 277 9 11 0.025371676 
123 422 20 25 0.025345363 
412 469 19 23 0.025338635 
279 225 7 8 0.025302704 
416 240 9 11 0.025262943 
748 210 12 16 0.02522736 
895 206 9 11 0.025177028 
584 214 10 12 0.025172908 
891 389 14 16 0.025168275 
564 253 11 13 0.025136424 
517 317 11 14 0.02511217 
369 315 13 17 0.025076088 
312 224 6 8 0.025075369 
823 494 24 30 0.025052631 
223 272 8 10 0.025005 
1004 297 16 20 0.024999313 
478 498 14 17 0.02496125 
550 476 26 32 0.024931414 
694 474 15 18 0.024929935 
398 240 8 10 0.024926992 
937 232 18 22 0.024885036 
133 333 12 15 0.024847852 
866 412 22 24 0.024828754 
76 527 17 21 0.02481959 
106 439 15 20 0.02477142 
338 562 16 16 0.024727706 
678 380 14 18 0.024708169 
310 256 8 10 0.024666933 
676 369 15 18 0.024642516 
462 246 9 12 0.024616124 
374 488 18 21 0.024614165 
408 276 11 12 0.02461345 
418 356 18 23 0.024612458 
642 333 12 16 0.02460795 
151 231 9 12 0.024593687 
13 417 13 18 0.024574531 
313 174 9 11 0.024471505 
167 309 10 14 0.024431033 
214 257 8 10 0.02439673 
191 430 22 26 0.024378143 
178 198 7 9 0.024365474 
638 324 14 17 0.024333168 
307 318 12 15 0.02432595 
209 230 8 10 0.024310071 
296 239 6 8 0.024305278 
823 356 12 15 0.024176355 
975 209 10 14 0.024145057 
926 172 8 10 0.024106704 
495 310 11 14 0.024058793 
224 321 11 15 0.024043052 
776 217 18 22 0.024034604 
279 308 11 15 0.023999363 
656 174 10 12 0.023979405 
655 261 11 14 0.023959827 
163 450 14 18 0.023949536 
884 400 22 24 0.02389825 
939 335 15 20 0.023885561 
918 198 8 10 0.023871748 
790 260 13 17 0.023855006 
133 322 11 16 0.023846053 
239 263 7 9 0.023836609 
424 192 7 9 0.023820726 
431 239 8 11 0.023816256 
287 308 11 16 0.02375686 
405 386 14 18 0.023755103 
503 492 24 27 0.023731753 
617 367 19 24 0.023716899 
0 551 9 14 0.02371443 
231 333 11 15 0.023703648 
763 353 15 20 0.023653919 
892 214 10 14 0.023630178 
446 203 16 22 0.023624813 
149 391 21 25 0.023603734 
393 218 8 11 0.023546953 
966 531 29 35 0.023538506 
334 294 10 13 0.023531752 
266 239 8 9 0.023519428 
232 260 8 10 0.02351749 
73 315 13 15 0.023502287 
565 235 10 12 0.023501923 
320 247 7 9 0.023482189 
240 231 6 8 0.023477629 
965 462 16 22 0.023461217 
105 221 8 10 0.023453232 
622 511 22 28 0.023450678 
224 225 8 9 0.023426654 
100 295 10 11 0.02341516 
96 499 23 29 0.023400033 
489 493 24 29 0.023392648 
903 230 10 14 0.023386339 
902 292 11 14 0.02337772 
416 221 8 11 0.023349172 
344 222 7 10 0.02331681 
359 256 8 11 0.023276828 
829 207 12 15 0.023248812 
399 246 8 10 0.023204844 
929 465 29 40 0.023098096 
877 365 13 18 0.02306412 
670 189 8 11 0.023054399 
389 395 13 17 0.02304246 
949 208 11 13 0.022999754 
1 483 11 16 0.022997867 
444 287 12 15 0.0229778 
747 365 20 25 0.022962213 
69 246 9 10 0.022941826 
902 261 10 12 0.022915732 
191 200 8 9 0.022903549 
241 469 26 35 0.022755824 
449 263 10 13 0.022745507 
2 419 15 21 0.022742348 
133 458 24 28 0.02269674 
983 399 14 18 0.022692334 
510 192 7 8 0.02263841 
90 525 17 20 0.022606414 
488 193 7 9 0.022592138 
820 348 13 16 0.022588432 
160 492 28 34 0.02255047 
491 335 18 23 0.022487698 
263 302 11 14 0.022470478 
956 385 16 20 0.022470467 
177 428 23 25 0.022461591 
193 415 17 22 0.022379253 
230 230 8 10 0.022351695 
644 393 13 17 0.022301028 
27 364 14 19 0.022293271 
352 208 6 9 0.022281459 
129 280 18 22 0.0222672 
475 390 14 18 0.0222406 
937 326 11 15 0.022238396 
491 546 27 30 0.022233373 
349 243 10 12 0.022147285 
320 239 6 9 0.022138087 
64 319 9 11 0.022129199 
575 182 9 10 0.02212081 
313 299 10 13 0.022074442 
52 554 17 19 0.02206279 
233 247 7 9 0.02206136 
215 224 8 9 0.022039909 
745 205 10 13 0.022039888 
314 198 8 9 0.022021716 
497 437 25 30 0.022009593 
664 510 27 32 0.02198374 
320 254 9 11 0.021977078 
573 228 9 11 0.021974321 
782 293 13 17 0.02194796 
306 278 19 24 0.021917885 
615 201 10 13 0.021814644 
711 282 14 18 0.021735448 
72 269 9 10 0.021732843 
93 540 14 18 0.021722907 
777 544 30 31 0.021693617 
413 200 8 11 0.021679886 
101 396 14 19 0.021677485 
366 259 18 23 0.021643203 
201 190 8 10 0.021642542 
0 532 11 17 0.021518977 
471 201 7 9 0.021517793 
112 246 8 10 0.021499563 
125 271 8 10 0.021496138 
383 221 7 10 0.021495266 
519 394 16 20 0.021483663 
903 284 11 14 0.021481158 
510 480 24 26 0.021478789 
253 304 11 13 0.021452742 
24 318 12 14 0.02145071 
400 253 9 12 0.021447832 
453 482 17 23 0.021442534 
198 256 7 9 0.021424556 
317 289 18 23 0.021411989 
428 430 24 30 0.021384742 
574 253 10 12 0.021377226 
910 206 10 12 0.021367336 
37 366 13 16 0.021322692 
159 272 9 10 0.021278672 
43 316 11 14 0.021274488 
450 433 23 31 0.021273874 
357 338 13 18 0.02126134 
175 304 9 11 0.021220893 
365 334 15 19 0.021204159 
671 265 15 19 0.021201413 
906 471 23 29 0.021193543 
184 263 8 10 0.02119032 
343 287 10 12 0.021177838 
433 194 6 8 0.021157084 
534 258 11 15 0.021101046 
869 356 10 15 0.021100447 
520 201 8 10 0.021083994 
448 411 14 19 0.02106228 
559 294 11 14 0.021015745 
670 199 9 12 0.020996906 
864 284 12 15 0.020996666 
963 337 16 19 0.020995945 
258 261 8 10 0.020975048 
545 464 24 32 0.020961162 
389 296 18 24 0.020937346 
762 218 11 16 0.02091195 
343 275 11 12 0.02089248 
248 271 9 10 0.020889366 
425 228 10 12 0.02088915 
862 195 10 13 0.020873396 
640 206 11 14 0.02083198 
199 232 7 9 0.020821506 
369 213 8 10 0.020812584 
352 272 19 25 0.020795928 
518 510 25 31 0.02078424 
567 201 8 10 0.02077633 
191 291 9 11 0.020739986 
431 323 12 17 0.020706905 
731 285 14 19 0.020695055 
337 224 8 9 0.020664634 
106 271 8 10 0.020660477 
401 200 7 9 0.02061387 
476 493 24 32 0.020598937 
209 257 8 10 0.020574575 
518 201 18 23 0.02053559 
428 193 19 25 0.020535253 
121 362 12 17 0.020530364 
118 443 14 18 0.02050876 
336 232 7 9 0.020491522 
267 351 15 19 0.02049087 
98 237 8 11 0.020442694 
499 338 12 15 0.02042969 
226 214 7 9 0.020425009 
158 351 10 14 0.020408358 
741 531 24 28 0.020402005 
77 363 13 16 0.02033087 
185 244 9 11 0.020325962 
538 182 8 10 0.020316895 
424 210 16 22 0.020308154 
783 453 23 28 0.02029532 
999 300 13 17 0.020268615 
290 238 7 9 0.020261524 
522 546 27 32 0.020259872 
101 332 12 14 0.020250281 
28 356 12 16 0.020249477 
91 531 25 30 0.02022 
99 318 20 23 0.020199135 
63 415 18 21 0.020156939 
600 177 10 11 0.020151824 
158 237 8 10 0.02015036 
715 439 23 28 0.020083146 
617 508 17 21 0.020058692 
636 355 16 19 0.020032031 
628 473 17 21 0.020026557 
0 413 10 17 0.020000884 
