2_Demonstration_Demonstrators_2_781
106
254 167 51 72 0.99922884 
392 195 25 34 0.99891317 
545 140 58 82 0.99831676 
464 203 40 49 0.9969676 
692 223 46 54 0.98942405 
535 214 32 41 0.98916686 
932 230 25 31 0.9885457 
238 131 33 52 0.9525898 
927 272 35 41 0.9125612 
817 231 17 19 0.7380804 
859 245 15 18 0.6247468 
704 17 53 67 0.5517577 
942 272 32 34 0.50934666 
755 247 25 33 0.40423092 
762 225 18 21 0.33998483 
791 239 11 13 0.3304181 
209 137 30 42 0.3227871 
532 188 21 31 0.29620206 
128 217 13 18 0.28458947 
218 129 39 53 0.23722911 
109 228 14 18 0.21806644 
889 243 15 18 0.21784773 
978 251 14 20 0.21665 
997 239 17 21 0.21285473 
920 229 27 29 0.18666749 
534 191 13 18 0.14792764 
125 225 14 19 0.12534931 
440 224 9 12 0.11496351 
416 188 13 17 0.11137418 
1012 248 12 22 0.10776333 
140 293 16 22 0.10230935 
117 228 13 18 0.094782874 
987 238 22 26 0.0932383 
846 357 38 48 0.09170349 
939 236 27 32 0.08363978 
71 223 12 15 0.07773835 
496 209 25 34 0.07270293 
764 183 16 19 0.06274379 
848 248 15 18 0.062467344 
79 214 10 13 0.061007492 
210 121 22 32 0.05977976 
42 200 8 10 0.05579058 
957 274 21 25 0.05527708 
975 245 13 20 0.05424859 
1004 243 17 25 0.05383038 
86 209 10 11 0.05371477 
747 221 25 30 0.05367517 
866 248 13 17 0.053231455 
667 163 16 22 0.052871585 
898 218 15 17 0.051880572 
980 251 22 26 0.050737944 
756 242 20 24 0.048897136 
47 198 9 12 0.048859287 
769 231 17 22 0.048848182 
845 291 27 30 0.048242867 
70 204 10 12 0.046010677 
153 172 11 15 0.044410665 
889 240 11 14 0.04051226 
782 237 11 16 0.03793584 
749 250 16 20 0.037745707 
917 230 17 21 0.035952922 
66 220 22 25 0.034630824 
943 226 17 24 0.03364912 
121 269 11 14 0.033259604 
786 234 19 24 0.03272064 
42 205 8 11 0.031845797 
80 207 10 12 0.031739656 
116 243 12 13 0.031379603 
9 238 9 11 0.031334907 
290 648 31 33 0.031005325 
858 251 19 22 0.030659683 
230 145 49 69 0.028635385 
2 221 8 11 0.028517509 
138 172 12 15 0.028289238 
49 193 10 13 0.027493734 
664 168 12 17 0.026997527 
61 241 13 15 0.026972745 
715 153 19 20 0.026837194 
84 227 11 15 0.026663778 
922 244 42 52 0.026455445 
960 601 17 20 0.026214523 
355 205 14 19 0.025870288 
132 230 12 16 0.025285792 
340 205 25 32 0.025275476 
851 253 17 20 0.025171317 
741 225 15 21 0.02491084 
833 334 80 103 0.024851937 
501 222 26 30 0.02475926 
619 637 61 57 0.024480455 
72 215 11 13 0.024426078 
325 171 13 20 0.024069736 
895 219 23 26 0.023486776 
248 128 18 30 0.02330454 
75 231 13 16 0.022922317 
55 244 12 13 0.02275416 
1011 550 12 23 0.022106897 
36 245 10 13 0.022070661 
146 318 433 416 0.02158757 
64 229 14 15 0.021454552 
151 168 19 24 0.020705689 
782 334 15 20 0.020624306 
767 254 17 23 0.020422554 
6 221 8 9 0.020285306 
61 228 23 25 0.020284675 
778 232 19 27 0.020210123 
409 190 20 27 0.020064577 
