2_Demonstration_Demonstration_Or_Protest_2_314
22
138 335 193 265 0.99980074 
557 273 151 206 0.99827933 
842 552 32 40 0.9916453 
884 531 41 48 0.33049628 
792 543 48 66 0.13071962 
746 512 87 126 0.07186364 
488 -7 374 489 0.041961238 
873 544 37 47 0.039299235 
360 190 220 285 0.03482486 
228 141 340 447 0.0317743 
614 1133 125 184 0.030081293 
824 556 26 40 0.029776566 
858 556 30 38 0.029440418 
367 452 138 110 0.025758399 
0 461 23 36 0.024418319 
92 542 341 512 0.02256204 
424 1210 116 119 0.02177692 
28 882 410 538 0.02157057 
715 -7 58 63 0.020440467 
976 1093 13 17 0.02032038 
819 550 46 66 0.020059347 
300 11 377 486 0.020015273 
