2_Demonstration_Demonstrators_2_712
86
889 426 35 44 0.99327236 
701 535 27 30 0.96982074 
648 531 48 59 0.95456344 
765 479 37 50 0.9105379 
994 376 30 42 0.7760409 
113 566 26 36 0.7081172 
554 269 17 21 0.26897982 
803 409 15 19 0.16213839 
683 491 12 14 0.14790301 
269 336 9 11 0.14619614 
741 40 43 43 0.13939892 
641 194 11 13 0.1346626 
685 521 16 20 0.11902855 
759 546 28 47 0.10466639 
772 425 14 17 0.09507841 
124 560 30 43 0.09457808 
135 536 11 14 0.087995954 
119 543 11 14 0.07088476 
71 204 423 495 0.06443724 
684 527 41 53 0.06409356 
42 98 9 13 0.06361148 
804 417 14 19 0.062359888 
862 436 15 18 0.059684407 
336 376 50 66 0.0581993 
455 588 13 15 0.056134265 
289 344 9 11 0.053268623 
321 368 9 11 0.048723146 
996 356 28 41 0.046900492 
351 327 10 12 0.046332147 
680 519 26 36 0.045461442 
822 369 12 14 0.045323584 
124 541 11 13 0.045259193 
620 192 11 13 0.0444356 
754 443 12 14 0.04112208 
693 562 32 37 0.040862028 
304 366 10 12 0.04025573 
128 532 10 14 0.039190967 
499 576 15 19 0.038190603 
666 525 34 46 0.03754624 
139 565 32 48 0.036627647 
749 411 16 20 0.03598883 
126 527 9 13 0.03402678 
365 536 9 11 0.033480212 
773 432 14 17 0.031710062 
348 371 9 12 0.0312651 
719 446 13 17 0.031175926 
188 503 54 67 0.030523663 
544 260 11 13 0.029478045 
901 18 65 80 0.029230619 
678 485 21 26 0.028904885 
866 419 24 32 0.028269006 
425 538 45 62 0.027687434 
266 338 10 14 0.027684262 
113 541 11 13 0.027394703 
768 432 11 16 0.026971696 
361 628 60 50 0.026257545 
632 209 9 12 0.025587149 
816 405 11 16 0.02543381 
779 459 13 16 0.025096042 
278 364 12 15 0.025074858 
601 370 10 12 0.024250641 
291 348 10 12 0.023886884 
673 514 25 28 0.023802279 
197 563 11 13 0.023678675 
778 435 13 17 0.022900177 
361 539 10 11 0.02280472 
344 368 10 13 0.02275282 
861 66 176 229 0.022696149 
325 370 8 12 0.022663722 
680 610 36 33 0.02248532 
590 219 13 16 0.022215394 
695 511 27 32 0.022058504 
434 540 26 38 0.02205651 
736 11 50 54 0.021585846 
141 557 13 18 0.021461407 
189 549 12 15 0.021284897 
376 534 8 11 0.021237642 
272 389 11 13 0.020774795 
592 214 10 12 0.020774167 
484 570 13 17 0.02070131 
575 192 11 12 0.020429077 
470 583 12 15 0.020424323 
336 368 9 11 0.02035885 
630 191 9 12 0.02018705 
6 587 32 61 0.0200804 
660 -45 398 445 0.020005371 
