2_Demonstration_Demonstrators_2_188
180
373 456 94 121 0.9993937 
3 422 37 48 0.9987405 
219 347 53 58 0.99866295 
225 241 35 43 0.9982426 
188 287 36 45 0.998145 
875 364 32 42 0.99797267 
288 337 39 53 0.99178505 
483 384 39 50 0.9906097 
154 408 45 59 0.9892049 
779 1089 108 102 0.9603636 
852 224 23 26 0.82432014 
109 354 14 22 0.7354259 
957 381 14 19 0.6807752 
1007 366 15 17 0.6783828 
19 396 27 32 0.58965397 
391 339 34 41 0.4448265 
979 375 16 20 0.43752456 
79 479 80 81 0.43709522 
571 411 26 33 0.3185932 
304 273 27 44 0.30443874 
931 371 14 19 0.29520994 
941 405 23 28 0.28708345 
966 407 21 27 0.27582753 
922 519 22 27 0.215825 
542 406 22 35 0.14769837 
890 332 14 17 0.12593971 
658 368 16 22 0.12143928 
917 370 16 19 0.10720623 
119 1152 393 488 0.106682666 
516 331 20 23 0.10566794 
96 203 40 56 0.10326916 
505 537 54 63 0.10095538 
47 382 23 27 0.09794938 
949 335 9 11 0.09603698 
909 396 23 27 0.092427954 
952 408 23 27 0.09238879 
0 399 19 30 0.08424318 
382 355 32 37 0.07993787 
990 343 10 12 0.07405308 
911 327 10 13 0.07284395 
200 627 41 46 0.07282987 
751 348 41 54 0.07179423 
986 520 16 20 0.07109069 
137 261 39 52 0.06960893 
1012 334 9 11 0.06842323 
921 378 23 29 0.065657295 
12 348 17 22 0.062391903 
925 366 16 20 0.062035747 
731 338 42 56 0.057563107 
983 342 9 11 0.057162818 
965 332 10 12 0.057140157 
554 409 30 36 0.054451637 
924 389 24 29 0.054349594 
42 911 38 49 0.051913828 
357 356 22 26 0.051450823 
137 956 42 62 0.051256996 
961 328 9 11 0.050974637 
666 371 15 19 0.049088944 
1003 406 19 24 0.048228946 
947 389 25 29 0.046004023 
978 341 9 11 0.045488782 
0 396 15 18 0.044718966 
679 342 49 61 0.044653706 
630 372 10 13 0.0446455 
1002 472 21 30 0.042254776 
1010 373 14 20 0.04176786 
821 242 12 14 0.04131831 
773 354 31 33 0.041167337 
164 291 28 38 0.040894154 
956 349 11 14 0.040350463 
901 332 11 15 0.039988007 
987 381 16 20 0.0389915 
637 372 15 17 0.03876349 
926 335 9 10 0.03855783 
944 338 10 14 0.037639957 
817 272 41 53 0.03737695 
978 710 49 78 0.036864195 
91 136 26 34 0.035947625 
361 364 23 28 0.035269175 
913 450 26 32 0.034842085 
750 301 11 15 0.034711514 
774 360 44 53 0.03467552 
475 531 52 69 0.03451554 
658 355 47 60 0.034106787 
942 326 8 10 0.03350607 
935 392 25 30 0.03343087 
917 332 10 11 0.033396844 
30 405 18 23 0.03333038 
986 373 12 17 0.032149706 
457 504 91 105 0.03193671 
1004 432 18 23 0.031522125 
1014 346 10 13 0.031174673 
38 425 26 37 0.03108939 
982 335 8 12 0.031063516 
266 336 44 56 0.030497532 
679 334 30 48 0.030381355 
417 257 15 21 0.03020619 
75 951 12 16 0.030179814 
1002 496 18 23 0.029743329 
1001 371 11 15 0.029697828 
112 348 23 31 0.029610768 
706 342 51 60 0.029595377 
806 1065 72 83 0.029594501 
902 399 18 24 0.029499566 
1010 360 13 17 0.029217595 
507 334 31 33 0.02886703 
936 324 9 11 0.028836876 
13 408 39 51 0.028529072 
58 922 16 20 0.028510725 
108 202 13 18 0.028361782 
866 1138 112 123 0.028293446 
1012 339 10 15 0.028109087 
611 400 19 23 0.028044956 
106 144 15 19 0.027767096 
523 326 15 19 0.027664827 
757 301 11 15 0.027663684 
0 366 11 16 0.027608538 
999 503 15 20 0.027600782 
815 1112 112 127 0.027594008 
936 416 23 30 0.027474621 
107 150 24 36 0.02743157 
0 926 10 14 0.02735683 
892 327 21 25 0.027347708 
975 334 10 12 0.027312899 
624 369 25 29 0.02704662 
957 384 23 28 0.026957449 
909 321 10 11 0.026946392 
974 315 11 13 0.026845613 
407 344 20 25 0.026702367 
499 505 59 61 0.026437705 
609 367 45 52 0.026405467 
138 345 24 34 0.026371889 
987 577 24 32 0.026317168 
667 345 30 44 0.02628971 
321 1197 107 129 0.026064025 
36 390 26 33 0.026050199 
86 386 14 18 0.025990756 
349 184 13 16 0.025831874 
932 432 18 23 0.025726607 
927 327 8 10 0.025596475 
807 1109 37 39 0.02532589 
932 372 22 27 0.025314033 
361 359 44 51 0.0252598 
68 951 23 31 0.02519843 
291 280 31 41 0.025190828 
950 340 10 12 0.025170123 
317 184 11 13 0.025062032 
141 244 40 49 0.024715414 
619 394 16 19 0.0243905 
36 922 27 38 0.024132438 
17 373 24 30 0.023861134 
961 372 15 19 0.023838835 
722 272 14 18 0.023715023 
109 317 41 53 0.023663051 
738 360 224 219 0.023592945 
848 226 15 20 0.023545286 
947 721 56 66 0.022892175 
192 278 27 33 0.022667177 
950 328 9 12 0.022655802 
641 374 15 20 0.02205814 
53 371 23 31 0.021996347 
952 355 12 15 0.02170646 
834 354 14 17 0.021509403 
929 481 17 21 0.021505017 
156 275 27 39 0.021192975 
957 344 9 10 0.021189772 
574 419 40 49 0.021053538 
87 330 38 50 0.021018062 
640 368 11 13 0.021011455 
996 379 12 16 0.020853637 
906 325 10 13 0.020836147 
990 584 14 19 0.02077787 
118 195 30 43 0.020701017 
956 365 13 16 0.02054492 
111 966 25 38 0.020491874 
110 342 41 53 0.020490564 
998 1101 24 62 0.020281682 
402 339 18 22 0.020266283 
603 381 58 67 0.020208215 
126 295 42 52 0.020182043 
