2_Demonstration_Protesters_2_86
1334
809 321 26 31 0.9996946 
321 367 32 38 0.99964905 
117 339 29 34 0.9996202 
284 335 29 35 0.99961483 
968 351 30 40 0.99949765 
729 340 29 39 0.99923706 
492 316 25 33 0.9989911 
681 412 35 42 0.9989287 
461 374 34 42 0.99856085 
598 328 26 33 0.9983335 
218 331 24 29 0.9977366 
903 371 28 38 0.99773455 
45 480 46 52 0.9972209 
184 372 35 43 0.9969998 
928 323 29 33 0.9965023 
961 559 64 58 0.9949255 
185 315 23 28 0.99399996 
130 273 14 17 0.99339586 
533 300 20 27 0.9904192 
38 591 79 91 0.98937714 
764 300 20 25 0.98833394 
605 269 16 20 0.9882378 
73 313 23 27 0.98818576 
782 275 16 22 0.9871646 
355 474 44 49 0.98687345 
978 304 21 27 0.9862909 
677 308 25 30 0.98624504 
537 438 46 60 0.98561805 
276 291 19 24 0.9854916 
656 278 18 23 0.98537946 
330 300 19 23 0.9845808 
149 271 16 20 0.98027337 
295 273 13 18 0.9782366 
120 298 20 23 0.97648126 
24 297 21 26 0.97529924 
860 263 17 19 0.9750244 
726 292 18 23 0.9731578 
803 422 41 42 0.9713482 
101 244 13 17 0.9712725 
0 278 14 22 0.9705977 
566 287 19 24 0.970086 
620 255 13 15 0.9697788 
771 249 13 17 0.96954924 
447 267 16 20 0.9674858 
95 278 18 22 0.9634584 
393 335 22 25 0.9631426 
398 245 11 14 0.9601866 
452 299 19 23 0.9589506 
917 291 18 23 0.95771104 
462 248 12 16 0.9547488 
838 282 19 24 0.9539075 
532 278 17 23 0.9535219 
330 266 13 16 0.95051247 
134 231 13 16 0.94796234 
55 278 18 23 0.9466722 
428 257 14 17 0.9432799 
899 234 12 16 0.9432439 
651 244 12 16 0.9421553 
513 261 13 18 0.93331206 
402 301 19 23 0.9320742 
247 254 14 19 0.93079454 
203 273 16 19 0.9299389 
680 267 17 21 0.91323423 
891 302 20 23 0.9045547 
220 226 11 13 0.8597708 
884 253 12 15 0.8408236 
968 262 13 16 0.8402795 
360 272 15 18 0.83438814 
814 263 13 16 0.83433205 
571 238 12 16 0.83286434 
826 301 16 21 0.82960725 
718 228 11 13 0.81957555 
334 216 9 12 0.80644166 
741 277 14 17 0.8019041 
700 249 12 16 0.78681946 
-2 360 18 33 0.78200966 
67 187 12 15 0.7792089 
423 240 10 12 0.77764785 
380 390 25 29 0.77555305 
307 232 12 14 0.75308365 
270 268 13 16 0.7521152 
156 236 13 16 0.749934 
26 263 13 16 0.72943836 
460 232 10 12 0.72816056 
221 214 8 11 0.7207 
626 311 18 23 0.7116967 
73 266 15 20 0.7076068 
589 229 11 14 0.7048584 
103 194 10 12 0.69143033 
744 206 8 10 0.6679304 
282 247 11 14 0.6575883 
186 233 11 14 0.65422755 
292 231 8 11 0.5997745 
941 236 10 13 0.5991202 
359 231 10 13 0.5825567 
181 176 8 9 0.57668823 
248 215 9 11 0.5758983 
541 245 10 13 0.56779826 
574 269 14 19 0.5579364 
901 212 10 12 0.55072314 
761 240 11 14 0.54803026 
275 228 10 14 0.5456836 
523 237 10 12 0.5436361 
704 231 10 12 0.5331263 
837 238 13 16 0.53255945 
511 240 12 16 0.52646065 
321 254 10 14 0.5230341 
671 224 9 11 0.52086085 
1007 261 15 17 0.51246643 
258 231 8 11 0.5072031 
816 216 11 13 0.49273616 
549 230 9 12 0.4892959 
374 246 12 15 0.4889781 
727 254 12 15 0.48527062 
724 229 11 13 0.46337602 
944 277 11 15 0.45239228 
755 493 29 42 0.45093665 
305 205 8 10 0.44602105 
190 260 12 15 0.44559056 
908 262 13 15 0.43074635 
488 215 7 9 0.41519004 
100 178 12 14 0.4080248 
519 204 8 10 0.40474364 
989 253 12 13 0.4023905 
158 212 9 12 0.393593 
848 304 17 22 0.38844946 
606 223 8 10 0.38841653 
494 229 9 11 0.3727068 
204 207 9 12 0.37185845 
964 216 9 11 0.37108305 
721 207 8 10 0.36750245 
158 254 10 12 0.3666387 
983 283 14 18 0.3649279 
670 201 8 10 0.36151764 
919 236 11 14 0.3580684 
175 219 10 12 0.35703796 
766 245 14 16 0.35584593 
1011 297 13 22 0.3545405 
20 197 10 13 0.34866893 
791 254 11 13 0.3423732 
743 222 8 11 0.33980304 
131 182 8 11 0.33593532 
884 207 10 12 0.33526775 
764 282 15 20 0.33314627 
976 242 10 13 0.33067843 
202 230 9 12 0.33007988 
486 257 12 15 0.320414 
743 243 11 13 0.3100953 
952 230 9 10 0.30477154 
631 243 9 12 0.30453387 
756 223 10 12 0.30406705 
875 223 11 14 0.30355257 
319 220 9 12 0.3029173 
543 212 9 11 0.30200663 
47 183 12 14 0.30112126 
503 208 8 10 0.29938808 
277 212 10 11 0.29457337 
407 229 9 12 0.294331 
351 218 10 12 0.29368117 
253 215 8 11 0.29343477 
61 250 13 16 0.29235113 
559 207 8 10 0.2912649 
761 199 7 9 0.2904229 
775 223 10 11 0.28439152 
54 372 12 16 0.28237632 
990 223 9 10 0.2797227 
598 237 9 12 0.2756121 
272 212 9 11 0.2753933 
21 182 8 11 0.26709792 
494 412 36 52 0.26707995 
663 221 9 11 0.26586783 
781 229 11 12 0.26036954 
633 223 9 11 0.25642806 
401 208 6 8 0.25612837 
36 184 11 13 0.2486132 
668 237 11 14 0.24602997 
966 271 15 18 0.24569595 
421 359 13 17 0.24561939 
856 205 10 12 0.24301177 
206 254 11 14 0.24234979 
265 191 7 10 0.24225299 
703 206 8 10 0.23925138 
932 263 9 11 0.23650092 
406 224 7 10 0.2358143 
232 203 8 12 0.23439905 
29 336 15 22 0.23279361 
457 319 16 22 0.23149301 
654 221 9 12 0.23041748 
263 255 12 14 0.2272929 
832 182 9 13 0.2252142 
535 228 8 11 0.22516914 
744 230 9 12 0.22390117 
606 239 11 12 0.22106773 
703 222 10 11 0.21931249 
838 337 24 29 0.21878122 
578 215 8 9 0.21868964 
782 208 7 9 0.21724847 
366 229 10 13 0.2167988 
448 209 8 9 0.20907794 
328 198 8 9 0.20563924 
632 198 8 10 0.20483759 
153 189 9 13 0.20415525 
360 249 9 11 0.2019099 
405 281 13 17 0.19914806 
728 197 7 10 0.19854192 
792 213 9 12 0.19822504 
777 214 8 10 0.19822371 
164 235 11 14 0.19643128 
666 201 8 10 0.19571097 
855 201 8 10 0.19492017 
326 207 8 11 0.19487208 
698 191 7 9 0.19363412 
490 222 7 10 0.19186029 
631 228 8 11 0.19003206 
959 242 10 13 0.18913218 
885 268 11 14 0.18849146 
260 235 10 13 0.18839227 
879 236 11 12 0.18733528 
427 423 29 39 0.18712349 
777 210 8 9 0.18594106 
624 209 7 9 0.1852552 
489 230 9 11 0.18505147 
320 215 10 11 0.18437548 
924 232 9 12 0.18120189 
852 224 9 12 0.18075915 
326 234 10 13 0.17899555 
607 209 8 10 0.17866176 
761 206 8 11 0.17857888 
663 216 8 11 0.17843151 
357 216 8 10 0.17743526 
279 192 8 10 0.17518264 
936 197 9 11 0.17463374 
748 253 11 13 0.17408867 
571 311 15 21 0.17365263 
881 211 10 13 0.17304575 
1007 239 10 12 0.17303702 
246 183 8 11 0.1727902 
837 188 9 11 0.1718699 
116 242 12 15 0.17076875 
608 244 11 13 0.16962475 
677 223 9 12 0.16935441 
589 205 8 10 0.16752754 
153 184 8 10 0.16267882 
761 191 7 10 0.16216727 
252 221 9 12 0.16182503 
920 192 9 10 0.16143684 
402 228 9 11 0.16098844 
6 179 9 12 0.15836906 
689 200 7 9 0.15823777 
910 207 9 10 0.15708311 
879 192 8 10 0.15650131 
374 229 8 10 0.15616539 
409 209 6 8 0.15578319 
295 214 7 10 0.15561996 
793 245 12 15 0.15395676 
622 213 8 10 0.15388739 
425 243 14 15 0.15332249 
188 421 24 35 0.15305237 
329 214 9 12 0.15296893 
695 247 13 15 0.15169479 
384 201 7 8 0.15125746 
559 213 8 10 0.15001066 
424 222 7 9 0.1491988 
59 231 13 15 0.14911944 
728 192 8 11 0.14890276 
904 208 9 12 0.14813048 
368 222 9 10 0.14802825 
159 258 11 16 0.1480093 
384 213 7 10 0.14746743 
313 190 8 9 0.14736791 
222 209 9 10 0.14734599 
913 221 9 12 0.14716099 
832 237 13 15 0.145407 
391 214 7 10 0.14493617 
231 259 11 14 0.14210476 
696 208 8 9 0.14089406 
888 198 10 11 0.13982804 
190 276 15 17 0.1395764 
521 231 9 11 0.13955653 
664 239 10 14 0.13934079 
889 184 8 10 0.13886048 
815 207 10 12 0.1388479 
984 223 9 10 0.13625333 
915 242 12 15 0.13578585 
544 200 7 9 0.13538672 
664 184 8 10 0.13510546 
183 207 7 9 0.1349327 
144 220 11 13 0.13431251 
455 223 7 10 0.13220114 
332 328 15 20 0.13193132 
627 323 19 27 0.131729 
439 213 7 10 0.13146336 
52 187 10 11 0.13095003 
681 213 8 11 0.13054927 
183 191 8 11 0.13037793 
748 207 8 10 0.13035503 
636 334 15 20 0.12989043 
687 182 7 10 0.12965678 
304 201 8 10 0.12881932 
677 250 12 15 0.1287345 
688 207 8 10 0.12839729 
561 238 10 13 0.12710968 
738 206 7 9 0.1270441 
415 209 6 8 0.1267434 
601 177 8 9 0.12547186 
657 217 7 10 0.1250156 
688 246 10 14 0.12471798 
752 223 9 12 0.12446112 
497 208 7 9 0.12438441 
861 206 9 12 0.124353476 
605 212 8 11 0.124067664 
814 359 22 30 0.123758614 
497 237 9 12 0.123363666 
165 261 12 15 0.12196432 
0 246 9 13 0.12176378 
287 214 8 10 0.1217208 
705 200 7 10 0.1213383 
780 224 10 11 0.12078229 
725 207 8 10 0.12052519 
873 196 8 11 0.12040522 
254 206 8 10 0.1203912 
367 199 6 8 0.12028398 
759 213 9 11 0.11936813 
20 190 10 13 0.11878881 
521 428 43 56 0.1185933 
367 251 12 13 0.11852275 
904 190 8 10 0.117765844 
602 213 8 10 0.11747738 
398 282 14 17 0.11692088 
151 213 11 14 0.11663859 
439 328 14 19 0.11630243 
167 198 8 10 0.11593479 
423 217 7 8 0.11503504 
847 204 9 12 0.1148426 
797 238 10 14 0.11420854 
502 239 9 12 0.11392937 
0 450 21 49 0.113584585 
192 193 8 11 0.113469265 
925 199 10 11 0.113280706 
737 176 8 9 0.113046974 
920 204 9 12 0.11296497 
308 206 8 11 0.11281313 
921 198 9 12 0.11266067 
886 220 11 14 0.11209333 
1015 220 7 10 0.111931555 
78 182 9 13 0.11155458 
383 207 8 10 0.110857576 
750 228 11 13 0.110228755 
202 211 10 12 0.109579444 
944 212 9 12 0.10836081 
272 192 7 9 0.1083122 
849 200 8 11 0.10666165 
84 189 9 11 0.106351815 
987 230 8 11 0.105772346 
682 185 7 9 0.10546754 
832 229 10 13 0.10542166 
1002 207 8 11 0.104450956 
412 283 12 15 0.104253195 
887 191 9 10 0.10425148 
264 183 8 10 0.104238965 
637 221 9 12 0.103829406 
231 182 8 10 0.10346202 
409 215 7 9 0.10334127 
413 232 9 10 0.10311513 
370 215 8 11 0.102759376 
489 209 7 9 0.10086418 
289 224 9 11 0.10086106 
359 208 7 8 0.10079401 
560 254 11 13 0.10076325 
212 260 11 14 0.100745834 
731 259 13 15 0.10020231 
544 239 10 12 0.10005623 
654 229 10 12 0.09994714 
633 207 8 9 0.0999038 
605 177 7 9 0.09987596 
637 215 8 10 0.099650785 
1006 214 8 10 0.09939268 
757 229 11 13 0.0993619 
738 199 7 10 0.09931211 
942 198 7 9 0.09795011 
350 200 7 9 0.09784243 
249 207 8 9 0.0975755 
568 230 10 11 0.09745812 
598 296 16 22 0.097042456 
992 182 7 10 0.09671916 
647 206 8 9 0.096541554 
682 190 7 9 0.09644087 
681 208 7 10 0.09605777 
433 208 6 9 0.09597107 
802 189 9 12 0.09536563 
815 175 7 10 0.094609745 
447 349 13 16 0.09434463 
118 207 10 13 0.093267485 
54 219 12 12 0.09325701 
381 252 10 12 0.09296374 
742 182 8 10 0.09283392 
981 238 11 13 0.09255668 
265 176 7 10 0.092393994 
729 477 27 34 0.09214513 
67 271 18 23 0.09147441 
240 182 8 10 0.09140366 
343 207 7 10 0.09090322 
302 177 7 9 0.08995495 
416 215 7 9 0.08962078 
345 199 7 10 0.0894307 
513 226 8 10 0.0893249 
911 192 7 10 0.089314185 
630 192 8 10 0.08930522 
687 224 8 11 0.0891422 
158 196 9 11 0.08879953 
296 177 8 9 0.08852075 
239 176 7 10 0.08841921 
792 208 8 10 0.087756366 
0 237 9 13 0.08707954 
439 223 8 10 0.087077014 
354 230 10 13 0.086966984 
585 222 9 13 0.08688644 
292 235 10 12 0.08683194 
688 177 7 9 0.08682673 
268 262 13 16 0.086584955 
649 221 10 12 0.08655747 
250 201 8 9 0.085803606 
792 239 10 13 0.08571507 
543 223 10 12 0.085656136 
493 258 11 15 0.08546499 
625 191 8 10 0.08545826 
817 243 10 12 0.08540104 
231 236 10 13 0.08498243 
711 200 7 9 0.08497857 
486 237 9 12 0.08478127 
935 192 9 11 0.084414594 
538 433 34 39 0.083989315 
440 209 7 10 0.08365966 
218 134 7 9 0.083468236 
591 200 8 9 0.08331632 
637 198 8 10 0.082716584 
433 214 7 9 0.08264935 
224 182 7 9 0.08262012 
775 165 8 10 0.08246589 
450 223 9 11 0.082271814 
455 208 7 10 0.082070306 
701 275 14 19 0.082030565 
125 251 12 15 0.081923254 
607 193 7 9 0.08187357 
233 176 7 9 0.08154762 
341 215 8 10 0.08123192 
638 207 7 9 0.080715686 
238 205 7 10 0.08064814 
703 191 7 9 0.08061128 
462 223 8 10 0.080517 
859 291 14 18 0.0803789 
376 208 8 10 0.08032203 
663 190 8 9 0.08028285 
743 175 7 9 0.080053486 
949 298 14 19 0.07990312 
779 252 11 15 0.07941058 
721 182 8 9 0.079158895 
703 215 8 11 0.07868245 
375 214 7 10 0.078564405 
222 134 7 9 0.07825573 
878 247 13 16 0.07772431 
319 168 7 10 0.07765167 
943 243 10 12 0.07758138 
726 182 6 9 0.077559724 
128 177 9 11 0.07740733 
608 229 9 12 0.077274874 
551 355 15 19 0.07712557 
333 246 10 11 0.077061124 
319 172 8 10 0.07672428 
599 197 7 9 0.07661549 
303 222 10 11 0.07650241 
111 230 8 10 0.076495595 
518 224 8 10 0.07643789 
525 233 10 11 0.076228656 
181 214 9 12 0.0761702 
313 291 15 20 0.076148994 
553 174 7 9 0.07602333 
296 191 7 10 0.075978644 
712 217 7 9 0.07545 
961 219 10 12 0.07544027 
304 215 8 10 0.075058445 
223 244 11 14 0.07487961 
926 151 7 11 0.07428921 
142 206 10 11 0.07415175 
514 201 7 9 0.07396592 
189 242 11 14 0.07326862 
482 215 7 10 0.072850175 
440 229 8 11 0.07258292 
712 206 7 9 0.072535016 
505 168 7 9 0.07214501 
615 209 7 8 0.07208606 
302 190 7 10 0.071937636 
627 230 8 10 0.07193168 
930 267 13 16 0.07187105 
752 173 7 9 0.07152586 
4 231 10 12 0.07129205 
288 190 8 10 0.07072309 
720 212 9 11 0.07058241 
1000 175 8 9 0.070179865 
1014 182 8 10 0.069946244 
530 172 7 10 0.06984767 
1002 212 8 12 0.06981499 
151 195 10 12 0.06969542 
670 183 7 10 0.0691345 
358 220 9 11 0.06911223 
711 222 9 12 0.06903279 
327 193 8 10 0.06859533 
2 180 8 12 0.068536505 
494 224 8 10 0.06836136 
242 215 8 11 0.06803424 
600 193 7 9 0.0679768 
781 235 11 13 0.06757306 
332 251 11 14 0.067452654 
210 189 8 10 0.06716421 
114 166 8 10 0.067160234 
247 189 7 9 0.06698399 
255 200 7 10 0.066488914 
264 196 8 11 0.06629179 
391 208 8 9 0.06628688 
512 185 7 9 0.06603034 
157 500 49 55 0.065989204 
229 231 11 13 0.06588376 
821 239 10 13 0.06578674 
473 207 7 9 0.06574984 
618 213 7 9 0.06572601 
990 335 15 18 0.06568958 
856 184 8 9 0.065510206 
375 240 10 13 0.06550501 
895 207 9 10 0.065211214 
487 244 11 14 0.06515664 
735 230 8 12 0.06494107 
743 214 10 11 0.06484761 
415 360 20 27 0.06469432 
581 258 13 16 0.064660035 
59 305 13 18 0.06465267 
87 220 11 12 0.06462138 
370 207 7 9 0.06460637 
894 184 9 11 0.0645928 
826 182 8 11 0.064422265 
910 213 10 12 0.06435401 
711 229 9 13 0.064290114 
658 190 7 10 0.06427071 
78 176 9 12 0.06377618 
1007 181 7 9 0.063557275 
745 168 7 10 0.06335322 
152 243 13 14 0.06328737 
222 235 12 13 0.063175045 
649 201 8 9 0.06309818 
296 198 7 9 0.06292166 
905 198 8 9 0.06290545 
615 197 7 10 0.062778264 
538 207 8 10 0.062503 
481 258 12 16 0.06239539 
26 268 16 20 0.06210521 
739 223 7 10 0.061993454 
558 222 8 10 0.06197063 
505 201 7 8 0.06183928 
238 231 10 11 0.061792426 
739 182 7 9 0.061304223 
207 222 8 12 0.060906768 
895 189 8 11 0.06065185 
726 247 13 15 0.06036406 
373 223 8 10 0.06035307 
345 175 6 9 0.06025629 
310 199 9 11 0.060118508 
319 230 10 12 0.059517592 
406 237 10 12 0.059507415 
22 203 9 12 0.059334673 
305 490 24 32 0.05928312 
464 215 8 9 0.059265427 
602 209 7 9 0.059239425 
424 232 10 11 0.0592283 
857 160 7 10 0.059104454 
136 205 11 12 0.059044357 
312 185 9 10 0.058897834 
840 206 10 12 0.05880798 
241 221 8 11 0.058725495 
704 184 8 9 0.058426213 
392 222 7 9 0.05806996 
916 251 12 14 0.057779983 
765 206 9 11 0.05771517 
855 190 9 10 0.057689775 
976 185 7 10 0.057608288 
872 214 10 12 0.057498887 
183 496 35 38 0.05741741 
956 230 9 11 0.05739834 
574 222 10 11 0.057370074 
217 184 8 10 0.057254545 
239 150 7 10 0.057232916 
697 212 7 10 0.05710849 
446 252 10 13 0.057020787 
821 206 9 12 0.056868732 
119 199 9 10 0.056853376 
501 230 8 10 0.056647863 
614 257 14 19 0.056595087 
769 223 8 11 0.056512225 
264 207 8 10 0.056343447 
199 198 8 9 0.05620598 
953 184 8 9 0.056191694 
132 188 11 12 0.056082927 
113 208 9 11 0.056020215 
464 209 6 8 0.05591608 
737 215 8 10 0.055869352 
1012 319 12 18 0.055661283 
559 268 15 18 0.05546937 
351 191 7 9 0.05537659 
311 251 9 12 0.055335872 
225 199 8 9 0.0550788 
793 173 8 9 0.05490308 
945 221 8 11 0.05482179 
524 244 9 12 0.054821096 
637 239 9 12 0.054812316 
477 307 14 20 0.0547384 
781 213 9 11 0.054684155 
696 223 8 10 0.054682247 
805 243 11 13 0.054675553 
527 200 7 10 0.054661337 
596 232 10 12 0.054526802 
336 209 9 10 0.05444341 
592 176 8 10 0.054382063 
336 158 7 9 0.05429612 
75 276 15 22 0.054255296 
583 192 6 9 0.05413549 
405 375 15 21 0.054091267 
917 275 14 17 0.05394586 
106 313 21 26 0.053945184 
480 208 7 8 0.05386206 
441 320 15 21 0.053773534 
274 197 8 10 0.053384725 
568 199 7 9 0.05325999 
479 221 8 10 0.053018954 
583 174 7 9 0.052979026 
425 200 6 8 0.052929282 
568 168 7 9 0.05281902 
301 263 10 13 0.052499406 
191 207 8 10 0.05245551 
734 268 14 16 0.052086 
988 279 11 13 0.052073944 
503 224 8 10 0.05186826 
534 168 8 10 0.051824372 
680 280 16 20 0.051751014 
933 273 14 18 0.05166392 
559 174 8 10 0.051550988 
880 257 13 16 0.051443018 
916 504 32 36 0.051325887 
796 260 10 13 0.051097322 
938 546 44 55 0.05103683 
774 159 10 12 0.050919466 
82 270 18 25 0.05087836 
302 183 8 10 0.050775494 
190 213 8 11 0.0507656 
107 248 12 16 0.050641328 
295 182 8 11 0.05043382 
583 235 10 14 0.050407328 
336 150 7 9 0.050364275 
721 200 7 10 0.050336424 
871 252 12 15 0.050267905 
679 200 7 9 0.05015509 
287 209 7 9 0.05015443 
967 257 11 15 0.05007215 
586 200 8 10 0.04998385 
925 191 9 11 0.04982092 
840 291 21 26 0.049786396 
720 176 8 10 0.049690362 
649 240 11 15 0.049554873 
109 239 12 15 0.049551632 
153 231 10 13 0.049535386 
247 176 8 10 0.049492188 
759 173 8 10 0.04935455 
583 168 7 9 0.049240597 
986 305 23 28 0.04917554 
495 176 7 9 0.049003903 
333 236 10 12 0.048965685 
575 208 7 9 0.048907064 
488 199 6 8 0.048862666 
825 188 10 12 0.048762314 
184 197 8 10 0.048396647 
224 177 7 8 0.048293512 
290 185 7 9 0.04825991 
361 202 7 7 0.048229296 
616 193 7 10 0.048084833 
352 206 8 9 0.0480568 
536 184 7 9 0.047903366 
109 174 9 12 0.04790253 
976 189 9 10 0.04764598 
68 373 17 19 0.04761165 
303 249 11 14 0.047396928 
968 174 6 9 0.0473937 
590 254 11 14 0.047318082 
911 198 8 11 0.04724235 
910 254 13 16 0.04710441 
416 237 9 12 0.047069598 
534 422 33 34 0.04686555 
966 169 7 9 0.046820965 
230 300 13 16 0.046761632 
809 169 7 9 0.046600547 
318 190 8 10 0.046531133 
200 254 11 13 0.04648108 
745 483 25 38 0.04627236 
297 160 8 9 0.046117824 
982 289 19 25 0.045944802 
265 213 7 10 0.045927245 
206 247 10 12 0.0458153 
111 224 9 11 0.04579419 
431 224 8 10 0.045656204 
486 267 13 17 0.045599118 
550 198 8 10 0.04552064 
151 206 10 12 0.045216292 
0 350 12 22 0.045192383 
425 208 7 8 0.04502455 
1008 220 9 11 0.04493142 
597 151 9 10 0.044886865 
177 179 9 11 0.04484308 
903 472 13 16 0.04482754 
770 160 8 10 0.044816796 
742 429 24 29 0.044639062 
425 252 14 17 0.044577926 
968 183 8 10 0.044507675 
539 213 7 10 0.044477195 
553 207 8 10 0.044398706 
134 199 10 12 0.0442218 
480 231 9 11 0.04421922 
936 205 8 10 0.04420489 
863 184 7 10 0.04419632 
61 214 10 13 0.044111766 
250 135 7 9 0.044085093 
955 297 15 19 0.04398842 
801 197 9 10 0.043930065 
655 200 7 10 0.043880362 
792 167 8 10 0.043864124 
739 433 15 19 0.043847427 
570 225 8 11 0.043702714 
438 237 9 12 0.043619003 
897 160 7 9 0.043467015 
823 175 8 10 0.043428037 
981 244 11 14 0.043409675 
311 223 10 12 0.0432683 
968 228 9 12 0.043251183 
562 190 7 9 0.0431086 
559 169 8 9 0.043042175 
87 182 8 12 0.042995945 
616 176 8 10 0.042927332 
783 167 7 9 0.042883553 
407 191 7 8 0.042874686 
958 189 9 10 0.042719327 
901 185 9 10 0.042497236 
706 377 15 19 0.04244567 
550 225 9 11 0.04238004 
391 229 9 12 0.042362783 
375 285 11 15 0.042313755 
41 404 23 29 0.042309847 
536 201 8 9 0.042297598 
923 272 16 19 0.04218467 
841 484 11 12 0.042107437 
561 201 8 9 0.041976366 
794 299 14 18 0.04194508 
717 224 18 22 0.041926138 
337 192 7 9 0.041834418 
636 227 11 13 0.04169777 
56 252 12 15 0.04169184 
998 371 22 33 0.041622646 
314 159 7 9 0.041579623 
390 254 9 12 0.041429237 
327 282 13 15 0.04138408 
711 166 8 10 0.041312203 
816 181 7 9 0.041175377 
551 192 7 9 0.041141044 
1012 238 8 12 0.040848777 
262 246 13 16 0.040822126 
840 159 8 10 0.04081814 
210 269 14 19 0.04080202 
568 207 7 9 0.04076051 
364 261 14 17 0.04067791 
1006 232 9 11 0.040641256 
847 190 9 10 0.04055753 
735 168 9 10 0.040549308 
879 136 8 10 0.04053145 
453 215 8 9 0.04043713 
119 192 8 10 0.040415432 
988 238 11 13 0.04037144 
519 185 8 9 0.04009041 
686 212 9 11 0.04006617 
14 221 8 11 0.04005461 
286 166 7 9 0.040014718 
871 248 10 12 0.03998244 
217 209 9 11 0.039958593 
81 404 11 15 0.03992971 
624 222 9 10 0.03988334 
886 274 11 15 0.03983432 
907 348 27 34 0.03983321 
178 208 8 10 0.03981774 
405 261 12 15 0.03978522 
839 213 9 12 0.03976967 
937 233 11 13 0.03973401 
401 200 6 9 0.039645247 
341 151 7 9 0.03961338 
886 341 15 21 0.039377805 
686 191 8 10 0.039368823 
307 244 12 15 0.039345443 
1014 175 8 11 0.039084975 
627 196 8 10 0.039077666 
430 229 8 11 0.03881726 
447 247 10 12 0.038815107 
664 176 9 10 0.038749754 
388 568 32 37 0.03860272 
848 165 8 9 0.038579687 
387 260 11 14 0.03852408 
480 176 6 8 0.03850502 
735 192 8 10 0.038489815 
77 214 11 14 0.038471308 
607 248 13 16 0.03830695 
39 253 12 15 0.038227513 
846 183 8 10 0.038202073 
591 242 12 14 0.038176402 
1000 246 9 12 0.038169842 
335 166 8 9 0.03814322 
751 213 8 10 0.038118165 
235 150 7 9 0.038077667 
109 196 8 11 0.037769523 
749 258 12 15 0.0377271 
861 159 8 10 0.037710734 
879 268 11 14 0.037658833 
962 169 7 9 0.03758046 
566 191 7 9 0.037536025 
205 235 10 12 0.037503503 
991 265 11 15 0.037372835 
527 216 7 9 0.0373451 
446 229 9 11 0.037342954 
272 174 7 9 0.037312336 
45 254 10 15 0.037259836 
72 216 10 12 0.03713854 
862 239 11 13 0.03707901 
297 208 6 9 0.037074115 
618 182 7 9 0.037069757 
238 144 7 10 0.037039794 
1015 230 8 11 0.0370086 
917 269 11 15 0.036952995 
222 128 8 10 0.036841106 
208 185 8 10 0.036681272 
288 161 6 9 0.036612783 
649 217 8 10 0.036592197 
609 469 42 64 0.036452666 
824 158 8 10 0.03644608 
497 183 7 9 0.036366377 
886 227 10 13 0.03635247 
951 169 7 8 0.036308598 
743 189 7 10 0.036291584 
575 159 7 8 0.036286224 
233 144 8 10 0.03622752 
711 183 6 9 0.036078926 
197 192 9 10 0.03605755 
908 272 16 18 0.03602922 
124 244 11 15 0.03601415 
572 230 11 14 0.035927646 
512 205 8 10 0.035909213 
894 310 23 29 0.035717595 
431 200 6 8 0.03562065 
514 271 15 18 0.035597693 
153 251 11 14 0.03556482 
727 176 7 10 0.03553897 
705 166 7 10 0.035516128 
504 190 6 8 0.035407703 
179 221 10 12 0.03539955 
197 260 13 15 0.035299387 
456 226 18 22 0.035299245 
543 184 7 8 0.035294767 
192 265 19 23 0.035164118 
677 287 16 19 0.035138857 
815 297 23 26 0.035019916 
912 239 10 13 0.03500177 
487 194 6 7 0.034966838 
245 247 13 16 0.034888938 
399 212 8 10 0.03485314 
332 210 17 22 0.034838043 
558 231 9 12 0.034731228 
312 285 12 17 0.034730185 
536 332 20 27 0.03468213 
696 184 7 9 0.03466807 
729 284 18 23 0.03465987 
753 190 8 10 0.034550857 
992 176 8 9 0.034491744 
697 230 9 11 0.03447867 
383 267 12 15 0.034471896 
745 151 8 10 0.03445993 
382 239 9 12 0.03444996 
593 192 7 9 0.034374658 
976 198 9 11 0.034352124 
611 238 11 14 0.03433418 
247 558 10 13 0.034280244 
972 324 16 21 0.034207422 
525 253 11 15 0.0341465 
118 221 10 13 0.03400729 
801 185 9 11 0.033571027 
228 243 13 16 0.033505082 
182 252 11 14 0.03350497 
944 174 8 10 0.033474393 
115 259 14 17 0.033441532 
798 232 9 11 0.03343659 
195 275 19 21 0.033404477 
365 291 13 18 0.033401422 
765 199 7 10 0.0333884 
528 222 8 10 0.033378955 
119 230 8 11 0.03337569 
575 167 8 10 0.033346944 
791 160 7 9 0.03328311 
770 166 8 10 0.0332819 
993 166 8 10 0.033098184 
604 292 14 19 0.033018425 
495 243 10 12 0.03291885 
637 193 8 9 0.03287461 
74 374 20 25 0.03284667 
999 260 10 14 0.03282784 
625 237 10 12 0.03282153 
200 248 10 12 0.032724928 
985 258 10 14 0.03252471 
952 235 9 13 0.032484286 
357 262 14 17 0.032481458 
528 184 7 9 0.032455493 
758 283 14 19 0.0324176 
695 199 7 9 0.032319434 
566 174 7 9 0.03230601 
719 167 8 9 0.032279994 
140 437 13 16 0.032179613 
577 174 8 10 0.032094248 
949 213 9 11 0.032088142 
848 386 18 20 0.032086518 
482 192 6 8 0.032063734 
382 230 9 11 0.03205906 
855 164 8 10 0.032053776 
496 201 6 7 0.032029774 
950 174 8 10 0.031991877 
336 196 7 10 0.031918652 
726 213 8 11 0.031877767 
861 210 10 13 0.03182766 
1016 198 8 10 0.031816892 
863 189 7 10 0.03176268 
712 259 10 14 0.031698454 
105 229 10 12 0.031684753 
898 143 7 9 0.031663198 
273 168 7 9 0.031661835 
612 230 9 11 0.031653315 
414 429 34 44 0.03150245 
246 238 9 12 0.03149486 
830 177 8 10 0.031466056 
953 188 9 11 0.031403292 
211 253 11 14 0.03135535 
998 299 15 20 0.031325996 
257 151 8 9 0.03131779 
767 229 9 12 0.03113453 
127 223 9 12 0.03094355 
836 231 11 13 0.030913843 
832 304 16 21 0.03083334 
703 159 8 9 0.030752175 
848 161 7 10 0.030748453 
176 247 10 13 0.030645754 
165 208 8 10 0.0306187 
112 161 9 10 0.030614974 
436 254 12 16 0.030536322 
323 201 18 23 0.03048794 
831 223 11 13 0.030485308 
494 214 8 9 0.030468034 
594 183 7 8 0.030465206 
174 229 10 13 0.030437492 
751 420 27 32 0.03042558 
808 214 10 12 0.030367067 
563 260 12 14 0.0303603 
648 134 8 9 0.030359186 
201 223 9 12 0.03025466 
546 192 7 8 0.030230267 
319 184 8 9 0.030220525 
919 328 28 35 0.030207638 
270 207 20 23 0.030180946 
326 174 7 9 0.030177204 
356 226 17 22 0.030171333 
428 314 13 17 0.030153649 
328 152 7 9 0.030130312 
806 184 8 10 0.030118994 
167 215 9 10 0.030072454 
785 185 7 9 0.030066377 
876 346 22 26 0.030033303 
941 328 19 22 0.029983537 
342 158 7 8 0.029967546 
418 198 6 8 0.02996674 
28 221 11 13 0.029929498 
741 260 13 15 0.029926937 
554 169 7 10 0.02991041 
950 208 9 12 0.029860366 
719 152 6 8 0.029837018 
529 190 7 9 0.029688168 
214 189 9 10 0.029636292 
741 316 16 19 0.029588073 
314 174 8 9 0.029549802 
338 184 7 9 0.029537704 
239 156 8 11 0.029506639 
281 168 8 8 0.029492617 
1011 243 11 14 0.029484896 
708 251 11 16 0.029331163 
466 421 22 32 0.029250914 
272 159 7 9 0.029161151 
264 168 7 9 0.02903149 
39 467 28 35 0.028950514 
97 206 9 12 0.02894988 
792 218 9 13 0.02884205 
104 223 9 11 0.028824031 
597 157 10 10 0.02880519 
315 167 8 10 0.028796654 
67 246 15 18 0.028791973 
711 191 7 9 0.02876286 
831 251 13 15 0.028740317 
511 256 12 15 0.028728662 
390 200 7 9 0.028726535 
931 349 17 23 0.028687539 
670 421 29 31 0.028677458 
944 169 7 9 0.028674329 
200 201 17 23 0.02867091 
202 136 7 8 0.02864707 
397 291 14 17 0.028596912 
93 222 9 11 0.028531654 
1011 472 14 26 0.028492274 
758 152 8 10 0.028490532 
996 251 11 14 0.028471656 
643 344 20 25 0.028388964 
927 212 9 11 0.028363457 
302 199 18 24 0.02831679 
293 296 14 19 0.028316421 
704 175 8 10 0.028268153 
845 349 17 22 0.028195519 
546 176 7 8 0.028080203 
343 192 7 9 0.028064368 
445 202 19 24 0.027963057 
731 429 24 33 0.027946224 
57 372 20 25 0.027932463 
238 166 8 9 0.027890798 
820 253 14 16 0.027868634 
752 152 8 10 0.027853142 
367 192 6 8 0.027815185 
814 225 14 17 0.02781367 
472 222 9 10 0.027780615 
471 192 6 8 0.027757147 
145 199 9 12 0.027756672 
230 222 9 12 0.027656076 
790 231 9 12 0.027599739 
54 257 12 16 0.02752361 
632 152 6 8 0.027477875 
317 159 8 10 0.027416158 
246 210 17 22 0.02738322 
481 244 10 13 0.027371181 
391 289 13 17 0.027342001 
21 177 10 12 0.027276281 
974 231 8 10 0.027208764 
879 141 8 9 0.027102375 
687 239 9 12 0.027099816 
845 507 38 48 0.027074069 
313 152 7 9 0.027067898 
902 255 11 14 0.02706744 
365 234 11 14 0.0270141 
836 247 15 16 0.027012773 
82 382 15 19 0.026983354 
790 185 8 9 0.026957702 
244 343 22 26 0.026934484 
534 287 23 31 0.026928667 
47 375 16 21 0.026892493 
318 248 12 14 0.026873406 
118 249 12 16 0.026823984 
578 191 7 9 0.026719043 
789 189 9 12 0.026672527 
913 260 12 15 0.02660866 
873 370 23 30 0.026607381 
847 213 8 11 0.026595796 
714 152 7 8 0.026579307 
89 493 25 35 0.026519468 
545 223 18 25 0.02651791 
912 227 9 12 0.026492389 
526 205 7 10 0.026471827 
231 213 8 11 0.026440624 
798 173 8 10 0.026425133 
832 159 7 9 0.026412655 
581 159 7 8 0.026381234 
379 200 7 9 0.026361495 
982 200 10 11 0.02635958 
791 200 8 10 0.02635954 
288 197 8 10 0.026280817 
783 173 8 9 0.026263764 
597 254 11 14 0.026250152 
649 227 9 12 0.026211036 
511 168 6 9 0.026197847 
918 355 24 34 0.026188139 
132 176 10 11 0.026176473 
575 200 8 10 0.026125206 
765 190 8 11 0.026115168 
444 309 20 27 0.026064511 
538 240 17 23 0.026039466 
662 322 13 18 0.026003474 
774 238 12 14 0.025987718 
993 188 8 10 0.025929509 
278 174 8 10 0.025924224 
15 176 9 12 0.02586757 
224 190 9 10 0.02586216 
748 286 15 20 0.025845712 
722 191 7 9 0.025838066 
623 184 7 9 0.02582713 
640 254 10 13 0.02579507 
716 424 29 35 0.025786204 
922 155 9 12 0.025777895 
992 160 7 9 0.02574173 
809 206 9 12 0.025702784 
99 191 19 22 0.025689451 
220 291 16 20 0.025684653 
997 168 8 9 0.02566773 
448 200 7 7 0.025633292 
468 514 35 40 0.025618063 
991 217 9 11 0.025595939 
591 168 7 10 0.025503622 
101 210 10 13 0.02543194 
858 281 16 20 0.025430392 
139 298 14 20 0.02540614 
397 200 19 26 0.02537829 
847 175 9 10 0.025318785 
352 167 6 8 0.025232702 
570 160 7 8 0.025203796 
712 176 7 9 0.02516369 
875 308 14 18 0.025146455 
169 220 10 12 0.02512367 
130 230 10 13 0.025120191 
104 160 9 11 0.025117913 
542 167 8 9 0.025077632 
609 198 7 9 0.025068419 
560 185 7 8 0.025051665 
1004 270 16 19 0.024998385 
701 226 19 22 0.024929821 
502 256 9 12 0.024923097 
653 260 11 14 0.024911767 
624 134 8 9 0.024905803 
999 356 22 33 0.02490564 
774 199 8 10 0.024841474 
504 242 9 13 0.024807008 
206 135 7 9 0.024797505 
593 132 9 10 0.024785155 
706 414 31 33 0.024782006 
484 310 24 32 0.024700379 
518 231 18 22 0.02466721 
575 262 14 16 0.024585372 
767 212 9 11 0.024504103 
1005 200 10 11 0.02447888 
697 237 11 13 0.024443824 
973 276 19 25 0.024420725 
511 284 13 19 0.024331769 
35 321 15 21 0.024264205 
702 152 7 10 0.024255235 
69 363 15 18 0.024215052 
117 160 8 10 0.024197763 
327 247 11 13 0.024185274 
600 240 10 15 0.024184497 
901 143 8 9 0.024170361 
766 326 15 21 0.024146229 
277 263 11 14 0.024139207 
232 168 8 9 0.024137398 
206 201 8 9 0.024095437 
257 191 7 9 0.024044393 
837 221 9 12 0.024038818 
776 173 7 9 0.024025619 
905 295 21 28 0.02401376 
398 459 27 30 0.024004942 
448 192 6 8 0.023907037 
23 213 9 11 0.02389339 
471 199 7 9 0.023848554 
622 175 8 10 0.023848256 
1006 231 19 26 0.023835888 
668 424 17 22 0.023830336 
535 190 7 9 0.023820344 
279 184 8 10 0.023803653 
871 207 9 12 0.023798455 
231 189 7 10 0.02376815 
759 157 7 9 0.023732647 
844 496 33 36 0.023702344 
984 182 8 11 0.023661299 
164 255 11 14 0.023584712 
431 191 7 8 0.02357496 
814 168 7 9 0.023550965 
1001 239 9 12 0.023546426 
489 224 19 23 0.023511121 
216 235 10 13 0.023500085 
565 268 15 19 0.023462491 
395 433 36 44 0.023456248 
754 434 24 29 0.023424689 
521 167 7 9 0.023424556 
909 333 25 31 0.023411326 
913 436 32 34 0.023398237 
862 201 9 11 0.02339474 
707 234 11 13 0.023364898 
630 174 7 9 0.023343176 
856 305 17 22 0.023335997 
814 255 14 16 0.023324654 
185 277 11 16 0.023193749 
69 352 16 20 0.023182683 
693 293 13 17 0.023166971 
190 175 7 9 0.023116654 
744 144 8 9 0.023107568 
896 291 22 27 0.023098554 
114 307 20 27 0.023072163 
829 260 13 16 0.02306815 
141 244 12 14 0.023066914 
440 200 6 8 0.023030493 
831 213 10 12 0.023027446 
351 184 7 8 0.023002496 
319 250 18 23 0.022981953 
740 199 19 24 0.022976192 
854 235 10 13 0.022911446 
216 209 18 22 0.022897081 
413 253 12 15 0.022829501 
918 213 8 11 0.022829449 
108 307 15 21 0.022809247 
796 218 11 14 0.022806536 
941 192 9 11 0.022794647 
336 146 7 8 0.022786068 
465 199 6 8 0.022764597 
616 332 21 28 0.02272937 
438 426 34 44 0.022718081 
644 324 21 28 0.022683736 
36 258 13 17 0.022658644 
702 335 20 29 0.022643436 
805 252 12 14 0.022638656 
986 160 7 9 0.022632428 
616 167 8 10 0.022614092 
443 386 12 17 0.022572612 
98 197 9 11 0.022572279 
320 198 8 10 0.02253455 
809 265 14 17 0.022525689 
490 177 7 9 0.022498522 
797 207 9 11 0.022468721 
619 299 23 29 0.022415424 
598 145 9 10 0.022398133 
284 261 12 14 0.02238762 
990 206 9 11 0.02233174 
659 185 7 11 0.02231409 
696 167 8 10 0.022272222 
401 258 11 15 0.022216208 
521 214 8 9 0.022186369 
679 168 9 9 0.022185937 
338 267 11 14 0.022181612 
758 249 14 17 0.022087762 
377 192 6 7 0.022070508 
289 225 16 21 0.022046529 
665 194 19 24 0.021982875 
998 190 8 9 0.02193558 
465 168 7 9 0.021930665 
798 168 7 9 0.021917803 
248 229 8 11 0.021885281 
28 256 12 15 0.021838965 
620 342 501 480 0.02172284 
344 219 9 12 0.021717813 
493 266 12 17 0.021667203 
38 199 11 12 0.021661365 
185 133 8 10 0.021641273 
739 390 28 34 0.02163837 
158 176 8 10 0.021626137 
510 425 36 45 0.021608826 
999 268 12 15 0.021578964 
829 177 18 24 0.021558497 
698 158 8 10 0.021557083 
872 184 7 9 0.02155652 
152 176 9 11 0.021554202 
505 173 7 9 0.021514742 
841 165 8 9 0.021510473 
456 192 6 8 0.021425491 
936 213 9 12 0.021397537 
862 152 8 10 0.021326607 
471 214 8 10 0.021297142 
173 236 9 12 0.02128147 
671 177 7 9 0.02125022 
814 212 17 21 0.021216694 
396 360 21 31 0.021216683 
983 216 10 12 0.021202676 
352 137 7 8 0.021188885 
576 153 7 9 0.021186572 
870 526 28 32 0.02114305 
1006 255 13 16 0.021134099 
217 175 8 10 0.021114629 
328 168 8 9 0.021112122 
69 413 15 20 0.021100357 
872 236 11 14 0.021097543 
256 167 7 9 0.021093316 
752 217 18 22 0.021079814 
809 173 8 10 0.021029234 
62 308 21 27 0.02102148 
805 198 9 10 0.020982215 
0 308 9 15 0.020958882 
253 282 11 16 0.020940507 
185 144 7 9 0.020933405 
937 167 8 11 0.02089377 
137 271 17 22 0.02089311 
97 239 11 15 0.020890329 
402 191 7 8 0.020886244 
816 158 9 11 0.020881865 
93 490 13 20 0.020878034 
169 135 7 9 0.020861018 
86 195 9 12 0.020855349 
133 127 8 9 0.020846661 
344 183 7 9 0.020833336 
569 153 8 9 0.020827407 
432 320 19 23 0.020808222 
960 210 18 22 0.020779869 
38 230 10 12 0.020764226 
38 204 10 12 0.020760395 
822 227 12 15 0.020756979 
94 271 15 18 0.020662878 
747 245 11 14 0.020649828 
118 174 8 11 0.0206402 
133 253 12 14 0.020637764 
215 246 10 13 0.02063636 
999 181 8 10 0.020613663 
216 199 8 9 0.020591998 
384 222 7 10 0.020547735 
656 205 8 10 0.020539772 
297 165 8 9 0.020530742 
3 236 11 13 0.020498365 
741 216 18 23 0.020469584 
693 272 13 19 0.02046197 
720 160 7 9 0.020450281 
516 194 17 23 0.02044208 
967 207 9 10 0.020429632 
627 279 15 19 0.02038706 
73 300 23 29 0.020308726 
670 190 8 10 0.020300264 
310 214 8 11 0.020285267 
435 407 25 34 0.020280397 
1003 478 21 41 0.020268107 
397 317 23 29 0.020242313 
293 245 11 14 0.020207582 
30 228 10 12 0.020158948 
254 226 18 23 0.020107942 
1007 456 21 38 0.02006117 
151 133 8 10 0.020046227 
16 176 19 24 0.020007405 
