2_Demonstration_Demonstrators_2_713
185
363 388 25 37 0.9704523 
93 379 52 68 0.6089886 
462 382 26 34 0.5954352 
547 366 27 33 0.5625406 
518 329 25 41 0.5580389 
557 343 24 32 0.44457275 
401 310 21 28 0.3589172 
669 413 12 18 0.21348043 
860 314 15 18 0.19868152 
935 279 9 12 0.17738456 
300 300 11 14 0.16741665 
685 331 16 19 0.15485619 
558 272 9 11 0.15061095 
140 280 25 34 0.14804667 
524 259 11 13 0.14643057 
846 326 11 13 0.13128003 
575 264 9 12 0.13062607 
350 395 27 33 0.11579779 
540 310 27 29 0.09264259 
575 285 8 10 0.08406683 
293 315 14 17 0.083089426 
864 381 10 11 0.08215811 
461 291 11 13 0.0821214 
441 301 10 12 0.078365475 
288 318 11 15 0.078245774 
555 314 15 19 0.07590471 
601 269 10 12 0.07425379 
837 337 13 15 0.073272936 
445 270 9 11 0.07260626 
339 293 15 19 0.07179945 
390 310 23 29 0.0702929 
893 308 11 14 0.06909695 
573 426 15 19 0.068565235 
501 279 14 21 0.067711495 
13 350 48 64 0.06730045 
1005 245 9 12 0.06515118 
419 282 12 14 0.06484863 
551 292 12 15 0.05893199 
844 330 12 15 0.058223695 
275 339 14 19 0.057587277 
369 240 10 12 0.056976255 
382 323 13 17 0.056278065 
372 244 9 11 0.05546975 
285 261 8 11 0.0544004 
385 373 27 39 0.052705403 
276 420 12 18 0.052424185 
350 239 12 15 0.05175808 
1001 245 9 11 0.051504392 
375 307 12 17 0.04908702 
458 263 8 10 0.04908619 
427 261 9 11 0.04777833 
526 320 27 41 0.046988815 
851 323 13 14 0.046920065 
535 260 9 12 0.046428185 
444 296 10 11 0.04615678 
144 275 39 53 0.04601416 
54 235 10 12 0.04413543 
299 306 13 15 0.04389031 
425 441 39 55 0.043522187 
479 309 12 17 0.041873064 
345 405 29 41 0.041680396 
889 301 10 15 0.041128058 
625 317 9 13 0.040186353 
36 320 19 23 0.039349947 
679 338 13 17 0.038579583 
275 362 13 17 0.03844944 
410 307 16 22 0.03828093 
536 278 10 13 0.038127337 
569 264 10 12 0.037994646 
285 330 12 15 0.03716806 
466 372 29 33 0.037127748 
265 239 8 9 0.036856104 
129 278 25 33 0.03664403 
381 317 24 28 0.036370244 
382 271 10 13 0.035935156 
482 255 9 11 0.03506889 
547 425 15 18 0.03504316 
494 273 15 21 0.033470217 
332 389 21 33 0.033127047 
852 308 17 21 0.033034164 
72 342 80 116 0.03297129 
456 287 11 13 0.03290272 
961 271 8 10 0.032845266 
49 207 8 11 0.032102652 
500 260 11 15 0.031932175 
518 268 11 14 0.031451337 
608 303 7 9 0.031107966 
272 251 9 11 0.030916367 
592 260 9 11 0.030861167 
535 373 31 35 0.03064174 
905 280 8 11 0.030493805 
906 284 9 13 0.030477135 
119 279 21 31 0.030455379 
629 318 11 15 0.030413358 
560 263 10 12 0.030336078 
540 277 10 13 0.029772364 
847 318 11 16 0.029539237 
664 384 27 34 0.029360065 
495 265 13 18 0.029055629 
519 374 26 36 0.02899341 
461 262 9 11 0.028639005 
873 349 10 12 0.028638387 
542 261 9 12 0.028397072 
540 374 17 22 0.02837483 
539 345 15 19 0.028347548 
903 323 11 17 0.027721498 
30 341 11 15 0.027680567 
598 294 8 10 0.027556729 
283 347 14 16 0.027337505 
376 324 11 16 0.027228696 
517 391 28 35 0.027211329 
365 354 16 20 0.027177097 
415 291 11 13 0.0269912 
278 368 13 19 0.02681786 
532 378 15 19 0.026761755 
270 246 9 11 0.026653066 
473 357 27 32 0.026626276 
295 295 19 23 0.026547512 
492 243 11 13 0.026452197 
671 393 16 20 0.026446752 
417 278 10 13 0.02639543 
867 308 14 19 0.026311856 
843 336 12 16 0.026004888 
49 237 10 12 0.025878701 
599 276 9 10 0.025759507 
284 355 14 18 0.025517458 
814 302 12 14 0.025502682 
374 350 24 28 0.025407027 
369 330 395 403 0.02527994 
88 304 18 22 0.025260346 
888 294 9 12 0.025218662 
374 331 14 18 0.02515237 
18 357 14 19 0.025144028 
870 261 9 11 0.02487341 
388 329 26 31 0.02475057 
930 282 11 15 0.024641002 
387 352 15 21 0.02453185 
335 387 13 22 0.024353044 
507 276 15 20 0.024247425 
901 318 11 15 0.02407343 
355 236 12 16 0.023980267 
309 309 9 13 0.023940425 
326 239 10 12 0.02392017 
601 311 7 10 0.023758072 
560 377 14 19 0.023633583 
-6 314 73 112 0.023514658 
411 310 24 35 0.02341494 
373 331 26 30 0.0232294 
590 300 10 11 0.023178024 
279 255 8 10 0.023139335 
309 317 10 14 0.023110537 
530 342 16 23 0.023095887 
848 307 11 17 0.022992523 
373 307 21 29 0.022895196 
986 284 10 13 0.022860052 
383 339 25 30 0.022800792 
935 273 10 12 0.022635687 
895 313 10 16 0.022590643 
275 288 16 22 0.022539284 
-1 369 41 64 0.022252347 
414 271 8 10 0.022201197 
515 275 15 19 0.021878125 
327 413 29 35 0.021835813 
214 260 13 15 0.021635935 
624 302 8 9 0.021607358 
911 269 8 10 0.021444423 
389 338 15 18 0.021341054 
510 262 11 13 0.021285089 
291 330 13 15 0.021256289 
895 270 8 9 0.02118147 
329 333 11 14 0.021088533 
546 290 21 26 0.020952675 
605 288 8 10 0.020948075 
464 254 9 11 0.02085634 
581 263 9 12 0.020686248 
398 270 9 11 0.020620098 
837 327 22 24 0.02052917 
306 301 11 14 0.02050391 
462 377 18 26 0.020418748 
282 340 13 17 0.020399548 
100 330 57 84 0.020353517 
593 280 7 9 0.020265691 
484 322 12 17 0.020252569 
108 275 23 35 0.020155493 
273 351 19 26 0.020035673 
