2_Demonstration_Political_Rally_2_5
2567
320 234 25 37 0.99117976 
748 411 28 34 0.9871581 
692 391 32 44 0.97340685 
133 463 26 38 0.95695126 
673 335 18 21 0.91973746 
931 359 15 21 0.90304023 
865 449 30 36 0.8918264 
594 394 27 34 0.8710089 
724 380 22 30 0.85924613 
823 384 28 34 0.8520808 
652 310 18 23 0.8471294 
437 121 30 43 0.8291145 
787 382 24 28 0.81915283 
678 296 15 18 0.8180277 
715 423 16 21 0.7813275 
932 440 14 18 0.73902386 
973 341 12 15 0.73556054 
185 234 27 33 0.7217814 
866 421 28 33 0.7124036 
867 283 13 17 0.6927851 
477 274 17 22 0.6542297 
950 171 9 12 0.65138894 
844 423 21 26 0.63619643 
35 274 17 21 0.6096277 
788 308 13 17 0.60467416 
34 259 14 18 0.6026766 
694 270 10 14 0.5732859 
850 347 13 17 0.54436034 
720 267 13 15 0.5435121 
352 223 11 14 0.5404868 
30 193 13 18 0.5312045 
30 480 31 40 0.5149222 
641 218 10 13 0.5127687 
815 268 8 11 0.5086171 
184 181 9 12 0.50759083 
876 365 17 19 0.5073836 
654 332 14 17 0.5038785 
928 232 9 12 0.49971527 
718 332 13 17 0.49964824 
868 433 31 40 0.49887773 
371 301 14 20 0.49587107 
57 297 18 21 0.4753063 
346 300 16 20 0.46531343 
694 228 13 16 0.44881728 
886 329 15 19 0.4160364 
852 223 9 12 0.40410018 
712 385 23 32 0.39784193 
789 239 11 13 0.39709678 
797 461 34 41 0.39636678 
654 232 11 12 0.39589286 
627 294 11 13 0.3849038 
624 230 9 12 0.37966254 
769 253 10 13 0.36926454 
749 245 13 15 0.36285666 
928 246 10 13 0.3597187 
882 82 7 9 0.3577704 
62 141 9 11 0.35437882 
901 109 9 12 0.3533211 
565 239 10 11 0.3485702 
628 309 12 16 0.34646207 
749 380 16 20 0.3426834 
868 351 12 14 0.34079006 
906 142 7 10 0.33922428 
860 316 11 13 0.33835515 
664 198 12 15 0.33334172 
838 240 9 12 0.33267555 
165 180 8 11 0.3302708 
992 166 10 12 0.32909295 
702 128 8 11 0.32838544 
829 378 18 22 0.31841123 
629 352 21 26 0.31699097 
900 248 10 12 0.3167712 
649 237 9 12 0.31457588 
1000 117 8 10 0.31329367 
90 196 10 12 0.31071192 
582 343 15 23 0.30810896 
717 351 17 21 0.30542317 
983 125 8 11 0.30356506 
574 302 9 12 0.30133408 
945 255 9 11 0.29556137 
554 220 9 11 0.2955567 
759 164 7 10 0.2926007 
869 246 9 12 0.28926766 
585 284 12 15 0.2882793 
797 137 8 10 0.28816947 
93 92 8 10 0.28636718 
927 176 8 11 0.28595293 
571 274 11 14 0.28530025 
985 101 8 11 0.2814258 
992 439 26 40 0.28023422 
958 160 8 12 0.27946517 
668 246 11 14 0.27864906 
556 355 21 26 0.27863607 
796 159 9 10 0.27583086 
736 225 9 11 0.2747457 
631 118 8 9 0.2731348 
679 95 8 12 0.2722262 
815 240 8 10 0.2714581 
947 384 16 21 0.2677403 
783 86 7 9 0.26664487 
118 238 7 11 0.2653349 
56 207 10 12 0.26304778 
748 264 16 18 0.26076978 
634 316 10 14 0.26074952 
838 300 10 13 0.26073837 
566 198 8 10 0.2599199 
69 188 9 11 0.25924647 
881 301 10 13 0.2589268 
951 86 9 11 0.25806242 
16 117 10 13 0.2553807 
621 324 15 19 0.25349662 
679 150 7 10 0.24856353 
88 243 12 14 0.24723352 
989 102 7 10 0.24327412 
952 235 10 12 0.24113227 
504 262 11 14 0.24054943 
874 402 18 21 0.2399026 
751 92 9 10 0.23907612 
78 49 8 9 0.23730141 
545 401 16 20 0.23303325 
233 196 9 11 0.2329762 
572 306 13 18 0.23274267 
89 191 10 12 0.23192729 
646 369 16 22 0.23178467 
557 128 8 9 0.2256497 
879 181 9 11 0.2237403 
937 263 8 10 0.2220826 
648 246 10 12 0.22181123 
51 244 11 13 0.21966198 
834 245 9 12 0.21880169 
145 135 8 10 0.21734945 
609 246 9 11 0.21708567 
861 182 9 11 0.21349469 
911 295 10 13 0.21330814 
671 79 7 10 0.21315496 
942 285 11 13 0.21072553 
789 284 9 11 0.20914577 
756 263 13 15 0.20859808 
177 165 8 10 0.20579755 
752 88 9 10 0.20484436 
880 232 9 10 0.2042242 
703 406 24 34 0.20369436 
713 112 7 10 0.20299932 
513 362 17 18 0.20291789 
775 48 8 10 0.20229217 
663 160 8 10 0.20180778 
111 92 9 11 0.2012414 
318 109 7 10 0.20065686 
813 166 9 11 0.19777082 
673 95 8 11 0.19577911 
698 236 12 13 0.19516723 
962 102 9 11 0.19368422 
753 165 8 10 0.19286892 
869 410 23 27 0.19224037 
32 81 8 11 0.19119453 
648 251 11 14 0.1911611 
599 88 7 9 0.19067697 
152 493 24 29 0.19062902 
121 29 8 10 0.19014376 
105 188 10 12 0.18932019 
864 281 11 13 0.18814251 
974 41 7 9 0.1877772 
647 63 8 11 0.18683843 
685 214 11 13 0.18482189 
105 148 8 10 0.1847699 
720 135 7 10 0.18456411 
801 96 7 9 0.18429382 
673 102 7 10 0.18405062 
949 373 17 21 0.18150844 
991 354 15 19 0.18012959 
135 185 7 9 0.17907305 
688 78 8 9 0.17879619 
21 111 9 11 0.176841 
20 115 9 12 0.17539793 
598 377 26 29 0.17445353 
556 215 9 12 0.17282663 
174 112 8 10 0.17132944 
150 223 9 12 0.17067762 
30 140 8 11 0.17061776 
885 80 8 10 0.17051354 
641 133 7 10 0.17023578 
53 228 10 12 0.169795 
590 17 7 10 0.16953424 
105 184 9 11 0.16932827 
320 80 7 9 0.16929574 
871 369 15 17 0.16927166 
774 102 7 9 0.1689967 
713 86 8 10 0.16808005 
255 61 8 9 0.16780685 
600 175 8 11 0.16710278 
873 64 7 9 0.16651191 
24 135 9 12 0.16618991 
630 56 9 10 0.16471598 
936 292 10 12 0.16457635 
108 214 9 11 0.16440922 
15 229 12 14 0.16439267 
812 141 9 12 0.16402198 
600 135 7 9 0.1637321 
91 237 13 15 0.1634867 
536 152 8 11 0.16178986 
889 206 8 10 0.16173245 
672 86 8 10 0.16158812 
806 118 8 11 0.1608872 
750 221 9 10 0.1604518 
512 239 9 11 0.16037056 
718 247 9 11 0.15996769 
594 112 6 9 0.15973718 
912 224 9 12 0.15960546 
0 276 12 19 0.15920761 
951 80 7 8 0.15889235 
626 237 9 11 0.15864141 
735 65 7 9 0.1578452 
670 223 11 13 0.15783922 
837 254 9 13 0.15780516 
500 229 10 11 0.15770991 
120 246 9 11 0.1576065 
1005 33 7 9 0.15655546 
710 143 7 9 0.1560288 
625 54 7 10 0.15536402 
801 117 9 11 0.15490776 
917 71 7 10 0.15447494 
609 128 8 9 0.1540687 
832 100 8 10 0.1526406 
786 111 8 10 0.1521998 
934 80 7 9 0.15212129 
154 183 8 11 0.15203662 
911 55 7 9 0.1518974 
833 7 7 9 0.1509621 
566 14 8 10 0.15044771 
793 264 8 10 0.14997295 
716 274 15 18 0.14915265 
678 55 7 9 0.14840141 
561 245 9 11 0.14777133 
665 142 7 9 0.1468631 
159 127 7 9 0.14630276 
7 187 12 15 0.14602947 
706 142 8 10 0.14594449 
1009 87 7 9 0.1456819 
1006 70 7 9 0.1451486 
832 145 8 11 0.14506587 
807 49 7 9 0.14494446 
902 104 8 11 0.14489028 
702 88 8 11 0.14461225 
742 222 10 12 0.14454181 
959 120 7 8 0.14445387 
656 109 8 10 0.14327854 
317 142 10 11 0.14240599 
671 110 8 10 0.14228441 
984 96 8 11 0.14227639 
679 216 9 11 0.14185035 
722 128 7 9 0.1417139 
879 294 10 12 0.14008783 
984 79 7 9 0.13995938 
915 409 14 18 0.13978827 
540 284 10 13 0.13966861 
957 150 8 11 0.13916028 
928 157 8 11 0.13903965 
31 134 10 14 0.1385336 
775 167 9 10 0.13818412 
38 132 8 12 0.13803451 
721 160 8 10 0.13786824 
560 152 7 9 0.13779339 
991 184 9 11 0.13687615 
615 145 7 9 0.13556471 
1008 298 11 14 0.1354302 
536 230 8 10 0.1328675 
626 298 14 18 0.1323757 
111 191 8 10 0.13189003 
56 224 9 13 0.1313404 
95 254 10 12 0.13112782 
791 103 8 9 0.1310042 
881 333 12 14 0.130833 
513 86 8 10 0.13072686 
798 175 8 10 0.13060308 
470 368 23 28 0.13046667 
812 331 15 18 0.13028716 
896 172 9 12 0.13014565 
718 308 13 18 0.13002566 
657 174 8 10 0.13001697 
64 182 10 13 0.12907818 
65 157 10 13 0.12887162 
983 121 7 10 0.12856853 
698 93 8 10 0.1284344 
919 253 8 11 0.12827693 
628 230 9 13 0.12723042 
829 269 8 11 0.12714018 
110 145 7 9 0.12691483 
558 94 8 9 0.12641375 
994 171 10 12 0.1251543 
793 55 6 8 0.124891974 
1006 94 7 10 0.12478994 
717 86 8 11 0.12456816 
581 247 8 11 0.12454596 
577 246 9 10 0.124435276 
806 338 16 20 0.124359004 
243 166 8 11 0.12431333 
615 48 7 10 0.124272615 
886 277 9 13 0.12354719 
570 49 7 9 0.12353781 
903 174 8 11 0.12288904 
726 158 8 10 0.12267293 
665 250 11 14 0.1219616 
638 79 7 10 0.12175666 
917 295 11 13 0.12157517 
640 56 7 9 0.12139972 
776 174 7 10 0.12123772 
670 135 7 9 0.12116153 
713 207 10 12 0.12054122 
103 145 8 9 0.120023295 
120 80 8 9 0.11909603 
120 182 7 9 0.11884892 
632 152 8 9 0.11821928 
949 144 9 11 0.11814901 
570 135 7 9 0.11787635 
3 481 15 22 0.11764082 
945 135 8 10 0.11678532 
81 143 8 9 0.11652765 
0 109 8 11 0.11641071 
541 230 8 10 0.116361424 
357 87 8 10 0.1159376 
913 96 7 9 0.115494415 
822 14 7 9 0.11546108 
61 223 9 12 0.11544937 
513 208 8 10 0.115301795 
128 94 9 11 0.11509722 
889 47 8 10 0.11456019 
96 24 7 10 0.11449546 
893 47 9 11 0.114431135 
967 181 9 12 0.11434552 
518 149 8 10 0.1140036 
236 215 14 20 0.11390477 
711 151 7 9 0.11378254 
950 149 9 11 0.11325355 
979 347 11 16 0.11305303 
343 133 9 10 0.11289981 
542 262 9 11 0.11266492 
640 112 7 9 0.11261734 
625 95 8 11 0.1124878 
713 80 7 9 0.111726314 
751 239 13 16 0.11148271 
150 161 8 10 0.11141481 
952 407 28 33 0.11118508 
721 39 7 9 0.11091478 
368 270 11 13 0.110606275 
767 121 9 10 0.1098492 
616 166 8 10 0.10972475 
897 168 7 10 0.10911535 
908 325 10 14 0.1090334 
900 310 11 12 0.10847441 
729 93 8 9 0.108011894 
81 174 9 11 0.108006604 
495 104 9 10 0.10798789 
944 300 12 15 0.1078069 
579 153 7 9 0.107773244 
103 296 16 19 0.1071959 
585 39 7 9 0.10703875 
859 418 23 30 0.10701127 
160 134 7 10 0.10621027 
1006 175 9 11 0.1058169 
494 222 10 12 0.1057628 
620 373 21 27 0.10568684 
526 260 8 11 0.105627574 
822 247 8 10 0.10551412 
146 141 9 11 0.10551141 
102 256 10 11 0.10549566 
112 196 9 12 0.10537485 
793 166 9 12 0.10525382 
584 167 8 10 0.10522502 
584 158 8 10 0.10496739 
601 360 22 27 0.10489339 
97 144 8 10 0.10482215 
535 132 8 10 0.10482085 
159 181 8 11 0.10478005 
981 173 8 11 0.10471253 
135 94 7 9 0.10424414 
534 128 8 10 0.10407842 
934 432 21 28 0.103971645 
898 251 9 11 0.10381054 
263 118 8 10 0.103489034 
958 38 8 10 0.10338539 
583 291 12 15 0.10335735 
834 167 8 10 0.10326684 
712 189 9 11 0.102892876 
200 142 7 9 0.10287979 
567 8 8 10 0.10283159 
312 111 8 10 0.102514096 
832 175 8 10 0.10157155 
511 309 11 14 0.10150335 
634 79 8 11 0.10144259 
112 166 8 11 0.10090588 
664 128 7 9 0.1006859 
655 104 7 10 0.10051659 
975 175 10 11 0.100085385 
201 119 8 10 0.09997118 
519 144 8 10 0.09995052 
712 250 11 14 0.09991269 
624 87 8 10 0.09976952 
62 96 8 11 0.099250056 
938 348 14 18 0.09898498 
610 78 7 9 0.09894157 
190 183 8 11 0.09888049 
54 126 11 13 0.09872525 
716 251 12 14 0.0985998 
863 221 8 11 0.09859848 
697 181 9 11 0.09835575 
47 236 14 16 0.09802969 
948 282 11 14 0.098014385 
362 337 27 31 0.09742884 
678 287 14 19 0.097412996 
950 56 7 9 0.09722766 
103 128 9 11 0.09692152 
681 121 7 10 0.09678563 
742 261 15 19 0.0964985 
318 105 8 9 0.09645271 
94 278 10 13 0.09636994 
599 111 8 9 0.09634424 
657 32 7 9 0.09623924 
50 85 8 11 0.09620874 
158 103 7 10 0.095849365 
606 65 8 9 0.0957129 
121 253 10 13 0.09562948 
121 103 9 11 0.09529711 
183 186 11 13 0.09521895 
645 132 9 11 0.09521041 
944 103 8 10 0.095071405 
869 15 8 11 0.09505183 
863 262 10 12 0.09501379 
989 96 7 10 0.09493005 
849 341 12 15 0.0949067 
768 215 9 11 0.094788946 
870 264 9 11 0.09426934 
918 0 7 8 0.0942607 
0 188 10 15 0.09410062 
602 64 7 10 0.09405897 
72 68 9 11 0.09398183 
673 151 8 10 0.09352254 
94 229 11 14 0.09351404 
139 158 7 10 0.093298055 
895 293 10 13 0.0930437 
214 190 8 11 0.092916675 
698 128 8 11 0.09283061 
915 442 21 26 0.092640504 
973 402 18 21 0.09250684 
920 176 8 10 0.09230687 
795 353 14 16 0.092123464 
722 166 8 10 0.092001446 
745 215 8 10 0.09177188 
940 290 13 15 0.0917002 
386 97 7 9 0.09167308 
143 177 7 9 0.09162629 
682 6 8 10 0.09155372 
862 161 8 11 0.09146207 
937 355 15 19 0.09135597 
593 96 7 9 0.091245644 
129 184 8 10 0.09119481 
963 379 15 19 0.09099704 
0 91 9 14 0.090896256 
741 159 8 10 0.09088866 
239 41 8 9 0.09084572 
813 160 9 11 0.09078731 
128 70 8 10 0.09073301 
584 97 7 9 0.09056381 
728 104 8 9 0.09018763 
586 15 7 9 0.09010644 
823 57 8 10 0.090053715 
618 23 7 10 0.0900532 
681 126 7 9 0.09002807 
65 102 8 10 0.0897385 
537 247 7 10 0.08965765 
491 268 12 14 0.0896257 
864 253 10 12 0.08958986 
156 243 13 18 0.08944119 
87 143 6 9 0.08941148 
272 80 7 8 0.08926583 
663 182 8 10 0.08903687 
734 151 9 11 0.08902805 
720 141 8 9 0.08899047 
653 94 7 10 0.088937156 
912 175 7 10 0.08892375 
191 78 7 9 0.08850743 
153 104 8 10 0.08846601 
689 73 8 10 0.08832108 
594 87 7 8 0.088219054 
213 259 14 18 0.08804804 
815 172 9 11 0.08794618 
960 133 9 10 0.087816104 
272 87 7 10 0.087727666 
47 184 10 13 0.087659135 
609 149 8 10 0.08743839 
305 120 8 10 0.0870573 
864 240 8 10 0.08705062 
215 15 7 9 0.08684172 
665 136 7 10 0.08683478 
625 112 7 10 0.08681576 
755 161 8 10 0.08665265 
64 149 9 12 0.086597465 
488 104 8 11 0.08657413 
736 165 8 11 0.0865675 
678 275 13 15 0.08656561 
1001 102 8 9 0.086353935 
664 110 7 10 0.08619344 
592 251 10 13 0.08604603 
70 198 10 13 0.08595268 
657 38 8 11 0.085941054 
662 282 11 16 0.0857741 
550 104 7 9 0.08561869 
184 177 8 11 0.08558708 
608 71 8 10 0.085515864 
739 227 11 14 0.08549419 
839 260 9 10 0.085180104 
651 366 23 26 0.084939465 
200 166 8 10 0.08483305 
970 388 15 19 0.08478618 
92 111 9 11 0.0846892 
687 120 7 9 0.084445804 
777 392 21 29 0.084400825 
862 188 8 10 0.084304355 
744 103 8 9 0.0841696 
204 250 13 18 0.08415903 
977 80 7 10 0.0840303 
943 259 9 12 0.0839998 
857 70 8 10 0.08398584 
745 78 8 10 0.0839535 
904 318 11 15 0.08387001 
135 88 7 9 0.083850764 
481 109 9 12 0.08384357 
823 291 10 13 0.08368787 
12 223 12 14 0.08342976 
934 55 7 9 0.08338223 
55 132 11 14 0.08324665 
880 407 17 21 0.08322383 
232 32 7 8 0.083182 
39 313 17 19 0.08276792 
184 22 7 9 0.08272437 
142 160 8 10 0.082678504 
745 57 7 9 0.08252342 
609 53 7 9 0.08250777 
784 243 10 12 0.082333155 
576 174 8 11 0.08228581 
903 71 8 10 0.082094155 
615 207 7 10 0.08205412 
916 371 15 21 0.081961624 
757 47 7 10 0.08163338 
229 173 7 9 0.08160931 
181 89 8 10 0.08117791 
959 232 9 11 0.08115356 
578 308 15 19 0.08109137 
120 259 11 15 0.08108681 
895 285 9 13 0.08099451 
175 117 7 9 0.080957904 
622 224 10 12 0.08075168 
818 15 8 9 0.080447175 
577 156 7 9 0.0802481 
634 157 7 10 0.080229506 
726 350 19 26 0.08018319 
311 71 7 9 0.080146715 
738 377 22 29 0.0801218 
537 278 11 13 0.08001658 
224 167 8 11 0.07990904 
527 240 8 11 0.07990269 
181 166 7 10 0.07970993 
829 286 10 12 0.07956568 
370 352 16 19 0.07949152 
574 134 7 10 0.07941188 
93 224 9 11 0.079393364 
896 71 6 9 0.079178594 
761 323 16 18 0.078674756 
809 278 8 11 0.078641586 
176 143 7 9 0.078308545 
614 127 7 10 0.07816994 
824 421 23 28 0.078089386 
356 313 46 65 0.07808736 
562 79 8 9 0.07784996 
384 101 7 10 0.07766837 
663 45 7 9 0.07759647 
945 148 10 12 0.07758343 
251 324 13 16 0.07755563 
668 354 16 19 0.077331655 
586 135 8 10 0.07729454 
172 227 25 31 0.07712864 
215 176 7 9 0.077111125 
64 108 10 12 0.077025644 
519 136 8 9 0.07693328 
943 280 10 13 0.07665394 
1005 111 8 11 0.07664663 
95 259 12 14 0.07661033 
918 95 8 10 0.07649921 
815 105 7 9 0.07644979 
781 370 24 27 0.07613238 
770 95 8 10 0.07589222 
656 281 12 17 0.07588686 
1013 88 7 10 0.07583381 
800 55 8 9 0.07583144 
888 119 8 10 0.075804815 
125 208 9 12 0.07573111 
729 152 8 10 0.07555043 
607 105 7 9 0.07539741 
607 110 8 9 0.0753575 
718 300 12 17 0.075344555 
517 85 9 11 0.075267024 
126 100 8 12 0.07526177 
743 248 14 16 0.075101726 
718 211 9 11 0.07507559 
952 47 8 11 0.07497252 
78 87 7 10 0.07495743 
-1 229 8 13 0.07484635 
624 71 7 8 0.074795574 
591 137 7 10 0.07477156 
929 46 8 9 0.07470437 
806 95 7 9 0.07455443 
609 48 9 10 0.074418366 
246 109 8 11 0.07434162 
855 46 7 9 0.07434063 
792 79 8 10 0.07432993 
830 262 10 12 0.07430265 
600 231 8 10 0.074208535 
710 353 16 19 0.074131094 
937 86 7 9 0.07403072 
610 120 7 8 0.073940665 
231 103 8 10 0.07393003 
249 62 8 9 0.073821366 
903 160 8 10 0.073807344 
32 264 19 24 0.073748924 
47 94 8 10 0.07374745 
907 198 12 15 0.07371283 
618 328 22 27 0.07349309 
544 168 8 10 0.07321213 
281 118 9 11 0.073207274 
825 111 7 9 0.073200956 
661 175 9 10 0.07308386 
745 134 8 10 0.07304002 
78 181 10 12 0.07283765 
549 6 8 10 0.07279837 
575 221 8 11 0.07264306 
856 32 7 8 0.07260496 
105 7 8 9 0.07259959 
390 96 6 9 0.07255463 
248 261 23 28 0.07250019 
56 94 9 11 0.072426826 
717 197 9 11 0.07235531 
130 64 7 9 0.07225101 
129 136 7 9 0.072235905 
117 190 8 11 0.07220988 
483 244 11 13 0.072174154 
672 215 9 11 0.072022416 
373 262 12 16 0.071884215 
887 174 9 10 0.07180203 
152 188 9 10 0.07169275 
344 128 9 10 0.07151585 
793 173 8 11 0.071494274 
576 86 7 9 0.071396604 
968 255 10 11 0.07132698 
713 269 11 14 0.07129404 
623 48 7 9 0.07110239 
775 159 8 11 0.07088558 
475 363 17 20 0.070782036 
577 217 7 9 0.07077526 
687 85 8 10 0.070752345 
577 82 7 9 0.0707486 
744 61 7 10 0.070708685 
798 263 7 10 0.07063041 
649 15 8 10 0.070592664 
42 260 13 16 0.07053341 
583 81 7 9 0.07049576 
87 228 14 16 0.07045706 
633 136 7 9 0.07036397 
47 134 9 11 0.070270255 
41 157 10 13 0.07025165 
304 56 6 9 0.070180945 
654 8 7 9 0.070113145 
631 246 8 10 0.0700807 
665 70 8 10 0.07001135 
861 301 9 11 0.069956526 
623 134 7 9 0.06993207 
119 175 8 10 0.069897085 
286 125 9 11 0.06989551 
1016 44 7 10 0.06962182 
689 47 7 8 0.06955693 
880 277 10 13 0.069416195 
670 258 13 14 0.06926986 
857 64 6 8 0.06926368 
100 469 25 33 0.069048405 
214 182 7 10 0.06896654 
8 119 9 12 0.068913914 
72 80 8 11 0.06884761 
700 243 11 15 0.06864375 
833 87 8 9 0.06856161 
102 24 7 10 0.06852337 
650 420 26 35 0.068485774 
70 136 9 10 0.068427585 
1014 174 8 11 0.06823138 
718 63 7 9 0.068215586 
778 86 8 9 0.06813461 
238 151 7 9 0.06811242 
700 225 10 12 0.068034284 
48 71 7 10 0.068032995 
615 223 10 13 0.06802261 
382 39 7 9 0.067991935 
111 254 7 10 0.06797031 
208 103 7 9 0.06781222 
211 95 7 9 0.06777545 
944 235 11 12 0.06770843 
880 102 8 10 0.06766622 
601 104 7 9 0.06754034 
720 338 14 19 0.067538254 
625 62 8 10 0.067531325 
990 78 7 9 0.06740678 
783 263 8 9 0.067363374 
687 191 8 10 0.06736151 
588 279 12 15 0.06732028 
824 80 7 9 0.06723281 
718 110 8 11 0.06712731 
601 129 7 9 0.06711031 
612 304 14 18 0.067106 
1003 37 8 11 0.06706536 
933 63 8 9 0.06702356 
753 71 7 9 0.066919886 
966 95 8 10 0.066799544 
773 97 8 9 0.06668098 
656 168 8 9 0.06666363 
271 39 8 10 0.06661499 
390 68 7 11 0.06660801 
101 132 10 11 0.066565365 
855 215 8 11 0.06637352 
192 158 8 9 0.06635969 
806 354 14 16 0.06635446 
621 24 7 10 0.06634613 
775 22 6 8 0.06627034 
890 246 7 11 0.06613882 
503 159 8 10 0.06601247 
774 260 8 11 0.065992035 
943 219 9 10 0.06597079 
543 254 9 12 0.06594539 
873 48 8 10 0.06593009 
950 92 8 11 0.065812506 
881 177 9 11 0.06574411 
287 72 8 10 0.06566669 
926 140 7 9 0.065657325 
210 15 7 9 0.06562014 
838 427 16 21 0.06553167 
769 7 8 10 0.06551078 
697 62 7 9 0.06549793 
129 141 8 9 0.0654723 
669 286 12 16 0.06521321 
950 387 22 25 0.06519098 
696 176 8 10 0.06509499 
580 300 11 14 0.06508016 
807 125 8 10 0.06507949 
0 300 8 15 0.0647749 
121 212 9 11 0.06469043 
688 268 11 15 0.06465732 
831 181 8 10 0.0645978 
856 239 9 11 0.06459155 
607 176 10 11 0.06444979 
639 151 8 10 0.064310275 
640 71 7 9 0.064253695 
527 159 8 10 0.06421201 
30 61 8 10 0.06389888 
14 122 10 13 0.0636317 
756 307 15 18 0.0634611 
822 253 8 11 0.06341895 
935 268 9 12 0.06339559 
118 55 8 11 0.063175045 
775 182 7 9 0.06315561 
887 103 8 9 0.06306707 
647 258 11 13 0.06305106 
136 102 8 10 0.062993445 
118 61 8 10 0.06294589 
117 198 8 11 0.062904105 
974 350 12 18 0.062883474 
190 154 8 9 0.06279549 
71 31 7 9 0.062790744 
824 183 8 9 0.06278473 
930 153 8 10 0.0626525 
124 247 9 12 0.062627696 
120 110 8 10 0.062465925 
110 184 8 10 0.0624471 
647 87 9 11 0.06242298 
895 239 8 10 0.062311195 
897 103 8 10 0.062115062 
648 68 7 10 0.061986487 
824 268 9 11 0.061956 
448 141 18 24 0.06188437 
543 329 13 16 0.06186433 
649 232 9 11 0.06181122 
885 309 9 12 0.061791465 
848 119 7 9 0.061786935 
870 240 9 10 0.06171512 
886 261 8 10 0.061682183 
55 101 10 11 0.061652906 
637 346 21 25 0.061642207 
198 182 8 10 0.06162593 
223 146 8 9 0.061614033 
608 213 8 10 0.061586406 
869 396 17 20 0.06153984 
934 253 8 11 0.06150319 
131 188 8 11 0.06139529 
857 253 9 12 0.061365087 
223 120 8 10 0.06134922 
961 401 23 26 0.061334025 
729 110 9 11 0.061279602 
550 296 10 13 0.06121125 
903 87 7 9 0.061077166 
928 276 9 13 0.061045457 
229 55 8 10 0.061040193 
930 40 7 10 0.06099219 
855 311 11 14 0.06097484 
546 14 7 10 0.060920477 
817 79 7 8 0.06087173 
584 118 7 9 0.06087086 
1014 94 7 10 0.060864236 
158 237 11 15 0.06070923 
585 31 8 9 0.060516678 
386 63 8 12 0.06041508 
566 351 19 28 0.060178522 
49 205 10 13 0.060096208 
230 218 14 20 0.060041696 
182 160 8 10 0.060035832 
670 159 8 10 0.059997734 
736 145 7 8 0.059942737 
959 64 7 9 0.059900336 
582 204 8 10 0.05976765 
591 346 18 21 0.059699662 
825 87 6 9 0.05957159 
689 143 8 10 0.05949586 
597 251 10 13 0.059474327 
978 125 8 11 0.059471745 
660 228 10 13 0.059434764 
590 165 8 10 0.059430253 
503 165 7 9 0.059304897 
37 307 16 17 0.059256777 
554 119 8 10 0.059206937 
704 71 8 9 0.059185702 
904 230 10 11 0.05913925 
231 87 8 12 0.059126005 
87 183 9 11 0.059092667 
949 134 8 10 0.059087202 
176 7 7 9 0.058965683 
498 326 14 17 0.05894394 
662 38 8 12 0.058940902 
639 158 8 9 0.05889288 
840 41 7 9 0.058880493 
874 54 7 10 0.058746833 
639 85 8 11 0.058728818 
182 143 6 8 0.058602788 
575 296 11 15 0.058563218 
295 104 8 10 0.058538537 
392 47 8 9 0.058485623 
360 23 8 10 0.058470167 
967 408 24 28 0.05835915 
990 128 8 10 0.058348354 
313 23 7 10 0.058296427 
937 339 14 17 0.058277294 
631 207 8 11 0.058196373 
679 61 7 10 0.05788417 
202 48 7 9 0.057749514 
233 14 7 9 0.057745934 
360 39 7 8 0.057719424 
678 49 8 9 0.057661325 
972 180 10 12 0.05764555 
625 80 7 9 0.05763395 
648 110 7 10 0.057609227 
933 175 9 11 0.057605237 
712 116 7 10 0.0575888 
297 63 7 8 0.05749868 
484 268 15 19 0.057370022 
114 455 46 55 0.0573195 
604 355 16 20 0.057295285 
97 127 8 10 0.05719059 
934 151 8 11 0.057185423 
609 144 8 10 0.057158165 
849 40 6 9 0.056991175 
863 102 7 10 0.056934934 
658 394 15 21 0.056841414 
239 31 7 9 0.05678399 
933 46 7 10 0.056756873 
951 61 7 9 0.056742694 
921 247 8 11 0.056723215 
828 315 11 14 0.05670335 
296 109 8 10 0.05666517 
744 166 7 10 0.05658157 
630 366 20 26 0.05654878 
23 79 9 11 0.056487266 
551 111 7 9 0.056435026 
584 112 7 9 0.056390908 
30 296 16 20 0.05634504 
40 172 9 12 0.056233846 
896 300 10 13 0.056216545 
945 416 37 43 0.05617942 
768 102 9 10 0.05616548 
886 317 10 13 0.05612302 
559 209 8 10 0.056107514 
15 135 10 11 0.05606697 
846 413 23 28 0.056037594 
54 180 10 13 0.056027338 
811 346 15 18 0.055965062 
338 39 7 8 0.05590476 
798 79 7 9 0.055862475 
159 121 7 9 0.055828344 
11 183 12 15 0.055822767 
121 151 7 9 0.05569564 
348 222 19 24 0.055660278 
686 199 10 11 0.055647943 
908 331 12 17 0.055594258 
823 263 9 12 0.055564284 
573 48 8 10 0.05552074 
511 176 9 11 0.05543848 
730 64 7 10 0.05534446 
234 185 8 11 0.055115476 
63 15 6 9 0.055110004 
714 63 8 10 0.05510521 
246 25 7 9 0.05509347 
29 182 11 14 0.055092826 
125 266 11 14 0.0550366 
567 232 9 11 0.054974835 
872 97 8 9 0.05494725 
52 259 10 13 0.054921944 
310 118 8 10 0.054904018 
838 198 7 9 0.05489888 
100 229 10 13 0.05488953 
885 232 8 11 0.05481407 
872 32 7 9 0.054790374 
968 87 8 10 0.05472798 
632 253 10 12 0.05465934 
837 101 7 9 0.054603886 
819 324 13 17 0.054536276 
526 57 8 9 0.054441795 
1004 117 8 10 0.0544284 
247 7 8 9 0.054320704 
646 56 7 9 0.054318797 
986 187 11 14 0.054264788 
627 117 8 10 0.054238964 
657 135 7 9 0.054090578 
259 118 8 10 0.05407134 
740 352 19 22 0.05406662 
248 104 7 9 0.054020423 
578 205 8 10 0.053903025 
601 152 6 8 0.05382187 
717 190 10 11 0.053781647 
719 104 8 10 0.053760845 
142 182 8 10 0.053689156 
849 206 8 10 0.053664066 
811 270 9 11 0.05363378 
960 71 7 9 0.053633757 
736 158 9 11 0.05353046 
38 80 8 11 0.053469166 
897 151 7 9 0.053334404 
761 111 7 8 0.05332403 
969 347 12 15 0.05320235 
997 181 10 11 0.053168878 
608 193 7 9 0.053080514 
777 39 8 9 0.05305894 
687 159 8 10 0.05301777 
773 7 8 10 0.053003673 
945 168 10 12 0.052992012 
865 290 10 14 0.052989803 
885 295 9 12 0.05296369 
889 71 7 9 0.052922342 
104 221 9 11 0.052909937 
686 219 10 13 0.052818578 
817 61 8 9 0.052730355 
168 40 7 10 0.052719448 
733 111 8 10 0.052692074 
233 203 10 12 0.05264003 
329 56 8 9 0.052602842 
791 31 7 9 0.052598838 
641 176 8 10 0.052566398 
967 393 21 25 0.052491806 
665 190 10 12 0.052482467 
778 137 7 10 0.05246931 
145 57 7 9 0.052366443 
735 15 8 10 0.052354645 
383 47 8 10 0.052303374 
781 385 19 23 0.052298263 
598 93 8 10 0.05228636 
55 64 8 10 0.052203692 
718 80 7 10 0.05210686 
79 167 8 11 0.05208776 
240 145 7 9 0.052037265 
569 64 8 10 0.05202712 
58 174 8 12 0.052022565 
190 120 8 9 0.05199724 
617 161 8 9 0.051989082 
633 143 7 9 0.051985323 
558 132 7 10 0.051937923 
823 301 10 14 0.051922124 
902 375 14 19 0.051921222 
991 87 7 9 0.051887948 
610 369 14 21 0.051831838 
225 55 8 11 0.051718637 
991 109 9 11 0.05170585 
208 175 7 10 0.051671352 
837 346 12 16 0.05166023 
927 96 7 9 0.051656496 
664 360 24 29 0.051644556 
566 262 9 11 0.0516291 
793 50 6 8 0.0515823 
659 44 7 10 0.051546082 
659 159 8 10 0.051534213 
135 63 6 8 0.051498227 
62 46 7 9 0.05147676 
335 56 7 8 0.051475782 
293 8 8 9 0.051396728 
136 111 8 9 0.05139326 
550 14 7 10 0.051375795 
494 216 9 11 0.051333386 
871 231 9 10 0.051305857 
904 295 10 12 0.051245753 
7 135 10 11 0.051176175 
25 180 10 14 0.051115174 
207 54 7 9 0.051112287 
235 189 9 13 0.05108579 
227 88 7 9 0.05100888 
507 254 13 16 0.050800703 
929 88 6 8 0.050781503 
614 72 8 10 0.050781317 
839 78 7 10 0.05077801 
685 102 8 9 0.05076491 
833 215 8 11 0.050639305 
88 32 8 10 0.05059808 
873 68 7 10 0.050528534 
975 56 8 9 0.050518446 
809 160 9 11 0.050488498 
144 61 7 9 0.05046133 
320 85 7 9 0.050375663 
268 227 12 16 0.05037107 
2 486 21 29 0.05037101 
129 88 8 11 0.050330453 
567 80 7 9 0.050281912 
232 9 8 9 0.050153088 
767 32 6 9 0.050113495 
200 63 7 9 0.050085075 
654 79 8 9 0.050038226 
920 47 7 10 0.050025217 
1007 79 8 10 0.050006136 
933 71 8 9 0.050002236 
191 176 8 10 0.049997114 
87 216 10 12 0.049951125 
782 37 7 9 0.04994832 
769 88 7 9 0.049890045 
814 136 8 11 0.04985627 
698 56 7 9 0.049835145 
48 79 7 11 0.049823042 
931 79 7 9 0.049819883 
778 80 8 10 0.04980193 
646 152 7 9 0.049785763 
944 128 9 11 0.049738076 
70 163 10 13 0.04972861 
694 72 8 10 0.049724553 
854 7 7 8 0.049721364 
580 251 12 13 0.049694505 
240 8 8 9 0.049575206 
794 140 8 10 0.049551014 
933 181 9 11 0.04954257 
382 79 7 10 0.049512688 
713 158 7 9 0.049411964 
167 23 7 9 0.049403682 
215 129 7 9 0.04936285 
312 136 10 11 0.049351193 
608 240 10 12 0.04933748 
544 173 8 10 0.04929726 
583 189 7 10 0.049269903 
353 302 16 20 0.049158722 
784 33 7 10 0.049066536 
609 209 7 9 0.0489797 
881 432 17 22 0.048844773 
837 96 7 9 0.048804983 
947 62 8 10 0.048804473 
151 249 13 17 0.048798013 
622 314 15 20 0.048773244 
878 63 8 10 0.048684794 
217 39 7 9 0.048518576 
69 151 9 11 0.04844528 
855 136 8 10 0.04839761 
817 252 9 12 0.04838474 
649 169 7 8 0.048383273 
528 166 7 8 0.048363674 
834 71 7 8 0.04833494 
239 270 11 14 0.048329953 
957 349 11 13 0.04823798 
69 141 8 11 0.04823639 
286 55 7 9 0.048171915 
379 134 10 12 0.048165433 
720 172 9 11 0.04813773 
783 301 13 18 0.048137408 
944 87 7 10 0.048054386 
89 276 10 13 0.048013706 
62 41 7 9 0.04796026 
65 80 8 10 0.04793608 
273 93 7 10 0.047913134 
768 142 7 9 0.04782797 
208 128 7 10 0.047784995 
880 256 9 11 0.047774643 
228 168 9 11 0.04774481 
920 32 8 9 0.04770466 
17 79 8 11 0.047691155 
150 136 7 9 0.047669854 
74 38 8 9 0.047663722 
189 16 8 9 0.047615916 
940 431 28 35 0.047611482 
259 234 15 19 0.04759186 
63 55 7 9 0.04758916 
151 31 8 10 0.047548145 
791 116 8 10 0.047498018 
831 277 8 12 0.047493834 
587 413 30 34 0.04748763 
832 46 7 9 0.04746471 
824 126 9 11 0.047438458 
51 250 12 16 0.047377426 
847 23 7 8 0.047351487 
66 23 7 9 0.047344167 
592 38 7 9 0.047317035 
331 231 21 32 0.04728585 
306 72 7 9 0.047260426 
944 378 15 21 0.047199447 
641 47 7 9 0.047167867 
622 359 22 27 0.04710657 
904 47 7 9 0.047051765 
664 224 9 11 0.047048964 
264 112 8 11 0.047026522 
839 72 6 8 0.04700791 
219 167 6 9 0.046995908 
528 150 8 11 0.046995748 
881 261 8 10 0.046973113 
639 247 8 11 0.04696725 
281 56 7 9 0.046933223 
135 134 8 9 0.04688385 
732 87 9 12 0.046827182 
312 14 7 9 0.04681931 
624 183 7 9 0.046783835 
581 221 8 11 0.04670928 
862 77 8 10 0.046682183 
285 120 8 9 0.04664011 
513 7 8 10 0.046638336 
712 55 7 9 0.04660312 
984 46 7 10 0.046466324 
903 39 7 10 0.046460725 
254 237 13 16 0.0464271 
945 110 8 10 0.04642005 
368 219 11 14 0.046418145 
768 159 7 10 0.046413586 
69 103 8 10 0.046405133 
1002 64 7 10 0.04639826 
474 258 23 29 0.04639146 
729 80 7 9 0.04638485 
219 120 7 9 0.04628925 
343 292 13 18 0.04628144 
670 72 8 10 0.046240836 
975 112 8 10 0.046239637 
878 54 8 9 0.046216197 
129 119 8 9 0.046146166 
837 87 8 10 0.0460697 
319 63 8 9 0.045997 
534 119 8 10 0.045972902 
566 270 18 23 0.04596369 
185 16 7 10 0.045949828 
975 45 7 9 0.04589696 
812 387 25 31 0.045872215 
687 125 7 10 0.04580684 
919 38 7 9 0.045791358 
129 57 6 9 0.045734346 
203 54 7 9 0.04566952 
661 238 10 13 0.04565861 
960 109 9 11 0.045596432 
575 64 7 9 0.0455891 
864 40 7 9 0.045555767 
607 230 9 10 0.045526605 
14 140 10 11 0.045457046 
887 111 8 9 0.045406505 
995 434 17 25 0.045387555 
585 128 8 10 0.04532668 
798 232 8 10 0.04529941 
567 128 7 9 0.04528463 
566 401 21 29 0.045212276 
353 121 7 10 0.045192808 
570 87 7 8 0.045173842 
653 87 8 10 0.045105994 
602 69 8 10 0.04501133 
79 262 10 15 0.044931296 
727 207 9 12 0.044918485 
575 344 15 21 0.04491378 
191 32 8 10 0.044881985 
560 156 8 9 0.04471875 
856 245 9 11 0.044685982 
94 203 9 11 0.044675104 
845 315 13 16 0.044617448 
504 152 8 9 0.044549488 
906 369 18 25 0.044486348 
971 382 13 16 0.044373233 
839 277 10 13 0.044349253 
353 218 9 12 0.044329334 
872 183 8 10 0.044304706 
869 166 10 12 0.044268742 
320 23 6 9 0.044240445 
695 149 6 8 0.044238593 
904 96 8 9 0.04421751 
171 111 7 10 0.044189986 
53 69 8 11 0.044171926 
961 96 8 10 0.04414487 
905 64 7 9 0.04411513 
716 292 13 17 0.044109076 
93 118 8 10 0.04407354 
240 88 8 9 0.0440536 
75 53 8 10 0.04402465 
793 97 7 9 0.043961998 
191 64 8 9 0.04395655 
109 127 8 11 0.043953624 
902 167 8 10 0.043919772 
112 111 8 10 0.043910064 
59 211 10 13 0.043836612 
903 115 9 11 0.043807723 
958 144 9 11 0.043786593 
24 104 8 10 0.043783277 
642 62 8 11 0.043735392 
70 24 7 9 0.04369004 
778 71 7 9 0.04366918 
200 174 8 10 0.04363849 
401 86 8 10 0.043597996 
541 268 10 13 0.043553755 
971 56 7 8 0.043541037 
512 212 8 10 0.04353257 
553 131 8 11 0.04352724 
127 168 7 10 0.043527167 
314 105 8 9 0.043453515 
703 56 7 9 0.04345265 
930 56 7 8 0.04342349 
702 102 7 9 0.043409005 
79 93 8 10 0.043406405 
519 244 9 11 0.04338323 
153 120 7 9 0.043293577 
312 64 7 8 0.043259844 
87 269 9 11 0.043205455 
552 248 7 10 0.043168515 
694 145 7 8 0.043069452 
497 96 8 9 0.04306399 
342 143 9 11 0.04299017 
359 110 7 9 0.042983633 
689 166 8 10 0.04294392 
280 22 7 9 0.042940892 
943 95 8 10 0.0428912 
734 117 8 10 0.042858403 
44 150 10 12 0.042855863 
8 227 12 16 0.042836476 
1000 47 7 10 0.042823974 
823 72 7 9 0.042820133 
646 335 16 20 0.042798687 
706 149 7 10 0.042789765 
520 80 8 10 0.042765632 
1016 108 7 11 0.042751502 
855 40 7 8 0.042540234 
774 248 9 12 0.042445593 
857 78 7 10 0.042434085 
960 262 10 11 0.04241895 
758 53 7 9 0.04241332 
295 13 8 10 0.04241094 
979 413 16 23 0.042405512 
193 136 7 9 0.042326853 
513 144 8 10 0.042302385 
887 238 8 10 0.042286646 
677 174 8 10 0.04228637 
751 230 10 12 0.042262536 
858 111 8 9 0.04226225 
248 143 7 9 0.042235374 
981 451 26 39 0.0422221 
934 331 15 19 0.042201173 
221 207 9 11 0.04216319 
1015 101 9 12 0.04215828 
662 64 9 10 0.042155735 
162 15 7 10 0.04213497 
136 152 8 10 0.04211002 
589 161 8 10 0.042092465 
125 28 7 10 0.042087052 
563 253 10 13 0.042032976 
690 229 11 14 0.042017233 
360 30 7 10 0.041962713 
651 104 7 9 0.041960523 
264 46 7 8 0.041952506 
777 32 7 9 0.041952383 
558 175 8 10 0.04192993 
272 5 7 9 0.041899182 
680 145 7 10 0.041834038 
910 404 16 19 0.041779418 
624 288 10 14 0.041731846 
824 119 8 10 0.04173086 
849 45 8 10 0.041630626 
544 110 7 8 0.04161523 
113 246 9 12 0.041600056 
607 197 8 9 0.041589763 
616 64 7 9 0.041566342 
384 53 8 9 0.0415292 
460 116 11 16 0.041496295 
183 62 7 9 0.041439008 
886 254 9 11 0.04141509 
345 71 8 9 0.04137545 
773 15 8 10 0.041370798 
613 293 12 14 0.041341573 
312 212 10 12 0.04123393 
541 248 9 10 0.04122275 
880 450 27 32 0.0411645 
735 234 11 14 0.04115861 
914 39 7 9 0.041130144 
888 40 7 9 0.041083958 
280 190 13 14 0.041058008 
929 119 8 9 0.04099511 
653 14 8 10 0.04098375 
43 72 7 9 0.040976916 
9 124 9 12 0.040961005 
262 228 13 16 0.040947847 
687 150 8 10 0.04093924 
701 252 12 14 0.04092906 
856 321 12 17 0.04092185 
768 23 8 9 0.040902793 
536 239 9 11 0.040888857 
693 77 8 9 0.04088117 
598 40 7 10 0.040867765 
161 176 8 11 0.040843304 
821 316 12 16 0.040830757 
90 88 8 10 0.040801782 
71 247 9 11 0.040726583 
846 286 10 12 0.04071901 
700 259 12 16 0.04069528 
217 150 7 9 0.04061563 
249 57 7 9 0.040587038 
535 253 9 11 0.040586047 
629 376 23 30 0.040553406 
901 237 11 12 0.040509705 
304 171 9 13 0.040491197 
702 63 7 9 0.040441647 
704 119 7 9 0.04041989 
977 7 8 9 0.04039197 
242 24 7 10 0.040348683 
158 234 21 28 0.040313993 
0 290 10 18 0.04029136 
960 182 9 11 0.040282633 
629 100 8 10 0.04024736 
567 69 8 10 0.040223606 
606 86 8 10 0.04021446 
56 110 9 11 0.040214103 
45 166 9 11 0.040196735 
910 448 17 23 0.04018003 
773 290 13 16 0.040179756 
712 296 12 17 0.040102918 
878 48 7 9 0.040060926 
807 181 9 11 0.040045943 
781 135 8 10 0.03997492 
808 174 9 11 0.039964493 
1001 78 8 10 0.0399409 
802 48 7 10 0.039930403 
117 86 9 11 0.039929762 
664 151 7 9 0.039918233 
1004 246 10 13 0.039857656 
1005 102 8 10 0.039846294 
965 259 12 14 0.03982766 
875 284 11 14 0.039824985 
148 476 26 37 0.039801054 
264 71 8 9 0.039793164 
701 176 8 10 0.03974903 
93 269 11 14 0.03968668 
216 46 7 10 0.039656226 
862 71 7 10 0.039633825 
729 47 7 8 0.039625153 
585 23 7 9 0.03959383 
680 134 7 9 0.039585624 
536 224 8 11 0.03958 
838 148 7 11 0.039554313 
136 79 7 11 0.039527338 
566 110 7 9 0.039453957 
762 119 9 12 0.039368175 
937 102 7 10 0.03934791 
542 49 7 9 0.039327927 
607 133 7 9 0.03932301 
367 289 22 27 0.039302353 
327 80 7 9 0.039298516 
209 71 7 9 0.03921402 
349 71 8 9 0.039209448 
866 21 8 9 0.039164316 
922 136 8 11 0.039142508 
209 182 8 10 0.039116878 
898 158 8 10 0.039073396 
566 105 7 9 0.039059512 
63 161 10 14 0.039023444 
512 54 7 9 0.039013192 
890 333 16 20 0.038998805 
222 213 10 12 0.03899217 
751 53 8 10 0.038985852 
554 209 8 9 0.038985323 
890 97 7 9 0.038984645 
538 112 7 8 0.03897575 
280 17 7 9 0.0389669 
703 112 7 9 0.03892563 
551 183 8 10 0.038925346 
767 197 8 11 0.038908344 
886 181 8 11 0.03885254 
566 204 9 11 0.038784944 
977 95 8 9 0.03872013 
337 103 8 10 0.038702242 
559 89 7 9 0.03869395 
111 232 10 13 0.03863883 
555 95 7 9 0.038596757 
959 34 8 9 0.03855644 
144 164 8 10 0.038546734 
809 102 7 10 0.038537018 
989 447 15 23 0.038532272 
782 71 7 10 0.038525425 
224 124 8 10 0.038510285 
491 338 26 30 0.038491618 
934 277 10 13 0.038480267 
609 22 7 9 0.038476937 
120 48 7 9 0.03846369 
335 72 7 8 0.038409054 
568 31 7 10 0.038396712 
371 274 14 18 0.038393825 
344 284 11 15 0.03838276 
904 78 7 9 0.038356572 
858 165 10 11 0.03828866 
614 174 8 10 0.03826925 
593 103 6 9 0.03826162 
614 240 8 10 0.03825818 
826 104 7 9 0.038252518 
319 72 7 9 0.038160503 
343 57 8 9 0.03808895 
812 274 11 14 0.038063787 
166 232 14 19 0.038056664 
956 342 10 13 0.0379997 
423 8 8 9 0.03798418 
997 378 15 20 0.037945215 
296 32 7 9 0.037928592 
624 38 8 10 0.037927732 
31 284 23 27 0.03791149 
360 14 9 11 0.037865125 
226 104 7 9 0.037794277 
337 87 7 8 0.03779385 
830 292 11 14 0.037787423 
660 385 23 31 0.037693176 
830 308 10 14 0.037658736 
686 205 12 13 0.03765375 
857 175 10 12 0.03759398 
977 119 9 10 0.03759364 
938 95 7 10 0.037590392 
341 111 7 9 0.037549313 
779 363 18 21 0.037516154 
841 335 9 12 0.03748905 
625 244 10 11 0.0374648 
929 62 8 10 0.03746258 
87 104 8 10 0.037409686 
803 391 16 21 0.03740153 
701 199 9 12 0.037384 
144 22 7 9 0.037339658 
581 172 8 11 0.03732001 
973 189 10 13 0.037287705 
525 144 8 9 0.037281457 
990 73 7 9 0.03727705 
558 168 8 10 0.03727628 
96 78 8 10 0.037275653 
855 271 9 12 0.03723769 
574 282 11 14 0.037236273 
520 260 9 13 0.037177928 
207 151 7 9 0.037172675 
909 136 8 10 0.037109334 
574 240 9 11 0.03708323 
56 25 7 8 0.037064932 
782 291 12 15 0.037041433 
208 49 7 9 0.03699531 
684 275 12 15 0.036973786 
415 40 8 10 0.036971457 
799 8 7 9 0.036959436 
215 160 7 9 0.036953025 
58 40 7 9 0.03693487 
518 212 8 10 0.036920324 
583 102 7 9 0.03691651 
914 1 8 9 0.036892105 
710 423 26 34 0.03687608 
621 29 9 11 0.036857735 
756 310 22 26 0.036809742 
970 80 8 9 0.03678043 
802 87 7 9 0.036779094 
925 295 10 12 0.03673783 
320 47 7 8 0.036688287 
176 46 7 8 0.036651026 
796 237 9 12 0.036649853 
771 54 7 9 0.036604587 
145 15 8 10 0.0365869 
767 64 8 9 0.036574416 
121 71 7 9 0.036573578 
582 239 8 10 0.036560096 
305 31 8 9 0.03655965 
697 111 8 10 0.036528587 
19 234 12 14 0.036518622 
0 101 8 14 0.03651817 
806 283 9 13 0.036517046 
839 316 11 16 0.03647206 
856 141 8 11 0.036366723 
639 143 7 9 0.03633016 
337 24 6 8 0.036261477 
906 55 8 10 0.036253277 
16 85 9 11 0.03624558 
97 72 7 10 0.03623847 
941 370 14 19 0.036226 
728 117 8 10 0.03621814 
162 23 7 9 0.03618553 
278 93 8 10 0.036113314 
297 118 8 10 0.0361103 
223 190 9 11 0.036104176 
578 120 6 8 0.036096837 
954 404 19 22 0.036061328 
222 40 6 9 0.03602718 
90 14 8 11 0.036006056 
724 245 10 12 0.035955813 
37 181 12 15 0.03594932 
234 39 7 9 0.035942744 
121 117 8 10 0.03594102 
847 175 8 10 0.035923496 
743 209 8 10 0.03592153 
149 14 7 10 0.03584326 
858 189 8 10 0.03583559 
351 289 44 66 0.035806846 
244 171 9 12 0.035804015 
393 40 7 9 0.035801195 
363 233 25 36 0.03578776 
837 145 7 10 0.035786774 
949 260 10 11 0.035724342 
711 280 15 18 0.03569893 
667 78 8 10 0.035685934 
278 78 7 10 0.0356469 
545 104 8 10 0.03556896 
750 7 8 9 0.03554582 
625 4 9 11 0.035522733 
799 14 7 8 0.035513736 
622 160 7 9 0.035488263 
598 237 10 11 0.035480976 
127 151 7 10 0.035447605 
502 314 13 16 0.035445586 
110 207 9 11 0.035435185 
246 46 8 10 0.035430387 
559 259 11 15 0.035411824 
727 144 7 8 0.03541028 
592 63 7 9 0.035374638 
312 87 8 9 0.035335705 
150 216 9 12 0.035322588 
78 68 8 11 0.03532199 
647 174 7 10 0.035317313 
208 63 7 8 0.035267435 
775 152 8 10 0.03526372 
305 24 7 9 0.035261568 
97 133 10 12 0.035242137 
920 311 10 13 0.035177425 
343 64 8 9 0.035162184 
784 63 8 10 0.035146505 
751 79 8 10 0.035137225 
367 260 20 26 0.035119813 
600 200 7 10 0.035087824 
917 167 8 10 0.035082504 
805 324 15 17 0.03501733 
849 94 7 9 0.03500984 
56 119 10 12 0.035004783 
928 102 7 9 0.034999073 
871 189 8 10 0.034996152 
238 158 9 11 0.03497567 
336 32 6 8 0.03497057 
757 86 8 10 0.03495808 
912 166 7 10 0.03492353 
223 60 8 10 0.034863733 
159 198 9 11 0.034858882 
893 190 9 12 0.0348437 
207 111 7 9 0.034827475 
792 233 10 12 0.0348072 
103 195 11 13 0.034807052 
910 192 9 11 0.034792207 
297 88 8 10 0.034789506 
874 357 17 19 0.034788817 
703 40 7 10 0.03477099 
872 38 7 9 0.0347165 
353 39 7 9 0.03470063 
513 149 9 11 0.034667097 
485 199 9 12 0.03465904 
947 71 7 8 0.034645047 
650 343 17 21 0.034619812 
858 55 8 10 0.03461595 
970 39 7 10 0.034615174 
952 180 9 11 0.034592 
21 126 10 12 0.034560718 
832 80 8 10 0.034556344 
979 245 13 15 0.034537863 
377 32 8 10 0.034512226 
904 137 9 11 0.03449288 
48 102 9 11 0.03447269 
206 145 7 8 0.034451373 
648 40 8 9 0.03442454 
94 165 9 11 0.034415547 
895 180 9 11 0.034412824 
342 41 8 9 0.034410983 
327 14 8 10 0.03435651 
787 292 13 15 0.0342942 
358 56 7 8 0.03427375 
665 257 11 15 0.034261 
607 250 10 13 0.034244344 
814 319 13 15 0.034244206 
642 15 7 9 0.034239475 
103 208 10 11 0.034215838 
343 119 9 11 0.03417603 
610 223 8 11 0.034138184 
337 64 7 9 0.03413742 
573 403 25 34 0.03411771 
967 110 8 10 0.034109715 
152 177 8 9 0.03410316 
90 23 8 10 0.03409284 
167 63 6 9 0.034086816 
206 256 14 18 0.034074817 
57 165 8 11 0.034065455 
901 328 13 19 0.034056626 
757 72 7 9 0.034037013 
79 39 7 9 0.034018446 
945 49 8 10 0.033994082 
246 285 13 15 0.03398253 
919 54 7 9 0.033970185 
494 263 12 15 0.033957627 
864 368 14 18 0.033935983 
810 31 8 10 0.03390905 
862 57 7 8 0.03386317 
353 80 7 9 0.033861626 
190 37 7 9 0.033859257 
48 222 13 16 0.03384921 
144 190 8 10 0.03383109 
989 372 15 19 0.033808783 
298 94 7 9 0.03380766 
614 77 7 10 0.033797454 
911 126 8 10 0.033793304 
529 134 8 10 0.03378683 
402 80 8 9 0.03378107 
46 141 8 11 0.03377308 
33 46 6 8 0.03377306 
984 85 7 9 0.0336881 
359 103 7 10 0.0336866 
808 136 9 10 0.0336323 
93 56 8 10 0.033594493 
126 77 9 11 0.033574726 
206 119 7 10 0.03355196 
722 298 15 20 0.033542838 
743 141 8 10 0.033479795 
138 23 7 9 0.033474393 
807 89 8 9 0.033437286 
119 168 8 11 0.033429563 
656 153 7 8 0.03341925 
544 300 12 17 0.03341272 
1012 191 10 13 0.033394724 
278 88 7 9 0.033382587 
945 80 7 9 0.033340253 
60 244 11 15 0.033308655 
648 79 7 9 0.03329573 
880 216 8 9 0.033277024 
951 72 7 9 0.03327404 
0 115 9 13 0.033248182 
662 32 7 9 0.03322695 
967 128 7 10 0.033143263 
166 15 7 9 0.033136964 
17 94 8 10 0.033129357 
261 62 7 10 0.033105686 
712 260 13 17 0.033105645 
217 62 6 9 0.033053435 
720 56 7 8 0.033001166 
987 411 13 19 0.032998703 
1 487 11 19 0.032960266 
153 48 6 9 0.032932162 
675 245 11 14 0.03293062 
929 111 7 9 0.03291756 
919 113 7 9 0.032881007 
860 349 18 24 0.032867715 
782 167 8 10 0.03283823 
874 348 14 17 0.032835353 
159 142 8 10 0.032824177 
95 214 8 11 0.032790665 
969 247 10 11 0.03275886 
584 86 6 8 0.03274342 
712 250 21 24 0.03271809 
782 174 8 10 0.032706752 
861 396 17 19 0.032706697 
689 32 8 10 0.03269946 
336 95 8 9 0.032676063 
177 40 6 9 0.032665834 
191 112 8 9 0.032636125 
126 175 7 8 0.032624792 
744 8 8 10 0.032624386 
958 174 8 11 0.032589406 
295 72 7 9 0.032586783 
215 273 13 19 0.032581188 
233 93 8 11 0.032578066 
23 173 11 14 0.032574687 
0 235 8 13 0.032565568 
994 55 7 8 0.03255347 
537 169 7 9 0.032536082 
993 133 8 11 0.032520317 
378 84 8 11 0.032512363 
352 143 10 12 0.032482307 
39 140 9 11 0.03247492 
77 198 9 12 0.03247363 
543 136 7 10 0.03244993 
490 221 10 12 0.03244704 
560 111 7 9 0.032441657 
919 360 19 27 0.03243457 
296 127 7 9 0.03241509 
379 103 7 10 0.032396488 
17 102 8 10 0.032394648 
155 127 7 9 0.032368325 
725 134 7 10 0.032363754 
415 65 7 9 0.032348197 
710 240 10 11 0.032315675 
554 151 8 10 0.03228299 
640 180 8 10 0.032273892 
766 109 8 9 0.032270078 
53 79 8 11 0.0322681 
202 104 7 9 0.032256454 
999 53 6 9 0.032256447 
77 127 9 10 0.032229554 
774 119 7 10 0.032183517 
313 46 6 8 0.03217907 
902 31 8 10 0.03216063 
751 111 7 10 0.03214932 
953 119 7 10 0.032111913 
761 125 10 12 0.03206841 
134 7 8 9 0.03206375 
530 120 8 10 0.03203492 
957 283 12 14 0.03202903 
777 189 8 11 0.032027952 
674 252 13 15 0.03201915 
127 112 8 9 0.032012735 
183 103 8 10 0.031998828 
541 238 9 11 0.031984486 
570 223 9 10 0.031945877 
746 96 7 9 0.03194069 
231 125 8 10 0.031936012 
649 22 7 9 0.031933613 
216 205 9 12 0.03189452 
682 2 8 9 0.031893365 
541 151 7 11 0.031889074 
176 199 9 10 0.03187932 
853 207 9 11 0.031873006 
578 103 8 9 0.031850033 
549 252 10 13 0.03183689 
761 104 9 10 0.031831622 
550 393 22 31 0.03182766 
520 157 9 11 0.031752832 
584 184 7 10 0.031746916 
724 252 11 15 0.031707257 
632 84 8 10 0.031681944 
44 195 12 14 0.03165279 
215 33 7 8 0.03161081 
991 5 9 9 0.031608228 
289 88 6 9 0.03159337 
944 248 11 13 0.03155824 
949 103 8 10 0.03154964 
888 169 9 10 0.03153405 
321 39 7 9 0.031516347 
217 145 7 9 0.03149659 
162 63 8 10 0.031489927 
582 229 8 10 0.031487245 
22 187 14 20 0.03146104 
799 72 8 10 0.031460166 
391 16 7 8 0.031415593 
247 79 7 10 0.03139313 
224 23 7 9 0.03138553 
741 152 9 11 0.031383473 
847 183 7 10 0.031369887 
798 268 7 10 0.031354234 
276 226 12 16 0.031319756 
771 47 8 11 0.031315025 
260 285 12 16 0.0312868 
336 46 8 10 0.03128254 
808 263 10 12 0.031270485 
675 261 15 16 0.031229917 
382 32 8 10 0.031203208 
551 3 8 8 0.031180708 
398 40 7 8 0.031157821 
705 47 7 8 0.0311412 
879 33 7 9 0.031132264 
1015 39 8 11 0.03109153 
720 119 8 10 0.031078823 
689 39 8 9 0.031051341 
912 119 7 9 0.031039784 
386 69 8 11 0.031033961 
910 160 7 10 0.031033512 
134 70 7 10 0.031021992 
327 119 8 9 0.031015093 
871 175 8 10 0.031013496 
246 41 8 10 0.031004624 
343 221 11 16 0.030981436 
142 128 8 9 0.030980628 
671 275 13 17 0.030892402 
968 186 9 13 0.03089203 
522 55 7 10 0.030864596 
32 128 11 14 0.03082371 
566 158 8 9 0.03079521 
152 149 7 9 0.030787952 
679 168 8 8 0.030742818 
894 97 7 9 0.030738218 
844 275 11 14 0.030736133 
966 71 8 8 0.030724585 
501 198 9 12 0.03071803 
879 38 7 9 0.030680014 
307 245 31 34 0.030650891 
735 21 7 10 0.030644836 
22 251 13 18 0.030635856 
145 119 8 10 0.030591467 
380 277 13 17 0.030580897 
209 30 7 9 0.030575939 
865 230 9 11 0.030565375 
950 127 8 11 0.030539924 
794 15 6 9 0.03052156 
735 78 8 10 0.03051915 
78 135 9 11 0.03050163 
114 80 8 10 0.030501522 
889 200 9 12 0.030464513 
600 206 8 9 0.030450718 
378 139 9 12 0.030401181 
840 56 8 9 0.030376602 
177 63 7 8 0.0303697 
360 275 10 14 0.03032773 
520 72 8 10 0.030319355 
94 9 9 10 0.03030534 
207 158 8 10 0.030294916 
892 198 10 12 0.030292943 
583 45 9 10 0.030268265 
771 220 12 13 0.030265952 
167 56 7 9 0.030255275 
823 40 8 9 0.030253923 
792 61 7 9 0.030233093 
133 278 12 15 0.030186772 
358 217 9 12 0.030163115 
928 125 8 10 0.03005639 
879 271 10 12 0.030051371 
745 127 8 10 0.030047461 
919 5 7 9 0.030033423 
673 175 8 10 0.03002024 
176 105 8 9 0.030002933 
271 45 7 9 0.029998492 
552 361 15 19 0.029971853 
693 167 8 10 0.029960942 
736 8 9 10 0.029901752 
441 38 7 9 0.029895375 
985 73 8 10 0.029894587 
337 144 9 11 0.02988017 
270 112 8 10 0.029864179 
321 126 9 10 0.02986236 
607 404 18 22 0.029828835 
847 16 8 10 0.029819535 
154 95 7 9 0.029787285 
186 152 7 9 0.029736364 
840 192 7 10 0.029701455 
182 194 10 12 0.029686093 
563 15 7 9 0.029685628 
600 46 7 10 0.029657511 
814 32 8 10 0.029615456 
190 126 7 9 0.029609488 
687 111 7 9 0.02960552 
511 80 9 11 0.029599946 
934 119 7 10 0.02955312 
505 214 9 10 0.029534698 
624 214 8 9 0.029515529 
894 127 8 10 0.029504677 
607 392 18 25 0.029494131 
670 143 7 9 0.029439729 
756 251 13 16 0.029429963 
214 196 9 11 0.029429557 
727 182 8 10 0.02941643 
593 200 7 9 0.02940001 
184 56 7 9 0.029390562 
297 79 7 8 0.029365905 
695 263 12 16 0.029327989 
151 55 7 9 0.029317712 
846 334 10 14 0.029310795 
761 132 9 13 0.029278237 
781 190 8 11 0.02926323 
887 282 10 14 0.02925016 
303 88 8 10 0.029230652 
658 117 7 9 0.02919275 
729 223 8 11 0.029165138 
844 321 13 18 0.029164316 
817 354 14 17 0.029159263 
880 7 7 10 0.029143112 
122 133 8 11 0.02914105 
1001 416 23 26 0.029121634 
950 111 8 10 0.029081188 
862 174 11 13 0.02907452 
352 56 8 9 0.029070806 
833 199 9 11 0.029020336 
785 116 7 10 0.029014627 
764 266 11 14 0.029011635 
327 63 8 9 0.0290112 
552 167 8 10 0.02900687 
888 213 9 12 0.028997093 
450 120 18 25 0.0289893 
615 103 8 10 0.028957078 
711 49 6 8 0.028936274 
57 160 10 12 0.028927969 
583 9 7 8 0.028903412 
415 79 7 9 0.028896626 
806 72 7 9 0.028890407 
371 278 21 28 0.028881561 
243 275 28 31 0.028880112 
440 32 7 9 0.028868234 
57 46 7 9 0.028861122 
561 104 7 8 0.028860189 
898 31 8 10 0.028836364 
823 22 7 9 0.028820615 
642 379 21 29 0.028813908 
270 220 12 17 0.028803129 
864 96 8 10 0.0287968 
674 47 7 9 0.02878115 
142 251 13 16 0.02876282 
558 46 8 10 0.02871213 
741 270 15 19 0.028709996 
864 268 9 11 0.028682387 
733 47 7 9 0.02867204 
680 80 7 9 0.028622355 
658 181 9 11 0.028619716 
881 110 7 9 0.02860325 
199 31 8 9 0.028545778 
654 63 8 11 0.028538333 
734 104 8 9 0.028527332 
838 214 8 12 0.028476728 
841 323 10 14 0.028475847 
557 268 10 13 0.028426187 
542 292 10 13 0.028356258 
767 403 24 29 0.028336111 
576 24 8 9 0.028320162 
263 16 7 10 0.028311467 
0 134 8 12 0.028295912 
177 174 8 11 0.028266964 
671 40 7 9 0.0282572 
829 110 8 10 0.028184919 
24 39 8 10 0.028159717 
240 290 27 31 0.02815433 
624 129 8 10 0.028151838 
920 89 7 8 0.028144754 
297 47 7 10 0.028143765 
734 259 12 17 0.028136449 
911 419 22 29 0.02813456 
362 269 24 30 0.028122952 
328 97 8 9 0.028098242 
696 119 7 9 0.028079908 
722 282 13 16 0.028025288 
282 71 7 10 0.02801043 
911 48 8 9 0.027992375 
958 266 13 16 0.027985126 
592 117 7 9 0.027972117 
929 167 9 11 0.027922917 
581 216 8 10 0.027903968 
144 215 9 12 0.027858354 
242 62 7 9 0.027853798 
834 13 7 9 0.0278445 
717 184 9 11 0.027828334 
158 108 8 11 0.027825708 
576 14 7 10 0.027809093 
537 174 7 8 0.027805546 
888 190 9 11 0.02780398 
908 413 19 23 0.027798956 
103 177 9 11 0.027761554 
9 21 7 9 0.027748037 
601 159 8 9 0.02774342 
237 275 11 15 0.027728839 
657 129 7 9 0.027725369 
1006 65 7 10 0.02771936 
838 159 8 11 0.027717609 
273 16 7 9 0.02770371 
953 32 8 9 0.027661372 
904 148 8 10 0.02764658 
137 176 7 9 0.027645104 
113 174 9 10 0.027638197 
23 72 8 9 0.027589219 
313 80 7 9 0.027573466 
183 137 8 9 0.027549759 
621 166 8 10 0.027546654 
166 135 8 9 0.027541596 
950 347 12 15 0.027529038 
5 235 12 15 0.027520986 
837 343 20 24 0.027518647 
112 260 10 13 0.027500771 
288 62 7 9 0.027454624 
190 22 8 10 0.027445244 
889 51 8 10 0.027442196 
499 394 15 16 0.027422182 
382 55 19 26 0.027403725 
290 104 7 9 0.027401658 
337 119 7 10 0.027363619 
672 268 13 16 0.027310112 
837 7 8 9 0.027309168 
136 128 8 9 0.027256861 
735 253 11 15 0.027226863 
352 23 7 9 0.027216075 
758 79 7 10 0.027215442 
984 169 8 11 0.0272018 
850 31 6 8 0.027182193 
904 127 8 10 0.027169574 
327 48 8 10 0.027137868 
95 159 9 11 0.027114475 
935 168 8 10 0.027105311 
859 341 12 15 0.027102023 
745 120 7 9 0.027070815 
95 183 9 11 0.027052883 
265 40 8 10 0.027022865 
407 78 7 10 0.027013313 
629 258 12 14 0.026987875 
303 93 8 10 0.026980909 
821 240 8 10 0.026980346 
331 219 38 50 0.026974743 
582 283 20 24 0.026971977 
647 351 23 27 0.026935829 
824 307 11 15 0.026925974 
552 175 8 10 0.026895478 
824 9 7 9 0.026859907 
170 167 8 9 0.026843594 
751 32 8 10 0.026838932 
552 227 10 12 0.026803197 
56 29 7 9 0.0267703 
716 401 25 34 0.026746402 
233 73 8 8 0.026734931 
110 132 8 11 0.026732573 
77 189 9 11 0.026728434 
567 23 8 9 0.02672116 
111 14 8 10 0.026687909 
992 219 12 17 0.026677314 
832 363 24 29 0.026664449 
157 227 11 16 0.026646918 
185 227 20 24 0.026635394 
65 29 7 9 0.026631216 
920 229 10 13 0.02661705 
201 15 8 9 0.026560485 
335 80 8 9 0.026541112 
575 128 7 10 0.026539331 
863 63 6 8 0.026531655 
89 149 7 9 0.026510634 
924 211 11 13 0.02650934 
936 298 9 13 0.026500395 
384 14 7 10 0.026487133 
975 85 8 9 0.026479905 
14 22 8 9 0.026477545 
-1 224 7 12 0.026436055 
928 261 10 12 0.02642655 
182 178 19 24 0.026424171 
855 86 8 10 0.026398938 
143 247 10 12 0.02637969 
847 191 7 10 0.026374903 
799 152 8 10 0.026373923 
912 276 9 11 0.026352443 
799 61 9 10 0.026340688 
872 111 7 10 0.02632972 
945 118 8 9 0.026245788 
191 48 6 9 0.026222346 
882 384 17 19 0.026221054 
975 169 10 11 0.026202098 
856 276 10 12 0.026175205 
509 303 21 26 0.026171764 
392 32 8 9 0.026169397 
153 87 7 9 0.026166745 
631 213 8 11 0.026162885 
617 134 7 9 0.026158784 
768 38 7 9 0.026149012 
735 196 10 12 0.02611895 
956 44 9 11 0.026105188 
993 48 7 10 0.026092025 
665 242 18 23 0.026062138 
770 152 7 10 0.02605328 
578 95 6 9 0.026041558 
781 253 10 13 0.026039004 
685 95 8 11 0.026022565 
353 31 7 9 0.026004985 
676 239 11 12 0.025983911 
651 400 25 34 0.025976798 
889 124 8 10 0.025963927 
104 158 9 11 0.025961444 
560 40 7 10 0.025959114 
607 40 8 10 0.025954884 
256 199 9 11 0.025950812 
702 205 9 12 0.025934942 
913 5 8 10 0.025907865 
973 251 12 14 0.025895918 
549 261 11 15 0.025893083 
577 200 8 10 0.025857147 
670 342 16 20 0.02584355 
879 167 9 12 0.025841689 
325 141 7 11 0.025838407 
200 160 7 9 0.02582621 
384 23 7 8 0.02580761 
617 6 9 10 0.025800059 
638 212 17 22 0.025779594 
646 46 8 10 0.025778182 
816 120 7 9 0.02577418 
409 24 6 9 0.025762007 
497 337 16 19 0.02575643 
811 427 26 28 0.0257496 
975 61 7 10 0.02571569 
792 151 9 11 0.02567796 
697 102 8 10 0.02566949 
205 167 7 9 0.025647862 
304 61 7 9 0.025593324 
769 175 8 10 0.025580652 
225 31 7 9 0.025562244 
150 8 7 9 0.025521204 
422 14 8 9 0.025501348 
158 96 7 9 0.025488673 
578 190 7 9 0.025485333 
825 149 9 10 0.025469659 
881 120 8 9 0.025445372 
799 99 7 10 0.025434854 
1002 441 16 24 0.025420865 
735 39 8 10 0.025420172 
864 47 7 9 0.02540816 
482 252 12 16 0.025399754 
777 109 7 10 0.025399098 
415 45 8 9 0.025385827 
825 47 8 9 0.025345024 
827 322 12 16 0.025342453 
960 255 9 11 0.025339754 
348 288 25 31 0.02531716 
185 119 9 10 0.02531649 
312 10 7 8 0.025311308 
554 87 8 10 0.025269002 
600 142 8 9 0.025263974 
793 73 8 10 0.025255851 
805 302 10 13 0.025255486 
536 261 9 10 0.025232159 
569 176 7 9 0.025228709 
726 188 9 11 0.025217636 
968 63 8 9 0.025202135 
934 111 8 9 0.025195163 
826 143 9 12 0.025192248 
888 409 15 20 0.025182785 
681 31 7 9 0.025151996 
915 223 10 12 0.02513722 
713 92 8 9 0.025134254 
894 223 8 10 0.025115404 
567 194 7 9 0.025100784 
589 32 9 10 0.025081145 
127 127 8 9 0.025070172 
795 314 12 15 0.02506924 
191 72 8 10 0.025049895 
833 65 6 8 0.025048567 
592 238 8 11 0.02502697 
893 279 9 13 0.025022509 
233 145 6 8 0.025010435 
58 15 8 9 0.024990004 
515 321 16 18 0.024984159 
76 80 8 10 0.02495992 
424 30 7 9 0.02495306 
350 124 8 10 0.024951495 
344 23 8 9 0.024930412 
694 47 7 8 0.024904536 
553 158 7 9 0.024899382 
48 127 11 13 0.024879418 
754 38 7 9 0.024871318 
718 240 9 12 0.024830686 
895 40 8 9 0.024826117 
184 38 7 9 0.024820743 
581 269 10 13 0.024809996 
714 314 11 17 0.024807584 
354 104 7 9 0.024804123 
615 53 7 10 0.024781717 
833 41 7 9 0.024777345 
408 72 8 10 0.024764707 
201 25 7 8 0.024686633 
703 352 15 21 0.02467453 
872 8 8 10 0.024663648 
401 55 8 10 0.024633566 
119 8 8 9 0.024630485 
608 300 14 17 0.024587208 
681 157 7 10 0.02457189 
712 175 9 11 0.02457094 
810 334 21 26 0.024563039 
689 173 9 10 0.024562733 
761 140 8 11 0.024551516 
648 230 19 23 0.024525302 
726 174 7 9 0.024523055 
346 15 7 9 0.02451209 
591 81 7 9 0.024506213 
782 128 9 10 0.024494605 
759 39 7 9 0.024482949 
664 104 7 10 0.024480594 
693 230 19 23 0.024479233 
878 295 18 23 0.024465801 
548 277 12 16 0.024442323 
614 111 8 10 0.024435878 
341 224 19 29 0.024420343 
671 165 7 10 0.024387129 
81 32 8 10 0.024386844 
776 63 7 10 0.024381576 
960 127 10 12 0.02437175 
22 292 13 18 0.02435997 
145 221 10 14 0.02435257 
895 314 11 15 0.024344344 
222 217 14 20 0.02432005 
327 31 7 9 0.024318082 
766 229 12 14 0.024231356 
118 233 9 12 0.024218867 
512 72 7 10 0.024216335 
209 133 8 10 0.02416611 
944 156 9 11 0.024165474 
238 263 22 28 0.024130838 
905 331 19 27 0.024119139 
810 243 10 12 0.024118058 
711 70 7 9 0.024116306 
79 253 10 13 0.024113119 
530 231 8 10 0.024104312 
321 31 6 9 0.024089469 
596 175 7 10 0.024079828 
985 130 9 12 0.024073184 
145 31 8 11 0.024057506 
518 182 8 9 0.024054432 
947 231 20 23 0.02405033 
561 234 18 23 0.024042876 
275 22 7 9 0.024040563 
506 80 7 10 0.02403706 
992 30 8 9 0.024026195 
984 2 8 8 0.024017151 
514 136 8 10 0.024010072 
515 13 8 9 0.023982944 
577 39 7 9 0.02397994 
152 80 8 9 0.023965482 
101 78 8 10 0.023961103 
179 93 8 10 0.023908108 
762 302 16 18 0.023871114 
785 105 8 9 0.02386176 
194 167 8 9 0.0238446 
997 134 8 11 0.023840223 
87 136 8 11 0.023829266 
762 7 8 9 0.023826933 
295 133 8 10 0.02379935 
422 40 8 10 0.023780035 
551 267 10 14 0.023743786 
886 40 19 25 0.02371251 
169 143 7 9 0.023667172 
378 126 8 10 0.023664773 
850 214 9 11 0.023659742 
995 223 14 20 0.023654548 
854 333 13 17 0.023652568 
920 407 17 22 0.023648798 
824 31 8 9 0.023643697 
194 141 8 10 0.02364225 
241 80 7 10 0.023614362 
120 144 6 8 0.023578295 
312 56 7 10 0.02355544 
765 235 11 13 0.02355037 
630 223 8 11 0.02353999 
306 39 8 9 0.023521496 
251 283 16 17 0.023518255 
983 6 9 10 0.023511838 
110 159 8 11 0.023510296 
654 23 7 9 0.023507128 
96 175 8 10 0.023502734 
918 76 7 10 0.023497147 
607 93 7 9 0.023482945 
601 56 6 8 0.02346963 
522 61 7 10 0.023467759 
678 393 29 36 0.023451025 
112 103 8 10 0.023438415 
666 86 8 10 0.023437696 
775 197 9 13 0.023436189 
666 95 8 10 0.02343487 
575 415 29 36 0.023432795 
169 150 8 9 0.023424719 
750 319 24 29 0.0234182 
895 232 9 11 0.023417242 
104 111 9 10 0.02341482 
800 23 7 8 0.023407133 
327 23 7 9 0.023387676 
144 109 8 10 0.023384245 
79 147 9 11 0.023380041 
4 110 9 12 0.023374166 
312 30 6 9 0.023370354 
758 221 8 11 0.023367804 
997 141 8 12 0.023340262 
232 79 8 10 0.02329979 
622 175 8 10 0.023293247 
937 134 8 11 0.023285786 
856 295 11 13 0.023282997 
767 80 8 9 0.023282293 
105 13 9 10 0.023274662 
359 8 9 10 0.023264896 
719 222 9 11 0.023261406 
613 252 10 12 0.023246337 
913 252 9 11 0.023242801 
934 413 27 33 0.023231449 
558 180 9 11 0.023229232 
85 261 12 16 0.023195256 
897 65 6 8 0.023186054 
39 295 21 24 0.023169152 
42 96 8 9 0.02316753 
503 317 23 27 0.02316408 
81 103 8 9 0.023149151 
328 214 10 13 0.023142776 
119 94 9 12 0.023139114 
850 8 7 8 0.023124428 
545 79 7 9 0.023110388 
799 179 8 11 0.02308553 
8 476 16 21 0.023085505 
775 267 10 13 0.02307649 
117 282 49 60 0.02307331 
200 137 6 9 0.02307237 
400 104 8 9 0.023065308 
828 333 12 15 0.02305763 
686 55 8 9 0.023054147 
806 449 27 33 0.023045091 
631 183 8 10 0.023041235 
955 365 15 17 0.023029132 
104 104 7 8 0.023024563 
64 198 10 12 0.022990944 
25 180 21 27 0.022979962 
32 41 6 9 0.022972165 
4 185 19 27 0.02296081 
177 23 7 9 0.022951264 
328 127 7 9 0.022943428 
611 285 14 16 0.022940371 
24 85 8 11 0.022924883 
423 23 8 10 0.02291931 
86 186 18 23 0.022885572 
901 195 21 25 0.022881076 
542 223 8 10 0.022847101 
964 264 14 16 0.02283114 
845 292 10 13 0.022823265 
372 218 15 19 0.022815634 
470 109 10 14 0.02279908 
920 160 9 11 0.022798907 
638 118 7 9 0.022787873 
721 152 7 9 0.022763891 
896 133 8 10 0.022750493 
818 9 7 9 0.022740815 
713 104 9 10 0.022735836 
558 1 8 8 0.022734934 
23 95 7 10 0.02273357 
655 69 8 11 0.02272501 
700 273 12 16 0.022690631 
712 325 14 19 0.022687275 
992 25 8 10 0.022686273 
572 415 14 19 0.022671212 
857 103 8 10 0.022661204 
13 291 13 18 0.022646112 
174 204 11 11 0.022629304 
670 240 10 12 0.022620054 
924 226 20 23 0.022610009 
986 424 22 33 0.022585107 
617 40 7 9 0.022580236 
782 268 9 11 0.02256591 
919 287 9 11 0.022555599 
844 359 16 21 0.022540046 
1011 435 14 21 0.022530047 
889 434 16 21 0.022525363 
781 159 8 11 0.022518491 
192 94 8 10 0.022511885 
51 187 11 14 0.022509139 
136 57 7 9 0.022478 
341 103 8 10 0.022456639 
614 213 8 10 0.022454219 
695 199 9 12 0.022452753 
126 47 7 9 0.022449946 
935 127 8 10 0.02240647 
832 296 20 24 0.02236325 
599 168 8 9 0.022352945 
895 52 7 10 0.022347407 
257 111 8 10 0.02234689 
276 264 13 19 0.022343455 
313 95 7 8 0.022327593 
1011 415 14 19 0.022305083 
272 32 8 10 0.022299655 
31 57 8 9 0.022295726 
825 131 9 12 0.02229314 
923 404 25 33 0.022286935 
591 55 7 9 0.022283526 
244 289 17 19 0.02226227 
376 14 9 10 0.02226034 
880 74 17 23 0.022256033 
864 32 7 9 0.022250338 
641 41 7 9 0.022239238 
179 189 9 12 0.022210598 
937 446 17 21 0.022197163 
133 118 8 10 0.022195196 
583 54 10 10 0.022154272 
831 204 8 10 0.022153638 
857 307 18 23 0.022144642 
832 340 12 16 0.022132795 
310 172 9 12 0.022132076 
832 219 10 13 0.022121139 
965 238 9 11 0.022093942 
574 53 7 10 0.022069328 
848 200 7 8 0.022057328 
102 208 19 24 0.022054654 
1015 168 9 11 0.02204358 
591 127 7 9 0.022041535 
1016 31 7 11 0.022010026 
497 89 8 9 0.022006534 
312 40 6 8 0.021998938 
543 53 7 9 0.02199858 
722 46 7 9 0.021955462 
470 117 10 15 0.02194463 
749 387 24 27 0.02193171 
870 223 9 12 0.02192508 
703 166 9 10 0.021875327 
816 94 7 8 0.021872923 
996 211 13 18 0.021857727 
625 338 16 20 0.02184305 
661 358 17 22 0.021841528 
799 221 7 10 0.021837914 
973 155 12 13 0.021824831 
663 119 7 9 0.021823643 
727 265 96 114 0.02182214 
768 166 7 10 0.021813465 
591 400 18 22 0.021811033 
25 45 8 10 0.02181086 
583 63 8 10 0.021731667 
537 270 10 12 0.021730533 
128 276 12 15 0.02170316 
940 395 24 30 0.021664133 
149 222 19 25 0.021658761 
145 37 8 10 0.021653393 
305 15 7 9 0.021638842 
272 198 10 12 0.021621227 
9 72 7 9 0.02161736 
450 110 49 59 0.021616438 
838 175 8 9 0.021612266 
813 149 8 10 0.021609928 
489 273 14 17 0.021566628 
231 109 7 9 0.021559114 
288 30 7 9 0.021556942 
287 48 7 9 0.021545388 
935 224 7 9 0.021543097 
340 295 74 105 0.021541122 
784 104 18 24 0.0215172 
958 88 8 10 0.02150424 
23 32 8 8 0.021492766 
736 1 8 9 0.02148975 
816 38 7 10 0.021450888 
998 5 8 9 0.02143375 
202 125 8 10 0.021418625 
596 370 18 21 0.021399911 
236 205 12 15 0.021382984 
4 313 23 29 0.021357026 
304 48 7 9 0.021356994 
630 38 9 11 0.021355718 
224 15 7 9 0.02135499 
271 73 8 9 0.021351717 
911 62 7 9 0.021343207 
252 291 15 18 0.021332113 
979 210 11 13 0.021325406 
207 8 8 9 0.021313842 
328 72 7 9 0.021308633 
766 135 9 11 0.021289475 
351 274 25 32 0.021267701 
871 387 23 27 0.021264719 
705 79 8 9 0.021251718 
582 260 10 13 0.02124982 
360 62 6 9 0.021240888 
970 46 7 9 0.021225149 
599 118 8 9 0.021212615 
550 71 8 10 0.021211319 
669 182 9 11 0.021204077 
103 247 10 12 0.021185009 
327 135 7 11 0.021183606 
134 221 11 14 0.02117979 
488 227 11 14 0.021175724 
445 105 28 38 0.02117144 
535 278 19 24 0.021149779 
567 119 7 9 0.021144418 
920 64 7 9 0.021125203 
109 469 29 36 0.021125153 
260 222 20 28 0.021119224 
89 275 21 27 0.021109298 
731 362 13 19 0.021097424 
946 166 18 23 0.021094302 
304 79 8 8 0.021087019 
320 118 8 10 0.021068249 
840 15 7 10 0.02106327 
754 154 19 24 0.021052353 
792 23 6 8 0.021048805 
896 242 18 23 0.021038396 
989 426 12 20 0.02103818 
965 133 8 10 0.021007806 
81 246 10 12 0.021004835 
744 31 7 10 0.020988096 
200 112 7 8 0.020960625 
201 151 7 9 0.02092291 
629 311 17 23 0.020920068 
377 23 8 9 0.02091986 
104 119 9 10 0.020916244 
767 277 11 13 0.020913327 
719 93 7 9 0.02090117 
693 204 11 13 0.020897457 
877 332 20 24 0.020895647 
169 118 8 9 0.020892428 
663 55 8 9 0.020888643 
792 128 19 24 0.020888379 
816 109 8 10 0.020875929 
280 62 6 9 0.020870086 
966 166 9 11 0.020869954 
698 82 19 24 0.020772941 
235 234 12 15 0.020771135 
761 0 8 9 0.020763524 
780 477 29 30 0.020759707 
983 56 6 8 0.020735867 
839 283 10 14 0.020716093 
616 17 7 10 0.020710379 
984 109 8 11 0.020696895 
749 80 19 24 0.020696877 
656 206 8 11 0.020690145 
256 127 9 11 0.020681925 
809 466 19 24 0.020676145 
840 270 10 12 0.020673314 
550 189 8 11 0.020672163 
957 311 10 12 0.020667685 
175 149 7 9 0.02063637 
138 164 7 10 0.020625114 
738 406 28 35 0.020624025 
501 103 8 10 0.020619715 
401 61 8 11 0.020611038 
398 47 7 9 0.020594468 
991 259 11 15 0.020592889 
999 125 9 10 0.02057682 
197 255 14 17 0.020562852 
29 103 8 10 0.02054391 
561 73 8 10 0.020540506 
592 182 8 10 0.020525184 
623 252 10 12 0.020511162 
695 32 7 9 0.02051067 
160 39 8 10 0.020497091 
932 234 10 14 0.020497024 
25 56 7 9 0.02048558 
72 94 8 11 0.02047677 
490 258 20 25 0.02045014 
511 232 9 11 0.020442566 
621 393 13 19 0.020436523 
734 206 9 12 0.020435017 
918 117 8 10 0.020433458 
254 102 8 10 0.02042982 
586 142 8 9 0.02042921 
663 23 8 9 0.02042499 
802 355 22 25 0.020422686 
13 486 29 34 0.020410392 
238 93 8 9 0.020403111 
145 249 24 27 0.020392857 
486 237 11 15 0.020387411 
490 216 8 11 0.020357186 
825 95 7 9 0.020355796 
733 283 13 17 0.020328866 
607 159 8 9 0.02032146 
382 109 8 10 0.020291181 
243 211 13 19 0.020290699 
674 8 7 9 0.02028864 
761 172 9 11 0.020278944 
560 6 21 26 0.020247882 
709 228 11 13 0.020245356 
951 315 11 13 0.020229898 
-1 205 7 13 0.020218095 
185 31 7 10 0.0202022 
423 46 7 8 0.020200511 
923 237 9 12 0.02019689 
591 272 10 12 0.020194203 
169 46 7 9 0.020162627 
313 147 10 13 0.020149957 
359 301 27 34 0.020141533 
860 331 12 16 0.02013102 
107 94 8 10 0.020111505 
752 152 8 10 0.02011122 
672 129 8 9 0.020098124 
847 417 38 48 0.020091277 
376 65 7 9 0.020078791 
239 14 7 9 0.02007827 
551 120 18 25 0.020071633 
559 23 7 9 0.02006588 
214 133 8 9 0.020032726 
964 231 10 12 0.020010684 
966 351 14 18 0.020005222 
