2_Demonstration_Political_Rally_2_267
55
747 307 31 35 0.9959372 
196 364 20 26 0.65911096 
451 326 20 28 0.41500968 
198 432 22 29 0.38801908 
142 363 23 32 0.29987147 
100 402 22 27 0.29847512 
338 270 27 42 0.28833535 
458 320 17 28 0.20674261 
0 363 34 64 0.1827731 
443 333 22 27 0.17714678 
808 357 24 44 0.119309895 
706 393 25 33 0.09363716 
467 373 38 62 0.08374033 
770 401 29 36 0.07712599 
544 291 34 40 0.074852936 
146 354 18 23 0.068584286 
16 460 26 34 0.06678508 
857 372 29 37 0.059520643 
463 442 14 19 0.05767931 
286 350 32 41 0.056875333 
556 301 45 59 0.055348463 
462 463 15 20 0.05342715 
626 384 26 32 0.051197965 
208 431 19 25 0.049797457 
570 287 35 43 0.044476416 
319 272 31 42 0.0443849 
817 352 29 47 0.043771084 
431 334 25 31 0.042134713 
452 317 17 21 0.0417341 
35 440 17 20 0.036896747 
13 301 39 55 0.03518675 
759 381 44 51 0.0332651 
494 317 83 127 0.031539228 
91 408 26 28 0.030119164 
95 404 16 20 0.02917513 
830 344 36 52 0.028964408 
369 377 416 485 0.027629772 
466 340 77 129 0.027128609 
956 525 60 77 0.027074313 
143 349 15 20 0.025434323 
695 399 41 47 0.02542381 
752 377 26 36 0.025368907 
530 306 81 108 0.025304437 
114 445 18 23 0.024239998 
75 392 17 21 0.023905504 
584 296 32 48 0.023888808 
-2 333 45 76 0.023490796 
307 269 28 45 0.023006624 
789 365 40 51 0.022477342 
89 426 18 20 0.021182649 
78 448 23 28 0.021090118 
217 477 44 66 0.020804508 
702 400 17 21 0.02025597 
846 332 39 52 0.020225823 
189 437 25 32 0.020170616 
