2_Demonstration_Demonstration_Or_Protest_2_385
1354
755 472 26 34 0.9995235 
286 537 29 41 0.99907124 
359 456 25 28 0.9944418 
215 471 24 28 0.9932695 
687 463 21 29 0.99011153 
781 459 20 26 0.98991627 
397 531 29 37 0.9867237 
506 540 30 35 0.986432 
22 543 26 42 0.9786643 
583 457 20 26 0.9743885 
618 496 22 26 0.9709819 
190 516 29 40 0.97049695 
736 422 19 22 0.96954936 
678 556 33 39 0.96377647 
338 470 17 27 0.93764174 
820 392 13 17 0.9339101 
634 415 15 22 0.9338067 
131 498 23 30 0.9114953 
885 485 23 30 0.88975704 
874 392 15 18 0.8827877 
826 461 17 21 0.88240564 
936 459 21 30 0.8766252 
94 395 14 17 0.8700005 
861 459 23 29 0.8644678 
83 452 21 26 0.8619511 
174 380 15 17 0.86102617 
324 428 18 23 0.86052865 
785 386 13 16 0.8601701 
807 433 15 18 0.85207176 
592 387 15 18 0.84322023 
142 437 12 16 0.8413931 
916 418 14 19 0.84055597 
101 518 23 29 0.83393717 
972 427 19 23 0.81006587 
546 388 12 15 0.8094974 
591 366 11 13 0.8092431 
354 404 12 15 0.789219 
723 478 19 25 0.7514744 
165 404 15 18 0.75022435 
669 381 12 16 0.7370702 
732 351 10 13 0.73487765 
454 412 13 18 0.73269796 
570 416 16 19 0.70218796 
22 360 10 13 0.6997894 
73 347 10 13 0.6955384 
474 375 10 13 0.677713 
538 413 16 17 0.6744348 
804 367 11 13 0.6655873 
830 595 28 46 0.6504714 
986 368 9 12 0.64858925 
394 486 19 24 0.64118665 
296 403 11 16 0.6351661 
203 395 14 18 0.5672642 
295 368 7 10 0.55490446 
332 398 13 16 0.5438092 
109 454 14 18 0.5253964 
189 350 9 12 0.52200353 
715 374 12 16 0.5213867 
400 358 9 11 0.50548905 
861 423 18 20 0.4838752 
326 367 9 12 0.47952834 
385 366 9 11 0.47091272 
591 339 8 11 0.45945814 
207 356 8 11 0.4472279 
764 348 10 13 0.4450988 
983 342 7 10 0.44341046 
815 340 9 11 0.4353571 
966 319 6 9 0.43147516 
767 401 12 16 0.42394772 
446 341 8 11 0.4208977 
716 327 10 11 0.4093835 
976 352 10 12 0.40485752 
126 371 9 12 0.39782712 
848 344 7 10 0.39403185 
464 358 10 12 0.39232224 
784 346 10 12 0.3917196 
611 394 13 16 0.38139108 
685 408 16 18 0.3796515 
656 364 11 13 0.37916037 
526 334 8 10 0.37899786 
611 458 16 19 0.3780302 
1011 373 11 16 0.37779918 
737 366 11 14 0.3777029 
413 343 8 10 0.37250203 
704 310 7 10 0.3705501 
310 403 10 14 0.36926365 
733 333 9 11 0.35914075 
152 350 9 11 0.35643905 
455 394 13 16 0.35303682 
114 427 13 16 0.34721783 
422 366 12 14 0.34547517 
895 342 8 10 0.34160796 
428 371 10 12 0.33906502 
393 390 10 13 0.32625934 
81 385 11 15 0.32587442 
761 320 7 9 0.32208082 
632 356 10 12 0.3175736 
656 328 8 10 0.3173726 
706 356 10 12 0.30747065 
863 326 7 9 0.3021882 
454 374 9 11 0.2959797 
112 333 8 11 0.29324076 
278 359 9 11 0.29304108 
656 333 8 10 0.29233006 
184 351 8 11 0.29166377 
717 332 10 11 0.28722924 
759 335 9 11 0.28705022 
554 342 7 10 0.28625664 
429 334 9 11 0.2836906 
252 355 11 13 0.2821308 
109 365 12 13 0.28132212 
708 350 10 13 0.27769908 
606 414 12 15 0.275713 
0 424 13 23 0.27321255 
389 334 8 11 0.27097604 
78 325 9 12 0.2689717 
892 476 18 26 0.257957 
220 389 10 12 0.2555157 
1 344 7 11 0.2552918 
998 336 8 10 0.25162855 
478 390 11 14 0.2503471 
982 319 7 9 0.24504149 
634 351 9 12 0.24304448 
1014 333 7 10 0.24206291 
567 319 8 9 0.24097314 
60 319 9 11 0.23868352 
754 383 16 18 0.2380622 
530 350 8 10 0.23268461 
421 360 8 11 0.232212 
648 380 12 17 0.23021923 
223 359 9 10 0.22764874 
679 350 9 11 0.22387174 
157 367 8 10 0.22025688 
272 336 7 9 0.21961522 
253 350 10 11 0.21845582 
709 345 9 11 0.21804363 
460 390 10 14 0.21767864 
345 419 12 17 0.21606553 
384 410 12 17 0.21480308 
760 341 10 13 0.21338215 
184 334 8 10 0.21332595 
23 398 14 16 0.21257947 
70 453 21 29 0.20124307 
622 341 8 11 0.2011078 
735 398 14 17 0.19987577 
174 365 10 12 0.19422399 
662 349 8 11 0.19286636 
373 350 8 10 0.1909701 
953 343 7 10 0.1909233 
749 359 9 11 0.18964985 
871 341 7 10 0.18922904 
831 357 8 11 0.188554 
384 361 9 11 0.18730809 
503 344 6 9 0.18665566 
229 360 9 11 0.1864072 
641 326 8 10 0.18623447 
61 355 10 13 0.18542115 
439 351 8 10 0.18500292 
18 360 10 12 0.18495436 
696 333 10 12 0.18390018 
264 372 10 12 0.18280572 
686 319 8 10 0.18219973 
441 342 9 11 0.17960279 
112 328 8 11 0.17904514 
943 334 7 9 0.17882375 
901 367 11 13 0.17811856 
516 359 9 11 0.17733473 
968 272 8 10 0.17650782 
510 481 26 29 0.17545989 
24 473 23 29 0.17242232 
733 328 9 10 0.1724171 
518 328 8 10 0.17166871 
389 370 10 13 0.17139594 
429 328 8 9 0.17062838 
624 336 8 10 0.17057726 
255 344 8 10 0.17029448 
48 336 9 10 0.16864578 
27 378 11 14 0.16716641 
81 482 23 31 0.16621096 
217 359 7 10 0.16379921 
782 328 8 9 0.16331491 
161 325 8 10 0.16211484 
366 372 8 10 0.16169089 
664 310 7 9 0.16098268 
300 399 12 17 0.16024944 
642 367 8 11 0.15976775 
698 381 12 15 0.15943334 
513 363 10 12 0.15912247 
77 365 9 12 0.1575179 
512 328 8 11 0.15744397 
692 404 13 18 0.15342286 
838 332 8 10 0.15334518 
890 343 7 9 0.15203744 
681 327 8 10 0.15173703 
879 352 8 10 0.15083253 
697 373 9 11 0.15023763 
789 344 9 11 0.14874041 
36 513 26 32 0.1482093 
621 410 14 19 0.14772512 
141 412 11 14 0.14758842 
617 342 9 11 0.14751133 
315 403 11 14 0.14630996 
789 358 11 13 0.14582412 
70 373 8 11 0.14547114 
296 350 8 10 0.14535905 
31 333 8 10 0.14490345 
783 304 7 9 0.14445032 
186 329 7 8 0.14368947 
959 335 7 9 0.14310434 
309 367 7 10 0.14246213 
669 310 8 10 0.14242238 
614 320 7 9 0.14191656 
404 388 12 16 0.14097632 
425 335 8 10 0.1405906 
200 332 8 10 0.14005996 
95 326 8 10 0.13987541 
847 357 9 10 0.13958785 
517 379 10 12 0.1391439 
999 317 8 10 0.1389494 
142 319 9 11 0.13874342 
441 363 9 12 0.13866977 
159 318 9 11 0.13741235 
234 344 8 10 0.13581327 
717 320 9 11 0.1345911 
535 329 6 8 0.13353175 
239 515 23 36 0.13311075 
79 321 8 10 0.13299054 
999 288 7 10 0.13148004 
56 324 8 10 0.13082485 
687 311 8 10 0.13051607 
799 336 9 10 0.12988062 
640 311 7 9 0.12961249 
810 342 8 10 0.12930548 
152 355 11 13 0.12915945 
262 389 11 14 0.12894043 
264 381 11 14 0.12881291 
408 395 11 14 0.12658475 
260 395 11 14 0.126088 
983 336 9 11 0.12578169 
215 318 8 9 0.12562801 
302 320 7 9 0.12512207 
591 296 7 9 0.12366525 
358 356 7 11 0.12347574 
212 395 10 14 0.12324699 
87 343 9 11 0.12317185 
585 366 11 14 0.12228528 
913 335 7 9 0.12163643 
339 398 14 17 0.11998231 
177 352 8 11 0.11943813 
105 343 8 11 0.11900134 
582 328 7 9 0.118953854 
486 391 9 12 0.11876509 
374 343 9 11 0.11865653 
493 367 10 11 0.11812454 
26 327 7 9 0.11809965 
775 311 8 9 0.118098 
455 319 7 10 0.1178907 
334 382 11 12 0.11788872 
134 405 10 13 0.117785394 
46 488 31 33 0.11773814 
404 382 12 13 0.11765853 
608 391 11 14 0.11723842 
361 374 9 10 0.11587808 
1000 313 8 10 0.11483258 
702 326 8 11 0.11473105 
990 351 9 11 0.114608124 
762 325 8 10 0.114188164 
88 334 9 11 0.113912 
912 359 8 11 0.11363015 
672 325 7 10 0.11291787 
176 357 9 11 0.11286297 
169 341 8 10 0.11269239 
341 367 8 10 0.11202701 
93 304 8 10 0.11095486 
821 336 8 11 0.110582866 
993 289 7 9 0.11025764 
358 352 8 10 0.10935176 
920 336 7 9 0.10919359 
614 400 16 20 0.108910985 
288 319 7 8 0.10870573 
464 326 6 9 0.108558714 
368 327 7 9 0.107054345 
39 349 9 12 0.10664279 
999 293 7 9 0.106062934 
582 351 10 12 0.10570643 
271 402 11 14 0.105017975 
903 348 8 10 0.10485419 
935 294 7 10 0.10453303 
77 404 10 15 0.104231745 
191 344 9 10 0.10404584 
734 342 9 12 0.10294975 
585 335 9 11 0.1029059 
958 326 8 10 0.10284959 
335 367 9 11 0.10266978 
61 311 7 10 0.10196665 
551 357 9 12 0.10172039 
925 335 8 10 0.101387024 
26 362 11 14 0.10136701 
94 334 8 10 0.10124411 
95 380 11 13 0.100771695 
22 343 8 10 0.10072282 
1008 378 13 17 0.10027663 
418 364 10 13 0.10024692 
778 304 7 9 0.10024567 
121 371 9 12 0.10013992 
1013 311 8 12 0.10005267 
574 404 15 19 0.09866595 
222 384 10 12 0.09808575 
614 411 14 18 0.09802059 
81 517 17 21 0.097579904 
995 327 7 10 0.09757593 
73 366 9 12 0.0967142 
556 445 15 20 0.09633136 
290 335 6 8 0.095563725 
671 336 7 9 0.09535758 
1014 293 7 10 0.09516076 
645 374 10 14 0.095094174 
30 329 8 10 0.09479009 
662 343 9 11 0.09475956 
609 327 8 9 0.09427885 
646 344 8 9 0.09359172 
687 334 7 10 0.093192264 
614 326 7 9 0.09304825 
865 302 7 9 0.092997886 
153 312 7 10 0.09275627 
408 508 18 23 0.0926958 
423 341 9 11 0.09263418 
977 303 6 10 0.09259317 
223 373 10 12 0.09253088 
624 303 6 8 0.092504136 
562 326 8 9 0.09188582 
298 327 8 9 0.09173636 
190 327 8 10 0.09169654 
671 320 8 10 0.09129595 
863 321 8 10 0.09084639 
961 319 8 11 0.09022582 
399 352 9 11 0.090186894 
932 425 22 29 0.09012834 
930 294 7 9 0.08998736 
223 364 9 11 0.08995438 
558 378 10 13 0.08938667 
557 342 8 10 0.089369334 
110 343 9 11 0.08935029 
656 319 7 9 0.08878053 
757 175 13 16 0.08855726 
631 343 8 10 0.08785988 
110 349 10 10 0.08752906 
384 313 6 8 0.08734065 
412 404 13 16 0.08728601 
618 349 8 11 0.087258816 
169 336 7 10 0.08723604 
18 349 8 11 0.086779155 
807 335 8 10 0.08665277 
206 329 7 9 0.08664167 
824 322 7 9 0.086401284 
920 357 9 12 0.08622633 
565 352 9 11 0.08618206 
271 366 10 12 0.08599211 
457 544 21 31 0.0859621 
22 351 8 10 0.08586709 
722 349 8 11 0.0857818 
100 381 11 13 0.08528838 
887 349 8 11 0.08502449 
738 293 8 10 0.084975235 
492 406 9 12 0.08490582 
288 343 8 10 0.084834695 
778 334 9 11 0.084491186 
14 328 7 9 0.084374726 
409 348 9 12 0.084180646 
503 349 8 11 0.08405695 
681 320 8 9 0.08392536 
793 336 9 10 0.083524354 
328 390 11 14 0.083447285 
626 455 15 20 0.08339133 
911 343 9 10 0.08300322 
920 364 10 11 0.082882375 
871 351 9 11 0.08228685 
203 405 16 19 0.082254075 
758 304 7 9 0.0821242 
9 335 8 10 0.081998095 
103 348 10 11 0.08197441 
747 142 16 20 0.0817546 
369 345 9 10 0.0816735 
954 327 8 9 0.0816521 
217 363 9 12 0.081646845 
143 324 8 11 0.081456825 
390 358 8 10 0.081318 
16 343 9 11 0.081159174 
127 292 9 12 0.08107194 
980 348 11 13 0.08084694 
369 319 6 8 0.08071339 
1013 288 8 11 0.08022448 
859 327 7 9 0.08016101 
648 349 9 11 0.08011972 
302 325 7 9 0.079955265 
546 413 12 15 0.07944592 
663 289 7 8 0.079238184 
871 357 9 11 0.07923263 
920 341 8 10 0.079127066 
569 312 7 9 0.0787864 
590 317 7 10 0.07873444 
392 351 8 11 0.078670755 
241 325 8 10 0.0775579 
302 343 7 10 0.07754771 
496 348 7 10 0.07749944 
221 394 12 15 0.077434056 
552 349 9 12 0.0769564 
239 366 8 10 0.076407105 
651 386 12 14 0.07631617 
348 454 24 32 0.07577238 
953 349 9 10 0.07572556 
15 389 11 15 0.075642884 
1007 456 14 18 0.075358674 
159 408 16 17 0.075070255 
1009 367 12 14 0.074892946 
808 348 9 10 0.07476504 
305 366 7 10 0.07470906 
266 319 7 8 0.07462144 
989 358 10 12 0.074372135 
800 326 8 9 0.07426167 
946 312 7 9 0.07406959 
39 344 9 10 0.0738625 
247 320 7 9 0.07385492 
563 445 19 22 0.07353756 
697 312 7 9 0.07345241 
167 325 8 10 0.073368534 
270 319 7 8 0.07326491 
448 338 7 9 0.07323349 
810 305 8 10 0.0729735 
744 279 9 11 0.07254821 
453 405 12 18 0.07246818 
128 402 11 14 0.07245803 
186 294 8 9 0.07239822 
45 294 10 12 0.07233155 
503 288 6 8 0.07220086 
639 343 9 11 0.072137825 
958 341 8 11 0.071992554 
211 402 12 15 0.07192304 
895 346 10 12 0.07192281 
591 301 7 8 0.07190153 
681 332 9 11 0.07154594 
818 325 7 9 0.07147437 
512 373 11 14 0.07114589 
913 303 7 9 0.07108984 
888 317 7 9 0.07102443 
80 332 9 11 0.070839725 
486 432 11 15 0.07059327 
822 326 7 9 0.0705389 
489 348 9 10 0.070537694 
665 166 8 11 0.0705376 
543 334 7 9 0.07040699 
353 351 9 12 0.07035731 
957 351 8 10 0.07028121 
834 328 8 9 0.07026145 
341 373 8 11 0.07015725 
385 414 17 21 0.070138626 
867 440 15 18 0.06986254 
825 355 10 12 0.069772795 
525 303 8 10 0.0696301 
233 348 9 11 0.069570355 
384 328 7 8 0.06938215 
985 293 8 10 0.069375284 
77 345 10 12 0.069181226 
103 359 11 13 0.06898545 
865 358 10 11 0.0688999 
480 318 7 9 0.06888947 
610 311 6 9 0.06827322 
1008 288 8 10 0.06822755 
915 378 12 16 0.06816537 
992 294 7 9 0.06812089 
85 347 10 13 0.06792687 
157 371 10 13 0.06787903 
958 356 8 11 0.067799434 
1008 328 9 11 0.06761803 
546 544 21 28 0.067393854 
629 335 8 10 0.06707307 
182 355 9 11 0.06698291 
1015 340 8 11 0.06692721 
20 386 15 17 0.06681502 
759 402 13 15 0.06652185 
207 375 10 13 0.06647111 
224 327 8 9 0.06625987 
743 358 9 12 0.06618875 
5 555 27 34 0.06583206 
609 334 7 8 0.06574987 
718 305 7 9 0.065736294 
527 380 10 13 0.06546595 
825 305 6 8 0.06496174 
390 341 9 11 0.06494162 
506 328 6 9 0.06487535 
681 305 7 9 0.0644147 
457 325 7 10 0.06436383 
138 319 8 10 0.06434183 
385 341 8 11 0.06428414 
632 297 6 7 0.06428226 
705 342 9 11 0.06409038 
1001 472 22 37 0.06405017 
802 133 23 30 0.06397358 
927 327 8 9 0.06392294 
567 337 7 9 0.06364829 
800 288 8 10 0.06350492 
718 310 8 10 0.063418165 
647 318 7 10 0.06338607 
264 336 7 9 0.06333901 
576 399 12 15 0.063209996 
71 420 12 15 0.06320949 
445 365 9 10 0.06320949 
450 396 11 13 0.062866 
576 367 11 13 0.06278701 
352 342 7 9 0.06251512 
751 280 8 9 0.06243069 
87 327 9 11 0.06237656 
337 372 9 10 0.062349416 
551 321 7 8 0.062348332 
982 310 8 10 0.0622158 
46 300 8 11 0.06215993 
70 403 14 17 0.06212121 
792 363 10 13 0.061541695 
1004 392 14 18 0.060927283 
703 319 8 10 0.060921907 
713 321 9 11 0.060913123 
449 411 13 17 0.060887586 
14 334 7 9 0.06079547 
49 325 9 11 0.060514778 
350 408 13 17 0.060492065 
327 361 9 12 0.06033936 
400 365 10 11 0.060138065 
814 305 7 9 0.060038704 
456 352 7 9 0.059872895 
596 361 11 13 0.05864502 
302 467 14 19 0.058633305 
177 337 7 9 0.058583073 
550 325 7 10 0.05848423 
966 313 8 10 0.058449645 
378 412 10 13 0.05833649 
887 313 7 9 0.057858303 
816 595 32 36 0.057751328 
29 480 30 32 0.057701815 
151 317 8 10 0.057633616 
149 344 11 13 0.05759217 
737 288 8 10 0.057555877 
854 311 7 9 0.057328388 
623 413 19 24 0.057180338 
83 475 18 23 0.056853548 
982 325 8 10 0.056843217 
348 543 14 18 0.05644484 
463 320 7 9 0.056429747 
271 327 8 9 0.056285363 
833 332 9 11 0.056148052 
199 393 13 15 0.05606945 
590 313 8 9 0.056028955 
101 319 8 10 0.056009512 
112 318 8 9 0.055994425 
912 327 8 10 0.05596702 
241 373 8 12 0.055938438 
1008 333 9 11 0.0559284 
145 335 7 11 0.055886984 
896 297 7 9 0.055886537 
173 321 8 9 0.055760697 
223 353 8 9 0.055670872 
866 342 9 10 0.055475 
897 370 11 13 0.055441335 
616 336 8 9 0.055375416 
657 311 7 9 0.055216126 
529 330 8 10 0.055119257 
1013 327 9 13 0.055112563 
951 311 8 10 0.05508692 
168 350 8 10 0.05500917 
296 359 9 10 0.054949153 
527 311 9 10 0.054817762 
872 338 7 9 0.0547451 
279 379 10 13 0.05469571 
657 342 9 10 0.054611806 
472 335 8 9 0.05458339 
776 318 8 9 0.05450421 
118 523 27 34 0.054469895 
660 358 10 13 0.05442471 
675 425 15 20 0.054335725 
690 253 8 11 0.054296438 
8 358 8 11 0.054141536 
671 368 11 12 0.05412157 
192 320 8 9 0.05401899 
698 327 9 11 0.054018866 
158 312 8 10 0.053812418 
187 520 20 27 0.053693183 
512 310 7 9 0.053686693 
807 287 11 13 0.05368485 
752 303 8 11 0.05362016 
732 318 10 11 0.05315227 
678 355 10 11 0.053101815 
928 289 7 9 0.05307909 
267 387 11 14 0.052999314 
912 350 8 10 0.052769843 
505 335 7 8 0.052718222 
696 340 8 11 0.05235852 
697 319 7 9 0.052302483 
452 379 12 14 0.05227515 
149 336 9 10 0.05226338 
378 440 14 18 0.05225852 
1001 255 7 9 0.05222328 
25 334 8 10 0.052214783 
658 306 6 8 0.05201551 
535 333 8 10 0.0519491 
527 342 8 10 0.051891685 
952 335 8 10 0.051860914 
859 454 17 25 0.051777568 
445 358 9 12 0.05172594 
146 349 9 12 0.05157233 
376 358 7 9 0.05148556 
664 293 6 9 0.05146259 
611 442 15 18 0.051419165 
829 352 10 12 0.051413186 
1009 311 8 11 0.051346183 
880 341 7 10 0.051298708 
662 326 8 10 0.051293485 
641 371 10 13 0.050985284 
281 343 7 9 0.050851844 
866 349 9 12 0.05082954 
894 337 8 10 0.050778344 
575 312 7 9 0.050698757 
536 318 7 9 0.050698735 
72 333 9 11 0.050467175 
61 403 15 17 0.050252955 
360 334 7 10 0.050244734 
702 364 11 14 0.050226588 
806 327 7 9 0.05021286 
95 309 8 10 0.050018013 
586 318 7 10 0.049960844 
935 289 7 9 0.04989006 
687 304 7 9 0.049798716 
920 352 9 11 0.04967809 
979 344 10 11 0.049677968 
832 305 7 8 0.049542725 
222 402 10 14 0.049484387 
617 453 19 24 0.04942937 
353 320 6 8 0.04942478 
781 192 10 12 0.049350902 
480 312 6 9 0.049319524 
611 466 21 25 0.04927161 
631 363 9 11 0.049271245 
472 389 11 14 0.04912785 
765 319 8 11 0.049070496 
432 340 8 10 0.04886362 
984 288 8 10 0.04884309 
919 305 7 9 0.048789997 
399 325 7 10 0.04868589 
717 369 11 13 0.048667055 
999 388 13 18 0.048419926 
860 439 17 21 0.04822094 
256 390 12 15 0.047952034 
152 370 10 12 0.04761432 
853 345 8 10 0.047603566 
307 463 17 23 0.04755475 
249 287 8 10 0.047549494 
419 406 13 15 0.047468934 
211 409 12 15 0.047396388 
924 356 9 12 0.047380053 
864 431 18 21 0.0473644 
656 349 9 10 0.04712333 
197 342 9 10 0.047054823 
116 334 8 10 0.047041222 
993 340 9 12 0.04697001 
776 342 8 12 0.04687863 
793 319 8 10 0.046823055 
217 328 7 8 0.04681681 
210 317 8 9 0.04680781 
568 304 7 9 0.046753224 
29 413 10 13 0.046608917 
767 276 8 10 0.046594914 
279 352 8 10 0.04655301 
202 356 9 11 0.04648467 
939 334 7 9 0.04647658 
237 347 8 11 0.046419602 
647 359 9 11 0.04641054 
565 436 16 19 0.046278223 
503 367 8 11 0.046014454 
430 320 7 9 0.046001453 
83 296 7 10 0.04588098 
190 334 9 10 0.04563443 
6 378 11 15 0.045567844 
870 363 9 12 0.045517776 
302 359 8 10 0.04543999 
288 328 7 9 0.04537329 
559 350 9 12 0.0452858 
520 320 7 9 0.04525932 
230 326 8 10 0.045209214 
676 388 11 14 0.04519252 
250 343 8 10 0.045184784 
625 364 9 11 0.04510477 
940 419 17 19 0.04508017 
640 333 9 10 0.044925194 
504 358 8 10 0.044889178 
422 349 8 10 0.044338226 
742 293 9 10 0.04429493 
899 469 13 21 0.044198748 
16 311 7 9 0.04407932 
961 311 7 10 0.043982387 
936 327 8 9 0.043976955 
751 286 8 10 0.04393479 
682 311 7 9 0.04392584 
801 293 7 10 0.04389056 
687 344 7 10 0.043863565 
562 321 7 9 0.043852888 
511 397 12 14 0.04382964 
691 426 14 18 0.043825462 
136 440 14 17 0.043687496 
586 339 10 12 0.043615304 
409 338 7 8 0.043544143 
754 262 7 9 0.043483675 
295 344 8 10 0.043335125 
663 336 8 9 0.04323957 
288 350 9 10 0.04322718 
449 320 8 10 0.042749047 
103 335 8 10 0.04265116 
921 289 6 8 0.04256473 
683 424 15 20 0.042527378 
224 321 7 9 0.042392693 
728 311 9 11 0.04239147 
923 413 13 18 0.042300593 
241 320 7 9 0.042249743 
37 373 10 14 0.04216112 
676 375 12 14 0.042127907 
405 365 9 11 0.042105548 
423 310 7 9 0.042067096 
551 363 10 13 0.04196134 
582 356 12 14 0.041894715 
210 312 8 10 0.04189152 
560 337 8 9 0.04185109 
720 343 10 13 0.0417601 
983 459 21 32 0.041729536 
71 353 12 16 0.04167706 
137 323 10 13 0.04151437 
865 298 7 9 0.041392364 
678 410 14 18 0.041338604 
63 458 17 20 0.041310485 
641 319 8 10 0.04115162 
846 334 8 10 0.041008 
310 372 8 12 0.040976923 
399 320 7 10 0.040867615 
936 320 8 9 0.04085491 
864 334 8 10 0.040828027 
315 459 17 24 0.040777788 
926 311 7 9 0.040685453 
446 349 9 11 0.040611673 
889 336 8 10 0.04058008 
856 420 15 17 0.040488847 
727 344 9 11 0.040442035 
876 467 29 30 0.040434755 
798 340 8 10 0.04037416 
743 286 9 12 0.04034828 
569 296 7 9 0.04034559 
849 304 7 9 0.04026094 
943 317 8 10 0.040259976 
960 304 7 9 0.040054306 
417 305 7 9 0.040004626 
926 341 8 9 0.03997678 
479 342 9 11 0.039942358 
1007 350 8 10 0.039909616 
169 365 9 12 0.03984974 
831 321 7 8 0.039729256 
145 341 9 11 0.03968357 
5 349 8 11 0.039581437 
578 411 15 19 0.039484043 
762 178 14 17 0.039446715 
761 356 9 12 0.039436664 
985 279 8 10 0.03938889 
481 327 7 9 0.039383452 
910 385 11 15 0.03935977 
425 320 7 9 0.039329614 
334 359 9 11 0.039289713 
952 303 6 9 0.03928924 
343 319 6 9 0.039155234 
239 311 6 9 0.03904244 
685 380 11 13 0.038977392 
920 328 7 9 0.038952786 
665 386 11 14 0.0389388 
290 367 8 11 0.038938697 
102 325 8 11 0.038902994 
545 302 7 10 0.038868513 
769 311 7 10 0.038711045 
920 271 8 10 0.03860441 
112 423 11 15 0.038495693 
984 359 9 13 0.038483974 
800 121 41 49 0.038469296 
367 333 8 9 0.038405202 
332 422 13 18 0.038392007 
327 334 7 8 0.038332116 
671 342 8 11 0.038316663 
43 349 11 14 0.038201552 
983 304 8 10 0.038107753 
594 369 12 15 0.038017277 
174 341 8 10 0.03799673 
902 381 13 14 0.03799569 
985 399 8 10 0.037938554 
76 356 11 15 0.03793591 
253 362 11 14 0.037921194 
904 302 7 8 0.037880123 
565 325 9 10 0.037878804 
118 327 8 11 0.037870754 
794 327 7 9 0.03785847 
928 320 7 10 0.0377706 
232 320 7 9 0.037757777 
648 334 8 9 0.037743073 
597 335 9 10 0.037705302 
920 310 8 10 0.037654072 
422 304 7 9 0.037618432 
417 310 6 8 0.037573874 
408 409 12 16 0.037518527 
473 312 6 8 0.037505813 
810 138 25 28 0.03742375 
303 391 11 13 0.03735942 
429 379 11 14 0.03729408 
569 533 12 15 0.037267648 
943 295 7 10 0.03725576 
415 337 8 9 0.03722704 
300 350 9 11 0.037209332 
275 398 12 14 0.037187457 
22 469 16 24 0.037179913 
977 310 7 9 0.037034463 
5 343 8 10 0.037018947 
900 426 13 17 0.036992237 
763 334 11 12 0.03695194 
439 386 11 14 0.03694765 
924 366 10 11 0.0368998 
641 305 6 8 0.036893815 
447 390 11 14 0.036886107 
535 313 8 10 0.036806986 
585 312 7 9 0.036713976 
185 531 31 42 0.03666259 
881 303 7 8 0.036591254 
329 384 9 11 0.03654686 
111 369 12 14 0.036510184 
480 279 7 9 0.03649383 
503 263 7 9 0.036413137 
405 375 11 12 0.036283363 
806 360 11 14 0.0362012 
137 311 6 9 0.036166385 
831 342 8 9 0.03609285 
387 491 20 26 0.03606547 
49 320 9 10 0.036032133 
709 366 12 13 0.035957556 
325 327 9 10 0.035924565 
89 302 8 11 0.03590155 
842 343 8 10 0.035848085 
879 336 8 10 0.03577057 
711 310 9 10 0.035764057 
840 595 37 45 0.035729658 
897 302 7 9 0.03571092 
607 295 6 8 0.035681568 
848 329 7 9 0.035624925 
874 426 12 17 0.03559297 
53 340 9 11 0.0354496 
30 549 28 45 0.035414893 
726 485 23 30 0.03527095 
899 387 14 17 0.035200056 
32 342 9 11 0.035155207 
472 370 17 23 0.035088055 
555 435 14 19 0.034997996 
966 341 8 10 0.034976218 
119 351 8 11 0.034887534 
118 356 10 12 0.034817025 
534 408 14 16 0.034766063 
880 312 8 11 0.034701325 
214 313 7 9 0.03467633 
38 335 8 10 0.03467519 
63 335 9 11 0.0346399 
493 388 10 13 0.034618404 
48 310 7 10 0.034614246 
662 374 12 14 0.034560755 
91 511 24 32 0.03452492 
143 371 10 12 0.03441856 
303 334 8 10 0.034274403 
903 320 8 9 0.034260895 
234 311 7 9 0.03421139 
246 325 8 9 0.034057323 
390 494 29 32 0.034004256 
456 356 10 12 0.03395206 
904 326 8 10 0.033949472 
225 333 8 10 0.033871986 
854 365 10 12 0.03387137 
585 303 6 8 0.03384351 
258 337 7 8 0.033709478 
1 426 21 31 0.03370326 
441 319 7 10 0.033636164 
698 409 14 19 0.03356351 
729 347 17 21 0.03355697 
920 255 7 8 0.03354279 
879 317 8 10 0.033495724 
566 340 9 11 0.03341374 
608 343 8 10 0.03339151 
160 303 7 9 0.033369247 
841 311 7 8 0.033324536 
995 453 22 31 0.033302683 
49 432 20 27 0.033300243 
497 264 7 9 0.03329173 
435 352 8 9 0.033220835 
601 328 6 7 0.033159755 
353 336 7 10 0.033076704 
497 335 7 9 0.033036932 
101 434 11 15 0.032964613 
144 287 8 10 0.032929655 
265 312 7 9 0.032928288 
417 372 10 13 0.032773744 
111 390 11 14 0.032739248 
968 303 8 10 0.032713834 
603 438 17 22 0.032657683 
95 452 18 24 0.03264335 
113 313 8 10 0.03259506 
312 426 13 19 0.032427892 
684 397 13 17 0.032325387 
95 376 10 12 0.032237034 
298 320 7 9 0.03214603 
918 421 20 27 0.03210684 
606 405 14 18 0.032000173 
175 310 8 10 0.03196499 
637 358 10 12 0.03194795 
321 348 9 10 0.031933304 
460 404 13 17 0.03186026 
838 358 8 11 0.03185671 
566 423 16 19 0.031844344 
248 351 19 22 0.031792827 
873 312 8 10 0.031775363 
935 271 7 9 0.03175453 
945 303 7 8 0.031754408 
33 349 9 11 0.0316216 
288 372 9 12 0.03162097 
785 355 11 13 0.031583752 
455 369 9 11 0.031551704 
634 313 7 8 0.031550348 
170 357 9 12 0.031547 
768 295 8 9 0.03150512 
215 342 9 10 0.03147914 
401 384 11 14 0.03147892 
640 289 7 8 0.03147742 
825 389 13 17 0.031406354 
126 350 8 10 0.031319536 
953 318 8 11 0.031311713 
550 305 7 8 0.031292915 
783 297 7 9 0.031274743 
798 321 8 9 0.031192562 
759 311 8 9 0.031125301 
64 364 11 14 0.031074805 
372 515 25 34 0.03099915 
713 296 8 10 0.030966394 
74 321 7 9 0.03096241 
337 318 8 10 0.03095461 
158 345 10 11 0.030943394 
392 328 7 9 0.030922897 
979 424 15 20 0.030920586 
711 394 11 14 0.03092044 
489 436 12 16 0.0309115 
685 348 9 11 0.030901445 
328 312 7 8 0.030898042 
624 310 7 9 0.030896368 
960 244 8 11 0.030827848 
817 321 8 9 0.030791413 
652 371 13 15 0.030753348 
46 440 14 19 0.030745508 
39 367 9 13 0.030711664 
216 384 10 12 0.030596877 
46 420 13 16 0.030550202 
527 317 8 9 0.030452851 
359 343 7 9 0.03039358 
330 305 7 9 0.030379526 
361 314 6 7 0.030376876 
896 319 7 8 0.030370705 
912 320 7 9 0.030337822 
24 320 7 10 0.030316163 
502 294 7 10 0.030277818 
511 351 10 11 0.030217187 
327 345 7 9 0.030168066 
841 350 9 11 0.030133275 
86 320 8 10 0.030060424 
799 304 7 9 0.030052043 
495 417 12 16 0.03003636 
623 263 7 9 0.030024422 
792 311 7 9 0.029919187 
943 329 7 9 0.029886747 
375 407 10 13 0.029844265 
597 342 9 11 0.029835787 
133 430 13 16 0.029834641 
0 327 6 9 0.029775959 
486 383 10 12 0.029728979 
880 328 8 10 0.02969144 
471 366 10 13 0.029643215 
728 397 14 16 0.029613772 
750 293 8 10 0.02960374 
732 390 14 18 0.029579887 
943 461 25 32 0.029577164 
806 380 12 15 0.02955102 
171 393 15 19 0.029476814 
647 313 7 9 0.029474547 
721 355 9 12 0.029437924 
468 404 11 14 0.029418228 
935 301 8 9 0.029336173 
804 402 12 15 0.029331977 
833 309 7 9 0.029306427 
848 363 10 13 0.029298054 
1009 292 8 10 0.02929542 
849 311 7 9 0.029250521 
776 190 11 13 0.029208902 
872 318 8 10 0.029131107 
973 271 8 10 0.029130142 
498 327 7 9 0.029085517 
7 363 10 13 0.029016783 
216 353 8 10 0.028890671 
965 324 8 10 0.028880829 
375 366 8 10 0.028869247 
203 524 31 32 0.028863436 
231 335 7 9 0.02884374 
751 309 8 10 0.028799746 
340 380 10 12 0.02879896 
983 362 17 22 0.028796477 
936 365 10 11 0.02877423 
713 304 8 10 0.028758151 
945 426 15 21 0.028745878 
336 312 7 8 0.028727507 
732 312 10 12 0.028708044 
39 354 10 13 0.028663328 
118 341 8 11 0.028547484 
53 335 8 11 0.02852985 
669 393 13 19 0.028506335 
68 444 16 19 0.028448952 
200 351 9 12 0.028435137 
767 364 11 14 0.028431877 
440 409 11 16 0.02841107 
912 297 7 8 0.028389579 
551 311 7 8 0.028308421 
505 312 7 9 0.028226743 
897 326 7 10 0.028191645 
951 297 6 9 0.028120456 
184 342 9 11 0.028107883 
215 372 10 14 0.028089404 
903 420 13 17 0.028086077 
38 420 11 15 0.028056892 
215 334 8 9 0.028008038 
677 395 14 17 0.027958447 
777 272 7 10 0.027916018 
742 388 10 15 0.027911102 
409 311 6 8 0.027878275 
518 351 8 10 0.027853247 
487 328 6 9 0.027825514 
665 320 8 10 0.027785368 
605 452 16 22 0.02778023 
57 304 8 10 0.027769223 
871 491 28 30 0.027725978 
354 326 7 9 0.027708083 
110 287 8 11 0.027702343 
1010 325 19 26 0.027640669 
649 255 7 9 0.027610019 
57 404 11 14 0.027595064 
741 351 9 11 0.027546281 
102 375 10 12 0.027539182 
365 397 9 13 0.027480617 
718 141 12 14 0.027420968 
586 296 7 10 0.027410168 
718 295 8 10 0.02739892 
261 355 10 14 0.027391074 
1 335 7 11 0.027382534 
1005 463 17 24 0.027363095 
633 318 7 9 0.027360609 
254 424 16 19 0.027358694 
135 334 8 11 0.027344747 
47 426 14 19 0.027325151 
976 365 9 12 0.027313387 
129 301 8 10 0.027300462 
382 361 19 23 0.027283689 
198 319 7 9 0.027275108 
928 303 7 10 0.027226688 
9 396 10 14 0.027184196 
777 262 7 10 0.027156353 
893 427 14 17 0.027109357 
321 360 10 12 0.026964571 
626 297 6 8 0.026925312 
399 345 7 9 0.026912348 
646 287 6 9 0.026911836 
576 296 7 9 0.02675617 
776 276 7 10 0.026581248 
545 328 7 9 0.026507335 
240 379 10 12 0.026496433 
576 304 7 9 0.02646088 
535 374 10 13 0.026437607 
294 334 8 9 0.026425146 
456 304 7 8 0.026424158 
497 301 7 8 0.026424108 
990 269 8 10 0.026382212 
648 327 7 10 0.02637871 
619 424 17 21 0.026375894 
497 271 7 9 0.026350217 
794 287 8 10 0.026326284 
496 319 8 9 0.026313456 
456 312 7 9 0.026308177 
336 343 8 9 0.026286844 
796 137 16 22 0.02627661 
673 357 9 11 0.026256142 
384 398 10 12 0.026134957 
247 381 10 14 0.026111979 
135 410 12 16 0.026074214 
742 379 11 14 0.025947906 
416 355 19 24 0.025863318 
328 400 12 16 0.025850434 
531 483 16 21 0.025747608 
1006 402 14 16 0.02568445 
39 320 7 10 0.025682887 
910 363 9 12 0.025666427 
118 312 8 10 0.025647309 
415 434 14 18 0.025640989 
512 304 7 10 0.025629783 
871 303 6 8 0.025624866 
94 342 8 10 0.02561178 
14 382 11 15 0.025598714 
476 367 10 13 0.025562903 
30 419 11 16 0.025549645 
72 278 9 11 0.025542533 
783 309 8 9 0.025519188 
345 342 7 10 0.025509572 
829 442 14 18 0.025470689 
263 401 12 15 0.02545767 
738 415 17 19 0.025440875 
102 312 9 11 0.02542591 
184 344 18 24 0.025317872 
624 359 8 11 0.025277425 
379 503 29 37 0.025227603 
501 423 14 18 0.025206538 
47 253 7 11 0.025193842 
774 160 13 17 0.025189767 
379 313 6 8 0.02518647 
622 380 9 12 0.025153283 
360 368 9 11 0.025110763 
1000 358 9 11 0.025102856 
425 419 15 16 0.025068477 
737 278 8 11 0.024996037 
935 278 8 10 0.024994861 
545 357 10 12 0.0249828 
480 296 7 8 0.024920642 
190 502 12 17 0.024850111 
533 380 12 15 0.024844605 
228 279 11 11 0.024769908 
133 476 14 18 0.02472176 
38 327 7 9 0.024644108 
752 396 11 15 0.024352124 
410 389 13 16 0.0243216 
661 426 13 17 0.024278423 
495 360 9 11 0.02426852 
470 394 12 16 0.024264365 
948 475 26 30 0.024259519 
157 418 14 17 0.024225583 
340 390 12 15 0.0241649 
670 306 8 10 0.024129631 
1014 302 9 12 0.024093747 
607 303 7 8 0.024079902 
533 449 17 21 0.024072971 
639 295 7 8 0.024046132 
131 373 11 13 0.024037858 
405 393 18 24 0.02403089 
130 483 24 31 0.024014574 
383 319 7 9 0.023986505 
149 345 19 22 0.023975926 
640 414 14 19 0.023913724 
2 320 7 10 0.023892831 
440 338 9 10 0.023758892 
360 329 7 9 0.02372226 
793 144 43 54 0.02368291 
134 294 8 11 0.02358394 
789 139 14 18 0.023508303 
327 318 8 10 0.023498343 
992 311 8 10 0.023481403 
170 286 8 11 0.023464935 
871 298 7 8 0.023450905 
746 457 27 31 0.02344531 
57 350 10 13 0.023413997 
543 364 11 14 0.023408474 
393 304 6 8 0.023366267 
699 396 14 18 0.02326821 
358 389 13 15 0.023265906 
229 404 9 12 0.023265254 
459 438 12 15 0.023239378 
601 411 12 17 0.023221726 
472 328 7 8 0.023188207 
228 374 10 12 0.023178868 
465 312 7 8 0.023142824 
28 502 26 36 0.023119312 
724 515 28 33 0.023079474 
123 367 18 24 0.023036793 
417 327 8 10 0.023036243 
591 271 8 10 0.023026042 
745 302 8 10 0.023004074 
976 206 8 11 0.022997204 
180 367 11 12 0.022988742 
271 313 6 8 0.022962201 
965 336 8 10 0.022955798 
237 360 9 11 0.022942703 
804 124 15 18 0.022931669 
388 474 14 19 0.022925446 
1008 342 8 10 0.022920681 
576 333 9 10 0.022904135 
799 279 7 9 0.022901697 
547 530 22 28 0.022884775 
541 422 14 19 0.022799896 
510 344 9 10 0.022795655 
727 364 11 14 0.022791114 
536 344 7 10 0.022784464 
757 376 12 15 0.02278356 
904 359 10 13 0.022750186 
623 287 6 8 0.022688977 
401 303 6 9 0.022674795 
632 327 8 10 0.022669585 
799 441 14 18 0.022663236 
558 356 9 12 0.022633113 
555 427 14 18 0.022621017 
631 352 18 23 0.022618124 
605 414 21 24 0.022600343 
512 389 11 13 0.02259276 
492 411 12 16 0.022563295 
199 312 8 10 0.022554358 
488 311 7 10 0.02254137 
958 420 11 16 0.022540784 
1004 268 11 13 0.022536432 
376 327 7 8 0.022490822 
486 420 12 15 0.022454625 
156 399 16 18 0.022449676 
945 411 16 18 0.022388512 
911 375 10 14 0.022374108 
801 397 11 15 0.022349989 
479 334 7 9 0.022344831 
118 396 10 13 0.02233118 
336 336 8 9 0.022277052 
552 337 7 9 0.022240937 
696 350 8 11 0.02222157 
936 360 9 11 0.022212954 
303 312 6 9 0.022192713 
67 37 200 232 0.022176709 
135 303 7 9 0.022112845 
783 320 8 10 0.022067264 
886 304 7 8 0.022010237 
785 134 23 30 0.022003604 
760 278 8 10 0.022001445 
799 311 7 8 0.021996202 
88 372 9 12 0.021990007 
758 362 10 13 0.021983786 
128 333 10 11 0.021964883 
647 304 7 9 0.021946719 
989 452 15 20 0.02194235 
234 304 8 10 0.021936292 
761 273 7 10 0.02189686 
88 308 9 11 0.021883525 
549 426 13 18 0.021881208 
809 131 18 21 0.021874104 
446 381 12 15 0.02185061 
78 394 12 19 0.021837305 
814 359 9 11 0.021833159 
656 164 9 11 0.021826787 
4 571 30 36 0.021814533 
470 454 21 25 0.021811744 
561 305 8 9 0.021788478 
789 373 11 14 0.021764008 
720 158 9 10 0.021725636 
827 140 14 18 0.02169976 
79 502 24 33 0.021688515 
783 344 18 21 0.021675684 
203 347 19 24 0.021675557 
686 374 11 13 0.021663273 
812 462 16 22 0.021662867 
704 346 17 23 0.021633977 
600 349 10 11 0.021617007 
132 379 11 13 0.02160938 
96 350 8 11 0.021591708 
47 518 20 24 0.021570332 
511 496 27 29 0.021542456 
1005 254 8 10 0.021520665 
654 321 19 24 0.021498153 
732 409 17 20 0.021473432 
855 386 12 16 0.021461422 
945 340 9 11 0.02145989 
56 313 18 23 0.021361394 
126 357 9 11 0.02135813 
151 326 8 10 0.02133937 
753 178 12 14 0.021338036 
969 350 9 12 0.021331 
247 336 8 9 0.021327801 
966 373 11 13 0.021316636 
999 365 9 11 0.021259984 
5 246 9 12 0.021202665 
781 140 13 17 0.021189036 
807 268 11 11 0.021166725 
398 372 10 13 0.021129873 
414 379 11 14 0.021095257 
168 385 13 16 0.021083409 
772 141 25 31 0.021071259 
207 362 11 13 0.021070546 
34 528 26 40 0.021052567 
794 277 8 10 0.021042306 
6 320 8 10 0.02101531 
360 380 9 11 0.020999076 
1000 303 8 9 0.020950934 
1011 482 12 21 0.020926703 
845 339 18 22 0.02091173 
913 309 8 10 0.020909317 
694 280 7 9 0.020906907 
881 297 6 8 0.020900486 
608 270 8 10 0.020881804 
741 343 9 11 0.020853523 
750 351 9 12 0.020853188 
291 403 10 15 0.020823188 
394 410 14 17 0.020815624 
762 380 14 17 0.020793235 
125 326 11 13 0.02079019 
1010 294 20 28 0.020782791 
491 397 11 14 0.020779513 
922 430 24 32 0.020751094 
480 303 6 8 0.020719877 
383 425 13 18 0.020698639 
344 336 7 9 0.020682938 
473 340 9 11 0.020675262 
614 384 9 11 0.020652084 
791 304 8 9 0.020648647 
950 378 11 14 0.020642841 
842 318 7 9 0.02063501 
556 387 11 14 0.020632265 
62 238 9 12 0.020629559 
0 379 11 16 0.020611389 
464 287 7 8 0.020606495 
712 321 18 22 0.020597646 
916 430 16 22 0.02058985 
576 357 9 12 0.020582825 
920 294 6 9 0.02053736 
673 349 10 11 0.020515911 
1005 376 20 29 0.020508824 
498 287 6 8 0.020477893 
111 292 8 12 0.02047338 
92 377 20 23 0.020456119 
108 328 20 23 0.020442808 
268 407 15 18 0.020437727 
375 337 8 9 0.020405341 
920 320 7 9 0.020402646 
498 296 7 9 0.020384705 
735 365 18 24 0.020356677 
991 280 8 9 0.020344352 
331 376 20 23 0.02033483 
980 471 17 24 0.020298924 
776 320 20 25 0.020283021 
935 343 8 9 0.020267421 
766 165 12 14 0.020243151 
278 336 7 8 0.020240095 
1008 363 18 25 0.020238975 
847 318 8 10 0.020228222 
934 374 10 12 0.020226214 
303 400 17 23 0.020222392 
243 479 22 26 0.020203998 
661 418 14 18 0.020202624 
489 289 7 8 0.020198863 
413 416 12 16 0.020176446 
799 379 10 14 0.020138977 
115 527 17 23 0.020044018 
