2_Demonstration_Demonstrators_2_378
293
102 453 64 84 0.99941707 
200 402 59 67 0.99937314 
217 498 70 78 0.998684 
483 209 30 38 0.9984353 
647 262 37 43 0.9983985 
810 489 58 68 0.99833703 
191 190 26 33 0.99832314 
398 238 33 39 0.99813026 
154 265 40 47 0.9972312 
100 208 32 35 0.99663985 
535 257 34 43 0.9964372 
571 239 28 32 0.99599636 
940 397 60 68 0.9959759 
330 220 26 35 0.9956157 
155 205 31 35 0.99560463 
415 193 32 35 0.9948561 
261 355 59 64 0.9940006 
307 276 38 42 0.9939387 
673 330 49 57 0.9937509 
596 420 47 52 0.99290353 
644 438 51 59 0.9921423 
609 329 46 59 0.9921245 
604 273 29 32 0.99178326 
208 136 23 27 0.9899913 
496 520 72 65 0.98997974 
105 138 23 27 0.98942965 
360 224 32 37 0.9891936 
947 227 26 32 0.98402435 
508 359 41 53 0.9827266 
432 306 39 48 0.9820514 
159 169 23 28 0.9798384 
869 338 29 31 0.9785831 
219 243 38 46 0.9784184 
551 374 39 51 0.9782844 
503 299 44 49 0.9758252 
735 283 31 40 0.9754048 
325 463 48 59 0.97499985 
710 406 40 46 0.9732897 
13 206 38 37 0.97244024 
765 318 38 40 0.9698733 
371 288 38 47 0.9666677 
961 152 17 26 0.9609698 
91 249 36 40 0.9552613 
346 194 22 26 0.95292693 
90 300 43 47 0.9491871 
750 419 49 57 0.92643875 
137 302 28 43 0.9231679 
265 225 35 42 0.92257893 
433 462 63 71 0.92114687 
311 170 21 26 0.9159785 
-1 305 29 61 0.91094595 
892 208 19 26 0.9092536 
905 360 31 35 0.8865812 
497 421 47 59 0.8807368 
146 201 28 34 0.86513716 
927 172 21 25 0.83892965 
750 366 50 55 0.8197566 
898 407 39 52 0.73779076 
927 213 24 28 0.6961257 
652 500 54 58 0.6397428 
699 493 48 56 0.6386503 
182 376 41 52 0.60437715 
294 197 21 26 0.58603835 
1011 134 13 22 0.5844939 
847 392 41 49 0.56151885 
524 367 44 52 0.55169463 
389 332 39 49 0.5501727 
137 197 22 30 0.4706399 
842 280 16 20 0.46268415 
283 286 28 36 0.4418132 
43 184 28 36 0.37973705 
618 242 25 29 0.36194578 
737 294 44 48 0.33181298 
835 403 33 41 0.31724897 
284 220 28 40 0.3161117 
150 233 30 35 0.30940852 
569 474 38 48 0.3048313 
921 104 10 13 0.29326576 
1003 218 19 23 0.28800407 
258 423 32 50 0.28798866 
932 264 17 21 0.2782534 
947 340 17 21 0.25599435 
687 3 29 25 0.24535139 
275 431 35 50 0.24041313 
558 317 24 33 0.2214839 
941 115 13 16 0.21360713 
905 141 22 31 0.19699037 
910 138 16 21 0.19150726 
777 385 42 49 0.18717 
159 190 28 37 0.17874828 
218 174 18 23 0.16003563 
606 257 29 36 0.15177071 
718 419 46 53 0.14624974 
737 270 35 37 0.14166772 
864 453 40 55 0.1374426 
233 209 21 27 0.13322172 
485 333 15 20 0.1255229 
755 334 49 55 0.11806288 
11 222 29 36 0.11764322 
294 279 34 41 0.11735339 
642 292 39 45 0.11654757 
755 305 35 40 0.11277378 
341 408 28 37 0.10851186 
920 366 18 23 0.107043274 
728 439 48 53 0.09844719 
9 270 33 51 0.09760708 
227 410 48 61 0.09667027 
931 304 17 19 0.09122912 
543 233 23 28 0.09063251 
348 406 18 24 0.08467777 
914 134 13 16 0.08378622 
140 154 22 27 0.08056283 
337 211 26 35 0.07780776 
649 363 25 31 0.076561674 
637 274 40 48 0.0750366 
1002 226 22 29 0.07503321 
516 233 16 21 0.074452795 
277 277 29 33 0.07338074 
646 476 52 62 0.07289822 
734 460 37 50 0.07195174 
377 315 43 52 0.0710949 
562 307 35 45 0.07095341 
940 346 25 31 0.07083888 
868 408 40 51 0.064713545 
583 243 18 22 0.06426066 
1005 241 16 20 0.063330635 
996 83 13 16 0.06289326 
707 465 51 59 0.0628741 
333 198 25 30 0.062793806 
917 176 16 21 0.062434122 
475 451 51 60 0.062286116 
999 200 20 26 0.06059811 
740 259 27 29 0.060596537 
824 278 21 28 0.06049618 
6 136 29 37 0.05955791 
0 395 28 39 0.058678363 
522 269 43 52 0.058293737 
634 250 13 17 0.058193136 
401 321 44 54 0.056174487 
290 424 38 55 0.05280408 
228 197 21 32 0.051958524 
307 418 40 53 0.051192522 
293 234 29 38 0.05112652 
496 445 34 43 0.05098288 
31 282 29 43 0.050943997 
990 93 13 16 0.048858803 
676 6 30 29 0.048373923 
122 166 16 21 0.046650685 
701 1 21 20 0.046606965 
1004 554 20 25 0.04643496 
901 152 15 21 0.046338744 
879 444 32 49 0.04588799 
178 185 26 35 0.04550896 
583 287 39 47 0.045438543 
379 255 45 56 0.04525272 
867 319 29 36 0.045244154 
296 223 18 26 0.044949695 
283 204 26 36 0.04488679 
221 182 20 28 0.044269975 
605 282 47 55 0.043846276 
299 189 15 19 0.043456074 
793 2 27 27 0.04290653 
102 234 31 38 0.042830702 
918 96 19 25 0.042820945 
207 181 23 30 0.042474233 
551 485 49 54 0.04238524 
664 73 35 35 0.042229652 
601 304 34 38 0.04219626 
884 321 14 16 0.041793335 
0 201 23 33 0.04108464 
235 238 39 46 0.040348355 
316 403 41 54 0.040132366 
906 355 21 26 0.039860047 
130 157 21 27 0.03936089 
868 247 11 14 0.03925852 
195 358 41 50 0.039185654 
948 110 12 16 0.038562763 
-1 207 12 21 0.038342804 
422 293 31 39 0.03756167 
991 116 14 18 0.037173036 
892 388 40 53 0.036772903 
243 146 16 20 0.036484648 
692 416 51 58 0.036309466 
922 355 17 23 0.03626816 
886 402 30 45 0.036185134 
156 221 30 37 0.03596232 
736 506 43 57 0.035781857 
512 410 46 59 0.035675813 
336 390 30 37 0.03562875 
906 377 36 48 0.03552985 
669 481 59 68 0.035383623 
670 418 50 59 0.035276856 
999 196 15 19 0.034652185 
324 211 26 34 0.034628354 
240 186 22 28 0.03424299 
868 352 28 36 0.033369955 
274 294 32 41 0.033090107 
914 151 15 19 0.032489162 
168 183 17 24 0.03227886 
2 283 33 63 0.032152396 
502 445 48 61 0.031913113 
899 159 22 29 0.03173122 
390 470 44 56 0.031478148 
410 469 52 63 0.03096751 
92 430 57 82 0.030878743 
405 257 31 39 0.03062115 
615 246 14 16 0.030268315 
925 351 25 31 0.029366983 
913 103 10 11 0.0292201 
461 206 24 31 0.028951524 
266 219 20 24 0.028950721 
526 311 34 42 0.028916946 
1013 182 11 15 0.028810458 
907 125 21 29 0.028520864 
950 102 10 12 0.028239928 
793 375 29 40 0.027963923 
956 341 25 28 0.027815338 
298 297 36 42 0.027742442 
935 109 13 16 0.027686952 
225 171 15 20 0.027620308 
357 204 25 32 0.027606638 
918 116 12 15 0.027402084 
56 189 18 26 0.027232697 
280 236 20 26 0.02718735 
983 205 21 28 0.027176056 
115 153 22 29 0.02705076 
565 404 28 40 0.02700582 
901 168 12 17 0.02700086 
921 180 26 29 0.026971558 
912 27 25 34 0.026754552 
392 351 41 59 0.026752988 
148 318 28 39 0.026584286 
19 123 15 19 0.026503569 
563 244 26 35 0.026411839 
829 470 55 71 0.026171237 
483 336 24 31 0.026066253 
44 274 14 19 0.025930425 
699 411 33 40 0.025881773 
773 371 35 41 0.025839169 
266 231 21 25 0.025597537 
463 500 63 67 0.025320448 
1004 191 22 29 0.025073318 
894 319 12 14 0.024963457 
146 180 26 32 0.024920028 
754 521 32 37 0.024679562 
930 229 18 22 0.024615401 
285 202 16 20 0.024481926 
893 479 33 44 0.024454001 
302 175 17 22 0.024330162 
987 217 15 20 0.02421592 
7 233 15 20 0.024145115 
263 270 31 37 0.024103718 
951 155 16 20 0.024085442 
500 220 25 32 0.023958635 
886 344 41 46 0.023827484 
251 155 16 19 0.023799451 
913 108 10 12 0.023629956 
487 317 24 34 0.023484632 
886 456 36 55 0.023384776 
856 428 47 58 0.023301912 
935 222 19 25 0.023193229 
894 142 25 33 0.023045631 
936 120 14 17 0.022857258 
340 224 29 38 0.022637898 
605 312 41 52 0.022572279 
39 206 26 36 0.02249715 
992 77 13 17 0.022360105 
1000 138 14 19 0.022343963 
551 334 42 55 0.022240214 
338 412 21 24 0.022190703 
753 392 42 58 0.022185806 
909 75 13 18 0.022102589 
17 137 17 22 0.022063622 
23 186 41 50 0.022035707 
904 134 12 15 0.022028998 
951 350 18 21 0.021947639 
910 180 16 22 0.021655485 
865 381 30 39 0.021553732 
37 268 26 35 0.021550814 
582 405 45 58 0.02116084 
925 95 23 26 0.021049332 
232 187 20 29 0.020906372 
660 309 47 58 0.020565983 
735 361 79 92 0.020450598 
873 390 31 43 0.020441009 
14 120 24 33 0.020409912 
629 20 14 18 0.020353278 
985 98 12 15 0.020323722 
973 130 13 17 0.02025437 
269 325 52 60 0.020254051 
913 34 16 21 0.020246517 
1010 204 14 18 0.020237524 
325 202 16 20 0.020205133 
