2_Demonstration_Political_Rally_2_83
448
882 553 110 129 0.9996942 
403 306 85 116 0.9993766 
600 492 93 129 0.999342 
506 213 52 60 0.9991781 
168 0 30 36 0.9991239 
290 568 102 137 0.9986141 
122 524 100 118 0.9978398 
627 392 86 96 0.99762946 
206 225 54 70 0.99686605 
181 155 46 57 0.99675876 
558 80 33 39 0.99653983 
883 334 79 84 0.9934263 
72 215 56 63 0.9932787 
3 393 82 98 0.99270904 
625 65 30 36 0.9926449 
888 158 47 55 0.9923955 
225 263 71 96 0.9923316 
560 295 70 76 0.9907431 
290 34 29 35 0.9888343 
444 115 37 49 0.98813766 
109 79 32 41 0.9877164 
476 84 33 38 0.9872787 
678 612 102 105 0.9861443 
216 60 39 50 0.98598456 
97 292 68 82 0.98566854 
307 71 29 37 0.9828068 
385 154 30 42 0.9813856 
173 386 76 98 0.97823125 
1 71 33 43 0.9776113 
230 119 42 54 0.97731346 
265 19 21 27 0.97696346 
200 109 34 42 0.97465444 
322 164 51 63 0.9741964 
428 33 27 35 0.96768785 
808 134 40 52 0.96750313 
400 110 31 38 0.9668214 
789 121 33 40 0.9644252 
743 151 40 50 0.9590036 
475 17 25 30 0.9574611 
870 30 25 29 0.9405756 
824 64 23 32 0.9221391 
235 12 27 35 0.9138633 
45 180 41 54 0.8900107 
558 185 28 39 0.87831366 
495 42 24 30 0.86758614 
387 66 27 31 0.8410856 
957 148 41 52 0.8328913 
781 43 22 26 0.8253588 
972 446 54 91 0.8197094 
109 574 104 130 0.8059428 
403 200 52 63 0.8032058 
669 51 22 26 0.7768978 
750 20 21 26 0.77373433 
885 76 32 40 0.75776714 
474 173 40 49 0.74159205 
831 336 37 43 0.732259 
375 247 45 61 0.7017896 
3 129 53 65 0.7017514 
816 40 20 22 0.69737166 
508 -1 27 24 0.6816202 
601 111 38 46 0.67674553 
215 242 59 80 0.6753078 
930 198 46 61 0.63661367 
919 -1 21 22 0.631735 
277 74 34 41 0.6241254 
115 43 28 35 0.6115981 
412 1 22 23 0.60953915 
950 415 51 60 0.60337764 
80 36 28 31 0.57754904 
33 62 28 39 0.57075053 
631 234 32 39 0.5503953 
301 0 17 19 0.5346899 
292 71 32 37 0.53418463 
343 30 25 32 0.5331024 
967 210 57 91 0.52778244 
941 80 31 37 0.5127779 
475 41 25 31 0.49342668 
997 126 23 35 0.45479512 
377 95 31 35 0.44510219 
730 378 63 91 0.4373304 
970 82 36 46 0.4333308 
390 217 54 67 0.42843342 
245 184 41 47 0.4129733 
800 25 16 19 0.41001067 
253 67 23 34 0.4086318 
133 444 38 47 0.39993015 
445 67 28 32 0.3851463 
604 61 24 29 0.38445976 
69 48 35 45 0.3742681 
552 408 46 62 0.3582098 
42 290 38 50 0.3390494 
327 84 27 34 0.3318472 
760 95 26 32 0.3266458 
621 38 22 26 0.32059988 
536 45 26 30 0.31767353 
25 3 25 27 0.30977714 
667 92 29 35 0.28502074 
267 5 22 25 0.27333698 
386 3 27 27 0.26757228 
587 18 22 27 0.2660906 
340 20 24 31 0.2636169 
567 43 20 24 0.26297557 
692 7 19 22 0.25555688 
55 190 48 59 0.25325647 
489 201 50 62 0.25098276 
376 0 26 25 0.24966878 
953 80 37 48 0.23991998 
947 11 22 27 0.23874618 
590 51 17 21 0.23387715 
397 76 27 32 0.23205301 
834 17 16 20 0.2306519 
66 296 45 60 0.22550453 
464 185 40 51 0.20490594 
215 371 59 79 0.19387145 
880 131 30 38 0.19229075 
978 120 40 58 0.18931237 
613 213 44 56 0.18364684 
-1 158 30 45 0.17535308 
880 97 28 34 0.1624771 
593 183 42 56 0.15985233 
665 35 26 29 0.15313473 
792 44 16 21 0.14821333 
329 20 25 32 0.14451739 
146 373 49 60 0.14359581 
609 25 17 20 0.1434983 
296 27 20 23 0.14100243 
989 93 35 42 0.13757184 
984 0 19 19 0.13591798 
825 326 28 44 0.133512 
944 201 53 76 0.13168062 
196 63 26 37 0.12703285 
550 394 31 57 0.12620977 
946 161 35 40 0.12609833 
310 283 48 65 0.1258407 
823 35 19 20 0.12236265 
366 264 35 50 0.12111473 
7 98 53 61 0.1211076 
120 322 61 76 0.12037901 
284 59 32 40 0.12037707 
635 246 36 41 0.118731685 
380 55 26 32 0.11833788 
349 135 32 37 0.11637981 
618 112 40 53 0.10963414 
892 9 24 32 0.10848889 
948 24 27 31 0.10838717 
583 95 40 51 0.10748794 
137 177 34 41 0.10687835 
263 78 31 40 0.10605407 
794 8 17 20 0.10559194 
88 303 46 54 0.105540045 
600 70 30 35 0.10520223 
787 177 33 39 0.10421952 
535 33 24 28 0.10419995 
572 178 41 55 0.10362598 
720 204 36 52 0.10114383 
109 212 37 42 0.09978507 
904 6 22 27 0.098177135 
343 9 28 32 0.097403765 
403 93 29 36 0.095095985 
62 137 39 46 0.093411915 
645 109 37 52 0.09116663 
-1 257 27 51 0.08911562 
139 423 55 67 0.088259436 
431 22 27 30 0.08811006 
749 51 21 26 0.08495307 
659 29 22 28 0.08400443 
541 68 23 30 0.08371662 
631 -2 28 26 0.082092986 
672 56 27 34 0.08198948 
295 51 37 44 0.081856996 
910 0 22 25 0.080060884 
130 70 29 38 0.07951147 
945 95 33 41 0.078509845 
986 32 23 27 0.077481456 
370 0 20 20 0.07621827 
111 60 31 37 0.07452465 
211 100 43 52 0.07413711 
198 126 42 54 0.07404256 
596 90 28 34 0.07394705 
758 144 45 52 0.07365484 
669 -1 19 14 0.07247884 
17 68 33 40 0.07247518 
827 26 18 21 0.071246356 
352 2 26 28 0.06991035 
823 47 19 22 0.069300406 
627 50 24 28 0.06890516 
569 84 39 47 0.067749836 
429 180 44 57 0.067165874 
386 105 31 38 0.06699176 
134 351 52 66 0.06629087 
757 293 35 39 0.066132516 
722 0 23 23 0.065853745 
155 386 58 69 0.06569449 
600 20 21 26 0.06558329 
105 622 71 82 0.06533109 
599 53 23 27 0.06498786 
578 43 23 27 0.064667776 
40 51 43 50 0.063796826 
668 383 86 98 0.06378697 
69 0 15 12 0.06285819 
880 141 39 54 0.06202898 
300 247 39 48 0.062024336 
567 427 41 48 0.061495192 
586 159 48 60 0.06142228 
258 0 17 14 0.061022896 
721 301 34 37 0.060062584 
768 174 46 55 0.05907926 
619 421 106 143 0.058683194 
222 53 27 35 0.05860744 
796 31 16 22 0.058252633 
444 149 32 40 0.058176205 
985 156 38 48 0.057270344 
790 151 47 55 0.057167828 
636 125 33 43 0.0562941 
994 28 16 20 0.056230795 
983 9 24 30 0.056143306 
383 197 49 62 0.054824807 
392 13 19 24 0.054614294 
677 78 30 35 0.054393355 
-2 42 12 21 0.05434452 
186 68 23 30 0.05401282 
379 166 43 57 0.053898063 
612 27 22 27 0.05238586 
483 157 45 54 0.0523676 
993 2 17 17 0.052326746 
308 27 27 33 0.052299812 
235 203 51 62 0.052297723 
583 142 39 43 0.05211004 
805 37 22 28 0.051891595 
869 46 28 31 0.051555835 
599 86 44 51 0.051434025 
954 36 27 33 0.050745726 
504 101 24 34 0.050540984 
409 83 19 24 0.050253015 
873 20 21 26 0.049985684 
622 196 43 56 0.049809985 
897 86 29 36 0.049614504 
555 41 25 30 0.04914449 
900 0 16 19 0.04839976 
881 110 31 39 0.047363494 
238 5 16 19 0.04697967 
876 67 25 34 0.046329144 
5 28 25 31 0.046283085 
492 179 38 49 0.045857362 
701 120 38 49 0.045651164 
99 23 29 34 0.045623407 
118 94 31 40 0.045577563 
470 23 36 44 0.04489951 
462 145 43 54 0.04483846 
101 2 29 30 0.0447869 
737 180 45 59 0.044750083 
98 524 56 81 0.0440485 
490 90 31 37 0.044035327 
57 168 42 46 0.04399144 
963 158 47 68 0.04396512 
802 114 19 23 0.043898493 
295 170 42 56 0.043251485 
907 0 15 12 0.043220244 
14 7 28 32 0.042921063 
689 338 47 54 0.042913973 
601 133 44 49 0.0425385 
924 284 47 57 0.042479288 
767 103 29 35 0.042399503 
38 24 24 28 0.042366136 
654 30 16 21 0.042327918 
892 64 26 31 0.04199553 
842 332 48 58 0.041648705 
442 79 29 34 0.04163094 
436 48 30 38 0.041522216 
75 39 21 22 0.04139893 
749 33 25 32 0.040632427 
1013 56 11 18 0.04027481 
205 86 35 45 0.039602626 
783 194 37 46 0.039600685 
58 0 17 19 0.03909521 
831 59 19 25 0.03882638 
217 172 29 38 0.03866116 
0 109 36 42 0.038514767 
462 77 27 34 0.03849744 
756 170 34 40 0.038018983 
1004 33 16 21 0.037656836 
115 112 31 42 0.037523262 
875 12 18 19 0.03627554 
390 140 34 43 0.035948504 
342 148 38 45 0.03580074 
105 36 27 35 0.03574895 
32 7 28 33 0.03568279 
472 1 22 25 0.035581175 
941 427 75 92 0.03553821 
289 296 29 45 0.035395734 
121 35 16 22 0.03524148 
776 47 17 22 0.035174083 
1002 2 15 15 0.03507319 
374 48 23 31 0.035071485 
272 181 34 47 0.03506646 
748 0 15 14 0.03506591 
664 49 17 23 0.035043348 
884 15 25 33 0.034947053 
388 20 24 29 0.034933586 
0 36 24 33 0.034919176 
755 56 25 31 0.034918517 
252 133 36 44 0.034707468 
979 21 25 31 0.034617186 
847 0 13 13 0.03452103 
83 110 42 51 0.03447579 
609 55 38 47 0.03433418 
405 188 35 47 0.03406463 
934 109 39 50 0.03386658 
938 92 20 25 0.03380761 
241 101 41 57 0.033591677 
453 128 37 49 0.033538274 
115 2 18 18 0.03323134 
94 0 23 25 0.033178255 
358 146 44 52 0.032861307 
919 87 25 34 0.032857437 
487 21 18 22 0.03247467 
441 16 19 24 0.03236156 
228 28 27 34 0.032238457 
660 137 16 21 0.031693287 
68 13 21 27 0.031615753 
806 326 32 38 0.031589117 
891 49 24 28 0.031586263 
124 218 35 43 0.03144195 
596 221 31 36 0.03139094 
742 26 22 30 0.03128672 
485 335 34 42 0.031160928 
647 246 21 25 0.030830987 
85 2 15 17 0.030770198 
228 178 38 42 0.030536933 
692 77 23 32 0.030402603 
867 194 24 34 0.030066973 
208 274 50 76 0.030022547 
4 15 27 31 0.02998222 
247 80 30 41 0.029950501 
111 433 50 62 0.029844996 
-4 269 39 62 0.02970392 
230 20 20 24 0.029387958 
598 231 16 21 0.029361982 
70 315 53 64 0.029324053 
663 60 23 29 0.029087402 
388 260 54 68 0.028992789 
385 81 37 44 0.028742354 
743 14 21 27 0.028580008 
558 344 59 79 0.028502097 
637 242 19 22 0.027923424 
208 55 30 42 0.0278048 
813 71 26 33 0.027738364 
312 251 45 64 0.027732912 
406 172 30 39 0.027654648 
753 80 25 33 0.027442953 
19 269 41 62 0.027409954 
739 45 24 29 0.0273682 
352 26 19 24 0.027294207 
737 77 23 31 0.027062666 
496 182 22 25 0.027046349 
704 352 52 62 0.0268599 
128 11 26 32 0.02683489 
899 305 64 76 0.026556907 
108 546 30 47 0.026513377 
240 240 59 75 0.026490236 
763 84 18 21 0.026446804 
383 191 34 44 0.026381694 
865 60 25 31 0.02635779 
455 100 39 52 0.026308535 
738 56 17 22 0.02628898 
710 313 46 55 0.026277473 
295 87 37 46 0.026161704 
130 218 17 23 0.025925541 
321 96 33 40 0.025860464 
789 72 20 28 0.02584907 
-1 338 38 61 0.02564922 
502 34 22 31 0.025641687 
530 18 24 28 0.025614997 
783 57 24 31 0.025559299 
666 20 24 28 0.025548102 
389 37 27 32 0.025532484 
47 0 24 23 0.025469044 
325 6 29 33 0.025385933 
144 315 58 66 0.025312787 
310 106 38 47 0.025288893 
734 25 14 21 0.025220599 
736 216 31 42 0.025116764 
534 57 25 32 0.024991333 
977 -5 45 44 0.02497688 
514 110 15 21 0.02474234 
419 184 33 40 0.024546256 
252 0 16 18 0.024532784 
870 100 25 34 0.024525052 
902 52 22 27 0.024523763 
834 52 14 18 0.024435883 
948 57 44 53 0.024287995 
233 361 41 48 0.024259001 
39 1 19 22 0.024119044 
759 191 51 67 0.024016876 
302 44 21 26 0.023957653 
275 20 25 29 0.023912774 
630 536 104 125 0.023908313 
95 34 18 23 0.02377064 
995 135 29 53 0.023741774 
67 59 47 57 0.023696726 
314 17 25 31 0.023663713 
683 62 30 38 0.023596494 
971 6 25 30 0.023480315 
77 534 53 78 0.023307063 
416 7 24 30 0.023237543 
711 141 29 35 0.02312688 
121 126 31 39 0.023084572 
581 122 36 40 0.022887072 
316 135 32 39 0.02285695 
744 67 25 34 0.022808481 
611 6 14 16 0.022794057 
339 265 48 65 0.022647979 
664 75 27 36 0.022568164 
72 1 16 18 0.022558302 
813 -1 17 14 0.022554317 
263 66 19 26 0.022542765 
734 82 13 18 0.022370197 
609 53 19 22 0.022187041 
610 239 44 52 0.022072462 
638 216 36 45 0.02196068 
1005 49 22 30 0.021882836 
790 24 16 20 0.02170078 
826 82 18 24 0.021630269 
737 0 23 23 0.021600781 
387 0 20 18 0.021495037 
982 34 17 21 0.02134544 
943 7 40 43 0.021292109 
851 0 15 16 0.021211445 
579 18 41 44 0.021195775 
700 110 25 35 0.021189459 
649 135 19 25 0.021173751 
802 47 17 23 0.020985097 
288 263 50 74 0.020964196 
806 25 20 25 0.020871457 
1 55 28 40 0.020847455 
779 102 26 33 0.020781785 
310 5 25 28 0.020776214 
528 6 25 26 0.020719333 
991 4 26 29 0.020691155 
271 64 29 40 0.02059964 
683 91 27 37 0.020593084 
347 3 20 19 0.020530866 
691 29 23 29 0.020405969 
272 0 17 16 0.020354638 
821 0 24 24 0.020319233 
17 173 18 23 0.020261217 
635 59 39 47 0.020170884 
266 95 35 44 0.020163348 
