2_Demonstration_Protesters_2_684
1565
693 364 12 15 0.9821708 
848 568 53 72 0.96387625 
738 435 15 18 0.9534296 
614 421 13 16 0.93753725 
364 372 12 15 0.9355605 
910 417 19 22 0.93232644 
774 414 13 17 0.92774355 
107 498 18 25 0.916493 
648 350 10 13 0.9139242 
523 424 15 19 0.91267705 
990 271 10 13 0.9009993 
307 393 14 17 0.8968051 
869 432 21 26 0.8872201 
163 348 12 15 0.8807958 
205 373 12 15 0.87679225 
397 327 10 13 0.87634414 
946 477 30 32 0.8730615 
662 443 17 21 0.864912 
77 403 13 15 0.8547518 
1004 310 12 15 0.81215346 
229 418 18 22 0.80668885 
336 350 13 16 0.7934882 
93 329 13 15 0.7839063 
465 340 12 15 0.7578544 
620 345 12 16 0.75246984 
449 375 10 12 0.7510103 
647 328 11 13 0.74538743 
200 346 12 15 0.7378565 
855 364 12 15 0.7287999 
572 323 11 13 0.72224134 
397 359 10 12 0.6899947 
295 319 9 10 0.6826109 
756 326 9 13 0.6788794 
810 307 9 12 0.64967966 
372 351 11 14 0.62059075 
463 373 12 15 0.58546394 
140 316 11 13 0.57630855 
885 336 10 13 0.5644932 
829 325 10 13 0.5614299 
418 339 10 14 0.5586307 
378 334 9 12 0.54964715 
937 483 32 38 0.546151 
536 375 11 14 0.5341788 
816 339 10 14 0.5299618 
38 359 11 13 0.5012627 
544 350 11 14 0.4921841 
113 357 10 12 0.47591275 
740 373 13 15 0.46468133 
309 326 8 11 0.4636501 
479 316 8 10 0.45551223 
441 324 10 13 0.45010006 
500 378 16 19 0.4437701 
601 329 10 14 0.44044396 
145 336 8 11 0.4335599 
688 328 11 14 0.42872152 
683 547 22 27 0.42354012 
633 318 9 11 0.4217272 
422 380 11 13 0.41308522 
207 303 8 11 0.40949824 
574 362 11 14 0.4089134 
748 478 18 22 0.40588596 
571 339 11 15 0.39872974 
392 300 9 11 0.39080787 
993 329 9 13 0.38035154 
563 468 15 20 0.37331787 
308 307 9 13 0.37148252 
850 387 22 27 0.37085435 
505 321 8 11 0.3682702 
429 302 8 10 0.3605522 
71 323 10 12 0.35843062 
382 315 10 12 0.35377404 
828 452 16 20 0.34458688 
335 332 10 13 0.33958313 
775 324 9 12 0.33755124 
612 477 15 18 0.3351947 
10 511 28 34 0.3311847 
216 260 8 11 0.3299422 
160 335 10 12 0.32940927 
502 300 10 12 0.32865244 
326 372 10 13 0.3262299 
958 272 7 10 0.3260879 
399 279 9 11 0.31962582 
463 296 9 11 0.3139912 
367 404 11 13 0.31393632 
800 295 8 10 0.31304273 
304 499 13 17 0.31076026 
445 293 8 10 0.3056497 
77 320 10 12 0.30186743 
377 286 9 11 0.2983756 
736 262 9 12 0.29641503 
184 310 9 11 0.29592615 
238 325 10 12 0.29518467 
214 319 8 10 0.2938797 
759 215 8 10 0.286093 
609 285 8 10 0.2860804 
456 303 9 11 0.28474352 
477 446 12 15 0.28433397 
934 364 10 13 0.2778468 
677 232 9 11 0.27710754 
269 317 9 10 0.27351087 
351 319 9 11 0.26687303 
550 317 10 12 0.26528263 
622 296 8 10 0.26358312 
154 293 9 13 0.2609489 
120 344 10 12 0.26013884 
397 388 11 13 0.25771222 
14 332 9 11 0.25664943 
429 285 8 11 0.25583032 
3 483 16 21 0.25555667 
295 323 10 12 0.24512205 
276 383 9 13 0.24415246 
117 425 15 18 0.24400403 
189 318 10 12 0.24391903 
718 406 13 17 0.24389374 
357 326 10 12 0.23758599 
831 343 10 13 0.23650983 
707 412 14 17 0.23484242 
694 182 7 10 0.23206685 
542 316 10 12 0.2305916 
415 294 7 10 0.23017232 
597 352 9 12 0.22788818 
94 367 12 14 0.22699258 
455 276 8 11 0.22031432 
976 271 8 11 0.21724267 
823 217 7 9 0.217153 
939 286 9 11 0.21640308 
60 347 11 15 0.21431315 
159 341 14 18 0.2135422 
897 305 8 9 0.21049951 
926 278 7 9 0.21006097 
669 408 13 17 0.2098832 
48 328 8 10 0.20981407 
998 332 10 13 0.20944372 
581 365 10 13 0.20409569 
556 436 10 14 0.20200343 
973 347 11 14 0.20037882 
573 238 7 10 0.19974265 
210 319 8 11 0.19885896 
614 208 8 10 0.19874035 
305 345 9 11 0.19456628 
430 461 11 13 0.19110826 
929 362 10 13 0.1886543 
217 288 8 10 0.18809812 
376 293 9 11 0.1880875 
289 302 8 11 0.18657371 
479 339 10 12 0.18599118 
87 294 8 10 0.1855706 
888 292 8 11 0.18255083 
425 296 8 11 0.1822813 
887 363 10 13 0.18174896 
446 332 10 12 0.18141536 
570 293 9 13 0.18042482 
617 297 8 10 0.17676675 
366 301 9 11 0.17641014 
279 327 9 11 0.17547256 
398 296 8 12 0.17469203 
292 358 10 13 0.17430307 
377 280 8 11 0.17370869 
333 272 8 10 0.17335562 
350 293 8 10 0.17311464 
253 287 9 12 0.17310238 
687 341 10 12 0.1722537 
593 354 9 12 0.17141204 
441 239 8 10 0.17039089 
398 351 12 14 0.16836265 
798 278 6 9 0.1676261 
376 340 10 13 0.16680655 
981 392 17 21 0.16403389 
599 371 12 13 0.16333757 
490 403 16 23 0.16230763 
422 346 9 12 0.16116308 
839 309 8 10 0.16108339 
345 293 8 9 0.15954578 
185 342 10 13 0.1594119 
793 278 9 11 0.15844293 
6 335 9 11 0.15582523 
358 430 13 16 0.1553195 
56 341 11 14 0.15413946 
905 285 8 9 0.15411298 
980 302 10 12 0.15339601 
598 301 8 11 0.1524253 
753 198 7 9 0.15206853 
341 487 10 12 0.15194504 
653 475 16 18 0.15188417 
183 302 9 10 0.15167516 
305 304 9 12 0.15112232 
345 404 11 16 0.14940076 
396 530 10 15 0.14912657 
688 294 8 10 0.14824457 
416 279 8 10 0.1469847 
468 367 10 12 0.14617456 
422 364 9 11 0.14523317 
343 374 8 11 0.14437316 
266 311 9 13 0.14398822 
384 271 7 10 0.14381011 
349 341 9 12 0.14339745 
941 280 8 10 0.14219193 
641 293 8 10 0.14001824 
336 311 8 11 0.13997073 
335 318 9 11 0.13830638 
758 301 10 11 0.13828367 
446 289 9 11 0.13706502 
998 291 9 11 0.13676786 
353 323 10 13 0.13637239 
13 423 12 15 0.13579184 
53 333 10 12 0.13541499 
874 295 7 9 0.13528888 
231 302 9 11 0.13437289 
535 343 10 12 0.13408959 
191 276 10 12 0.13379379 
831 286 8 10 0.13359827 
400 284 9 11 0.13264354 
441 262 8 11 0.13183708 
201 296 8 10 0.131136 
305 327 8 11 0.13090579 
777 286 9 12 0.1297453 
976 306 10 12 0.12937002 
593 277 8 10 0.1287537 
646 292 8 11 0.12776048 
610 262 7 10 0.12739617 
1014 248 7 10 0.12734696 
502 343 9 12 0.12727305 
343 289 8 9 0.12676156 
279 308 9 11 0.12614217 
249 334 11 12 0.12571162 
359 331 9 13 0.1246795 
170 311 8 10 0.124625795 
1005 258 10 12 0.1230546 
192 324 10 11 0.12298439 
221 342 11 15 0.12273814 
371 418 12 16 0.121931866 
856 294 7 10 0.121720605 
409 294 9 10 0.12146274 
919 295 8 10 0.12089032 
202 301 9 12 0.12042204 
502 277 8 11 0.11984532 
375 390 11 14 0.11966666 
944 300 9 11 0.11851978 
530 420 14 19 0.11811572 
237 448 13 16 0.11784227 
593 301 9 11 0.116885565 
327 296 7 9 0.11671043 
311 288 8 10 0.116614886 
583 279 8 10 0.11611327 
249 292 9 12 0.11583568 
912 265 7 9 0.1152761 
65 600 24 39 0.11492559 
502 356 9 11 0.1144291 
726 215 8 11 0.11441977 
606 468 15 17 0.11405159 
509 320 9 11 0.11313343 
613 284 8 10 0.11292977 
463 262 8 10 0.11286968 
592 272 9 10 0.1126683 
755 418 12 15 0.112642154 
500 271 9 11 0.111312084 
845 398 24 33 0.11056676 
445 350 9 11 0.11031929 
801 223 7 10 0.1099581 
638 206 7 9 0.1095751 
407 311 8 10 0.1095058 
669 343 8 11 0.10932733 
446 261 8 11 0.10919137 
222 294 9 11 0.10857761 
32 356 11 13 0.1079659 
738 386 14 17 0.10778822 
365 270 7 9 0.10778734 
174 311 8 10 0.10693891 
674 235 9 12 0.1067971 
502 350 9 12 0.10670287 
881 481 27 33 0.105713636 
416 379 11 13 0.10562722 
825 294 8 10 0.10552631 
754 402 13 17 0.10533152 
536 318 9 12 0.10491723 
976 293 8 10 0.104902275 
333 398 11 13 0.104511924 
677 160 7 9 0.10358949 
571 289 8 11 0.10358455 
-1 358 8 12 0.10314081 
680 382 10 13 0.10300884 
968 288 8 11 0.1025665 
848 295 7 9 0.10246466 
718 279 7 9 0.10219891 
334 278 8 10 0.10164963 
338 286 7 10 0.10060983 
343 400 10 12 0.10005673 
293 302 8 11 0.09974151 
942 294 9 11 0.09964999 
616 317 10 13 0.09922043 
933 489 18 24 0.098926134 
837 265 8 10 0.09890455 
945 231 6 9 0.098635666 
902 319 8 10 0.0983171 
525 357 9 12 0.098194055 
372 395 13 15 0.09804805 
58 302 7 10 0.09802054 
673 289 8 10 0.097818404 
863 311 10 12 0.097362354 
661 552 10 12 0.097141154 
800 357 11 13 0.097093344 
878 326 9 10 0.09681663 
789 303 9 11 0.09653425 
805 356 10 13 0.09601113 
262 280 8 11 0.095507294 
769 326 8 11 0.09542358 
608 280 8 11 0.095097706 
214 416 13 19 0.095056154 
526 351 9 11 0.09492313 
735 267 8 12 0.09455863 
598 273 8 9 0.094536684 
304 279 7 9 0.09430296 
925 272 8 11 0.09396462 
529 327 9 12 0.0939281 
200 253 8 10 0.093825266 
241 279 8 11 0.09363275 
821 453 16 21 0.09347359 
903 229 10 13 0.09345651 
898 319 7 10 0.09343259 
714 444 13 16 0.0928442 
631 368 9 12 0.09240722 
233 318 9 11 0.09222057 
40 309 9 10 0.09183294 
495 262 9 11 0.09178426 
309 319 9 11 0.091322534 
618 480 13 16 0.091001876 
139 384 15 18 0.0908717 
858 317 8 11 0.090756185 
999 223 6 9 0.08958582 
477 437 14 17 0.089347884 
344 304 8 10 0.089095 
734 176 8 9 0.089045145 
264 301 8 11 0.089006 
537 346 10 14 0.088932805 
509 302 8 10 0.088930495 
423 278 9 12 0.08861547 
294 313 9 11 0.08854239 
711 183 10 12 0.088397436 
656 264 8 10 0.08816956 
534 292 8 11 0.08794765 
727 344 11 14 0.08773639 
209 307 9 11 0.08768282 
713 272 7 9 0.08759278 
367 310 8 11 0.087161966 
738 378 13 16 0.08701917 
672 364 9 12 0.086952634 
452 376 11 15 0.08621476 
598 277 8 10 0.08581475 
922 278 7 9 0.0853741 
415 286 8 12 0.08506029 
1004 339 12 14 0.08503657 
904 281 7 9 0.08457631 
124 342 11 13 0.08427356 
224 300 9 11 0.08399452 
729 303 9 10 0.08386466 
328 412 10 13 0.08382489 
261 564 10 13 0.08377734 
993 224 7 9 0.08368594 
664 356 10 13 0.08345675 
170 303 7 10 0.08333573 
7 372 10 12 0.08317662 
535 324 10 13 0.08285693 
781 342 9 11 0.0827478 
693 301 10 12 0.08259424 
367 296 8 11 0.08255812 
488 254 9 11 0.08226669 
378 311 8 11 0.08218468 
695 238 9 11 0.081706606 
950 296 8 10 0.08133586 
1012 253 9 13 0.08124534 
735 197 7 10 0.08119566 
415 255 9 11 0.08053048 
877 320 8 11 0.08024319 
453 326 10 12 0.08021023 
760 220 7 10 0.080112725 
530 285 9 12 0.07987161 
663 312 8 11 0.07977072 
329 254 7 10 0.079515554 
777 260 10 13 0.079319134 
74 295 8 10 0.07915623 
175 302 8 11 0.0782741 
79 312 8 10 0.078048 
430 309 8 11 0.07762932 
901 303 8 10 0.07733233 
1002 255 10 12 0.07727927 
901 359 8 12 0.07723123 
301 413 13 18 0.076908246 
838 343 10 13 0.07652925 
761 262 8 11 0.076484144 
288 328 8 11 0.076445885 
974 289 8 10 0.07612916 
188 345 12 16 0.07598885 
896 360 9 12 0.07597686 
375 329 10 11 0.07589064 
959 277 7 9 0.07555284 
231 448 13 17 0.07552366 
690 197 8 10 0.07499447 
465 238 7 9 0.07491339 
87 319 8 10 0.074248604 
20 412 11 14 0.07402646 
40 341 9 10 0.07380513 
192 273 8 9 0.07338066 
497 342 10 12 0.07279785 
718 263 8 11 0.07225354 
910 286 7 9 0.07190343 
981 344 9 11 0.07185574 
31 320 9 12 0.071823716 
425 238 8 10 0.07178678 
759 253 8 11 0.071785405 
119 389 12 15 0.07172881 
677 164 8 11 0.071341984 
605 356 10 12 0.07127586 
135 335 10 13 0.07112884 
589 263 9 10 0.07098867 
533 334 10 12 0.070569076 
938 293 9 12 0.07054594 
276 286 9 11 0.070252985 
586 263 8 10 0.070139855 
415 260 10 11 0.069854386 
775 231 9 11 0.06970906 
639 365 10 12 0.06968432 
191 283 9 12 0.06957046 
922 271 7 9 0.0693098 
503 285 9 11 0.0692476 
994 269 10 13 0.06924286 
367 411 14 18 0.06918588 
440 341 9 11 0.06915986 
510 224 8 10 0.06907444 
1009 191 9 11 0.06901104 
89 333 11 13 0.06879083 
544 394 13 15 0.068167 
160 270 7 9 0.06775 
638 312 9 13 0.067652024 
327 318 8 11 0.06757871 
114 303 8 10 0.06687346 
231 272 7 9 0.066670105 
6 340 8 11 0.06656562 
263 296 8 11 0.0663614 
497 349 10 13 0.066347346 
418 417 14 18 0.06596798 
757 248 8 10 0.06565498 
478 429 13 15 0.06565323 
468 335 11 13 0.06530356 
774 311 9 11 0.065194175 
605 319 9 12 0.06512589 
655 246 8 11 0.06509562 
102 295 7 9 0.0650713 
667 347 12 14 0.06496595 
431 255 8 10 0.064700134 
600 319 9 12 0.06467633 
428 380 9 12 0.06438606 
833 281 8 10 0.06429591 
528 363 8 13 0.06402741 
591 311 9 12 0.06395097 
893 255 8 9 0.063945696 
429 280 9 11 0.06380651 
707 381 13 16 0.063628376 
1014 271 9 13 0.06358146 
591 296 9 10 0.06353605 
707 395 12 16 0.06346409 
443 397 11 14 0.06324029 
398 271 10 13 0.063220635 
730 296 8 10 0.063171186 
333 373 11 13 0.06316975 
478 214 7 10 0.06309869 
822 262 7 10 0.06295281 
319 358 9 11 0.0629031 
214 310 9 12 0.06287788 
904 270 7 9 0.06287513 
753 247 8 11 0.06261237 
943 270 7 10 0.062224273 
222 417 17 20 0.06198965 
475 317 8 10 0.061984655 
148 340 11 14 0.061879147 
496 309 8 11 0.061822042 
727 208 8 8 0.061545786 
608 296 8 10 0.061536543 
247 255 7 9 0.061462704 
259 537 13 16 0.061420467 
173 317 9 11 0.061237764 
670 359 9 12 0.061193995 
153 288 9 11 0.061174683 
641 325 8 11 0.061141036 
329 405 11 14 0.06112264 
862 317 8 11 0.06082228 
833 309 10 10 0.06058096 
79 295 9 11 0.06056457 
381 278 9 11 0.06049001 
818 217 7 8 0.06046067 
308 417 12 16 0.06023419 
232 308 9 12 0.06022924 
780 325 10 13 0.060137123 
726 220 9 11 0.0601062 
583 285 9 10 0.060101897 
731 271 8 9 0.06006246 
313 294 7 10 0.059974488 
362 436 11 14 0.059932552 
361 368 11 14 0.059904292 
96 296 7 9 0.059712768 
52 328 9 11 0.05952557 
486 312 7 10 0.059450027 
622 317 9 12 0.059173785 
294 296 8 10 0.05888499 
470 261 10 11 0.05885367 
456 261 8 10 0.058774237 
343 343 12 14 0.0585405 
214 408 12 15 0.05842616 
809 279 7 9 0.05828114 
942 348 9 11 0.058216844 
920 231 7 9 0.05820137 
509 343 9 12 0.05809053 
623 337 10 13 0.058010884 
818 221 7 9 0.057715736 
384 304 8 9 0.057622958 
845 392 17 21 0.057471246 
409 254 9 11 0.057468776 
793 342 9 11 0.057380877 
862 339 9 11 0.05731208 
833 304 8 10 0.057288215 
47 415 11 13 0.057113774 
241 254 7 9 0.05698813 
366 264 7 10 0.05654479 
425 309 9 12 0.056403082 
699 370 11 14 0.056330092 
132 523 15 20 0.056231815 
735 182 8 9 0.056166526 
362 404 9 12 0.056147177 
343 309 8 11 0.056034505 
552 430 11 16 0.056020685 
718 347 12 15 0.05597365 
360 295 8 10 0.05582907 
767 301 9 11 0.05570925 
926 248 7 8 0.05563045 
801 228 8 10 0.055611525 
173 573 10 12 0.05558912 
382 292 8 11 0.05557037 
825 288 8 10 0.055522695 
43 364 10 11 0.05552052 
584 302 9 11 0.055519495 
648 301 9 12 0.05547095 
601 239 7 9 0.05542455 
423 257 8 9 0.055399675 
230 296 9 12 0.055351514 
759 271 9 11 0.05522602 
799 288 7 10 0.055119988 
497 319 7 11 0.055075277 
272 323 10 13 0.054975178 
24 325 9 11 0.05491239 
745 200 6 8 0.05490987 
856 216 6 9 0.054886412 
31 351 10 13 0.05479019 
746 372 11 14 0.05464434 
469 294 8 11 0.054541167 
237 357 14 16 0.054531924 
568 344 11 15 0.054485653 
363 427 14 17 0.05447081 
550 371 9 12 0.054418847 
735 216 7 10 0.05419174 
440 256 8 10 0.054165106 
696 231 8 11 0.0540266 
823 256 7 10 0.053670045 
87 289 7 9 0.053648233 
446 257 9 10 0.0535229 
751 397 12 17 0.053440258 
439 244 9 11 0.053397015 
888 301 8 11 0.053321265 
563 482 13 17 0.053269096 
794 560 21 22 0.053161595 
94 377 13 15 0.05313647 
421 385 12 14 0.053069662 
12 382 12 14 0.053065665 
733 394 13 17 0.05301201 
318 430 11 15 0.052996688 
646 309 9 11 0.052419983 
73 357 9 12 0.052388053 
445 239 7 9 0.052369867 
622 311 9 11 0.05227845 
567 259 9 11 0.05227669 
321 279 7 9 0.052219704 
937 246 7 9 0.052136377 
605 398 15 20 0.052123465 
118 308 8 10 0.051932942 
184 337 9 11 0.051928792 
848 223 7 9 0.051925022 
351 335 10 12 0.051804066 
223 311 8 11 0.05171595 
295 332 9 11 0.051713575 
718 272 7 9 0.05165827 
240 284 9 10 0.0515082 
1005 373 16 20 0.051341213 
735 193 8 9 0.051300053 
534 369 11 13 0.05127764 
985 270 10 13 0.051187918 
214 303 9 11 0.051186815 
11 373 10 13 0.051113803 
225 272 7 10 0.051113732 
686 288 9 11 0.050957814 
583 271 8 10 0.050835535 
943 238 7 9 0.050695017 
289 297 8 10 0.05066868 
974 209 8 9 0.050627854 
776 280 9 12 0.050488587 
821 270 8 11 0.050484713 
591 256 7 9 0.050312385 
944 247 6 9 0.05016958 
414 326 9 11 0.050161164 
495 335 8 10 0.050110787 
535 312 9 11 0.04986622 
705 293 9 12 0.049720105 
814 316 9 11 0.04966215 
754 216 7 9 0.04965669 
415 272 9 11 0.049628023 
872 420 24 30 0.049535837 
79 300 9 12 0.04948052 
817 270 8 10 0.049479067 
518 240 8 10 0.049311075 
489 249 8 10 0.049292166 
583 248 7 9 0.04901235 
221 288 8 10 0.048939392 
407 287 8 10 0.048902072 
692 295 9 11 0.048890546 
806 230 7 9 0.04882947 
358 253 7 9 0.048695873 
631 293 8 10 0.04839777 
703 387 12 16 0.048305638 
615 323 10 12 0.048159193 
874 323 9 12 0.048149675 
168 297 8 10 0.04813393 
790 142 9 12 0.048080213 
350 312 8 10 0.048023157 
24 320 9 11 0.04799345 
608 257 8 9 0.047930356 
671 334 9 11 0.047928177 
805 223 7 9 0.047855884 
111 412 13 15 0.047610488 
939 358 10 13 0.047607604 
1000 259 10 12 0.047400933 
751 133 8 11 0.047353137 
523 414 17 20 0.047306247 
870 310 8 11 0.047256265 
307 384 13 18 0.047242954 
821 335 10 12 0.047207404 
358 340 9 12 0.04712615 
737 238 7 10 0.04712543 
760 209 8 9 0.047095936 
705 288 8 10 0.04704704 
713 278 8 10 0.04694993 
680 256 8 10 0.04672821 
592 316 9 11 0.04672535 
938 365 12 14 0.046722088 
894 342 9 12 0.046633247 
408 318 9 12 0.046548497 
758 278 10 11 0.046425384 
341 334 11 13 0.04638192 
462 222 8 9 0.046370402 
363 301 8 11 0.04634566 
402 311 7 10 0.046308186 
776 330 10 13 0.04629361 
791 323 9 12 0.046288986 
556 239 9 11 0.046279892 
849 231 6 9 0.04619344 
952 363 11 14 0.046159714 
975 238 8 9 0.046146512 
489 215 8 10 0.04613091 
413 319 9 11 0.04595157 
394 277 8 11 0.045912366 
417 388 10 12 0.045764238 
425 233 6 8 0.045690015 
358 249 8 9 0.04567197 
534 239 10 11 0.045621112 
221 255 8 10 0.045499966 
740 394 14 18 0.04546852 
243 448 11 13 0.045388516 
474 214 8 10 0.045385454 
816 458 14 17 0.045359664 
728 319 9 12 0.045241278 
456 257 7 9 0.04523147 
967 319 10 13 0.04521649 
679 262 8 10 0.045085907 
416 300 8 10 0.04507575 
871 302 9 10 0.045009464 
890 255 7 9 0.04499092 
9 328 9 11 0.044989858 
126 272 8 9 0.044923764 
465 288 8 11 0.04485657 
726 308 9 11 0.044774976 
815 278 7 10 0.04471285 
213 393 12 14 0.044648923 
736 402 10 15 0.044547945 
368 343 10 12 0.04451398 
197 325 10 11 0.0445064 
782 224 8 9 0.04443439 
1013 197 8 13 0.044414714 
737 159 7 9 0.044329263 
905 265 7 10 0.04428947 
237 302 9 12 0.04411227 
959 247 7 9 0.044040065 
864 304 7 9 0.043806344 
111 408 23 28 0.043761924 
449 308 10 12 0.043727975 
36 398 15 18 0.043568496 
341 378 11 14 0.04351743 
328 398 11 14 0.04350472 
306 494 19 25 0.04349124 
258 280 8 10 0.043431226 
695 224 8 10 0.043429203 
974 223 8 9 0.04329713 
322 318 8 11 0.04328439 
66 319 9 12 0.043240614 
24 366 10 11 0.043195594 
730 278 7 9 0.043157604 
969 342 11 14 0.043125123 
374 382 11 13 0.04307775 
415 398 10 13 0.04306947 
278 294 8 10 0.04302191 
679 360 9 11 0.04297722 
794 285 9 11 0.042969648 
623 263 7 10 0.042964023 
273 264 9 10 0.042928096 
444 320 10 12 0.04291846 
736 120 7 10 0.042904668 
88 352 9 12 0.04264276 
974 231 7 10 0.042546716 
720 317 8 12 0.042526204 
336 304 8 9 0.042509213 
369 371 12 14 0.042479414 
529 280 8 9 0.042355273 
863 232 7 8 0.04231988 
814 344 12 16 0.04228062 
304 450 13 19 0.04222742 
753 295 8 12 0.04214064 
600 297 8 11 0.04208223 
991 265 10 13 0.04202485 
205 418 13 18 0.04201879 
288 352 10 12 0.041959133 
627 347 11 14 0.041919585 
842 215 7 9 0.04187256 
583 311 9 11 0.041854545 
646 346 16 22 0.041818377 
743 184 6 9 0.041816432 
608 269 8 11 0.04176896 
640 357 11 13 0.041758947 
471 278 10 10 0.04168906 
729 184 7 8 0.041617993 
981 368 11 14 0.04157929 
616 311 10 12 0.041458618 
23 520 17 21 0.04130086 
807 351 10 13 0.041295215 
741 402 12 15 0.041290134 
776 223 8 11 0.041166153 
694 277 9 11 0.041050315 
673 166 7 10 0.04104465 
704 403 14 18 0.04102885 
347 400 10 13 0.041003164 
309 348 8 10 0.040992323 
541 419 11 15 0.040988952 
980 294 9 11 0.04098597 
902 348 9 11 0.04092466 
223 355 11 14 0.04084238 
463 359 10 11 0.040841326 
926 301 8 10 0.04083021 
736 125 8 10 0.04080708 
678 286 9 11 0.040791925 
429 376 9 12 0.040637974 
969 254 8 9 0.040617757 
889 498 26 41 0.040608082 
833 199 7 9 0.040592823 
494 255 7 10 0.040571827 
489 260 9 11 0.040553764 
890 489 15 22 0.040547993 
838 380 38 48 0.04046415 
321 262 7 10 0.040390313 
256 262 7 10 0.040381465 
722 221 8 11 0.040371645 
600 255 7 10 0.04033941 
685 541 15 18 0.040313717 
970 224 7 9 0.040286977 
857 340 10 12 0.0402423 
112 296 8 10 0.040201575 
637 229 8 10 0.040164698 
960 238 8 10 0.040120084 
530 332 9 11 0.040077295 
655 294 9 11 0.039936345 
296 408 10 13 0.039916787 
766 215 7 10 0.039899614 
637 225 8 9 0.039856326 
307 286 6 9 0.039708294 
733 320 10 11 0.03966268 
776 215 7 9 0.03964326 
351 272 7 9 0.03963118 
600 246 8 10 0.039559454 
360 287 7 9 0.039513472 
374 301 9 11 0.039471697 
800 216 8 10 0.039415196 
678 293 9 11 0.03936137 
471 257 8 9 0.039342918 
857 290 7 9 0.039074656 
719 285 8 10 0.038937688 
718 183 7 10 0.03893569 
94 359 11 13 0.03883906 
1 319 7 10 0.03876968 
798 351 10 11 0.038747527 
367 278 8 10 0.03870808 
558 461 15 21 0.038688876 
569 359 12 13 0.038641203 
527 302 8 10 0.038596295 
951 248 7 9 0.0385176 
976 394 13 18 0.038453393 
90 326 10 13 0.038441334 
263 320 11 14 0.038427517 
329 249 7 9 0.038233943 
862 216 7 8 0.03819728 
927 254 8 9 0.03816327 
834 268 9 11 0.038162693 
240 249 7 9 0.038148258 
31 401 12 16 0.03811672 
245 279 8 10 0.038110275 
6 319 8 10 0.03809128 
175 324 8 11 0.038044263 
834 505 42 49 0.03799087 
744 327 9 11 0.037930865 
328 278 8 10 0.03785005 
394 323 17 21 0.03780411 
988 266 18 22 0.037761517 
830 147 9 11 0.037756164 
361 278 7 9 0.037755575 
935 254 8 10 0.037717048 
542 229 8 10 0.03769877 
946 500 20 24 0.037655722 
424 273 8 10 0.03762558 
895 262 8 10 0.037549216 
734 279 7 10 0.03753739 
119 279 7 9 0.03752842 
769 231 8 11 0.03744148 
758 285 10 11 0.03742061 
992 229 8 10 0.037391815 
208 394 11 14 0.037384365 
1015 240 8 12 0.037355907 
736 257 8 11 0.037232917 
960 287 9 11 0.03719984 
666 168 8 9 0.03716278 
813 356 11 14 0.037139684 
440 268 8 10 0.03713893 
314 396 11 16 0.036899507 
1000 207 8 10 0.036898285 
391 393 12 15 0.036865834 
678 208 8 10 0.036860585 
311 428 11 15 0.036727615 
322 225 6 8 0.036717843 
82 399 12 15 0.036711905 
548 342 11 14 0.036704984 
895 287 7 10 0.036632583 
689 246 9 11 0.036605082 
211 261 7 10 0.03660129 
93 320 10 12 0.036544904 
959 231 7 10 0.03651224 
41 335 9 11 0.036419418 
399 263 7 10 0.036410913 
534 270 8 10 0.036375895 
407 381 9 13 0.036257353 
394 362 11 13 0.036231626 
792 272 9 12 0.03613559 
584 295 8 10 0.036128804 
857 312 9 12 0.036119953 
176 271 8 9 0.036105964 
119 384 10 12 0.03602622 
928 208 7 9 0.035904977 
732 342 11 13 0.035882875 
575 301 9 11 0.035847425 
921 300 8 10 0.035827536 
781 373 10 11 0.035813127 
111 319 10 12 0.03577951 
859 467 19 21 0.03574415 
848 216 7 9 0.03574249 
790 149 8 12 0.035702564 
272 304 8 10 0.035611637 
176 277 7 10 0.035594437 
1006 238 9 11 0.035494696 
531 318 8 11 0.035397083 
414 403 12 15 0.035379957 
858 369 13 16 0.03534364 
85 298 11 12 0.03532058 
254 326 10 13 0.035273407 
1008 276 10 13 0.035206147 
736 245 7 10 0.0351644 
837 279 8 11 0.035142265 
320 296 7 10 0.035121255 
744 205 7 9 0.03508502 
348 373 10 13 0.035082806 
274 232 6 9 0.035007197 
919 364 9 12 0.034927737 
944 254 7 9 0.03485421 
695 244 10 12 0.034841098 
417 365 10 12 0.03476173 
542 293 10 12 0.034741677 
941 331 10 13 0.034711715 
151 310 8 11 0.034638003 
329 334 9 12 0.034636408 
781 255 9 11 0.03460635 
404 388 9 12 0.034549188 
45 310 8 10 0.034515593 
744 333 9 11 0.034499485 
655 318 9 11 0.034428954 
503 308 8 9 0.03442533 
122 429 16 20 0.03439566 
840 247 7 9 0.034391705 
473 312 8 11 0.03437002 
781 334 9 12 0.03435637 
41 326 9 11 0.034245733 
920 225 7 9 0.034207072 
24 343 9 12 0.03419896 
441 289 8 11 0.034167316 
623 287 8 10 0.03415629 
844 342 9 11 0.03411486 
118 319 8 11 0.034110308 
937 240 8 9 0.034020152 
432 246 9 11 0.033955086 
769 319 9 13 0.033909958 
253 382 12 14 0.033876263 
743 216 8 9 0.033872504 
853 351 11 14 0.033851456 
912 365 10 11 0.03385069 
0 363 10 15 0.033838764 
317 420 11 14 0.033827167 
949 300 9 12 0.033777833 
765 294 11 14 0.03375647 
433 318 8 11 0.03365516 
18 418 13 15 0.03364326 
1008 247 9 11 0.033610437 
903 295 8 11 0.03359757 
754 301 8 11 0.03356243 
33 304 8 10 0.033548605 
406 325 10 13 0.033500925 
887 262 8 11 0.033498686 
664 269 8 10 0.033480845 
793 223 6 9 0.03347515 
856 300 8 9 0.03340507 
677 363 10 14 0.033335075 
687 263 9 9 0.03325353 
993 292 10 11 0.033211004 
671 317 10 11 0.033190556 
499 295 8 12 0.0331853 
89 371 13 15 0.033137508 
318 302 8 10 0.03310971 
534 278 8 10 0.03310625 
693 189 9 12 0.032973643 
469 287 9 11 0.03293348 
110 418 16 21 0.032905996 
231 277 7 10 0.032889 
694 271 8 9 0.03286674 
358 421 14 18 0.03281664 
454 287 8 10 0.032788333 
776 367 9 11 0.032724097 
767 223 7 8 0.032677777 
774 159 8 10 0.032637812 
0 478 12 18 0.032611165 
398 343 11 13 0.032365263 
505 246 7 10 0.03234697 
870 146 10 14 0.03232294 
319 351 10 11 0.032116905 
944 263 8 10 0.0319764 
439 311 8 11 0.03197569 
526 405 11 13 0.03186584 
576 311 10 11 0.03186361 
290 278 9 11 0.031826183 
62 309 8 10 0.031736817 
90 371 21 25 0.031733945 
666 173 8 10 0.031724196 
742 239 9 9 0.031721342 
263 382 10 14 0.03172034 
457 295 9 10 0.031699676 
478 271 9 11 0.03166007 
491 397 14 19 0.031653784 
726 435 16 18 0.03163078 
445 341 9 12 0.03161391 
239 295 9 10 0.031586956 
1009 196 9 12 0.031571902 
301 428 14 18 0.03155924 
113 280 7 9 0.031535544 
273 295 8 10 0.031516593 
144 347 11 14 0.031476445 
62 288 7 9 0.031458005 
719 255 9 10 0.031451248 
838 286 7 9 0.031421173 
654 300 10 12 0.03141225 
806 216 7 9 0.031401064 
912 333 9 12 0.03139796 
293 351 10 11 0.0313764 
662 335 10 12 0.031351585 
688 269 9 10 0.031322315 
463 257 8 10 0.031304948 
530 270 8 10 0.031279963 
378 273 7 9 0.031267546 
349 387 11 13 0.031242983 
923 247 7 9 0.031205857 
913 294 7 10 0.031189121 
289 309 8 11 0.031162418 
127 327 10 11 0.031155268 
471 328 9 10 0.031152362 
207 254 8 11 0.031092439 
725 396 14 18 0.031071465 
455 414 12 14 0.031066587 
938 232 7 8 0.03098734 
560 272 9 12 0.030977432 
832 232 8 10 0.030945174 
294 279 8 10 0.03093091 
679 326 10 13 0.030834902 
344 261 8 9 0.030830782 
1016 224 7 10 0.030821538 
398 246 7 9 0.030810473 
328 341 10 12 0.030809745 
57 295 8 10 0.030774767 
937 300 9 10 0.03074859 
343 318 9 11 0.030705234 
679 280 8 10 0.030664638 
440 402 12 14 0.030631423 
545 285 10 12 0.030599536 
679 374 10 14 0.030595442 
650 248 7 10 0.030584482 
576 279 9 11 0.030571442 
959 291 9 12 0.030570887 
656 311 9 12 0.030542407 
600 262 7 9 0.030534016 
975 370 12 15 0.030528547 
538 231 7 9 0.030499827 
328 325 8 10 0.030485535 
486 349 9 12 0.030437857 
449 302 8 11 0.030427225 
707 476 16 19 0.030390184 
209 377 14 16 0.030353893 
205 248 8 10 0.030306393 
334 343 12 15 0.030297931 
464 232 7 9 0.030266972 
584 256 8 9 0.030241594 
776 349 8 11 0.030210117 
367 317 9 11 0.030202191 
25 358 10 12 0.030195534 
905 235 8 11 0.03019109 
829 294 8 10 0.03018321 
409 510 34 33 0.030134117 
517 245 10 12 0.030126479 
108 424 23 28 0.030089786 
175 264 7 9 0.030082509 
797 115 8 11 0.030061662 
46 340 10 13 0.030005638 
768 150 7 10 0.0299241 
383 431 11 14 0.029895913 
631 288 8 11 0.029892126 
111 324 9 12 0.029889923 
528 208 7 8 0.029870452 
450 277 9 10 0.029847505 
615 257 7 9 0.029766835 
199 320 8 11 0.029765382 
96 394 12 14 0.029748738 
688 159 8 9 0.029711736 
887 270 8 10 0.029707626 
603 366 11 13 0.029690258 
716 354 12 14 0.029682161 
502 365 11 13 0.029674787 
19 511 15 20 0.029671445 
982 263 9 12 0.029663214 
81 342 8 10 0.029627144 
774 128 8 10 0.029610885 
319 547 11 13 0.029511526 
722 207 8 10 0.029481541 
702 247 8 10 0.029474322 
46 303 8 10 0.02943303 
187 565 12 15 0.029430633 
687 253 8 10 0.029413424 
225 277 8 10 0.029412048 
1001 248 8 10 0.029410096 
805 296 7 9 0.029380662 
337 491 10 12 0.029352214 
167 279 8 10 0.029347217 
254 310 10 13 0.029244903 
346 485 13 16 0.029196829 
767 167 8 9 0.029177442 
878 506 40 53 0.029171515 
632 270 7 8 0.029165996 
328 312 8 10 0.029151358 
365 401 19 23 0.029115718 
381 325 9 12 0.029098583 
504 239 7 9 0.02908453 
135 324 10 13 0.02907343 
569 233 8 10 0.029038163 
782 367 10 13 0.028960777 
478 262 8 10 0.028927993 
115 390 21 26 0.02890342 
157 300 9 11 0.028855827 
694 177 9 11 0.0287382 
911 342 8 10 0.028737606 
118 286 8 10 0.028730245 
759 373 11 14 0.028722372 
710 366 10 12 0.028689984 
44 396 12 16 0.028679268 
127 277 7 9 0.028624838 
392 383 12 16 0.028598666 
807 327 8 11 0.028568327 
295 382 11 14 0.028539378 
237 307 10 13 0.02850209 
367 327 8 11 0.028455753 
1 325 8 12 0.028419346 
96 301 9 9 0.028396102 
985 224 7 9 0.028378297 
349 380 10 14 0.028368529 
897 348 9 12 0.028182749 
959 224 7 9 0.028170163 
974 253 8 10 0.028085647 
432 261 7 10 0.028070627 
861 294 7 10 0.028066644 
116 402 15 20 0.027996996 
251 557 14 17 0.027991112 
393 350 11 14 0.027984813 
277 280 9 11 0.027956588 
115 361 12 16 0.027954333 
760 229 8 11 0.027866026 
419 424 14 17 0.02779925 
391 272 8 11 0.027763937 
547 420 11 16 0.02771596 
730 176 7 9 0.02771118 
989 350 10 13 0.027698368 
882 364 10 13 0.027695846 
529 342 10 13 0.027682472 
479 399 22 27 0.027675737 
944 224 7 9 0.027672078 
795 295 7 10 0.027633313 
512 252 8 10 0.027631497 
442 374 10 12 0.027626716 
232 264 7 9 0.027599175 
606 339 10 12 0.027591858 
320 365 10 13 0.02758178 
990 301 10 12 0.027580678 
221 394 11 14 0.027576176 
772 424 15 19 0.027518056 
598 311 9 11 0.027412087 
512 247 9 10 0.02739694 
753 321 10 12 0.027338494 
620 415 11 16 0.027289612 
753 128 8 11 0.027285859 
38 319 9 11 0.027253244 
184 272 7 9 0.027202915 
855 459 14 17 0.027164556 
296 342 8 11 0.027162176 
743 221 8 10 0.027127976 
773 152 8 10 0.027113054 
711 167 7 8 0.027110709 
664 255 7 10 0.027041633 
172 341 11 15 0.026980732 
8 422 21 25 0.026937142 
748 377 12 16 0.026784612 
757 380 12 14 0.026752543 
882 331 18 22 0.026733492 
729 199 9 10 0.026712278 
645 370 11 14 0.026708879 
952 470 19 24 0.026706785 
733 301 8 10 0.026694065 
495 384 14 18 0.026688885 
814 125 8 11 0.026664473 
289 271 8 9 0.026631504 
432 324 10 12 0.02648946 
111 333 8 11 0.026467668 
558 312 8 12 0.026465904 
495 325 9 11 0.026431613 
192 264 7 9 0.026407711 
99 327 11 14 0.026406504 
402 348 12 14 0.026393577 
735 167 7 9 0.026377399 
334 255 7 9 0.02637652 
349 302 9 11 0.02637183 
327 301 7 10 0.02633807 
842 223 8 9 0.026282659 
260 543 14 19 0.026269494 
545 278 8 10 0.026258994 
319 286 7 10 0.026248915 
656 242 8 9 0.02621017 
582 317 8 11 0.02619736 
327 261 8 9 0.026180796 
919 264 7 9 0.02616756 
984 229 8 10 0.02615184 
1008 269 10 13 0.026143622 
248 261 8 10 0.026133208 
490 221 8 9 0.02609617 
936 351 10 11 0.026085667 
974 248 9 10 0.02606434 
800 208 7 8 0.026063975 
287 342 9 10 0.026046403 
463 217 7 9 0.026043298 
430 359 10 12 0.026035802 
898 280 6 8 0.025990035 
713 264 7 10 0.025975911 
542 402 14 16 0.025923356 
748 390 12 15 0.025917185 
514 215 6 9 0.025883099 
670 311 9 12 0.025871284 
475 440 20 25 0.025848309 
709 373 11 14 0.02582433 
793 347 9 12 0.025805065 
52 448 14 20 0.025804514 
760 175 8 10 0.025787223 
147 524 15 17 0.025770027 
367 333 9 11 0.025673745 
102 357 10 13 0.025662784 
370 363 13 16 0.025654456 
289 263 7 9 0.025653707 
1000 214 8 11 0.025647327 
662 263 8 9 0.025590254 
776 269 9 12 0.025566036 
133 410 15 20 0.0255466 
672 263 7 9 0.025520373 
693 386 14 18 0.02545002 
464 245 8 10 0.025391577 
142 322 11 14 0.025338253 
824 321 9 10 0.025312593 
649 269 8 10 0.025311446 
351 277 8 9 0.025298264 
474 389 14 16 0.025296405 
727 246 8 11 0.02528187 
575 255 8 10 0.02526363 
991 215 8 9 0.025250347 
463 310 9 12 0.02516141 
600 395 13 17 0.025150942 
695 118 9 11 0.025121946 
277 264 8 9 0.025104046 
184 277 8 11 0.025098428 
821 447 14 17 0.025080996 
366 387 12 15 0.025075713 
413 247 9 10 0.025061417 
92 426 15 19 0.02505159 
190 335 11 13 0.025048662 
415 331 17 22 0.0249895 
718 332 9 11 0.024989491 
513 240 8 9 0.02497934 
672 222 7 9 0.0249756 
846 301 8 11 0.024937836 
24 311 8 9 0.024928307 
845 310 8 11 0.024916157 
257 359 10 12 0.024894403 
672 327 10 12 0.02487083 
198 278 8 11 0.024851311 
913 326 8 11 0.02478617 
975 264 10 12 0.024775201 
912 256 7 9 0.024756221 
101 427 12 17 0.024660904 
825 320 19 22 0.024652988 
552 244 12 14 0.024613163 
39 271 7 9 0.024595864 
773 303 9 11 0.02458747 
847 349 9 12 0.024583085 
1 514 13 19 0.02458306 
2 372 9 14 0.024574725 
741 341 10 12 0.024530629 
671 248 8 9 0.024498018 
969 309 9 11 0.024495656 
757 199 7 8 0.02443659 
752 182 7 9 0.024419455 
13 408 20 23 0.024379892 
175 296 8 11 0.024343645 
895 295 8 9 0.024310347 
244 548 17 18 0.0243014 
139 529 14 16 0.024283055 
701 239 8 10 0.024278175 
278 232 8 9 0.024272397 
244 532 16 18 0.024271382 
63 434 11 16 0.024202816 
469 411 13 18 0.024199164 
502 334 9 11 0.024195293 
336 428 10 15 0.024179136 
185 285 8 11 0.024107555 
589 287 10 10 0.02410576 
318 414 10 14 0.024079705 
806 386 13 16 0.024071092 
671 214 7 9 0.024069859 
790 364 11 15 0.024051744 
773 433 13 18 0.024051271 
732 465 40 45 0.02403215 
409 240 8 10 0.024015183 
696 252 9 11 0.023987722 
494 248 7 9 0.023980906 
390 526 20 26 0.023980321 
771 319 19 24 0.023947073 
613 389 10 14 0.023941223 
675 410 14 17 0.023907334 
899 229 8 11 0.023873668 
662 295 8 10 0.023843417 
552 465 12 18 0.02383029 
256 315 11 14 0.023812894 
688 307 11 13 0.02380483 
1010 313 11 15 0.023804508 
713 332 9 11 0.023795974 
239 459 11 14 0.023786439 
31 362 11 13 0.023755657 
958 323 12 15 0.023738842 
203 355 13 16 0.023709161 
730 229 7 10 0.02369405 
805 451 11 14 0.023692373 
181 305 19 23 0.023687283 
968 302 10 12 0.023685943 
74 310 8 10 0.023641514 
663 247 8 10 0.023602888 
688 360 10 13 0.023570789 
684 426 17 22 0.023568522 
390 309 10 12 0.023567135 
728 391 12 14 0.023564545 
758 438 12 16 0.023556678 
622 280 7 10 0.02354221 
463 330 19 24 0.023535825 
289 254 7 10 0.023528779 
711 223 8 10 0.023514424 
7 377 14 17 0.023482649 
444 389 11 14 0.02346299 
396 393 11 14 0.023431689 
785 307 9 12 0.023416275 
719 176 8 10 0.023416217 
528 379 11 14 0.023415757 
273 237 7 9 0.023413505 
383 247 7 8 0.023402557 
655 287 7 10 0.023400102 
302 375 10 12 0.0233942 
777 208 7 8 0.023393862 
398 320 10 12 0.023365293 
693 264 8 9 0.023356779 
968 279 8 9 0.023356525 
608 223 8 9 0.02333781 
753 251 9 12 0.023337211 
737 134 8 10 0.023335379 
245 327 11 13 0.023275796 
998 346 13 16 0.023262544 
984 254 9 11 0.023260629 
756 349 10 13 0.02323983 
752 414 20 25 0.023223042 
38 418 15 17 0.023174327 
321 230 7 8 0.023158317 
690 238 9 11 0.023149518 
672 226 18 23 0.023088409 
810 342 9 12 0.023086935 
849 237 7 9 0.023062272 
272 268 9 10 0.023049442 
745 135 8 10 0.02304789 
293 313 18 23 0.023034507 
991 247 8 10 0.023022093 
735 286 8 9 0.023017874 
158 540 12 14 0.023001727 
759 191 7 9 0.022974396 
648 320 10 11 0.022974351 
0 508 23 33 0.0229538 
921 238 7 9 0.022941975 
934 261 8 10 0.022918003 
160 266 7 8 0.022908954 
540 321 11 14 0.022882525 
791 158 7 9 0.022880444 
735 335 9 11 0.02287607 
782 348 9 11 0.0228066 
387 434 12 14 0.022796996 
896 224 8 10 0.022793468 
151 346 11 16 0.022777451 
509 296 9 11 0.022776475 
343 388 11 14 0.02272952 
143 548 12 15 0.0227119 
705 483 22 28 0.022689376 
251 543 15 20 0.022681369 
657 207 8 10 0.022669585 
510 365 9 12 0.022657048 
663 223 8 10 0.022652393 
689 231 8 10 0.022645405 
673 389 10 13 0.022629343 
656 255 8 10 0.022614146 
485 317 9 11 0.022608345 
630 357 10 12 0.022592138 
721 310 9 12 0.022580247 
855 237 8 9 0.022522561 
205 296 8 9 0.022516038 
775 164 8 11 0.022512443 
922 254 7 10 0.022502944 
781 230 8 9 0.022487672 
72 314 18 23 0.022394018 
873 289 7 10 0.022384824 
304 295 7 9 0.022375153 
335 263 7 9 0.02234432 
552 322 10 13 0.022339707 
751 321 17 23 0.02231364 
669 555 12 15 0.02230494 
401 255 7 9 0.022295067 
804 446 11 13 0.02228816 
761 167 8 9 0.022261662 
926 296 8 10 0.022235814 
350 367 10 13 0.022231039 
264 255 7 10 0.022204677 
574 232 8 10 0.022193976 
622 352 11 15 0.02217803 
170 255 7 9 0.022175096 
753 151 7 9 0.022169255 
766 145 8 9 0.022121875 
88 247 7 8 0.02211048 
657 554 11 14 0.022101361 
462 279 8 10 0.022083325 
37 522 12 16 0.02207191 
319 379 12 14 0.022062562 
455 319 10 12 0.02204801 
190 295 9 10 0.022027062 
230 396 12 14 0.021988643 
968 343 18 22 0.021975989 
542 345 17 22 0.021951878 
871 505 30 38 0.021919858 
507 223 8 11 0.021911385 
881 264 8 10 0.021911355 
790 136 9 11 0.021885736 
670 174 8 9 0.021884749 
879 294 8 10 0.021871906 
793 335 8 11 0.021865807 
103 287 8 11 0.02186325 
111 395 12 16 0.021840025 
425 456 22 24 0.021831186 
245 300 11 13 0.021830682 
655 371 10 13 0.021810684 
857 232 7 9 0.02180492 
699 552 14 19 0.021791814 
340 427 11 15 0.021745797 
44 443 16 21 0.021741128 
838 393 15 22 0.021739732 
96 247 7 9 0.021717167 
405 502 28 32 0.021702582 
354 254 7 10 0.021702249 
949 350 9 11 0.021694921 
494 217 7 9 0.021660617 
703 253 8 10 0.021659354 
529 311 8 11 0.021659218 
797 320 9 10 0.02164802 
809 272 8 10 0.02162609 
676 142 9 11 0.021623693 
601 476 12 15 0.02162035 
171 451 16 19 0.021612328 
123 383 11 14 0.021604514 
221 316 9 11 0.021582207 
742 191 7 9 0.021579824 
544 271 8 11 0.021557061 
172 578 11 14 0.021554952 
6 412 13 17 0.02154955 
1012 333 10 13 0.021537587 
170 348 12 15 0.021532867 
799 335 8 10 0.02150023 
164 337 18 25 0.021492753 
670 270 8 10 0.02149214 
271 379 17 22 0.021486148 
240 272 8 10 0.02144994 
77 364 10 12 0.021447329 
708 495 16 21 0.021446891 
751 143 7 9 0.02144464 
344 279 8 9 0.021434773 
930 355 17 22 0.02141223 
887 347 10 13 0.021407392 
679 332 11 13 0.021366121 
294 286 8 9 0.021351514 
807 156 8 11 0.021350488 
741 255 10 12 0.021343844 
463 317 8 11 0.021328146 
974 317 9 12 0.021321781 
856 222 7 8 0.021320252 
281 341 10 12 0.021297175 
257 270 7 9 0.021276077 
1003 343 15 18 0.021268494 
439 278 8 10 0.021266231 
606 390 12 15 0.021258 
717 135 8 10 0.021257399 
534 415 19 25 0.021232571 
911 360 10 11 0.021221178 
584 439 10 14 0.021212887 
72 288 8 10 0.0212086 
111 240 7 9 0.021203656 
425 244 7 10 0.021103736 
719 245 9 11 0.0211004 
601 286 8 11 0.021078559 
862 325 9 10 0.02106857 
459 417 13 16 0.021054462 
330 399 17 23 0.021041993 
177 201 8 10 0.021039674 
127 565 9 13 0.021021137 
968 237 8 10 0.021008512 
152 280 8 9 0.021002306 
921 269 19 25 0.0210004 
728 159 7 10 0.020969478 
140 330 18 23 0.020963516 
543 468 11 15 0.020925568 
407 302 9 11 0.020923214 
54 365 10 11 0.020912701 
734 233 8 9 0.020898884 
1015 228 9 11 0.020869404 
113 255 7 9 0.02082592 
303 272 8 9 0.020816792 
246 272 9 10 0.020803798 
255 256 7 9 0.020794827 
734 205 7 9 0.020791866 
810 127 9 10 0.020781375 
304 263 7 9 0.020778483 
423 315 9 12 0.020777531 
246 309 11 14 0.020772288 
670 255 8 10 0.020737259 
36 352 12 15 0.02072786 
181 518 11 16 0.020721346 
679 212 8 11 0.020702796 
712 349 12 15 0.020699974 
857 519 54 62 0.02069803 
840 208 8 10 0.020686455 
792 357 11 13 0.02068341 
153 247 7 9 0.02065897 
502 314 18 23 0.02065505 
514 208 6 9 0.020642815 
831 236 8 10 0.02064 
592 232 7 9 0.020639405 
423 327 8 11 0.020615488 
777 176 7 9 0.020613724 
98 420 23 30 0.020598866 
405 511 15 19 0.020578125 
767 208 7 9 0.020544756 
257 300 9 12 0.02052473 
204 297 18 24 0.020483866 
55 256 7 8 0.020477924 
720 158 8 10 0.020464048 
959 264 8 9 0.020458259 
473 223 7 8 0.020434022 
68 350 12 14 0.020421706 
510 358 9 11 0.020420894 
151 270 8 10 0.020417921 
590 365 10 13 0.02041742 
87 340 8 11 0.020402286 
743 159 6 9 0.02037191 
95 288 8 10 0.020365145 
696 152 7 8 0.020359725 
831 256 7 8 0.020318452 
72 363 9 12 0.020296464 
897 323 9 11 0.020291662 
766 261 8 11 0.020288726 
646 322 18 22 0.02028407 
826 476 25 30 0.020283544 
556 317 9 12 0.020281913 
892 336 9 11 0.020277863 
1001 238 9 10 0.020258695 
506 375 13 16 0.020254727 
705 189 9 11 0.020253146 
705 270 8 10 0.020252656 
639 279 8 10 0.020245967 
57 288 9 10 0.020235661 
611 456 22 26 0.02022062 
33 272 8 9 0.020219605 
775 358 9 11 0.020208886 
577 271 8 11 0.020199342 
642 349 10 14 0.020194435 
769 158 7 10 0.020187574 
743 303 8 10 0.020184362 
181 201 7 9 0.020165877 
677 118 9 11 0.020145662 
53 396 11 14 0.020140842 
990 192 8 10 0.020131119 
645 479 16 19 0.020126434 
198 272 7 9 0.020109901 
321 247 6 9 0.0200798 
457 358 9 12 0.02007732 
93 352 10 12 0.020075897 
86 313 9 10 0.020063015 
928 240 6 8 0.02005267 
397 239 8 10 0.02004783 
951 253 7 9 0.020045338 
752 240 7 9 0.020019794 
775 248 9 11 0.02001635 
392 263 7 9 0.020015901 
325 418 11 15 0.020001763 
