2_Demonstration_Demonstration_Or_Protest_2_914
282
258 29 41 53 0.9913755 
606 302 13 18 0.9756825 
49 336 16 20 0.96892434 
376 317 13 18 0.96849245 
833 352 15 20 0.9560412 
637 315 10 14 0.95181185 
165 53 22 36 0.9240106 
907 346 21 28 0.9056871 
720 363 11 14 0.7911602 
186 342 10 14 0.7582417 
901 107 14 18 0.7227128 
779 358 13 16 0.6744208 
103 363 11 14 0.55179733 
855 121 12 20 0.5019535 
388 302 9 12 0.46939263 
165 335 13 16 0.45451084 
77 72 22 26 0.4436463 
513 329 10 13 0.4363611 
233 61 23 28 0.39337823 
250 343 9 10 0.38607696 
409 103 16 18 0.36170462 
293 313 12 16 0.32757562 
313 340 11 14 0.32464975 
392 151 12 15 0.296454 
99 29 12 14 0.26458693 
44 52 13 17 0.2609728 
508 314 10 12 0.25146016 
546 319 9 12 0.23388578 
596 133 11 13 0.21892689 
86 56 13 16 0.2058295 
574 316 11 12 0.18631846 
290 333 14 17 0.17416376 
119 340 12 17 0.15240307 
631 424 18 22 0.14480731 
759 389 10 13 0.14386903 
254 319 14 18 0.1351699 
465 312 9 10 0.13215716 
549 335 10 10 0.12644522 
302 316 13 16 0.11854236 
544 324 11 14 0.109129325 
479 340 9 11 0.10723789 
374 128 11 14 0.10663339 
488 315 9 13 0.105051376 
545 333 9 11 0.10164211 
290 311 9 13 0.09697963 
138 98 13 15 0.0961866 
575 324 13 16 0.093495294 
470 139 9 11 0.091036305 
419 109 14 17 0.08955019 
321 322 11 14 0.08933055 
304 303 10 12 0.08914127 
125 77 8 12 0.08858802 
851 107 26 33 0.085993 
500 177 13 16 0.08561109 
895 348 24 30 0.08261639 
504 132 8 9 0.0812109 
763 380 12 16 0.079222634 
784 275 12 14 0.07823868 
487 137 8 10 0.07642515 
165 327 13 16 0.07478845 
315 334 13 17 0.07073444 
285 160 26 31 0.06857931 
234 334 9 12 0.06741528 
781 128 8 10 0.06628599 
205 73 20 31 0.0631714 
576 134 10 13 0.062066637 
278 341 8 12 0.061094493 
231 66 15 19 0.059850045 
815 367 11 13 0.05887729 
958 394 16 21 0.058309097 
231 350 8 10 0.05794627 
735 151 8 9 0.056020457 
557 327 12 14 0.054694526 
81 268 9 11 0.054403752 
502 352 10 11 0.05335584 
519 294 9 12 0.053177003 
433 335 9 11 0.05289052 
476 111 10 12 0.052336235 
419 119 15 18 0.052079193 
123 335 11 15 0.051784594 
480 139 9 11 0.05169355 
845 150 9 13 0.051496983 
140 317 11 14 0.051321913 
171 65 26 34 0.050260816 
38 47 13 15 0.050059285 
381 126 10 13 0.04876743 
241 269 10 11 0.048135087 
308 303 11 14 0.04735748 
247 346 11 13 0.04693219 
248 324 12 15 0.04681282 
418 324 8 11 0.045945346 
729 120 8 10 0.045146104 
792 391 8 10 0.04464889 
368 163 13 18 0.044527534 
438 341 8 10 0.043993656 
530 157 9 12 0.043771904 
471 99 11 13 0.04327286 
592 127 10 12 0.043046676 
213 343 9 11 0.042753287 
101 53 12 18 0.042129487 
246 285 9 12 0.042096525 
495 295 9 11 0.04206004 
39 40 9 12 0.040869385 
425 350 10 13 0.040374443 
429 180 15 17 0.038756955 
48 31 9 12 0.038508493 
235 299 12 15 0.03842912 
776 277 9 11 0.03830778 
839 155 13 18 0.038066443 
644 324 12 14 0.037863836 
405 142 10 12 0.03784251 
229 99 14 18 0.037488148 
645 332 11 13 0.03727437 
404 341 10 13 0.03649997 
400 105 13 17 0.03623488 
397 426 25 29 0.03611256 
171 339 12 15 0.03596916 
890 329 43 53 0.03569994 
56 339 14 17 0.035666347 
495 135 8 9 0.0354505 
806 112 10 11 0.035312876 
594 137 9 13 0.03516173 
183 337 17 22 0.035006475 
752 387 13 17 0.03497706 
422 325 9 11 0.03481337 
182 132 28 33 0.034630843 
579 309 11 16 0.034540553 
579 317 12 14 0.034213074 
825 165 16 21 0.034039054 
244 267 12 14 0.033824246 
501 292 10 13 0.03376397 
493 311 10 14 0.033401 
734 125 8 11 0.033247925 
819 373 12 14 0.03322148 
370 122 20 26 0.033128235 
568 324 11 14 0.03303045 
189 73 25 30 0.032689452 
470 334 12 13 0.03246988 
371 169 13 17 0.032420833 
99 45 11 15 0.03239946 
798 314 11 13 0.03222862 
537 327 9 12 0.03206122 
471 150 10 12 0.031972345 
239 279 10 12 0.031908166 
639 336 11 13 0.031727962 
136 87 10 14 0.03167017 
135 322 15 17 0.03160846 
524 300 11 15 0.031455986 
392 144 11 13 0.03136543 
447 320 9 11 0.03125868 
816 146 9 13 0.030979179 
306 318 14 18 0.030968403 
33 287 7 10 0.030836547 
446 139 9 12 0.030740874 
603 132 11 14 0.030730477 
638 345 14 16 0.030461255 
750 380 13 16 0.030407563 
871 69 117 154 0.030107988 
843 191 15 19 0.029989399 
220 286 9 11 0.029924514 
778 127 8 10 0.029816872 
93 23 19 24 0.029811533 
569 316 12 14 0.029551636 
390 323 11 14 0.02945309 
380 310 11 16 0.029445989 
247 358 11 14 0.029338509 
832 151 8 11 0.0293227 
487 126 8 11 0.02911683 
71 291 9 11 0.029099297 
513 293 10 12 0.029090205 
556 275 13 16 0.028837528 
86 268 10 12 0.028776547 
765 374 12 16 0.028753944 
855 299 12 15 0.028582297 
252 333 13 16 0.028544145 
387 92 12 13 0.028525434 
125 84 10 13 0.028446756 
775 270 10 13 0.028399749 
144 310 11 13 0.028381925 
830 155 25 34 0.028381914 
241 284 9 13 0.028189696 
912 148 9 11 0.027904585 
304 372 10 12 0.027864749 
216 270 9 12 0.027777996 
798 396 10 11 0.027736332 
141 87 11 14 0.027667206 
899 333 12 15 0.027623845 
837 370 12 14 0.027481908 
619 342 12 14 0.027208228 
759 119 7 9 0.027167274 
560 415 31 44 0.027125627 
221 271 10 12 0.027063843 
638 397 8 10 0.027051225 
432 340 9 11 0.026994934 
788 362 11 14 0.026879001 
358 358 8 11 0.026851108 
297 304 9 11 0.026641376 
733 163 11 13 0.026457803 
239 342 8 10 0.02628297 
399 366 10 13 0.026200723 
234 342 7 10 0.026191618 
614 119 13 15 0.025988191 
496 127 9 11 0.02592834 
545 313 9 13 0.025916027 
511 301 12 14 0.025906395 
431 326 10 12 0.0258938 
491 417 12 15 0.025892422 
454 324 10 13 0.025874652 
591 120 9 11 0.025645424 
884 342 11 14 0.02564419 
167 319 12 14 0.025592253 
206 270 10 11 0.025574505 
316 320 19 25 0.025538476 
931 317 12 13 0.025403732 
471 126 8 12 0.02525254 
583 127 10 11 0.025017379 
845 306 10 14 0.0249948 
91 81 12 16 0.024939718 
439 334 8 12 0.024881333 
315 344 13 15 0.024785833 
281 144 40 44 0.024643281 
188 336 10 14 0.02444786 
178 269 9 11 0.024419932 
398 144 10 12 0.024405185 
247 335 12 14 0.024322845 
121 70 10 14 0.024321828 
486 174 9 12 0.024315784 
891 89 29 34 0.02431332 
358 151 8 12 0.02417255 
895 350 15 19 0.024130352 
167 103 39 48 0.024115365 
246 335 19 24 0.0240739 
272 286 9 13 0.024028951 
792 396 9 12 0.023958733 
462 351 11 13 0.023807742 
518 315 10 13 0.023792794 
788 284 11 13 0.023717664 
248 365 12 15 0.023561439 
482 316 10 13 0.023445839 
117 337 21 26 0.023416009 
490 294 9 13 0.023159992 
495 142 8 10 0.023131646 
861 212 13 17 0.02310324 
389 125 10 13 0.022995071 
374 138 10 13 0.02298675 
547 338 12 13 0.022726985 
260 92 17 23 0.02272139 
317 308 10 13 0.022634558 
356 309 11 13 0.022609519 
426 110 11 15 0.022540666 
94 270 9 11 0.022501778 
616 131 12 15 0.022463588 
500 301 13 15 0.022425434 
189 285 10 13 0.02226528 
185 390 8 11 0.022230538 
439 326 10 12 0.022189002 
559 144 8 10 0.022117283 
629 111 13 15 0.022061687 
199 270 11 12 0.022014745 
830 158 12 15 0.021902926 
502 310 19 23 0.021798603 
397 323 11 13 0.021795155 
225 93 25 31 0.021771256 
735 374 10 14 0.021675458 
225 351 9 10 0.021570513 
621 317 11 14 0.021564055 
544 326 21 25 0.021541232 
790 291 11 12 0.02153882 
509 128 8 10 0.021135198 
462 165 9 12 0.021099668 
397 74 11 14 0.020838097 
952 398 22 29 0.020803226 
936 342 11 15 0.020652035 
139 337 14 17 0.020601444 
524 294 10 14 0.020466842 
509 323 17 22 0.020453224 
237 327 10 12 0.02042258 
769 363 11 15 0.020363186 
384 295 17 23 0.020286467 
744 142 10 11 0.02015109 
288 346 12 15 0.020071374 
383 86 13 15 0.020028211 
