2_Demonstration_Demonstrators_2_546
156
943 168 26 37 0.9950104 
802 202 27 33 0.9500018 
986 154 13 18 0.49973518 
148 187 16 20 0.48103848 
888 152 16 19 0.45196936 
320 202 27 35 0.44877946 
200 198 13 15 0.4340939 
357 134 14 18 0.41474313 
218 157 26 30 0.40142626 
302 228 12 15 0.3924312 
479 170 14 20 0.38031504 
326 134 10 12 0.27167004 
678 127 19 26 0.24866875 
1000 181 11 14 0.24142453 
174 210 13 19 0.23454098 
243 136 24 29 0.20598684 
948 149 10 15 0.18679897 
154 180 16 20 0.17655161 
818 156 20 28 0.17074765 
676 127 12 16 0.1699689 
943 152 12 17 0.15641128 
689 128 15 19 0.13971557 
841 176 15 18 0.12596647 
164 202 11 15 0.11147943 
421 133 12 14 0.0992558 
983 158 20 28 0.09507843 
259 141 13 19 0.09368574 
610 151 25 30 0.09252698 
156 194 15 18 0.0903021 
331 133 10 13 0.087314926 
434 184 15 22 0.082439125 
663 167 11 15 0.077527255 
773 166 11 14 0.07652939 
390 127 11 15 0.065993056 
942 153 21 30 0.063032724 
282 172 15 21 0.059584092 
997 157 12 16 0.05731769 
213 152 16 21 0.05727178 
184 188 11 16 0.05724865 
276 163 12 16 0.05567154 
168 207 14 21 0.054244395 
897 217 13 18 0.053901542 
607 290 21 29 0.05331616 
223 197 11 15 0.05324079 
887 139 12 15 0.050751857 
816 157 13 18 0.050448164 
203 191 20 25 0.049398385 
381 188 14 18 0.049118027 
707 160 15 18 0.048748184 
141 175 11 14 0.04721733 
132 205 11 18 0.047057763 
376 180 26 33 0.04650736 
324 137 15 17 0.04560083 
355 128 14 16 0.044486735 
446 223 38 55 0.04412321 
431 239 10 13 0.044009205 
415 142 10 14 0.04322827 
396 131 11 16 0.043093868 
142 179 14 17 0.04267735 
669 172 13 16 0.042528894 
284 257 14 17 0.04129747 
799 201 17 25 0.040591866 
755 146 15 19 0.04048195 
912 252 12 15 0.039969254 
160 197 20 26 0.03979437 
477 297 12 15 0.039656032 
311 215 23 31 0.039600577 
106 274 16 20 0.039341677 
352 127 10 12 0.039086115 
569 110 10 13 0.038184296 
621 154 26 31 0.037850033 
449 223 11 14 0.03743655 
333 188 36 46 0.037341136 
291 244 16 18 0.037252452 
145 188 26 32 0.036476575 
416 133 11 15 0.036394093 
346 135 26 30 0.03538664 
1004 172 13 17 0.035086256 
343 140 13 16 0.0343517 
149 176 15 17 0.03266364 
529 158 10 14 0.032452047 
225 148 18 22 0.032337327 
463 222 10 14 0.03224976 
442 150 10 13 0.03151404 
1003 162 12 16 0.031468477 
294 222 22 27 0.031159177 
764 155 12 18 0.0310631 
769 168 22 32 0.030912811 
823 152 11 16 0.03075332 
808 163 11 16 0.030633321 
997 173 20 27 0.030334705 
263 122 11 15 0.030168291 
564 484 35 35 0.029760133 
974 161 15 20 0.029318701 
107 273 26 31 0.029076189 
606 154 16 23 0.028906316 
814 202 22 27 0.028358556 
329 196 17 23 0.027902678 
446 151 11 13 0.027483897 
271 298 28 42 0.027461419 
494 174 11 15 0.027431404 
884 138 20 24 0.026727943 
709 147 14 17 0.026632184 
717 150 12 14 0.026533972 
317 225 11 16 0.026468514 
837 182 17 22 0.025955891 
822 166 25 31 0.025866022 
271 157 11 16 0.025853192 
357 163 43 54 0.025484866 
407 133 12 16 0.02522981 
486 227 14 19 0.025080903 
387 133 16 20 0.02479627 
307 221 14 21 0.02474554 
669 164 12 16 0.024571786 
281 249 26 30 0.024533577 
180 184 20 27 0.024485013 
976 227 26 37 0.02441879 
233 154 15 20 0.02432555 
344 133 11 14 0.024181409 
133 198 11 15 0.024080802 
163 229 12 15 0.02404733 
697 163 11 16 0.023781978 
767 162 11 17 0.023594532 
743 148 13 17 0.023317039 
237 137 18 22 0.023285883 
949 182 28 33 0.023109278 
268 277 12 17 0.023073073 
1001 248 24 38 0.022943808 
338 202 16 23 0.022931088 
106 271 10 14 0.022758422 
139 171 23 30 0.022621464 
752 144 12 14 0.022459721 
807 159 22 28 0.022355175 
349 145 14 16 0.022279562 
707 155 27 29 0.022017635 
676 145 24 30 0.021999806 
768 169 13 19 0.021883685 
683 163 12 15 0.021873953 
260 132 13 16 0.02185437 
408 139 13 16 0.021809097 
570 309 13 17 0.021511478 
333 128 10 12 0.021406174 
130 188 37 49 0.021246366 
717 142 13 15 0.020890955 
298 239 14 19 0.020858072 
772 143 11 13 0.020719433 
335 162 46 60 0.020551158 
993 163 18 27 0.020384246 
677 141 16 20 0.020283733 
472 170 24 32 0.02024377 
138 179 11 15 0.020225575 
387 181 15 18 0.020217633 
332 145 12 16 0.0201797 
465 222 24 39 0.020095529 
258 135 22 31 0.020058226 
535 288 13 19 0.02001607 
