2_Demonstration_Demonstration_Or_Protest_2_438
162
468 547 58 75 0.9986633 
452 266 49 60 0.99819845 
78 579 33 42 0.4565352 
156 478 16 23 0.41752812 
21 526 27 31 0.24556442 
801 598 22 36 0.18933326 
875 497 15 21 0.15972869 
657 482 15 19 0.15638986 
101 513 16 20 0.14439778 
216 478 44 58 0.123708904 
692 497 22 26 0.11196012 
86 520 23 29 0.108897276 
70 467 13 19 0.10618984 
736 483 11 14 0.100407965 
860 470 10 12 0.09996048 
655 475 15 19 0.09146651 
818 510 20 22 0.09025593 
806 486 12 16 0.08422697 
850 525 13 16 0.07970147 
71 461 12 16 0.07885229 
868 505 16 20 0.07815859 
725 531 25 31 0.07441569 
114 443 15 18 0.07208569 
-1 627 49 63 0.06851411 
34 517 22 35 0.06726418 
710 456 15 21 0.06634168 
612 563 23 30 0.0649739 
19 615 49 50 0.063137546 
740 547 15 23 0.062387187 
873 493 13 16 0.060783744 
69 453 23 28 0.06035917 
641 283 377 426 0.059261933 
882 468 14 15 0.05829594 
210 502 29 49 0.058007434 
17 539 32 36 0.0579302 
773 486 11 14 0.055684518 
149 487 16 21 0.05191295 
707 543 23 35 0.05166835 
769 492 11 13 0.048654538 
1005 585 14 22 0.04857988 
280 492 12 15 0.048463333 
698 493 15 18 0.048292093 
815 515 13 19 0.047085367 
226 493 54 63 0.04617194 
74 474 14 17 0.045681138 
860 476 10 12 0.04467714 
649 462 22 28 0.044107858 
212 524 17 26 0.04382482 
35 607 48 48 0.04370763 
73 443 15 17 0.043346062 
56 584 47 53 0.04295236 
780 462 9 11 0.04189887 
846 499 13 16 0.041295353 
288 462 9 11 0.04047167 
125 482 15 19 0.03985068 
786 547 27 32 0.037796933 
719 543 26 32 0.037462607 
782 470 10 12 0.037315927 
317 590 42 62 0.037004106 
996 575 24 33 0.03648358 
800 483 12 17 0.03641347 
163 80 17 21 0.036024798 
956 490 12 16 0.035369303 
77 508 26 31 0.035292737 
770 647 33 35 0.035289478 
793 538 24 31 0.034554474 
890 551 28 34 0.03399735 
821 503 14 17 0.033692677 
885 463 12 13 0.032702595 
93 558 30 39 0.032619204 
804 529 13 19 0.032596804 
711 476 12 16 0.03185374 
13 432 9 12 0.030964933 
66 557 47 58 0.03083897 
877 485 13 16 0.030799389 
932 480 14 18 0.03075492 
865 511 13 17 0.030675346 
166 570 37 45 0.030624568 
752 462 8 10 0.030021757 
105 506 16 21 0.029751303 
676 528 18 22 0.02952037 
96 528 17 21 0.02951475 
39 559 49 52 0.029174862 
390 500 11 14 0.028780146 
816 477 11 13 0.028731959 
817 521 23 28 0.028707797 
250 563 41 46 0.02838526 
746 506 13 17 0.02835581 
89 507 24 30 0.028295467 
48 518 22 33 0.02776622 
701 458 22 28 0.027465455 
342 606 44 64 0.02741371 
129 490 14 18 0.027163384 
899 482 12 15 0.027128328 
989 489 24 31 0.02699465 
124 473 17 21 0.026945727 
796 537 17 18 0.026910145 
741 499 16 21 0.026805144 
974 453 26 30 0.026148768 
817 508 13 17 0.025969718 
125 463 11 14 0.02596057 
343 456 9 10 0.025814598 
58 517 20 31 0.025667654 
777 469 9 12 0.025611369 
240 509 54 68 0.025309037 
66 516 22 29 0.02519373 
60 448 99 112 0.025015658 
882 492 14 18 0.024891019 
806 484 21 26 0.024860188 
522 356 26 32 0.024821049 
902 454 9 10 0.024690546 
809 596 27 37 0.024396086 
83 499 14 17 0.024235774 
794 448 8 10 0.024193501 
667 527 17 21 0.024105888 
295 509 11 14 0.024001462 
293 456 9 11 0.023959868 
203 528 27 36 0.023898495 
799 479 10 13 0.02377298 
665 488 16 19 0.023730827 
788 603 29 37 0.023681734 
594 522 17 22 0.023606438 
615 573 27 41 0.023539945 
39 438 8 12 0.023266587 
880 474 13 16 0.023188157 
635 571 30 44 0.023187239 
839 476 11 14 0.022988344 
116 469 43 55 0.022961244 
138 489 24 31 0.022791147 
824 600 33 36 0.022784347 
687 576 23 37 0.022729004 
318 497 11 15 0.022665815 
846 528 15 21 0.022603944 
880 464 10 12 0.02224512 
958 443 44 54 0.022167943 
778 590 29 35 0.022017244 
658 471 23 29 0.02189417 
605 385 23 30 0.021693818 
621 425 25 30 0.0216694 
25 541 43 51 0.021627529 
892 461 10 12 0.021608237 
124 522 18 18 0.02159865 
830 502 21 27 0.021595582 
604 435 14 18 0.021499628 
927 482 12 17 0.021392358 
173 549 48 60 0.021347238 
701 406 10 15 0.021147711 
667 539 17 20 0.020936562 
122 489 25 29 0.02093154 
507 333 28 38 0.020925509 
884 516 12 16 0.020856466 
886 456 10 11 0.020829653 
960 576 40 51 0.020768434 
832 537 24 29 0.020720422 
917 490 14 20 0.020710923 
732 482 21 27 0.020506298 
736 549 26 32 0.020457983 
811 526 15 22 0.020411126 
282 461 10 12 0.020367078 
677 475 13 17 0.02022254 
413 308 27 31 0.020186028 
840 462 8 9 0.0201367 
