2_Demonstration_Demonstration_Or_Protest_2_242
47
167 521 63 89 0.9597227 
19 488 27 34 0.9531744 
262 508 30 38 0.80458987 
808 343 51 83 0.7919939 
779 307 14 20 0.3001282 
277 502 29 37 0.23452464 
467 74 13 15 0.22414231 
270 503 100 115 0.15610358 
196 509 91 123 0.15170185 
223 470 22 29 0.114565216 
260 594 35 39 0.1112814 
763 452 14 18 0.10022008 
423 552 27 42 0.08968556 
748 429 10 13 0.07820742 
260 514 19 22 0.056257047 
19 174 9 12 0.055406056 
0 556 20 37 0.055138 
487 69 14 16 0.053767614 
463 81 11 14 0.0459513 
755 457 22 28 0.045911744 
213 469 16 19 0.044835035 
289 504 19 23 0.041688193 
8 182 8 11 0.039279345 
1 500 9 14 0.038850315 
60 465 14 21 0.037850462 
836 253 11 16 0.03527429 
791 172 14 19 0.035219576 
796 452 15 20 0.034642547 
765 368 17 22 0.03425446 
302 536 94 111 0.032674175 
281 517 19 25 0.032590978 
276 500 55 66 0.030109469 
866 372 112 153 0.029986175 
10 197 8 11 0.029170865 
15 506 12 17 0.028037464 
891 341 56 77 0.028032333 
390 319 12 14 0.026884781 
984 432 23 34 0.026679948 
251 514 31 37 0.026153676 
834 338 88 111 0.024622254 
4 493 11 18 0.023251051 
488 63 12 15 0.022221528 
9 191 8 11 0.022083443 
476 73 14 16 0.02185211 
0 542 24 37 0.020441039 
100 631 25 27 0.020388486 
0 608 25 42 0.020258874 
