2_Demonstration_Protesters_2_531
3124
171 511 17 21 0.9959527 
606 328 15 21 0.99537694 
972 219 14 17 0.9937761 
751 361 15 19 0.9937117 
493 444 18 22 0.99186665 
643 479 17 22 0.9916202 
740 332 15 18 0.99161315 
978 434 18 25 0.9898868 
844 413 17 21 0.98907065 
39 285 13 17 0.9888898 
617 433 18 24 0.987927 
155 472 17 23 0.98735434 
696 322 14 18 0.9868122 
279 326 16 20 0.9862519 
793 392 16 20 0.9856184 
749 488 16 20 0.98446006 
453 320 14 18 0.98423195 
191 431 16 22 0.98385125 
91 278 13 17 0.983001 
125 539 19 23 0.98275363 
602 456 18 23 0.98226213 
116 509 18 23 0.9817192 
570 307 13 17 0.9816126 
134 302 15 18 0.9811029 
822 230 13 17 0.98108613 
283 500 18 22 0.98105925 
989 263 13 17 0.9806137 
470 280 14 18 0.97986823 
365 582 21 25 0.9770562 
233 489 17 23 0.9770487 
120 473 18 21 0.97672117 
627 388 15 20 0.9764326 
841 265 15 17 0.97599024 
94 240 13 17 0.97592497 
420 337 13 17 0.9755786 
312 491 19 23 0.9739033 
205 188 12 15 0.973813 
565 278 13 17 0.973559 
636 236 13 17 0.9735434 
586 492 18 23 0.97255725 
399 251 14 17 0.97207063 
20 361 18 24 0.97158176 
570 549 18 24 0.9703537 
933 262 13 16 0.97029614 
347 414 16 19 0.97027695 
455 510 19 23 0.96893513 
653 315 14 17 0.9681211 
847 196 12 16 0.9677871 
11 414 16 20 0.96507794 
835 313 14 17 0.9643528 
81 460 19 23 0.9628977 
989 388 18 23 0.96169436 
107 582 18 25 0.9616365 
928 540 21 27 0.960761 
903 364 16 19 0.9582473 
160 642 22 25 0.95762 
959 314 14 17 0.9574252 
605 243 13 17 0.95722216 
247 473 16 21 0.95690584 
339 214 12 16 0.95644677 
895 406 17 22 0.95550686 
829 402 16 19 0.9551203 
22 243 13 16 0.9549521 
14 567 20 25 0.95431066 
866 463 19 22 0.95422435 
667 234 13 16 0.9529564 
356 302 15 17 0.95241183 
465 480 19 25 0.95224154 
830 189 11 14 0.9521419 
747 171 12 16 0.9519632 
677 141 10 13 0.9516667 
1003 579 18 25 0.95099026 
412 230 11 15 0.9509216 
655 262 14 18 0.9500769 
53 317 13 17 0.9491554 
134 250 12 16 0.9486573 
368 243 12 16 0.94821376 
405 475 19 24 0.9473698 
862 179 13 16 0.94658387 
480 426 14 18 0.9450676 
961 422 15 20 0.94440216 
377 425 15 19 0.94321615 
348 449 16 19 0.9415853 
958 238 13 17 0.9401143 
273 465 16 20 0.93950194 
264 275 14 17 0.93946046 
1005 225 14 17 0.93909407 
632 409 17 20 0.9375469 
899 264 14 17 0.9366099 
412 523 20 24 0.93558526 
785 485 18 25 0.93505466 
20 435 17 21 0.93448436 
879 538 19 26 0.9338907 
615 303 15 19 0.9338719 
867 249 13 16 0.9316712 
452 237 13 15 0.9314337 
785 437 16 22 0.9313799 
399 506 17 22 0.9303515 
678 197 13 17 0.9298345 
700 413 16 20 0.9296272 
429 414 17 19 0.92760783 
682 474 17 22 0.9270619 
126 217 12 16 0.92679644 
766 539 21 24 0.9266686 
774 261 12 16 0.9260236 
502 226 13 17 0.9251885 
226 651 21 25 0.92344403 
142 405 19 24 0.9222488 
496 195 13 15 0.9179936 
498 285 14 17 0.9174437 
275 183 11 15 0.91511697 
61 492 17 22 0.9103883 
592 263 13 16 0.90907955 
70 205 12 15 0.9083769 
918 482 18 24 0.907805 
50 372 14 18 0.9075812 
742 109 11 13 0.905562 
882 235 12 15 0.90298665 
70 314 13 18 0.89926016 
237 285 13 16 0.8970916 
796 268 13 15 0.8965747 
140 621 17 24 0.8949017 
246 372 15 19 0.89422125 
685 447 15 20 0.8932123 
453 205 12 14 0.89248013 
772 122 11 13 0.89007473 
888 189 13 18 0.8866774 
716 270 13 17 0.8854782 
975 299 13 16 0.88434225 
295 651 20 26 0.88230616 
414 445 17 21 0.87778336 
651 390 16 20 0.8772773 
809 356 15 20 0.87726897 
680 388 17 20 0.8771441 
517 461 19 22 0.873727 
750 421 17 21 0.8731841 
666 543 15 25 0.8722958 
540 216 14 18 0.87158716 
810 255 13 16 0.8704649 
942 222 14 16 0.8692984 
788 570 14 19 0.86653185 
710 300 13 16 0.8628995 
584 327 14 18 0.86210746 
582 287 12 16 0.8620619 
410 158 10 13 0.86169404 
469 372 13 16 0.85987 
242 228 12 15 0.85967255 
344 286 12 15 0.85745364 
723 250 13 17 0.85266685 
584 206 11 14 0.852477 
-1 605 13 23 0.8519788 
245 118 9 12 0.84424967 
958 180 12 16 0.84381884 
776 284 13 16 0.8430578 
793 118 12 15 0.84246045 
474 405 14 17 0.840313 
198 253 13 16 0.8402739 
997 319 13 16 0.83950216 
907 186 12 16 0.83813345 
874 141 11 15 0.83613384 
296 386 16 18 0.8330726 
266 573 16 21 0.83016366 
990 164 13 16 0.82827944 
925 330 13 17 0.8270143 
422 132 9 12 0.8234011 
379 261 12 16 0.82030123 
897 309 13 16 0.81697154 
683 173 11 13 0.8154477 
800 289 14 17 0.8138181 
787 326 14 16 0.81345236 
501 315 13 18 0.81332076 
618 358 16 19 0.8119059 
116 322 13 16 0.8095188 
334 511 20 23 0.80356055 
822 131 10 13 0.8032639 
22 474 15 19 0.8021651 
33 165 10 13 0.80162394 
95 422 15 21 0.79569113 
757 318 12 16 0.79408747 
810 435 18 20 0.7939715 
355 157 11 15 0.79039145 
552 180 11 13 0.79015154 
236 183 12 14 0.7862079 
184 210 13 15 0.781319 
743 72 10 12 0.7748337 
39 317 13 17 0.77315605 
663 354 13 16 0.767701 
425 209 13 16 0.7671827 
731 198 12 16 0.76668745 
485 148 9 12 0.76504785 
346 341 15 16 0.7645315 
356 223 12 14 0.76125246 
526 302 13 17 0.76057124 
354 477 17 20 0.75683576 
708 168 11 14 0.75385594 
659 51 12 14 0.7461633 
150 325 14 16 0.745918 
476 315 13 15 0.7459091 
280 435 16 21 0.7426762 
670 21 9 12 0.7422671 
677 119 11 14 0.737883 
777 455 16 20 0.73761344 
321 225 12 16 0.73110545 
635 213 12 16 0.73019624 
519 93 7 10 0.7292794 
278 141 10 12 0.7284198 
700 142 9 13 0.726173 
228 245 11 14 0.72499007 
38 354 14 18 0.7210215 
758 92 10 13 0.7176649 
516 566 19 21 0.7141178 
744 248 13 16 0.71405727 
897 170 12 15 0.70964426 
518 503 15 20 0.70911646 
895 111 8 11 0.70552266 
423 301 14 16 0.7048308 
842 331 15 18 0.7046283 
154 286 13 16 0.70452785 
903 78 8 11 0.70407337 
438 116 9 12 0.70253706 
813 106 11 13 0.7019545 
407 198 12 16 0.69792014 
203 311 15 18 0.6928355 
943 94 9 11 0.692221 
248 308 13 17 0.6895965 
872 224 13 16 0.6865975 
0 325 9 15 0.6804949 
668 433 15 21 0.6755264 
756 405 16 20 0.67341053 
307 212 13 15 0.6689436 
681 246 13 16 0.66747963 
357 137 9 12 0.66681916 
184 166 10 12 0.6652977 
583 244 10 14 0.6635606 
287 163 11 13 0.6614153 
296 186 10 13 0.66070545 
294 143 9 12 0.6591237 
875 442 17 21 0.6575426 
712 117 11 14 0.6547646 
344 395 12 16 0.6539336 
175 238 11 14 0.65164787 
679 16 9 10 0.64801913 
472 350 10 13 0.6450507 
991 183 12 15 0.64208674 
734 25 9 12 0.63948715 
268 155 10 13 0.6378278 
850 363 13 16 0.63443834 
889 383 15 19 0.63320535 
62 258 13 16 0.6297877 
278 226 10 14 0.62967235 
12 206 11 13 0.6250108 
814 86 10 13 0.62311196 
768 95 9 12 0.62154603 
732 231 11 15 0.61171716 
896 292 13 17 0.61147356 
201 297 14 17 0.6090489 
105 265 12 15 0.60886884 
127 382 13 17 0.6086759 
319 176 13 16 0.60866255 
434 117 9 12 0.6069346 
987 339 14 17 0.60376686 
566 7 7 9 0.6013621 
270 63 9 11 0.5990794 
418 280 14 17 0.59437186 
47 229 10 14 0.59099025 
77 159 10 13 0.5851332 
757 119 10 12 0.58384496 
22 518 16 19 0.5808399 
767 227 13 16 0.57728267 
210 272 13 16 0.5724599 
675 281 16 17 0.57155263 
263 80 8 10 0.56241935 
328 241 12 16 0.56229633 
637 95 9 12 0.5601164 
623 110 10 14 0.5597936 
388 120 9 11 0.55912447 
0 288 8 14 0.5530752 
98 214 11 14 0.54724807 
456 353 12 16 0.54562986 
417 380 17 20 0.5417355 
667 370 13 17 0.54083586 
381 207 9 12 0.5380446 
319 56 8 11 0.5377882 
318 113 9 11 0.5326479 
161 143 9 11 0.52826893 
280 105 10 12 0.5264119 
210 94 8 10 0.5234508 
365 93 9 12 0.51329064 
518 320 14 17 0.5094876 
939 160 13 14 0.50614285 
317 254 12 15 0.5037418 
648 78 9 12 0.4946012 
633 300 11 15 0.49088505 
457 222 11 14 0.4897982 
767 219 13 17 0.48891345 
226 127 9 11 0.48291853 
582 94 11 12 0.47902277 
682 201 13 16 0.47410858 
228 219 11 13 0.4728437 
498 103 8 10 0.46966454 
457 139 11 13 0.4690273 
538 101 8 11 0.46806622 
805 24 10 12 0.46532002 
453 230 13 16 0.46478823 
659 117 10 12 0.4640038 
127 195 10 12 0.4613496 
656 112 11 13 0.4551244 
272 86 10 11 0.45458975 
897 78 7 10 0.44821575 
670 419 16 20 0.44728014 
209 119 8 10 0.44706333 
345 71 9 10 0.44609573 
241 155 10 12 0.4444172 
3 348 15 19 0.4431197 
849 243 13 15 0.4418874 
640 124 11 13 0.43999755 
716 91 11 13 0.43880978 
231 141 9 12 0.4371033 
394 140 9 12 0.4356372 
3 450 16 19 0.4347699 
642 31 8 11 0.43446624 
724 303 12 14 0.4344117 
800 189 10 13 0.43215638 
424 111 8 11 0.43070453 
112 105 9 11 0.42735502 
259 259 12 15 0.42602316 
784 93 10 12 0.42502457 
631 341 12 16 0.42155302 
912 103 8 11 0.42065373 
689 31 9 12 0.42017975 
781 78 8 11 0.4200913 
975 88 8 10 0.41685298 
22 612 22 28 0.41564405 
702 9 8 11 0.41542414 
499 370 13 16 0.41538852 
966 281 14 16 0.41481817 
995 642 17 27 0.41185254 
621 190 9 12 0.4107883 
391 104 8 9 0.41039303 
644 184 10 12 0.4048195 
318 77 8 11 0.39940545 
727 284 14 16 0.3983002 
197 127 8 11 0.39393684 
2 499 14 18 0.38576078 
782 86 9 12 0.38550037 
535 320 13 16 0.38316178 
856 164 11 14 0.37975338 
491 126 8 11 0.3780087 
544 120 9 11 0.37800646 
716 302 12 14 0.3776115 
622 85 9 12 0.37737754 
475 465 18 22 0.3759266 
189 165 9 11 0.3721092 
171 221 12 14 0.37119654 
760 150 9 11 0.3705164 
884 211 13 15 0.36837104 
590 111 11 14 0.36648762 
534 524 16 21 0.3656461 
153 512 16 19 0.362021 
502 87 7 10 0.35998318 
294 116 9 13 0.35232866 
328 30 7 9 0.351963 
310 92 9 12 0.35173365 
473 230 8 12 0.3515473 
551 89 8 10 0.3502311 
684 15 8 10 0.34966186 
445 85 8 10 0.34650207 
389 191 12 13 0.34610224 
448 102 8 10 0.3429426 
670 304 15 18 0.34202802 
918 108 9 11 0.34191164 
63 184 10 13 0.3405773 
820 205 11 14 0.3344962 
222 324 13 17 0.33425346 
261 324 14 17 0.3319873 
592 182 10 14 0.32961795 
625 46 9 12 0.329175 
349 111 10 12 0.3291337 
300 255 11 14 0.32772812 
567 92 8 10 0.32747397 
783 205 10 13 0.32533637 
837 138 11 14 0.32146722 
999 157 11 14 0.31860128 
95 80 7 10 0.3145221 
137 148 9 11 0.31423762 
777 15 10 13 0.312027 
623 284 12 14 0.31122637 
117 173 9 12 0.31029594 
461 89 8 9 0.30988494 
327 72 6 9 0.30517593 
566 469 13 15 0.30465594 
994 6 8 10 0.30215615 
753 118 9 12 0.30078876 
718 16 9 12 0.300227 
609 54 9 11 0.29996207 
375 126 8 10 0.2996279 
693 119 9 12 0.29521748 
89 62 8 12 0.2946331 
984 119 8 11 0.293344 
514 119 8 10 0.29198933 
327 346 12 16 0.2902469 
826 357 11 15 0.28987497 
574 104 9 11 0.28932065 
1004 102 10 12 0.28705814 
504 172 10 12 0.2867383 
559 73 7 10 0.28392708 
244 328 15 18 0.2828214 
539 316 13 17 0.2806612 
501 104 8 12 0.27970538 
712 191 12 15 0.2788625 
176 128 8 12 0.2773418 
419 574 14 21 0.2735185 
401 78 7 8 0.2729401 
1012 419 10 15 0.27262476 
46 317 12 16 0.2715845 
246 101 8 10 0.26969796 
230 249 12 15 0.26919058 
303 46 8 10 0.26911566 
666 377 13 18 0.2649845 
164 191 11 14 0.26471114 
334 87 10 11 0.26390725 
712 87 11 14 0.26375845 
633 54 10 12 0.2617183 
136 457 14 18 0.26078004 
371 382 13 16 0.26009533 
167 347 13 17 0.25920242 
277 430 15 19 0.2580302 
2 189 9 13 0.25691342 
334 136 8 10 0.25619596 
301 167 9 12 0.25560477 
636 60 10 13 0.25531706 
365 349 11 15 0.25500757 
45 395 15 19 0.25448626 
549 6 7 9 0.25444815 
815 73 9 11 0.25417712 
212 496 12 17 0.2520391 
224 215 10 14 0.25117832 
994 162 13 15 0.24951929 
426 86 7 9 0.24897534 
833 112 9 12 0.24767165 
756 330 13 16 0.24696767 
214 258 12 15 0.24642116 
328 142 9 12 0.24353123 
57 295 12 14 0.24197684 
834 292 14 16 0.24153507 
496 353 13 16 0.24093875 
868 329 13 15 0.2401742 
13 92 10 12 0.2394259 
961 110 10 12 0.23895393 
366 173 9 11 0.23663749 
550 119 9 11 0.23648949 
229 132 9 11 0.23422341 
865 119 10 12 0.23412926 
517 23 7 10 0.23322399 
50 193 13 16 0.23320158 
710 62 10 12 0.23175627 
672 17 10 12 0.23170279 
525 78 8 10 0.23118743 
638 190 9 12 0.23105788 
573 117 8 11 0.23064865 
331 124 8 11 0.2302612 
5 62 9 11 0.22981052 
614 117 10 12 0.22916318 
880 273 12 15 0.2283348 
608 6 9 10 0.22789228 
20 157 9 13 0.22755587 
73 222 11 15 0.22737631 
597 231 11 13 0.2272662 
221 172 10 13 0.2259427 
536 97 8 10 0.22496723 
610 495 16 20 0.22489865 
704 23 9 12 0.22425108 
391 88 7 10 0.22387399 
628 324 10 14 0.22185344 
182 301 10 14 0.22076434 
848 87 8 11 0.22024673 
731 361 14 18 0.21908177 
573 111 8 10 0.21872403 
354 345 15 17 0.2185065 
432 191 10 12 0.2172769 
1014 377 11 16 0.21582104 
696 96 10 11 0.21493673 
216 157 9 10 0.21342807 
937 1 9 8 0.21312366 
129 282 15 16 0.2093833 
885 99 9 11 0.2082004 
262 622 9 12 0.20779425 
543 77 7 9 0.20770337 
518 417 12 16 0.20741956 
747 191 11 13 0.20629393 
851 145 15 16 0.20607653 
1 157 9 15 0.20548606 
116 329 13 17 0.205364 
86 308 13 16 0.20526223 
794 151 9 11 0.20486315 
801 80 8 11 0.20432982 
782 165 8 12 0.2032895 
847 104 9 10 0.20086515 
513 110 7 10 0.20083465 
669 87 10 12 0.19951501 
725 47 10 12 0.19923511 
24 315 12 15 0.19832812 
992 2 9 9 0.19777445 
168 214 10 13 0.19757962 
94 143 10 13 0.19565628 
95 119 8 11 0.19499081 
286 76 9 11 0.19461319 
862 76 8 11 0.19366464 
897 299 14 18 0.19336988 
817 11 8 11 0.19273058 
407 332 10 13 0.1920747 
853 109 8 11 0.19157313 
1008 256 11 14 0.19125132 
177 6 8 10 0.19105506 
822 302 11 14 0.19080773 
174 309 12 16 0.19050269 
767 118 12 14 0.19025326 
870 447 20 25 0.18999621 
470 125 9 11 0.18940027 
369 71 8 10 0.18900304 
367 38 7 9 0.18790843 
526 191 9 11 0.18784976 
729 5 8 9 0.18719241 
535 213 14 16 0.18716468 
617 195 10 13 0.18691128 
285 202 10 13 0.186511 
577 229 10 12 0.18451843 
463 110 6 9 0.18442024 
262 118 9 11 0.18347481 
5 150 9 13 0.1833969 
229 102 8 10 0.18290359 
616 68 9 10 0.1825623 
686 119 11 13 0.18246059 
601 96 9 11 0.1820809 
489 79 8 11 0.17988655 
163 388 11 15 0.1794844 
94 171 11 13 0.17915584 
742 47 9 10 0.17842259 
286 110 9 11 0.1783087 
447 80 8 10 0.17821783 
647 11 11 13 0.17748596 
517 137 8 10 0.17610754 
45 52 8 10 0.17551993 
472 101 8 10 0.1748332 
181 128 8 11 0.17420207 
596 203 12 15 0.17392898 
1013 325 10 13 0.17360874 
760 155 10 13 0.17345 
664 70 10 12 0.17263298 
471 73 8 11 0.17256506 
597 112 12 14 0.17166194 
815 77 11 14 0.17149736 
478 195 10 13 0.17130613 
302 101 8 10 0.17097676 
572 490 13 18 0.17034534 
759 0 9 9 0.16986778 
276 385 16 18 0.16945292 
512 135 9 11 0.16919953 
252 363 16 20 0.16882935 
255 254 12 15 0.16858278 
213 120 9 11 0.16846855 
487 119 9 10 0.16786526 
312 8 7 9 0.16758603 
473 96 9 11 0.16739796 
848 109 9 12 0.16692851 
567 483 14 20 0.16656294 
424 102 8 11 0.16624622 
964 143 10 12 0.16614111 
1008 345 12 17 0.16611372 
141 145 9 11 0.16519089 
670 70 8 12 0.16477893 
719 174 10 12 0.16471863 
549 140 10 12 0.16413365 
472 310 13 16 0.16404523 
254 323 13 17 0.1640446 
56 255 12 14 0.16391622 
26 309 13 16 0.16377816 
615 64 8 10 0.16201788 
1007 108 9 12 0.16177829 
173 40 8 11 0.15991698 
820 148 12 13 0.1597598 
631 135 10 12 0.15886503 
704 110 9 12 0.15740535 
305 95 8 11 0.156806 
995 246 12 13 0.15654512 
608 61 9 12 0.15628015 
965 95 9 11 0.1561331 
432 80 8 11 0.15560152 
987 567 15 18 0.15534867 
163 275 11 14 0.15443662 
632 38 8 10 0.15424906 
575 75 9 11 0.15385172 
548 213 13 17 0.15319598 
482 111 8 10 0.15261358 
963 7 8 9 0.15181382 
365 87 9 11 0.15161392 
629 47 9 11 0.15153584 
169 132 8 11 0.15084346 
79 126 10 11 0.15080783 
646 206 9 13 0.1507428 
294 164 10 14 0.1506415 
712 16 9 12 0.15060095 
254 220 10 14 0.15057427 
68 254 13 16 0.14991012 
6 316 10 14 0.14942482 
198 160 9 11 0.14849058 
497 86 7 10 0.14839523 
70 111 8 11 0.14806122 
844 526 14 19 0.1477976 
855 105 7 9 0.14701228 
367 79 8 10 0.1466269 
343 373 13 15 0.14660342 
19 291 11 14 0.14564513 
257 184 8 12 0.14562012 
382 339 11 15 0.14541334 
12 405 16 21 0.14504243 
583 13 7 11 0.14444694 
111 123 8 11 0.1432283 
125 180 11 12 0.14318669 
314 112 7 10 0.14300439 
338 79 9 9 0.14296727 
362 49 7 8 0.14278702 
656 450 13 17 0.14276281 
978 14 7 9 0.14274046 
974 151 11 14 0.14267048 
274 47 8 9 0.14259708 
474 172 12 16 0.14178431 
150 25 8 10 0.14140348 
314 40 7 9 0.14138484 
165 236 12 14 0.14115506 
184 276 11 14 0.14115289 
330 136 9 11 0.14049575 
79 133 9 12 0.14032122 
430 443 13 17 0.14023817 
357 215 11 13 0.1399684 
246 95 9 11 0.13982974 
697 146 11 13 0.13940042 
330 89 8 9 0.13927872 
240 48 7 10 0.1390961 
617 37 7 10 0.13892753 
527 64 7 9 0.13886473 
654 340 12 16 0.13849281 
704 86 9 11 0.13822943 
407 125 8 10 0.13764663 
893 1 8 9 0.13677059 
632 191 11 13 0.1364207 
425 64 8 10 0.13632217 
339 652 14 19 0.13604051 
373 167 9 12 0.13590215 
586 55 8 10 0.13572809 
461 362 14 16 0.13558215 
227 322 13 17 0.13537504 
160 193 11 15 0.13491479 
743 281 11 15 0.13366607 
0 526 11 15 0.13300554 
710 45 9 10 0.13260964 
977 8 8 9 0.1325467 
638 577 14 18 0.13134982 
818 477 16 21 0.1309196 
382 473 13 16 0.13058218 
908 79 9 12 0.13021235 
1012 111 8 11 0.13015477 
129 102 8 10 0.13013838 
431 436 14 17 0.12916772 
396 388 13 17 0.1290814 
789 205 11 15 0.12902398 
960 386 13 18 0.12852773 
841 94 8 10 0.12785088 
439 80 8 10 0.12774386 
781 243 11 14 0.12741499 
716 438 17 19 0.12739119 
637 308 11 15 0.12735504 
904 183 12 15 0.12730677 
331 410 13 17 0.12726897 
965 127 9 12 0.12722832 
0 89 7 12 0.12714966 
962 100 10 12 0.1269787 
202 257 14 16 0.12667462 
367 33 7 9 0.12642458 
389 110 9 10 0.12618399 
373 294 10 14 0.12548214 
391 49 6 9 0.12543677 
3 437 13 17 0.12529068 
762 299 13 16 0.12486297 
495 181 10 12 0.1246649 
310 196 10 12 0.124556854 
805 185 8 11 0.124439664 
1005 31 9 11 0.12428819 
445 371 13 17 0.123844504 
974 242 14 16 0.12370826 
337 55 9 10 0.12367749 
696 86 9 12 0.12366586 
217 166 11 13 0.12352717 
639 313 12 17 0.123170055 
269 426 14 20 0.123068415 
74 78 9 10 0.12297007 
720 179 11 13 0.12255763 
317 40 8 9 0.12239848 
89 316 13 16 0.12238243 
113 167 10 13 0.12220049 
888 164 13 16 0.121043295 
303 71 8 10 0.120871946 
789 356 13 17 0.1198632 
529 12 8 10 0.11962372 
683 267 13 14 0.1191387 
1005 97 9 10 0.118957475 
545 62 8 10 0.11875253 
833 475 14 18 0.11856543 
169 24 7 9 0.1180246 
1013 117 9 13 0.11745439 
1001 27 10 13 0.1168941 
453 158 11 12 0.11686354 
392 70 7 10 0.116822846 
102 190 9 11 0.11659106 
546 30 8 10 0.11657536 
759 598 13 18 0.11560959 
902 150 12 14 0.11523883 
1015 196 9 13 0.11519896 
644 244 11 14 0.1146768 
764 247 10 13 0.11442204 
863 323 15 17 0.11377935 
237 205 10 13 0.11354947 
880 292 13 18 0.11352384 
600 64 8 11 0.11348606 
160 182 9 12 0.11338051 
611 216 13 17 0.11328429 
223 239 12 15 0.112281725 
511 39 8 9 0.11225069 
702 362 14 18 0.11208484 
800 30 10 11 0.11204604 
445 301 13 16 0.111330815 
390 166 10 12 0.11101799 
166 183 9 11 0.11100853 
542 332 10 14 0.1106877 
592 73 8 10 0.110625155 
591 77 8 11 0.11035392 
385 32 6 9 0.11004697 
324 251 12 17 0.10982692 
266 63 8 10 0.109763905 
39 257 11 16 0.10974079 
223 40 7 9 0.10970778 
106 70 8 10 0.109629 
72 126 9 11 0.109490745 
537 119 8 11 0.109286904 
948 458 15 18 0.10895262 
925 400 15 18 0.108783014 
352 243 11 14 0.10867605 
327 104 7 9 0.10849889 
245 223 11 15 0.10847352 
857 72 8 10 0.10824643 
376 56 7 9 0.1078725 
608 117 10 12 0.10777797 
963 184 11 15 0.10762368 
929 283 14 16 0.10712752 
973 133 9 11 0.10711929 
305 208 11 13 0.10694967 
591 231 13 15 0.10677558 
383 78 7 10 0.10634297 
572 394 14 17 0.106321946 
886 586 12 16 0.1061057 
735 308 11 15 0.10548924 
567 57 8 10 0.10534439 
623 17 9 11 0.105172165 
110 48 7 9 0.10514542 
117 135 9 11 0.10506217 
27 252 12 16 0.105000995 
737 94 8 10 0.10466842 
820 360 14 17 0.10437337 
591 136 10 11 0.10424765 
97 190 9 12 0.10370058 
88 119 8 11 0.10368529 
46 93 8 11 0.103577785 
905 101 8 12 0.10340249 
567 32 8 9 0.10319027 
980 47 8 10 0.103143014 
349 38 8 9 0.10305352 
96 30 8 10 0.10295465 
253 214 10 13 0.102539934 
172 228 12 14 0.102372915 
424 70 8 10 0.102265164 
774 7 8 9 0.102064975 
382 381 11 15 0.10199246 
79 95 8 10 0.10185041 
660 135 11 13 0.10184205 
445 111 9 12 0.101742595 
878 357 11 14 0.10171289 
112 317 13 19 0.1015018 
630 16 9 11 0.101177454 
73 47 8 10 0.100969955 
329 14 7 9 0.10093386 
182 355 15 19 0.10091272 
623 69 8 11 0.10089203 
313 73 7 10 0.10080471 
896 231 10 14 0.099938065 
136 95 8 9 0.09986408 
741 307 12 17 0.09982534 
320 167 10 12 0.09977555 
928 290 12 16 0.0995271 
871 108 9 10 0.099234305 
274 222 11 13 0.09917582 
670 52 10 12 0.0989751 
599 84 9 11 0.098923326 
333 121 8 10 0.09877115 
528 112 8 10 0.098750286 
52 230 12 15 0.09870046 
533 136 8 10 0.09853726 
167 314 13 17 0.09852113 
516 511 16 21 0.09846639 
320 74 7 9 0.098447256 
695 46 10 12 0.09801936 
169 110 8 11 0.09790138 
129 24 8 10 0.09785524 
74 309 13 18 0.0977909 
728 78 10 13 0.09776144 
749 300 11 15 0.09762001 
592 25 8 11 0.0975874 
937 173 12 14 0.097350836 
408 153 10 12 0.097337276 
716 213 11 14 0.096996725 
980 317 11 14 0.09656102 
15 120 9 11 0.09617978 
71 243 12 14 0.09617042 
48 78 9 11 0.09607665 
647 82 9 13 0.095992446 
1002 48 8 11 0.09584828 
712 41 9 10 0.0957419 
800 143 8 10 0.095658146 
273 120 8 11 0.09544819 
611 567 17 20 0.09504957 
198 132 8 10 0.09463312 
838 111 9 12 0.09448225 
166 30 7 9 0.09415624 
522 72 8 11 0.094136566 
253 226 10 13 0.09396436 
661 122 11 13 0.09360566 
241 87 8 10 0.09291717 
912 220 11 14 0.09271427 
587 110 9 12 0.09259466 
372 252 13 16 0.09258441 
334 307 14 18 0.09254798 
375 120 9 11 0.092502944 
8 267 12 16 0.092486426 
777 71 8 10 0.09247666 
396 136 10 12 0.092392884 
638 272 14 16 0.09222026 
518 110 8 11 0.09217026 
663 361 15 19 0.09197142 
337 47 8 9 0.09159585 
477 166 10 13 0.09150254 
960 131 10 13 0.09105994 
679 86 9 12 0.09087 
830 494 14 18 0.09062513 
392 53 7 9 0.09056839 
268 324 16 18 0.09054974 
278 118 9 12 0.09043565 
189 270 11 15 0.09040439 
189 513 13 19 0.090310074 
910 278 11 13 0.090217456 
632 97 12 14 0.09020242 
273 141 10 11 0.0899694 
151 40 7 9 0.08996689 
77 239 11 15 0.08992033 
484 469 15 20 0.08983693 
286 141 10 12 0.08983521 
334 252 12 17 0.08974447 
303 63 7 10 0.089489214 
575 65 7 9 0.089215875 
527 212 11 15 0.088742405 
40 147 8 11 0.08869384 
710 55 10 12 0.08867948 
519 213 11 17 0.088351354 
670 77 8 11 0.08822072 
248 47 8 10 0.08817745 
29 323 12 16 0.0881249 
497 411 11 16 0.087916926 
349 379 12 14 0.087764904 
974 103 8 11 0.087678045 
709 111 11 14 0.087506495 
117 104 9 10 0.087434255 
959 22 8 10 0.08741506 
321 160 8 11 0.08738176 
182 371 14 19 0.08726493 
493 131 10 11 0.08698211 
390 389 12 16 0.086370505 
4 68 10 13 0.08630753 
567 37 9 11 0.08621661 
998 85 9 10 0.08616472 
151 88 8 10 0.086150594 
404 277 11 15 0.08601112 
141 109 8 10 0.08599357 
910 461 13 17 0.0857788 
604 99 10 12 0.085516684 
606 219 12 14 0.085129276 
286 135 9 12 0.085050374 
457 117 7 9 0.085003026 
764 276 11 14 0.08495088 
256 88 7 9 0.08467138 
86 178 12 15 0.08465725 
37 311 13 16 0.08430851 
183 217 13 16 0.08401176 
298 39 7 10 0.08389911 
1014 205 10 13 0.08358201 
1007 215 13 15 0.08344529 
144 89 8 9 0.08329386 
174 23 9 10 0.08325425 
285 386 14 17 0.08308205 
0 415 8 14 0.08307984 
530 306 13 16 0.08307402 
682 284 14 16 0.08298952 
125 428 14 19 0.0829254 
998 205 9 11 0.08291438 
465 40 7 10 0.08287912 
920 302 11 15 0.08279108 
363 293 15 17 0.082774386 
864 291 11 14 0.08266733 
552 112 9 10 0.08264954 
924 299 14 17 0.082573004 
129 245 13 16 0.082561076 
701 95 8 11 0.08233455 
358 23 7 10 0.08233177 
779 298 14 16 0.082184546 
656 102 10 12 0.082173966 
48 105 11 15 0.08211223 
447 96 8 10 0.08208654 
255 9 8 9 0.08195317 
808 86 8 11 0.0819022 
300 139 11 14 0.08179062 
301 227 12 14 0.081781074 
42 133 9 12 0.081311315 
424 79 9 11 0.081296206 
17 516 14 19 0.0812132 
828 300 14 16 0.081086166 
703 385 14 18 0.08107264 
289 115 9 12 0.08103566 
331 341 11 15 0.0810247 
714 148 10 11 0.08088462 
386 111 8 10 0.08087438 
826 371 14 17 0.08080813 
773 99 9 13 0.0807226 
341 76 9 11 0.08055195 
792 272 14 17 0.08044353 
241 95 9 11 0.08032505 
458 14 7 9 0.08024076 
789 100 10 12 0.08021684 
479 72 8 10 0.080165334 
784 211 11 15 0.079945214 
497 252 11 14 0.07991499 
135 363 10 12 0.07990526 
36 160 9 12 0.0798912 
947 340 14 18 0.079839304 
264 38 7 9 0.07966516 
345 64 7 9 0.079550155 
990 213 10 13 0.07942301 
949 93 9 12 0.07938677 
623 339 14 18 0.07933868 
615 203 11 14 0.07922448 
798 0 9 9 0.07921356 
627 113 11 14 0.07916268 
368 149 9 12 0.079066046 
510 148 9 12 0.079013735 
728 71 8 10 0.07897862 
343 335 14 17 0.07874895 
723 276 14 16 0.078695744 
1008 412 15 18 0.0786324 
648 53 8 12 0.07852135 
670 156 9 12 0.07850693 
64 41 7 9 0.07847983 
523 419 12 16 0.07845604 
167 230 10 13 0.078428395 
965 163 11 13 0.078406796 
175 301 13 17 0.07840459 
335 149 10 12 0.078216545 
899 234 12 15 0.07782862 
121 179 9 13 0.077814385 
386 103 8 10 0.07764084 
300 182 10 13 0.07756821 
55 40 8 10 0.07755936 
789 167 10 12 0.07749627 
1003 323 12 15 0.077165164 
118 309 10 15 0.07709104 
143 93 8 10 0.07702417 
466 72 9 11 0.07696379 
752 148 9 12 0.07695582 
665 94 10 12 0.07690371 
511 125 9 10 0.07683593 
346 405 15 19 0.0767579 
693 37 9 10 0.0767528 
352 198 10 12 0.07637318 
758 337 12 15 0.07631227 
125 87 7 10 0.07628828 
20 527 15 19 0.07617468 
78 48 8 10 0.076145604 
811 275 12 14 0.07592859 
731 302 11 14 0.075759865 
284 297 12 15 0.07574622 
277 49 8 10 0.075711526 
385 95 7 10 0.07563694 
207 158 8 10 0.07543486 
981 15 8 9 0.0753886 
558 205 13 17 0.075324096 
81 119 9 12 0.07486144 
325 55 8 10 0.074835524 
652 380 16 21 0.07475362 
385 87 7 9 0.07475044 
0 221 9 15 0.074659154 
751 294 10 14 0.07463176 
360 52 7 10 0.07458148 
926 520 16 19 0.074309826 
315 55 7 10 0.07427866 
584 61 8 11 0.07426908 
310 45 8 10 0.07424782 
529 135 8 10 0.07415658 
225 46 8 10 0.07401499 
926 245 11 15 0.07378002 
860 317 14 16 0.07367222 
976 380 11 16 0.07366564 
309 277 13 16 0.07352016 
998 80 8 11 0.07340122 
208 123 8 11 0.073389344 
940 299 14 19 0.07317787 
231 97 8 10 0.07310283 
513 2 8 9 0.07309743 
705 298 13 17 0.073069744 
783 219 11 14 0.07297695 
556 176 10 12 0.07294293 
162 282 14 17 0.07265544 
293 322 15 19 0.07256166 
478 237 9 13 0.07251766 
694 291 12 15 0.07247493 
701 101 9 11 0.07239138 
599 30 8 10 0.07234876 
711 0 8 8 0.0722953 
72 72 9 11 0.07226728 
392 158 9 11 0.07209272 
948 368 13 17 0.072089136 
494 81 7 10 0.07205977 
733 1 9 9 0.071853206 
67 265 12 16 0.071688786 
653 256 14 17 0.07150911 
93 181 11 13 0.071353026 
1015 158 9 14 0.07134514 
976 81 7 8 0.071321465 
711 143 10 13 0.07092227 
557 110 8 10 0.070840746 
370 393 13 17 0.07083588 
932 243 12 14 0.07081818 
633 207 11 14 0.07080977 
236 244 11 14 0.070784464 
233 186 11 14 0.07069716 
515 520 14 20 0.07054733 
439 250 14 16 0.07047184 
282 31 7 10 0.07041504 
423 97 8 9 0.0703264 
989 124 8 10 0.07024721 
20 152 11 13 0.07023335 
373 189 10 13 0.07021826 
391 251 14 18 0.07007818 
855 170 14 15 0.070032954 
584 10 8 9 0.07001117 
499 180 12 13 0.06984389 
385 72 7 9 0.06964186 
373 143 10 12 0.06961694 
605 79 9 12 0.069601655 
570 474 13 18 0.06959622 
231 48 8 10 0.06954828 
111 157 10 12 0.06948061 
399 62 7 9 0.0694718 
474 150 8 11 0.06946469 
820 139 13 15 0.06943494 
710 243 11 16 0.069406115 
838 255 13 15 0.06913975 
247 1 8 8 0.06912999 
366 47 7 9 0.06885976 
276 87 9 11 0.06880043 
271 439 16 21 0.06866419 
519 101 8 10 0.06854668 
913 228 11 15 0.06827364 
429 84 8 10 0.06825614 
645 426 14 19 0.068160854 
805 308 13 17 0.068132535 
506 24 7 9 0.068053424 
86 124 8 11 0.06803211 
399 283 11 15 0.06799858 
697 71 8 11 0.0679745 
105 125 8 10 0.06796556 
872 136 11 14 0.06761388 
606 23 9 11 0.06760757 
342 151 9 12 0.0675712 
247 40 8 9 0.06741221 
594 185 12 15 0.067407995 
184 149 9 12 0.06734675 
537 125 9 10 0.06730474 
181 340 14 17 0.06729183 
45 259 11 14 0.067245804 
687 100 10 12 0.067224756 
130 213 12 16 0.067193635 
390 94 9 10 0.067146726 
597 286 11 14 0.06706685 
300 368 14 18 0.06698336 
161 103 8 10 0.066884786 
593 177 9 10 0.06677386 
389 289 12 15 0.0667522 
417 390 17 19 0.06654367 
789 263 13 15 0.06642041 
1008 380 11 15 0.06641667 
778 253 14 17 0.06639373 
361 81 8 9 0.06637172 
753 47 9 11 0.06633517 
742 17 8 9 0.06631932 
733 86 9 11 0.06629046 
930 326 15 17 0.06622796 
330 8 7 9 0.066185474 
274 571 15 20 0.06617727 
244 275 13 17 0.06615793 
193 161 9 12 0.066127285 
265 33 7 9 0.06610463 
594 530 24 27 0.06602794 
646 48 9 11 0.06599318 
458 112 7 10 0.06575122 
164 207 10 13 0.06572393 
536 88 7 8 0.065710105 
429 195 12 15 0.0656786 
243 346 14 17 0.065660335 
976 109 8 12 0.06565173 
663 27 10 12 0.06558474 
0 361 10 18 0.06555194 
736 116 11 14 0.0654153 
1006 133 9 12 0.065367654 
296 123 8 11 0.065326326 
1 76 10 14 0.06532323 
744 302 12 16 0.06529815 
416 333 13 17 0.065238774 
703 179 11 14 0.06498992 
358 112 8 11 0.06488388 
82 37 8 10 0.06483581 
951 64 8 10 0.06457764 
72 85 9 11 0.06450992 
583 88 10 12 0.06448888 
334 14 8 9 0.064480945 
454 359 14 19 0.064452305 
482 499 15 20 0.06442617 
1015 93 9 11 0.064275675 
88 85 8 9 0.064131536 
405 338 12 17 0.06410473 
282 164 9 12 0.06406444 
845 141 13 16 0.0639779 
675 438 18 24 0.06392776 
622 174 9 11 0.063920796 
983 110 8 12 0.063902706 
589 57 8 10 0.06386712 
365 220 11 14 0.06380241 
877 15 9 10 0.0638013 
977 117 9 12 0.06379164 
288 62 8 9 0.063717484 
589 40 10 11 0.06368581 
79 85 8 11 0.063668504 
669 313 14 18 0.06362472 
656 96 9 11 0.063536584 
670 323 13 16 0.063513756 
760 15 7 9 0.06350332 
816 300 11 15 0.063438416 
591 9 8 9 0.06343827 
185 102 8 11 0.06340469 
566 2 9 10 0.06332501 
229 79 9 11 0.06331286 
664 39 9 11 0.0631974 
817 143 10 13 0.06318756 
837 320 15 18 0.06314181 
404 346 11 16 0.06308562 
770 215 13 15 0.06307314 
63 54 7 10 0.06306314 
1008 36 8 10 0.063033976 
57 25 8 10 0.0630158 
779 345 14 18 0.062925234 
289 56 8 10 0.062910184 
199 338 13 18 0.06288058 
479 16 7 9 0.06287201 
617 112 11 13 0.062819816 
127 96 8 10 0.062706396 
756 53 9 11 0.062671594 
324 165 11 13 0.062614836 
805 194 11 14 0.06261377 
708 206 12 14 0.062605746 
544 182 9 12 0.062425718 
882 97 8 11 0.06236335 
124 562 13 18 0.06234075 
617 182 9 12 0.06231415 
349 354 16 18 0.06229745 
375 78 8 10 0.062260788 
104 119 8 11 0.062241193 
435 188 12 15 0.06221156 
174 158 9 12 0.06218028 
934 110 9 10 0.062153853 
885 389 16 20 0.06212211 
286 38 8 9 0.0618745 
609 136 10 11 0.06184374 
691 337 15 19 0.061824527 
794 325 13 16 0.061790146 
418 102 7 9 0.061727095 
270 135 10 12 0.061715253 
328 406 11 15 0.061641857 
778 264 14 16 0.061630152 
939 94 8 11 0.06140641 
11 262 13 15 0.061349913 
488 72 8 9 0.0612696 
656 345 13 17 0.061156366 
312 12 8 11 0.060993396 
303 219 12 16 0.06087274 
110 338 14 16 0.060835022 
159 5 8 10 0.06078176 
107 47 7 9 0.06070925 
540 164 10 13 0.060667172 
632 31 9 12 0.060653828 
302 54 8 10 0.060609378 
214 142 8 11 0.060572397 
372 326 11 13 0.06047541 
263 125 10 12 0.060390055 
253 206 9 12 0.060385417 
139 245 11 15 0.06035416 
1011 458 12 18 0.060307425 
1011 125 12 14 0.06023541 
793 191 10 13 0.060230322 
620 204 11 14 0.060151454 
654 433 12 17 0.06009109 
720 221 11 14 0.059981976 
916 394 16 20 0.059969824 
619 291 15 17 0.05995018 
752 228 12 16 0.05978854 
576 235 11 15 0.05978668 
541 195 13 15 0.059695903 
1001 139 10 12 0.059660908 
49 85 8 12 0.059651647 
850 201 12 14 0.05959239 
477 101 8 10 0.059561707 
105 347 14 16 0.059528593 
296 413 12 16 0.05924957 
1010 232 13 16 0.059214912 
584 78 9 11 0.059092972 
340 642 15 19 0.059083283 
728 84 10 13 0.058911532 
688 96 8 10 0.058886882 
837 511 13 19 0.05885898 
447 240 14 16 0.058812182 
529 116 8 10 0.058709797 
677 263 13 13 0.058674973 
334 39 8 9 0.05866731 
903 118 9 11 0.058602426 
113 140 9 11 0.05851321 
677 52 9 11 0.05843567 
759 311 12 17 0.05842517 
600 37 9 11 0.05834168 
863 103 8 10 0.05831749 
302 424 13 18 0.058296323 
539 206 15 19 0.058229394 
769 7 8 10 0.05816485 
600 223 11 12 0.058163848 
774 237 10 13 0.058013793 
829 134 10 13 0.058001883 
617 14 8 11 0.057963286 
430 103 7 9 0.057906218 
743 40 9 11 0.057827502 
253 140 9 12 0.057556566 
369 168 9 12 0.0575332 
671 547 18 25 0.05750079 
717 262 13 15 0.057496663 
453 31 7 9 0.057460994 
948 301 12 17 0.057418674 
615 32 8 10 0.057345428 
793 567 15 20 0.057251412 
844 253 13 16 0.057125904 
207 135 7 9 0.057109743 
878 206 13 16 0.056965955 
458 87 7 10 0.056854047 
89 143 10 12 0.056852244 
90 81 7 9 0.056832768 
971 348 13 16 0.0567897 
710 67 9 12 0.056647256 
336 9 7 9 0.0565718 
673 413 17 20 0.05651937 
246 22 8 11 0.05647489 
761 180 9 12 0.056405056 
111 178 10 13 0.056373186 
370 126 8 10 0.05629779 
400 310 9 13 0.056292392 
205 347 16 18 0.056253307 
391 148 10 12 0.056187276 
645 339 14 17 0.0561179 
812 305 13 18 0.0560425 
57 182 11 12 0.055997048 
88 56 7 10 0.055971254 
497 96 7 9 0.05593734 
607 30 8 9 0.055916112 
446 413 13 17 0.055827036 
1000 61 9 12 0.055779777 
399 87 8 11 0.055750098 
505 127 8 11 0.055747267 
565 182 9 10 0.05573532 
175 69 7 9 0.055727415 
965 115 10 13 0.055705 
823 547 14 19 0.055703823 
310 247 11 13 0.055479515 
190 148 9 12 0.05547105 
393 64 8 9 0.055467058 
920 7 8 10 0.055446446 
190 23 7 9 0.0553445 
750 410 17 21 0.055343173 
96 114 8 10 0.055336136 
918 248 12 17 0.055275854 
246 112 9 11 0.055093244 
832 139 10 13 0.05508108 
346 32 7 9 0.05504444 
671 101 9 12 0.055014286 
396 222 13 17 0.054982986 
932 297 15 21 0.05489566 
817 210 12 14 0.054890048 
4 162 10 14 0.054829597 
192 86 9 10 0.054710403 
557 119 7 10 0.054679893 
306 88 8 10 0.054667365 
142 236 11 14 0.05466496 
959 32 9 10 0.054345503 
341 87 9 11 0.05397781 
189 102 8 11 0.053638473 
696 78 8 12 0.053610582 
846 115 10 12 0.053578567 
273 54 9 11 0.053496297 
428 294 14 18 0.05338627 
335 377 13 17 0.053376183 
906 268 12 15 0.053367488 
166 149 8 11 0.0532962 
846 92 8 10 0.053281512 
153 79 8 9 0.053278077 
528 128 8 10 0.053180486 
185 62 9 11 0.053146586 
781 160 9 11 0.053069457 
289 23 7 10 0.052987106 
325 160 9 12 0.05292918 
721 227 11 15 0.052914985 
831 259 10 14 0.05286206 
78 298 14 17 0.052839983 
64 45 7 10 0.052836664 
366 111 8 10 0.052820917 
661 100 11 12 0.05278972 
183 229 11 14 0.05277395 
813 409 16 19 0.05276853 
645 297 14 17 0.052713573 
755 87 8 11 0.052634586 
934 153 10 12 0.05262554 
991 207 10 12 0.052584402 
418 96 7 10 0.052551433 
220 159 9 11 0.052540064 
575 135 8 10 0.052379034 
357 117 8 11 0.052279077 
154 335 15 18 0.0522292 
587 253 14 16 0.052106768 
215 323 13 16 0.052098356 
101 207 12 14 0.052085303 
994 327 16 19 0.05207225 
948 164 10 14 0.05204525 
325 109 8 11 0.052035876 
776 442 21 23 0.052003708 
173 111 8 11 0.05192022 
158 159 9 11 0.051844787 
798 308 14 16 0.051840525 
513 89 7 9 0.05180736 
795 209 13 16 0.051778384 
357 197 9 11 0.051749025 
165 102 8 10 0.051703356 
101 149 9 11 0.05169047 
496 64 6 9 0.05162475 
183 29 7 10 0.051556863 
187 348 12 17 0.05152818 
8 350 19 24 0.051521406 
801 572 13 18 0.051470764 
160 175 8 10 0.05146663 
639 35 8 11 0.05130831 
455 174 9 12 0.05127309 
120 192 11 13 0.051247418 
385 167 9 13 0.051170006 
632 184 9 11 0.05114215 
781 73 8 10 0.05113597 
376 62 7 9 0.05110042 
544 137 9 10 0.051026575 
505 149 10 12 0.051020354 
106 573 17 20 0.05101824 
357 190 9 12 0.050980765 
952 174 11 15 0.050977368 
874 15 7 11 0.050973542 
358 207 10 11 0.05084718 
87 113 8 10 0.050751977 
59 318 14 18 0.05073911 
400 198 9 14 0.050721824 
970 261 13 15 0.05071937 
470 40 7 9 0.050718635 
380 299 10 15 0.050684847 
192 120 8 10 0.050664354 
532 207 14 16 0.050653324 
103 396 12 16 0.05062415 
71 63 8 10 0.05059732 
211 353 14 17 0.050579827 
926 110 8 11 0.05050786 
662 60 9 11 0.050474904 
716 123 10 12 0.0503378 
297 96 9 11 0.050336774 
296 56 7 9 0.050174512 
439 341 10 15 0.05015145 
991 102 8 11 0.050105043 
663 0 9 8 0.050083395 
732 278 12 15 0.050048053 
631 8 8 10 0.050037455 
680 177 12 15 0.05000024 
759 113 10 12 0.04999699 
960 15 10 11 0.04997276 
494 375 13 17 0.049970023 
710 79 9 11 0.04991175 
94 366 15 21 0.049768936 
507 404 13 15 0.049765922 
842 101 8 10 0.049706507 
102 158 9 11 0.04966668 
508 167 10 11 0.049664926 
749 102 10 13 0.049627986 
511 188 10 13 0.04962697 
383 152 9 11 0.04960269 
863 109 9 10 0.04959071 
482 143 9 12 0.049587764 
655 135 11 14 0.049572684 
635 294 13 16 0.04955624 
544 25 8 10 0.04955583 
246 88 8 11 0.049503267 
208 141 8 11 0.04943529 
927 210 11 15 0.049406968 
983 207 10 12 0.04938572 
355 381 12 14 0.049339853 
626 360 15 20 0.04924511 
533 141 9 10 0.049152434 
373 148 10 13 0.04914799 
868 186 10 14 0.049079668 
223 121 8 10 0.04899478 
524 387 13 16 0.048993126 
374 332 10 14 0.048954748 
525 218 11 15 0.04893373 
747 283 12 16 0.048841316 
831 287 12 14 0.048799332 
798 102 10 12 0.048793476 
224 252 12 15 0.048704013 
173 353 13 17 0.048683275 
71 118 9 12 0.048598863 
740 53 10 11 0.048591536 
487 371 12 15 0.04857801 
213 88 9 11 0.048546642 
787 371 16 18 0.048530847 
450 269 13 15 0.048467755 
981 86 8 11 0.048463847 
249 31 7 9 0.04840844 
308 425 15 20 0.04835011 
535 110 8 11 0.0483343 
85 135 9 9 0.048240833 
819 85 10 12 0.04823236 
579 15 8 10 0.04821425 
867 123 10 12 0.04819558 
366 214 11 14 0.04818342 
703 46 9 11 0.048094753 
784 319 13 16 0.04806533 
191 70 7 10 0.048058525 
414 325 13 16 0.048048787 
160 137 9 11 0.04804667 
655 219 10 13 0.047973737 
160 231 10 13 0.047965266 
775 300 11 15 0.047906775 
479 88 7 9 0.047904078 
350 33 7 9 0.04784923 
63 126 9 12 0.047793996 
232 63 7 10 0.04774105 
741 95 9 11 0.047738753 
377 24 7 9 0.04773622 
322 102 7 9 0.047734097 
546 3 7 8 0.047687948 
47 155 10 13 0.047649123 
716 167 10 13 0.047603592 
623 64 8 11 0.0475757 
529 568 15 19 0.047515925 
977 39 8 10 0.04749559 
975 32 7 8 0.047370177 
735 46 10 12 0.047195498 
782 354 14 19 0.04714556 
925 342 15 19 0.047121983 
519 5 7 9 0.047034 
304 235 10 13 0.047024254 
54 86 8 11 0.047017403 
644 211 10 14 0.047002356 
985 631 25 33 0.046942182 
871 197 11 14 0.046919983 
777 202 12 15 0.04682772 
923 386 16 19 0.04682138 
265 134 9 12 0.046788983 
727 40 10 11 0.046777107 
761 212 12 15 0.046742015 
428 284 13 17 0.046718545 
661 182 11 14 0.046696335 
627 277 12 15 0.046663795 
592 62 8 10 0.04665642 
778 84 9 13 0.046526637 
220 269 11 15 0.04650888 
221 257 12 15 0.046488114 
474 487 15 20 0.04645995 
710 370 14 16 0.046457756 
142 364 12 13 0.046417564 
517 247 12 14 0.046373144 
925 117 10 11 0.046341516 
281 8 8 9 0.04632645 
43 364 15 19 0.04627727 
810 517 15 20 0.046103843 
96 124 8 10 0.046090137 
324 204 12 16 0.04599978 
615 46 9 12 0.04594268 
1002 53 9 12 0.04589252 
559 88 8 10 0.045885082 
590 304 13 17 0.045864865 
933 358 11 15 0.045851797 
397 432 13 18 0.045821555 
994 86 8 10 0.04581274 
811 267 11 14 0.045804862 
517 382 14 18 0.04578995 
399 383 12 16 0.045777585 
413 414 12 15 0.045755297 
329 93 8 10 0.04574864 
319 96 8 10 0.045744468 
398 315 11 15 0.04571551 
765 181 9 13 0.045703284 
281 38 7 9 0.045687065 
136 103 8 10 0.045664884 
302 40 7 10 0.04565709 
269 81 8 10 0.04563315 
460 165 9 12 0.04559999 
191 55 7 10 0.045556925 
103 29 8 10 0.045532964 
376 211 10 14 0.04551774 
282 72 7 9 0.04551575 
305 196 10 12 0.045492314 
806 92 10 11 0.045480397 
260 79 8 10 0.04543784 
797 36 11 12 0.04525321 
278 300 13 15 0.045170877 
744 195 9 13 0.0451576 
722 559 16 22 0.045128807 
927 221 11 15 0.045082834 
426 346 13 16 0.04507054 
46 151 9 11 0.045059256 
225 140 10 12 0.045040343 
260 531 15 18 0.045026727 
583 318 13 18 0.04502603 
288 169 11 15 0.04501994 
853 215 10 13 0.045011677 
652 246 11 14 0.044999212 
545 86 7 10 0.04499824 
527 95 7 9 0.04499176 
447 150 11 12 0.044986103 
701 293 13 17 0.044958983 
638 131 10 13 0.04494994 
352 203 10 13 0.04491643 
464 105 8 9 0.044894807 
3 483 14 18 0.044855952 
528 151 9 11 0.044834178 
418 79 7 10 0.04480369 
376 30 7 9 0.04479217 
482 63 6 8 0.044782545 
23 257 12 15 0.0447068 
342 365 14 17 0.044680424 
210 26 6 8 0.044553183 
809 103 9 11 0.04453765 
217 212 10 13 0.044487745 
414 375 15 17 0.044482812 
169 64 8 11 0.044444125 
1007 423 15 21 0.044444095 
439 371 11 16 0.044407222 
552 13 7 9 0.04436806 
202 246 13 16 0.044286378 
520 30 8 10 0.0442418 
199 239 12 16 0.044193987 
941 4 10 11 0.044074837 
736 123 9 12 0.044044532 
624 90 10 13 0.044026747 
520 300 13 17 0.04400869 
248 251 10 14 0.043940723 
86 48 7 9 0.04393916 
517 157 9 12 0.043921858 
507 232 13 15 0.043832656 
570 102 9 11 0.043826293 
372 197 11 13 0.043821707 
1012 302 11 14 0.043809596 
893 160 12 13 0.04361884 
797 192 12 16 0.043615174 
73 101 8 11 0.043579627 
67 186 10 14 0.043545164 
409 25 6 9 0.043511543 
417 140 9 11 0.04349276 
572 283 12 16 0.043456193 
436 301 12 15 0.04345609 
520 189 10 13 0.043428592 
838 229 11 15 0.043319378 
686 86 9 11 0.043304775 
366 99 9 11 0.043254733 
168 45 9 11 0.04324439 
766 0 9 9 0.043219097 
231 85 8 10 0.043191932 
100 167 9 12 0.04315308 
196 276 12 15 0.043113593 
598 68 9 11 0.043112334 
122 93 8 10 0.04311226 
486 238 11 13 0.04310925 
542 493 13 16 0.04310215 
95 135 9 10 0.043072753 
295 22 8 11 0.04303941 
639 48 8 10 0.043007277 
938 519 20 26 0.04300131 
113 570 20 25 0.04296705 
1001 108 10 12 0.042957556 
888 62 8 9 0.04293478 
371 348 11 15 0.04292794 
424 17 7 9 0.04291336 
639 88 11 13 0.042912886 
735 101 11 14 0.04289972 
168 157 10 13 0.042836525 
896 103 8 11 0.04282044 
658 385 16 21 0.042813182 
999 290 11 13 0.04280455 
466 24 7 9 0.042678613 
951 112 9 11 0.04265237 
865 40 9 10 0.04261719 
175 14 9 11 0.042549595 
367 205 10 13 0.04254788 
727 63 9 12 0.042539474 
878 282 14 17 0.04252766 
299 543 16 18 0.04242201 
415 47 8 10 0.04242114 
965 267 14 17 0.042417172 
997 67 10 12 0.04239744 
88 32 8 10 0.042394582 
877 79 8 11 0.042381044 
914 17 7 9 0.042333193 
912 133 10 13 0.042300012 
72 134 9 12 0.042297035 
295 172 10 13 0.04223 
743 545 16 19 0.042218074 
842 89 8 11 0.04218301 
796 110 11 14 0.042144716 
143 6 8 9 0.04212891 
517 226 13 17 0.042120848 
871 63 8 10 0.042110745 
959 291 13 16 0.042094514 
175 151 8 11 0.042051006 
983 157 11 14 0.04202923 
371 371 13 17 0.041948657 
680 103 9 12 0.041902278 
543 176 8 10 0.0418865 
542 96 8 10 0.04185111 
749 76 9 11 0.041846998 
7 86 10 14 0.041793335 
207 112 7 9 0.041786384 
428 158 9 11 0.04178566 
97 159 10 12 0.04176449 
126 403 14 19 0.041752852 
398 159 8 11 0.04172187 
675 238 14 16 0.041714333 
16 532 13 17 0.041681174 
77 153 10 11 0.041640628 
806 157 11 12 0.0416288 
185 56 9 9 0.041610513 
257 358 13 17 0.041609194 
416 73 7 8 0.041574296 
126 237 12 15 0.041550882 
751 144 9 11 0.041522406 
543 188 11 14 0.04151199 
482 56 7 9 0.04150285 
473 1 7 8 0.041453112 
679 111 10 12 0.041358862 
65 132 8 11 0.041319657 
562 55 7 10 0.041279733 
357 152 10 12 0.04122914 
241 289 13 16 0.041184165 
645 118 10 13 0.041146114 
342 7 8 10 0.041061092 
653 13 9 12 0.041040484 
586 117 8 11 0.04103608 
716 278 14 18 0.040958397 
382 293 11 15 0.040946633 
687 46 9 12 0.040795512 
283 228 10 13 0.040730573 
820 154 12 14 0.040707644 
527 86 8 11 0.040674753 
578 167 8 10 0.040611368 
235 142 10 12 0.040607248 
253 47 8 10 0.040592443 
1000 644 22 32 0.040589098 
358 237 12 16 0.040577926 
48 72 7 10 0.04055626 
214 24 7 9 0.040524494 
465 125 9 11 0.040480077 
791 196 11 13 0.040479355 
558 329 13 16 0.040405463 
245 354 15 18 0.04035611 
651 7 11 12 0.040354725 
209 29 8 10 0.040347878 
885 329 14 17 0.04031846 
287 182 9 12 0.040311363 
391 182 11 15 0.040265758 
696 62 9 11 0.04024076 
158 381 14 19 0.040236212 
215 124 8 11 0.040191308 
615 126 9 11 0.0401758 
741 104 18 23 0.040144335 
441 103 8 10 0.040096752 
26 239 12 15 0.040093943 
256 118 8 11 0.04007373 
208 101 8 11 0.040052995 
704 80 9 11 0.040033713 
742 212 11 13 0.040032186 
447 484 13 18 0.040023185 
561 0 8 9 0.039978415 
406 411 13 18 0.039917227 
511 57 7 9 0.03985545 
349 64 9 10 0.03982364 
658 531 23 32 0.039756376 
147 456 15 19 0.039731182 
989 219 12 15 0.039721537 
984 104 8 10 0.0397211 
783 171 9 12 0.0397143 
494 15 7 10 0.03970402 
434 284 14 17 0.0396595 
94 96 9 11 0.039585084 
469 461 17 21 0.039584883 
503 81 7 9 0.039474916 
484 323 10 13 0.03947247 
409 47 8 10 0.03942486 
524 518 18 25 0.039416403 
253 54 9 11 0.039413862 
965 416 14 19 0.03940992 
782 29 9 11 0.039405543 
630 318 11 16 0.039356995 
793 31 9 11 0.03933629 
933 206 11 14 0.03930183 
103 133 8 11 0.039293926 
0 514 13 20 0.039280266 
550 25 8 10 0.039256018 
15 152 11 15 0.039196823 
693 205 9 13 0.03913608 
740 21 9 11 0.039126806 
557 125 9 11 0.039122254 
376 340 11 15 0.038979903 
350 269 11 15 0.03897379 
966 31 8 10 0.03894485 
822 406 15 20 0.038833223 
647 318 15 18 0.038820356 
758 227 12 16 0.038818326 
249 213 10 13 0.03879176 
489 14 8 10 0.038785234 
262 189 9 11 0.038762286 
1006 14 8 10 0.03872497 
570 349 14 18 0.038666703 
821 8 8 11 0.03866398 
549 64 7 9 0.03862344 
0 443 15 20 0.03861958 
0 339 11 18 0.038599003 
400 126 8 10 0.038580284 
894 96 9 11 0.03856332 
408 110 8 10 0.038531166 
496 247 10 12 0.038528085 
961 1 10 11 0.038517866 
849 164 10 12 0.038491618 
555 185 12 14 0.03847394 
944 364 13 16 0.0384685 
873 85 8 11 0.0384315 
337 60 9 10 0.03842447 
438 72 7 9 0.038393702 
460 465 15 19 0.038364533 
282 78 8 10 0.038357433 
303 78 7 9 0.038329545 
505 39 8 11 0.038304318 
391 32 6 8 0.038296554 
520 572 19 22 0.038275167 
21 70 7 10 0.03824243 
254 92 8 11 0.038237657 
190 172 9 12 0.038234092 
64 94 9 11 0.038193073 
647 133 10 13 0.038169052 
731 411 13 17 0.038163282 
933 116 10 12 0.038142398 
342 174 11 14 0.03813512 
32 520 15 19 0.038128346 
389 372 11 16 0.038120385 
503 64 7 8 0.038084798 
327 212 12 13 0.03805495 
765 111 10 12 0.038039874 
569 76 8 11 0.03802201 
299 46 7 10 0.038008217 
471 108 7 10 0.03799145 
97 415 15 18 0.03794081 
811 418 17 20 0.03793245 
995 252 15 18 0.037924338 
578 174 8 10 0.037915085 
105 111 8 10 0.037912752 
542 470 13 16 0.037893612 
157 390 15 20 0.03788073 
54 341 13 16 0.03787521 
688 453 17 21 0.03786792 
864 44 10 12 0.037858248 
386 48 8 10 0.037853193 
681 37 10 11 0.037814222 
511 418 14 17 0.03777326 
109 234 12 16 0.03775244 
166 96 9 10 0.037748888 
646 36 8 11 0.037747357 
150 93 8 10 0.03769912 
883 358 11 14 0.0376465 
838 411 16 19 0.037643153 
1 476 14 17 0.037604187 
805 142 9 11 0.03755937 
232 279 12 15 0.03755321 
625 133 9 12 0.037552893 
566 11 8 10 0.03753133 
950 89 9 11 0.03751006 
188 307 12 15 0.037491597 
132 295 14 17 0.037479132 
244 246 11 14 0.037478603 
921 115 10 12 0.037446085 
125 288 16 18 0.037407774 
195 513 14 20 0.037365474 
407 103 8 10 0.037364893 
166 252 12 14 0.037353653 
830 102 9 11 0.037273917 
508 411 15 17 0.037206117 
72 96 9 11 0.037204526 
461 560 21 25 0.03716695 
317 457 14 18 0.03713735 
163 321 13 16 0.037127595 
672 219 11 14 0.037112884 
135 155 11 13 0.037098203 
200 120 8 10 0.037069127 
158 79 8 10 0.036994692 
604 205 11 14 0.036972072 
314 61 8 10 0.036947824 
295 72 8 10 0.03693421 
809 72 8 10 0.036884267 
229 164 11 13 0.036865868 
491 150 10 12 0.036859013 
462 9 7 9 0.036815837 
869 268 13 17 0.03679896 
449 198 11 14 0.036787346 
506 133 9 11 0.03676103 
1006 388 10 13 0.036760602 
473 196 10 12 0.036745258 
737 16 8 10 0.036739863 
993 237 11 13 0.036703605 
627 330 14 19 0.036667224 
734 224 12 14 0.036644366 
998 626 25 31 0.036616914 
679 80 9 11 0.036610503 
879 163 12 15 0.03659359 
457 8 8 10 0.036558345 
237 177 11 13 0.036553655 
975 315 11 15 0.036544703 
856 117 8 11 0.036509447 
496 280 12 14 0.03646179 
279 199 10 13 0.036417168 
741 67 17 22 0.036396243 
178 241 13 15 0.036366563 
374 72 8 10 0.03631205 
624 32 9 11 0.036308438 
353 56 8 9 0.036219854 
896 255 11 15 0.036214385 
407 120 8 11 0.03620218 
36 169 11 14 0.03619656 
853 88 8 10 0.036190573 
968 426 19 23 0.036158044 
418 440 15 18 0.03614534 
646 21 9 12 0.03613648 
598 526 16 18 0.036121245 
905 61 9 11 0.036118407 
638 68 9 11 0.036111914 
138 89 7 9 0.036102388 
725 190 11 13 0.036082756 
0 214 8 13 0.036056835 
361 8 7 8 0.036047935 
703 69 9 12 0.03602257 
573 125 8 11 0.03601809 
313 32 7 9 0.03601213 
616 79 9 12 0.03598519 
451 379 13 16 0.035981186 
630 77 9 12 0.035954718 
501 246 10 13 0.035911664 
725 368 15 19 0.035908766 
589 458 13 17 0.03589773 
326 24 9 11 0.035889193 
423 182 9 11 0.03588016 
26 357 15 20 0.035806492 
112 152 8 11 0.035769686 
270 162 10 12 0.035743542 
102 172 9 12 0.03571809 
510 247 12 14 0.035706174 
878 108 9 11 0.035703544 
821 295 12 15 0.03569887 
553 103 8 10 0.03567038 
859 146 12 15 0.035670046 
686 110 9 11 0.035664823 
684 496 13 18 0.03564726 
909 157 9 12 0.035629183 
768 118 19 22 0.035622634 
848 211 11 14 0.035598706 
867 284 14 18 0.035571508 
595 300 13 17 0.035542414 
556 565 14 17 0.035521436 
247 163 10 13 0.035505548 
943 89 11 13 0.03549872 
863 257 13 16 0.03549118 
504 71 7 8 0.035468172 
221 179 11 14 0.035459153 
487 54 8 10 0.03543309 
522 64 7 9 0.035419215 
941 188 12 14 0.03541179 
463 118 8 10 0.03539785 
635 468 15 19 0.035373922 
675 311 14 19 0.03537311 
863 95 9 11 0.03536764 
605 112 11 13 0.035365228 
621 244 11 14 0.035355885 
184 419 13 16 0.03534906 
573 38 9 10 0.03533014 
135 48 7 9 0.03531619 
517 150 9 11 0.03530406 
695 137 18 23 0.035275638 
494 167 9 11 0.035274237 
775 63 9 12 0.035238296 
57 176 9 10 0.035236027 
438 395 12 14 0.035226204 
311 268 12 15 0.03520636 
241 41 7 10 0.035117302 
286 9 7 8 0.03510861 
342 93 9 11 0.035104804 
271 40 7 8 0.035083983 
131 196 10 12 0.035057694 
622 104 10 13 0.035042994 
66 111 8 11 0.035032496 
790 556 15 19 0.03496597 
968 64 8 10 0.034946874 
560 24 8 10 0.034934476 
106 426 13 18 0.0349312 
945 463 20 24 0.034928787 
667 481 14 20 0.034918573 
540 300 12 15 0.03491649 
884 297 13 16 0.034874946 
342 48 7 9 0.0348666 
950 131 12 15 0.03486091 
586 183 9 11 0.03484669 
256 39 8 9 0.03477518 
407 134 9 11 0.034771655 
829 417 14 18 0.034760363 
150 278 12 14 0.03475177 
148 386 17 19 0.034721177 
57 44 8 11 0.0346938 
460 159 10 11 0.034645684 
670 0 9 9 0.034632076 
790 242 12 16 0.03461785 
72 140 9 11 0.03461739 
397 181 10 12 0.034594472 
479 6 6 9 0.03454598 
616 175 10 11 0.034542497 
433 71 6 9 0.03452036 
487 301 11 14 0.034507807 
489 131 10 12 0.034499686 
802 94 9 11 0.034494165 
719 81 9 11 0.03448923 
863 594 14 19 0.034447234 
705 63 9 12 0.0344181 
193 131 9 11 0.0344181 
8 100 11 14 0.03436889 
423 188 11 14 0.034341905 
508 319 15 18 0.034331974 
903 125 9 10 0.034311242 
103 195 10 12 0.034289874 
345 115 9 11 0.034283385 
172 341 14 17 0.0342792 
347 362 15 17 0.034258008 
288 14 8 11 0.034252405 
582 72 9 11 0.034179185 
936 102 10 12 0.034162547 
569 123 9 11 0.034113053 
887 160 11 13 0.03410094 
509 526 17 22 0.034098182 
177 164 9 12 0.034095872 
980 150 11 15 0.034073863 
915 212 13 16 0.034016024 
766 173 9 12 0.0339933 
677 399 15 19 0.03396123 
419 293 16 19 0.0339527 
958 37 10 11 0.03392788 
1005 499 17 20 0.033889968 
812 395 13 17 0.033882212 
135 136 8 10 0.033868663 
562 29 8 10 0.033755835 
277 124 10 12 0.033740424 
965 14 8 10 0.033723794 
588 199 13 16 0.03371497 
910 96 8 10 0.03371245 
480 155 10 12 0.033703905 
438 8 8 10 0.0336703 
60 346 13 16 0.033640057 
599 23 9 11 0.033625264 
620 329 13 19 0.03360119 
533 536 16 21 0.03358867 
773 356 13 18 0.03357225 
347 278 14 17 0.033571616 
747 258 13 15 0.03356468 
434 31 8 9 0.033547707 
376 132 9 11 0.033547137 
929 86 7 10 0.033544015 
582 167 8 10 0.033541493 
429 355 12 15 0.033501323 
739 228 12 16 0.03344607 
766 269 11 15 0.033424176 
758 62 8 10 0.03342349 
654 70 10 12 0.033415064 
767 164 10 13 0.033377707 
341 268 12 16 0.033355176 
731 23 9 12 0.033281673 
814 295 10 13 0.03324435 
191 63 7 10 0.033227663 
669 40 10 11 0.033202156 
77 140 10 12 0.033182856 
505 31 7 8 0.033181828 
221 352 15 22 0.033172473 
375 159 8 11 0.03314091 
980 282 12 15 0.033106074 
392 317 10 13 0.033075728 
506 45 7 10 0.03306071 
696 155 12 13 0.033044405 
709 112 18 23 0.032968294 
301 32 8 9 0.032966163 
704 206 10 13 0.03291934 
990 134 9 12 0.03291922 
974 475 14 19 0.03289997 
408 70 8 10 0.032878265 
759 270 12 14 0.032819364 
553 71 8 10 0.03279593 
733 77 11 13 0.032786094 
311 156 9 12 0.03277535 
297 31 8 10 0.032757923 
446 386 12 15 0.032754984 
445 436 14 17 0.03273652 
417 128 10 11 0.0327304 
469 345 18 23 0.032728657 
23 230 10 13 0.03268217 
223 121 17 24 0.03266293 
854 93 8 10 0.03266013 
904 96 10 11 0.03265636 
822 173 10 13 0.032634635 
362 30 8 10 0.03263428 
805 79 9 12 0.032632723 
828 243 13 15 0.032541506 
680 91 9 12 0.032531198 
661 459 13 16 0.032517955 
105 65 7 9 0.03250298 
236 197 11 13 0.032454707 
232 146 10 13 0.03242855 
186 69 8 10 0.032420546 
487 48 9 10 0.0323974 
276 528 16 19 0.032375205 
453 483 13 17 0.032344196 
887 185 11 14 0.032342423 
623 235 11 14 0.03232628 
756 88 18 23 0.032324176 
164 410 13 17 0.032307416 
585 38 9 11 0.032305922 
481 116 9 12 0.032252956 
302 247 12 14 0.03224972 
806 149 9 11 0.032249562 
538 79 8 9 0.032245897 
229 461 15 17 0.032239642 
1014 243 11 15 0.0322106 
550 3 8 8 0.032200426 
919 1 8 8 0.03219358 
262 183 9 12 0.032188777 
178 29 9 10 0.03218182 
790 349 12 15 0.03217883 
263 57 8 10 0.03214023 
480 243 10 12 0.03212098 
407 155 17 21 0.03211757 
224 109 7 10 0.0320774 
145 24 8 10 0.032056727 
881 54 8 10 0.03204215 
249 135 9 12 0.032031294 
673 148 9 12 0.03202333 
96 209 11 13 0.032020904 
507 310 14 17 0.032016262 
296 221 10 15 0.03201155 
624 259 11 15 0.032004528 
751 324 13 17 0.0319659 
506 222 13 16 0.031949427 
80 112 9 11 0.031948525 
392 15 8 10 0.031931575 
957 301 14 17 0.031833667 
953 243 12 15 0.03181159 
78 99 8 11 0.031808846 
210 315 14 17 0.031808816 
795 520 14 16 0.031790357 
221 346 13 18 0.03177256 
168 86 8 10 0.031768568 
425 335 13 17 0.03176494 
455 479 20 25 0.031761046 
128 119 8 11 0.031728517 
385 189 10 13 0.031670865 
261 73 18 23 0.031617332 
479 136 9 11 0.031600017 
432 451 13 16 0.031578057 
782 378 15 19 0.031560354 
132 28 8 11 0.03153852 
118 152 9 10 0.031524092 
796 360 14 19 0.03147693 
199 70 8 11 0.03145941 
535 545 14 19 0.031401895 
153 142 9 12 0.031393103 
855 314 13 16 0.031383358 
914 188 11 14 0.031370834 
26 525 16 20 0.031361762 
369 118 7 11 0.031324256 
871 22 8 11 0.031295467 
696 110 9 12 0.031291645 
330 36 8 10 0.031245492 
992 12 9 11 0.031237155 
832 96 9 11 0.03122118 
100 143 10 12 0.031217547 
172 485 12 16 0.031210171 
972 142 10 12 0.03120225 
471 56 8 9 0.031167237 
725 173 9 12 0.031164585 
431 123 10 12 0.031108843 
920 23 8 10 0.031098425 
321 24 8 9 0.031055493 
201 183 11 14 0.03100348 
555 243 13 16 0.030966014 
398 15 7 9 0.030959532 
364 226 12 17 0.030935623 
369 16 7 9 0.030860532 
105 24 7 10 0.030840894 
1015 77 9 11 0.030837066 
648 60 9 12 0.03083387 
675 137 16 22 0.030805562 
999 13 8 10 0.030799186 
111 308 12 17 0.030784726 
405 93 9 11 0.030780284 
53 78 9 11 0.03076235 
639 14 8 12 0.03075233 
456 93 8 10 0.030722732 
630 69 10 11 0.030697769 
644 94 10 12 0.030684777 
72 151 11 14 0.030673916 
236 210 13 16 0.030666433 
296 78 7 10 0.030660756 
249 52 9 11 0.03065311 
991 96 8 9 0.030647215 
431 184 10 12 0.030616123 
158 164 9 12 0.030599033 
502 92 8 10 0.030589545 
429 219 10 13 0.030547477 
952 184 13 17 0.030540213 
558 104 8 10 0.030539386 
780 277 13 16 0.030529458 
139 388 16 18 0.0305243 
733 5 7 10 0.030521234 
1004 24 8 10 0.030489985 
238 375 16 20 0.03047021 
878 71 8 10 0.030463653 
993 79 9 10 0.030445857 
900 242 13 16 0.030422963 
274 305 15 18 0.030395433 
858 157 12 16 0.030368296 
209 55 8 9 0.03036112 
97 25 7 10 0.030322429 
989 578 17 22 0.030292034 
889 115 9 12 0.03028593 
822 259 11 15 0.03025267 
448 209 13 16 0.030233279 
513 17 8 9 0.03021601 
167 176 8 10 0.03020115 
600 13 8 10 0.03018976 
670 62 9 12 0.030186767 
313 23 7 9 0.030161485 
703 116 10 12 0.030150438 
646 251 12 16 0.030131703 
985 0 8 8 0.03011867 
399 73 7 9 0.030090371 
783 7 8 10 0.030068558 
439 171 10 13 0.030044489 
606 197 9 13 0.030027242 
535 159 11 13 0.030019341 
824 197 11 15 0.029999394 
796 348 13 16 0.029976841 
958 163 13 16 0.0299714 
970 89 9 10 0.029963644 
622 127 9 11 0.02996044 
466 30 6 9 0.02995916 
208 152 8 10 0.029905362 
807 45 9 11 0.029886402 
821 79 10 11 0.02983953 
494 70 7 9 0.0298026 
1006 329 13 17 0.029784845 
127 136 9 11 0.029774524 
436 195 12 15 0.02976322 
819 128 19 21 0.02974824 
87 148 11 12 0.029737419 
903 1 9 9 0.029724097 
670 164 10 14 0.02971028 
217 237 10 13 0.029696563 
662 427 15 21 0.02963802 
183 160 10 13 0.029621333 
176 92 8 11 0.02957251 
732 489 13 17 0.029526075 
687 22 9 11 0.029508905 
62 247 12 14 0.029507095 
230 174 11 12 0.029495118 
593 1 7 8 0.029484197 
159 85 7 10 0.02946104 
296 62 8 10 0.0293802 
470 301 12 14 0.029347105 
337 74 8 9 0.029328827 
427 277 12 15 0.02932505 
201 111 7 9 0.02927561 
900 72 17 23 0.02926842 
743 291 11 15 0.02926726 
702 285 11 15 0.029262235 
46 267 12 14 0.029246774 
202 104 7 10 0.029234583 
318 247 12 15 0.029214552 
783 226 11 14 0.02921039 
485 366 11 15 0.029195974 
417 111 8 11 0.02919061 
727 107 10 13 0.029153548 
946 159 11 13 0.029145557 
407 88 8 11 0.029142277 
757 174 9 13 0.029130705 
191 259 12 16 0.029128924 
126 204 12 16 0.029057886 
358 180 9 12 0.029015552 
815 127 12 13 0.028982148 
453 441 14 17 0.02898154 
36 595 15 18 0.028967094 
601 227 14 17 0.028966155 
982 53 8 10 0.028925491 
63 88 8 10 0.028919227 
888 85 8 10 0.028917281 
828 148 11 13 0.028911361 
482 47 7 9 0.028900616 
286 30 8 10 0.028898275 
142 117 8 11 0.028896397 
295 275 12 17 0.028885515 
568 236 10 13 0.028870655 
664 173 9 12 0.028870292 
181 332 14 17 0.028866107 
438 182 10 14 0.028859805 
690 392 15 19 0.028847318 
612 133 10 12 0.028815424 
458 197 12 14 0.028803296 
917 194 12 16 0.028802454 
914 363 14 18 0.028768834 
382 246 11 14 0.028760782 
978 618 24 33 0.028758958 
134 447 14 17 0.028739588 
382 373 13 18 0.028725384 
567 542 17 20 0.028711146 
185 107 8 12 0.02870305 
481 143 18 23 0.028686855 
32 603 21 28 0.028677458 
582 174 8 11 0.02865733 
5 237 12 15 0.028650591 
973 341 12 15 0.028642016 
708 229 11 14 0.028637465 
918 86 9 11 0.028630557 
237 324 15 19 0.028610768 
52 526 16 21 0.028595142 
354 17 7 9 0.028587261 
617 283 12 16 0.028559018 
231 197 11 12 0.028551968 
997 369 15 18 0.02855181 
928 237 11 14 0.028545735 
29 311 17 22 0.028543537 
842 515 15 21 0.028481057 
454 147 12 14 0.028470859 
429 165 10 13 0.02845799 
478 2 7 7 0.028454997 
703 235 12 16 0.028453546 
653 332 14 18 0.028449696 
351 77 8 11 0.028425317 
60 235 11 14 0.028420089 
671 252 12 15 0.02840979 
641 7 8 11 0.028406354 
569 136 9 10 0.0284028 
117 235 12 15 0.028401747 
553 167 8 11 0.028396484 
464 376 14 18 0.028388007 
839 173 11 15 0.028386386 
482 316 12 15 0.028371643 
136 118 8 11 0.028367382 
981 276 13 15 0.028365139 
430 322 13 17 0.02835393 
1004 162 10 13 0.028349096 
567 253 11 16 0.028344974 
864 31 8 9 0.028344959 
716 293 13 17 0.028336512 
488 172 11 15 0.02823881 
538 181 9 11 0.028226295 
743 0 8 9 0.028209519 
561 38 9 11 0.028208012 
615 102 10 11 0.028197102 
1004 435 16 20 0.028196726 
609 377 14 19 0.02817028 
295 246 10 12 0.028149558 
1012 267 11 15 0.02812163 
820 301 18 24 0.028082233 
31 616 17 22 0.028071104 
383 135 9 10 0.028066127 
242 113 17 23 0.02806596 
278 99 18 22 0.028053628 
87 94 9 11 0.028052159 
925 125 11 13 0.028045317 
353 131 18 23 0.02802688 
519 183 9 11 0.028011076 
256 32 7 9 0.027986733 
495 97 17 24 0.027986381 
493 310 15 16 0.02796752 
213 359 14 18 0.027954752 
16 161 10 14 0.027953375 
580 240 19 22 0.027948648 
740 342 14 18 0.027948324 
762 464 16 21 0.027906014 
1004 60 9 12 0.027904414 
184 95 7 9 0.02789098 
758 80 9 10 0.027887937 
142 276 12 15 0.027879965 
247 63 8 9 0.027872797 
891 79 8 10 0.02786906 
301 282 14 18 0.027852563 
745 147 10 14 0.027840761 
512 505 14 20 0.027839378 
304 110 8 10 0.02783894 
999 116 8 12 0.027831456 
401 39 7 8 0.027775072 
299 356 16 22 0.027760502 
214 28 7 10 0.027749497 
559 167 8 11 0.027725602 
669 27 10 12 0.027723312 
525 182 9 12 0.027716115 
917 653 15 18 0.027699362 
682 277 14 16 0.027676057 
944 16 8 10 0.027667968 
98 275 14 17 0.027659606 
168 242 12 16 0.027653009 
415 31 7 9 0.027635345 
979 240 11 13 0.02762901 
95 6 7 9 0.027625142 
361 88 17 22 0.027620913 
270 31 8 10 0.027599515 
488 64 8 9 0.027591653 
624 40 8 10 0.027539464 
183 261 12 15 0.02753751 
351 152 10 12 0.027528483 
517 494 16 19 0.027502755 
774 339 15 19 0.027476648 
802 296 15 17 0.027453309 
4 182 10 15 0.027448215 
319 15 8 10 0.027448202 
321 545 18 21 0.027424637 
398 269 11 14 0.027412012 
489 9 7 8 0.027389796 
658 29 9 11 0.027389562 
273 103 9 12 0.027374052 
686 133 10 13 0.027356157 
532 150 10 11 0.027347656 
854 135 10 11 0.027342658 
574 252 12 17 0.027336942 
932 271 14 17 0.027323581 
919 125 10 12 0.027320413 
254 266 13 17 0.027304491 
848 80 9 10 0.027283333 
942 344 15 18 0.027230985 
506 142 9 11 0.027205227 
975 64 7 10 0.027202222 
331 31 9 11 0.02720057 
901 584 21 28 0.027198123 
689 440 15 18 0.027187865 
742 268 13 16 0.027170638 
199 63 7 9 0.027161697 
142 1 8 9 0.027148658 
22 277 12 15 0.027146928 
585 188 10 13 0.02714341 
423 151 10 12 0.027141463 
1 331 13 16 0.027138537 
786 377 19 23 0.027120514 
470 45 7 9 0.027103245 
399 56 8 10 0.027101886 
990 108 9 12 0.027089821 
488 95 8 10 0.027085105 
321 348 12 15 0.027079448 
536 23 7 9 0.027071893 
53 576 14 18 0.02705801 
646 198 10 13 0.027054701 
757 163 11 14 0.027043773 
917 30 9 11 0.027033025 
372 219 11 15 0.027027529 
986 185 12 16 0.026988532 
822 284 11 15 0.026973967 
890 212 12 15 0.026967948 
993 64 9 11 0.026956918 
631 572 13 18 0.026944192 
86 187 13 16 0.02693479 
294 183 18 22 0.026925158 
316 105 19 23 0.026899898 
870 30 8 10 0.026888814 
248 206 10 13 0.026884096 
302 159 10 12 0.026881043 
398 364 12 15 0.026877355 
493 120 9 10 0.026870215 
555 559 24 27 0.026851559 
936 15 8 10 0.026841996 
110 52 8 10 0.02683798 
619 315 15 17 0.02682315 
564 286 14 17 0.026817149 
182 87 8 10 0.026779234 
499 406 19 24 0.026745211 
763 307 14 17 0.026733527 
886 141 10 13 0.02670264 
919 334 16 20 0.02670206 
442 95 7 9 0.026692333 
496 321 13 16 0.026668025 
455 103 8 10 0.026631752 
153 191 9 12 0.026594354 
636 414 19 25 0.026586851 
741 221 10 16 0.026570013 
606 426 14 18 0.026561566 
37 329 13 16 0.026549658 
288 126 9 11 0.026547363 
928 151 9 12 0.026539665 
904 109 9 11 0.026521437 
788 337 14 18 0.026500836 
514 86 19 24 0.02649737 
86 259 12 15 0.026492499 
597 210 13 16 0.026478026 
408 54 8 9 0.026472509 
687 80 9 12 0.02646765 
215 181 9 13 0.026466845 
302 119 9 11 0.026451515 
525 372 11 13 0.026450504 
335 417 11 15 0.026441915 
222 358 21 27 0.026438126 
706 357 14 17 0.02643723 
961 174 14 17 0.026435828 
724 387 14 19 0.02643552 
758 71 9 11 0.026431704 
319 45 7 9 0.02639422 
548 205 15 18 0.026387664 
657 124 11 13 0.02636075 
232 157 10 13 0.026355848 
990 226 12 16 0.02634799 
333 322 12 15 0.026319087 
42 603 15 22 0.026315236 
225 84 8 11 0.02631389 
899 320 14 16 0.026307225 
670 266 12 16 0.026289444 
698 338 14 17 0.02626135 
805 117 11 13 0.026248805 
152 71 8 11 0.026239676 
463 306 13 16 0.026205553 
655 38 10 12 0.026205512 
344 142 7 10 0.02619503 
315 283 12 17 0.02613735 
349 325 14 15 0.026125904 
224 97 8 9 0.026113108 
759 207 10 13 0.02611114 
226 135 20 24 0.026103184 
557 135 8 11 0.026099354 
175 118 7 10 0.026020678 
486 209 13 17 0.025999194 
132 238 13 15 0.025999088 
710 559 15 20 0.025972534 
63 118 9 11 0.025970418 
613 2 9 9 0.025948176 
58 54 7 10 0.025933737 
736 460 21 26 0.025928829 
841 62 8 10 0.02592143 
909 150 10 13 0.025916506 
636 139 12 13 0.025915753 
13 481 14 18 0.025913041 
247 70 8 11 0.025897313 
65 61 8 10 0.0258941 
231 120 7 9 0.025889989 
839 145 11 15 0.02587747 
146 41 7 9 0.025873555 
0 122 9 16 0.025853451 
328 315 11 16 0.02583697 
839 245 11 13 0.025817322 
652 293 12 16 0.02580167 
575 190 9 12 0.02579923 
852 260 13 17 0.025798187 
323 450 15 20 0.025784638 
664 17 11 13 0.02576325 
880 47 8 10 0.025731256 
214 55 7 9 0.025723226 
943 506 15 18 0.025717266 
1009 313 20 27 0.025715815 
638 321 11 16 0.025715109 
533 190 11 13 0.025683435 
184 144 8 10 0.025681425 
296 268 12 15 0.025655221 
385 197 10 13 0.02564774 
471 155 10 12 0.0256293 
203 515 14 21 0.025621198 
407 63 8 10 0.025612513 
935 88 8 11 0.02559563 
45 128 10 13 0.025590815 
659 310 14 17 0.025585739 
851 190 12 15 0.02558255 
647 139 12 14 0.0255472 
277 422 14 19 0.025543159 
33 143 11 13 0.025532076 
264 71 8 10 0.025520204 
800 394 15 18 0.025480725 
600 1 7 8 0.025462426 
549 195 13 15 0.025441837 
180 312 14 17 0.025412295 
684 307 13 18 0.025411857 
872 7 9 11 0.025399389 
163 331 13 17 0.025378907 
584 22 8 11 0.025371004 
528 101 8 10 0.025370587 
148 237 10 14 0.025356553 
832 460 12 15 0.025326367 
804 124 12 14 0.025323354 
655 182 10 12 0.025322754 
665 157 9 11 0.02531767 
963 461 14 17 0.025286943 
200 143 8 10 0.02526097 
301 22 8 10 0.025258059 
371 364 14 16 0.025244879 
893 105 19 23 0.02524158 
141 346 12 15 0.025215467 
648 1 8 9 0.025193084 
557 199 11 13 0.025182236 
905 192 12 15 0.0251747 
872 215 12 14 0.025170207 
50 400 15 18 0.025137372 
518 16 8 10 0.025120642 
900 142 14 15 0.025114264 
926 104 9 11 0.025112731 
563 209 12 15 0.025105726 
158 345 14 18 0.025105225 
184 24 9 11 0.025099825 
446 404 13 17 0.025096405 
841 237 10 12 0.02504971 
830 80 8 10 0.02504081 
692 352 15 19 0.025031703 
118 156 9 12 0.025026374 
80 53 8 10 0.025024276 
774 2 9 9 0.025001256 
793 62 8 11 0.024959952 
14 438 16 22 0.024950752 
996 2 9 10 0.024939002 
289 436 14 17 0.024938852 
795 155 11 12 0.024926893 
257 72 8 10 0.024894793 
997 212 11 15 0.024891915 
247 15 9 11 0.024864646 
611 368 15 19 0.024851924 
82 158 12 13 0.02483734 
512 156 9 11 0.02483123 
430 112 9 11 0.024807546 
575 45 9 11 0.024806362 
183 77 9 11 0.024778856 
758 235 11 14 0.024768762 
685 26 18 23 0.024737716 
835 134 19 23 0.024698801 
446 174 11 14 0.02469831 
1012 330 12 18 0.024697784 
134 345 13 16 0.024694644 
535 340 11 14 0.024676954 
703 187 12 15 0.024671951 
470 241 12 15 0.024671758 
511 31 8 10 0.02466532 
285 159 18 23 0.024651984 
543 111 8 10 0.024640806 
1005 352 13 18 0.024640312 
271 177 10 12 0.024610585 
192 78 7 10 0.024604985 
403 657 14 17 0.024591679 
299 331 12 15 0.02458803 
335 181 9 12 0.024579559 
264 150 18 23 0.02457327 
756 114 16 21 0.024567105 
589 101 10 12 0.024558166 
82 574 15 21 0.0245512 
534 197 11 13 0.024547625 
152 164 10 13 0.024545705 
424 412 15 18 0.024527041 
950 16 8 9 0.024524674 
610 530 17 21 0.024515195 
582 279 12 16 0.02451454 
0 145 18 24 0.024492217 
376 101 8 10 0.02449182 
400 32 6 8 0.024490131 
735 210 11 14 0.024462478 
322 142 9 11 0.024451794 
134 205 10 14 0.02445143 
199 150 9 10 0.02444504 
742 205 10 14 0.024410008 
278 251 11 14 0.024399959 
454 134 19 23 0.024398942 
1000 222 12 15 0.024395287 
168 164 8 11 0.02438816 
29 302 13 16 0.024349622 
501 517 22 26 0.024340535 
333 195 11 13 0.024339361 
475 378 11 15 0.02432713 
533 7 7 9 0.024324855 
353 95 8 10 0.024318263 
565 353 14 18 0.024313862 
198 87 8 10 0.024311656 
617 186 17 21 0.024309453 
844 309 11 16 0.024309043 
385 15 7 9 0.024301387 
551 239 11 13 0.024297986 
806 427 17 21 0.024285564 
559 473 14 18 0.024275273 
930 381 15 18 0.024273397 
510 513 16 22 0.02426134 
421 198 11 14 0.024255555 
303 444 12 17 0.024247572 
809 7 8 9 0.024239918 
980 212 13 16 0.024230992 
631 229 13 16 0.024227047 
385 37 7 8 0.02422689 
720 52 10 12 0.024226772 
990 139 10 13 0.024219146 
295 136 10 12 0.024213603 
742 64 9 12 0.024190158 
22 162 11 13 0.024186691 
783 142 10 11 0.024171773 
335 388 12 15 0.024171762 
292 137 18 23 0.024162676 
432 423 16 19 0.024156064 
683 240 12 15 0.024150345 
191 45 7 10 0.024133544 
837 356 12 16 0.024126679 
497 222 12 16 0.024125343 
318 8 8 10 0.024123937 
334 190 10 12 0.024110917 
254 247 11 13 0.024104303 
74 209 11 15 0.02409802 
918 15 8 9 0.024092818 
858 30 7 10 0.024090575 
717 111 10 13 0.02406656 
447 24 7 9 0.024065075 
831 53 9 11 0.024041628 
754 0 8 9 0.024033222 
476 364 12 16 0.024028787 
875 329 13 17 0.024007155 
526 425 14 19 0.02400492 
660 442 15 18 0.024004467 
137 79 7 9 0.024003955 
918 79 8 10 0.023989048 
203 332 14 16 0.023985455 
814 113 10 13 0.023981705 
472 132 8 11 0.023980154 
536 39 7 9 0.023965208 
670 290 16 18 0.023954798 
487 167 10 13 0.02386909 
44 141 11 14 0.02384673 
435 405 15 18 0.023800328 
30 331 12 15 0.02378871 
233 297 12 17 0.023771754 
911 128 9 11 0.02376826 
486 277 11 15 0.023762409 
151 45 7 10 0.023754738 
12 317 11 14 0.023751663 
655 58 10 12 0.0237407 
367 267 13 16 0.023739759 
716 206 12 14 0.023733106 
368 64 8 10 0.02372872 
222 151 9 12 0.02372796 
255 273 13 18 0.023727125 
2 464 15 20 0.023717854 
760 322 14 17 0.023714425 
974 376 11 14 0.023709705 
284 222 11 14 0.023684584 
140 292 14 18 0.02365964 
776 55 9 10 0.023655111 
241 112 9 10 0.02363668 
673 136 10 12 0.023632597 
416 117 8 10 0.023631841 
559 481 16 21 0.023617579 
132 372 14 18 0.02361741 
237 314 14 18 0.023611879 
878 158 10 13 0.023601482 
255 112 8 10 0.023600183 
329 369 11 17 0.023596834 
470 224 11 14 0.023585059 
0 369 7 13 0.023582302 
241 123 9 11 0.02357736 
191 110 8 11 0.0235766 
1010 198 20 27 0.023567231 
683 486 15 20 0.023566427 
1012 386 11 15 0.023546902 
360 61 8 10 0.023515046 
418 16 7 10 0.023511548 
262 113 9 10 0.02349134 
552 79 7 9 0.023487965 
726 415 16 20 0.023483038 
134 164 10 12 0.023470428 
496 22 6 9 0.02346481 
451 371 12 16 0.02344276 
856 63 9 11 0.02339933 
152 103 8 9 0.023395149 
101 354 14 17 0.023393381 
952 47 8 10 0.023374598 
789 21 9 11 0.02337452 
976 1 9 10 0.023369027 
131 393 16 19 0.023367088 
367 156 9 12 0.02335468 
766 187 9 12 0.023348344 
152 173 9 12 0.023336725 
797 243 11 15 0.023330238 
978 306 13 15 0.023302801 
524 175 10 12 0.02330092 
895 148 13 15 0.023272395 
350 126 9 10 0.02326961 
206 284 13 14 0.023267899 
243 335 16 21 0.023264509 
301 148 10 13 0.023236558 
74 154 17 22 0.023222746 
640 176 9 11 0.023196789 
848 332 15 18 0.023193963 
657 22 9 12 0.023186887 
837 220 13 17 0.023172345 
657 320 14 17 0.023170862 
294 193 12 16 0.023156289 
720 7 9 9 0.02313999 
517 125 9 11 0.023139477 
83 388 17 20 0.023122082 
432 97 7 9 0.023121746 
60 309 15 19 0.023119345 
784 359 20 23 0.02310901 
126 166 9 12 0.023079973 
182 402 13 17 0.023079047 
622 253 11 14 0.023076715 
769 70 8 11 0.023073265 
64 71 8 10 0.023069058 
876 242 13 16 0.023057837 
25 431 15 18 0.023050522 
171 16 8 10 0.023035944 
144 397 18 19 0.023027409 
882 583 22 25 0.023025269 
919 70 9 10 0.023007115 
372 228 13 16 0.022998195 
717 394 14 17 0.022995953 
835 189 12 15 0.02298872 
767 12 9 11 0.022964014 
942 22 8 10 0.022954239 
375 96 8 10 0.022949176 
775 11 17 22 0.022935752 
196 283 14 17 0.022931732 
-1 580 8 13 0.022917757 
181 14 9 10 0.022905169 
862 220 12 15 0.02290437 
29 228 10 12 0.022893377 
554 218 12 15 0.022886937 
385 114 16 21 0.022881342 
600 7 9 10 0.022866134 
155 318 16 18 0.022859113 
807 17 9 10 0.02285889 
141 231 11 13 0.022828288 
150 62 7 10 0.022826577 
13 62 8 11 0.022824274 
110 76 9 10 0.02281083 
269 80 18 24 0.022804575 
45 32 8 9 0.022800224 
428 394 12 16 0.022784708 
775 325 12 15 0.02278202 
466 67 18 23 0.022761881 
78 71 8 11 0.022750597 
7 116 11 15 0.022732107 
1016 87 9 12 0.022730974 
506 370 12 17 0.022726698 
965 351 15 18 0.02272257 
864 24 9 10 0.022684488 
361 98 9 12 0.022681411 
318 86 8 10 0.022678059 
52 201 12 15 0.022670412 
1008 119 18 24 0.022662006 
966 591 13 19 0.02264301 
461 442 12 16 0.022619352 
655 1 9 8 0.022610197 
472 322 11 14 0.022603575 
216 68 9 12 0.0225914 
405 223 13 16 0.022581827 
565 166 9 11 0.022579117 
272 214 10 13 0.02257841 
281 24 8 9 0.022574956 
790 229 10 14 0.022572678 
654 85 8 11 0.022563152 
731 18 18 23 0.022548184 
501 417 12 15 0.02253248 
975 198 10 14 0.022532325 
72 30 9 11 0.02252843 
374 183 10 12 0.022517554 
510 113 17 23 0.022509955 
782 149 11 13 0.022484623 
356 373 12 15 0.022483341 
753 317 11 15 0.022481699 
382 220 12 15 0.022472134 
144 62 8 9 0.022453118 
573 33 9 10 0.022451077 
365 286 14 16 0.022448013 
821 71 9 11 0.022438377 
150 526 16 20 0.022428611 
199 57 7 9 0.022415383 
375 475 12 16 0.02241534 
187 235 12 15 0.02241292 
668 381 18 23 0.022408765 
698 13 9 11 0.022392776 
907 578 16 20 0.022383519 
16 68 8 12 0.022359949 
489 178 11 14 0.02235774 
566 24 7 9 0.022344122 
479 30 7 9 0.022324493 
775 170 10 13 0.022322476 
997 234 13 17 0.022317262 
144 79 7 9 0.022312058 
534 95 18 23 0.022304172 
363 401 14 17 0.022300426 
493 142 9 11 0.022282597 
187 413 15 18 0.022274084 
750 470 21 25 0.022269338 
450 418 13 17 0.022250067 
566 176 8 11 0.022235312 
888 3 9 11 0.022233011 
331 81 19 23 0.022232492 
890 339 16 18 0.022225766 
616 21 9 11 0.02221601 
828 426 13 18 0.022214256 
908 299 12 16 0.022209294 
439 24 8 10 0.02219859 
711 261 12 15 0.022184884 
779 305 15 17 0.022171754 
397 104 9 10 0.02215652 
566 242 10 15 0.022155408 
561 0 18 23 0.022154793 
870 348 14 18 0.022153916 
806 1 8 8 0.022148931 
277 212 12 15 0.02214153 
903 206 11 14 0.022117121 
461 147 10 12 0.022113789 
336 23 7 10 0.022096716 
228 337 12 17 0.022082632 
652 147 13 16 0.022077896 
853 284 13 17 0.022077309 
1006 300 14 17 0.022075271 
328 48 8 9 0.022066107 
589 94 9 12 0.022062197 
674 202 11 14 0.0220588 
711 437 14 18 0.022048926 
295 15 8 11 0.022038164 
898 386 13 16 0.022025649 
1005 403 15 20 0.022023385 
663 6 10 11 0.022006817 
356 387 12 16 0.022000222 
752 61 9 10 0.021997256 
101 252 13 15 0.021984736 
431 64 7 9 0.021982357 
63 77 8 10 0.021976463 
478 23 7 10 0.021974623 
152 6 9 10 0.02196846 
453 404 11 16 0.02196656 
929 156 11 14 0.021965763 
262 195 11 14 0.02188603 
86 195 11 13 0.021860356 
1007 103 19 25 0.021823758 
57 117 9 12 0.021806037 
141 206 11 14 0.021796966 
256 577 14 19 0.021796102 
967 48 8 10 0.021792484 
910 322 13 16 0.021788763 
990 193 13 16 0.021786457 
913 23 9 10 0.02178574 
675 332 13 17 0.021774825 
238 147 17 22 0.0217611 
549 309 11 15 0.021758309 
664 149 10 12 0.021757685 
910 164 9 12 0.021757685 
664 165 10 12 0.021755777 
568 105 18 22 0.021752514 
812 81 19 22 0.021701703 
765 88 10 12 0.021691252 
588 110 17 22 0.021691011 
805 39 10 11 0.02168907 
110 64 7 9 0.02166945 
454 79 7 9 0.021660719 
696 24 9 11 0.02165996 
386 468 15 21 0.02165102 
818 427 16 21 0.02164906 
311 167 8 12 0.021641972 
568 140 9 11 0.021624742 
9 606 19 29 0.021605494 
309 238 10 12 0.021601481 
993 383 16 18 0.021598358 
959 48 7 9 0.021588234 
288 147 11 13 0.021562424 
646 154 12 15 0.0215506 
742 411 13 17 0.021549148 
916 204 13 16 0.021532826 
261 465 17 24 0.021521652 
644 310 15 18 0.021510685 
630 0 9 10 0.021504862 
239 162 10 12 0.02150365 
960 88 9 11 0.021500729 
769 64 8 11 0.021490281 
534 46 9 11 0.02148534 
620 349 18 23 0.021472555 
656 547 22 27 0.021471312 
118 427 14 19 0.021470185 
117 243 13 17 0.021463735 
743 362 14 18 0.021462224 
205 113 19 23 0.021461302 
702 38 10 11 0.02145973 
829 388 14 17 0.02144478 
54 90 10 12 0.02144273 
600 54 9 10 0.021433892 
431 371 11 14 0.021413377 
367 179 10 12 0.021402653 
319 355 12 16 0.021392465 
674 228 13 16 0.021386575 
185 46 7 10 0.021381808 
556 140 10 12 0.021379381 
460 172 11 14 0.02137299 
668 338 14 17 0.02134942 
80 180 10 14 0.021339018 
640 0 8 8 0.021335376 
909 98 17 22 0.021322887 
437 206 11 12 0.02132011 
212 574 11 15 0.021320032 
551 159 9 11 0.021319065 
153 159 9 12 0.021318665 
949 282 12 15 0.021308508 
20 400 13 16 0.021295689 
556 300 13 17 0.021249732 
91 301 13 15 0.02124218 
712 9 20 24 0.021235999 
270 253 11 13 0.021229401 
216 64 8 10 0.021216141 
488 40 7 8 0.02121104 
302 125 8 10 0.021208702 
157 579 13 18 0.021197334 
385 285 11 14 0.021192893 
172 376 14 19 0.021189341 
368 329 12 16 0.021189252 
716 377 13 18 0.021188442 
166 53 8 10 0.021185305 
138 256 13 17 0.021183806 
949 138 12 14 0.021177417 
737 71 10 12 0.021170096 
215 47 8 10 0.021169938 
600 324 15 21 0.021162553 
852 349 13 16 0.021159297 
495 158 9 10 0.021144606 
939 88 20 23 0.021131374 
254 235 10 13 0.021125766 
837 180 11 15 0.021124225 
126 157 9 12 0.021120979 
21 301 13 17 0.021114772 
1006 181 11 13 0.021105206 
384 64 8 9 0.021086682 
351 180 10 13 0.021086426 
607 190 9 12 0.021083381 
982 80 8 10 0.021077884 
2 290 12 17 0.021058962 
822 94 8 11 0.02105696 
320 440 21 26 0.021020576 
418 128 18 22 0.021007102 
807 368 12 17 0.021006342 
259 220 11 14 0.020997781 
724 -6 21 23 0.020988517 
752 -10 24 25 0.020987814 
404 307 11 14 0.020979244 
446 494 15 21 0.020974759 
830 267 12 15 0.020971332 
201 192 12 16 0.02096825 
857 125 9 11 0.020965666 
225 52 8 10 0.020959103 
701 137 10 12 0.02094577 
936 221 13 16 0.020933593 
382 335 19 24 0.020925023 
930 393 16 20 0.02091375 
1004 364 12 17 0.020911556 
909 318 12 14 0.020904649 
295 239 10 12 0.020895235 
334 367 20 25 0.02089215 
357 310 13 17 0.020891562 
637 283 13 16 0.020888273 
503 156 10 12 0.020874644 
1001 37 9 11 0.020867078 
405 434 14 18 0.020865245 
782 180 11 13 0.020864742 
709 178 13 15 0.020857956 
216 135 7 9 0.020854417 
160 47 8 11 0.020832874 
483 508 16 22 0.020824876 
182 2 10 11 0.020816695 
725 586 14 21 0.020799274 
499 200 13 16 0.02079454 
773 331 13 17 0.020789104 
916 237 11 14 0.020787 
941 467 14 19 0.02078284 
7 124 10 13 0.02077613 
584 31 9 10 0.020771721 
159 259 11 15 0.020750897 
342 235 11 14 0.0207418 
961 284 11 15 0.020738332 
45 163 11 15 0.020733356 
911 1 8 9 0.020730676 
1013 102 10 13 0.02072756 
426 387 13 16 0.020717718 
449 73 7 9 0.020695161 
781 477 15 19 0.020691566 
471 30 7 9 0.020690344 
12 507 14 20 0.020682896 
315 263 15 17 0.020676507 
507 355 11 17 0.020675821 
88 530 13 18 0.020651376 
267 529 15 19 0.02064466 
702 390 20 23 0.020632839 
408 449 15 19 0.02063211 
576 94 10 12 0.020631842 
436 276 12 15 0.020631542 
847 299 11 17 0.020630782 
78 267 11 15 0.02062365 
121 576 16 21 0.020617539 
422 269 14 18 0.020615188 
446 190 10 13 0.020614026 
277 63 8 10 0.020608163 
306 7 7 9 0.020594664 
1014 36 9 11 0.020589488 
265 421 11 17 0.020576455 
296 8 7 8 0.020568594 
86 270 13 17 0.020563984 
886 147 10 14 0.020559672 
217 112 7 9 0.020529743 
103 183 9 12 0.020522699 
724 346 14 17 0.020514566 
169 115 9 11 0.02051275 
495 489 24 31 0.020489031 
224 188 11 13 0.020482192 
611 248 11 15 0.020478753 
670 108 10 13 0.020476837 
912 250 11 16 0.02047259 
710 142 20 24 0.020467484 
388 204 13 14 0.02046717 
150 55 7 9 0.020461423 
748 442 13 16 0.020455223 
355 286 14 16 0.020449111 
327 1 7 8 0.02044401 
188 331 14 17 0.020443698 
581 297 12 18 0.0204313 
459 241 12 15 0.02042404 
342 65 18 23 0.020418279 
497 39 7 9 0.020411896 
575 88 9 11 0.020411866 
17 238 12 16 0.020409612 
292 428 14 17 0.020404646 
525 32 8 9 0.020391388 
417 86 7 9 0.020386586 
117 125 8 10 0.020382633 
431 171 11 13 0.020366576 
391 391 20 24 0.020365434 
353 453 16 20 0.02034378 
73 318 15 18 0.02031487 
403 353 13 16 0.02031342 
953 22 8 9 0.020296197 
326 63 7 10 0.020286642 
592 83 9 13 0.020286035 
376 85 8 10 0.02027375 
892 220 12 15 0.020260397 
107 103 9 11 0.020257086 
266 57 19 23 0.020255368 
5 489 18 25 0.020244706 
719 467 12 17 0.02024158 
321 31 8 9 0.020228507 
475 15 7 9 0.0202147 
377 202 18 22 0.020208646 
197 343 19 25 0.020200906 
306 279 19 24 0.020200787 
336 208 11 13 0.020198531 
288 94 8 11 0.020198515 
253 165 10 12 0.020192994 
276 319 15 19 0.020188801 
106 52 7 9 0.020176837 
825 116 10 12 0.020169888 
188 314 13 16 0.020147089 
828 126 11 13 0.020143205 
846 394 14 17 0.02014114 
108 254 12 14 0.020140836 
460 189 12 15 0.020140067 
744 142 10 12 0.020139856 
801 72 7 10 0.020128187 
590 167 9 10 0.020125547 
414 291 14 16 0.020106042 
878 261 13 15 0.020090835 
576 489 21 26 0.02009083 
711 134 10 12 0.020084238 
175 78 9 11 0.020080946 
1005 307 13 17 0.020077651 
737 62 8 10 0.020075362 
38 266 13 16 0.02006454 
517 405 11 14 0.020060042 
918 150 9 12 0.020054735 
582 136 10 11 0.020050291 
471 25 8 9 0.02003926 
661 480 13 19 0.020028522 
981 197 11 14 0.020025518 
287 47 8 9 0.020024966 
