2_Demonstration_Protesters_2_561
659
200 81 19 23 0.99179006 
26 378 17 22 0.98896676 
300 337 16 21 0.9862178 
746 233 17 22 0.98563033 
725 411 15 18 0.9854116 
339 447 16 20 0.9843002 
500 322 18 22 0.9821728 
400 130 18 21 0.9779625 
642 219 18 24 0.97795063 
234 292 18 22 0.97584593 
160 423 17 22 0.9746455 
138 312 19 23 0.9739464 
131 216 17 18 0.9723895 
642 378 18 22 0.97051144 
754 442 16 21 0.9700332 
40 411 17 21 0.9677221 
533 130 18 23 0.96596855 
104 430 17 22 0.96356213 
104 384 18 23 0.96192306 
176 394 19 22 0.9618183 
261 237 15 18 0.95886856 
667 499 18 20 0.9587547 
791 457 18 23 0.95798063 
444 461 19 22 0.9566733 
185 358 19 23 0.95546377 
813 262 17 20 0.9537398 
489 135 18 22 0.9493842 
710 237 18 21 0.94868255 
462 377 16 21 0.9485882 
394 254 16 24 0.9439876 
445 139 16 20 0.94094324 
940 504 19 23 0.9378026 
178 308 17 21 0.93472975 
495 483 20 22 0.9344509 
774 225 18 21 0.9338381 
858 315 17 21 0.92769337 
553 139 18 23 0.9271606 
380 402 16 22 0.92685264 
782 411 16 23 0.9218583 
646 471 18 23 0.9183792 
286 91 17 22 0.9174616 
576 414 19 24 0.91010106 
862 496 20 24 0.9094315 
544 493 18 21 0.9039044 
888 190 17 24 0.89796954 
257 387 16 23 0.8935695 
825 427 15 20 0.87330884 
953 653 16 23 0.8732542 
290 439 16 19 0.870191 
546 304 17 21 0.8692029 
718 468 19 21 0.86808723 
866 607 15 21 0.8628634 
604 498 16 19 0.8609972 
440 287 18 22 0.8606721 
76 267 15 19 0.8360591 
16 259 16 23 0.82667136 
92 317 21 25 0.82185966 
872 642 18 23 0.8169832 
737 514 21 24 0.7948743 
682 428 19 23 0.78801984 
28 301 12 16 0.7741466 
735 369 14 17 0.770563 
624 440 18 23 0.76083183 
287 318 16 21 0.7517248 
993 460 17 21 0.7331368 
805 494 16 20 0.72686446 
647 423 17 22 0.7077368 
21 325 15 19 0.7054556 
837 450 14 22 0.7038868 
479 302 15 19 0.70036167 
114 200 13 19 0.6965463 
421 368 16 21 0.69396657 
307 407 15 19 0.68034446 
582 384 21 25 0.61427885 
433 436 16 20 0.61254716 
320 88 18 21 0.6033492 
95 223 14 19 0.5796625 
901 519 18 21 0.5727461 
852 416 15 17 0.5492127 
766 577 17 24 0.5434772 
0 336 11 20 0.5257601 
851 532 20 23 0.51110995 
205 228 12 14 0.4947826 
767 390 15 19 0.49290508 
584 459 19 21 0.48843795 
935 626 14 18 0.4756771 
832 396 18 21 0.4651215 
524 486 10 13 0.42431387 
955 538 15 18 0.4228006 
819 403 15 17 0.41664258 
19 334 16 22 0.41614747 
898 666 16 21 0.41601706 
238 371 15 19 0.4087352 
217 261 15 18 0.3947177 
801 332 15 19 0.38710725 
227 343 15 21 0.37893128 
59 312 13 17 0.35615733 
106 295 17 21 0.35435954 
396 330 16 21 0.35042226 
313 310 17 20 0.3442529 
212 444 14 17 0.3373315 
768 525 20 22 0.3294018 
520 348 18 22 0.32538086 
118 360 17 20 0.30512807 
220 128 15 20 0.29491398 
173 220 12 15 0.29143032 
278 267 12 14 0.2900129 
925 483 17 22 0.27283812 
218 329 14 18 0.2728335 
1013 474 11 16 0.2620186 
930 236 17 22 0.26183158 
953 485 16 20 0.2613696 
775 335 13 19 0.25622264 
250 324 17 19 0.2553784 
878 473 12 15 0.23366705 
213 380 17 25 0.23247385 
141 276 17 21 0.2315412 
374 261 11 15 0.22439003 
284 398 14 19 0.22347805 
339 108 15 18 0.2229573 
702 421 13 17 0.22167404 
781 249 17 22 0.22021136 
797 610 16 19 0.2185008 
528 560 17 18 0.21848673 
53 383 15 21 0.21842848 
813 410 12 18 0.20399249 
611 457 14 18 0.20232831 
956 550 15 20 0.20165685 
672 475 16 19 0.19736446 
463 549 12 18 0.18474694 
428 367 18 25 0.18416125 
171 242 14 17 0.18142037 
402 334 18 21 0.17692518 
244 243 12 14 0.17193116 
166 276 14 18 0.17132424 
498 361 17 20 0.17052516 
45 316 13 18 0.16668461 
968 63 10 12 0.16006854 
686 457 14 19 0.15987775 
54 315 13 17 0.15859398 
915 476 22 28 0.15794761 
331 90 14 18 0.15529644 
469 555 11 16 0.15448283 
36 360 15 19 0.14957827 
856 525 17 18 0.14761429 
13 388 13 16 0.14189589 
72 213 12 14 0.1399853 
615 422 14 17 0.13880762 
16 253 12 18 0.13879105 
323 384 14 19 0.13223632 
762 544 16 19 0.1277951 
911 474 14 22 0.12766929 
696 314 19 20 0.121223964 
301 262 13 16 0.11994009 
357 133 14 21 0.119094975 
992 490 12 16 0.11738148 
915 392 8 11 0.11483447 
756 410 15 17 0.113867864 
761 470 18 23 0.11278647 
179 326 16 19 0.11028425 
858 361 15 19 0.11020689 
750 409 13 17 0.10922558 
101 293 16 19 0.10851634 
247 262 12 14 0.10793649 
263 276 13 16 0.10415449 
384 281 12 17 0.09933973 
1011 76 11 17 0.09844006 
124 370 14 19 0.098124556 
349 306 14 19 0.09812118 
503 353 20 24 0.09741999 
442 522 14 16 0.09629316 
294 259 12 15 0.09613896 
407 301 16 19 0.093085825 
855 355 13 19 0.093028456 
847 411 15 20 0.09300983 
714 546 14 19 0.092651054 
830 571 14 19 0.09043659 
459 170 14 18 0.08886522 
439 226 15 20 0.08834464 
853 481 15 22 0.08758083 
37 220 13 15 0.08538523 
148 234 15 18 0.08506575 
140 324 17 22 0.084409066 
76 217 13 15 0.08366051 
166 246 15 19 0.081603914 
333 319 16 22 0.08123258 
73 262 12 16 0.07908045 
132 207 16 20 0.078731135 
265 284 14 18 0.07695487 
829 646 11 13 0.07635511 
367 284 10 14 0.07617488 
183 444 15 18 0.07311603 
765 533 20 25 0.071788445 
628 467 15 20 0.07167918 
460 403 15 20 0.070947684 
529 436 15 18 0.07028476 
1005 506 15 21 0.07027988 
270 269 12 15 0.070024 
205 246 11 14 0.069423996 
576 398 24 30 0.06843886 
866 599 16 20 0.06800934 
916 607 9 11 0.06781825 
442 370 12 20 0.06712611 
1 246 9 12 0.066839635 
80 234 12 14 0.06617849 
82 449 15 19 0.0661331 
1011 66 11 18 0.06588715 
309 268 9 11 0.06584321 
646 444 14 18 0.065580025 
939 479 14 20 0.06544593 
931 477 15 22 0.065291435 
341 301 14 18 0.06516028 
291 328 18 23 0.06284336 
895 264 12 14 0.06277546 
819 457 16 21 0.061844952 
817 338 14 17 0.06171346 
227 460 16 18 0.061611712 
29 221 12 14 0.0615985 
404 324 13 18 0.061499488 
966 70 52 69 0.061222285 
15 247 11 14 0.061151385 
130 376 14 19 0.060762975 
635 465 18 24 0.060735878 
387 274 15 21 0.059869852 
50 320 14 18 0.059542928 
634 457 14 19 0.059512045 
801 607 22 26 0.05934579 
880 259 12 16 0.0592621 
848 456 15 18 0.05896591 
646 412 22 27 0.057782136 
469 283 14 19 0.057441983 
147 274 21 24 0.0572957 
411 337 13 17 0.05698529 
743 457 14 20 0.05682006 
955 647 15 19 0.056778498 
623 469 13 19 0.056483965 
830 452 18 25 0.056406297 
93 309 17 19 0.056376714 
858 424 14 16 0.056305125 
816 398 13 15 0.056079287 
1006 500 13 17 0.056028195 
610 494 15 20 0.05584084 
763 420 16 18 0.054536667 
500 285 11 14 0.0544494 
290 311 15 19 0.05429443 
791 297 13 16 0.053915437 
238 221 10 12 0.053806502 
253 299 14 18 0.05320975 
222 336 15 21 0.052702844 
71 329 14 19 0.05263108 
209 373 15 19 0.0526196 
280 90 16 20 0.05230707 
904 327 10 13 0.052277304 
126 232 14 18 0.0521824 
905 658 17 20 0.05208731 
117 258 13 18 0.052066922 
356 322 15 20 0.05202268 
796 324 17 23 0.05178908 
44 219 11 13 0.051742196 
233 221 9 11 0.051507965 
246 223 10 12 0.051492408 
310 292 12 17 0.05143695 
6 382 21 27 0.051354177 
913 395 10 14 0.051350947 
200 213 10 12 0.051256698 
727 521 13 17 0.050887767 
841 403 15 18 0.050717764 
702 414 13 16 0.05061022 
100 213 14 18 0.0505776 
772 383 14 18 0.050486457 
85 212 13 17 0.050452534 
68 409 15 21 0.050216533 
146 267 17 20 0.049717817 
140 260 14 16 0.049084194 
285 261 11 14 0.049043164 
36 308 12 17 0.048673455 
86 227 14 17 0.048645843 
501 277 9 12 0.04855193 
972 81 14 16 0.048488192 
539 449 16 19 0.048129674 
831 363 13 17 0.047992613 
634 448 14 19 0.047974125 
35 479 15 18 0.04762374 
246 228 11 13 0.04725598 
318 94 14 21 0.047250874 
284 246 9 11 0.047130667 
856 556 17 21 0.047120627 
207 436 15 18 0.046965867 
333 300 14 19 0.046924777 
936 609 10 12 0.046790883 
13 308 10 13 0.046746284 
241 238 10 13 0.04650313 
721 307 14 17 0.046163663 
47 243 14 17 0.04596005 
117 192 14 16 0.04593411 
502 351 11 16 0.04586575 
166 238 14 19 0.045240898 
0 311 7 13 0.045159064 
338 313 17 24 0.045145735 
326 258 11 15 0.044964887 
181 215 9 13 0.044917036 
198 234 13 16 0.044531565 
250 266 13 15 0.044473097 
411 393 16 21 0.04437461 
737 377 15 18 0.044339202 
216 434 17 20 0.044153105 
539 552 23 25 0.04366232 
437 406 11 14 0.04354478 
574 448 12 18 0.04354071 
4 454 17 26 0.043031543 
82 469 12 15 0.04296732 
30 362 15 19 0.042848375 
808 259 16 20 0.04248001 
680 283 11 15 0.04239161 
201 222 11 15 0.042314813 
94 301 15 18 0.0422801 
520 480 18 23 0.042245615 
1002 466 14 18 0.04223859 
258 468 14 19 0.04215146 
85 484 12 17 0.042143688 
391 326 14 18 0.04213371 
622 492 11 17 0.042063396 
124 197 12 15 0.04202316 
77 208 10 13 0.04184743 
82 475 13 17 0.041818157 
813 332 12 18 0.041722562 
752 449 21 27 0.041652154 
545 133 19 23 0.041651394 
549 559 16 19 0.041621417 
912 610 11 14 0.04156517 
463 259 13 17 0.04156414 
735 384 14 18 0.04130472 
833 577 14 19 0.041276522 
579 443 15 18 0.041218508 
866 524 14 18 0.04098853 
1008 58 14 20 0.040911995 
259 410 15 21 0.04030722 
531 471 15 18 0.03996634 
107 323 14 18 0.03992134 
221 349 15 21 0.03984928 
230 239 10 12 0.039718196 
894 600 14 17 0.039322287 
2 372 13 16 0.03913154 
947 491 20 25 0.039113186 
323 306 15 20 0.039096646 
45 379 13 20 0.03906371 
205 214 9 12 0.039028212 
100 284 16 18 0.038928214 
232 372 13 18 0.03877623 
1011 605 11 16 0.0386726 
309 385 17 20 0.038635865 
339 87 11 15 0.03845054 
716 319 16 19 0.038342938 
306 394 19 22 0.038099002 
774 417 15 18 0.037840985 
940 483 20 27 0.03757032 
758 478 15 21 0.03727831 
143 282 21 25 0.037229788 
199 245 12 15 0.03714596 
581 451 16 20 0.03690376 
913 658 15 18 0.03679357 
158 305 14 20 0.03677892 
414 373 16 22 0.036671944 
183 497 13 14 0.036572132 
598 493 17 20 0.036454823 
924 466 17 20 0.036290213 
835 380 14 16 0.036090095 
164 445 14 20 0.035960272 
339 325 15 21 0.03592213 
558 359 11 14 0.03585629 
866 363 14 18 0.035855334 
286 254 10 13 0.035628382 
317 377 15 22 0.03519828 
69 395 14 18 0.03514053 
311 526 9 11 0.035036553 
114 329 14 20 0.03498929 
907 330 12 14 0.034968928 
64 339 20 28 0.03496829 
939 621 14 20 0.034820717 
764 400 17 21 0.03474652 
360 541 19 22 0.034579247 
252 223 10 13 0.034353547 
332 530 11 14 0.034303676 
314 403 14 18 0.034161136 
381 308 13 17 0.03413731 
5 252 11 15 0.034066863 
677 456 16 21 0.03388137 
247 392 14 20 0.03386654 
190 261 11 14 0.03382416 
228 266 13 16 0.03361338 
101 422 15 18 0.033513445 
462 196 13 17 0.033473115 
103 205 13 16 0.03320225 
756 568 24 31 0.03293399 
612 426 19 25 0.032869235 
253 229 12 15 0.032867227 
349 276 11 13 0.032859586 
24 260 14 18 0.032514043 
909 420 15 19 0.032513104 
827 578 22 28 0.03246537 
517 310 12 15 0.032423854 
934 495 18 26 0.032306764 
347 114 12 17 0.032273177 
2 344 13 19 0.032261264 
123 202 14 18 0.032231282 
250 347 15 17 0.03215273 
350 122 13 18 0.03212626 
478 294 13 18 0.03162678 
900 388 12 15 0.03160442 
171 270 15 18 0.03155456 
411 476 12 14 0.03145811 
356 126 13 17 0.0314366 
496 571 11 15 0.03137291 
428 537 15 19 0.03134318 
0 387 12 17 0.031264264 
771 582 24 29 0.03119141 
850 593 15 19 0.031136477 
255 242 12 15 0.031109493 
266 296 16 21 0.03097775 
155 227 15 19 0.03090283 
166 215 12 16 0.030868948 
8 308 10 14 0.030819729 
912 597 12 15 0.0308172 
59 408 15 20 0.030804977 
586 290 16 19 0.03074755 
172 300 18 21 0.030723818 
240 321 14 18 0.030686118 
852 540 22 28 0.030614909 
473 555 14 18 0.030405568 
999 507 13 18 0.030396247 
319 105 11 17 0.030394634 
740 464 13 19 0.030394621 
536 301 22 29 0.030341249 
606 582 13 14 0.030313358 
308 485 12 15 0.030179972 
199 259 12 15 0.030143663 
3 381 16 21 0.030103141 
994 484 14 16 0.030030824 
852 601 14 18 0.030009054 
73 417 16 21 0.029786512 
19 247 14 17 0.029754747 
200 252 11 15 0.029550761 
341 276 12 16 0.029504567 
730 329 16 21 0.029468019 
267 477 11 15 0.029347291 
404 495 15 19 0.029322233 
707 425 11 14 0.029142782 
725 441 12 17 0.028975949 
644 368 14 18 0.028884105 
147 352 15 20 0.02880223 
330 304 20 26 0.028595963 
914 469 15 18 0.028564867 
374 206 12 18 0.028432237 
372 282 12 18 0.028318644 
51 250 12 16 0.028157618 
260 212 9 11 0.028083831 
-1 420 12 21 0.027955022 
397 318 12 16 0.027840618 
548 294 15 18 0.027830059 
52 229 14 17 0.027745888 
335 276 13 17 0.027654212 
263 290 13 17 0.027601123 
381 267 12 17 0.027488265 
748 245 15 20 0.027441306 
113 293 16 20 0.027425999 
390 334 15 20 0.027414603 
343 318 19 26 0.027375167 
227 428 15 18 0.027354926 
997 499 12 16 0.02713803 
847 340 12 15 0.027014999 
418 392 17 22 0.026945585 
166 224 13 17 0.026932215 
454 177 14 18 0.02687587 
232 215 9 13 0.026837686 
831 388 15 19 0.026809076 
788 295 22 27 0.026807161 
492 449 13 17 0.026799262 
92 484 13 17 0.026774375 
561 468 17 20 0.026724445 
6 241 10 13 0.026699416 
280 253 10 13 0.026681952 
73 337 17 22 0.026669858 
828 405 16 21 0.026606629 
136 264 20 27 0.026547212 
923 268 13 15 0.026544278 
435 419 14 19 0.026543256 
197 204 11 14 0.026507381 
760 446 16 20 0.026492005 
987 188 20 34 0.02647384 
219 117 16 21 0.026406756 
285 334 14 20 0.026380964 
222 459 14 17 0.02627624 
20 271 13 18 0.026164696 
374 305 12 18 0.026119053 
884 424 15 16 0.026105663 
162 300 15 19 0.026073512 
647 399 14 17 0.026065407 
531 298 13 18 0.025967704 
769 227 13 18 0.0259644 
72 236 11 14 0.025923954 
989 471 14 21 0.025837762 
607 464 14 20 0.02582279 
687 316 15 17 0.025808686 
835 370 13 16 0.025769679 
317 238 16 21 0.025657086 
124 472 14 16 0.0256268 
754 547 21 26 0.025583252 
456 355 13 15 0.025487643 
548 444 13 17 0.025476031 
440 441 15 20 0.025458531 
146 261 15 17 0.025402684 
179 334 18 21 0.025378717 
316 394 15 19 0.02536729 
754 426 22 26 0.025335621 
771 424 13 18 0.025302932 
235 277 14 17 0.02528665 
684 297 15 18 0.025262306 
903 481 14 22 0.02514996 
967 61 21 27 0.025110254 
310 138 10 14 0.025081342 
204 259 14 17 0.025054403 
637 495 15 19 0.025042787 
453 524 11 14 0.025009936 
353 312 16 22 0.02500989 
277 282 13 17 0.024901727 
432 428 15 20 0.024887916 
1011 469 17 27 0.024706606 
616 455 18 24 0.024646515 
224 243 11 13 0.024620587 
509 347 21 26 0.024612501 
827 532 14 19 0.024609907 
94 419 14 18 0.02459289 
340 124 13 16 0.024522962 
634 478 17 22 0.024473758 
489 153 16 20 0.024451101 
715 269 16 19 0.024414241 
260 298 14 19 0.02434184 
860 325 14 19 0.024293633 
830 552 14 21 0.024282727 
21 339 21 25 0.02425972 
138 299 22 27 0.024155673 
278 238 10 13 0.024143029 
796 254 15 20 0.02411638 
580 581 13 16 0.024035951 
1011 493 12 17 0.024019228 
550 465 13 18 0.024004877 
384 396 17 22 0.023978278 
916 612 12 15 0.023911921 
999 66 13 15 0.023872113 
582 213 12 15 0.023866246 
53 223 11 12 0.023798343 
907 485 17 22 0.023787435 
843 461 15 19 0.023782874 
44 368 14 21 0.023703746 
218 449 15 18 0.023635319 
814 343 13 16 0.023620808 
212 456 15 19 0.023603156 
627 489 15 20 0.023602227 
768 463 18 24 0.023582283 
39 237 13 15 0.023472087 
49 410 15 19 0.02342972 
533 550 13 18 0.023391452 
325 290 14 18 0.023360832 
591 380 18 22 0.023353636 
874 596 14 19 0.023350032 
854 339 10 14 0.023344768 
444 149 16 21 0.023209661 
733 355 22 26 0.023186317 
416 379 22 29 0.023164857 
308 297 15 21 0.023125624 
362 533 18 21 0.02308536 
692 422 20 24 0.023074372 
332 291 13 18 0.023025624 
242 369 21 24 0.02299869 
871 604 16 20 0.022989856 
764 518 15 18 0.022972565 
729 467 15 19 0.02295972 
716 442 15 19 0.022945728 
84 242 13 17 0.022901908 
907 534 15 19 0.022872271 
654 305 14 18 0.02283844 
488 491 11 16 0.022791505 
336 404 12 17 0.02273381 
593 464 14 18 0.022710146 
109 207 13 18 0.022648612 
946 627 13 17 0.022571301 
436 153 15 20 0.02241453 
381 389 15 20 0.022396933 
808 500 18 20 0.022371324 
124 259 13 17 0.022279205 
700 436 12 14 0.022278313 
524 370 14 18 0.022275163 
239 394 13 17 0.022193076 
166 486 12 14 0.02216867 
884 337 14 19 0.022044787 
251 336 15 19 0.022019884 
59 391 16 21 0.021984238 
1005 259 12 18 0.021859583 
318 527 9 11 0.021840462 
647 456 21 26 0.021819258 
902 671 18 20 0.0217325 
962 644 13 17 0.021712631 
462 236 11 14 0.02168157 
533 459 15 19 0.021664789 
26 314 15 19 0.021663902 
214 427 16 19 0.02161882 
309 371 17 21 0.021609252 
861 597 15 20 0.021600343 
348 251 11 17 0.021557758 
38 320 13 17 0.021534212 
536 270 10 13 0.021528017 
613 284 13 17 0.021481955 
26 275 12 16 0.021368477 
154 268 15 19 0.021357054 
970 77 27 34 0.021338532 
372 257 18 24 0.021338042 
199 468 12 16 0.021223767 
990 446 10 14 0.021192847 
315 300 18 21 0.021158906 
920 339 13 15 0.021123506 
8 284 11 14 0.021083886 
679 581 13 18 0.02107266 
135 280 15 19 0.021044994 
79 457 14 17 0.021040745 
462 394 14 18 0.021012878 
957 618 15 18 0.021000464 
710 442 13 17 0.020963548 
238 381 20 26 0.020962067 
351 129 14 22 0.020958709 
948 478 17 21 0.020949233 
786 422 16 19 0.020937359 
983 462 15 21 0.020916825 
67 495 18 21 0.020854658 
709 267 14 19 0.020797215 
788 313 16 21 0.020752627 
528 466 13 19 0.020669363 
534 534 10 13 0.020605987 
523 385 14 20 0.020598087 
972 669 14 17 0.02057063 
303 293 13 17 0.020557204 
738 501 16 18 0.02049379 
241 240 20 25 0.020431785 
430 279 20 26 0.020417659 
786 521 14 19 0.020411909 
491 129 15 16 0.020378586 
715 393 15 20 0.020361286 
957 658 20 25 0.02036086 
926 619 15 21 0.020281583 
7 275 12 16 0.020265251 
958 636 13 16 0.020228704 
960 652 15 20 0.020216927 
528 450 12 17 0.020172209 
59 483 15 19 0.020140676 
482 389 228 224 0.020119121 
51 259 13 17 0.020118633 
263 386 16 21 0.020102173 
509 449 13 17 0.02004511 
81 259 17 20 0.02001577 
86 438 14 17 0.020012343 
