2_Demonstration_Political_Rally_2_891
46
308 269 130 183 0.9998404 
492 27 152 197 0.99834716 
27 385 50 63 0.98924553 
233 285 34 53 0.94205606 
28 255 26 46 0.9306411 
182 385 39 52 0.7826064 
59 261 15 22 0.6244551 
73 241 13 18 0.38605443 
239 280 52 70 0.2738644 
249 178 54 86 0.13858154 
118 339 14 18 0.13328694 
160 257 13 19 0.119583435 
124 233 13 16 0.102075 
50 258 25 36 0.10069252 
48 488 43 64 0.0817452 
111 366 23 30 0.051584337 
123 225 24 30 0.05080247 
166 237 11 14 0.042868756 
192 227 11 15 0.04203553 
89 345 24 36 0.039387666 
270 236 12 18 0.039210245 
385 140 12 15 0.039100055 
123 334 13 16 0.035197113 
13 325 14 17 0.03319922 
1013 185 10 16 0.03240449 
178 226 14 17 0.03228186 
115 363 16 19 0.032233514 
165 343 11 12 0.03176125 
65 258 14 22 0.031479288 
28 506 56 79 0.031200979 
5 249 44 63 0.031182513 
883 172 13 17 0.030807823 
169 350 25 29 0.029635107 
187 245 11 14 0.026373843 
185 296 10 11 0.025529366 
258 235 23 34 0.025234286 
23 243 25 35 0.02500569 
169 217 24 28 0.0238496 
135 251 10 14 0.023338387 
172 243 12 15 0.022937613 
184 301 10 11 0.022820653 
172 232 15 18 0.022624101 
21 471 56 80 0.021242658 
164 227 21 28 0.020713143 
20 364 48 60 0.020570556 
256 199 34 49 0.0201172 
