2_Demonstration_Demonstration_Or_Protest_2_600
628
150 308 35 41 0.9991222 
46 238 73 91 0.9963966 
891 280 46 75 0.9931124 
868 223 25 29 0.98428476 
479 301 27 32 0.9775334 
678 351 32 45 0.97074395 
221 389 36 50 0.9646006 
817 304 33 50 0.94818705 
833 117 11 15 0.9218417 
379 148 17 19 0.9215183 
946 402 36 49 0.9155909 
852 138 13 19 0.9010558 
637 149 19 23 0.88538337 
254 109 11 14 0.8746915 
733 151 11 14 0.85985637 
285 149 13 15 0.8178732 
124 111 12 16 0.75179183 
958 124 13 16 0.7502673 
660 120 10 13 0.74393725 
598 109 10 13 0.7267443 
55 151 19 22 0.7173136 
951 269 29 35 0.7119955 
732 110 11 14 0.699413 
435 107 11 14 0.67904943 
190 144 19 22 0.6765627 
240 164 14 17 0.67578095 
77 102 12 15 0.67182374 
687 103 11 13 0.6500243 
458 429 108 113 0.64621943 
703 129 11 14 0.62954897 
111 35 10 12 0.62415963 
24 104 14 18 0.6084158 
227 102 11 14 0.60411423 
540 112 10 13 0.57883644 
0 156 11 17 0.5760875 
507 146 15 19 0.56116945 
500 108 11 14 0.5424272 
899 125 10 14 0.5287119 
341 312 23 27 0.51022667 
941 147 13 17 0.5082281 
564 126 12 15 0.5019888 
799 150 11 14 0.49997947 
84 46 11 13 0.47040555 
30 152 17 21 0.4689464 
615 95 12 13 0.4489078 
400 106 13 15 0.4188024 
372 110 11 14 0.40452847 
152 55 8 10 0.4024377 
541 216 12 14 0.40227434 
918 147 13 16 0.39693204 
310 105 14 16 0.3694339 
709 157 10 12 0.3689591 
397 183 14 16 0.36021465 
773 119 10 12 0.34204146 
196 279 23 27 0.32545218 
78 170 15 18 0.32392994 
793 117 11 13 0.31502983 
479 108 11 12 0.30241415 
301 222 15 17 0.3017411 
267 229 18 22 0.3003567 
792 111 10 12 0.29519984 
221 48 9 12 0.28451094 
407 125 12 15 0.27935234 
848 135 12 17 0.26211238 
756 179 11 13 0.25638664 
759 118 10 12 0.2555283 
635 111 8 9 0.25000054 
5 31 10 13 0.24729261 
241 56 9 11 0.24350606 
819 112 8 11 0.24047108 
69 47 8 10 0.2374807 
462 128 12 16 0.23632209 
273 59 10 12 0.23552515 
102 156 12 16 0.22259575 
168 101 12 16 0.22064991 
182 120 11 14 0.20196499 
505 191 10 14 0.20012566 
30 46 8 11 0.19819102 
545 167 10 14 0.19619666 
827 137 13 15 0.18953896 
741 190 12 14 0.18867742 
919 113 9 11 0.1874939 
965 265 22 27 0.18732892 
139 147 15 19 0.18442458 
433 104 10 12 0.18036942 
406 118 11 13 0.17436866 
729 153 12 15 0.17351055 
911 112 9 11 0.17016341 
639 358 24 37 0.16995716 
433 171 10 13 0.16869219 
629 122 11 15 0.16809984 
798 142 12 15 0.16333887 
604 110 9 13 0.1562695 
288 155 15 17 0.15551105 
848 112 9 10 0.15225129 
925 165 14 19 0.15052094 
753 117 9 11 0.14696603 
725 142 9 12 0.14505474 
999 86 11 14 0.13945165 
637 118 9 11 0.13484238 
886 148 13 16 0.13256595 
432 87 9 12 0.13254422 
813 125 9 12 0.13193265 
884 111 9 11 0.13175866 
620 98 9 12 0.13039668 
221 125 12 16 0.1289643 
696 172 11 12 0.12713994 
539 189 11 13 0.12652375 
740 151 10 13 0.12395872 
984 142 8 11 0.12335912 
774 188 9 12 0.12111832 
762 198 9 13 0.117304265 
262 187 11 14 0.116534665 
148 167 18 22 0.115913264 
850 290 46 65 0.11372307 
637 144 13 16 0.113529116 
240 75 9 12 0.11142927 
430 154 12 14 0.111307874 
988 387 32 40 0.11107887 
339 102 11 14 0.10999512 
511 317 17 19 0.10991283 
562 109 9 12 0.10971448 
764 203 10 12 0.10956559 
709 109 8 11 0.10943152 
133 151 15 19 0.10787797 
215 125 12 15 0.10717673 
767 118 10 12 0.107159026 
664 364 38 44 0.10554909 
561 118 10 13 0.10533989 
156 127 15 18 0.10526768 
954 265 20 23 0.10466181 
672 166 8 11 0.10375918 
470 159 10 13 0.103452794 
512 133 10 12 0.10306713 
28 142 15 18 0.10254103 
895 128 11 15 0.10076332 
887 141 12 13 0.099631146 
390 119 9 12 0.098070264 
467 125 11 14 0.09741689 
897 269 31 51 0.0970718 
537 183 9 12 0.09666987 
912 387 33 36 0.09634355 
1006 117 10 16 0.09505283 
889 134 10 13 0.094397835 
632 118 11 15 0.09392429 
422 119 10 12 0.09313293 
695 168 9 12 0.09295407 
913 135 12 14 0.09201713 
795 303 42 55 0.09177395 
537 66 10 13 0.09151508 
181 442 105 101 0.0909405 
497 105 11 12 0.09039313 
976 116 9 12 0.08961751 
454 113 9 11 0.08898858 
423 184 12 14 0.0888567 
813 133 9 12 0.08867101 
137 172 24 26 0.08711425 
582 111 8 10 0.08630018 
423 141 10 12 0.0859704 
823 116 10 13 0.083409235 
21 145 17 22 0.082746804 
915 136 19 24 0.08216192 
814 151 10 12 0.081761286 
766 158 8 11 0.08098254 
57 61 8 9 0.08058463 
110 128 10 13 0.07982857 
928 111 9 12 0.07877412 
631 624 31 32 0.07863879 
786 308 27 43 0.07836818 
609 158 11 13 0.07771449 
932 108 10 12 0.077676244 
304 108 12 14 0.07728372 
721 150 9 12 0.07714046 
232 63 8 10 0.076968834 
132 141 14 19 0.07696056 
881 115 9 11 0.07681067 
856 143 16 19 0.07595966 
303 129 11 15 0.075721905 
758 167 11 12 0.0744038 
962 329 28 44 0.07439568 
946 141 12 17 0.07397696 
904 148 9 12 0.07361809 
436 167 12 14 0.07317278 
834 180 11 14 0.0723408 
831 289 40 62 0.07223495 
816 115 10 13 0.072091244 
316 125 15 18 0.071913265 
680 199 12 15 0.071704224 
803 153 12 15 0.07126172 
127 147 13 17 0.07104182 
63 142 12 15 0.07050076 
464 110 9 12 0.070435606 
480 165 10 13 0.07005076 
469 118 9 11 0.06981448 
717 190 11 13 0.06974798 
970 226 20 22 0.06919338 
679 108 10 11 0.068996325 
983 119 8 11 0.06879326 
980 307 33 38 0.06822119 
153 127 11 14 0.06683168 
986 124 9 13 0.06670514 
907 111 8 11 0.06547983 
963 130 11 14 0.065021254 
477 159 11 13 0.06476832 
940 350 25 30 0.06462105 
829 154 11 15 0.06449756 
463 176 10 12 0.063194215 
86 41 9 12 0.06317361 
83 106 10 13 0.06300182 
783 111 9 10 0.062988564 
759 113 9 12 0.061995227 
987 131 11 15 0.061991014 
815 179 12 14 0.061641794 
1013 117 9 15 0.06158569 
549 132 10 13 0.061008636 
655 134 9 12 0.06059069 
750 150 9 11 0.06028112 
418 325 16 20 0.059962597 
589 133 10 13 0.05978018 
901 118 11 14 0.059565045 
935 142 12 15 0.059031688 
929 168 16 20 0.05897278 
564 104 9 11 0.058812127 
922 156 13 17 0.058687706 
515 339 16 20 0.05817953 
107 36 10 12 0.058128916 
61 61 8 9 0.058073927 
334 95 10 12 0.058066607 
424 168 9 12 0.057353828 
661 142 10 14 0.057220433 
983 400 26 38 0.05707631 
833 102 9 11 0.056955345 
324 226 14 16 0.056383487 
345 156 16 19 0.056079328 
656 140 11 14 0.055753764 
136 185 25 28 0.05468622 
950 340 25 37 0.054560088 
261 127 11 14 0.05446261 
232 68 8 12 0.054377563 
510 181 9 12 0.054326206 
647 131 11 13 0.05414013 
13 126 10 13 0.054138336 
839 157 12 15 0.054091047 
844 156 11 15 0.05373945 
114 30 11 14 0.052762926 
432 80 8 10 0.05261553 
594 106 8 11 0.05257186 
868 255 17 23 0.052516397 
480 171 11 13 0.052239425 
823 155 11 14 0.052207142 
246 72 9 11 0.051828224 
127 131 13 16 0.051636446 
519 139 11 14 0.051461104 
471 111 8 12 0.051252883 
795 122 10 13 0.050773736 
435 93 10 12 0.050511997 
437 112 11 14 0.050438195 
222 120 10 12 0.04973021 
830 148 12 15 0.049722213 
767 188 12 15 0.049496293 
994 86 9 13 0.04930439 
704 120 10 13 0.04881696 
632 104 9 11 0.04870793 
975 142 10 12 0.04850131 
414 119 9 13 0.048459094 
630 164 12 16 0.048009984 
972 221 15 17 0.047982663 
767 182 11 14 0.047645155 
769 151 8 10 0.04760164 
590 127 9 12 0.04696009 
464 157 12 15 0.046947155 
405 224 12 16 0.046657387 
535 193 13 16 0.0466096 
224 59 9 12 0.046201862 
865 235 28 37 0.04617137 
968 314 33 48 0.04606458 
0 155 18 26 0.045907192 
85 97 10 12 0.045862682 
138 386 44 44 0.045750104 
96 133 10 13 0.04565301 
242 218 21 25 0.04562974 
912 147 11 15 0.045406535 
752 272 18 20 0.045353696 
227 128 13 16 0.04525781 
765 165 9 11 0.04523983 
838 134 10 13 0.045173883 
180 402 51 56 0.04505318 
662 130 10 13 0.045046534 
637 122 11 14 0.04501153 
372 124 13 16 0.04495592 
430 62 8 9 0.044697728 
943 133 13 14 0.044541057 
687 126 9 12 0.044430118 
252 137 14 18 0.044292685 
242 30 8 12 0.044048287 
608 99 9 12 0.043693185 
127 176 40 47 0.04364564 
425 148 11 13 0.04288772 
966 141 11 14 0.042570114 
232 163 12 18 0.042449854 
360 181 11 14 0.04213597 
151 48 10 13 0.041848365 
626 121 9 12 0.041712426 
688 130 11 15 0.041255504 
257 184 12 17 0.041232515 
610 95 10 13 0.041107714 
749 188 10 13 0.04094367 
211 189 13 16 0.04067347 
935 154 12 15 0.040587764 
375 105 9 12 0.04033822 
776 112 9 11 0.040309545 
329 172 15 18 0.040255073 
622 147 12 14 0.040254537 
448 109 9 12 0.040086705 
62 156 20 27 0.03983952 
837 101 8 11 0.03952406 
301 182 13 16 0.039506145 
691 106 10 13 0.039505508 
759 312 39 55 0.039423678 
138 161 23 25 0.039182782 
538 216 22 25 0.039119102 
599 130 9 13 0.039118405 
681 119 9 11 0.038897164 
500 374 31 41 0.038837336 
70 162 20 27 0.03863177 
785 134 8 11 0.038606685 
588 137 12 16 0.03848618 
836 112 10 13 0.038352054 
8 147 22 28 0.038351987 
705 151 11 13 0.038321994 
973 134 11 12 0.038174186 
759 190 9 13 0.03810503 
356 110 10 11 0.03804694 
134 178 14 18 0.037799474 
792 216 10 11 0.037490096 
127 263 28 33 0.037412662 
163 131 13 16 0.03727558 
853 111 9 11 0.036816835 
185 64 7 10 0.036528494 
933 102 9 13 0.036476217 
106 162 14 17 0.036410127 
70 51 9 11 0.036379874 
405 96 9 11 0.03605042 
1 193 11 18 0.035973564 
989 118 11 13 0.035972655 
380 156 15 20 0.035933156 
96 127 9 13 0.0359287 
767 172 10 13 0.035909995 
823 150 10 13 0.035719395 
855 117 9 11 0.035600692 
710 178 12 15 0.035564687 
325 232 18 21 0.035466027 
190 65 8 10 0.035403084 
291 168 13 16 0.03519397 
126 163 13 17 0.035036813 
23 96 11 15 0.03497384 
773 150 9 11 0.034673672 
297 94 8 10 0.03457052 
695 179 14 18 0.034495257 
127 170 13 17 0.034267314 
301 95 9 11 0.03420466 
962 398 31 45 0.034200944 
512 128 9 11 0.034191463 
483 167 13 14 0.034123205 
800 165 10 13 0.034051128 
243 172 15 22 0.033921886 
45 152 18 25 0.03390427 
855 126 12 14 0.033847388 
188 414 68 71 0.033724383 
69 135 11 14 0.033664532 
185 69 8 11 0.033657644 
871 116 9 11 0.033505116 
51 157 23 32 0.033484884 
814 141 9 12 0.033406645 
399 113 13 16 0.033394463 
277 176 14 18 0.03337354 
736 95 9 11 0.03326486 
863 118 8 11 0.033045348 
205 402 40 43 0.033036254 
877 174 16 23 0.033025656 
414 147 9 13 0.033000257 
65 146 15 20 0.03296787 
425 426 45 63 0.03290904 
144 48 8 11 0.032907113 
708 118 10 13 0.032840766 
448 78 8 10 0.03256464 
835 149 12 15 0.03246954 
1002 313 16 23 0.0323965 
656 114 9 11 0.032354444 
73 95 10 12 0.032313216 
944 261 24 32 0.032123677 
485 103 10 12 0.03207737 
62 55 9 10 0.0318875 
129 453 68 73 0.03183658 
432 103 17 21 0.03182659 
501 422 131 125 0.0317199 
325 115 12 15 0.031714637 
411 130 11 15 0.031702887 
137 48 9 10 0.03166762 
598 180 11 13 0.031521365 
791 220 12 14 0.031398524 
413 103 8 11 0.03127685 
972 122 11 14 0.031090386 
416 172 10 12 0.03101645 
695 129 12 17 0.031002881 
189 69 8 11 0.030905616 
1005 92 9 11 0.030845659 
126 153 13 18 0.030761158 
896 122 11 13 0.030530665 
949 131 12 14 0.030514134 
535 158 10 12 0.030505326 
975 158 10 12 0.03048573 
969 147 10 13 0.030419713 
851 218 30 34 0.03035423 
215 120 11 13 0.030335048 
455 77 9 11 0.030315356 
170 138 13 16 0.030311694 
425 86 10 13 0.030247487 
867 147 13 17 0.030154858 
933 138 19 24 0.03006696 
246 36 9 11 0.029949393 
33 191 22 27 0.029867165 
258 114 11 14 0.02983227 
506 326 24 26 0.029799512 
144 61 10 12 0.029768825 
782 117 9 12 0.029711159 
793 142 9 12 0.029697143 
263 21 9 11 0.029657884 
705 104 10 13 0.029527472 
537 107 17 21 0.029518662 
921 414 31 37 0.029322678 
157 61 9 10 0.029211316 
72 86 9 11 0.02921063 
34 161 20 29 0.02914853 
315 197 11 14 0.029126005 
315 114 15 19 0.02905248 
766 113 9 10 0.028971583 
391 319 12 17 0.028901447 
525 172 10 12 0.0287822 
971 268 26 34 0.028737871 
453 163 10 13 0.028564138 
14 98 13 18 0.028358387 
231 55 8 10 0.028353339 
112 109 9 13 0.028317012 
710 161 11 14 0.028311294 
909 173 11 16 0.028078582 
414 140 10 14 0.027958144 
438 78 8 11 0.027907584 
463 79 8 10 0.02784254 
638 629 16 19 0.027833322 
147 154 15 19 0.027794214 
309 127 15 18 0.027748834 
236 119 11 13 0.027722083 
672 78 9 12 0.027660556 
666 125 10 13 0.027584363 
927 175 13 18 0.027446702 
230 48 8 10 0.027445914 
96 38 9 10 0.0274076 
593 114 10 13 0.027301779 
116 169 14 19 0.027230943 
1015 109 10 15 0.027218945 
735 315 42 55 0.027111443 
517 68 11 12 0.027095152 
707 138 13 16 0.027086433 
811 253 13 14 0.027055744 
632 147 13 19 0.027046608 
462 85 9 11 0.027001899 
172 95 11 15 0.026799269 
872 111 9 11 0.02677379 
381 110 9 12 0.026698904 
434 157 12 15 0.026682673 
406 138 13 16 0.026669893 
277 162 15 18 0.026595712 
804 166 12 14 0.026583295 
112 239 46 59 0.026440365 
932 149 22 25 0.026364742 
664 166 11 15 0.026245877 
966 180 10 13 0.02621054 
69 41 10 13 0.026128488 
592 179 12 13 0.026053248 
31 50 8 11 0.02592804 
209 276 17 24 0.025698697 
429 180 10 14 0.025553495 
217 40 8 11 0.025402913 
270 164 12 16 0.02539999 
0 308 20 45 0.025397263 
176 116 12 16 0.025372433 
983 146 9 12 0.025328346 
661 113 9 11 0.025304627 
25 40 9 12 0.025279254 
17 93 19 27 0.025230404 
651 352 40 49 0.025149727 
243 60 9 11 0.025115354 
990 308 16 19 0.025079712 
959 136 13 17 0.025074152 
861 124 11 14 0.025035659 
984 125 18 25 0.024966562 
674 108 9 11 0.02492893 
805 141 10 12 0.024846872 
131 161 16 20 0.024833608 
794 149 10 13 0.024657475 
910 125 11 13 0.024617456 
608 152 10 11 0.024614086 
677 85 8 11 0.02444624 
929 94 8 10 0.024423512 
145 54 9 11 0.024362516 
156 47 11 13 0.024310391 
422 135 10 12 0.024309136 
1006 226 14 22 0.02430585 
221 177 14 20 0.02412998 
780 188 9 13 0.024121324 
502 144 14 17 0.0240703 
772 173 10 12 0.024013637 
1005 79 9 11 0.023984617 
265 55 8 11 0.023933847 
858 133 14 18 0.023911964 
980 260 15 18 0.023781708 
175 55 8 10 0.023717947 
496 103 18 22 0.023717664 
383 116 10 13 0.02370049 
234 125 12 15 0.023644332 
106 28 20 25 0.023600603 
71 126 11 14 0.023597615 
359 173 12 15 0.023586357 
118 163 12 16 0.023579031 
789 134 9 12 0.023524573 
518 174 12 13 0.02340479 
937 163 15 18 0.02335637 
792 105 10 12 0.023248022 
819 172 12 16 0.023151258 
293 276 111 125 0.02311445 
504 55 9 11 0.023113761 
81 50 10 12 0.023108156 
103 131 11 15 0.023062235 
130 115 13 15 0.023046033 
967 174 10 14 0.022889342 
456 86 9 11 0.022885384 
36 174 15 21 0.022815974 
357 118 10 12 0.0228122 
726 137 10 12 0.022804324 
446 164 10 13 0.02279825 
774 167 9 11 0.02272959 
177 118 19 22 0.022617506 
131 167 21 25 0.022583744 
964 119 11 14 0.022583315 
232 374 44 65 0.022512684 
317 79 9 12 0.022503033 
269 54 19 23 0.022496 
6 25 9 12 0.022471212 
643 143 12 15 0.022344453 
495 311 27 31 0.022325853 
351 102 10 13 0.022167975 
296 131 11 15 0.02211894 
969 290 36 48 0.022111403 
264 79 9 11 0.022105774 
573 157 10 12 0.02207205 
205 156 11 15 0.021984724 
996 314 26 36 0.021916935 
614 150 10 13 0.021897051 
824 105 8 11 0.021882968 
284 168 14 18 0.021874199 
595 104 17 23 0.02179016 
252 165 10 14 0.02175912 
640 132 11 15 0.021755707 
13 118 11 14 0.021741036 
79 69 11 14 0.021733105 
712 186 12 15 0.021710206 
395 189 17 20 0.021703748 
699 185 12 17 0.021688515 
677 79 8 11 0.021663902 
183 130 12 16 0.02165797 
1005 268 12 16 0.02157155 
973 261 15 20 0.021526253 
93 157 20 25 0.021509517 
0 184 19 30 0.021482332 
148 47 20 25 0.021468824 
813 166 11 15 0.021458097 
205 187 22 27 0.02145583 
585 127 9 11 0.021440582 
622 154 11 15 0.021423146 
585 165 9 11 0.021376707 
224 95 12 15 0.021335613 
947 152 15 16 0.021318732 
891 152 12 15 0.02130524 
215 68 8 11 0.021261318 
496 141 9 14 0.021245636 
752 169 17 22 0.021221792 
728 411 124 140 0.021174429 
119 102 11 15 0.021169977 
870 124 10 12 0.021120036 
637 104 9 11 0.021086257 
956 163 13 17 0.021074805 
785 140 9 11 0.021045621 
878 153 12 15 0.02103286 
768 113 19 23 0.020997936 
260 136 15 20 0.020952009 
568 159 9 12 0.020905571 
799 136 10 12 0.020894956 
352 118 10 12 0.020889083 
400 125 12 15 0.020856218 
999 120 15 19 0.020833427 
134 26 12 14 0.020826546 
423 78 9 11 0.020809947 
38 130 12 16 0.02080285 
105 44 9 11 0.020790149 
833 97 9 11 0.020738833 
613 91 18 22 0.020718923 
1000 80 11 14 0.020687606 
263 176 19 25 0.020677289 
565 134 12 17 0.020654371 
583 139 11 15 0.020650547 
446 70 9 10 0.020574301 
210 177 15 19 0.020515185 
838 96 9 11 0.020508211 
505 59 10 12 0.02050115 
673 103 9 11 0.020480061 
172 172 12 15 0.020443369 
547 190 12 14 0.02043533 
221 41 9 11 0.020420836 
240 49 8 10 0.020388247 
255 125 10 13 0.020377215 
589 160 10 12 0.020303508 
508 351 27 33 0.020115439 
97 30 8 10 0.02011165 
63 15 8 10 0.020080624 
463 103 9 12 0.020055328 
696 158 9 12 0.020052597 
702 165 10 13 0.020034963 
