2_Demonstration_Demonstrators_2_330
33
482 402 117 162 0.9998116 
698 285 104 127 0.9996953 
643 353 53 75 0.9665542 
435 355 44 68 0.50158966 
935 187 102 153 0.1267377 
681 252 32 39 0.12610683 
661 321 80 106 0.11687485 
424 358 34 46 0.10642974 
443 155 43 56 0.09760821 
371 167 30 40 0.08725276 
412 149 23 27 0.08188317 
590 387 54 84 0.07437871 
477 357 34 41 0.06570008 
118 658 97 113 0.061814886 
137 684 59 69 0.05052297 
449 357 57 73 0.04418476 
616 364 60 78 0.039403155 
117 697 57 58 0.03752917 
980 716 29 28 0.03503108 
469 140 40 56 0.03185674 
491 351 19 22 0.030468734 
1001 689 17 23 0.02688537 
559 379 78 123 0.025533492 
974 703 46 50 0.025430435 
892 90 149 238 0.024638688 
585 400 36 52 0.023214981 
406 154 33 43 0.021773465 
975 221 54 108 0.02173925 
398 351 52 78 0.021261994 
164 654 34 43 0.02064132 
45 466 202 282 0.020292306 
154 707 31 44 0.020280406 
422 175 36 42 0.020058332 
