2_Demonstration_Demonstrators_2_545
232
414 453 27 36 0.9915093 
66 432 30 40 0.9849866 
290 434 30 37 0.98235494 
403 404 18 24 0.98166806 
146 416 30 37 0.9734684 
60 494 38 49 0.9699023 
257 404 23 30 0.946357 
254 501 37 45 0.9309779 
212 382 16 20 0.90529054 
193 412 22 30 0.8580001 
835 367 25 31 0.7792412 
102 391 29 34 0.7515915 
361 419 19 24 0.682514 
794 410 21 31 0.6289219 
741 327 15 18 0.55732423 
879 436 28 44 0.47575805 
114 387 25 33 0.4323392 
726 393 13 18 0.3790539 
691 295 13 19 0.34568942 
175 349 12 15 0.3376503 
125 326 16 19 0.33544022 
45 373 23 31 0.3281302 
916 346 19 24 0.29898116 
84 309 11 14 0.2857031 
428 365 14 17 0.27909634 
822 290 14 17 0.2540922 
308 294 13 16 0.23992239 
355 293 11 13 0.23504089 
114 348 15 20 0.23125298 
760 353 17 22 0.20880584 
438 350 13 17 0.20655257 
895 312 17 19 0.19556043 
787 350 15 18 0.19323847 
388 300 13 16 0.17530154 
83 377 22 30 0.17513703 
277 251 14 18 0.15192162 
859 330 15 20 0.15065339 
47 324 17 19 0.14502616 
919 289 15 19 0.14312443 
323 307 15 18 0.13802853 
97 340 21 27 0.13095354 
427 374 483 474 0.1307834 
299 358 17 20 0.12990813 
159 323 13 16 0.12859416 
265 353 15 18 0.12350138 
46 363 15 21 0.11729247 
91 339 17 24 0.11631577 
422 364 14 18 0.11375829 
301 260 17 19 0.112259015 
849 133 33 39 0.110186666 
292 356 16 21 0.1053932 
349 365 13 18 0.10323799 
710 301 10 13 0.09855961 
743 303 11 14 0.09749998 
58 298 16 20 0.09541994 
124 303 17 20 0.092160806 
347 339 12 16 0.09063746 
336 354 14 19 0.088535786 
154 297 16 20 0.08634465 
833 193 28 39 0.08545072 
388 376 14 17 0.08135585 
439 310 11 13 0.08092222 
412 357 13 17 0.07895577 
157 283 13 15 0.078450456 
726 310 9 11 0.07577946 
418 445 19 21 0.07354872 
339 347 15 18 0.071260296 
353 297 14 18 0.07047274 
2 245 57 92 0.070038855 
429 331 15 19 0.069801636 
179 352 12 16 0.069761105 
421 294 10 13 0.06947001 
153 507 50 60 0.06781669 
432 359 15 19 0.06626067 
384 371 13 18 0.0652979 
838 376 27 37 0.062886395 
769 279 10 12 0.06104769 
477 366 21 27 0.06094099 
331 308 13 18 0.060917377 
905 286 22 28 0.06061254 
895 298 15 20 0.060018446 
918 206 27 35 0.059880964 
100 317 14 17 0.059566278 
303 297 14 18 0.057254173 
334 224 21 26 0.05674383 
129 388 17 24 0.056701016 
909 391 42 54 0.056415033 
922 296 15 20 0.05559395 
39 495 59 80 0.05517688 
676 298 11 16 0.053076778 
-2 399 29 38 0.052265644 
243 318 13 17 0.05180039 
319 347 14 18 0.04934277 
779 488 48 56 0.049019434 
930 406 28 40 0.04824774 
287 309 13 17 0.047205128 
65 506 54 71 0.047025133 
319 312 14 17 0.046757124 
741 292 9 12 0.046481766 
341 318 11 15 0.044312965 
742 286 10 13 0.043865383 
928 400 49 65 0.043219108 
861 407 47 61 0.04321198 
814 300 13 18 0.043120656 
272 258 14 17 0.042996317 
244 396 25 33 0.042989597 
851 299 14 16 0.04298907 
254 298 14 19 0.04265879 
973 272 22 31 0.0420031 
882 302 20 25 0.040775236 
950 406 63 85 0.04066441 
240 248 9 12 0.04062514 
135 419 24 34 0.040270034 
767 345 19 25 0.039989445 
878 304 15 20 0.039943576 
423 298 11 16 0.039898187 
893 412 45 59 0.038758095 
149 292 15 19 0.03871731 
43 343 23 31 0.038657237 
316 298 14 18 0.038166393 
195 406 17 22 0.0372117 
906 383 30 35 0.037131805 
869 438 50 66 0.037047494 
688 303 13 18 0.036940183 
124 312 17 21 0.036549177 
815 293 13 16 0.036460415 
454 326 12 16 0.036371123 
79 382 16 22 0.03610853 
348 231 15 20 0.03608113 
774 278 10 12 0.035675813 
358 234 14 20 0.035641268 
435 338 15 19 0.035253324 
206 317 12 13 0.035007197 
853 337 27 32 0.03469645 
925 147 29 37 0.034619946 
311 484 37 52 0.0343872 
301 304 14 18 0.03412795 
829 369 19 24 0.033902917 
823 316 12 15 0.03384027 
776 273 9 11 0.033718213 
10 347 22 30 0.033572003 
383 288 20 27 0.032894857 
768 273 8 9 0.032884967 
245 395 16 20 0.03273043 
847 315 24 31 0.03241165 
44 330 23 29 0.03227709 
276 265 13 15 0.031575974 
801 412 26 35 0.03130689 
947 363 13 19 0.031224297 
705 340 11 13 0.030971672 
917 357 16 21 0.030850112 
746 270 8 11 0.030371215 
737 325 13 17 0.0303679 
900 385 85 107 0.03034882 
224 317 9 11 0.029781494 
941 374 55 74 0.029177895 
238 370 15 19 0.028951755 
430 308 11 14 0.028801773 
303 286 14 18 0.028601078 
971 1 50 64 0.028077547 
345 252 15 18 0.028004654 
780 340 20 27 0.027867073 
930 419 17 24 0.02739708 
90 307 13 17 0.02739121 
213 354 13 16 0.027146164 
390 355 14 19 0.027120175 
899 292 17 21 0.026645297 
772 340 13 17 0.026536142 
85 258 12 14 0.026495516 
736 286 10 13 0.026086975 
356 286 14 17 0.025797611 
905 144 43 58 0.025766628 
932 267 26 34 0.025448106 
738 300 10 14 0.025258716 
151 283 23 28 0.025165373 
163 284 13 17 0.025021467 
152 323 12 15 0.024969598 
170 407 16 21 0.024936149 
827 76 80 113 0.024897795 
418 356 15 20 0.024482617 
325 352 14 17 0.024462352 
750 272 8 11 0.024461603 
845 306 22 28 0.024281377 
462 292 14 18 0.024197148 
739 302 21 25 0.02377649 
281 246 14 18 0.023711914 
290 313 14 18 0.023613833 
423 460 27 36 0.023482239 
230 317 11 14 0.023479773 
698 297 13 17 0.023475457 
203 249 15 16 0.023373377 
720 308 9 12 0.023254583 
476 264 50 64 0.023227988 
808 299 13 17 0.0231127 
342 366 15 20 0.023066279 
696 323 11 15 0.02305615 
307 303 15 19 0.022875905 
840 134 26 37 0.02282088 
368 528 28 37 0.022791069 
694 288 12 17 0.02276029 
1010 294 13 24 0.022721179 
80 303 13 17 0.022599215 
143 298 13 17 0.02255073 
447 325 12 15 0.02244574 
910 361 27 34 0.022418888 
116 358 16 21 0.022322886 
293 300 14 17 0.022112446 
94 314 15 19 0.022067625 
757 271 9 10 0.0219575 
994 280 24 36 0.021845559 
144 491 47 58 0.021741437 
685 287 12 15 0.0214302 
924 305 14 18 0.021381496 
437 326 11 15 0.021336693 
245 376 13 18 0.021317672 
338 294 22 27 0.021244815 
765 474 47 60 0.021239033 
837 383 47 56 0.021236883 
335 322 13 16 0.021213064 
861 99 57 76 0.021150043 
406 359 15 20 0.02114577 
64 305 14 17 0.021088524 
741 316 22 28 0.020964812 
950 243 12 17 0.020934714 
206 372 16 20 0.02091242 
882 319 89 110 0.020783052 
716 302 10 13 0.020648168 
137 302 21 24 0.02062428 
813 185 32 44 0.02060479 
161 294 16 21 0.020385306 
805 333 13 15 0.020020533 
332 301 12 16 0.020005774 
