2_Demonstration_Protesters_2_46
162
78 52 60 75 0.99812776 
740 439 99 135 0.99769104 
957 116 64 86 0.9974982 
338 71 67 93 0.9965508 
262 147 64 90 0.99614906 
926 43 57 75 0.99415004 
617 92 60 92 0.9939785 
588 598 128 149 0.99264777 
645 267 81 121 0.99150366 
824 60 76 96 0.99030006 
427 502 93 143 0.98967767 
123 109 66 90 0.9893009 
755 39 59 77 0.989228 
793 602 90 113 0.9891585 
912 579 118 157 0.98798335 
273 15 54 63 0.9860119 
467 557 104 144 0.98520666 
494 150 77 103 0.9799098 
728 200 57 74 0.97872704 
394 119 50 68 0.9745968 
41 244 78 112 0.973869 
551 29 70 87 0.9721324 
386 340 84 96 0.9679261 
765 130 53 63 0.9295515 
240 87 44 61 0.9229653 
260 460 90 126 0.91815114 
929 206 70 106 0.88847053 
40 29 42 56 0.8664482 
560 561 113 146 0.7507183 
468 143 50 74 0.71018916 
362 344 64 77 0.61184007 
949 518 80 170 0.5236028 
688 22 29 36 0.46040127 
239 460 142 213 0.40610424 
-2 108 28 59 0.39435428 
5 236 80 111 0.36927667 
854 423 72 99 0.35037875 
845 605 129 127 0.33999985 
742 137 48 54 0.32710242 
730 30 27 36 0.31360134 
-4 437 49 114 0.294634 
653 39 28 36 0.26774797 
829 21 35 41 0.2675009 
201 34 33 37 0.22585313 
751 52 25 39 0.2128174 
993 465 20 35 0.20322618 
-1 43 27 42 0.20038103 
581 95 32 44 0.1806556 
735 141 31 40 0.1798166 
508 565 105 147 0.15923493 
800 49 72 92 0.15438627 
797 423 104 134 0.1464434 
539 52 60 81 0.14478295 
246 24 42 53 0.14101468 
822 17 56 69 0.13680366 
936 11 28 31 0.13578728 
745 39 27 38 0.12482274 
256 125 51 71 0.1215432 
138 0 28 35 0.11461077 
255 65 47 68 0.09474132 
466 151 33 47 0.09203202 
57 45 51 68 0.09070429 
242 119 38 53 0.09013671 
573 646 40 62 0.08728788 
635 42 32 36 0.085910074 
944 175 62 99 0.085327305 
411 103 46 62 0.0828582 
112 247 53 64 0.08218623 
923 17 49 63 0.08168289 
358 94 68 90 0.08066468 
934 100 50 71 0.07461961 
-4 7 38 56 0.0695919 
471 171 61 80 0.064100124 
578 60 59 80 0.06385273 
867 650 47 45 0.063503616 
749 21 51 67 0.0592856 
751 191 53 67 0.05663928 
369 355 37 47 0.053805396 
270 191 52 69 0.052963328 
433 130 47 66 0.052790724 
739 14 42 55 0.050991453 
62 24 39 48 0.050646447 
7 -1 39 35 0.050546344 
343 335 57 75 0.04813738 
679 34 31 38 0.047284458 
938 70 56 77 0.04525371 
553 35 43 53 0.045236576 
748 606 109 133 0.04363748 
342 0 35 27 0.042783003 
649 188 51 66 0.042340983 
916 2 44 49 0.04181069 
202 149 37 58 0.04150328 
274 75 43 51 0.040157188 
756 96 33 40 0.04011124 
833 616 78 83 0.039296575 
168 146 49 65 0.03810723 
237 29 32 39 0.037133418 
754 33 32 41 0.0370589 
275 42 49 68 0.036251094 
756 0 32 33 0.035781275 
737 38 47 62 0.03577641 
297 316 17 22 0.035612836 
741 488 30 54 0.035505056 
229 129 44 64 0.034774333 
777 190 36 49 0.034356102 
898 106 27 38 0.03416384 
666 37 29 37 0.033712994 
381 520 97 133 0.033475466 
361 609 40 42 0.03314262 
433 105 36 49 0.032516282 
156 0 31 28 0.03161893 
277 284 27 46 0.030850593 
219 33 31 36 0.030604115 
522 25 62 83 0.03049121 
398 113 33 46 0.03047013 
117 211 48 62 0.030079672 
288 82 45 61 0.030029263 
802 22 51 68 0.029422525 
288 302 38 57 0.029364306 
326 162 31 46 0.029202027 
812 579 59 87 0.029181683 
879 0 27 32 0.028944155 
296 501 126 152 0.028363101 
802 98 57 67 0.028349917 
440 110 46 62 0.027979534 
904 24 48 61 0.027396124 
685 31 18 25 0.02716587 
721 172 54 75 0.027046252 
861 453 96 121 0.026839355 
718 152 45 59 0.026721997 
989 457 33 57 0.026501196 
475 215 37 43 0.026172401 
784 156 47 64 0.026154768 
598 43 52 61 0.026050527 
16 0 25 20 0.02590313 
565 23 45 53 0.025497941 
680 177 50 69 0.024868883 
689 46 27 33 0.0240726 
1000 3 24 35 0.023684101 
538 63 35 48 0.023483524 
266 103 50 64 0.023400191 
359 -2 47 39 0.023173545 
121 85 58 74 0.023084335 
311 73 49 68 0.022959998 
761 76 57 76 0.02295058 
488 16 29 46 0.022583287 
742 4 32 34 0.022316404 
658 36 18 22 0.022129815 
206 18 35 42 0.021763643 
663 616 104 124 0.02174939 
220 6 15 15 0.021518739 
109 271 32 45 0.021426355 
852 643 78 75 0.021244764 
939 248 39 57 0.021130739 
926 493 86 136 0.021097936 
-1 340 21 34 0.020906653 
123 210 27 42 0.02078515 
165 624 26 43 0.020613067 
745 345 17 21 0.020538136 
549 18 36 48 0.020358661 
991 444 12 15 0.020228615 
852 9 52 60 0.020221202 
