2_Demonstration_Protesters_2_826
222
893 239 61 75 0.9995334 
627 72 32 45 0.99937004 
706 203 49 70 0.9988524 
604 140 36 43 0.9981889 
544 168 43 54 0.996903 
580 76 26 32 0.97967416 
56 86 29 40 0.9641128 
498 148 28 39 0.95741665 
517 68 13 18 0.92782366 
227 101 18 22 0.89458674 
179 114 15 21 0.8800062 
545 104 17 24 0.8398136 
424 83 17 24 0.7582637 
210 81 17 20 0.6634474 
519 124 20 24 0.57504416 
91 82 12 16 0.5286403 
256 68 10 12 0.4977423 
562 55 21 27 0.47731888 
686 68 13 16 0.41423213 
386 82 15 19 0.4093337 
617 67 13 16 0.36891228 
141 102 13 16 0.31041068 
536 75 12 14 0.30177417 
181 86 8 11 0.28299442 
200 108 11 17 0.27647528 
552 66 11 15 0.26824674 
509 132 27 36 0.2473458 
26 98 31 37 0.24085096 
359 88 21 26 0.23165683 
400 56 7 10 0.22627094 
545 32 8 10 0.22012484 
415 105 12 17 0.18820435 
405 89 10 14 0.16937453 
685 72 16 24 0.16383427 
435 136 27 34 0.14755476 
401 184 35 54 0.13539769 
99 85 12 14 0.1290692 
780 87 12 16 0.1247561 
399 86 10 12 0.12361572 
315 100 15 19 0.12306055 
488 77 11 14 0.12257344 
376 364 52 80 0.122214295 
131 99 15 18 0.11343391 
412 62 9 12 0.1118808 
372 189 51 58 0.11143424 
450 136 26 32 0.10565481 
369 89 15 19 0.10500775 
334 136 28 38 0.09703718 
504 65 11 14 0.09580097 
234 74 10 14 0.092463896 
576 67 24 30 0.09078015 
252 70 23 32 0.088696785 
869 62 14 16 0.08388862 
676 55 10 13 0.08293871 
423 77 15 20 0.082814865 
40 92 32 39 0.08014995 
254 44 8 11 0.078921475 
455 56 8 11 0.07848242 
0 128 10 18 0.07623944 
455 147 26 35 0.0714051 
148 106 11 15 0.07117152 
86 79 19 25 0.070689775 
431 90 16 19 0.06870642 
152 84 10 12 0.067862876 
255 73 14 19 0.06635419 
137 132 12 15 0.062419582 
311 94 11 15 0.061732233 
353 64 7 8 0.060573358 
684 80 21 29 0.060544778 
213 89 21 25 0.06021763 
465 154 25 30 0.059649445 
529 110 22 25 0.058368072 
618 68 28 37 0.05792633 
1002 167 8 12 0.057780437 
324 100 14 19 0.056334928 
121 99 12 16 0.054549184 
279 39 10 12 0.054448638 
852 92 23 34 0.05378905 
551 61 21 27 0.053264044 
200 78 21 27 0.05322293 
491 83 10 13 0.052278247 
993 159 7 9 0.052213334 
677 82 13 19 0.05169337 
455 60 10 13 0.050125133 
349 134 12 16 0.049671184 
540 70 12 16 0.0486709 
449 54 9 11 0.048504286 
883 80 13 16 0.04826662 
442 93 13 17 0.04825053 
466 97 16 22 0.04781677 
416 193 32 44 0.046591822 
487 72 8 11 0.045211066 
175 98 23 33 0.045154348 
175 110 13 18 0.045130666 
552 100 23 28 0.044938523 
27 104 19 22 0.044175386 
332 100 12 17 0.044132557 
157 80 8 10 0.043455638 
459 84 21 28 0.042628188 
670 83 13 19 0.04246288 
199 81 13 17 0.042296477 
321 37 9 12 0.042033598 
887 51 11 14 0.041890696 
68 82 24 33 0.041274432 
1014 182 7 10 0.040770814 
392 62 9 11 0.038402215 
562 99 16 21 0.038117457 
361 336 86 128 0.037738275 
412 68 10 12 0.037426714 
624 32 11 14 0.037313726 
59 14 13 17 0.03728163 
376 30 7 9 0.037140556 
215 101 22 27 0.036698423 
262 43 9 11 0.03666074 
193 106 19 26 0.03603605 
365 125 14 17 0.035595257 
522 61 13 16 0.03541425 
413 56 9 11 0.0353646 
503 170 31 40 0.035278246 
1006 172 8 10 0.035164803 
406 99 13 20 0.03489806 
734 62 11 15 0.034530144 
21 11 27 31 0.034468893 
203 110 14 20 0.03402485 
949 80 10 13 0.03389289 
126 95 15 18 0.033823684 
442 103 16 19 0.03380545 
334 93 11 16 0.033665482 
481 62 9 11 0.032996796 
1002 183 8 10 0.032909427 
218 80 12 14 0.03274606 
526 54 10 12 0.03233114 
519 110 12 16 0.032213032 
353 89 11 17 0.03220663 
193 77 10 12 0.032107238 
406 55 9 12 0.03182627 
211 157 25 29 0.0315769 
207 70 10 13 0.03129787 
476 99 16 22 0.031185769 
455 72 22 26 0.03077825 
529 46 8 11 0.030600552 
861 84 14 17 0.030499619 
285 40 8 10 0.030010281 
458 132 17 21 0.029704548 
454 69 12 17 0.029703412 
273 39 9 11 0.029456716 
340 137 17 23 0.02933158 
186 107 17 24 0.029302668 
529 31 7 10 0.029241221 
424 54 8 11 0.029105874 
597 60 15 18 0.028682174 
667 220 37 59 0.028084744 
419 93 16 23 0.027356626 
47 3 12 15 0.027130932 
693 83 21 31 0.027077027 
316 109 17 20 0.026804335 
545 139 30 34 0.026586043 
485 99 14 23 0.026482036 
384 5 97 121 0.026441824 
327 94 11 16 0.026338156 
589 69 24 30 0.026155414 
913 75 14 17 0.026148576 
249 81 10 17 0.026043916 
517 117 16 21 0.025804525 
501 74 13 17 0.025662621 
480 69 11 15 0.025538916 
729 132 10 13 0.025496857 
53 5 11 13 0.025494654 
167 107 12 15 0.02545885 
506 148 39 53 0.02522229 
405 325 96 137 0.025059704 
333 145 17 24 0.02491398 
550 54 11 13 0.024842385 
155 108 13 16 0.024789868 
46 10 25 32 0.024720002 
466 138 15 21 0.024636613 
271 61 10 13 0.024577307 
397 67 12 14 0.024367929 
173 130 14 18 0.024273694 
692 104 13 18 0.024271898 
1011 89 11 18 0.024077507 
485 111 13 20 0.023786847 
333 61 8 10 0.02369737 
701 105 12 17 0.0236774 
449 70 11 14 0.023329742 
395 55 8 10 0.023222178 
920 60 13 15 0.023178736 
355 130 13 16 0.022949474 
0 125 18 31 0.022768 
690 62 12 15 0.022649681 
825 414 29 34 0.02250628 
358 63 7 9 0.022475934 
687 97 14 20 0.02233443 
529 37 8 10 0.02230692 
559 53 16 20 0.022275507 
495 54 8 11 0.02219948 
390 69 11 14 0.0220368 
452 125 15 18 0.02201984 
438 122 27 32 0.021865945 
866 73 15 19 0.021830736 
996 289 28 48 0.021640962 
858 82 22 30 0.021571677 
450 59 9 13 0.021376753 
663 160 39 53 0.021257479 
512 122 16 22 0.021185603 
421 138 27 35 0.021104716 
407 47 8 10 0.021007668 
259 64 11 13 0.020949444 
596 67 15 19 0.020918125 
357 185 35 37 0.020894554 
400 86 20 27 0.020864306 
384 86 23 30 0.02084043 
131 112 17 19 0.020686146 
284 74 12 18 0.02061878 
191 82 11 15 0.020608258 
329 61 8 11 0.020527912 
175 89 12 16 0.020477334 
140 111 16 18 0.02042316 
176 80 18 23 0.020365475 
134 128 21 24 0.020247765 
1007 184 8 10 0.02010696 
1003 189 8 11 0.020081531 
