2_Demonstration_Demonstrators_2_244
226
721 154 60 83 0.99796677 
425 115 48 58 0.9916181 
203 170 16 18 0.99033266 
252 175 27 31 0.97216135 
843 138 24 31 0.8312362 
613 132 17 21 0.6694716 
359 169 13 17 0.4858584 
450 153 51 54 0.4277036 
712 181 29 46 0.408921 
337 173 9 12 0.3819071 
938 122 19 22 0.3112598 
204 141 12 15 0.24831632 
536 138 22 27 0.22117199 
112 244 12 17 0.16715877 
590 29 11 14 0.16465229 
201 195 16 19 0.16402505 
183 112 7 10 0.16322102 
167 182 11 15 0.12414172 
264 178 16 20 0.121151954 
123 210 27 32 0.11616118 
391 141 30 35 0.11549117 
300 186 17 20 0.115457065 
333 178 13 20 0.11248006 
654 153 13 16 0.09494747 
280 163 12 16 0.0918417 
60 150 10 13 0.09168199 
327 183 14 21 0.088202745 
29 191 7 9 0.08727298 
101 170 14 17 0.084261835 
615 137 22 27 0.08396169 
117 200 43 51 0.08357303 
545 135 22 29 0.08302411 
143 144 8 11 0.08120175 
783 173 63 77 0.07890648 
948 144 17 20 0.078161314 
660 170 12 15 0.074578844 
945 131 23 29 0.07346068 
944 194 35 41 0.073292464 
1013 121 11 16 0.07238138 
302 164 12 15 0.07228162 
183 186 11 13 0.07144462 
81 213 10 13 0.06975937 
127 218 15 18 0.069299564 
166 205 13 14 0.06916179 
143 121 8 10 0.06638242 
907 157 22 30 0.06570815 
135 125 10 11 0.06564072 
682 138 17 22 0.06555957 
661 153 13 17 0.06340431 
353 170 11 16 0.061353408 
184 172 11 13 0.061079424 
529 144 22 31 0.06043883 
339 167 12 15 0.059383426 
171 187 12 14 0.05833866 
969 90 13 20 0.058123946 
619 151 17 21 0.056508612 
309 174 21 28 0.05581437 
391 189 12 16 0.055356465 
612 196 17 18 0.053991094 
197 197 24 29 0.053589385 
329 181 21 29 0.053034484 
224 162 14 16 0.052526582 
110 239 22 26 0.052256465 
302 171 13 16 0.05218331 
308 172 13 16 0.049553614 
754 164 62 82 0.048754312 
156 172 12 15 0.04806861 
223 188 15 18 0.047181886 
48 184 8 11 0.047124017 
73 151 10 13 0.046444472 
188 172 11 15 0.045653243 
93 171 24 28 0.045317706 
918 169 25 31 0.045305166 
78 172 9 12 0.043870624 
694 106 12 14 0.043623243 
106 162 16 20 0.04341622 
362 189 13 15 0.04272164 
442 120 55 65 0.041768715 
138 215 14 19 0.040965185 
598 170 21 27 0.040920693 
312 142 10 12 0.03996718 
29 198 8 10 0.039883655 
137 141 9 12 0.039822437 
668 148 13 18 0.039288953 
24 214 8 9 0.03905842 
904 29 11 14 0.038466133 
680 133 13 16 0.038195208 
382 172 12 15 0.03813197 
30 206 8 11 0.03772728 
73 171 10 13 0.03709002 
374 170 10 14 0.037076402 
303 157 12 14 0.037045717 
136 164 9 14 0.036460917 
116 224 29 33 0.036326896 
640 157 12 15 0.03629954 
663 55 8 10 0.03592358 
636 166 23 27 0.03558998 
157 180 13 17 0.035588395 
284 131 11 14 0.034610365 
166 117 9 9 0.03420378 
200 127 9 11 0.033852845 
74 155 13 16 0.03377739 
955 116 12 15 0.033607747 
151 218 11 16 0.033271153 
948 117 16 19 0.03326146 
228 245 12 16 0.033065118 
167 143 8 9 0.03303924 
152 164 11 14 0.032767806 
690 140 18 22 0.032767005 
677 144 16 21 0.032218013 
528 146 12 17 0.03202723 
676 108 11 16 0.032008138 
159 205 11 14 0.03193983 
171 196 12 15 0.0319313 
299 170 22 28 0.03165049 
763 387 105 148 0.031647734 
532 155 28 32 0.031623725 
87 173 10 14 0.03135381 
210 140 11 15 0.03083836 
6 175 8 10 0.03082628 
204 186 14 18 0.030825168 
94 177 13 17 0.030259995 
79 187 10 14 0.030074984 
168 103 8 9 0.029905029 
84 167 39 46 0.029879022 
157 159 10 12 0.029736381 
363 176 13 17 0.029473037 
304 151 10 12 0.029307755 
903 167 27 34 0.029186694 
166 87 8 10 0.02915575 
823 131 43 60 0.02908669 
285 211 15 17 0.028753502 
631 171 15 19 0.028632822 
328 173 10 15 0.028500088 
151 171 12 15 0.028461391 
954 121 14 21 0.02828862 
940 146 16 18 0.028192047 
317 184 14 21 0.028032701 
651 160 20 26 0.02793429 
316 174 11 14 0.02767555 
178 113 7 9 0.027615612 
993 153 11 16 0.02760434 
638 163 13 17 0.027377859 
200 135 11 12 0.027363168 
658 45 9 11 0.027128791 
703 117 10 13 0.02688807 
869 163 11 13 0.026843272 
159 135 8 10 0.026660025 
166 175 10 14 0.026611038 
118 218 16 18 0.026555272 
941 32 15 20 0.026544625 
875 142 15 21 0.026457952 
161 112 7 10 0.026440762 
227 170 15 19 0.026352955 
246 142 11 13 0.026188616 
351 109 11 12 0.026097346 
533 135 14 18 0.025966343 
72 163 12 15 0.025948627 
402 112 48 58 0.02589113 
6 70 10 13 0.025733529 
662 40 8 10 0.025557674 
406 167 29 34 0.025478931 
642 152 22 27 0.025362074 
100 177 26 31 0.025314976 
694 170 13 14 0.025219617 
80 179 23 30 0.025059946 
1008 118 12 16 0.0249364 
951 142 25 31 0.024810081 
31 211 8 10 0.02470156 
207 175 16 19 0.0244472 
142 102 9 11 0.023826174 
594 165 16 19 0.02377371 
926 176 42 54 0.023615165 
164 236 11 15 0.023484355 
26 206 8 11 0.023447374 
7 207 9 12 0.023439365 
-8 82 95 123 0.02313728 
145 221 29 35 0.02299866 
167 111 8 11 0.022966826 
162 117 7 10 0.022856157 
161 142 9 10 0.022846462 
169 208 15 19 0.022846121 
913 158 41 50 0.022806197 
49 231 9 11 0.022669753 
247 187 26 32 0.022600487 
939 136 17 21 0.02253596 
192 191 22 26 0.02253569 
151 135 8 10 0.022469409 
293 191 17 19 0.02239312 
115 163 14 17 0.022381566 
9 198 8 11 0.022278259 
59 269 14 17 0.022243058 
222 179 14 18 0.022237042 
963 154 15 20 0.022227053 
209 199 17 22 0.0221331 
81 219 10 13 0.022055414 
531 159 16 21 0.022002455 
103 244 13 17 0.022000408 
95 132 11 13 0.02189738 
934 144 15 21 0.021896418 
102 236 11 15 0.021624865 
996 145 24 30 0.021588624 
527 154 13 18 0.021441463 
150 118 8 10 0.021352537 
112 246 30 30 0.021238023 
175 243 13 14 0.02120357 
961 120 20 30 0.020995855 
213 146 11 13 0.020847624 
153 112 7 9 0.020743012 
30 227 11 13 0.020712322 
350 187 11 15 0.020706944 
13 198 8 11 0.020701472 
246 202 14 19 0.020690527 
931 165 25 33 0.020627424 
135 133 9 12 0.0205699 
142 134 9 11 0.020460842 
175 136 9 11 0.020458795 
801 25 90 125 0.020441879 
388 183 21 26 0.020429976 
159 200 22 25 0.02039346 
282 110 8 11 0.020354468 
237 158 11 14 0.020332465 
584 24 20 25 0.020302795 
162 183 19 23 0.020288708 
150 143 8 10 0.020166975 
142 211 26 31 0.02015321 
