2_Demonstration_Protesters_2_178
95
748 511 59 59 0.9990338 
265 496 67 85 0.9985643 
632 516 58 69 0.99763083 
551 545 68 72 0.99756515 
64 545 70 86 0.99649256 
680 27 41 48 0.97875434 
596 109 44 54 0.9767263 
768 109 47 54 0.96836644 
911 577 70 68 0.9538579 
462 78 51 56 0.8955684 
-1 80 34 47 0.8619689 
364 62 41 52 0.85391843 
241 621 53 47 0.48916242 
275 399 46 48 0.3474651 
305 388 40 44 0.31843737 
853 273 44 66 0.25818506 
59 70 49 53 0.21155566 
427 165 46 45 0.20208915 
721 391 37 34 0.1688449 
132 63 37 38 0.13527893 
89 74 38 44 0.13317327 
678 101 23 36 0.124155566 
4 193 16 22 0.12020934 
538 194 19 21 0.11629138 
159 164 14 17 0.10855766 
108 26 13 15 0.108200826 
292 14 18 20 0.08355021 
690 99 24 37 0.08073204 
918 277 31 51 0.07442527 
665 98 28 43 0.06893471 
720 648 19 22 0.06845926 
41 42 15 18 0.057319038 
184 40 24 29 0.056842927 
48 67 38 46 0.0529083 
139 64 18 19 0.046556927 
231 84 51 55 0.046212286 
159 159 12 14 0.04535295 
147 147 15 19 0.044736404 
328 386 30 47 0.042996664 
148 62 35 38 0.0427278 
619 120 50 67 0.041812126 
208 170 12 15 0.041360267 
452 487 36 55 0.039933115 
422 150 81 92 0.03904662 
170 296 30 34 0.03811277 
893 571 55 68 0.037940245 
211 319 39 53 0.03634617 
49 126 29 35 0.03596953 
630 451 34 39 0.034330398 
709 248 17 24 0.034071885 
112 250 17 22 0.032690242 
202 623 34 45 0.028874824 
172 310 19 22 0.028730126 
17 90 47 64 0.02801536 
654 59 26 31 0.027989866 
137 136 27 33 0.027969226 
815 45 53 61 0.02723424 
652 456 12 17 0.026819399 
63 93 49 57 0.026792038 
648 98 35 50 0.026520213 
696 97 36 54 0.026421623 
392 171 31 33 0.025949834 
308 1 15 16 0.025914388 
605 445 46 50 0.02555203 
597 524 76 90 0.025035897 
627 101 35 47 0.024717534 
405 468 34 51 0.02440399 
756 434 34 38 0.024337227 
2 149 44 57 0.02432692 
87 250 12 17 0.024123933 
99 14 12 15 0.023667755 
40 99 46 58 0.023561053 
534 194 33 33 0.023386315 
200 206 26 32 0.023367047 
36 75 32 47 0.02334196 
268 387 37 46 0.023199648 
644 457 17 20 0.023056 
868 286 46 63 0.022991005 
187 -58 422 479 0.022592094 
95 95 53 61 0.022443805 
182 288 85 134 0.022350632 
216 200 9 11 0.022314599 
114 71 32 38 0.022262981 
32 -4 44 44 0.022226261 
699 105 17 24 0.022156456 
380 56 36 44 0.021833776 
639 124 33 41 0.02183203 
648 490 52 69 0.021587506 
78 305 15 19 0.021491606 
479 88 54 70 0.02145693 
395 195 16 21 0.021316918 
460 107 61 72 0.020652039 
777 259 14 18 0.020568585 
645 73 38 55 0.020492459 
194 216 44 61 0.020383656 
