2_Demonstration_Political_Rally_2_286
26
807 663 86 104 0.9987834 
142 362 195 259 0.9963037 
432 727 82 103 0.9946997 
804 224 17 23 0.057883855 
758 71 9 11 0.043196604 
996 182 14 17 0.043114502 
506 114 13 16 0.036103632 
882 179 11 15 0.034273047 
808 173 9 12 0.033494566 
990 178 25 28 0.03324999 
82 317 364 402 0.03257802 
900 189 14 19 0.030089097 
741 161 12 15 0.029229937 
112 525 352 512 0.029179873 
616 118 12 16 0.027868047 
423 432 9 11 0.02770644 
389 430 8 11 0.026571298 
415 423 8 10 0.025925558 
699 781 32 36 0.025731359 
775 165 13 18 0.024584958 
422 437 10 11 0.02397849 
732 82 10 12 0.023941379 
438 445 10 12 0.022987626 
406 414 10 12 0.022157677 
833 82 14 17 0.021602832 
825 171 12 17 0.020657409 
