2_Demonstration_Protesters_2_362
81
237 359 60 97 0.9970073 
810 403 74 78 0.9958625 
418 493 13 18 0.63527423 
452 506 14 17 0.5585488 
866 532 26 32 0.5525292 
880 521 25 34 0.50408924 
383 520 14 18 0.3561823 
399 495 12 15 0.3322977 
313 331 18 21 0.23090476 
701 531 9 13 0.18898675 
361 494 10 12 0.13842805 
868 524 42 50 0.11910535 
856 538 32 39 0.112079605 
146 465 23 38 0.09841251 
678 511 15 20 0.09484046 
696 505 9 10 0.08586445 
655 517 8 11 0.07756438 
463 548 9 13 0.07426592 
344 15 9 11 0.07232671 
1012 420 12 19 0.071797065 
698 527 9 13 0.06916301 
440 505 13 17 0.062245302 
460 557 14 21 0.05668916 
887 624 66 54 0.046993706 
645 493 9 12 0.0469405 
391 547 14 17 0.04608219 
459 512 12 16 0.045421794 
726 510 9 11 0.04304352 
529 44 11 14 0.041871067 
704 559 23 32 0.041191764 
429 499 12 16 0.040275585 
727 503 10 11 0.03708468 
701 504 8 10 0.03587826 
502 552 9 12 0.035230305 
445 509 16 18 0.035105128 
398 469 12 15 0.034339447 
344 9 10 11 0.033931136 
300 527 58 85 0.033034302 
882 515 43 51 0.032809813 
373 514 14 20 0.03118986 
1014 440 9 15 0.029329645 
978 475 11 13 0.029020822 
899 482 15 19 0.029003479 
327 524 45 64 0.028516999 
386 526 17 20 0.028467523 
416 555 12 16 0.027998019 
578 126 465 496 0.027968124 
50 309 53 73 0.0279464 
937 455 25 32 0.02750328 
1008 474 11 15 0.026879156 
861 1 16 12 0.026616326 
455 559 13 19 0.02653284 
998 501 11 11 0.026344081 
448 477 10 14 0.026279435 
990 501 11 13 0.026152072 
930 510 13 16 0.025635844 
811 412 44 51 0.025221854 
975 500 10 13 0.025141422 
406 15 70 76 0.024755463 
554 485 12 14 0.02472327 
1012 469 9 15 0.024605786 
844 547 35 43 0.024400037 
700 533 13 20 0.0237852 
713 562 14 21 0.023697143 
393 498 13 16 0.023660595 
320 512 93 105 0.023658901 
816 35 13 16 0.02278734 
690 547 15 19 0.02276064 
892 504 31 36 0.022651913 
394 541 14 16 0.022406759 
87 443 33 30 0.022135876 
468 370 11 15 0.021915657 
923 505 22 27 0.021555122 
735 495 9 11 0.021296104 
733 508 11 14 0.021120254 
364 495 12 16 0.021031346 
733 501 10 12 0.020690814 
687 540 11 15 0.020615887 
106 453 15 16 0.02019988 
400 488 17 23 0.020197794 
687 510 19 26 0.02001705 
