2_Demonstration_Demonstration_Or_Protest_2_655
103
278 111 26 31 0.97704166 
683 65 24 32 0.87959963 
511 96 24 31 0.74591506 
76 185 12 16 0.7310939 
628 125 13 15 0.4644615 
86 129 11 14 0.2922369 
477 54 23 30 0.19829609 
226 105 15 19 0.13302991 
288 62 9 13 0.12682174 
16 214 20 26 0.10082541 
14 176 10 14 0.100614935 
495 5 15 17 0.099712454 
808 157 10 13 0.09302762 
632 120 17 18 0.086613126 
479 42 15 20 0.086212866 
252 97 12 16 0.080726676 
336 114 11 16 0.07220942 
82 188 42 55 0.0663869 
100 192 44 57 0.061179124 
340 387 39 44 0.056850336 
969 55 8 11 0.056376655 
44 210 15 21 0.056275483 
262 100 11 15 0.05438812 
550 123 12 14 0.054326516 
709 60 15 22 0.052516382 
-33 300 359 455 0.050634418 
615 36 11 16 0.049914338 
490 9 24 29 0.049830496 
15 213 13 18 0.047349945 
163 207 31 44 0.044621468 
375 374 36 31 0.043070033 
555 126 10 12 0.042619314 
221 92 15 16 0.041880716 
118 201 37 44 0.0418346 
282 68 10 12 0.04046378 
20 205 15 17 0.03983447 
174 154 29 33 0.039390545 
42 223 16 20 0.03898669 
74 180 20 25 0.0363194 
323 100 25 33 0.036170553 
464 40 38 50 0.036143266 
234 107 12 16 0.03592964 
290 58 8 10 0.035105772 
544 117 13 17 0.034856386 
26 223 18 20 0.03438243 
37 205 13 18 0.033862546 
24 212 17 18 0.033746377 
24 132 10 12 0.03369603 
30 181 9 10 0.033596314 
293 200 9 12 0.033506576 
624 128 13 17 0.03203191 
691 59 24 31 0.03194312 
224 88 11 13 0.031873565 
91 99 12 15 0.031780675 
859 6 12 13 0.031601984 
822 86 37 53 0.031275705 
781 44 11 14 0.031145526 
123 68 27 35 0.030688806 
32 217 22 26 0.030131105 
554 131 13 16 0.02917605 
553 72 25 38 0.02800658 
317 84 42 55 0.027615266 
108 123 53 60 0.027602196 
176 85 11 13 0.027438374 
173 53 11 13 0.027283145 
737 574 8 10 0.02699981 
522 89 17 23 0.026442591 
51 424 214 266 0.02586733 
283 99 37 47 0.025853714 
158 62 12 15 0.025741527 
126 224 45 58 0.025682684 
30 195 12 15 0.025624331 
27 204 15 17 0.025505312 
256 95 20 25 0.025043609 
218 92 23 25 0.02499627 
177 177 25 33 0.024983335 
726 567 9 10 0.024977075 
887 511 8 10 0.02430137 
832 528 8 9 0.02392574 
29 128 10 12 0.023363013 
879 533 9 9 0.023269936 
768 520 7 9 0.023249071 
358 390 35 32 0.023044072 
721 566 8 10 0.022746824 
20 179 9 13 0.022487275 
647 27 185 234 0.022480221 
887 552 8 9 0.02238068 
318 331 17 20 0.02224943 
266 101 13 17 0.022046007 
710 566 8 10 0.022045651 
860 94 38 51 0.021444006 
896 543 7 8 0.02140139 
90 124 13 16 0.020903649 
60 61 11 12 0.020816574 
838 568 7 9 0.020761438 
887 519 8 9 0.02065182 
13 196 12 16 0.020644538 
254 87 9 11 0.020636631 
261 95 10 14 0.020511378 
94 108 87 103 0.0204753 
45 171 9 12 0.020393647 
790 560 8 9 0.02024728 
351 200 11 14 0.020125214 
