2_Demonstration_Demonstration_Or_Protest_2_606
89
761 254 64 72 0.99878246 
542 292 94 130 0.99870944 
902 264 58 66 0.99869484 
218 295 44 59 0.9980294 
331 280 84 110 0.99764204 
186 248 30 37 0.9962603 
631 242 60 64 0.9938002 
712 258 33 44 0.9900821 
45 254 45 50 0.9870732 
709 220 23 27 0.9843014 
503 243 39 61 0.981487 
219 240 38 47 0.97910094 
826 235 38 51 0.97312886 
744 273 34 49 0.9271575 
6 283 36 41 0.92150253 
445 222 30 47 0.9151861 
147 256 26 30 0.8512631 
999 278 26 53 0.8281893 
283 233 31 41 0.80654013 
106 304 53 52 0.7010882 
117 240 19 26 0.5632871 
292 228 43 53 0.5442406 
125 103 21 27 0.42443928 
264 164 13 15 0.27546287 
110 241 16 22 0.094362766 
121 298 42 36 0.080069825 
262 204 11 13 0.07205702 
620 205 9 12 0.06511831 
70 64 7 9 0.056953996 
194 245 41 50 0.055878483 
148 244 15 19 0.054947738 
631 197 9 11 0.054143634 
700 224 24 30 0.054068252 
725 245 27 36 0.052805677 
128 247 14 20 0.052294884 
964 240 12 15 0.042748597 
614 200 12 15 0.042150445 
105 242 29 35 0.04008275 
688 204 10 12 0.03985116 
0 257 21 34 0.039844815 
695 232 14 19 0.038793724 
73 47 9 12 0.036847807 
-1 258 38 55 0.034513466 
126 275 49 51 0.033762895 
78 49 13 17 0.0334041 
102 245 16 22 0.032788478 
703 224 38 50 0.032681763 
260 249 16 19 0.031243602 
116 87 38 44 0.030312927 
0 258 12 21 0.030127216 
509 77 18 21 0.030038275 
66 64 8 11 0.029921634 
730 239 19 23 0.029677954 
695 211 11 14 0.028332718 
67 252 44 51 0.028143398 
726 269 34 45 0.027342906 
711 203 12 15 0.026698735 
92 246 30 37 0.026500285 
49 213 9 12 0.026023356 
612 208 13 16 0.02581716 
140 84 11 13 0.025487168 
622 200 9 12 0.02543736 
90 235 26 30 0.025282167 
1 315 26 44 0.025280774 
139 265 33 38 0.024869539 
45 231 9 11 0.024807803 
256 230 26 33 0.024736412 
474 233 46 64 0.024631118 
227 215 26 30 0.024522005 
55 220 9 12 0.0237247 
310 234 54 68 0.023489626 
58 150 9 12 0.022721061 
42 237 10 14 0.022647198 
982 156 9 11 0.0223461 
82 230 23 26 0.022316035 
637 205 11 14 0.022202242 
971 558 15 21 0.022195889 
110 230 11 15 0.022195542 
119 231 11 14 0.022116885 
124 248 25 31 0.021851875 
748 180 11 14 0.021801414 
621 212 13 14 0.021054873 
208 217 26 30 0.020896971 
104 313 32 36 0.020745143 
985 288 28 44 0.02065943 
222 225 27 31 0.020445595 
60 221 10 13 0.020426368 
628 229 15 19 0.020201797 
246 237 30 33 0.020133246 
