2_Demonstration_Political_Rally_2_339
345
887 456 31 40 0.98441607 
783 487 68 106 0.9810628 
623 417 20 38 0.71225286 
620 292 36 50 0.69690114 
889 400 22 31 0.5536978 
722 426 17 20 0.2861555 
254 420 9 11 0.23912837 
638 332 14 19 0.23005728 
152 425 13 16 0.22911511 
205 423 8 10 0.21121347 
136 431 9 12 0.1826556 
882 413 22 31 0.17752588 
305 452 45 53 0.17310709 
127 422 9 12 0.15248092 
886 425 13 16 0.13871281 
686 429 15 18 0.12816133 
180 451 24 33 0.11852608 
58 415 25 38 0.11308767 
84 237 9 11 0.11190853 
219 416 7 10 0.111395165 
663 334 7 10 0.10511518 
973 418 40 63 0.104567766 
284 441 17 26 0.10407691 
194 438 8 11 0.09557745 
686 432 20 30 0.09326408 
438 411 10 15 0.091273904 
492 430 52 60 0.08343802 
1 247 8 12 0.08289212 
751 410 10 13 0.07879298 
304 326 9 11 0.07697515 
385 385 9 11 0.07572152 
178 425 8 9 0.074594796 
265 311 7 9 0.07443433 
93 417 14 16 0.07434707 
301 263 8 10 0.07240309 
130 427 9 12 0.07231807 
224 312 7 9 0.07219099 
908 460 26 39 0.0711402 
820 444 30 39 0.069770984 
766 384 8 10 0.06699602 
970 419 27 42 0.06655125 
875 404 17 19 0.065032154 
50 426 27 37 0.06436418 
693 270 8 10 0.060507827 
296 326 8 10 0.05983311 
129 352 7 8 0.058687586 
272 434 9 12 0.05867522 
425 417 22 30 0.05758616 
140 431 10 13 0.057573248 
561 458 25 47 0.05752265 
263 445 37 56 0.05745306 
558 327 10 12 0.05740407 
414 409 15 19 0.05604762 
286 312 7 10 0.056009337 
88 413 11 14 0.05581949 
383 176 418 478 0.05547647 
-15 64 424 495 0.055145703 
236 430 10 12 0.05445118 
286 423 9 12 0.054427028 
549 463 29 48 0.053964775 
319 421 12 14 0.053241037 
488 240 7 9 0.052699022 
713 400 8 10 0.05248021 
177 428 10 11 0.052318487 
450 431 15 22 0.0515051 
139 451 16 21 0.051482573 
367 385 10 12 0.050983623 
875 408 23 29 0.049870037 
928 423 11 14 0.049718343 
622 413 14 24 0.04963626 
139 294 7 10 0.049590547 
585 262 9 11 0.04953917 
675 426 23 29 0.049464755 
801 439 36 39 0.04931597 
744 436 13 17 0.048571814 
746 317 7 9 0.048530888 
522 247 8 9 0.0476312 
74 360 7 8 0.046913758 
576 349 11 14 0.04530199 
196 438 11 13 0.04519593 
664 437 25 29 0.04494627 
372 384 10 12 0.04461241 
678 433 14 18 0.044217635 
678 254 11 13 0.0440141 
466 305 8 11 0.04393411 
688 262 9 12 0.04384864 
627 290 17 23 0.04381907 
168 413 9 10 0.043704104 
738 343 8 11 0.042903088 
454 254 9 11 0.042874668 
730 270 9 11 0.042537745 
208 417 7 10 0.04239074 
162 302 6 9 0.04183305 
309 327 9 11 0.041467063 
159 450 14 20 0.041332778 
600 273 8 10 0.041185115 
250 416 8 10 0.041104652 
733 269 9 10 0.04079275 
542 269 10 12 0.040551554 
589 277 9 12 0.04037039 
529 448 43 59 0.04029953 
240 93 422 498 0.04002107 
677 358 8 10 0.03979867 
952 426 26 41 0.039693832 
693 264 8 10 0.03962685 
187 444 25 34 0.03911228 
271 436 25 32 0.038973488 
66 423 15 23 0.03859022 
387 388 11 14 0.03840034 
557 320 8 10 0.038075242 
32 231 9 11 0.037329424 
433 425 21 30 0.037122797 
189 311 8 10 0.0370516 
34 236 9 12 0.036957502 
429 412 15 19 0.03671417 
176 334 8 10 0.036586735 
740 501 58 94 0.036569074 
146 343 8 10 0.03633339 
632 320 22 30 0.036157154 
883 463 23 26 0.03613497 
430 404 14 17 0.036056187 
209 320 7 9 0.035749223 
230 431 11 13 0.035652816 
172 462 25 28 0.03557757 
68 414 38 52 0.035458073 
288 329 7 10 0.035299394 
152 434 12 15 0.035163905 
304 296 7 9 0.035158575 
417 392 9 10 0.035123274 
232 313 6 8 0.03500127 
184 336 7 9 0.034982152 
806 464 51 77 0.034938533 
444 428 14 22 0.034853913 
235 436 12 15 0.034839354 
225 328 7 9 0.034788404 
693 424 10 12 0.0347758 
585 268 9 12 0.034607932 
291 434 15 22 0.034494743 
761 432 10 13 0.034115385 
663 425 12 19 0.034085255 
118 304 8 10 0.033916224 
658 333 9 12 0.03390977 
588 271 9 11 0.03386988 
819 511 49 84 0.033775683 
200 428 10 11 0.03372252 
669 422 10 17 0.033524 
193 432 8 10 0.03326884 
157 416 9 11 0.033187892 
295 427 11 15 0.03314112 
254 426 11 14 0.0328435 
70 411 12 18 0.03280309 
166 428 9 12 0.03279405 
286 427 10 14 0.032750037 
444 407 11 13 0.03263596 
105 383 8 9 0.03246284 
470 308 7 9 0.03230163 
134 351 6 9 0.032278508 
88 414 24 28 0.032188054 
587 456 30 41 0.032177746 
951 387 9 13 0.03209403 
820 380 10 11 0.03203109 
167 301 8 9 0.031921834 
100 440 15 20 0.03144431 
1013 391 8 12 0.03133265 
190 318 8 9 0.03130389 
481 239 7 9 0.031057118 
291 447 13 18 0.030910445 
833 440 26 39 0.030902052 
91 429 25 33 0.03073734 
305 321 8 10 0.030711355 
566 329 8 11 0.030624222 
300 425 12 16 0.030546362 
156 465 17 21 0.030327784 
750 318 7 10 0.030155122 
223 431 11 12 0.030146547 
613 421 39 53 0.03012475 
575 409 8 10 0.029924612 
730 431 15 17 0.029916918 
239 312 7 9 0.029745765 
722 358 8 10 0.02965855 
742 431 11 14 0.0296436 
669 433 15 20 0.029500917 
911 263 6 8 0.029483182 
638 476 34 46 0.029327458 
210 327 8 10 0.02931333 
297 451 30 38 0.029251631 
464 406 11 14 0.029096022 
137 336 7 9 0.028998017 
40 442 29 41 0.028832154 
208 334 8 9 0.028737726 
102 345 7 9 0.02832381 
76 419 11 17 0.028284652 
181 435 11 12 0.028178757 
281 312 8 10 0.028097944 
119 344 6 8 0.02799123 
811 443 18 19 0.027660068 
672 276 9 11 0.027659591 
308 427 15 19 0.027634833 
728 287 8 9 0.027540283 
990 433 37 57 0.027476735 
271 442 13 17 0.02745961 
132 432 21 27 0.027306551 
173 320 8 9 0.02709748 
130 437 11 14 0.027082054 
280 327 8 10 0.026963314 
504 247 7 9 0.026757292 
601 276 9 11 0.026746487 
495 240 6 9 0.026714046 
174 414 8 9 0.026697272 
42 368 8 10 0.026569359 
184 341 8 9 0.026307821 
309 442 34 37 0.026096448 
278 435 12 18 0.0260533 
919 493 23 34 0.026050167 
323 442 44 58 0.026027156 
736 254 7 9 0.026008554 
947 421 21 33 0.02598424 
795 424 31 39 0.025628103 
342 406 24 33 0.02549905 
183 256 9 10 0.025482029 
20 409 28 35 0.02545055 
120 351 7 8 0.025426723 
145 458 22 30 0.025401108 
86 407 11 14 0.025360389 
192 434 23 26 0.025343027 
748 390 9 11 0.025213158 
605 441 14 21 0.025208838 
820 453 18 23 0.025200315 
344 300 8 10 0.025106974 
256 312 7 9 0.02510418 
666 421 21 29 0.025030408 
175 327 8 10 0.02497035 
718 279 8 9 0.024959 
719 222 9 10 0.024824074 
245 443 13 17 0.02481506 
441 354 40 49 0.024804058 
279 430 9 13 0.024785466 
73 345 6 8 0.024766775 
162 459 23 26 0.024670437 
286 414 8 11 0.024555676 
923 471 14 20 0.024545463 
137 424 18 25 0.02452044 
435 417 13 19 0.02448556 
479 248 8 9 0.024461068 
827 446 39 55 0.024385285 
700 434 12 20 0.024258502 
734 408 8 9 0.02413974 
854 418 12 17 0.024115968 
100 427 15 21 0.024109924 
973 422 16 26 0.024041628 
703 278 9 11 0.024040224 
899 448 27 40 0.024020044 
123 421 9 12 0.023918156 
247 436 12 15 0.02380196 
566 468 15 28 0.02376593 
944 426 11 17 0.023762863 
445 366 25 29 0.02370002 
851 452 20 33 0.023662377 
730 326 8 10 0.023647992 
175 407 8 10 0.023620153 
617 419 12 18 0.023590786 
415 396 12 14 0.023541274 
214 327 7 8 0.023454558 
216 419 10 12 0.023452543 
134 447 15 20 0.023352705 
775 438 12 15 0.023341497 
96 352 7 8 0.023290753 
150 348 8 10 0.02321583 
614 460 39 57 0.023215484 
676 277 9 11 0.022996295 
605 277 10 12 0.022923725 
169 343 7 9 0.022879403 
921 460 24 34 0.022841632 
285 445 29 43 0.022769716 
962 415 25 38 0.022717355 
486 246 8 9 0.022621071 
233 399 9 10 0.022608228 
916 471 16 24 0.022606567 
687 380 9 11 0.022530867 
81 233 9 12 0.022489924 
679 248 10 12 0.022463923 
201 336 7 8 0.022254236 
537 328 8 10 0.02220685 
144 335 6 8 0.022203565 
145 358 8 10 0.022168582 
248 427 11 14 0.022103323 
281 422 9 13 0.022078011 
451 372 14 16 0.022038924 
916 474 25 41 0.02190673 
184 304 8 10 0.021899268 
567 408 9 12 0.021778643 
807 397 11 12 0.021776935 
201 311 8 10 0.021749264 
315 418 26 30 0.021737248 
334 321 9 10 0.021654328 
296 320 7 10 0.021617213 
45 372 8 9 0.02151736 
56 390 10 13 0.02149334 
100 253 12 14 0.021440562 
748 432 11 14 0.021428749 
886 398 15 20 0.021368373 
128 357 8 9 0.021320652 
448 379 13 15 0.021245202 
135 392 7 9 0.021212157 
190 336 7 9 0.021198133 
175 235 9 11 0.021146925 
352 271 8 10 0.021145824 
911 443 29 40 0.021130336 
435 406 20 28 0.021097735 
161 297 7 10 0.02105903 
864 428 10 14 0.021020394 
421 397 12 15 0.020956254 
420 416 17 21 0.020898867 
184 456 32 51 0.020897862 
868 426 14 16 0.020872412 
340 390 21 33 0.020770747 
126 416 9 13 0.02076495 
356 406 41 46 0.020708779 
299 443 15 19 0.020685634 
76 413 12 16 0.02067929 
777 417 9 10 0.020653838 
308 427 30 35 0.020647904 
305 231 7 8 0.020587517 
542 329 9 11 0.02058324 
628 431 30 33 0.020546604 
590 326 9 11 0.020489153 
502 254 8 9 0.020480726 
256 360 7 10 0.020476231 
301 267 9 12 0.020473585 
290 422 22 28 0.020423945 
244 451 13 17 0.020317674 
693 276 10 12 0.020316891 
224 317 7 9 0.020294508 
261 221 8 10 0.02028447 
737 348 9 11 0.02028211 
872 410 14 18 0.020243017 
107 434 12 18 0.020212654 
169 408 8 11 0.020149311 
167 238 9 10 0.020146837 
980 392 14 17 0.020122172 
702 398 9 10 0.02010109 
318 288 7 8 0.020098606 
111 357 7 9 0.020059178 
293 436 26 33 0.020029785 
895 467 40 52 0.020008542 
