2_Demonstration_Protesters_2_646
82
653 218 76 91 0.9978017 
334 183 23 32 0.9977162 
342 256 108 133 0.9976555 
474 213 78 100 0.9853799 
592 178 21 29 0.9851127 
226 190 52 67 0.9814587 
979 222 40 55 0.96511966 
389 179 18 24 0.9264474 
815 344 68 86 0.8200088 
568 218 36 55 0.8183976 
283 175 15 19 0.75311655 
452 164 50 64 0.5140923 
88 187 23 29 0.48288894 
118 173 33 38 0.38160264 
190 186 18 22 0.36963364 
511 124 33 38 0.25255802 
90 198 24 32 0.21997759 
313 361 27 34 0.18836483 
19 79 42 57 0.18029578 
4 198 28 37 0.16563286 
743 194 14 18 0.10291898 
374 184 13 18 0.08837166 
545 195 46 63 0.088249475 
2 72 30 44 0.07065629 
103 179 25 31 0.06029573 
781 312 108 136 0.05771211 
456 134 51 62 0.05595765 
94 138 22 29 0.053061668 
358 195 14 21 0.0527897 
454 188 57 78 0.045275852 
740 192 24 30 0.04434667 
388 203 17 21 0.044294875 
248 170 28 31 0.04428334 
41 85 34 48 0.04393479 
517 214 59 76 0.042663537 
481 126 49 56 0.04221886 
566 1 43 50 0.041125882 
232 279 31 32 0.040956337 
438 182 11 15 0.040007215 
269 171 23 29 0.039535973 
180 444 16 22 0.038047057 
463 147 31 38 0.038001783 
240 183 34 40 0.03606877 
216 369 16 20 0.03360803 
585 169 36 47 0.032593835 
326 299 25 36 0.03244785 
433 169 48 62 0.032369237 
132 189 26 32 0.0314135 
472 333 42 62 0.030721106 
879 2 20 17 0.030718865 
572 122 33 36 0.030309658 
563 200 27 35 0.030121518 
441 18 12 15 0.029975118 
14 92 27 40 0.02985773 
544 16 9 12 0.027917748 
426 132 27 34 0.027507463 
95 181 18 23 0.027400535 
379 206 30 33 0.027323697 
438 137 84 101 0.02710704 
414 179 13 18 0.026960487 
414 176 22 32 0.026890764 
540 193 26 32 0.026423305 
427 136 17 21 0.026351022 
384 174 37 46 0.0258037 
78 181 25 32 0.025110265 
545 195 16 20 0.023959648 
399 239 108 132 0.02335871 
143 192 26 30 0.023169637 
396 125 23 26 0.023113368 
381 63 15 18 0.022991281 
447 150 30 37 0.022578614 
23 166 26 33 0.022533229 
423 183 26 38 0.022116795 
444 161 16 21 0.021775063 
264 349 25 33 0.021606864 
366 185 23 29 0.021572663 
900 5 15 15 0.02130036 
434 132 35 42 0.02115568 
480 152 37 44 0.021102952 
104 136 22 29 0.02107564 
724 182 46 63 0.020288661 
-11 200 77 128 0.020265613 
