2_Demonstration_Demonstration_Or_Protest_2_487
25
185 74 326 455 0.9984755 
15 388 113 174 0.997849 
451 1059 139 183 0.99665254 
709 1227 101 151 0.9009886 
615 1286 101 130 0.4465001 
795 497 141 181 0.22957455 
752 55 42 64 0.15694928 
654 1267 99 139 0.12974332 
356 981 168 266 0.12556437 
140 486 50 57 0.06575794 
739 67 36 52 0.057214666 
794 1132 27 37 0.05179339 
353 780 388 447 0.051651713 
593 602 325 457 0.044380035 
977 1091 12 17 0.04068487 
723 -4 54 68 0.033496074 
841 1130 24 27 0.030128695 
734 21 55 76 0.026570195 
739 33 72 106 0.026140865 
11 211 33 39 0.026109684 
85 172 36 36 0.023076748 
532 1208 189 277 0.02126377 
710 738 97 127 0.020782985 
46 158 24 28 0.020621687 
1 117 26 46 0.020571996 
