2_Demonstration_Political_Rally_2_940
19
402 179 249 314 0.9999052 
62 6 151 201 0.983229 
-3 -14 80 125 0.33477327 
353 -12 181 230 0.13882372 
292 406 121 146 0.12589642 
208 15 110 133 0.08254103 
80 292 414 451 0.07442277 
0 52 49 79 0.07061096 
251 351 173 269 0.06725087 
343 257 210 294 0.05670689 
20 -4 121 160 0.049950916 
159 17 181 211 0.045705926 
286 39 121 163 0.04300292 
51 389 222 309 0.037532393 
101 75 146 178 0.035357706 
791 -17 195 205 0.031778388 
827 -15 113 84 0.02893052 
416 1 142 144 0.028750341 
798 11 126 116 0.0247182 
