2_Demonstration_Political_Rally_2_114
1025
648 317 27 36 0.9979265 
949 340 30 50 0.978369 
501 244 12 15 0.8243625 
95 319 27 48 0.7310696 
458 311 25 41 0.70404285 
429 195 13 15 0.6576279 
950 211 8 11 0.62909627 
826 276 14 18 0.5777483 
69 212 10 12 0.5731388 
831 247 9 12 0.5557626 
597 283 15 20 0.5405644 
443 412 55 71 0.53583014 
880 245 9 11 0.5262626 
574 247 20 28 0.5066764 
791 281 14 22 0.46628922 
92 269 13 15 0.420127 
272 175 10 12 0.3457654 
86 96 8 11 0.3439034 
839 237 10 12 0.311392 
607 262 9 12 0.3093174 
783 242 11 15 0.30382273 
751 165 8 10 0.29405028 
727 234 10 15 0.292655 
521 229 9 12 0.28832522 
963 257 12 17 0.28062615 
515 283 14 21 0.275662 
703 158 8 10 0.26634774 
113 265 22 31 0.26094365 
948 288 14 21 0.2520153 
909 200 8 11 0.24027082 
233 166 9 12 0.23819797 
44 254 22 31 0.22905564 
558 217 9 10 0.22844422 
649 216 7 9 0.22475363 
792 165 7 11 0.22079484 
996 255 9 12 0.21959764 
310 226 10 15 0.21936311 
389 264 13 15 0.21824038 
678 233 9 12 0.21700247 
977 239 7 10 0.20613359 
511 208 8 10 0.19962208 
958 174 9 11 0.19726193 
863 188 8 10 0.19107962 
687 198 9 11 0.18879221 
452 267 16 20 0.18852569 
624 215 6 9 0.18470493 
709 488 48 64 0.18420196 
686 267 14 17 0.18237178 
719 160 8 10 0.18184482 
642 166 7 9 0.17989445 
292 165 9 13 0.17422073 
888 183 8 10 0.17258579 
48 195 9 12 0.17150465 
260 278 26 31 0.16969338 
805 179 10 12 0.16697107 
865 213 9 12 0.16412951 
424 220 8 11 0.16362378 
80 239 8 11 0.1619888 
774 167 7 9 0.16179346 
862 220 9 12 0.15854192 
474 248 8 10 0.15354924 
340 238 11 15 0.15109994 
5 350 28 51 0.14882918 
803 283 14 18 0.14826372 
880 223 9 11 0.14747737 
508 324 24 35 0.14604199 
865 208 10 12 0.1448242 
102 211 8 11 0.14205122 
649 231 8 10 0.14175971 
98 206 10 12 0.14118081 
77 214 8 11 0.14065628 
793 183 8 10 0.1397904 
416 273 13 20 0.13853985 
941 286 15 20 0.13631971 
549 251 8 12 0.13615586 
470 214 9 11 0.13279884 
25 176 8 9 0.13227066 
929 214 7 10 0.13056643 
792 190 8 10 0.12683457 
800 181 9 11 0.12597157 
993 259 10 12 0.12539116 
426 174 8 10 0.12232339 
718 165 8 9 0.12117876 
606 237 9 12 0.1204585 
30 169 9 10 0.11960779 
399 236 11 13 0.11930055 
641 278 9 14 0.11864106 
985 209 7 9 0.11763523 
821 197 8 10 0.1165416 
999 237 9 11 0.11625085 
566 232 9 11 0.1161353 
481 207 8 9 0.115773015 
325 242 11 14 0.1152151 
507 206 7 10 0.11446327 
295 254 9 13 0.11324235 
946 209 8 10 0.112805165 
48 172 8 10 0.11169411 
623 222 8 10 0.1099004 
257 172 8 11 0.10896506 
766 192 8 10 0.108947314 
568 251 11 15 0.1074078 
777 199 7 9 0.10538722 
109 266 16 23 0.105292276 
422 216 8 11 0.103552185 
715 165 7 9 0.10351688 
641 160 7 10 0.10311057 
934 220 8 11 0.10230059 
122 209 7 9 0.10179042 
120 213 9 10 0.1014964 
822 268 13 19 0.10124432 
706 192 6 8 0.10071585 
959 197 8 10 0.10016336 
445 268 12 18 0.098785974 
443 354 14 18 0.09851705 
760 229 10 13 0.09833672 
133 253 12 16 0.09788003 
529 212 11 13 0.09760497 
770 166 7 10 0.097546294 
486 294 23 31 0.09748003 
926 207 8 10 0.09694669 
295 219 8 11 0.09444883 
973 293 22 27 0.094163746 
365 167 8 10 0.09349377 
454 197 8 12 0.09347634 
823 181 7 9 0.092398115 
737 144 7 9 0.092044964 
836 242 11 15 0.09170172 
446 230 8 10 0.0913261 
687 235 9 12 0.091087215 
693 236 8 11 0.09002448 
791 197 9 11 0.08922513 
584 239 8 11 0.0892006 
420 402 51 73 0.08838668 
884 221 10 11 0.08808825 
290 160 8 11 0.08800323 
143 239 11 13 0.08764394 
837 183 9 11 0.08750341 
413 232 9 12 0.08674783 
213 278 15 20 0.085674606 
508 240 11 14 0.08506514 
854 199 9 11 0.08470229 
592 207 8 10 0.08450259 
912 247 9 12 0.08446617 
832 239 10 12 0.08414746 
653 214 7 10 0.08412794 
1015 205 8 11 0.08360674 
276 156 10 12 0.08291438 
704 220 8 10 0.08290118 
600 237 10 12 0.082853064 
507 272 18 26 0.082654454 
722 238 8 12 0.08231927 
632 237 10 13 0.082314834 
1014 169 7 9 0.08201357 
776 239 10 14 0.08195736 
906 221 8 11 0.08159703 
634 199 7 10 0.08147357 
753 161 8 10 0.08092141 
922 206 9 12 0.08016514 
276 198 12 15 0.0800489 
480 220 9 11 0.079704404 
24 220 10 13 0.07942756 
848 214 8 10 0.07917871 
22 256 24 27 0.07894565 
336 241 12 15 0.077689074 
592 230 8 10 0.07752873 
430 246 9 12 0.07677145 
777 364 37 44 0.07661324 
263 174 10 12 0.076587945 
17 176 8 10 0.076571345 
788 238 10 14 0.07543423 
528 208 10 11 0.074873045 
968 272 12 18 0.0747331 
762 225 8 10 0.074539326 
94 223 8 12 0.07439252 
889 188 9 12 0.074224375 
417 214 8 10 0.0740918 
893 189 9 11 0.07402637 
576 220 8 10 0.07371413 
980 238 9 11 0.073565975 
838 221 8 11 0.07344686 
478 182 8 9 0.0733781 
644 283 10 14 0.0733746 
959 216 7 10 0.073044814 
497 216 7 10 0.072893314 
125 209 8 10 0.07283337 
848 205 8 10 0.07263122 
430 181 8 10 0.072344385 
308 235 12 16 0.07206729 
713 161 7 9 0.07184677 
508 268 12 17 0.0715917 
294 149 8 10 0.07127873 
752 209 8 11 0.07127642 
430 229 8 10 0.071212105 
856 240 8 12 0.070993565 
653 237 8 10 0.07074062 
437 272 14 20 0.07061284 
1000 207 9 10 0.07056681 
952 244 10 11 0.0692474 
727 222 10 11 0.06884512 
344 214 9 11 0.068623595 
775 160 7 8 0.06860505 
435 356 29 35 0.06858392 
64 218 10 13 0.068521075 
465 207 8 11 0.06840749 
335 80 8 11 0.068383984 
793 162 7 9 0.06817415 
254 212 10 12 0.067882456 
477 250 9 12 0.06778474 
677 182 8 11 0.067777954 
457 243 10 13 0.06750344 
359 183 9 12 0.06746948 
863 167 7 9 0.06720064 
206 264 11 14 0.06687008 
543 216 9 11 0.06680899 
288 171 9 12 0.06660549 
873 169 7 8 0.06659469 
823 177 7 9 0.06629886 
631 262 9 11 0.066150025 
761 192 8 11 0.06613445 
479 214 10 12 0.065931916 
861 239 9 11 0.06590261 
277 167 10 12 0.06590168 
290 252 9 13 0.06585544 
818 197 8 11 0.06562071 
782 198 9 11 0.065590456 
623 244 9 11 0.06554401 
311 143 8 10 0.06511399 
342 227 12 15 0.064945646 
29 285 30 34 0.064860635 
355 263 14 15 0.06425791 
481 199 8 10 0.063739374 
999 232 10 11 0.06317357 
849 200 8 11 0.063167304 
545 247 11 14 0.06250181 
442 230 8 11 0.06230088 
609 209 6 9 0.062289063 
425 167 9 12 0.061888993 
833 281 13 16 0.061480477 
882 294 17 25 0.06126479 
990 208 7 10 0.061168 
66 95 7 10 0.06114807 
609 213 7 10 0.061009888 
733 213 10 12 0.060749482 
879 228 9 12 0.06037139 
889 197 9 12 0.06034635 
785 192 7 9 0.060020413 
66 210 8 11 0.059873715 
711 215 9 12 0.059711672 
552 219 10 13 0.059441347 
543 234 12 14 0.059391096 
806 237 10 12 0.05937178 
142 208 8 10 0.059367307 
471 167 7 10 0.059248976 
610 191 8 10 0.059206538 
520 226 9 10 0.05913733 
736 191 8 11 0.059076924 
984 168 6 7 0.05893969 
633 255 9 11 0.058785606 
679 277 11 16 0.058528483 
719 222 7 10 0.058480803 
305 143 8 10 0.058154326 
156 260 16 20 0.058027886 
139 259 11 15 0.05748217 
933 216 8 10 0.057454094 
910 251 9 12 0.057353996 
704 197 8 10 0.05718206 
586 284 26 33 0.056971375 
692 263 12 18 0.05696697 
683 254 12 14 0.056644514 
975 215 8 10 0.056612 
480 191 7 9 0.056456663 
148 274 13 16 0.056298938 
798 165 8 10 0.05618492 
377 114 10 12 0.056174185 
600 260 12 16 0.055997968 
487 238 9 13 0.05562242 
405 237 9 11 0.05559325 
272 168 10 13 0.055399567 
121 251 10 14 0.055015326 
993 237 9 11 0.054784633 
615 197 7 9 0.054702125 
758 160 7 10 0.05466161 
1000 222 10 10 0.054533135 
517 259 11 15 0.05452919 
90 266 21 25 0.05396257 
768 173 8 11 0.053834666 
669 280 15 17 0.0535904 
9 150 9 11 0.05358873 
568 207 7 9 0.05277318 
767 197 7 10 0.05263567 
759 143 7 9 0.052586846 
751 181 7 10 0.052359346 
98 211 8 12 0.05211302 
382 97 8 9 0.051536474 
70 231 8 10 0.051436912 
85 324 28 35 0.051316973 
582 335 32 53 0.051167518 
802 176 8 11 0.05114155 
406 253 10 13 0.051053785 
13 212 12 15 0.05092883 
447 246 9 12 0.05082675 
526 223 10 11 0.050782494 
954 283 12 18 0.05061306 
120 260 24 29 0.05052144 
712 177 8 9 0.050470594 
466 212 9 12 0.050469935 
953 260 11 14 0.050463457 
643 222 7 9 0.050297186 
88 223 10 12 0.050215844 
435 191 10 12 0.04976576 
884 239 9 11 0.049674608 
419 358 27 31 0.049654663 
454 177 8 11 0.049517248 
689 166 7 10 0.049452532 
833 215 9 11 0.049445324 
320 236 11 15 0.049432345 
259 236 25 30 0.04931691 
872 172 10 11 0.049297057 
953 295 14 19 0.049284242 
777 203 9 12 0.049071457 
927 262 12 14 0.04874684 
673 236 11 14 0.048710674 
64 229 10 11 0.048707783 
474 182 8 10 0.048443634 
672 242 10 13 0.04834476 
719 242 10 15 0.048270486 
680 259 12 15 0.048170924 
265 179 10 13 0.048163105 
682 197 8 11 0.04784701 
561 231 9 11 0.04782485 
629 174 9 11 0.047811195 
630 245 9 11 0.04780793 
809 282 15 20 0.04772458 
249 174 8 10 0.047522064 
167 192 8 9 0.047292806 
931 268 11 14 0.047244065 
845 238 8 11 0.047235075 
470 207 8 11 0.047197107 
426 272 17 22 0.047196534 
987 283 16 19 0.047051646 
177 185 7 8 0.046778943 
62 242 12 18 0.04670627 
523 289 14 19 0.046673752 
913 306 19 23 0.046379894 
32 198 9 11 0.046285287 
-1 198 7 13 0.046096742 
362 297 13 18 0.04598976 
80 220 9 11 0.045844868 
96 199 9 12 0.04584161 
968 215 7 10 0.045812797 
365 27 20 25 0.045705907 
746 174 8 9 0.045627072 
775 144 8 10 0.045606446 
742 142 7 10 0.045496233 
253 285 24 33 0.0454809 
489 244 8 12 0.0452663 
247 426 59 68 0.045172375 
534 256 9 13 0.045079563 
628 267 11 15 0.04507672 
528 189 8 11 0.0448587 
697 152 7 10 0.04477323 
703 153 7 10 0.044754747 
817 207 8 11 0.044738036 
129 190 8 11 0.04470767 
712 221 9 11 0.0446964 
1000 187 8 11 0.04425176 
13 207 11 13 0.0442217 
295 144 8 11 0.04417441 
653 232 8 10 0.0441464 
338 64 8 11 0.044136405 
364 292 12 15 0.04407939 
999 169 7 8 0.044064224 
382 101 7 10 0.043967944 
916 244 10 12 0.043890186 
696 167 8 10 0.04384696 
70 131 10 12 0.0437635 
504 126 9 10 0.043710493 
307 94 7 9 0.04366366 
735 208 9 11 0.043657303 
729 175 7 10 0.043526474 
23 180 8 10 0.04343203 
465 166 8 10 0.04342773 
759 166 7 9 0.043423425 
910 229 8 12 0.04337888 
119 245 10 14 0.043328784 
261 206 10 13 0.04327001 
422 339 46 45 0.043152183 
68 242 12 16 0.043149468 
277 177 10 13 0.043111242 
886 216 9 11 0.043100692 
821 263 10 13 0.043005295 
968 244 9 13 0.0428896 
960 220 8 9 0.042838264 
966 197 7 10 0.042826604 
515 330 26 38 0.04282021 
719 142 7 9 0.042751227 
729 214 9 12 0.042730242 
807 243 10 13 0.042651236 
497 220 8 10 0.042642634 
448 176 8 11 0.042615313 
945 469 32 38 0.04251898 
311 188 10 13 0.042501505 
698 158 7 9 0.04244916 
559 246 11 14 0.042399503 
227 290 12 16 0.042324398 
470 150 8 10 0.042220652 
744 182 7 10 0.04220983 
944 267 9 14 0.041925907 
353 189 9 11 0.0418408 
113 239 9 12 0.041723672 
112 221 8 11 0.041685157 
459 239 10 13 0.041666713 
639 231 8 11 0.041544445 
646 221 7 9 0.041301712 
391 254 11 13 0.041235287 
111 216 9 10 0.041210353 
703 165 8 10 0.04113058 
815 212 9 11 0.040891007 
36 204 10 14 0.04078515 
977 153 6 9 0.04053619 
497 175 8 11 0.04029597 
118 239 9 11 0.04022172 
473 175 7 9 0.040182304 
84 238 9 11 0.040177356 
586 252 12 17 0.04017584 
678 190 8 10 0.04007667 
501 222 7 10 0.040033206 
995 282 15 18 0.04003233 
639 152 7 9 0.0399924 
25 192 9 10 0.0399744 
985 290 18 21 0.03992333 
29 219 10 13 0.039872933 
306 229 10 13 0.039810468 
485 206 8 10 0.039714973 
798 161 8 10 0.039628405 
358 96 7 10 0.03948434 
343 93 7 10 0.03941702 
454 251 12 17 0.039395865 
759 208 9 11 0.039085258 
776 151 8 9 0.038986914 
526 255 12 15 0.038974322 
720 137 7 9 0.038940832 
893 183 8 10 0.03893189 
750 174 7 10 0.03886597 
776 127 7 9 0.038770676 
161 191 8 10 0.03873632 
504 201 8 10 0.03873357 
905 252 9 12 0.038669314 
671 254 11 15 0.03848752 
132 244 14 17 0.038468372 
517 208 9 11 0.038314156 
975 242 9 13 0.038180135 
959 244 8 11 0.03803241 
217 179 9 12 0.03800843 
807 187 10 13 0.037998885 
1006 246 9 11 0.0378931 
478 167 7 10 0.03779141 
679 274 23 29 0.037790313 
617 222 8 10 0.0377184 
478 176 8 10 0.03765784 
233 161 9 12 0.037592445 
735 150 8 9 0.037590094 
752 191 7 10 0.03749613 
1009 200 7 9 0.037472863 
856 183 9 11 0.037446722 
260 167 10 12 0.03743181 
601 276 15 20 0.03742649 
840 206 7 10 0.037355516 
310 216 9 12 0.03731935 
51 320 21 32 0.037220664 
906 204 8 10 0.037136815 
426 192 10 12 0.037095297 
649 200 8 10 0.036911 
334 102 8 10 0.036869172 
877 167 8 10 0.036865413 
625 181 10 12 0.036826815 
511 261 12 17 0.036821086 
249 166 8 11 0.03680287 
471 140 9 10 0.036637552 
999 246 10 12 0.036458805 
673 182 8 10 0.036347676 
225 167 9 10 0.036340848 
126 251 11 15 0.036275744 
445 317 26 38 0.036224093 
516 365 23 35 0.036207158 
52 196 9 12 0.03618683 
731 231 12 15 0.0361278 
648 174 8 10 0.036009084 
361 173 10 12 0.03599279 
408 231 8 12 0.035967663 
503 214 8 10 0.03594892 
622 153 8 10 0.03593446 
617 214 7 10 0.03591334 
497 250 10 13 0.035896648 
509 250 12 15 0.035811186 
1005 182 9 13 0.0357989 
289 219 10 12 0.035781797 
429 223 8 11 0.035729557 
9 145 8 10 0.035693597 
879 197 8 10 0.035669755 
653 176 8 11 0.035642106 
638 200 7 9 0.03551509 
445 361 30 37 0.035502095 
926 229 9 11 0.03545908 
1006 206 8 10 0.035367686 
21 212 13 17 0.035363123 
289 150 8 11 0.03528495 
51 243 21 33 0.0352524 
976 158 7 9 0.03514569 
421 97 8 10 0.035083856 
79 184 7 9 0.035044737 
688 159 7 9 0.03496071 
648 246 9 12 0.034911416 
968 238 10 12 0.03489105 
1009 173 7 9 0.034857538 
838 216 7 9 0.03480717 
920 200 8 10 0.034762263 
112 243 11 15 0.034749385 
470 200 8 10 0.034636088 
881 182 9 12 0.03459923 
302 206 8 11 0.034590445 
464 159 8 11 0.034549963 
470 316 18 28 0.034549218 
367 39 13 16 0.034505427 
616 209 7 9 0.034472242 
776 193 8 9 0.03445899 
689 269 17 22 0.0344315 
729 191 9 11 0.034320157 
797 290 24 31 0.034310974 
617 150 8 10 0.03423718 
693 198 8 10 0.034206793 
505 175 8 11 0.034146238 
392 181 9 12 0.034093235 
145 183 7 9 0.034078617 
324 312 34 55 0.03402598 
672 175 7 9 0.033999253 
786 166 7 10 0.03399037 
342 87 8 11 0.03398638 
441 224 9 11 0.033976175 
358 302 12 18 0.033848338 
69 95 8 9 0.033811178 
545 125 11 14 0.033782203 
14 198 8 10 0.033644672 
373 270 10 13 0.03361679 
333 237 19 24 0.0335621 
118 134 8 10 0.033527605 
31 211 11 15 0.033493392 
234 284 14 18 0.033464175 
925 297 15 20 0.033439837 
533 221 9 10 0.033303864 
425 229 9 12 0.033238865 
830 166 8 9 0.033193216 
415 252 9 13 0.03315915 
932 275 10 13 0.033105105 
631 168 8 10 0.032991804 
322 234 19 24 0.032977182 
827 244 19 23 0.032900296 
529 184 7 10 0.03289892 
593 225 7 10 0.032878567 
572 306 16 20 0.032813054 
880 189 9 11 0.032784846 
800 205 7 10 0.032741092 
143 268 12 16 0.032696154 
526 234 10 13 0.032683566 
743 207 9 11 0.032681376 
54 242 14 21 0.032667596 
549 231 9 12 0.03263453 
391 246 10 13 0.03254709 
440 236 8 10 0.032504816 
474 188 8 11 0.03244934 
459 270 14 20 0.03244498 
64 207 19 23 0.032360956 
770 161 6 9 0.03234453 
962 261 18 26 0.03230437 
840 200 8 10 0.032232013 
920 223 8 10 0.032200925 
569 339 28 41 0.032130707 
305 112 7 9 0.032112237 
255 248 39 51 0.03209173 
1000 214 10 11 0.03209152 
472 219 9 11 0.032067027 
954 191 8 10 0.032060444 
624 209 7 9 0.032045383 
79 159 6 8 0.031856637 
59 256 15 24 0.031769305 
427 179 8 11 0.03175467 
325 213 8 10 0.031741258 
427 368 35 42 0.031725407 
997 269 11 14 0.03160531 
397 301 12 15 0.031597268 
363 284 12 16 0.031552244 
422 359 13 17 0.031456858 
450 192 7 10 0.031448577 
403 315 26 36 0.03142872 
747 167 8 10 0.03121173 
846 244 9 12 0.03116791 
616 245 9 11 0.031107608 
501 269 15 22 0.03108436 
838 188 8 11 0.031081231 
1010 170 7 8 0.031054331 
495 192 7 9 0.031028256 
719 252 11 14 0.031018753 
87 263 14 17 0.030919628 
446 252 10 14 0.030894432 
465 200 7 10 0.030892614 
441 165 8 10 0.030842954 
720 230 9 12 0.030717826 
416 394 36 46 0.030549 
857 189 8 11 0.030531865 
178 303 39 50 0.030523397 
14 190 7 10 0.030425327 
487 230 9 12 0.030416312 
884 229 10 12 0.030370723 
480 239 8 12 0.030349106 
303 214 9 12 0.030237727 
181 184 8 9 0.030228142 
941 476 45 52 0.03020749 
469 159 8 10 0.03020142 
733 219 11 13 0.030117523 
816 165 8 10 0.03007332 
688 223 8 10 0.0300307 
232 183 8 10 0.02994683 
496 160 10 12 0.029934967 
107 340 32 42 0.029908732 
494 287 22 31 0.029884273 
856 222 11 13 0.029858932 
83 100 9 11 0.029821156 
673 231 9 12 0.029783236 
917 276 12 16 0.029726818 
539 274 16 20 0.029635906 
821 207 9 11 0.029548593 
814 281 24 28 0.029533893 
304 328 27 38 0.029428115 
24 148 7 11 0.029415416 
123 241 20 26 0.029376963 
838 175 8 10 0.029368337 
922 283 13 17 0.02935296 
533 207 9 10 0.029326862 
180 305 18 22 0.02931242 
350 260 22 26 0.02922716 
980 244 11 13 0.029163541 
496 127 8 10 0.02905186 
316 227 11 16 0.029048512 
138 208 8 10 0.029030805 
496 206 7 10 0.02892349 
464 153 8 10 0.028880294 
499 316 24 36 0.028857848 
633 233 8 10 0.028798016 
221 279 21 27 0.028773932 
71 169 7 9 0.02876511 
320 213 8 11 0.028713541 
694 173 9 11 0.02869089 
350 222 9 13 0.028632559 
728 152 8 10 0.028621837 
602 257 19 23 0.028616063 
926 236 9 12 0.028550858 
957 277 12 17 0.028548783 
576 192 7 10 0.028533153 
629 273 13 19 0.028495666 
56 215 9 12 0.028494962 
337 94 8 10 0.028493542 
402 430 53 77 0.02849197 
287 257 12 15 0.028387781 
591 235 9 13 0.028347142 
29 269 31 34 0.028325623 
449 434 68 84 0.028323943 
944 261 9 13 0.028322326 
673 231 19 24 0.028286414 
796 302 15 24 0.028272714 
176 189 8 10 0.0282686 
740 229 11 15 0.028231885 
664 230 9 10 0.02823136 
495 238 12 18 0.028221969 
935 206 7 9 0.028211068 
465 174 7 10 0.028200464 
125 257 15 20 0.028200021 
816 268 11 14 0.02812456 
888 206 9 10 0.028109537 
12 158 9 11 0.028054394 
388 261 19 25 0.028053295 
440 262 11 16 0.028048676 
741 190 8 11 0.02803314 
630 215 7 8 0.028007818 
710 190 7 10 0.02795216 
67 258 12 19 0.027949968 
486 191 7 9 0.027927682 
126 228 11 13 0.027905812 
191 277 10 14 0.027861739 
41 183 8 10 0.027854983 
663 261 10 13 0.027841752 
127 249 21 25 0.02783179 
398 242 12 15 0.027801564 
1014 200 9 12 0.027724352 
406 244 10 14 0.027702766 
455 204 8 12 0.027699478 
215 248 9 11 0.027675936 
1005 221 8 9 0.027664071 
911 193 8 9 0.027657757 
514 223 8 10 0.027655689 
935 288 16 21 0.027620224 
694 324 15 19 0.027579963 
676 242 14 16 0.027565291 
38 198 10 13 0.027563272 
353 293 22 30 0.02754465 
997 275 13 16 0.027531214 
552 205 8 9 0.027506752 
907 274 15 20 0.027474696 
504 119 10 11 0.027441787 
430 238 9 11 0.02742053 
1015 246 9 12 0.027311899 
768 242 11 15 0.027262576 
429 356 15 18 0.027259376 
990 212 7 10 0.027231133 
335 229 12 15 0.027167317 
16 180 8 10 0.027128277 
970 259 12 17 0.027051577 
757 233 11 14 0.027043514 
145 190 8 10 0.0270269 
764 272 15 21 0.027001971 
982 232 8 10 0.026981784 
798 199 8 10 0.026947519 
790 231 10 13 0.026913581 
484 222 9 10 0.026827993 
513 229 10 12 0.026811551 
9 284 15 19 0.026763555 
117 260 12 19 0.026713686 
529 291 17 19 0.026708635 
239 434 36 50 0.026706321 
117 358 29 38 0.026554743 
566 312 25 30 0.026553195 
94 87 8 9 0.026521243 
439 246 9 13 0.02647919 
93 168 9 11 0.026459672 
893 259 13 16 0.026432598 
977 208 7 10 0.026423963 
771 154 212 222 0.02641652 
288 94 7 10 0.02638499 
753 274 25 31 0.026362367 
222 126 7 10 0.02635905 
677 250 21 27 0.026327519 
467 266 13 17 0.0262892 
1016 211 9 12 0.026274033 
231 117 8 10 0.0262734 
807 150 8 9 0.026260436 
306 222 19 24 0.026227387 
650 208 7 9 0.026145041 
504 369 26 39 0.026125867 
441 160 8 10 0.026097326 
104 230 8 9 0.026054429 
598 208 7 9 0.026044736 
299 253 10 12 0.026018105 
122 276 16 23 0.025959248 
960 169 7 10 0.0258576 
125 236 12 15 0.025851138 
726 157 7 10 0.025832713 
792 143 7 10 0.025801038 
192 175 8 11 0.025754528 
14 362 30 44 0.025700469 
958 262 14 20 0.025615651 
448 205 10 12 0.025539903 
832 233 10 12 0.02553263 
798 188 9 12 0.0255312 
444 379 34 47 0.025530457 
173 310 25 33 0.025512556 
202 262 10 14 0.02547754 
288 247 9 14 0.025455683 
894 206 8 10 0.025448184 
328 151 9 10 0.025432462 
29 192 8 10 0.025425915 
233 151 9 10 0.025371816 
496 197 8 11 0.025278734 
807 215 8 11 0.025250856 
984 159 7 9 0.025245124 
151 253 13 17 0.025239645 
374 134 9 11 0.025153423 
688 174 9 10 0.025119398 
250 213 10 13 0.025089486 
207 274 16 21 0.025088308 
927 256 10 12 0.025082922 
116 78 9 11 0.0250421 
238 172 8 11 0.025028326 
103 223 9 11 0.025017438 
848 191 7 9 0.02498618 
641 170 9 12 0.024980998 
789 288 20 33 0.024935685 
23 143 8 10 0.024896866 
9 204 10 13 0.024871133 
885 284 13 18 0.024814298 
895 237 9 11 0.024791827 
80 110 9 10 0.024771536 
655 199 6 9 0.024760125 
951 265 11 15 0.024718191 
415 246 9 12 0.024634652 
718 215 9 12 0.02459797 
814 245 9 12 0.02456841 
122 168 9 10 0.024565265 
655 207 7 10 0.024564976 
408 381 31 47 0.02440216 
888 177 8 10 0.024362605 
509 175 8 9 0.024349542 
712 228 9 11 0.024336088 
222 175 9 11 0.024328297 
447 237 8 11 0.02427838 
327 182 8 11 0.02424949 
405 258 12 17 0.024235213 
72 237 20 25 0.02423333 
271 192 19 26 0.024188904 
831 175 9 10 0.024132175 
598 232 9 11 0.0241248 
398 252 11 14 0.024116784 
303 189 9 12 0.024114544 
277 192 10 13 0.024073329 
753 196 7 9 0.024071474 
992 246 10 12 0.024038827 
407 150 8 10 0.024032786 
925 273 14 17 0.024029577 
154 270 18 21 0.023976782 
799 214 9 13 0.023976095 
703 205 9 10 0.023965208 
474 302 24 32 0.02393408 
589 110 12 15 0.023933958 
484 284 13 19 0.02389844 
824 165 8 10 0.023898132 
146 242 13 15 0.02385951 
713 237 10 12 0.023851475 
120 229 11 14 0.023845065 
294 189 10 14 0.023796888 
704 136 8 9 0.023761319 
13 282 28 35 0.023759581 
753 235 10 13 0.02375612 
792 175 8 10 0.02373286 
824 250 11 15 0.023715116 
609 282 15 19 0.023698445 
159 174 8 10 0.023664244 
675 92 203 229 0.023598894 
87 216 9 11 0.023598291 
632 205 8 11 0.023590919 
807 207 7 9 0.023551865 
524 275 14 20 0.023542404 
902 183 9 11 0.023526873 
225 240 9 10 0.023462715 
414 368 16 20 0.023443285 
871 290 22 30 0.023413565 
624 264 9 12 0.023410589 
725 252 10 14 0.02334016 
725 260 12 15 0.023338495 
385 134 201 206 0.023305576 
423 206 8 11 0.023252677 
485 215 8 10 0.023248276 
503 158 10 12 0.023203453 
1015 262 10 13 0.023143878 
241 231 8 11 0.02312674 
558 143 10 12 0.023108868 
436 383 17 21 0.023078382 
977 174 7 9 0.023043994 
735 166 8 9 0.023035623 
826 237 9 11 0.023023682 
492 372 27 42 0.023015173 
280 96 8 10 0.023014426 
520 191 8 10 0.023010751 
847 183 8 11 0.022977691 
273 152 11 13 0.022971816 
877 174 9 11 0.022961622 
134 191 7 11 0.022954011 
615 176 8 10 0.022894427 
366 268 11 15 0.02288069 
338 215 9 11 0.022864036 
972 283 13 18 0.022855833 
485 199 7 10 0.022848602 
653 246 9 11 0.022837732 
70 218 10 13 0.022836538 
770 149 7 10 0.022835663 
200 267 12 16 0.022812998 
991 267 12 15 0.022795737 
138 212 8 11 0.022785863 
905 228 9 12 0.022784058 
324 231 12 15 0.022744378 
334 143 8 10 0.02269505 
975 220 8 10 0.022665318 
269 169 19 22 0.022660501 
913 238 8 12 0.022605387 
262 247 15 20 0.022598373 
280 251 24 28 0.022593308 
295 229 9 11 0.022592977 
854 204 9 12 0.022584148 
245 231 10 13 0.022558428 
600 199 6 8 0.022547007 
994 295 17 22 0.022525027 
623 157 9 10 0.022522353 
958 180 8 9 0.022478512 
92 94 8 10 0.022432152 
128 183 8 10 0.022412492 
113 135 7 10 0.022370562 
166 293 15 19 0.022360252 
43 269 19 23 0.022355873 
442 175 7 10 0.022351768 
559 123 11 14 0.022316199 
967 168 6 8 0.02231237 
487 111 8 11 0.022309432 
267 242 27 33 0.022287136 
800 149 8 10 0.022282341 
728 180 8 10 0.022282226 
833 188 9 11 0.022262935 
58 238 21 28 0.022262655 
575 208 7 9 0.02219712 
37 101 199 238 0.022195205 
764 289 23 32 0.022190426 
630 191 7 10 0.022139927 
918 239 9 13 0.022116415 
557 318 32 36 0.022076296 
357 274 13 17 0.022054695 
7 279 12 15 0.02203658 
989 276 15 17 0.022033384 
136 236 11 15 0.022026788 
415 208 9 11 0.021997882 
614 255 9 11 0.021971432 
945 244 8 11 0.021935657 
642 217 8 9 0.021867292 
967 232 8 11 0.021857312 
317 187 11 13 0.021852603 
736 158 8 10 0.021822428 
783 144 7 9 0.02182045 
464 135 10 12 0.021802608 
308 251 11 13 0.021801308 
271 189 10 13 0.021753002 
133 229 9 12 0.021734009 
342 293 11 15 0.021682035 
792 203 9 11 0.021667894 
742 151 8 8 0.02162241 
593 200 6 8 0.021614484 
589 275 14 22 0.021606922 
207 253 10 12 0.021592986 
1015 284 10 14 0.021584889 
640 127 7 10 0.021556227 
918 269 13 15 0.021545991 
464 221 9 11 0.021541227 
263 187 11 14 0.021527749 
73 189 9 11 0.02152019 
204 278 23 32 0.021502297 
334 149 8 10 0.02148996 
688 193 10 12 0.021466466 
74 185 6 8 0.021441972 
137 128 9 11 0.021410828 
614 229 8 11 0.021399468 
687 181 9 10 0.021364808 
526 244 10 13 0.02135673 
945 206 18 23 0.021347243 
192 271 10 13 0.021334173 
393 236 10 15 0.021297576 
983 173 7 8 0.021293119 
277 261 11 14 0.021284778 
955 197 8 10 0.02128141 
854 228 10 13 0.021265117 
980 274 14 18 0.021256853 
135 349 11 14 0.021225309 
168 185 7 9 0.021224063 
347 357 12 16 0.021204595 
399 256 21 28 0.021200432 
590 122 12 15 0.021197254 
368 128 9 12 0.021186247 
766 215 8 10 0.021184012 
72 254 22 29 0.02118285 
903 306 15 19 0.021163065 
130 195 8 11 0.021146966 
697 142 8 10 0.02113073 
223 296 13 16 0.021089958 
537 198 10 12 0.021045184 
909 310 28 33 0.021018175 
415 260 11 17 0.02097628 
703 175 8 10 0.020954039 
877 241 19 24 0.020895358 
349 294 12 16 0.02089512 
695 192 8 10 0.020879272 
887 275 14 21 0.020856503 
364 263 12 15 0.020853873 
330 86 8 10 0.02085359 
61 272 13 20 0.020823749 
188 298 16 23 0.020794861 
15 339 26 41 0.020726416 
935 200 8 11 0.020685619 
208 181 8 10 0.020666959 
972 268 12 18 0.020665644 
256 179 10 13 0.020634416 
255 243 12 15 0.020619612 
380 111 9 12 0.020615784 
830 160 7 9 0.020615568 
726 240 11 16 0.020608768 
728 209 9 10 0.0206002 
267 235 16 18 0.02058523 
248 160 9 10 0.020552672 
76 249 13 18 0.020543374 
209 267 15 18 0.020529753 
895 231 9 10 0.02052625 
378 102 9 10 0.020439615 
252 291 14 20 0.020437915 
295 194 11 16 0.020431072 
104 133 9 11 0.020403739 
563 116 11 15 0.020379687 
244 295 20 29 0.020378795 
50 113 7 9 0.02036766 
599 255 10 14 0.020354895 
741 274 12 17 0.020335555 
484 131 191 205 0.020328213 
472 239 9 12 0.020308955 
237 302 12 17 0.02026025 
703 228 9 12 0.020248607 
769 144 7 10 0.020235201 
958 334 33 46 0.020233935 
496 181 7 8 0.020223096 
583 108 23 28 0.0202198 
761 175 8 9 0.020216603 
317 328 26 42 0.020180589 
512 101 41 56 0.020136734 
117 221 11 12 0.020132108 
873 228 9 11 0.020096526 
794 150 6 9 0.020089597 
303 243 11 14 0.02005313 
44 271 27 35 0.02003361 
460 250 12 15 0.020028811 
968 208 7 8 0.020024031 
456 135 8 11 0.020023877 
247 134 8 10 0.020019788 
994 189 9 11 0.020011682 
0 167 6 10 0.020006064 
993 168 7 8 0.020005362 
