2_Demonstration_Protesters_2_293
219
222 522 89 107 0.99907565 
289 431 56 76 0.99905676 
794 455 57 77 0.99852055 
456 434 53 77 0.9977654 
91 345 43 68 0.99667114 
540 458 73 99 0.9957651 
861 458 79 93 0.9955498 
164 375 40 53 0.9914522 
562 413 49 64 0.99052024 
479 365 42 52 0.98262584 
838 592 66 111 0.97535443 
354 364 31 46 0.9544196 
606 385 32 53 0.9480532 
42 328 36 50 0.87372744 
674 356 29 38 0.7686882 
547 356 33 38 0.7475536 
734 517 50 86 0.63189393 
410 337 33 43 0.63033557 
246 459 42 56 0.5619715 
412 468 43 86 0.5539469 
840 399 47 50 0.49454534 
117 275 14 20 0.3909219 
49 304 41 53 0.3659356 
658 462 46 53 0.29444283 
580 329 18 23 0.29005218 
316 344 17 21 0.23535587 
863 394 36 48 0.22993685 
746 414 47 61 0.22440653 
339 311 24 29 0.21516034 
0 365 19 39 0.21077934 
103 286 22 33 0.198244 
1 305 16 22 0.17103305 
677 452 46 53 0.16974433 
-3 374 34 62 0.163697 
595 284 27 33 0.16283032 
566 330 24 29 0.16153507 
131 360 30 46 0.16001496 
443 269 14 17 0.14024322 
586 386 44 62 0.13542132 
369 376 30 37 0.1312527 
356 293 17 22 0.12782253 
298 355 14 17 0.12243192 
397 350 12 15 0.122338936 
642 463 37 45 0.11295799 
560 360 20 24 0.11115838 
75 268 14 18 0.10848569 
42 366 34 56 0.10841791 
713 533 52 71 0.09281898 
443 318 16 19 0.09132031 
793 374 22 29 0.091077216 
878 325 10 15 0.090633765 
184 336 30 42 0.09035798 
584 292 23 32 0.08857352 
929 255 16 19 0.08502145 
646 220 39 45 0.083963044 
157 291 25 34 0.07934976 
599 322 13 18 0.076606706 
109 279 16 25 0.074596524 
625 325 38 52 0.07401055 
724 423 47 60 0.07384886 
752 282 24 33 0.071797326 
690 435 43 53 0.071503945 
2 428 45 90 0.069678366 
560 339 26 35 0.069242515 
56 311 22 28 0.067607895 
260 423 12 14 0.06756489 
26 366 37 62 0.06289933 
584 333 23 31 0.06262508 
764 341 11 16 0.05727103 
745 484 49 79 0.055568114 
69 273 18 22 0.05371212 
419 334 42 58 0.048424546 
576 367 26 33 0.047841623 
441 256 21 27 0.047689244 
508 373 29 40 0.04736925 
826 403 29 36 0.047061197 
587 302 15 19 0.046049923 
996 353 31 43 0.045793436 
873 318 9 13 0.045609757 
411 339 19 26 0.044396583 
588 418 34 50 0.044313 
565 179 26 33 0.044272624 
560 366 29 35 0.042525202 
651 320 57 71 0.04210148 
640 333 44 54 0.04203609 
803 374 13 20 0.041704264 
716 286 11 16 0.04161854 
66 306 17 21 0.04152516 
429 331 27 37 0.04148026 
754 339 24 35 0.041177977 
421 456 31 58 0.040431198 
806 335 10 13 0.03942251 
-1 357 14 24 0.03914207 
602 331 13 17 0.03908203 
51 343 44 64 0.03884892 
656 368 31 37 0.038697224 
292 348 22 28 0.03811211 
818 462 55 71 0.037828956 
595 328 15 22 0.037503466 
839 493 39 48 0.037500948 
372 493 55 74 0.037316967 
261 433 44 62 0.037193015 
101 284 16 23 0.037112676 
780 327 11 13 0.036764268 
51 298 25 33 0.036363315 
123 340 34 53 0.036177997 
689 319 10 13 0.036058873 
524 368 32 39 0.03581102 
728 414 27 42 0.03577285 
173 334 29 36 0.035103455 
603 277 14 16 0.0349676 
839 332 13 17 0.034862112 
230 478 64 85 0.034668084 
600 358 27 31 0.03435724 
328 292 41 57 0.034311302 
123 271 12 17 0.03339993 
114 361 37 50 0.033346474 
581 353 27 35 0.03333536 
348 296 23 32 0.03297546 
441 256 10 12 0.03282535 
820 347 11 15 0.03272565 
277 360 13 19 0.032681555 
138 381 17 24 0.031953074 
710 274 11 14 0.031804893 
64 259 12 15 0.031733207 
770 266 15 19 0.031533208 
735 453 52 75 0.03066171 
1 168 23 33 0.030531546 
857 341 10 16 0.030434188 
463 351 44 60 0.030167669 
442 329 17 22 0.030067593 
812 397 26 39 0.029992798 
379 384 17 24 0.029685237 
368 402 28 31 0.029024716 
74 307 14 18 0.029005505 
35 350 28 46 0.02898154 
767 272 15 19 0.028946243 
606 289 20 22 0.02846623 
406 344 17 25 0.02834376 
-2 440 30 63 0.028243292 
283 333 42 49 0.02800643 
275 324 11 16 0.027961696 
165 285 15 19 0.027937546 
138 378 31 42 0.02787423 
588 341 27 34 0.027700782 
289 382 31 38 0.027547237 
101 329 31 44 0.027295092 
202 336 29 40 0.027136736 
783 375 40 53 0.02713671 
436 306 23 33 0.026694259 
590 376 30 41 0.026493201 
657 313 13 15 0.026280608 
620 388 15 24 0.026270647 
958 481 48 73 0.026065418 
575 341 25 33 0.025937319 
569 352 18 25 0.025869638 
696 374 26 40 0.025818834 
0 227 12 19 0.025619647 
788 339 11 14 0.025571594 
51 319 20 26 0.025502097 
145 367 35 43 0.025239857 
811 340 24 30 0.025228865 
621 338 26 35 0.02519436 
755 403 33 48 0.025118439 
593 303 24 34 0.02508861 
832 349 10 14 0.024710065 
558 260 13 15 0.024644034 
515 378 18 23 0.02434115 
249 416 27 32 0.024304222 
576 250 12 15 0.024168117 
177 329 17 19 0.02403811 
19 379 29 40 0.0239411 
61 255 22 26 0.023924816 
923 250 43 52 0.023793915 
715 376 17 23 0.023713117 
440 260 13 17 0.023376077 
709 377 27 40 0.02336674 
803 412 47 60 0.022961501 
159 339 27 33 0.022951478 
679 343 44 56 0.022802128 
280 353 22 33 0.022764368 
763 406 45 58 0.022535566 
871 327 13 18 0.022531275 
635 220 25 34 0.022525027 
690 548 57 70 0.02245977 
722 379 32 45 0.022321342 
132 23 57 74 0.022319384 
619 370 42 60 0.022304397 
965 554 51 76 0.022230918 
352 310 17 25 0.022196984 
637 380 31 40 0.022016497 
651 141 16 21 0.022005178 
110 303 41 57 0.021914143 
485 233 10 16 0.021890108 
895 316 12 15 0.021858694 
462 361 13 18 0.021831326 
410 362 30 37 0.02176873 
710 260 13 19 0.021633927 
292 354 30 39 0.021594372 
453 258 14 16 0.021530608 
5 417 85 114 0.021524591 
41 395 35 49 0.02145205 
928 315 30 37 0.02135995 
584 519 34 45 0.02124206 
10 465 49 82 0.021013577 
113 295 14 22 0.020990718 
304 349 25 30 0.020825023 
771 259 14 17 0.020803304 
221 455 50 66 0.020710438 
901 413 11 15 0.020685557 
70 281 25 31 0.020669816 
399 358 13 18 0.020659046 
575 244 12 15 0.020540468 
434 246 39 50 0.020522261 
765 423 55 73 0.020350832 
-6 401 42 88 0.020109002 
159 342 12 18 0.020090967 
-2 229 21 31 0.020070044 
602 284 42 54 0.020001844 
