2_Demonstration_Demonstrators_2_470
20
454 141 118 142 0.9996044 
485 289 176 248 0.9990484 
627 29 78 120 0.9964978 
31 164 271 376 0.9960303 
879 113 88 151 0.99356925 
393 56 83 104 0.96465564 
49 61 130 149 0.32599646 
559 65 31 39 0.14198633 
20 382 145 188 0.08552979 
951 560 71 129 0.039397396 
33 130 168 241 0.028832963 
273 52 41 37 0.026827542 
320 14 58 52 0.026014958 
342 31 105 112 0.023096167 
678 52 96 122 0.022845196 
981 591 44 90 0.021681149 
820 202 47 75 0.021522367 
303 17 110 105 0.02113676 
442 437 35 41 0.020584306 
557 119 50 65 0.020276442 
