2_Demonstration_Political_Rally_2_584
30
649 505 125 148 0.9996012 
206 188 38 53 0.9809194 
233 409 48 61 0.9319024 
253 675 111 194 0.52854407 
38 573 57 106 0.29540202 
9 579 98 154 0.23079203 
25 654 108 136 0.081217594 
164 659 181 236 0.06761222 
868 520 55 69 0.050112702 
92 671 88 115 0.044387046 
875 1025 47 76 0.040457066 
899 532 34 43 0.03771327 
82 716 66 81 0.03379608 
113 668 113 169 0.033557434 
771 611 44 56 0.032170057 
841 474 100 124 0.031199494 
46 549 96 135 0.030789036 
863 306 51 66 0.029968383 
591 373 15 18 0.029559191 
45 -23 215 233 0.029284962 
745 1133 50 76 0.028711746 
977 1091 12 17 0.02794636 
492 453 11 12 0.02651282 
288 712 64 131 0.026414849 
307 167 45 76 0.024986947 
101 520 55 81 0.024028156 
53 575 36 60 0.02385554 
851 555 55 64 0.021301333 
851 496 58 71 0.021232514 
472 983 107 151 0.020324526 
