2_Demonstration_Protesters_2_1033
27
109 38 94 118 0.9995252 
314 200 53 76 0.99894124 
414 312 30 39 0.99734396 
358 267 33 44 0.96310514 
495 344 25 35 0.9609425 
834 423 10 14 0.23626944 
548 416 10 12 0.18379228 
484 329 41 53 0.118190795 
800 467 10 12 0.10248014 
44 342 101 99 0.06931467 
809 430 8 11 0.052013412 
428 402 17 22 0.045632586 
562 428 10 12 0.044565078 
559 423 9 12 0.042997267 
428 482 59 73 0.040220268 
481 367 17 20 0.037017245 
448 384 9 11 0.035517532 
407 388 40 51 0.032598324 
479 342 26 33 0.030932646 
544 410 18 23 0.026833782 
336 210 53 71 0.026156383 
555 412 12 14 0.024660664 
484 359 17 21 0.02430699 
20 218 183 202 0.02405948 
84 286 100 115 0.023764526 
269 409 51 54 0.022564705 
563 510 15 21 0.020985058 
