2_Demonstration_Protesters_2_748
31
749 248 23 33 0.99473464 
299 234 23 29 0.9939028 
433 170 52 69 0.7610834 
125 195 23 28 0.48224366 
130 266 17 19 0.11060111 
635 179 101 145 0.09673333 
206 271 11 15 0.08764479 
628 486 65 68 0.078744024 
509 255 33 39 0.07323152 
513 4 486 497 0.069736786 
448 161 43 54 0.067759596 
136 200 16 22 0.043013833 
633 195 60 99 0.040455922 
349 208 14 16 0.04010999 
910 326 8 11 0.03823116 
495 233 51 67 0.03182332 
157 260 16 19 0.02774782 
362 203 13 16 0.02743662 
404 160 35 41 0.026509464 
855 297 61 81 0.025242472 
904 324 10 12 0.025235444 
331 189 15 19 0.025181416 
343 202 14 17 0.024022607 
257 287 471 502 0.022453846 
736 445 14 15 0.022335384 
408 198 58 66 0.022240836 
732 451 15 16 0.022172967 
145 258 24 29 0.021512808 
411 156 49 64 0.021167003 
277 258 16 20 0.020817662 
812 191 214 255 0.020289723 
