2_Demonstration_Demonstration_Or_Protest_2_200
288
276 217 38 47 0.9975435 
808 489 59 61 0.9961278 
85 129 31 42 0.9946918 
71 265 40 50 0.9935992 
285 169 24 31 0.98583835 
388 224 22 31 0.9833429 
851 323 40 49 0.9808384 
176 220 34 44 0.9798585 
792 383 42 53 0.9773812 
226 190 26 34 0.9687496 
13 364 39 52 0.96416193 
883 164 27 34 0.933359 
356 156 21 28 0.9194451 
22 71 14 18 0.86885446 
942 303 39 46 0.8648753 
275 67 12 15 0.86253214 
399 47 14 19 0.83229166 
365 113 14 16 0.819629 
895 299 33 40 0.7445173 
310 97 14 17 0.72935 
315 371 42 50 0.7180682 
461 10 14 17 0.69739735 
395 167 22 28 0.6591778 
905 117 18 23 0.61700106 
357 27 10 13 0.604601 
949 180 34 37 0.5545825 
351 123 13 17 0.54931635 
526 165 31 40 0.5375374 
407 140 15 18 0.5334665 
118 258 23 32 0.51731694 
842 135 21 23 0.4926163 
903 0 16 17 0.4853659 
666 381 46 67 0.39652774 
91 29 12 17 0.39475474 
999 79 22 35 0.39239565 
681 36 17 21 0.3687815 
0 315 23 40 0.30463496 
306 362 36 43 0.29758862 
36 138 13 17 0.25789163 
288 82 14 18 0.21520872 
674 373 29 48 0.20296368 
672 58 35 38 0.20203906 
884 191 16 18 0.1793829 
16 128 17 21 0.17531326 
931 77 15 18 0.17287691 
508 164 35 38 0.16530064 
548 352 21 30 0.15353669 
909 152 14 20 0.15257683 
902 289 30 34 0.14154883 
356 115 17 22 0.14010686 
883 303 32 42 0.14003319 
362 146 16 23 0.13769346 
945 10 10 13 0.13718267 
501 5 11 15 0.1283901 
345 178 25 32 0.12560768 
44 114 21 32 0.12147362 
316 322 17 21 0.12024895 
529 86 10 14 0.11726184 
353 1 10 11 0.11395917 
407 486 54 51 0.10983573 
2 90 14 20 0.10886453 
977 28 10 13 0.10881858 
956 325 33 42 0.10194731 
844 192 24 30 0.098148376 
303 360 25 29 0.096442856 
349 168 24 30 0.086996466 
394 147 21 30 0.08608563 
54 256 25 34 0.08478371 
545 176 15 22 0.08273117 
341 311 18 23 0.078322664 
363 184 23 32 0.07805773 
1 86 10 16 0.07648386 
316 171 15 19 0.076119095 
300 171 24 30 0.07448001 
760 72 8 10 0.07376737 
525 115 12 16 0.07348632 
758 84 10 14 0.07167838 
312 172 23 30 0.071346 
488 39 11 13 0.071253955 
405 390 11 13 0.07074854 
799 12 15 18 0.07065131 
864 309 40 51 0.07062624 
77 91 14 19 0.07026094 
14 23 8 10 0.06935414 
813 0 9 10 0.0669193 
460 342 13 17 0.06678771 
35 145 14 20 0.06588335 
70 36 9 12 0.06486148 
681 374 18 25 0.062355153 
29 39 8 11 0.061425608 
210 188 14 19 0.06066058 
477 28 11 13 0.05993535 
692 3 16 19 0.056684263 
938 76 14 16 0.05607409 
357 173 24 31 0.056010295 
768 332 40 46 0.055980783 
92 1 15 12 0.05583524 
341 199 31 39 0.055497088 
63 53 11 15 0.054145016 
724 480 44 62 0.053264726 
197 185 14 18 0.052481253 
31 45 9 11 0.051659197 
24 127 21 29 0.05041124 
919 391 40 53 0.049333658 
379 150 25 36 0.048710614 
875 27 12 15 0.048020072 
99 1 15 15 0.047774218 
1 208 12 23 0.04651808 
898 144 24 30 0.046144854 
65 260 32 39 0.045410153 
855 35 13 16 0.045115303 
849 65 16 20 0.045064952 
912 115 22 29 0.044665363 
339 186 26 37 0.044459462 
713 20 10 12 0.044358544 
766 0 12 12 0.044011038 
11 248 26 40 0.043871626 
154 204 12 16 0.043543637 
84 391 14 19 0.042189583 
803 321 40 48 0.041966435 
758 76 10 14 0.041280784 
367 131 12 17 0.041099314 
517 98 26 38 0.040782485 
989 251 12 14 0.040479403 
85 20 15 19 0.03984027 
366 158 24 34 0.039649498 
157 246 11 15 0.039535142 
11 93 13 18 0.03865473 
366 145 20 33 0.038430903 
32 380 37 39 0.038316663 
386 209 25 33 0.038163584 
63 254 15 18 0.037651375 
803 4 12 14 0.037617892 
892 148 16 19 0.037153218 
524 86 22 31 0.036652576 
347 207 16 22 0.036391795 
22 23 9 11 0.03628378 
875 6 15 16 0.035989366 
372 273 25 31 0.03596457 
2 327 15 23 0.035576105 
399 139 15 20 0.03516919 
60 249 24 29 0.035119437 
80 29 11 14 0.034792986 
83 11 16 17 0.034711946 
48 127 23 37 0.03464361 
295 356 73 90 0.03454916 
262 76 8 12 0.0344931 
356 184 16 22 0.033877447 
911 48 10 12 0.03386254 
652 43 49 63 0.033776414 
40 126 21 32 0.033561606 
123 253 18 22 0.03349842 
392 501 101 101 0.032944765 
214 236 10 15 0.032815866 
886 156 15 17 0.032661486 
788 332 40 48 0.032313455 
319 79 10 12 0.032238226 
318 85 10 12 0.03217974 
127 255 26 34 0.031628273 
67 125 37 51 0.031608563 
62 1 9 9 0.03096199 
6 127 23 31 0.030753013 
691 42 13 17 0.03070527 
573 60 11 14 0.030654853 
544 11 44 59 0.030596757 
53 139 26 37 0.030574579 
140 0 13 10 0.030170914 
432 13 10 14 0.03015179 
392 21 9 12 0.030019348 
48 13 9 11 0.029929748 
911 290 19 21 0.029917512 
1 15 8 12 0.029739723 
567 55 11 12 0.029602632 
715 14 11 13 0.029386945 
680 354 45 59 0.02925298 
106 1 14 14 0.02919644 
373 193 25 32 0.029029569 
353 23 12 14 0.028827868 
189 184 15 19 0.028769195 
540 70 14 17 0.028537365 
314 355 18 23 0.028512977 
451 226 13 18 0.028286316 
359 111 13 16 0.028209442 
0 91 21 32 0.027998032 
236 142 15 19 0.027866853 
453 342 23 29 0.027798979 
907 7 14 17 0.027796157 
788 9 15 17 0.027622811 
862 187 12 17 0.027275538 
868 58 13 17 0.027150584 
1005 284 16 19 0.026955068 
539 343 43 53 0.026745528 
657 335 48 61 0.026675116 
892 299 18 23 0.02665581 
568 60 11 13 0.026377633 
447 356 10 14 0.026307238 
94 200 27 38 0.026256293 
816 11 11 15 0.026215026 
974 304 26 38 0.02619062 
467 339 16 19 0.026122324 
561 0 15 14 0.026117155 
665 366 29 41 0.026071412 
863 58 12 17 0.026043722 
806 0 13 11 0.0260197 
73 96 13 17 0.025992645 
902 128 27 33 0.025921935 
300 87 18 24 0.025921032 
789 83 14 18 0.025897 
1007 24 15 22 0.025893964 
388 146 15 23 0.025880767 
325 172 24 32 0.025839165 
923 77 10 14 0.025756039 
585 329 47 60 0.02564485 
915 306 27 33 0.025358876 
77 383 23 32 0.025268791 
789 76 13 17 0.025165949 
617 387 51 65 0.024942284 
850 186 17 22 0.024931367 
41 31 9 12 0.024840925 
988 177 15 18 0.02473666 
371 177 17 21 0.024680406 
928 237 39 46 0.02464758 
584 54 9 12 0.02454369 
713 37 11 17 0.02445993 
309 170 15 20 0.024422398 
946 166 53 63 0.02434731 
6 16 9 11 0.024319643 
198 177 22 29 0.02425337 
884 6 14 15 0.02422131 
56 7 9 12 0.02419537 
392 28 10 14 0.024075316 
901 291 18 20 0.023985064 
359 139 14 19 0.023957988 
392 84 11 15 0.023955138 
364 130 21 27 0.023829399 
319 55 8 10 0.02366415 
753 84 11 16 0.02339228 
682 45 28 37 0.02314995 
858 3 12 15 0.022968648 
698 352 43 55 0.022876047 
543 341 12 15 0.022813806 
173 135 31 42 0.022740733 
576 18 12 14 0.022668118 
45 259 23 34 0.022638494 
477 34 11 14 0.022521947 
743 367 37 48 0.021980055 
210 199 26 35 0.021936817 
471 21 20 25 0.021935774 
901 110 16 22 0.021882415 
150 247 15 21 0.021851037 
398 125 9 13 0.021611452 
261 207 26 34 0.021598388 
846 61 13 16 0.021577142 
23 28 9 11 0.021575987 
1008 84 15 25 0.021457708 
397 464 50 51 0.021450609 
351 206 31 37 0.02126841 
318 8 9 11 0.021255683 
26 357 39 47 0.021248968 
400 40 12 17 0.021242717 
666 308 47 61 0.021230282 
169 189 17 19 0.02099464 
974 11 12 17 0.020987831 
59 49 21 29 0.020838376 
1 80 9 14 0.020830354 
820 7 11 14 0.020821778 
389 132 11 15 0.020776805 
-1 32 7 10 0.020767013 
114 273 20 30 0.020688351 
506 4 13 16 0.020668108 
894 201 15 20 0.020617066 
795 352 46 55 0.02061675 
356 349 24 36 0.02059551 
381 145 15 22 0.020576127 
878 50 14 16 0.020548802 
395 205 16 20 0.02045099 
392 340 11 14 0.020358823 
444 11 13 17 0.020352518 
474 338 15 17 0.020317802 
46 74 13 17 0.020301806 
815 4 11 14 0.020280067 
921 70 22 29 0.0202165 
-1 45 7 13 0.020195173 
754 348 41 49 0.02019476 
913 109 16 21 0.020086367 
250 247 27 32 0.020071277 
38 47 9 12 0.020035902 
926 313 13 19 0.020012548 
