2_Demonstration_Demonstration_Or_Protest_2_98
1734
361 490 32 41 0.99940276 
558 482 32 42 0.9993729 
378 420 22 31 0.9958144 
411 506 26 32 0.9833066 
193 505 29 35 0.98119843 
605 577 39 47 0.97590965 
285 566 38 43 0.97049004 
514 525 33 41 0.9620492 
329 567 41 50 0.9584252 
277 526 27 35 0.9482516 
865 605 29 34 0.9207416 
443 462 24 28 0.9016808 
513 481 21 29 0.8751694 
104 295 9 12 0.8637299 
889 327 12 16 0.8384295 
351 301 10 13 0.8337635 
5 479 19 22 0.8258691 
325 474 19 29 0.8144392 
997 55 8 11 0.8136417 
300 69 9 12 0.8114926 
26 461 16 24 0.8027831 
76 276 10 12 0.77482724 
26 239 8 12 0.74850637 
139 515 21 28 0.74352485 
69 298 9 12 0.7420075 
187 285 11 14 0.73891824 
527 233 8 11 0.7342454 
527 60 8 10 0.7068002 
77 236 8 10 0.6711167 
418 294 9 11 0.64681727 
589 192 10 12 0.63926464 
791 56 8 10 0.6300255 
564 84 11 15 0.6256486 
668 243 11 14 0.62501466 
1 431 17 21 0.6172529 
55 277 10 12 0.61147565 
148 269 9 13 0.61018777 
133 299 10 12 0.6080257 
556 253 9 12 0.60719264 
836 281 12 16 0.6025222 
53 302 8 10 0.5949121 
637 128 9 12 0.59109414 
408 259 11 13 0.58808094 
580 254 10 14 0.5794625 
588 475 24 31 0.5777833 
960 215 9 12 0.574107 
495 72 9 12 0.5635835 
662 606 29 40 0.55775666 
446 418 16 21 0.5557 
725 166 8 11 0.5545357 
388 79 8 11 0.5415354 
590 282 11 14 0.5358012 
276 84 9 11 0.50687754 
764 79 9 12 0.4991421 
893 230 8 11 0.49732137 
159 293 12 15 0.48812324 
577 154 11 14 0.48700497 
312 302 10 12 0.46474093 
123 488 20 27 0.45900866 
933 206 9 12 0.4571517 
75 182 7 10 0.4499258 
548 139 10 13 0.44397667 
579 125 9 13 0.4339196 
360 39 7 9 0.43115798 
32 261 8 11 0.43049583 
885 38 8 11 0.4303755 
756 144 9 12 0.42746955 
173 172 9 11 0.4246661 
198 85 8 11 0.42004427 
518 295 11 14 0.4075785 
977 252 9 12 0.40336123 
516 126 11 14 0.40294135 
353 272 9 11 0.4006934 
751 182 9 11 0.3988229 
336 288 9 11 0.39542797 
724 41 9 11 0.391869 
590 461 20 30 0.38919315 
743 85 8 11 0.38881996 
33 295 9 12 0.38641754 
118 256 8 10 0.3853186 
190 410 15 18 0.38372812 
528 251 11 12 0.38339308 
839 621 32 30 0.38062873 
31 117 8 9 0.37680775 
193 228 8 10 0.37652022 
253 305 8 11 0.37487695 
200 93 9 12 0.37302768 
640 78 8 11 0.3728949 
226 224 8 10 0.37066332 
555 36 8 11 0.36407474 
222 551 30 45 0.35887223 
457 319 9 11 0.35702527 
677 60 8 11 0.3569103 
247 79 11 14 0.3568973 
492 230 9 11 0.35677066 
216 94 10 12 0.35643825 
481 111 9 11 0.35570115 
1001 333 13 17 0.35338646 
213 114 10 13 0.3496044 
871 176 10 13 0.34450454 
615 117 12 16 0.34050646 
518 77 9 11 0.34001344 
18 174 8 11 0.33012703 
784 222 8 11 0.3229125 
832 159 9 12 0.32144323 
276 78 11 13 0.31847858 
960 296 12 15 0.31802315 
980 199 8 12 0.31742096 
119 111 8 10 0.316963 
753 7 9 12 0.31477416 
415 210 10 12 0.3136689 
417 195 10 12 0.31333613 
590 85 8 10 0.31258395 
641 54 9 10 0.30998844 
167 256 8 11 0.30666995 
40 518 22 26 0.30589625 
511 124 12 15 0.30504686 
106 511 18 21 0.30177215 
723 187 11 14 0.3015092 
2 260 8 12 0.30060667 
1002 112 8 10 0.2977353 
0 527 12 22 0.2906479 
209 224 9 10 0.28847435 
942 133 9 11 0.2868817 
966 389 10 12 0.28391147 
909 109 8 10 0.28284562 
980 221 8 11 0.2818523 
164 577 22 29 0.28057393 
449 452 22 30 0.27472058 
57 316 8 10 0.27269462 
695 137 8 10 0.27260903 
439 125 9 10 0.27045146 
589 81 7 9 0.27015188 
674 124 8 11 0.26971114 
388 263 8 10 0.2690908 
804 131 11 12 0.26551548 
357 56 9 12 0.26425573 
104 263 9 11 0.2639426 
592 92 9 11 0.26280767 
79 68 7 10 0.26254264 
296 284 9 12 0.26182967 
936 325 11 13 0.25946018 
291 112 8 10 0.25907218 
399 167 11 12 0.2552695 
61 317 8 10 0.25076687 
479 268 7 10 0.24888837 
16 465 20 28 0.24878651 
56 159 8 10 0.24535735 
420 176 8 11 0.24495892 
167 78 9 12 0.24439928 
780 94 9 11 0.24186362 
253 84 8 11 0.24026687 
84 503 15 19 0.23890978 
48 48 7 9 0.23889965 
743 257 8 10 0.23749267 
985 103 8 10 0.23323488 
848 329 14 17 0.23096107 
485 100 9 12 0.23027849 
12 109 9 11 0.22915992 
325 447 14 18 0.22881041 
721 43 9 11 0.22793336 
7 78 10 13 0.22704688 
622 179 8 12 0.22202787 
628 163 10 13 0.22180495 
406 44 9 11 0.2217329 
173 238 8 11 0.22072443 
441 271 8 11 0.22017519 
3 503 16 22 0.22000605 
127 263 8 11 0.216383 
531 458 13 16 0.21576563 
166 215 8 9 0.2143805 
926 229 9 11 0.2136025 
431 232 9 11 0.21211588 
229 604 27 39 0.21043739 
508 274 12 15 0.20766157 
292 222 16 18 0.20697999 
610 70 8 11 0.20680948 
174 183 8 11 0.20652634 
401 229 8 12 0.2052885 
926 256 14 18 0.20495267 
413 232 9 11 0.20469764 
314 59 9 12 0.20464893 
216 88 8 10 0.19829088 
754 56 7 10 0.19799118 
166 223 8 10 0.19713704 
58 239 7 10 0.19697201 
851 614 31 31 0.19654387 
196 79 10 13 0.1957087 
782 134 8 10 0.19569169 
311 45 8 9 0.19499107 
864 93 8 9 0.19459867 
761 133 9 12 0.19303547 
990 234 9 12 0.19280286 
871 253 7 9 0.19206145 
685 248 11 13 0.18906206 
421 275 9 11 0.18896192 
807 236 9 12 0.18679643 
896 30 7 10 0.18618804 
781 278 7 10 0.18519032 
873 284 11 14 0.18331659 
480 291 10 12 0.18126206 
592 510 24 29 0.18109481 
634 627 28 30 0.18079112 
223 280 10 11 0.18057662 
442 276 8 11 0.17980818 
926 224 9 10 0.17859843 
207 285 9 11 0.17821805 
712 126 11 12 0.17758183 
151 172 7 11 0.1764755 
129 268 9 11 0.17582987 
546 99 9 12 0.17562662 
975 229 9 11 0.17170602 
392 182 9 11 0.17053108 
165 286 11 13 0.16995548 
704 60 8 11 0.1698533 
115 64 7 9 0.16895533 
955 45 8 10 0.16850898 
710 94 9 11 0.16764677 
710 62 7 10 0.16695675 
893 136 9 11 0.16668718 
154 119 7 9 0.16667011 
698 180 9 11 0.16659947 
121 548 14 17 0.16613673 
623 54 7 10 0.16607504 
520 73 8 10 0.16509011 
263 103 8 10 0.16504969 
458 165 9 11 0.16467814 
485 623 47 39 0.16462657 
119 294 9 12 0.16364862 
111 241 8 10 0.16235805 
144 183 7 9 0.16203718 
561 207 8 11 0.16187908 
301 285 8 11 0.16144522 
736 108 10 11 0.16021332 
970 143 8 10 0.15980375 
198 437 24 27 0.1597713 
525 165 9 12 0.15974697 
114 112 8 10 0.15971504 
727 318 10 11 0.15900575 
466 70 7 9 0.1585162 
957 40 7 10 0.15781416 
704 57 7 9 0.15759282 
635 148 11 16 0.15742433 
818 78 7 10 0.15690765 
49 54 7 10 0.15661165 
616 55 8 11 0.15650219 
181 118 8 12 0.15542011 
1008 201 9 11 0.15508133 
56 181 8 10 0.15432553 
73 272 9 11 0.1541818 
1013 102 8 11 0.15405032 
936 169 11 12 0.152531 
710 101 9 12 0.15092866 
738 71 7 9 0.15065555 
250 113 8 10 0.15059635 
34 566 14 17 0.14951558 
248 278 8 10 0.14900726 
597 101 9 13 0.14872451 
802 102 7 10 0.1487084 
631 157 12 15 0.14830801 
614 147 10 13 0.14828843 
281 248 9 12 0.1481717 
861 260 9 11 0.14753951 
354 60 10 14 0.1468315 
56 282 10 12 0.14538638 
127 198 7 9 0.14505878 
487 293 10 12 0.14405042 
7 256 9 12 0.14352852 
479 164 9 11 0.14343421 
862 255 8 11 0.14335479 
614 111 9 12 0.14315301 
562 388 11 13 0.14303288 
497 167 8 10 0.14288223 
576 413 11 14 0.14232306 
439 109 7 9 0.14203596 
275 56 8 11 0.14135714 
861 151 12 14 0.14100419 
719 85 8 10 0.1392665 
550 232 9 12 0.1389081 
905 103 10 12 0.13761015 
80 315 9 11 0.13737823 
295 367 11 14 0.13609877 
629 175 9 11 0.13556363 
62 232 8 10 0.13482489 
581 319 13 16 0.13480918 
494 294 11 14 0.1339368 
412 256 10 13 0.13387291 
624 553 25 29 0.13320795 
5 238 8 11 0.13278626 
277 60 8 11 0.13275532 
71 133 7 10 0.13057879 
385 267 9 12 0.13025185 
813 236 8 11 0.12996961 
407 231 10 13 0.12992279 
952 59 10 12 0.12931411 
276 71 10 13 0.12893507 
64 246 8 10 0.12711501 
9 73 9 9 0.1266651 
309 410 10 13 0.12653455 
672 67 9 11 0.12614362 
122 103 8 10 0.12533973 
675 313 13 18 0.12518999 
637 142 11 13 0.12474331 
107 486 15 17 0.12425282 
401 44 9 11 0.12313642 
431 87 7 9 0.122771375 
495 237 8 11 0.122362204 
582 143 10 11 0.121961325 
66 96 8 10 0.12141935 
984 108 9 11 0.12087394 
665 238 11 15 0.12084075 
320 441 15 19 0.1194305 
464 298 12 14 0.119080715 
220 308 10 12 0.11776981 
830 62 7 9 0.11769124 
950 283 9 12 0.11684681 
172 488 24 27 0.11665189 
97 62 7 9 0.11620991 
180 66 13 14 0.11607573 
839 260 10 13 0.11527917 
69 101 8 11 0.11471112 
642 551 23 32 0.11391521 
208 293 10 13 0.11322517 
728 126 8 11 0.11168968 
5 261 9 11 0.111224055 
61 176 8 9 0.11058371 
169 184 9 11 0.10963868 
215 300 10 14 0.108418606 
108 443 13 17 0.108319454 
526 172 8 11 0.10811654 
150 223 8 9 0.10763678 
491 465 17 20 0.10697943 
420 193 10 11 0.10673025 
454 93 8 10 0.10568248 
769 55 8 9 0.104798235 
23 453 16 20 0.104568034 
805 256 8 10 0.10355101 
496 485 27 34 0.103291385 
114 256 8 10 0.10252872 
662 182 7 10 0.10224345 
213 229 8 10 0.10173865 
94 160 8 10 0.10169963 
703 316 13 14 0.10145661 
500 295 11 13 0.1012125 
942 100 9 11 0.10067088 
935 150 10 14 0.1006074 
897 59 9 12 0.10045362 
162 225 7 10 0.09982268 
998 207 9 11 0.099622585 
817 310 11 15 0.09922629 
313 296 10 12 0.09898145 
207 280 9 11 0.09887527 
938 330 12 15 0.09796133 
455 277 10 13 0.097895905 
520 164 10 12 0.09782942 
270 315 10 13 0.09780278 
516 109 9 11 0.09757234 
737 78 7 10 0.09660322 
671 86 10 12 0.09656626 
857 474 10 13 0.09650311 
535 215 8 11 0.09645865 
451 78 7 10 0.09613655 
78 176 8 10 0.095954575 
737 64 8 10 0.09591522 
111 261 9 11 0.095196895 
742 81 8 10 0.09519576 
88 62 7 9 0.09486342 
600 271 11 13 0.09466459 
609 77 9 11 0.094616205 
345 278 8 11 0.09445426 
174 278 11 13 0.09394908 
976 46 9 12 0.09357061 
2 232 8 11 0.09258768 
524 158 11 13 0.0924851 
289 280 8 11 0.0913804 
762 128 9 12 0.09084466 
96 191 8 12 0.09079692 
535 402 12 15 0.089900896 
671 78 10 12 0.0894294 
302 103 8 9 0.088721976 
207 94 8 11 0.087867156 
220 98 9 12 0.08776019 
133 63 7 10 0.08757127 
548 53 10 11 0.08750004 
130 295 10 14 0.08734964 
785 227 8 10 0.087303676 
532 249 10 11 0.08720772 
8 269 9 11 0.08672255 
153 632 19 19 0.086490944 
14 104 8 10 0.086323485 
132 505 13 17 0.08597342 
586 84 9 12 0.08589049 
184 280 11 14 0.08571298 
769 270 9 11 0.08542442 
841 365 11 13 0.08520524 
391 164 10 13 0.08507414 
536 88 7 10 0.084568605 
926 61 6 10 0.084367655 
410 104 8 10 0.08411706 
857 189 10 12 0.08408144 
802 126 11 13 0.08364094 
10 106 9 10 0.08361116 
976 217 10 12 0.08341164 
140 294 9 12 0.083244964 
242 56 8 11 0.08305047 
162 77 8 11 0.08285541 
857 54 7 8 0.08243497 
166 200 9 11 0.082357496 
631 78 8 10 0.08186518 
56 263 8 10 0.08169497 
170 572 14 20 0.08123548 
55 56 7 9 0.08114207 
489 247 7 10 0.08106723 
513 300 8 11 0.08055591 
440 133 9 11 0.080548696 
493 56 8 9 0.080500156 
552 261 10 13 0.08050009 
505 121 8 11 0.080454625 
425 100 8 12 0.08002246 
456 117 8 9 0.07974076 
104 158 9 10 0.079661444 
149 515 21 31 0.07947832 
101 506 17 20 0.07906919 
525 138 11 14 0.07889893 
185 158 9 12 0.07873988 
245 60 8 11 0.078718424 
671 249 10 14 0.07868824 
360 44 8 11 0.07860891 
550 63 10 11 0.0778635 
672 101 11 14 0.07783035 
585 277 12 14 0.07761993 
72 129 8 9 0.07755289 
241 71 10 11 0.077425435 
166 207 8 10 0.07736458 
78 282 10 11 0.07709959 
168 229 8 10 0.077078335 
142 286 10 11 0.077074066 
495 245 8 10 0.076975234 
144 96 9 11 0.07687047 
311 263 9 11 0.07670337 
454 87 8 10 0.076696225 
584 93 8 10 0.07667327 
903 539 13 17 0.07659104 
135 197 9 11 0.076590404 
28 242 8 12 0.07625421 
883 149 12 14 0.07579287 
662 197 9 12 0.07541967 
430 55 7 9 0.07541504 
296 103 9 11 0.07518827 
474 457 17 20 0.07509441 
194 200 8 11 0.07506186 
14 71 7 9 0.07497052 
249 307 9 11 0.07480394 
317 294 9 12 0.07477973 
328 415 11 14 0.074710555 
781 100 8 11 0.07467099 
595 94 10 13 0.07440109 
471 83 9 11 0.074366465 
54 297 10 12 0.074216835 
559 211 9 12 0.074081205 
431 103 8 10 0.074037 
425 55 8 11 0.073815316 
922 86 9 10 0.07380284 
117 69 8 10 0.07373801 
862 280 9 12 0.07360638 
624 78 9 11 0.073517434 
434 63 7 10 0.07339215 
613 85 9 12 0.07312461 
1005 111 8 10 0.072896756 
31 268 8 10 0.07273435 
726 80 9 11 0.07261208 
887 141 11 12 0.07257872 
942 638 14 17 0.072454825 
160 199 7 11 0.07233846 
977 52 9 11 0.07186763 
120 151 10 12 0.071466796 
188 262 10 13 0.071459435 
822 144 9 10 0.07141816 
678 167 9 11 0.071236715 
149 265 9 12 0.071133316 
145 276 10 11 0.07101076 
340 286 9 12 0.07094033 
697 62 8 9 0.07086084 
138 192 8 10 0.07085647 
496 172 10 12 0.07078974 
433 70 8 9 0.070438676 
985 237 8 12 0.07042309 
197 294 10 13 0.070222944 
425 87 6 9 0.07019307 
167 148 8 11 0.070176676 
596 275 12 15 0.07017524 
516 333 9 12 0.07007812 
559 80 11 13 0.069721155 
513 105 9 11 0.06968783 
153 229 8 9 0.06966446 
999 278 9 11 0.069624044 
162 205 8 11 0.06953542 
357 86 9 11 0.069349214 
216 324 10 13 0.06927296 
765 247 10 13 0.069253765 
401 72 9 11 0.06892459 
927 234 10 12 0.06887051 
22 342 10 13 0.068531215 
910 501 11 14 0.06832709 
597 24 14 17 0.068170734 
256 102 8 11 0.06815547 
984 70 7 9 0.06803398 
677 275 15 16 0.06794337 
120 97 8 10 0.0678833 
1008 103 8 10 0.06773199 
181 45 8 10 0.06742249 
124 108 8 11 0.067355715 
12 254 10 12 0.06726264 
548 187 10 13 0.06720045 
739 84 8 11 0.06713929 
208 136 9 10 0.06667133 
491 61 7 9 0.066542044 
651 549 23 37 0.06622803 
609 84 9 13 0.066122934 
558 68 9 11 0.066085614 
417 88 6 9 0.065740846 
465 78 9 11 0.06543709 
170 168 9 11 0.06495267 
74 150 8 10 0.06491622 
1009 309 10 14 0.06485994 
40 270 8 10 0.064816885 
149 216 8 11 0.06457572 
296 311 8 12 0.06442142 
437 143 10 12 0.064143024 
376 285 9 12 0.06365372 
294 360 9 11 0.06350977 
200 99 9 11 0.063325815 
482 454 22 25 0.06310025 
644 78 8 10 0.06305869 
658 195 9 12 0.06294356 
821 187 10 13 0.062942654 
292 215 14 15 0.062909864 
1014 245 9 14 0.062878735 
362 318 9 11 0.06287229 
88 501 22 24 0.06277097 
475 269 8 10 0.062767886 
523 294 11 13 0.0627565 
941 150 12 14 0.06268754 
861 471 10 13 0.06266473 
252 371 9 11 0.0623846 
655 215 9 11 0.06233692 
293 549 33 44 0.062259566 
709 311 10 13 0.062008094 
256 246 8 11 0.06185338 
709 106 10 13 0.061794553 
357 276 9 12 0.06168939 
856 551 27 31 0.06163971 
622 102 9 11 0.06149872 
433 110 8 9 0.06135331 
423 96 9 10 0.06107885 
929 213 10 11 0.06099748 
96 422 12 16 0.060969107 
48 514 19 24 0.06086138 
208 166 9 11 0.06084679 
494 63 7 9 0.060817674 
81 343 8 11 0.060806792 
58 112 8 11 0.060777314 
999 127 9 10 0.060774732 
418 71 8 10 0.06076458 
17 95 7 10 0.060732752 
229 279 9 11 0.060654663 
47 246 7 10 0.06050267 
548 96 9 11 0.06035157 
75 69 8 10 0.060198545 
876 164 12 14 0.06014406 
568 270 9 11 0.060041368 
617 176 11 13 0.059910122 
576 120 10 13 0.05990663 
485 287 9 12 0.05990115 
144 221 8 11 0.059810594 
7 165 7 10 0.058980405 
386 83 11 12 0.05884896 
17 170 8 10 0.058848508 
399 110 7 8 0.058839418 
368 238 7 9 0.05878543 
361 286 8 11 0.058695596 
979 245 10 14 0.05867072 
513 264 8 11 0.05866711 
544 236 10 12 0.058586977 
154 197 8 10 0.058516257 
316 54 9 12 0.058491454 
296 379 11 13 0.05840075 
868 554 15 19 0.057983063 
550 46 10 12 0.057966862 
409 212 10 12 0.057749305 
62 111 9 11 0.057728216 
783 374 7 10 0.05765132 
111 152 7 11 0.057592865 
455 312 10 13 0.057524756 
582 120 10 13 0.057506327 
496 343 9 11 0.057435196 
104 276 9 11 0.05742421 
983 230 10 12 0.057405334 
471 136 7 9 0.057372063 
565 205 8 11 0.057251606 
552 268 10 11 0.05718569 
613 78 9 11 0.057116218 
334 297 10 13 0.057017356 
490 225 8 11 0.05685467 
103 80 8 10 0.056785356 
214 277 8 11 0.056612264 
542 87 8 11 0.05657012 
462 310 11 13 0.056468967 
956 54 9 11 0.05644164 
90 159 8 11 0.056187697 
198 198 8 12 0.056104954 
375 279 10 12 0.055960096 
591 99 12 15 0.055936173 
800 96 8 10 0.055776667 
127 276 9 11 0.055619873 
78 189 9 13 0.055489395 
766 223 10 12 0.055355147 
72 143 8 10 0.05523756 
1 309 8 12 0.055235602 
675 57 8 10 0.055109728 
10 63 8 10 0.055107478 
7 221 8 10 0.054859206 
253 110 8 11 0.05481173 
878 155 14 15 0.054602996 
833 535 9 12 0.054573532 
119 288 9 12 0.05436459 
737 278 11 13 0.05418427 
245 72 10 12 0.054001715 
422 72 7 9 0.05394576 
145 117 8 10 0.053920195 
310 92 9 12 0.053881556 
197 224 8 11 0.05352718 
909 96 9 11 0.053315427 
871 137 9 11 0.053312454 
551 68 10 11 0.05303994 
175 243 9 10 0.05303605 
750 216 8 10 0.052943915 
586 197 10 11 0.052800566 
525 151 11 13 0.052740388 
798 196 10 13 0.05250132 
784 217 9 12 0.0524159 
482 97 9 11 0.052392714 
936 128 8 12 0.05235695 
520 136 12 15 0.052266482 
613 60 9 11 0.0521925 
526 463 15 20 0.05218636 
560 62 9 12 0.052089453 
387 426 21 28 0.051931325 
308 540 29 38 0.051921465 
415 57 9 11 0.051903293 
833 38 10 13 0.051751673 
717 311 9 11 0.051744882 
775 272 8 11 0.05174093 
377 294 9 10 0.05157959 
352 201 9 11 0.051543433 
830 174 9 11 0.051518384 
59 117 8 10 0.051483627 
0 437 12 20 0.05140693 
181 73 12 15 0.051388565 
496 125 8 10 0.051097233 
780 88 9 11 0.050879434 
446 272 9 12 0.050784655 
736 247 8 10 0.050719917 
141 190 8 11 0.05062202 
335 271 8 10 0.050390657 
625 70 9 11 0.050306275 
877 281 9 12 0.050294645 
609 62 9 11 0.050120942 
125 119 8 10 0.04985443 
738 254 9 11 0.04968924 
0 203 8 11 0.049479358 
422 78 8 10 0.049454335 
542 279 9 12 0.049384043 
40 278 10 11 0.04932277 
581 131 10 13 0.04921771 
161 150 8 11 0.04900737 
114 231 7 9 0.048886985 
183 112 10 12 0.048678428 
161 71 8 12 0.048647832 
221 331 10 12 0.04864646 
224 567 39 53 0.048571706 
303 109 8 10 0.048505697 
450 93 9 11 0.0484452 
276 91 10 12 0.04829737 
557 258 10 13 0.04817296 
61 180 8 11 0.048010316 
450 87 8 10 0.047941938 
254 277 7 10 0.047908336 
462 284 10 12 0.04767659 
241 76 12 15 0.04767536 
25 78 8 10 0.04766706 
8 142 8 11 0.047447223 
51 184 7 10 0.04738905 
75 157 8 10 0.04722572 
920 236 9 12 0.047177795 
165 514 25 33 0.04706301 
288 94 8 9 0.046957567 
1014 106 9 12 0.046813976 
440 319 8 10 0.046755854 
81 506 21 27 0.046725374 
205 141 11 13 0.04670319 
297 63 10 12 0.046667777 
442 285 8 11 0.04664837 
73 177 9 11 0.046565562 
757 62 9 10 0.046431128 
672 143 10 12 0.046400208 
776 253 7 10 0.046364456 
961 231 9 10 0.04631765 
38 286 9 10 0.046293773 
200 316 11 13 0.046194863 
471 278 8 11 0.046143103 
162 253 9 13 0.046123035 
609 212 9 12 0.04611332 
312 67 9 12 0.046077956 
545 48 9 11 0.04600472 
468 308 9 12 0.045960106 
566 575 24 41 0.045945983 
713 47 8 9 0.045875058 
669 271 26 27 0.045862854 
293 116 9 10 0.0457056 
176 475 28 31 0.04568854 
837 43 11 13 0.045647226 
27 594 50 47 0.04562405 
173 85 8 10 0.04549657 
305 96 8 9 0.045481548 
560 54 9 11 0.04546802 
993 212 11 13 0.04545406 
439 167 10 12 0.045444954 
975 77 7 10 0.045342114 
966 394 12 16 0.045288194 
405 287 10 12 0.04508162 
155 294 8 11 0.04494013 
432 119 9 11 0.044732112 
61 495 20 27 0.044543523 
968 467 10 13 0.04453819 
776 128 9 11 0.044535924 
128 497 22 29 0.04441992 
110 157 7 10 0.04437788 
517 263 10 12 0.04433838 
526 259 11 13 0.044246044 
502 220 12 15 0.044230364 
975 94 8 11 0.04413856 
60 159 8 10 0.04396659 
821 78 8 10 0.04394057 
177 61 12 15 0.043809954 
946 278 10 13 0.043782562 
26 111 7 9 0.043731965 
124 143 9 11 0.043723147 
134 204 9 11 0.043669246 
768 60 10 12 0.043370113 
491 453 15 19 0.043098822 
676 120 9 11 0.04307758 
23 142 8 11 0.04307012 
622 48 9 12 0.04305452 
525 451 22 26 0.042985085 
854 558 13 15 0.042961072 
719 317 9 10 0.042917576 
173 506 27 37 0.042868335 
461 279 10 12 0.04281346 
464 95 7 9 0.042608205 
894 179 9 11 0.042563546 
141 508 14 19 0.04253871 
830 69 8 10 0.042486377 
799 295 9 12 0.042405587 
798 86 8 10 0.042379178 
270 103 9 12 0.04233977 
437 64 8 10 0.042239342 
848 47 8 10 0.04223807 
209 112 10 13 0.042231396 
683 314 14 17 0.04221379 
400 63 8 10 0.042178456 
394 340 9 12 0.042148326 
640 73 8 10 0.042068183 
902 325 12 15 0.04204154 
49 59 9 10 0.042003646 
207 216 10 12 0.041976746 
662 85 9 12 0.041933298 
312 316 12 14 0.04189181 
37 263 8 10 0.04185137 
974 137 7 10 0.04183649 
490 235 9 13 0.041836224 
544 166 9 11 0.041786894 
257 253 8 11 0.041778114 
462 244 10 12 0.041760873 
857 48 7 11 0.041700475 
262 254 9 12 0.04168905 
172 77 11 14 0.041633625 
317 309 10 13 0.04158313 
625 159 10 14 0.041568987 
393 309 9 12 0.041522827 
554 249 9 11 0.041445408 
392 173 10 13 0.041399624 
237 105 8 9 0.041387342 
727 627 13 18 0.041310083 
821 148 8 11 0.041265253 
163 101 8 11 0.041260466 
167 267 10 12 0.041118488 
584 107 10 12 0.041055195 
848 214 9 11 0.040989075 
678 245 12 16 0.040861722 
484 115 9 11 0.04085301 
762 250 10 13 0.040823903 
129 67 9 10 0.040787734 
950 151 9 11 0.040718623 
697 55 7 10 0.04071696 
968 230 9 11 0.04070148 
605 222 9 12 0.04067306 
239 374 8 11 0.04064271 
888 34 8 11 0.040595256 
167 412 10 15 0.040586278 
901 535 21 30 0.04051574 
695 315 13 15 0.04047193 
766 214 8 10 0.040465135 
175 271 9 11 0.040441904 
737 260 10 12 0.04036084 
95 247 7 9 0.04034716 
312 89 9 11 0.040330455 
825 165 9 12 0.04031368 
562 198 9 11 0.040258046 
589 231 9 11 0.040240735 
214 135 9 12 0.04014413 
359 80 9 12 0.04013897 
562 395 12 17 0.040113017 
119 238 7 9 0.039995592 
784 295 8 10 0.03993349 
518 82 9 12 0.03983969 
1002 104 8 10 0.03983219 
835 557 10 13 0.039814696 
546 61 9 12 0.03976484 
575 277 9 11 0.039750837 
687 77 9 12 0.03970413 
816 149 10 12 0.039676342 
33 457 16 25 0.039494686 
212 437 25 29 0.0394743 
712 88 8 10 0.039402332 
826 70 7 10 0.039394367 
32 71 7 10 0.039378453 
740 103 8 12 0.03935871 
841 469 12 15 0.039319493 
422 263 9 11 0.03921699 
466 65 7 9 0.039205346 
0 135 7 11 0.03919978 
391 187 9 12 0.03919928 
307 44 8 11 0.039089035 
1012 198 9 13 0.039061766 
535 221 8 10 0.039054994 
430 311 9 10 0.038980767 
961 237 10 11 0.038965844 
637 206 8 10 0.03895258 
868 149 12 14 0.03894191 
491 71 8 11 0.038832877 
445 294 9 12 0.03882679 
690 135 9 11 0.038791064 
792 296 8 11 0.03873857 
50 188 8 11 0.03862946 
206 315 10 14 0.03856597 
15 143 7 10 0.03848748 
390 256 8 11 0.03844336 
23 234 17 23 0.038420286 
630 71 8 11 0.038233824 
863 542 27 32 0.038146656 
759 103 9 12 0.038131583 
977 192 9 11 0.03808244 
1007 151 8 10 0.03800663 
581 521 27 30 0.037989687 
38 254 9 12 0.037888426 
392 240 8 10 0.03783535 
76 521 18 23 0.037744094 
347 349 8 11 0.037707888 
409 349 8 10 0.037665516 
800 108 8 11 0.037612613 
805 138 10 13 0.037582032 
214 318 10 12 0.03755904 
576 248 11 13 0.037545808 
178 124 10 11 0.03745174 
232 104 8 11 0.037373126 
120 233 6 9 0.037356492 
606 230 9 11 0.037352767 
971 341 16 19 0.0373498 
719 277 11 13 0.037338544 
430 466 28 30 0.037334856 
288 443 12 14 0.037327133 
800 327 10 12 0.037248593 
781 273 8 10 0.037189677 
885 583 15 21 0.03714139 
152 192 8 11 0.03704865 
576 92 9 11 0.037036706 
416 94 7 9 0.037027985 
928 331 12 15 0.0369941 
78 150 8 11 0.036931846 
408 13 12 14 0.036862947 
871 259 9 12 0.036703255 
582 269 10 12 0.03666529 
161 64 7 10 0.036657523 
577 452 14 18 0.036603972 
575 191 8 10 0.03657611 
317 69 9 13 0.03656255 
968 73 8 10 0.036424283 
434 123 9 12 0.03640979 
697 189 9 12 0.03631265 
7 90 10 13 0.03618565 
755 181 11 12 0.036101 
470 64 7 9 0.03603672 
213 165 9 11 0.03603579 
248 127 10 12 0.03602173 
7 303 9 12 0.03597444 
413 102 8 11 0.03594622 
464 85 8 10 0.035940725 
692 117 10 13 0.03588548 
80 195 10 12 0.03577001 
683 270 16 18 0.035768293 
254 272 8 10 0.035761867 
302 247 9 11 0.035692398 
588 222 9 10 0.035691928 
104 256 7 10 0.03567232 
534 270 10 11 0.03564518 
276 102 10 13 0.035637822 
66 490 15 19 0.03561526 
158 411 11 15 0.035586726 
786 60 8 10 0.03552274 
522 236 11 13 0.03544772 
262 247 8 10 0.035368975 
609 236 9 11 0.035367083 
62 286 9 11 0.035356548 
406 256 17 21 0.035302076 
291 364 19 24 0.035236742 
357 65 10 13 0.035200674 
110 435 22 29 0.03515002 
41 247 8 10 0.035023145 
617 104 8 11 0.035011034 
950 271 8 11 0.03499433 
440 264 9 12 0.03494987 
453 328 12 16 0.034948144 
174 292 10 12 0.03493694 
876 549 11 15 0.03485146 
57 342 9 11 0.034834657 
336 280 10 12 0.034743004 
806 119 9 11 0.0346778 
867 156 12 14 0.034676738 
400 235 9 12 0.03467533 
920 259 12 16 0.03464322 
352 92 10 12 0.034584973 
404 171 9 12 0.03458432 
310 208 11 13 0.03454987 
209 237 10 12 0.034548104 
73 165 9 10 0.03453734 
532 115 12 14 0.034522507 
710 56 8 9 0.034408923 
839 328 22 27 0.03440346 
896 364 10 13 0.03440037 
1014 378 10 14 0.03439383 
445 260 10 13 0.034370527 
294 210 23 25 0.034353774 
826 57 7 9 0.0343331 
357 200 8 11 0.03432919 
726 312 11 12 0.034318645 
896 192 9 12 0.034314577 
746 215 7 10 0.03426583 
106 247 8 9 0.03422529 
834 606 54 48 0.034196842 
691 140 9 13 0.03417166 
424 318 9 12 0.03415572 
119 247 8 10 0.034146804 
56 257 8 10 0.034106743 
250 103 8 11 0.034106128 
916 507 13 15 0.034081664 
725 276 10 11 0.03406927 
711 68 8 11 0.034061138 
607 363 9 12 0.034034587 
257 392 10 13 0.03402334 
5 126 10 12 0.034011766 
224 456 27 36 0.03398895 
535 278 10 12 0.033983864 
567 140 10 13 0.033946518 
185 150 9 11 0.03384646 
552 78 9 11 0.03381738 
581 249 10 13 0.03379758 
503 215 10 12 0.03371163 
804 181 10 12 0.033710606 
100 517 20 22 0.03368614 
248 272 8 12 0.033684645 
673 167 8 11 0.033661555 
418 211 11 14 0.03364805 
599 33 12 15 0.03364189 
262 96 8 10 0.033641305 
240 254 9 12 0.03362713 
807 77 8 11 0.03362567 
40 55 7 9 0.03356967 
0 139 8 13 0.03355748 
111 455 14 20 0.03355171 
889 179 9 12 0.033548497 
996 182 9 12 0.03351274 
167 71 9 13 0.033450373 
863 181 9 12 0.033350933 
966 221 8 11 0.033348046 
581 310 13 16 0.033339683 
489 214 9 11 0.033333644 
445 254 10 12 0.033327278 
757 56 7 9 0.033313047 
288 530 30 36 0.033267885 
238 109 9 11 0.03324433 
182 189 9 10 0.033194087 
184 183 8 11 0.033104196 
957 150 10 12 0.033095177 
831 140 9 11 0.032865845 
726 630 24 25 0.03285692 
55 72 8 10 0.032838717 
126 246 9 10 0.032823298 
278 539 30 40 0.032805216 
250 133 9 12 0.032748196 
546 261 8 11 0.03270157 
405 224 10 11 0.032680795 
286 132 9 11 0.032678787 
173 504 15 20 0.032661762 
419 158 11 14 0.032657158 
366 262 10 11 0.03264705 
22 180 8 9 0.03263346 
255 94 9 12 0.032592557 
790 263 9 11 0.03250663 
929 151 9 13 0.03247896 
5 308 9 13 0.032430854 
744 310 9 12 0.032361787 
268 506 39 48 0.032352332 
896 48 9 11 0.032335687 
104 289 10 12 0.032301556 
418 78 8 11 0.03227831 
678 69 8 12 0.032240815 
662 93 9 11 0.03221651 
800 78 9 11 0.03216212 
418 205 11 14 0.032142855 
503 86 7 10 0.031962387 
991 111 8 10 0.03194876 
143 395 24 29 0.031929746 
49 72 7 10 0.031901594 
935 143 9 11 0.031901337 
544 69 9 11 0.031864375 
852 211 10 11 0.031813707 
2 163 8 12 0.03181353 
197 204 9 12 0.03181 
154 616 25 32 0.031746283 
992 246 9 11 0.03173474 
61 271 8 11 0.031720426 
532 231 9 11 0.031704642 
528 117 10 12 0.03169371 
869 468 11 13 0.03169202 
199 286 9 12 0.03162467 
115 425 22 31 0.031605437 
386 355 13 15 0.031605158 
34 55 7 9 0.031597022 
583 331 11 14 0.031521916 
783 140 9 12 0.031457283 
646 71 8 11 0.031431276 
102 290 17 22 0.031346243 
573 479 27 37 0.031343367 
945 270 10 11 0.031343143 
844 255 9 12 0.031341434 
64 252 9 11 0.031196322 
688 116 10 13 0.031179637 
702 135 8 10 0.031173255 
239 247 8 11 0.031158669 
366 140 8 11 0.031121407 
503 206 8 10 0.031099899 
202 279 9 10 0.030914886 
773 165 9 12 0.030841067 
490 76 10 11 0.03082091 
494 496 18 22 0.030724104 
271 296 8 11 0.030692097 
173 261 9 11 0.030620022 
215 122 10 14 0.030573886 
137 183 8 10 0.030560767 
185 141 9 12 0.030496148 
985 115 9 11 0.030461302 
81 333 9 11 0.030448502 
737 94 9 11 0.030426918 
389 286 10 12 0.030391486 
85 344 9 12 0.030390654 
523 56 8 10 0.030382408 
135 287 10 13 0.030366356 
162 261 9 11 0.030252894 
283 464 16 21 0.030239975 
167 491 15 20 0.030204458 
415 269 11 14 0.030195905 
611 520 27 32 0.030186467 
831 78 9 11 0.030131174 
242 118 9 11 0.030125432 
8 295 8 11 0.030124608 
287 87 9 11 0.030119158 
970 77 8 10 0.030119002 
367 427 14 19 0.030112822 
529 215 9 11 0.030089267 
238 296 8 10 0.03007224 
976 72 7 11 0.030055877 
447 318 9 12 0.030035296 
639 120 10 13 0.030028656 
431 318 8 11 0.029958814 
806 108 8 10 0.029936284 
0 513 12 22 0.029931061 
663 80 8 11 0.029902803 
103 104 7 10 0.029889252 
135 278 8 10 0.029882414 
399 161 9 11 0.029862639 
759 108 9 13 0.029859524 
25 270 8 10 0.029859517 
993 116 8 11 0.029856304 
72 188 9 11 0.029823327 
382 277 9 12 0.029821247 
62 56 6 9 0.029790893 
236 348 12 18 0.029691795 
760 72 10 12 0.029598277 
409 87 8 9 0.029587282 
885 44 9 11 0.029568583 
970 94 8 11 0.02955403 
927 247 12 14 0.029521946 
610 56 8 12 0.029491298 
304 308 9 12 0.029442733 
690 275 13 15 0.029413054 
991 96 9 10 0.029404592 
944 62 8 10 0.02937931 
926 104 9 11 0.02935724 
47 271 8 10 0.029341478 
657 93 9 13 0.029332727 
799 332 12 15 0.0293174 
999 132 8 11 0.029306108 
917 512 15 19 0.02930089 
649 613 26 33 0.02926918 
149 181 8 10 0.029268846 
553 248 16 22 0.02922508 
116 483 15 22 0.029218962 
223 272 9 12 0.029123625 
448 236 8 11 0.029122343 
231 229 9 11 0.02906125 
55 60 8 9 0.029025523 
807 73 7 9 0.029018885 
437 230 10 13 0.029007707 
178 399 24 27 0.028988073 
837 268 11 15 0.028977275 
272 151 9 11 0.028969187 
106 240 7 10 0.028947035 
0 303 8 13 0.028895946 
118 77 9 11 0.028886765 
870 281 18 22 0.028883956 
500 239 9 11 0.028845148 
57 243 8 11 0.028841883 
742 119 9 10 0.028836137 
574 269 10 11 0.028820561 
736 239 8 11 0.028788907 
66 197 9 11 0.028738514 
598 355 11 14 0.028726662 
469 316 10 12 0.028722983 
434 147 10 13 0.028698403 
543 171 10 12 0.028680664 
573 86 9 12 0.02866646 
974 148 8 10 0.02864545 
699 310 22 25 0.028642379 
420 299 10 12 0.028641537 
123 154 11 14 0.028629467 
90 57 7 9 0.028613152 
197 323 11 13 0.028541084 
8 245 8 11 0.028518116 
580 531 15 20 0.028512845 
290 357 9 12 0.02850426 
588 141 9 12 0.028474143 
47 136 8 11 0.028473865 
241 276 8 12 0.02844962 
784 261 9 11 0.028432675 
624 189 8 11 0.028427972 
398 247 9 11 0.028293774 
1016 78 8 11 0.028283326 
1000 200 9 11 0.028282657 
608 142 10 13 0.028271163 
471 139 10 12 0.028260598 
765 118 8 10 0.02825976 
801 72 8 9 0.02825235 
290 103 8 12 0.028251337 
405 77 9 11 0.028219247 
653 289 12 17 0.028209297 
542 206 10 12 0.028208764 
824 158 9 12 0.028187122 
239 309 10 12 0.028157895 
857 184 10 12 0.02814438 
317 46 8 10 0.028111992 
645 308 15 21 0.028029531 
1014 469 10 15 0.028028544 
449 324 10 12 0.028020179 
589 215 9 12 0.027975377 
767 208 8 10 0.027957806 
577 198 9 11 0.027945396 
625 61 8 10 0.027926713 
14 116 8 10 0.027915373 
40 153 7 9 0.027871903 
48 278 9 10 0.027832534 
101 64 7 9 0.027823279 
877 269 9 11 0.027785266 
774 247 8 11 0.027780725 
727 368 9 11 0.027753655 
550 108 9 11 0.027741207 
845 115 11 14 0.02770847 
147 175 8 11 0.027701866 
718 119 10 13 0.027696978 
646 101 9 12 0.027675321 
831 136 8 10 0.027670436 
669 214 9 12 0.027653962 
749 311 9 11 0.027627096 
176 63 21 24 0.027601834 
853 590 53 56 0.027598057 
89 224 8 10 0.027587462 
470 103 8 10 0.027565405 
196 445 17 21 0.027553206 
218 483 26 37 0.027497662 
774 60 8 11 0.02747227 
140 197 9 11 0.027471628 
846 220 9 11 0.027423603 
585 340 9 13 0.02740621 
21 95 8 10 0.027396519 
137 224 8 11 0.027380966 
597 191 9 11 0.027362969 
272 364 10 13 0.027336115 
39 230 9 11 0.02733285 
430 80 9 10 0.027321706 
461 160 9 11 0.027261186 
64 191 8 10 0.027222 
949 617 15 17 0.027163846 
135 246 9 10 0.027094832 
961 372 10 15 0.02708444 
153 123 9 11 0.027072446 
440 292 11 13 0.027050259 
981 190 10 13 0.027010215 
356 37 8 11 0.026997477 
293 87 9 11 0.02694704 
160 248 8 11 0.026921356 
97 254 7 10 0.026898086 
975 431 10 12 0.02688648 
237 343 10 13 0.026848665 
573 221 8 11 0.026848467 
977 39 8 11 0.02681552 
212 285 9 12 0.026794935 
80 214 8 10 0.02675722 
40 157 8 10 0.026727693 
221 110 9 11 0.026697323 
180 55 12 13 0.02668184 
233 108 9 12 0.02668154 
904 127 9 11 0.026641473 
300 233 13 15 0.026586808 
954 214 10 12 0.02658515 
222 443 25 31 0.026583124 
27 116 8 11 0.026572231 
231 83 10 13 0.026552232 
474 164 8 11 0.026518071 
425 14 8 11 0.026515136 
62 166 8 10 0.026493791 
160 84 9 11 0.026457509 
890 224 8 11 0.026433975 
982 452 13 17 0.026409704 
383 284 9 12 0.026402686 
1012 312 11 17 0.026401963 
637 101 11 14 0.026399506 
1 221 7 11 0.026386188 
651 625 14 20 0.026384259 
862 560 15 18 0.026341762 
309 351 9 11 0.026317395 
646 288 14 18 0.026304707 
664 251 12 14 0.026295196 
97 68 8 10 0.02625512 
972 332 13 16 0.026254069 
350 117 8 10 0.026221067 
159 269 9 11 0.026110971 
932 334 15 19 0.026108861 
590 107 10 12 0.026093239 
608 556 33 36 0.026077418 
156 493 14 19 0.02605726 
862 301 10 13 0.026019592 
679 200 8 11 0.025963247 
341 293 10 13 0.025922561 
49 158 8 11 0.02591899 
513 165 8 10 0.025911283 
834 527 8 10 0.025895411 
544 255 8 11 0.025895111 
308 228 11 14 0.025892513 
22 224 9 10 0.02586811 
743 268 10 13 0.0258602 
997 188 10 11 0.025851557 
185 257 8 10 0.025847955 
559 334 9 13 0.025838077 
440 95 7 8 0.02582224 
127 239 7 9 0.025820537 
983 151 8 10 0.025797134 
682 258 16 18 0.025721498 
857 229 10 13 0.0257113 
718 231 8 10 0.02570816 
782 128 9 11 0.025700785 
761 278 7 9 0.025676675 
612 533 27 36 0.02567123 
567 254 11 13 0.02562976 
408 53 9 11 0.025622737 
72 271 19 22 0.025618678 
734 270 11 12 0.025612304 
41 87 7 9 0.025528036 
500 71 9 11 0.025499951 
782 256 8 9 0.025425673 
710 166 9 12 0.025417643 
454 273 10 12 0.025413629 
494 215 9 10 0.025374306 
88 230 8 11 0.025357472 
503 311 8 10 0.025322529 
951 494 9 11 0.025322273 
781 117 9 11 0.025313094 
50 504 24 28 0.025301086 
305 303 10 12 0.025283473 
385 258 8 10 0.025280286 
450 73 7 9 0.025269719 
431 268 9 12 0.025225889 
470 284 9 13 0.025223354 
526 68 9 11 0.025216693 
17 231 7 10 0.025191836 
240 271 8 11 0.025174238 
88 79 8 10 0.025159707 
452 446 14 19 0.025132416 
831 561 12 16 0.02511563 
796 55 8 10 0.025110135 
46 87 7 9 0.025095701 
513 72 8 10 0.02508138 
496 161 9 11 0.025076961 
238 301 9 12 0.025072271 
942 345 13 17 0.025058072 
48 296 10 11 0.02500074 
599 517 26 35 0.024976611 
424 49 8 10 0.024950773 
378 493 27 35 0.024941863 
30 276 10 12 0.024935521 
127 193 7 9 0.02492711 
664 203 9 12 0.024839291 
161 96 9 11 0.02483868 
271 426 12 15 0.024803335 
711 119 12 14 0.02478718 
77 127 7 9 0.024762036 
568 222 10 11 0.024729107 
627 601 45 48 0.024720661 
933 320 18 23 0.024708869 
774 71 8 10 0.024693709 
833 261 10 14 0.024689214 
56 153 9 11 0.024682613 
830 472 12 16 0.02464036 
144 111 9 12 0.024636969 
163 299 11 12 0.024632804 
942 556 12 14 0.024612242 
759 72 17 24 0.024592914 
545 231 10 12 0.024584098 
273 136 9 11 0.024575338 
486 470 17 21 0.024566121 
930 126 9 12 0.024565866 
446 232 8 10 0.024561765 
637 277 13 15 0.02455844 
95 239 7 9 0.024542032 
457 223 8 11 0.024522044 
232 543 29 39 0.024519416 
533 235 9 12 0.024512347 
635 306 14 18 0.024501305 
296 303 9 11 0.02449975 
564 100 11 13 0.024437241 
192 324 10 12 0.024436472 
57 349 9 11 0.024436316 
138 300 11 12 0.024364155 
815 198 8 10 0.024326013 
316 322 11 13 0.024318805 
134 403 14 17 0.024318589 
868 93 8 10 0.024314214 
62 485 15 20 0.024299353 
780 110 9 11 0.024299033 
290 371 10 14 0.024298618 
793 94 8 11 0.024291914 
287 295 9 11 0.024272991 
329 286 8 11 0.024270643 
1006 269 10 12 0.024252957 
391 92 8 10 0.024251498 
778 140 9 12 0.024238769 
905 86 8 9 0.024219407 
462 183 9 11 0.02421099 
511 256 9 11 0.024186611 
648 280 21 26 0.02415973 
462 118 8 10 0.02414942 
909 132 10 11 0.024131047 
407 344 9 11 0.024119915 
67 506 15 21 0.024119617 
999 309 10 14 0.024103653 
318 448 22 31 0.02409033 
116 462 16 21 0.024031041 
231 139 12 14 0.02401922 
395 45 8 11 0.024015324 
415 163 12 16 0.023990529 
864 389 10 13 0.023934916 
625 548 18 22 0.023933312 
710 323 10 12 0.023923518 
406 614 16 21 0.023923112 
447 102 8 10 0.02391223 
298 73 10 13 0.023905937 
294 55 10 12 0.023885895 
727 120 8 11 0.023881948 
995 278 9 11 0.02388188 
147 167 8 12 0.023862015 
950 356 10 13 0.023855228 
577 206 9 11 0.023853866 
710 279 12 14 0.023853552 
1005 116 8 10 0.02384405 
134 324 9 10 0.023840077 
835 30 12 14 0.023823831 
904 498 13 17 0.023787944 
910 224 8 9 0.023767889 
910 230 9 11 0.023759218 
845 124 11 13 0.023748124 
193 407 25 27 0.023704669 
925 79 9 11 0.023679677 
179 488 30 33 0.023589281 
878 262 8 10 0.02357679 
960 366 10 13 0.023565399 
573 405 19 25 0.02356414 
414 246 9 12 0.023552708 
932 247 10 12 0.023537816 
657 277 23 28 0.02352893 
240 327 9 12 0.023525406 
361 139 9 12 0.02352085 
172 256 9 11 0.023515847 
496 254 8 10 0.023515131 
876 587 25 35 0.023503663 
655 230 9 13 0.023489336 
470 325 11 13 0.023488205 
848 617 19 23 0.023475686 
401 286 9 13 0.02347423 
828 332 15 18 0.023461603 
765 332 10 14 0.023458065 
534 55 7 10 0.023454692 
190 69 10 13 0.023452088 
677 246 21 24 0.023447782 
395 180 11 12 0.023430448 
663 234 18 24 0.023425894 
162 592 19 23 0.023411855 
878 255 7 10 0.023400182 
849 53 9 10 0.023396583 
37 112 8 10 0.023363288 
279 126 9 10 0.023347035 
221 436 14 20 0.023342386 
88 85 8 11 0.023328336 
350 110 9 13 0.023280708 
566 334 9 12 0.023264961 
859 150 9 12 0.023262488 
55 221 8 10 0.023259662 
768 275 9 11 0.023255471 
864 132 9 12 0.023237703 
225 443 16 19 0.023228573 
682 626 13 17 0.023226826 
66 134 8 10 0.02320853 
124 255 9 11 0.023165537 
129 295 19 21 0.02316271 
352 31 8 11 0.023143318 
193 299 10 12 0.023135515 
762 230 8 10 0.023127789 
353 231 8 10 0.023125969 
465 102 8 10 0.023120087 
559 191 10 12 0.023107344 
69 326 9 11 0.02310684 
246 255 11 13 0.023073636 
732 126 10 11 0.023069171 
536 79 8 10 0.023025913 
718 110 9 12 0.023020206 
552 85 9 12 0.023008984 
279 135 10 11 0.023000613 
862 268 9 13 0.022974929 
577 108 9 12 0.02295587 
348 296 18 23 0.022937337 
484 332 11 13 0.022935988 
858 95 7 9 0.022914052 
189 445 28 32 0.02290962 
121 192 8 10 0.022897936 
509 215 9 11 0.022894042 
469 462 16 19 0.022883251 
496 261 9 11 0.022882117 
848 236 8 11 0.022872847 
165 403 11 16 0.022866178 
167 280 12 14 0.022864025 
366 270 9 11 0.022825567 
800 230 11 13 0.022811469 
387 158 9 13 0.022777678 
832 127 8 10 0.022746446 
109 299 9 11 0.022739576 
856 235 10 12 0.02273841 
190 135 10 11 0.022645975 
536 423 10 12 0.02262473 
26 293 9 12 0.022615982 
270 322 10 13 0.022604357 
230 271 10 12 0.022598652 
939 338 14 18 0.022593772 
673 257 24 28 0.022592539 
164 395 23 29 0.022558268 
733 310 10 12 0.02254879 
671 172 9 11 0.02254457 
663 176 9 11 0.022540871 
952 165 10 13 0.022540214 
132 264 9 11 0.022532936 
766 71 9 12 0.022517353 
585 187 18 22 0.022515131 
127 125 8 10 0.022507418 
489 298 10 13 0.022486897 
386 190 9 12 0.022480331 
848 524 8 12 0.022474436 
816 306 19 24 0.022419777 
237 231 9 11 0.022381067 
567 228 10 12 0.02236349 
952 602 12 17 0.022342993 
688 85 8 11 0.022322351 
674 617 15 20 0.022321483 
-1 278 8 12 0.022317374 
143 136 9 10 0.022315301 
616 300 9 12 0.02229347 
614 155 10 13 0.022269404 
166 517 14 20 0.022260044 
128 356 10 13 0.022257227 
992 220 10 13 0.022236248 
845 462 12 16 0.022229698 
658 633 16 20 0.022228599 
52 272 19 23 0.022225577 
385 197 9 13 0.02221496 
817 83 9 10 0.022204438 
774 78 8 11 0.022203377 
974 216 18 23 0.022202872 
368 233 7 9 0.022200054 
91 246 7 10 0.022195525 
695 146 9 13 0.02218955 
129 204 8 11 0.02216541 
421 498 25 32 0.022159804 
971 462 11 12 0.022144936 
911 524 11 14 0.022121921 
309 296 18 23 0.022112558 
437 69 8 10 0.022104621 
999 142 8 10 0.022102734 
687 93 9 11 0.022093581 
271 155 9 13 0.022085877 
158 156 10 12 0.022040553 
72 230 18 24 0.022034358 
221 399 14 16 0.022029284 
503 159 8 11 0.022014927 
39 239 8 10 0.021971775 
587 279 19 22 0.021966204 
760 214 8 11 0.021964628 
902 47 8 10 0.021959223 
351 254 9 12 0.021938398 
349 345 9 12 0.02193802 
585 316 13 16 0.021927614 
542 80 9 11 0.021915324 
721 159 11 14 0.021891935 
886 542 11 14 0.021891108 
30 78 7 10 0.021875616 
63 224 8 10 0.021852303 
353 126 8 11 0.021839496 
681 214 9 11 0.02182608 
833 255 8 11 0.02182591 
788 49 18 25 0.021824792 
223 427 14 16 0.021824159 
203 147 12 13 0.021811377 
774 160 9 12 0.02179675 
750 93 9 11 0.021757431 
277 358 9 11 0.021745406 
751 239 7 10 0.021736242 
311 287 8 10 0.021692025 
221 135 10 12 0.0216881 
933 201 11 13 0.021679256 
294 94 8 10 0.02167832 
132 513 18 23 0.021657743 
578 317 22 26 0.021655044 
240 621 17 24 0.021643164 
717 94 9 11 0.021643052 
653 134 11 12 0.021639446 
550 461 13 16 0.021635711 
485 280 9 10 0.02162317 
24 384 9 12 0.021619992 
874 575 106 100 0.021614576 
191 419 25 31 0.021612255 
183 164 10 12 0.021610841 
801 118 10 11 0.021570755 
48 41 7 10 0.021550287 
918 206 10 12 0.021533139 
398 278 9 11 0.021516884 
376 263 8 10 0.021500964 
319 207 9 12 0.021480234 
512 327 9 12 0.02146062 
935 118 7 10 0.021456426 
926 56 7 10 0.021452166 
85 311 8 11 0.02143879 
30 311 10 12 0.021435417 
814 255 8 9 0.021428026 
851 516 43 56 0.02140606 
508 282 11 14 0.021372836 
790 402 13 19 0.02136156 
721 34 17 23 0.021360643 
519 457 14 18 0.021355633 
958 348 10 15 0.021353321 
9 275 9 12 0.02134961 
956 275 11 15 0.021345317 
56 78 8 9 0.021338314 
193 360 25 28 0.02132722 
208 124 11 13 0.021299992 
48 239 209 222 0.021273565 
750 126 8 11 0.021271551 
248 282 9 12 0.021269428 
718 142 10 11 0.021261424 
959 400 13 18 0.021242455 
182 510 30 41 0.021239232 
817 183 10 13 0.021235555 
927 167 10 13 0.021228757 
568 20 9 11 0.021228706 
861 52 9 11 0.02122458 
448 300 8 12 0.02122425 
455 124 9 11 0.02120836 
806 350 10 13 0.021204587 
277 140 11 12 0.02120223 
904 498 24 30 0.021196254 
57 94 9 11 0.02118406 
840 125 8 11 0.021171104 
524 227 17 22 0.02116812 
493 67 17 23 0.021166528 
196 377 13 17 0.021145632 
575 142 13 16 0.021135064 
400 118 7 10 0.021131173 
319 288 8 10 0.021103105 
327 279 9 11 0.021102846 
920 214 9 12 0.021099743 
999 96 9 11 0.02109689 
815 155 11 13 0.021071907 
588 88 19 24 0.021068083 
997 246 9 12 0.021067208 
113 517 15 21 0.021059936 
144 263 17 23 0.02105974 
788 229 9 12 0.021059213 
62 88 8 9 0.021042522 
85 272 9 10 0.021032616 
735 231 8 10 0.02102427 
600 247 10 13 0.021020334 
688 112 8 10 0.021018343 
676 259 14 17 0.020993298 
395 161 18 23 0.020991975 
1000 150 9 11 0.020985715 
721 270 10 13 0.02097459 
519 437 12 15 0.02095749 
948 348 11 15 0.02095228 
24 85 8 10 0.02095162 
622 83 10 12 0.020921437 
310 111 8 10 0.020919645 
471 126 7 10 0.020902188 
630 63 8 10 0.020876672 
396 336 10 12 0.020862216 
689 305 24 29 0.020856807 
415 381 13 17 0.020854147 
842 535 44 54 0.020848475 
943 140 10 13 0.020834468 
332 530 14 19 0.020831013 
921 80 9 11 0.020815391 
990 103 7 10 0.02081304 
404 159 10 13 0.02081062 
504 102 9 12 0.020806609 
613 263 10 12 0.020794913 
358 222 8 10 0.020789986 
41 459 14 20 0.020788992 
153 79 8 10 0.020780267 
64 324 8 11 0.020767236 
270 358 12 14 0.020763887 
263 240 8 11 0.020763438 
997 236 9 12 0.020761909 
95 286 9 11 0.020761143 
487 253 8 10 0.020745464 
366 293 9 10 0.020737944 
630 190 8 10 0.020737609 
192 450 13 18 0.020715803 
895 539 14 17 0.020713756 
535 71 8 11 0.020703994 
304 292 9 11 0.02069291 
293 232 14 16 0.020688416 
2 84 10 14 0.020683948 
802 237 10 12 0.02068389 
472 111 8 9 0.020653684 
102 125 8 9 0.02065323 
801 247 9 10 0.020653166 
385 352 9 13 0.020650426 
617 48 9 11 0.020607518 
166 96 9 11 0.020578962 
451 404 14 19 0.020561583 
647 252 9 13 0.020554934 
113 249 19 24 0.02054795 
103 448 14 19 0.02053193 
174 149 9 12 0.020530876 
749 254 8 11 0.020517321 
928 133 9 11 0.020491656 
202 164 8 11 0.020484757 
640 251 11 14 0.020462332 
366 286 9 12 0.020433027 
248 90 10 14 0.0204283 
631 538 27 33 0.020424964 
982 85 8 10 0.020412128 
848 561 13 16 0.020403625 
286 158 14 18 0.020400787 
71 120 9 10 0.020355713 
525 286 11 13 0.020350149 
335 254 9 11 0.02033469 
47 78 7 9 0.020332294 
321 465 32 44 0.020328688 
695 606 9 12 0.020324683 
497 85 8 11 0.020323915 
558 238 8 10 0.02031047 
1007 261 10 15 0.020296529 
530 87 8 11 0.020246975 
297 65 16 21 0.020245513 
33 508 23 30 0.020237057 
33 123 9 11 0.020230066 
393 109 8 10 0.020214496 
976 493 9 12 0.020213919 
720 252 10 12 0.020187203 
663 214 9 12 0.020178884 
414 190 19 23 0.020174488 
776 373 9 12 0.020151798 
669 189 10 12 0.020146618 
187 61 11 15 0.02014545 
42 48 7 10 0.020136362 
793 86 8 11 0.020107828 
519 221 9 12 0.020100547 
136 240 8 10 0.02008548 
678 76 10 12 0.02008157 
716 133 9 11 0.020081487 
792 279 9 10 0.020071102 
550 159 8 9 0.020062478 
1012 221 11 16 0.020060418 
15 285 7 10 0.020058531 
546 183 9 13 0.020046286 
184 205 7 10 0.020033835 
899 54 10 12 0.020015428 
847 95 8 10 0.020005222 
955 612 12 16 0.02000447 
1013 214 10 14 0.020003984 
