2_Demonstration_Demonstrators_2_181
210
881 592 47 60 0.99901974 
75 530 60 79 0.9983907 
942 543 33 42 0.99820447 
661 521 37 48 0.9961659 
848 501 23 31 0.99539775 
718 513 22 28 0.99354243 
412 532 24 32 0.993512 
546 515 13 15 0.96118426 
259 528 15 20 0.9415991 
528 562 22 30 0.938872 
781 499 19 23 0.9118049 
230 543 21 27 0.9090765 
187 552 22 28 0.8717723 
761 566 26 31 0.86082375 
464 534 13 17 0.82956535 
280 529 16 23 0.74191034 
338 535 13 17 0.4620455 
759 527 21 27 0.3793189 
542 539 11 13 0.3146045 
455 516 11 13 0.26644716 
734 556 22 30 0.2646856 
424 516 11 14 0.2536729 
379 518 10 13 0.2403418 
191 515 13 17 0.21994413 
438 510 8 11 0.17148189 
450 517 8 11 0.15123594 
559 547 13 15 0.15033492 
473 512 8 11 0.15023279 
181 533 14 18 0.1479273 
512 517 9 11 0.14371575 
313 516 11 14 0.13567734 
408 516 10 12 0.11825864 
482 502 9 12 0.11618475 
586 471 9 11 0.11535741 
545 471 8 10 0.10950941 
439 555 13 18 0.101628274 
526 525 9 11 0.09721487 
508 525 10 13 0.091657445 
308 524 11 14 0.09090428 
479 508 9 12 0.08986532 
344 640 39 40 0.08691067 
313 509 11 14 0.08555655 
910 315 11 14 0.07960054 
364 541 11 14 0.07625173 
462 514 8 9 0.07529938 
780 520 13 17 0.07365596 
205 528 341 459 0.07359022 
281 539 18 24 0.07158891 
155 561 16 25 0.068749025 
352 514 8 10 0.06797678 
552 501 11 12 0.0660359 
400 513 8 10 0.065204404 
462 481 9 10 0.06475589 
478 518 9 13 0.061975103 
808 457 13 16 0.06010976 
454 495 8 10 0.059560344 
502 495 7 9 0.05812329 
312 503 10 12 0.056855336 
503 531 9 12 0.056215856 
573 546 14 19 0.05517591 
486 496 8 10 0.054788936 
307 531 11 15 0.05427891 
479 523 9 12 0.053964403 
493 473 8 9 0.053817414 
564 543 12 15 0.053727306 
577 503 10 12 0.0535588 
544 487 8 11 0.052665893 
497 495 7 9 0.05245091 
773 522 13 19 0.051286943 
170 528 20 26 0.04963975 
512 496 7 9 0.049244415 
534 500 9 11 0.047693297 
415 512 9 11 0.047504045 
535 495 8 10 0.046211254 
564 549 15 20 0.04590727 
633 508 9 11 0.045684382 
379 533 11 16 0.045652296 
182 545 17 23 0.04439246 
253 559 16 20 0.04412375 
163 530 16 19 0.043267965 
568 525 10 11 0.04075033 
511 501 8 9 0.040258214 
368 513 8 10 0.039900742 
358 513 8 10 0.039816197 
413 516 10 13 0.039624065 
758 535 28 37 0.039476678 
199 583 22 29 0.039079614 
617 506 8 10 0.038549628 
552 496 9 11 0.038156044 
345 518 9 11 0.037824668 
527 518 10 12 0.037822522 
588 485 10 12 0.03755786 
197 563 24 30 0.037268784 
550 545 14 17 0.03721352 
336 528 10 13 0.036920153 
375 513 9 12 0.03683532 
497 517 9 12 0.03677215 
764 513 16 20 0.036587305 
796 499 12 17 0.035434015 
575 519 10 13 0.03427775 
431 510 10 13 0.033882115 
528 500 9 11 0.03382054 
488 479 7 9 0.0337704 
453 500 9 11 0.03364288 
484 507 10 12 0.033486754 
463 462 7 9 0.03323799 
481 496 9 11 0.03252226 
527 530 10 14 0.03226006 
555 517 10 13 0.03202336 
585 476 9 12 0.031288438 
287 501 10 12 0.031150063 
325 508 12 14 0.031075949 
913 303 9 12 0.030965555 
339 542 14 18 0.030257331 
536 533 10 14 0.03016661 
517 518 10 12 0.03008478 
203 530 13 17 0.029732788 
310 569 13 16 0.029348273 
535 549 11 14 0.029315453 
438 514 10 12 0.029264659 
134 232 27 36 0.029045686 
533 560 13 16 0.028774964 
340 526 12 15 0.028755382 
664 493 13 16 0.028750002 
549 478 8 10 0.028572807 
174 560 15 20 0.028553251 
57 548 31 43 0.028234128 
374 514 17 22 0.028110826 
528 495 9 11 0.027708432 
810 1032 63 70 0.027660074 
545 476 8 10 0.027517097 
622 364 11 15 0.02741596 
558 496 8 10 0.027330963 
463 527 13 16 0.027162725 
582 492 10 13 0.027140096 
448 513 7 10 0.027064413 
437 540 10 15 0.027041767 
520 454 8 11 0.027022565 
161 528 10 14 0.026912866 
547 540 13 16 0.026864052 
385 779 176 282 0.02671763 
972 190 40 62 0.026256172 
239 539 18 23 0.025994493 
441 479 9 11 0.025918685 
393 472 7 8 0.025820067 
356 645 48 48 0.025488572 
185 537 14 19 0.025461467 
317 655 191 273 0.02543747 
381 512 9 11 0.025388561 
914 314 14 17 0.025314217 
315 522 11 13 0.025297275 
304 536 12 17 0.024947315 
566 532 13 15 0.02489698 
208 579 17 22 0.024675086 
458 479 9 11 0.02466335 
576 484 8 11 0.024652222 
541 543 15 18 0.02461026 
229 533 14 18 0.024516655 
528 511 9 12 0.024450282 
57 558 19 25 0.024227625 
195 522 14 16 0.024140531 
521 524 9 11 0.024024868 
327 515 10 13 0.024019687 
454 511 19 22 0.023943173 
464 457 7 9 0.02389946 
576 479 8 11 0.02389706 
303 518 12 16 0.023848223 
567 485 8 10 0.02381378 
403 513 20 24 0.02367677 
725 563 28 36 0.023614462 
195 511 11 14 0.023590088 
537 488 8 10 0.023527857 
647 507 11 15 0.02339485 
73 -8 431 415 0.02326023 
269 324 51 63 0.02324159 
420 513 20 25 0.023212608 
661 496 21 25 0.02319996 
580 506 11 13 0.023098826 
511 479 7 9 0.023029657 
502 512 9 11 0.022983119 
326 486 8 9 0.022942873 
450 495 8 10 0.022931043 
768 530 18 27 0.022915076 
622 505 9 11 0.022861307 
487 486 8 10 0.022821078 
310 504 18 24 0.022722594 
516 549 10 13 0.02266668 
495 501 9 10 0.022612493 
503 518 8 11 0.022531698 
438 549 13 17 0.022512265 
548 658 17 22 0.02217914 
543 493 8 10 0.02191028 
496 488 8 9 0.021872645 
392 511 8 11 0.021834727 
393 517 9 13 0.02180614 
471 485 8 11 0.021658778 
744 557 17 25 0.021624364 
346 512 8 11 0.021560434 
534 512 9 11 0.021364197 
409 485 7 9 0.021272782 
504 562 10 14 0.021239199 
578 540 16 21 0.021137709 
359 547 10 13 0.021121832 
589 464 11 13 0.021067683 
229 527 12 15 0.021033537 
415 505 8 10 0.020783924 
408 505 9 10 0.020535277 
565 579 14 21 0.02022243 
240 182 422 501 0.020186987 
456 486 9 10 0.02018029 
