2_Demonstration_Demonstration_Or_Protest_2_225
1554
257 410 16 20 0.9675688 
445 430 15 19 0.9128032 
136 412 15 19 0.90262413 
945 435 15 19 0.89085 
920 410 12 16 0.8867074 
697 424 17 22 0.8801131 
884 436 13 16 0.83994615 
986 504 13 16 0.8036844 
797 432 15 19 0.7458776 
39 407 15 21 0.73141325 
859 429 14 20 0.7016253 
660 415 18 20 0.65053576 
272 435 14 17 0.644505 
993 404 12 16 0.5911941 
345 345 9 11 0.56857216 
321 443 17 22 0.5651888 
461 413 16 20 0.5350719 
355 442 14 18 0.5219126 
586 292 8 12 0.5071472 
500 430 17 20 0.48586297 
289 351 9 11 0.47116643 
816 417 11 14 0.4426467 
110 399 13 16 0.4172124 
449 356 12 14 0.41310024 
789 248 9 10 0.41303983 
717 265 10 12 0.4060059 
588 373 12 14 0.39802897 
863 356 9 12 0.38723361 
255 391 10 12 0.38566676 
678 427 12 16 0.37186563 
386 318 10 13 0.3665934 
831 396 11 16 0.35738114 
368 331 9 12 0.34777856 
761 415 16 19 0.34386888 
178 454 12 15 0.3403127 
848 413 11 14 0.33380648 
276 365 10 13 0.33115995 
256 364 10 12 0.32233658 
891 445 13 16 0.3215098 
501 354 12 15 0.3194069 
588 393 12 14 0.31628677 
161 452 12 16 0.31623614 
804 359 10 13 0.3099785 
141 363 11 14 0.30280507 
558 425 14 19 0.29657492 
536 340 10 14 0.28923607 
290 239 6 9 0.28160435 
178 411 12 14 0.2796236 
206 456 12 15 0.27926737 
822 335 8 11 0.2741986 
990 355 11 14 0.27122843 
93 429 16 19 0.2707208 
821 418 11 14 0.26716447 
385 356 10 12 0.26319188 
821 374 9 12 0.26136208 
741 261 9 11 0.25973213 
1003 519 9 12 0.2574978 
840 435 10 14 0.2557879 
815 327 8 11 0.25481954 
398 411 15 18 0.25405365 
917 387 12 14 0.25340846 
392 423 12 15 0.25217262 
359 345 10 12 0.24648382 
982 354 12 16 0.24098237 
188 365 11 15 0.2397004 
905 372 11 14 0.23849817 
575 400 8 11 0.23839533 
264 331 9 10 0.23766074 
853 309 8 11 0.2357693 
415 446 13 17 0.23211944 
781 365 10 12 0.23176499 
549 368 12 14 0.22942838 
532 363 13 17 0.22922027 
890 366 8 11 0.22842368 
325 366 8 11 0.22731194 
808 343 10 12 0.22455059 
751 366 8 11 0.22197317 
881 174 10 12 0.22027795 
736 417 16 18 0.21898386 
853 392 11 15 0.21808094 
351 293 9 13 0.21713585 
657 358 8 11 0.2162797 
867 422 12 15 0.21498324 
701 350 9 11 0.21435422 
104 402 14 17 0.21337576 
674 116 14 20 0.21235915 
777 381 11 13 0.207894 
78 445 10 13 0.20676191 
814 380 10 13 0.20381257 
744 256 9 10 0.20368466 
425 351 9 12 0.20327395 
824 451 10 14 0.20052576 
583 288 9 12 0.20034805 
766 255 9 10 0.20009345 
328 421 11 12 0.19888555 
350 347 9 12 0.19855641 
807 382 9 12 0.19586979 
60 436 11 15 0.19557285 
190 350 8 10 0.19540866 
822 358 10 13 0.19368428 
319 435 14 18 0.18965518 
773 351 10 11 0.18928167 
698 98 13 17 0.18641624 
273 248 7 9 0.18300216 
974 516 8 12 0.17951736 
846 358 9 12 0.17945252 
97 330 15 21 0.17847379 
328 328 8 11 0.17703982 
582 311 10 12 0.17657341 
854 304 8 11 0.17394817 
583 411 11 13 0.17226802 
672 355 10 14 0.17033775 
842 453 14 15 0.17001206 
907 397 11 15 0.16785564 
279 253 8 11 0.16730608 
295 225 7 9 0.16411732 
661 356 10 12 0.16320597 
799 383 11 13 0.16300775 
194 391 15 19 0.16288787 
981 441 11 16 0.16280027 
356 405 11 14 0.16259363 
885 461 14 17 0.16228591 
913 150 10 12 0.16129717 
960 528 9 12 0.16109519 
678 294 8 10 0.16009912 
181 434 13 16 0.1584616 
173 432 15 17 0.15723908 
929 374 10 13 0.15713556 
801 294 11 13 0.15674049 
995 454 12 15 0.15506998 
593 348 10 13 0.15503325 
774 254 9 11 0.15470922 
376 304 9 11 0.1541719 
368 358 10 12 0.15204895 
1014 406 8 15 0.15187329 
831 326 9 11 0.15129228 
790 230 8 10 0.15072334 
410 349 9 12 0.15016346 
831 392 10 13 0.15012152 
856 334 10 13 0.14978027 
382 342 7 10 0.1494903 
934 405 12 15 0.1484491 
226 436 16 18 0.14823404 
337 285 8 10 0.14819601 
383 380 12 15 0.14779165 
542 365 12 15 0.1466025 
287 328 9 11 0.1439377 
928 452 12 16 0.14371939 
225 352 9 13 0.14343777 
355 453 16 20 0.14228389 
568 357 10 13 0.14219394 
989 389 11 13 0.14161168 
241 348 8 11 0.14131883 
59 402 11 16 0.13945642 
303 358 12 14 0.1388212 
736 348 10 14 0.13873419 
415 259 9 12 0.1386228 
399 270 9 11 0.13820116 
383 372 10 12 0.1379603 
885 341 8 10 0.13602889 
157 376 12 14 0.1359494 
377 454 10 15 0.13581464 
920 346 11 15 0.13356447 
753 381 12 14 0.1328955 
274 389 12 14 0.13143615 
689 365 9 12 0.13090637 
653 366 10 12 0.1288933 
703 278 8 9 0.12824655 
700 355 11 17 0.12823294 
492 374 16 20 0.12809789 
863 363 10 13 0.12785435 
696 325 8 11 0.12759359 
312 350 9 11 0.12655832 
85 303 12 15 0.12623502 
433 260 9 11 0.1258734 
761 253 8 11 0.12557553 
540 400 14 18 0.124865815 
651 341 10 13 0.12477015 
187 434 13 16 0.12419139 
991 384 10 12 0.12221726 
304 371 11 13 0.12183959 
327 238 7 9 0.12115366 
800 363 12 15 0.120067045 
867 405 12 14 0.11941472 
814 437 11 15 0.1190941 
777 374 11 13 0.11841974 
935 309 10 12 0.11829288 
567 293 9 12 0.11775071 
767 363 10 13 0.11772025 
862 287 9 12 0.1176561 
635 405 14 17 0.117330976 
980 422 12 17 0.11730403 
750 254 8 10 0.116926245 
867 414 11 14 0.11668873 
720 276 8 12 0.115123555 
631 372 9 13 0.11488281 
334 268 8 10 0.114132315 
351 412 12 16 0.11329823 
839 459 15 17 0.11241784 
861 373 10 13 0.11207206 
512 366 9 13 0.11199054 
820 198 9 10 0.111848466 
249 249 6 9 0.11177193 
800 372 10 12 0.11141219 
442 379 13 16 0.11136266 
921 134 8 10 0.11077166 
206 350 8 11 0.11051071 
932 394 13 16 0.11027825 
703 272 7 10 0.110063374 
847 319 10 12 0.109574266 
426 416 14 18 0.10949242 
316 341 10 12 0.10894009 
294 248 8 9 0.10891678 
312 225 7 9 0.108794466 
669 272 10 12 0.107847825 
719 244 8 11 0.107359074 
731 438 13 16 0.10691126 
729 255 8 11 0.10679989 
775 364 10 13 0.106470995 
1008 502 9 11 0.10565823 
991 399 11 14 0.10557142 
105 420 15 17 0.10488113 
925 576 10 13 0.10476977 
772 358 11 12 0.104505524 
319 399 10 12 0.10328786 
341 247 9 10 0.103194095 
253 299 8 12 0.1030782 
260 358 10 13 0.10304851 
2 502 11 14 0.10287449 
427 285 10 13 0.10257498 
752 361 9 10 0.10130413 
390 382 10 13 0.101087965 
816 319 9 11 0.099931546 
687 461 11 15 0.09969849 
289 293 9 11 0.09948445 
425 272 8 10 0.099283434 
429 372 10 13 0.09849966 
277 278 9 12 0.09828633 
603 410 12 15 0.098177776 
757 427 13 16 0.09810514 
809 270 8 10 0.09764698 
313 229 8 10 0.09645873 
353 367 10 11 0.09643612 
651 295 9 12 0.09614837 
670 288 9 12 0.09554461 
319 230 8 10 0.09548602 
369 254 7 10 0.0951842 
173 417 15 17 0.095181696 
295 300 8 10 0.09465386 
586 405 11 14 0.09465242 
993 340 8 11 0.09443979 
703 335 8 10 0.09423027 
397 383 9 12 0.09383378 
816 357 10 12 0.093813635 
565 415 9 12 0.09334601 
695 451 12 15 0.09310991 
328 268 8 11 0.092756495 
828 357 10 12 0.09262117 
881 351 8 11 0.09243306 
369 318 8 11 0.092262685 
852 102 10 12 0.09181179 
367 363 10 12 0.0911205 
378 246 7 10 0.09100746 
663 382 10 12 0.09079715 
342 319 9 11 0.090688884 
876 126 9 13 0.090599194 
954 326 10 13 0.090299286 
341 232 8 10 0.09013283 
783 400 10 13 0.08987168 
319 247 7 9 0.08986267 
596 344 10 12 0.0895452 
343 391 9 12 0.089491256 
680 333 8 11 0.088913284 
827 421 11 14 0.088504165 
427 542 13 17 0.08836098 
111 356 10 15 0.08747683 
912 387 12 15 0.08732129 
743 246 9 10 0.086403884 
822 364 10 13 0.08615738 
714 269 9 11 0.08602428 
625 311 10 11 0.08590263 
598 370 12 16 0.08524855 
435 342 11 15 0.08512689 
399 367 8 11 0.08494985 
556 368 9 12 0.08488711 
320 279 8 10 0.08486889 
409 388 11 14 0.08483431 
365 342 10 12 0.084674366 
760 294 8 10 0.08421145 
303 286 9 10 0.08387204 
863 448 13 17 0.08370807 
831 309 9 11 0.083624825 
701 326 8 10 0.08281761 
648 373 10 13 0.0827167 
928 379 11 16 0.082513236 
293 295 9 11 0.08228822 
569 309 9 11 0.08221218 
877 372 10 12 0.08173577 
633 425 15 17 0.0816893 
316 350 10 11 0.081665896 
377 241 8 10 0.08142826 
775 386 11 14 0.08125356 
873 295 8 10 0.080926634 
177 339 9 12 0.08030546 
775 248 8 10 0.080303885 
427 366 11 13 0.08014418 
42 398 16 20 0.08008777 
975 377 11 15 0.0798469 
786 296 8 10 0.07971143 
784 255 9 11 0.07959186 
241 366 9 11 0.07909433 
190 400 14 17 0.07889598 
603 369 13 16 0.078756265 
817 332 9 11 0.07872493 
453 364 11 13 0.07812391 
249 272 8 9 0.07799732 
598 317 10 12 0.077994384 
913 328 8 10 0.07762544 
838 337 8 10 0.07743909 
965 592 9 13 0.07712139 
870 280 8 10 0.077018 
718 383 10 13 0.07662012 
823 309 8 12 0.07653292 
326 287 8 10 0.07637273 
612 427 14 17 0.07637187 
789 252 9 12 0.07629348 
321 294 8 10 0.07619618 
272 361 9 11 0.07593607 
733 425 15 19 0.07580071 
629 287 9 11 0.07563867 
692 248 8 10 0.075593024 
230 344 8 11 0.07554223 
980 574 10 12 0.07550149 
800 232 9 12 0.07540528 
881 356 8 10 0.075228564 
902 390 11 14 0.07517632 
783 239 9 10 0.07512397 
887 358 8 10 0.07506393 
369 311 9 11 0.074478954 
349 419 12 16 0.074475095 
674 303 10 12 0.07401928 
1012 503 9 12 0.07399505 
337 248 8 10 0.07389282 
388 351 10 12 0.073691845 
822 144 9 10 0.073671564 
683 309 11 14 0.073491246 
1 358 11 20 0.07335139 
663 377 9 11 0.07249861 
807 332 9 12 0.072466604 
210 452 14 18 0.07242029 
826 427 15 17 0.07226765 
133 374 12 16 0.07223108 
342 417 13 16 0.07214554 
849 305 9 11 0.07209826 
609 350 11 12 0.072048 
696 278 8 10 0.07186898 
711 288 8 10 0.07175588 
806 450 10 14 0.071755484 
295 391 12 14 0.07161408 
547 276 14 18 0.071611926 
290 225 8 9 0.071606286 
288 288 9 11 0.071317844 
423 319 11 14 0.07117058 
200 344 7 9 0.071061775 
590 355 11 12 0.071034044 
834 401 13 15 0.070550255 
577 413 10 12 0.070148796 
311 296 7 9 0.06987555 
961 459 14 17 0.06984543 
319 336 9 11 0.06966126 
863 255 9 11 0.06964172 
387 229 8 11 0.069600575 
814 350 9 11 0.06954048 
614 328 9 12 0.06948759 
822 467 9 12 0.06918575 
247 436 13 14 0.06881058 
908 366 10 13 0.0687417 
828 452 11 14 0.068706945 
605 428 15 18 0.06840583 
885 397 10 13 0.06820511 
311 279 9 12 0.067903034 
924 387 13 16 0.067787975 
864 327 10 12 0.06766026 
774 304 9 12 0.067648485 
906 341 9 11 0.06743395 
333 417 10 15 0.06738089 
575 428 11 15 0.067335494 
349 263 8 11 0.06722943 
280 232 7 9 0.06719681 
429 278 9 10 0.06703857 
318 253 8 11 0.06700372 
806 443 12 16 0.066722445 
629 340 10 13 0.06672178 
728 287 9 11 0.066592336 
400 264 7 10 0.06609493 
718 467 12 18 0.06602003 
223 400 12 17 0.065995395 
680 314 10 12 0.06587398 
671 342 9 10 0.065735176 
797 270 8 10 0.06553498 
597 326 11 13 0.065500766 
614 310 8 10 0.065445654 
598 310 10 12 0.0652959 
765 248 9 10 0.065213405 
693 287 9 12 0.065051384 
279 286 8 12 0.06493874 
776 240 9 10 0.06493409 
671 254 10 12 0.06490525 
630 316 10 13 0.06475019 
433 304 9 11 0.06452829 
948 350 9 12 0.06450763 
654 278 10 12 0.064352356 
912 332 9 12 0.06424181 
330 444 13 18 0.06416917 
365 350 9 10 0.06403333 
377 342 9 11 0.06387604 
216 387 10 14 0.063616104 
576 310 9 11 0.063592516 
223 477 11 13 0.06345651 
274 476 10 12 0.06325963 
648 260 9 10 0.06322976 
869 318 8 10 0.063006595 
905 119 9 11 0.062905066 
710 373 11 14 0.0628226 
965 527 10 12 0.0626588 
824 304 7 10 0.062606595 
701 320 9 12 0.06257276 
799 148 9 10 0.062550105 
909 340 11 15 0.06242642 
871 367 9 11 0.062328693 
421 254 9 11 0.062269058 
413 344 9 12 0.062207792 
79 315 13 18 0.062118027 
247 357 9 13 0.062044892 
278 305 8 10 0.0619838 
741 267 10 11 0.06170885 
527 367 12 16 0.06170457 
704 342 8 11 0.06159054 
393 224 8 11 0.06148383 
378 459 13 15 0.061447248 
806 246 9 11 0.06123966 
757 239 9 10 0.06123622 
706 253 8 11 0.06115713 
655 417 15 19 0.060900122 
861 396 11 14 0.06089853 
757 434 14 16 0.060732394 
899 172 13 16 0.060700864 
429 348 11 14 0.06069637 
249 294 10 14 0.06067764 
256 254 8 9 0.06062208 
996 253 9 11 0.060614947 
391 332 9 10 0.060341053 
818 231 8 11 0.059912354 
359 238 8 10 0.059864093 
740 238 9 11 0.059851907 
766 397 10 13 0.059629235 
245 350 8 11 0.059481572 
840 466 15 18 0.05940193 
861 331 10 14 0.05937174 
797 278 8 11 0.059238654 
869 332 9 11 0.0590929 
800 167 17 19 0.05905283 
672 362 10 12 0.058938418 
814 342 10 13 0.058935985 
864 280 9 10 0.058807954 
293 344 10 11 0.058796052 
858 293 9 10 0.058790836 
80 307 13 17 0.058780346 
846 430 13 17 0.058719154 
997 390 11 12 0.05861956 
323 429 15 18 0.058611427 
228 348 10 13 0.058275737 
622 382 10 13 0.0581452 
381 301 9 12 0.058141753 
270 265 9 10 0.05804091 
48 400 17 24 0.058000907 
783 361 10 13 0.057953797 
439 278 8 11 0.05794393 
717 421 13 16 0.057933673 
689 254 9 10 0.057812102 
916 392 14 18 0.057050228 
670 333 10 12 0.05699498 
872 372 11 13 0.05693959 
853 316 9 11 0.056810685 
643 411 12 15 0.05680897 
880 278 8 11 0.05667506 
841 356 10 13 0.05638557 
868 453 12 15 0.05632773 
877 459 13 16 0.056322247 
348 426 12 16 0.056231122 
885 449 16 17 0.056167714 
249 276 9 11 0.055936646 
138 360 10 14 0.05587023 
389 313 9 11 0.055752113 
749 401 12 15 0.05568422 
326 371 10 13 0.055654142 
696 272 9 10 0.055638105 
397 245 9 11 0.055621594 
367 279 12 15 0.055594664 
186 442 14 18 0.05548982 
382 436 12 16 0.055462345 
436 524 16 19 0.05545111 
751 214 8 10 0.055433225 
961 574 9 11 0.05512099 
783 302 11 14 0.054860517 
425 290 9 12 0.054732192 
366 374 9 11 0.054710142 
667 423 16 19 0.054700453 
894 325 9 12 0.054651946 
989 426 10 15 0.05464973 
653 336 9 12 0.054644283 
490 468 24 28 0.054567523 
276 383 11 13 0.054474127 
879 368 8 10 0.054399125 
712 293 9 10 0.054356337 
788 302 10 11 0.05435349 
798 264 7 9 0.054313995 
705 263 8 9 0.05430959 
805 469 8 11 0.054102674 
328 304 9 11 0.054088056 
597 395 10 13 0.053966258 
881 430 12 15 0.05394068 
751 303 9 13 0.05392714 
609 294 10 12 0.05386748 
623 255 8 10 0.0537436 
866 238 8 11 0.053686544 
789 358 10 13 0.053667955 
685 316 9 12 0.053629413 
581 436 11 13 0.0534664 
633 397 11 14 0.05344516 
374 309 8 11 0.05341502 
494 360 15 18 0.05335715 
888 282 10 12 0.053193443 
582 328 9 12 0.05296748 
653 300 9 11 0.05293813 
535 396 13 18 0.0529191 
817 430 10 14 0.052751016 
751 429 12 16 0.05268436 
930 443 15 18 0.05259645 
831 351 9 12 0.05253019 
388 433 13 16 0.052297875 
121 435 10 13 0.052185062 
630 368 9 12 0.052173603 
207 470 12 15 0.05213819 
12 271 9 13 0.052121155 
0 396 9 14 0.05209019 
629 302 9 11 0.052086093 
769 303 9 12 0.052065305 
870 311 7 10 0.051847275 
823 461 11 15 0.05147911 
894 334 8 11 0.051436584 
655 351 9 11 0.051402155 
412 419 12 14 0.051364888 
996 446 9 13 0.051354755 
760 248 9 11 0.05131651 
871 458 13 15 0.051186085 
869 397 11 14 0.051034037 
671 293 9 11 0.050975967 
990 444 11 14 0.050975043 
910 119 9 11 0.050949257 
289 245 8 10 0.05091948 
653 260 9 10 0.05080385 
313 452 10 14 0.050766774 
357 372 10 12 0.05075577 
764 404 13 16 0.05068619 
773 262 8 10 0.050676215 
202 459 11 13 0.050586227 
403 414 15 19 0.050394807 
362 452 13 17 0.0500975 
384 312 9 11 0.050057855 
864 246 9 11 0.04974522 
349 269 9 12 0.049719866 
725 429 11 15 0.049688786 
936 418 12 16 0.04964544 
718 315 11 15 0.04949176 
407 394 13 14 0.04915635 
229 449 13 17 0.048981372 
864 310 9 11 0.048928183 
226 333 8 10 0.048568994 
639 357 9 11 0.04843362 
337 320 8 10 0.048431464 
851 405 11 15 0.048428882 
279 270 8 10 0.048307315 
298 215 8 9 0.048280023 
831 143 8 10 0.04822733 
819 434 12 16 0.04816018 
321 261 9 13 0.0481249 
570 278 8 11 0.048083663 
917 332 9 11 0.047977153 
217 355 9 12 0.047958776 
397 295 8 11 0.04792872 
740 355 10 13 0.04791956 
832 341 9 11 0.04776037 
633 411 10 14 0.047678728 
150 393 15 18 0.047671765 
326 293 8 10 0.04761046 
321 239 7 10 0.047606833 
821 149 8 10 0.047575764 
792 285 9 11 0.047568057 
756 387 11 13 0.047513712 
533 293 9 12 0.047509223 
576 287 9 11 0.047423374 
424 425 12 15 0.047358245 
809 328 10 12 0.047350902 
576 327 9 12 0.04727549 
647 348 10 12 0.047232285 
407 373 10 10 0.047226332 
241 372 9 11 0.047153063 
897 317 10 13 0.046893816 
351 334 8 11 0.046825543 
342 236 8 10 0.046723712 
900 599 12 15 0.046722874 
255 264 8 10 0.046564925 
374 253 8 11 0.04654321 
896 389 9 12 0.04649419 
830 335 10 11 0.046487752 
918 287 9 11 0.04647231 
693 363 12 15 0.04641306 
408 444 14 17 0.046406146 
430 408 12 15 0.04639896 
289 232 7 9 0.046312474 
790 477 8 10 0.04630807 
321 311 9 11 0.04628672 
249 320 7 10 0.046285227 
854 180 8 11 0.04608535 
878 453 12 15 0.0460779 
544 325 8 10 0.046031516 
336 366 8 11 0.045788262 
815 144 8 10 0.045705114 
725 399 14 17 0.04562202 
281 291 9 11 0.04534445 
898 444 13 16 0.045285325 
600 419 11 14 0.045267217 
723 389 12 15 0.045224406 
268 328 9 11 0.045201533 
253 270 8 10 0.04515912 
372 325 9 13 0.045110885 
413 397 11 14 0.0450576 
398 286 9 11 0.044961378 
215 239 10 12 0.044868417 
646 378 10 13 0.04478925 
303 223 8 9 0.044784207 
263 350 9 11 0.04477629 
332 438 11 15 0.04467861 
548 345 14 17 0.044635788 
448 307 11 13 0.044547662 
141 500 10 13 0.044522848 
194 430 13 15 0.044469208 
585 271 8 10 0.044383813 
964 381 11 15 0.04438293 
599 430 12 15 0.044380363 
584 380 11 13 0.04427429 
842 145 8 11 0.044225458 
895 303 8 10 0.044042174 
955 213 11 14 0.044034686 
637 323 9 12 0.044016805 
726 334 10 12 0.043993615 
177 289 11 16 0.043909956 
569 406 9 11 0.04390627 
358 246 9 11 0.043833777 
585 368 11 13 0.04371737 
374 200 9 10 0.043671656 
997 342 10 13 0.043630175 
687 262 9 11 0.043584634 
821 228 10 13 0.043565065 
855 328 10 11 0.043470606 
325 398 8 12 0.043470204 
366 222 9 11 0.043430954 
286 373 9 12 0.043418072 
912 145 9 11 0.04340048 
724 270 10 12 0.043389447 
894 127 8 11 0.04335122 
307 365 11 15 0.043350756 
289 345 10 11 0.043287214 
943 370 10 14 0.04325338 
169 411 12 15 0.043249983 
560 255 10 12 0.043244522 
200 357 9 11 0.043225564 
680 271 10 12 0.043192543 
833 239 8 9 0.043168414 
96 326 13 16 0.043157186 
336 360 9 10 0.043153193 
584 397 12 14 0.043082163 
277 361 9 10 0.043067448 
766 286 9 12 0.043020625 
625 291 10 12 0.04298373 
759 366 9 11 0.042800076 
982 381 10 13 0.042775262 
676 350 10 14 0.042717636 
737 279 8 10 0.042713653 
856 263 8 10 0.042688437 
221 374 10 12 0.04262866 
261 373 10 12 0.042615984 
438 445 12 17 0.042341273 
711 341 9 13 0.0422296 
325 308 10 13 0.04211636 
714 264 9 11 0.04207503 
272 381 10 12 0.042030774 
985 415 9 13 0.042025786 
1007 206 9 11 0.0419794 
406 271 9 12 0.04195017 
470 275 13 17 0.04194756 
805 373 11 13 0.041819237 
103 411 14 17 0.041755408 
903 378 11 14 0.041749015 
918 365 8 11 0.041720316 
713 325 8 11 0.041593153 
391 399 11 14 0.04150367 
326 233 8 10 0.041302584 
272 457 12 16 0.04125645 
719 284 8 11 0.041232612 
226 295 8 10 0.041181207 
52 351 13 19 0.04112909 
374 319 8 10 0.041078985 
325 280 8 9 0.041074056 
466 269 10 12 0.04102683 
471 387 12 14 0.040982552 
174 365 10 14 0.04095248 
97 458 12 14 0.040899564 
783 307 12 16 0.040822987 
255 249 7 9 0.040718723 
1 418 9 15 0.040712345 
334 253 9 11 0.04069379 
359 381 9 12 0.040670488 
320 359 9 11 0.04061691 
805 231 8 12 0.040603627 
160 439 10 12 0.040578377 
296 327 9 11 0.04054226 
392 239 8 10 0.040491734 
334 302 8 11 0.04048146 
711 335 9 11 0.040370613 
895 285 7 10 0.04035805 
190 359 10 13 0.040329713 
845 144 9 11 0.040315688 
918 166 12 15 0.040183995 
814 192 11 13 0.04012702 
358 286 9 12 0.040091854 
726 262 8 11 0.040049687 
869 357 10 12 0.039728463 
300 332 9 12 0.039690208 
712 379 11 13 0.03964821 
576 422 12 14 0.03962608 
612 300 10 11 0.03960128 
320 317 8 10 0.039597638 
902 400 14 17 0.03949037 
826 279 8 11 0.039476387 
599 270 8 10 0.03942097 
351 383 9 11 0.03938509 
877 296 8 10 0.039342206 
791 224 8 10 0.039309222 
705 247 9 11 0.03927965 
285 367 10 12 0.039257113 
886 389 9 12 0.039200973 
804 297 11 14 0.039114255 
222 365 10 12 0.039114207 
887 319 8 12 0.039110035 
272 303 8 11 0.039107397 
234 434 15 18 0.03908762 
455 292 11 13 0.039052367 
666 291 9 12 0.039038703 
841 319 9 12 0.039020192 
269 349 9 10 0.0390099 
873 103 8 11 0.038985346 
725 277 8 11 0.038919087 
1007 508 11 14 0.03890016 
369 303 9 11 0.038858574 
810 265 8 10 0.038840987 
337 396 10 14 0.03877961 
248 325 7 11 0.038752373 
402 407 14 16 0.038670667 
201 350 9 11 0.03865355 
373 358 9 12 0.038613267 
960 343 9 12 0.038598083 
680 289 7 10 0.03853007 
669 374 9 11 0.03849903 
751 373 11 13 0.038323954 
301 215 8 9 0.03831252 
222 380 12 16 0.03828886 
254 320 8 10 0.038287878 
295 312 8 10 0.03825373 
823 327 8 11 0.038183827 
343 459 11 14 0.038150147 
598 378 11 15 0.038120672 
932 367 11 14 0.03811723 
152 374 11 15 0.03811265 
127 377 15 18 0.03811113 
814 386 10 12 0.038085684 
303 379 11 13 0.038083695 
948 371 10 14 0.038077943 
305 352 9 11 0.03803586 
341 365 11 12 0.038011443 
909 382 12 15 0.037983917 
750 248 9 11 0.03796073 
887 338 8 10 0.037935108 
665 333 8 11 0.037919447 
825 129 7 9 0.037912868 
157 376 225 231 0.037889935 
822 351 10 13 0.037874192 
711 245 9 12 0.037856665 
246 343 7 10 0.037767142 
574 292 10 12 0.03775535 
936 315 9 13 0.037685618 
846 119 10 13 0.03767622 
718 310 9 12 0.03765979 
176 439 19 23 0.03765541 
186 350 8 10 0.03763739 
709 356 12 17 0.037634686 
308 355 10 14 0.037573285 
818 312 8 11 0.037537128 
999 374 9 10 0.03752898 
718 347 11 14 0.03744619 
998 349 11 14 0.037394904 
534 335 18 23 0.037394628 
842 419 9 12 0.037374016 
718 335 11 13 0.037367683 
607 310 9 11 0.037322614 
417 249 8 10 0.037283715 
117 364 9 13 0.037261285 
245 520 8 10 0.037247464 
62 450 12 15 0.03710721 
830 304 8 10 0.03708197 
247 364 8 12 0.03706263 
904 335 10 12 0.03701896 
763 287 8 11 0.03699442 
651 443 15 19 0.036987472 
453 261 10 13 0.036959 
870 239 8 10 0.03693991 
854 380 10 12 0.03693462 
167 434 13 16 0.03692763 
592 331 9 11 0.036906168 
626 367 9 12 0.036894422 
568 302 8 11 0.036881298 
984 340 9 11 0.03687508 
393 299 10 12 0.036822822 
886 382 10 13 0.036748465 
559 319 8 11 0.036748108 
181 335 9 12 0.03668131 
308 285 9 10 0.036665555 
140 369 12 17 0.036663808 
687 333 9 11 0.036661524 
744 365 10 13 0.03654462 
871 470 9 12 0.036470518 
857 350 10 13 0.036447182 
948 593 9 10 0.036410205 
351 399 10 13 0.036400374 
303 295 9 11 0.036314737 
424 310 8 10 0.036298197 
55 441 14 17 0.036252163 
898 310 8 11 0.036238793 
872 341 8 12 0.03623342 
726 246 9 10 0.036150422 
189 239 7 9 0.03614589 
676 446 10 13 0.036131766 
838 311 8 9 0.036122754 
192 345 9 11 0.036061246 
831 318 11 13 0.03603916 
264 263 9 12 0.035898376 
366 216 9 9 0.035846632 
158 363 13 15 0.03583945 
263 437 14 17 0.035829548 
631 269 9 11 0.035820916 
373 334 9 11 0.03581991 
766 341 10 12 0.035808563 
816 363 10 14 0.035760917 
126 387 14 19 0.03572242 
640 258 9 9 0.035710737 
597 287 9 11 0.035698343 
413 270 9 11 0.035652205 
808 276 9 11 0.035650797 
937 412 13 14 0.03564531 
71 455 9 12 0.035629712 
677 254 9 11 0.035628892 
399 334 9 11 0.03559607 
669 260 9 11 0.035588183 
1014 533 9 12 0.03557912 
790 343 10 13 0.03555388 
543 383 10 12 0.03539853 
541 390 12 15 0.035328653 
197 366 9 12 0.035326816 
897 271 8 10 0.035180632 
204 444 13 17 0.035105206 
831 230 9 12 0.03508016 
358 300 9 13 0.035062194 
273 221 8 11 0.035033174 
638 378 11 14 0.03502054 
873 150 11 14 0.035020504 
939 395 12 15 0.035006925 
528 358 11 15 0.034972172 
334 292 9 12 0.034965318 
397 342 10 11 0.03493234 
293 239 8 10 0.03489198 
479 269 10 12 0.034890495 
947 510 8 11 0.03482954 
687 292 9 10 0.034819733 
999 511 9 12 0.03481937 
995 354 11 15 0.03481574 
724 340 12 15 0.034803376 
216 371 10 13 0.034776036 
735 256 8 10 0.034676846 
591 315 9 12 0.034640457 
766 239 8 10 0.03463745 
881 337 9 10 0.034611046 
598 304 9 11 0.03461051 
334 373 9 12 0.034577765 
740 342 10 14 0.034510065 
376 382 10 14 0.034460507 
764 442 14 18 0.034410857 
799 221 8 10 0.034396853 
245 326 428 484 0.03436006 
899 433 14 18 0.034343172 
704 285 9 11 0.034311716 
773 396 12 15 0.034281883 
299 394 12 15 0.034239523 
528 339 12 16 0.034208473 
518 365 11 15 0.03416173 
462 415 23 29 0.03415874 
312 239 9 10 0.03414325 
574 278 8 11 0.03411076 
1007 555 12 16 0.034107454 
229 328 9 12 0.034045365 
817 300 9 11 0.03401985 
157 341 9 11 0.03394564 
766 293 9 12 0.03393393 
903 287 8 9 0.033910803 
717 357 12 15 0.033887237 
822 223 11 12 0.03376709 
661 310 9 12 0.033667326 
692 262 9 11 0.033666015 
997 531 11 12 0.033647045 
322 287 8 10 0.03364563 
828 413 12 15 0.033630617 
0 436 11 17 0.033623297 
570 399 9 13 0.033607528 
873 301 8 11 0.03359889 
970 511 9 11 0.03359593 
378 477 14 18 0.033593144 
455 370 10 13 0.033570487 
70 436 10 15 0.03351873 
687 342 10 13 0.03344003 
847 426 20 26 0.03340274 
428 322 12 17 0.033354968 
296 208 9 11 0.033322 
805 237 8 10 0.03329927 
542 321 8 11 0.033287436 
365 403 10 14 0.033285186 
902 360 11 12 0.033269256 
992 375 10 12 0.03323338 
450 327 15 21 0.033192016 
589 288 10 12 0.03318546 
646 419 11 16 0.033117585 
383 183 8 11 0.033072334 
427 356 10 13 0.03306676 
679 362 10 13 0.032970347 
664 405 16 19 0.032932334 
212 474 11 14 0.03291184 
791 349 10 11 0.032874946 
443 439 17 19 0.032846045 
326 360 9 11 0.032762032 
735 247 8 10 0.032625478 
807 251 9 12 0.032614212 
799 349 10 12 0.032582544 
865 431 15 19 0.032564826 
343 372 10 12 0.032554194 
603 419 14 18 0.032517478 
221 446 15 21 0.032502558 
383 294 10 13 0.032462098 
341 359 11 12 0.03235354 
608 355 11 13 0.032341316 
94 334 21 30 0.032312375 
631 391 11 13 0.032309115 
325 341 11 14 0.03224234 
734 331 9 11 0.0321744 
983 524 9 11 0.032099124 
913 346 10 14 0.03205234 
881 262 8 11 0.03201477 
916 443 13 16 0.031997006 
757 374 10 14 0.03189671 
768 221 8 10 0.031896103 
397 360 8 10 0.03187582 
789 237 9 11 0.031867642 
832 190 9 12 0.031783406 
475 532 12 16 0.03172872 
389 374 9 10 0.03169298 
532 268 10 13 0.03162239 
608 333 10 13 0.03161786 
492 411 13 16 0.031604275 
407 277 9 11 0.031489868 
663 325 10 13 0.031469576 
678 327 10 13 0.031459756 
456 412 14 18 0.031327166 
533 344 14 18 0.031321615 
125 450 13 16 0.031316094 
225 343 9 11 0.03125855 
96 404 12 16 0.031162987 
809 213 9 13 0.031135257 
366 397 11 14 0.031118995 
1000 327 8 10 0.031118229 
383 333 9 12 0.031101663 
361 327 8 10 0.031049956 
341 279 10 12 0.03099407 
758 302 9 12 0.03097016 
897 168 9 12 0.030954689 
671 249 9 10 0.030921806 
311 301 8 9 0.030918885 
607 342 10 11 0.030908573 
471 506 14 18 0.030898122 
358 270 9 10 0.030891124 
388 424 22 26 0.030854201 
856 189 9 13 0.030824529 
832 199 8 10 0.03078797 
74 443 9 15 0.03072189 
88 427 15 19 0.03070165 
743 373 9 13 0.030622281 
713 317 10 15 0.030601263 
805 191 11 12 0.030530296 
821 318 9 12 0.030508982 
207 345 8 10 0.030477107 
847 278 8 11 0.030412542 
256 344 8 10 0.03039209 
351 208 8 9 0.030348044 
886 262 8 11 0.030343404 
342 434 12 17 0.030317562 
462 301 10 12 0.030314999 
681 95 9 11 0.030305287 
935 340 8 11 0.030303312 
185 360 9 12 0.030294616 
272 216 8 10 0.030274812 
472 213 10 14 0.03025537 
988 436 12 17 0.030252937 
880 390 10 13 0.03024242 
935 277 8 9 0.030170577 
815 296 8 11 0.030166544 
328 246 8 11 0.030149149 
759 351 9 11 0.030128088 
734 285 10 13 0.030120805 
716 323 11 12 0.03010003 
695 334 9 11 0.030084401 
760 270 9 11 0.030063301 
464 264 9 11 0.030062871 
760 262 7 9 0.030025644 
198 370 11 14 0.030010829 
560 390 9 11 0.02999626 
573 363 9 12 0.029971793 
408 295 9 11 0.02993348 
424 344 9 12 0.029892368 
660 318 9 12 0.029881468 
118 430 10 14 0.029876128 
201 392 15 19 0.029873896 
188 421 13 16 0.029823398 
413 440 12 14 0.029792778 
678 342 9 12 0.029737728 
881 271 8 10 0.029732708 
352 357 9 11 0.029706921 
265 248 7 9 0.029702472 
526 332 12 16 0.029631725 
724 422 12 15 0.029619167 
392 414 12 16 0.029587304 
438 240 8 10 0.02958003 
740 436 12 15 0.029572865 
912 320 8 10 0.029556312 
358 232 9 11 0.029547615 
686 276 11 12 0.029532703 
562 441 14 17 0.02951863 
894 278 9 12 0.029483885 
417 320 9 11 0.029479284 
343 339 16 22 0.029467663 
626 373 10 13 0.029410435 
839 190 10 13 0.0292734 
712 389 11 14 0.029254733 
175 349 10 12 0.029247358 
600 265 7 9 0.02922777 
783 342 11 13 0.02920717 
807 219 9 12 0.02916572 
758 359 9 11 0.0291484 
993 532 9 11 0.02914693 
870 350 9 12 0.029143486 
374 262 9 12 0.029114768 
429 272 9 11 0.02896845 
665 270 9 11 0.028962621 
832 129 8 10 0.028942846 
414 277 8 11 0.028936092 
900 362 19 24 0.028932363 
344 268 9 12 0.028907333 
913 135 8 10 0.028899277 
656 310 9 12 0.028889818 
736 380 11 15 0.028888453 
470 264 10 12 0.028887518 
535 324 10 13 0.028856197 
159 357 10 14 0.028819026 
1009 549 11 14 0.028808 
296 366 11 13 0.028793408 
846 159 10 12 0.028694402 
693 372 13 18 0.028683674 
558 301 9 12 0.028682418 
399 319 7 10 0.028657792 
895 360 8 11 0.028656865 
752 237 9 11 0.028653763 
345 383 9 12 0.028642185 
351 215 8 10 0.028613878 
879 395 10 14 0.028609399 
913 288 8 10 0.028573401 
348 388 10 12 0.028485663 
272 309 10 11 0.028478887 
282 332 10 12 0.02847436 
349 318 9 11 0.028468883 
351 278 9 11 0.028384248 
829 292 10 13 0.028384093 
496 184 83 118 0.028315598 
414 356 9 11 0.028304107 
829 432 15 18 0.028275544 
279 223 7 9 0.028270919 
321 326 8 11 0.028226506 
676 452 12 15 0.02818962 
164 366 12 13 0.028174587 
767 230 8 10 0.028161893 
638 365 9 12 0.028161054 
997 365 10 12 0.028156761 
610 278 7 10 0.028149828 
613 279 8 9 0.028118772 
793 388 11 14 0.028099598 
388 365 10 13 0.028078536 
862 167 8 11 0.028076075 
665 262 8 10 0.028063836 
380 404 12 15 0.028063381 
346 294 10 12 0.028058464 
69 460 11 12 0.028054537 
584 278 8 10 0.028046746 
787 397 12 14 0.02802127 
406 495 14 19 0.028010845 
437 301 11 14 0.028005937 
360 278 10 13 0.027997859 
197 443 12 16 0.02798624 
822 406 11 13 0.027961813 
409 438 11 13 0.02792275 
141 377 11 14 0.027887909 
833 148 9 11 0.027879722 
686 304 9 12 0.027866472 
701 372 12 16 0.027843663 
895 140 9 13 0.027753903 
804 158 14 15 0.02773764 
916 157 12 14 0.027703332 
856 476 10 12 0.027694745 
448 269 8 10 0.027664233 
241 358 10 13 0.027596897 
793 451 10 14 0.027582105 
358 355 10 13 0.0275253 
294 287 9 10 0.027501738 
806 310 9 10 0.027500344 
919 355 10 15 0.027499339 
910 427 12 15 0.027455913 
829 165 8 10 0.027444288 
250 457 15 18 0.02742652 
797 325 11 14 0.02742417 
421 399 10 12 0.027346123 
680 382 10 13 0.027343724 
290 302 8 11 0.027323442 
506 350 11 14 0.027286049 
498 351 11 14 0.02728159 
720 254 8 10 0.027279256 
838 237 9 10 0.027272401 
917 424 13 17 0.027262816 
134 420 15 19 0.027252967 
409 344 9 12 0.027220724 
296 372 10 13 0.027203044 
408 300 9 13 0.027178371 
447 337 13 17 0.027177097 
175 356 9 12 0.027111813 
287 312 7 9 0.027080698 
676 112 12 14 0.027052935 
440 295 8 11 0.02705069 
312 402 12 15 0.027030049 
670 111 11 13 0.02700538 
997 427 10 14 0.026904952 
622 335 10 12 0.026883388 
949 354 10 13 0.02680525 
862 478 10 12 0.026801676 
838 350 10 13 0.026791627 
889 134 9 12 0.026737873 
375 349 9 12 0.026659703 
382 240 8 10 0.026647696 
317 225 8 9 0.02663308 
856 356 10 13 0.026629284 
863 457 13 17 0.026599517 
805 463 10 13 0.026570925 
961 238 9 11 0.026537582 
1007 372 9 11 0.026510704 
784 462 9 12 0.02650934 
286 412 14 17 0.026482305 
286 255 8 10 0.02647442 
566 327 10 12 0.026473505 
691 490 14 18 0.026456084 
759 406 11 14 0.026448771 
975 524 8 11 0.026436647 
809 207 11 13 0.026416184 
735 375 11 13 0.026333852 
940 318 9 11 0.026295291 
341 444 11 16 0.02629284 
619 423 13 16 0.026287638 
830 182 8 11 0.026285943 
479 295 9 11 0.026266946 
557 284 10 14 0.026251074 
390 284 12 14 0.026204137 
883 178 11 15 0.026196592 
848 135 8 10 0.026175328 
576 392 9 11 0.026165375 
828 459 12 16 0.026159944 
360 334 9 11 0.02614674 
177 272 8 10 0.026125552 
326 348 10 12 0.026123155 
272 371 10 13 0.02612264 
463 274 13 17 0.026116733 
251 391 19 23 0.0261062 
438 324 12 16 0.026095493 
412 383 11 13 0.026000036 
984 396 11 14 0.025999986 
468 441 16 20 0.025999721 
632 358 8 11 0.025957923 
638 480 10 11 0.02593227 
1004 396 11 14 0.025915813 
889 126 9 11 0.025850538 
855 423 13 16 0.025845388 
274 250 9 12 0.025845146 
978 374 12 14 0.025843251 
190 471 9 12 0.0258351 
783 325 13 16 0.025810521 
822 179 12 14 0.025807405 
477 380 11 17 0.025747012 
840 124 9 12 0.02573897 
359 207 7 8 0.025732117 
709 364 13 16 0.025677519 
477 245 11 14 0.025668906 
192 382 10 15 0.025635274 
724 316 11 14 0.025620412 
577 317 9 11 0.025613703 
338 390 10 13 0.025609879 
296 318 9 10 0.025591956 
678 458 14 19 0.025585061 
976 436 13 19 0.02558451 
374 268 9 12 0.025566103 
575 303 9 11 0.02556607 
892 245 9 12 0.025552128 
936 257 9 11 0.025500476 
661 363 11 13 0.025492819 
430 438 12 16 0.02545274 
83 379 13 17 0.02545042 
657 380 10 14 0.025422327 
867 445 12 15 0.025402803 
107 444 12 15 0.025361514 
949 402 12 15 0.02535349 
903 390 20 25 0.025330251 
141 318 9 11 0.025306825 
890 324 8 11 0.025281655 
690 455 15 19 0.02524672 
623 357 9 12 0.025236912 
772 418 13 16 0.025194872 
274 451 15 18 0.025167169 
405 469 14 16 0.025156558 
986 262 7 11 0.025141422 
424 406 10 13 0.0250946 
717 295 8 11 0.02504421 
405 428 12 15 0.025040511 
282 442 12 17 0.025035763 
712 277 8 11 0.025014332 
917 143 10 11 0.025013356 
687 326 10 13 0.024988003 
337 238 7 9 0.024973294 
712 229 9 11 0.024950588 
452 212 110 149 0.024940493 
831 134 8 10 0.02492588 
665 255 9 11 0.024911163 
432 444 12 15 0.024900747 
134 445 11 15 0.024843855 
368 260 10 11 0.024838392 
305 281 8 11 0.024822025 
229 459 11 14 0.024820853 
445 448 13 16 0.02477218 
880 317 10 13 0.024655601 
274 468 13 16 0.02463568 
925 557 8 11 0.024619414 
910 443 13 16 0.024607046 
358 200 8 9 0.024602834 
1014 357 9 12 0.02458302 
295 253 8 10 0.024579268 
625 269 9 11 0.02457277 
567 352 10 12 0.024563158 
991 361 12 15 0.024561591 
775 402 11 15 0.024540305 
816 222 9 12 0.024535617 
907 334 20 25 0.024493152 
421 249 8 9 0.024480512 
647 358 10 12 0.024460897 
630 256 8 9 0.024411825 
839 212 10 13 0.02440441 
53 379 10 15 0.024325674 
774 295 8 10 0.024301197 
279 260 8 11 0.024294365 
261 254 8 9 0.024278289 
413 374 9 11 0.024269331 
724 357 12 15 0.024264537 
592 252 9 12 0.024261838 
695 341 9 12 0.024253814 
565 381 10 12 0.024217876 
215 437 11 15 0.024203816 
798 287 10 11 0.024191262 
265 294 8 12 0.02417655 
845 248 8 10 0.024173794 
816 463 9 12 0.02417066 
865 271 8 10 0.02417055 
400 326 7 11 0.024158757 
648 280 10 11 0.024157908 
93 315 12 16 0.024157798 
375 445 13 17 0.024151446 
327 403 9 13 0.02412881 
590 271 8 10 0.024124729 
714 260 19 23 0.024120944 
836 231 10 12 0.024119364 
618 23 243 232 0.024092913 
398 275 10 13 0.024056755 
847 174 11 13 0.023975866 
848 339 10 12 0.023933752 
52 450 14 16 0.023931017 
806 421 11 13 0.023872945 
536 318 9 13 0.023872513 
188 409 14 17 0.023767626 
158 318 8 11 0.023750348 
376 366 8 11 0.02373026 
336 350 8 11 0.023725573 
894 100 10 13 0.023713725 
367 383 9 11 0.023711717 
290 418 14 19 0.023708394 
397 255 9 10 0.02370399 
854 270 8 10 0.02369544 
381 253 9 12 0.023690017 
913 240 8 11 0.023687506 
334 332 10 13 0.023655828 
664 303 8 10 0.023627339 
789 142 10 12 0.023602635 
771 194 12 17 0.023581622 
862 112 8 10 0.023581373 
263 341 10 13 0.023576528 
824 388 9 13 0.023574565 
397 300 10 12 0.023551622 
315 477 14 16 0.023543552 
890 140 9 12 0.023543525 
335 324 8 12 0.023510559 
223 429 14 18 0.023504017 
548 333 13 15 0.023484593 
889 98 11 13 0.023484217 
767 449 13 17 0.023475902 
740 87 12 15 0.023475073 
798 451 11 14 0.023448862 
253 442 13 16 0.023415737 
828 363 10 13 0.023401782 
824 446 19 24 0.023384536 
445 315 24 30 0.023365598 
421 437 11 15 0.023350416 
373 397 11 14 0.023277685 
250 388 12 16 0.023230422 
773 222 9 11 0.02321246 
831 160 7 10 0.02315634 
248 265 9 10 0.023155967 
1001 559 10 14 0.023145258 
711 347 10 13 0.023106415 
360 215 8 10 0.023082353 
550 417 19 27 0.02305148 
256 349 10 11 0.023010032 
748 411 14 18 0.023000987 
391 344 10 11 0.02298901 
414 325 10 13 0.022965204 
614 248 9 11 0.022960313 
926 355 11 15 0.0229581 
353 247 8 10 0.022957478 
800 342 10 13 0.022953104 
127 367 9 11 0.022931116 
702 227 10 13 0.022921072 
408 327 9 12 0.022862064 
112 388 20 25 0.022850184 
725 241 8 10 0.02284739 
589 421 11 14 0.022835767 
164 357 11 13 0.022779517 
557 341 11 15 0.022772757 
694 356 19 26 0.022717925 
164 371 13 17 0.022700982 
744 311 8 11 0.022668635 
46 391 11 15 0.02266674 
487 286 11 14 0.022616157 
883 166 11 14 0.022613993 
991 317 10 13 0.022612022 
367 387 11 15 0.022575635 
784 148 10 14 0.022553654 
281 237 8 10 0.022519514 
0 658 8 12 0.02249049 
18 17 10 14 0.022480063 
925 343 10 14 0.022425741 
736 270 8 10 0.022410884 
841 120 10 12 0.022388335 
848 334 9 12 0.022384781 
656 350 19 24 0.022351567 
854 164 8 11 0.022333099 
205 438 11 14 0.0222985 
760 396 11 15 0.022272034 
214 443 13 17 0.022267627 
1013 526 10 13 0.022202525 
630 347 9 13 0.0221996 
91 307 12 16 0.022199498 
519 395 11 16 0.022181839 
734 362 11 14 0.022167532 
767 217 8 10 0.022145115 
670 299 19 26 0.022140285 
910 436 12 15 0.022110691 
894 135 9 12 0.022109414 
294 358 20 24 0.022101523 
760 276 9 13 0.022098355 
176 278 11 14 0.022096425 
967 477 10 13 0.022073807 
663 102 9 11 0.022073759 
712 306 10 14 0.02207308 
311 310 9 12 0.022055946 
852 334 20 23 0.02204618 
678 247 9 10 0.022019928 
746 302 9 12 0.021977141 
885 117 9 12 0.021952206 
181 340 10 13 0.021926466 
172 373 11 14 0.021913644 
869 271 9 10 0.021895276 
917 458 13 16 0.021857299 
793 443 11 15 0.02185523 
654 272 9 10 0.021851731 
855 278 8 11 0.021833103 
368 207 9 10 0.021784449 
811 438 18 23 0.021783523 
361 222 9 10 0.02178234 
320 368 12 15 0.02177904 
343 335 9 12 0.02177515 
376 466 12 16 0.021769496 
698 229 9 11 0.02175797 
805 404 12 14 0.021749625 
406 286 9 10 0.021738295 
741 444 12 16 0.021666827 
86 371 13 18 0.021661526 
696 442 16 20 0.021659829 
915 339 19 24 0.021659652 
289 262 9 11 0.021626422 
639 311 9 12 0.021609776 
490 206 27 36 0.021560479 
1009 409 12 16 0.021554237 
880 254 10 12 0.021550193 
351 326 9 12 0.021540474 
813 203 12 15 0.021536324 
862 232 10 12 0.021531237 
552 301 11 13 0.021505587 
800 254 8 12 0.021487396 
760 225 8 9 0.021475073 
961 579 10 13 0.021470236 
870 180 10 13 0.021468112 
889 360 18 23 0.021448757 
433 239 9 11 0.021445366 
598 356 10 13 0.0214264 
837 441 14 18 0.021385847 
766 370 12 15 0.021308726 
574 261 9 12 0.02129838 
409 262 8 9 0.021258743 
825 283 10 14 0.021252785 
875 154 13 15 0.021247735 
695 302 10 12 0.021232445 
393 217 7 9 0.021191442 
432 339 19 25 0.021169838 
663 116 12 15 0.021169346 
840 304 9 11 0.021156088 
951 343 10 12 0.02113777 
137 358 19 24 0.021126922 
929 279 8 9 0.021090945 
873 109 9 12 0.021090712 
228 469 10 13 0.021080393 
680 263 9 10 0.02107986 
998 333 10 12 0.021073136 
77 459 11 13 0.021060348 
727 326 10 12 0.021033086 
309 389 11 13 0.021026248 
846 284 10 14 0.021013398 
559 406 10 13 0.020997602 
287 279 9 11 0.020962968 
789 156 10 13 0.020955961 
882 486 13 15 0.020949854 
701 302 10 13 0.020927673 
904 277 9 12 0.020927044 
608 245 11 13 0.020926215 
790 150 9 13 0.020919537 
415 402 10 14 0.020910282 
546 407 13 17 0.020902624 
560 293 10 13 0.0208915 
671 425 21 26 0.0208712 
565 253 11 14 0.020864373 
185 365 18 24 0.020851607 
616 264 8 9 0.020813165 
320 302 8 10 0.020810485 
976 398 10 14 0.020810368 
83 303 20 28 0.02080421 
17 209 11 15 0.02073749 
248 433 20 23 0.020737292 
671 102 9 11 0.02072877 
527 396 11 15 0.020722292 
877 477 11 13 0.020709893 
871 392 10 13 0.020688087 
246 335 8 10 0.020687152 
977 351 11 15 0.020672994 
665 340 9 12 0.020667674 
294 279 8 11 0.020660678 
763 358 20 23 0.020632682 
823 262 10 12 0.02063106 
311 217 9 9 0.02062451 
848 381 9 12 0.020610584 
792 381 11 14 0.020600747 
573 271 9 11 0.020588696 
772 286 9 11 0.020576926 
407 319 7 10 0.02051097 
566 341 10 13 0.020478727 
84 451 11 13 0.020447018 
266 311 7 10 0.020446142 
292 354 12 14 0.020432686 
351 221 8 10 0.020426875 
336 200 8 9 0.020418055 
2 481 15 20 0.020400075 
160 295 9 12 0.02038539 
680 236 9 11 0.020368714 
1004 349 10 14 0.020358559 
415 309 9 11 0.020358128 
498 463 19 21 0.020337446 
440 434 14 17 0.020336699 
863 179 10 13 0.020323046 
584 348 10 13 0.020292824 
559 395 10 14 0.020292215 
750 271 9 11 0.02029057 
639 285 9 12 0.020278707 
912 203 12 15 0.020249328 
46 371 214 222 0.020244852 
454 278 11 15 0.020242238 
459 295 11 12 0.020222478 
505 217 29 35 0.020213401 
196 382 13 17 0.020208074 
174 380 11 14 0.020191548 
364 238 10 12 0.020160366 
313 326 9 11 0.020159556 
1001 158 8 11 0.020149715 
568 423 19 24 0.02010971 
703 292 9 12 0.020106774 
840 245 9 12 0.020083956 
614 270 8 10 0.02003061 
351 310 9 11 0.020026674 
433 332 10 13 0.020022634 
719 433 14 17 0.020013366 
870 285 9 11 0.020005196 
410 256 8 10 0.020000974 
737 286 213 232 0.020000106 
