2_Demonstration_Protesters_2_213
139
960 587 51 75 0.9979971 
590 550 65 79 0.9975539 
362 311 77 96 0.98737586 
851 706 62 68 0.98368317 
754 541 37 51 0.98261654 
524 470 20 27 0.858071 
116 459 22 28 0.80652076 
69 393 8 10 0.53764415 
273 293 41 54 0.53051144 
48 399 12 15 0.49421546 
0 422 9 14 0.4244602 
773 611 40 56 0.35854265 
18 401 13 15 0.31784213 
6 471 16 23 0.31113023 
950 383 10 14 0.23605078 
100 404 11 14 0.21742178 
97 397 10 14 0.18501417 
0 398 7 12 0.18198085 
118 453 16 19 0.16381231 
887 380 13 17 0.12681901 
712 376 8 9 0.11874129 
31 439 9 12 0.10708606 
913 649 16 25 0.09609803 
69 426 13 15 0.09523352 
120 448 25 29 0.09387152 
22 419 12 14 0.09126372 
67 469 20 22 0.08735518 
817 391 7 9 0.082131535 
814 717 62 51 0.08042934 
496 476 13 21 0.08011895 
808 384 7 10 0.07460666 
165 468 16 18 0.073797405 
3 414 14 16 0.07284786 
82 442 14 18 0.071206465 
800 543 22 34 0.06568012 
664 71 17 19 0.061650243 
727 492 22 27 0.06119933 
96 490 14 17 0.060238555 
687 560 35 40 0.059637133 
809 389 7 10 0.059565455 
93 414 10 13 0.05864511 
1 401 9 14 0.05637504 
640 46 10 12 0.05598446 
30 414 11 14 0.05310064 
956 388 11 13 0.05294597 
860 701 35 54 0.05143781 
23 389 10 12 0.051096004 
822 391 7 9 0.05017159 
44 443 15 17 0.050129216 
25 384 9 10 0.04926386 
903 634 35 55 0.04694882 
52 572 24 33 0.046022795 
5 406 10 12 0.045119867 
965 398 13 16 0.04400547 
878 387 11 14 0.04380263 
37 414 12 14 0.043661583 
64 404 12 15 0.042784676 
23 437 10 13 0.040483106 
0 434 11 17 0.03963331 
841 391 9 11 0.03860867 
68 433 12 14 0.038012363 
61 27 40 42 0.036900137 
901 381 11 16 0.035459384 
40 418 12 16 0.034818098 
117 472 23 29 0.03459197 
88 397 10 13 0.03453868 
1 424 15 19 0.034168176 
789 399 8 9 0.03329923 
134 483 15 20 0.03268098 
698 557 41 52 0.032467756 
499 470 25 33 0.03217247 
3 399 11 13 0.031847224 
995 377 12 15 0.031672336 
245 285 35 45 0.030996803 
131 436 16 18 0.030913843 
888 376 11 14 0.03005846 
106 436 15 18 0.0296104 
92 263 38 46 0.029402861 
910 395 11 13 0.029278772 
491 175 12 13 0.029223204 
14 420 12 16 0.029030845 
106 440 22 28 0.028944599 
142 477 20 27 0.028926153 
969 384 9 11 0.02879432 
829 735 34 33 0.02860143 
121 433 26 31 0.028571604 
122 464 25 30 0.028456962 
949 376 11 13 0.028268745 
844 629 14 20 0.028089507 
53 451 13 17 0.0279835 
8 473 24 32 0.027501907 
708 374 9 11 0.027191523 
63 466 16 20 0.026976675 
99 392 12 15 0.026777832 
739 503 15 21 0.0264576 
68 461 17 20 0.026411904 
945 387 13 16 0.026315484 
846 388 10 13 0.025950294 
68 412 13 16 0.025803443 
73 421 13 15 0.025617637 
88 418 13 15 0.025354031 
107 405 11 14 0.025259102 
101 422 12 13 0.02486898 
15 434 11 15 0.024694107 
0 476 20 35 0.0246099 
1007 659 16 21 0.024595497 
73 468 23 29 0.02419303 
652 60 26 29 0.024139816 
0 487 12 20 0.024043214 
475 350 24 30 0.024035674 
64 398 21 25 0.023644974 
873 390 11 13 0.023506323 
119 489 14 19 0.023401007 
772 374 9 12 0.022927213 
172 475 14 18 0.022654546 
65 416 19 24 0.022328284 
46 495 14 19 0.022231191 
783 602 35 43 0.022157371 
84 467 12 16 0.022123726 
441 354 27 42 0.021861954 
599 381 9 11 0.021780023 
181 479 10 14 0.021665074 
37 438 11 14 0.021654282 
834 616 23 34 0.021629289 
636 214 30 41 0.02154357 
153 475 22 26 0.021300051 
22 513 30 37 0.021261804 
762 622 35 50 0.021259122 
795 728 43 32 0.021218896 
966 389 12 15 0.021192204 
615 380 10 14 0.021074943 
0 532 17 19 0.020931285 
949 381 19 25 0.020789899 
811 733 40 32 0.020688 
108 428 13 14 0.020478329 
807 574 26 30 0.020455811 
981 380 11 13 0.02041329 
455 135 207 285 0.020150565 
117 405 12 16 0.020095116 
