2_Demonstration_Political_Rally_2_741
104
123 499 28 54 0.9870193 
571 479 45 60 0.9855182 
738 477 15 21 0.9010136 
202 477 27 40 0.78593117 
671 434 12 15 0.33520564 
656 438 10 12 0.27717564 
758 445 11 14 0.21303436 
731 451 11 16 0.18191887 
64 476 26 38 0.18188672 
759 450 13 16 0.1642009 
870 494 51 65 0.16077955 
783 438 12 14 0.15656316 
832 455 8 11 0.1497038 
196 401 36 39 0.12388903 
796 496 16 19 0.10893991 
641 439 10 13 0.10265346 
792 484 23 28 0.09734631 
86 517 35 41 0.09409532 
772 476 11 15 0.088028215 
588 414 24 32 0.08322918 
667 469 13 17 0.082109034 
753 444 11 14 0.073572576 
725 453 14 20 0.07233497 
645 444 9 11 0.07177492 
718 449 15 20 0.069646165 
724 443 14 20 0.069425836 
824 455 10 12 0.06864695 
604 421 15 21 0.06852203 
241 413 25 31 0.06834086 
75 493 34 55 0.067315206 
836 454 8 12 0.059760783 
901 459 9 13 0.055418465 
763 444 11 15 0.050148632 
781 460 16 20 0.048732553 
766 440 9 12 0.047728345 
691 471 16 19 0.045483235 
837 483 12 17 0.044260774 
744 477 16 19 0.043718804 
717 438 15 17 0.042755354 
904 496 42 57 0.040969178 
658 430 10 13 0.03982919 
670 420 11 14 0.039781686 
660 444 10 12 0.039362352 
720 429 11 13 0.03896744 
756 481 14 19 0.0352931 
781 451 15 19 0.03456892 
955 505 41 53 0.033073504 
783 473 25 31 0.032858722 
675 431 12 15 0.032609418 
733 469 15 22 0.03233545 
777 468 21 28 0.031953715 
767 471 11 16 0.03183583 
183 391 34 47 0.031191662 
51 490 37 54 0.03000004 
883 461 26 33 0.029656984 
661 436 11 15 0.029631093 
963 453 12 15 0.029050985 
265 412 40 49 0.029016213 
726 479 16 22 0.028488096 
894 460 14 17 0.028464252 
670 414 10 14 0.028442236 
774 470 12 17 0.028405763 
663 429 11 15 0.028046567 
630 438 10 14 0.02716714 
832 482 12 16 0.026778862 
695 462 12 16 0.026410023 
741 451 13 16 0.026204452 
710 457 14 17 0.025825609 
659 397 12 15 0.025679044 
685 452 10 15 0.025530849 
848 459 82 108 0.025344813 
895 439 9 12 0.02498884 
763 478 15 21 0.024696989 
260 418 15 21 0.024669623 
263 410 26 35 0.024572589 
687 428 10 12 0.024563419 
439 386 30 36 0.024438648 
519 395 29 44 0.024240123 
487 732 47 74 0.0238397 
672 463 20 28 0.02383828 
645 420 12 17 0.023693332 
644 427 10 13 0.023631675 
274 395 23 32 0.023568274 
677 460 12 15 0.023488192 
306 439 26 35 0.023437945 
569 412 45 48 0.023082957 
812 442 13 15 0.022996303 
711 428 9 12 0.022734592 
684 436 11 14 0.02269616 
620 442 12 15 0.022443322 
85 174 399 432 0.02243146 
780 433 18 23 0.022312941 
283 384 24 33 0.021869335 
814 452 10 13 0.021633174 
859 433 14 15 0.021245897 
32 492 42 57 0.021206673 
693 427 11 14 0.021019118 
678 454 10 13 0.020790963 
617 260 24 31 0.020773822 
949 453 9 12 0.020714488 
703 429 9 13 0.020393621 
246 429 26 38 0.020356348 
686 459 11 16 0.020327197 
544 400 33 43 0.020026553 
