2_Demonstration_Demonstration_Or_Protest_2_173
311
846 291 52 67 0.99929166 
48 355 52 51 0.9981464 
671 278 47 63 0.99778914 
654 207 33 45 0.9976382 
353 229 27 35 0.9965115 
774 187 32 43 0.9963566 
273 278 36 42 0.9959776 
255 252 29 41 0.99442613 
170 313 43 54 0.9940661 
459 232 32 40 0.99319685 
581 233 44 56 0.9929503 
869 209 41 55 0.9844961 
360 295 40 56 0.98013145 
740 161 21 27 0.97805184 
504 216 40 54 0.9775237 
548 166 14 18 0.97128975 
108 247 38 51 0.9704514 
174 225 20 25 0.9561542 
0 301 24 51 0.9525442 
3 217 13 16 0.9484139 
671 153 19 27 0.93391705 
360 190 16 21 0.90173715 
320 207 17 23 0.87345105 
831 164 19 27 0.84136295 
207 239 20 26 0.82115746 
889 175 26 30 0.8165039 
439 192 14 19 0.8137883 
574 185 19 25 0.81345606 
452 210 24 28 0.8121725 
640 167 19 27 0.80459285 
286 195 14 18 0.7890153 
326 182 13 16 0.747813 
17 241 14 17 0.7266931 
491 161 14 18 0.71624124 
100 216 18 22 0.71450883 
252 221 16 20 0.7106398 
469 190 16 22 0.6979277 
515 191 23 29 0.66382754 
134 210 14 18 0.6610771 
517 156 10 13 0.65291613 
401 182 9 11 0.5736628 
453 221 29 37 0.56635785 
381 199 17 21 0.52433574 
965 120 13 16 0.52138543 
882 147 13 16 0.49354777 
184 275 31 36 0.47332665 
598 149 24 34 0.4609427 
389 198 13 16 0.45775563 
648 281 30 42 0.4280377 
157 192 8 10 0.3497257 
223 205 13 17 0.34931198 
4 252 14 17 0.3357623 
212 197 11 14 0.3209462 
404 178 12 16 0.31424427 
439 175 10 12 0.31406805 
48 262 20 26 0.3122436 
38 216 10 13 0.3069293 
431 152 10 12 0.2957466 
30 214 10 14 0.29518142 
250 188 10 11 0.29509154 
116 201 11 13 0.28977096 
231 188 9 12 0.28067514 
376 174 9 11 0.2748748 
192 190 9 11 0.27159944 
917 109 9 12 0.25081173 
453 205 17 20 0.24114233 
909 133 15 17 0.23335107 
265 181 9 11 0.22659014 
175 191 7 9 0.22584914 
168 202 11 14 0.212579 
252 183 9 11 0.20358837 
972 299 29 36 0.18472643 
1006 169 14 19 0.17943749 
436 151 8 11 0.17138779 
749 208 23 31 0.16817027 
0 187 9 14 0.1526208 
997 171 14 18 0.15093319 
454 144 11 13 0.14890958 
344 175 10 12 0.14788616 
710 125 12 15 0.13726228 
237 208 13 17 0.13620307 
47 206 9 12 0.12991811 
166 217 13 18 0.12983927 
39 199 9 11 0.12436043 
12 250 14 18 0.12316398 
4 246 12 16 0.12305117 
491 101 10 15 0.11969807 
599 423 20 27 0.11383197 
428 168 10 12 0.10953076 
100 191 9 11 0.10528616 
365 192 20 25 0.10418873 
237 184 8 10 0.103182554 
69 197 10 12 0.09844589 
173 198 10 13 0.09128024 
47 212 9 13 0.091124505 
258 244 18 21 0.088903405 
437 179 14 16 0.08603105 
944 195 26 29 0.08143842 
906 137 12 17 0.08035183 
62 219 9 13 0.07918921 
413 193 14 19 0.07807457 
401 445 19 21 0.07722792 
41 203 10 12 0.076552235 
662 147 13 16 0.07439597 
117 218 11 15 0.07347068 
290 191 15 18 0.072660066 
374 177 13 17 0.07176725 
843 197 15 19 0.07080951 
561 150 10 13 0.0691489 
711 139 10 15 0.06518055 
127 197 9 13 0.064799525 
916 129 13 15 0.06260799 
300 199 17 20 0.06137881 
411 178 13 17 0.060613383 
474 195 16 23 0.059744857 
1000 159 22 34 0.05930339 
406 149 10 11 0.057228673 
426 151 10 13 0.056852404 
307 203 14 19 0.056597557 
435 155 10 13 0.054393187 
55 214 10 13 0.054360915 
255 96 14 17 0.054214228 
479 166 9 13 0.053592954 
718 152 14 17 0.052161384 
461 143 9 11 0.05154631 
180 207 10 12 0.051496614 
222 199 12 15 0.05094272 
556 155 13 18 0.050444793 
71 192 11 12 0.048463862 
636 257 16 20 0.048294306 
160 220 13 17 0.047512215 
232 226 15 19 0.04716615 
212 197 20 24 0.04701926 
882 184 30 34 0.04577568 
370 173 9 11 0.045334812 
296 182 11 13 0.045098796 
7 138 10 14 0.0441562 
139 219 13 16 0.043691948 
811 144 15 17 0.043589287 
421 178 12 16 0.043027047 
57 259 16 23 0.042888485 
170 190 9 11 0.04249568 
471 140 10 12 0.041670628 
24 208 9 12 0.04153984 
113 128 9 12 0.041339304 
268 187 10 12 0.041281715 
655 279 41 57 0.041191384 
169 183 7 10 0.041188728 
219 453 31 32 0.04072539 
466 250 19 24 0.04069854 
28 269 11 15 0.040564023 
914 105 9 12 0.040510815 
190 172 8 11 0.040419333 
442 198 20 25 0.040378943 
391 192 12 14 0.04030995 
229 196 11 14 0.039679416 
40 265 21 28 0.039132297 
1011 174 12 19 0.03900122 
71 150 11 16 0.038830303 
334 177 10 13 0.038720097 
303 173 11 14 0.038503494 
10 219 11 15 0.03827055 
247 175 9 11 0.03775698 
908 140 16 20 0.03747743 
208 173 9 11 0.03741164 
21 231 12 13 0.037053466 
991 171 23 28 0.03686548 
290 211 13 17 0.036810156 
101 196 9 11 0.03667729 
846 216 22 35 0.036480498 
638 253 23 33 0.03641937 
226 187 11 13 0.036363885 
143 226 13 17 0.036352873 
95 223 14 17 0.03629677 
79 214 8 11 0.035885103 
351 168 8 11 0.035835974 
26 332 49 64 0.035714522 
153 194 11 14 0.035250016 
618 410 22 29 0.034875605 
912 132 22 28 0.034811094 
300 178 12 15 0.034769315 
992 176 14 17 0.034759864 
510 102 15 17 0.03413383 
224 159 8 10 0.03412283 
208 199 13 17 0.03406644 
253 232 21 25 0.033945456 
196 241 16 21 0.033756375 
937 116 10 12 0.03364772 
20 198 9 11 0.0335645 
498 156 13 17 0.03334812 
1000 156 11 14 0.03298065 
692 141 10 14 0.03288762 
723 414 26 29 0.032884315 
877 202 30 39 0.032566167 
234 218 16 20 0.0325164 
28 266 36 50 0.032456852 
450 147 10 13 0.032342914 
30 209 9 11 0.032337766 
96 183 8 11 0.032225378 
80 222 9 12 0.032188978 
396 185 13 17 0.032184217 
34 467 41 35 0.032158256 
394 181 10 13 0.03202627 
406 158 10 11 0.03168594 
1015 143 11 17 0.03147756 
15 193 8 10 0.031428374 
512 162 15 18 0.031185742 
128 192 9 12 0.031087173 
762 193 27 39 0.030890167 
425 171 11 15 0.030888448 
737 21 16 21 0.030467696 
25 242 12 17 0.030211555 
179 213 14 17 0.030183053 
632 268 38 51 0.029460521 
485 201 13 19 0.029362597 
868 161 13 18 0.02931242 
45 200 9 11 0.028976811 
453 154 13 15 0.02881829 
88 220 10 14 0.02868133 
101 207 12 14 0.028651409 
246 227 20 26 0.028509267 
97 206 11 14 0.027236652 
109 216 21 25 0.027065989 
228 230 19 26 0.026998628 
110 61 10 13 0.0269053 
192 184 10 12 0.02676604 
284 219 14 17 0.026745608 
16 197 9 11 0.026732385 
430 177 13 17 0.026692837 
842 197 24 32 0.026689816 
438 169 10 13 0.026405992 
418 188 14 19 0.026395163 
510 186 17 20 0.026243618 
300 281 16 21 0.026169306 
903 179 15 19 0.02600668 
64 204 11 13 0.025996363 
124 200 19 23 0.025996352 
255 217 12 15 0.025931487 
375 204 23 30 0.025686331 
515 168 14 18 0.02567364 
229 164 9 12 0.025487177 
370 187 14 17 0.025474215 
644 410 13 18 0.025412502 
112 195 18 23 0.02539266 
983 289 30 42 0.025333032 
369 169 8 11 0.02523449 
24 217 12 14 0.025174867 
563 155 11 15 0.024971593 
419 696 23 33 0.024954788 
603 141 15 20 0.02492216 
407 194 13 18 0.024896158 
312 142 9 11 0.024723468 
655 230 34 39 0.02471257 
1012 215 12 20 0.024495203 
71 216 8 11 0.024447123 
87 176 8 10 0.024230164 
6 210 10 12 0.024114624 
132 198 10 13 0.023913594 
609 429 18 21 0.02384772 
182 190 9 11 0.023794873 
549 185 12 18 0.023630284 
175 185 8 11 0.023616595 
55 256 12 15 0.023554496 
449 158 11 13 0.023466209 
628 248 26 33 0.023221366 
643 252 41 55 0.0231955 
715 119 11 15 0.023029575 
581 154 13 17 0.022996768 
5 190 9 11 0.022941718 
4 237 13 17 0.02285578 
208 192 10 13 0.02277994 
53 207 9 13 0.02269984 
350 192 15 19 0.022571351 
69 220 9 12 0.022501282 
655 147 12 15 0.022421798 
134 105 12 17 0.022399103 
459 147 10 14 0.022308229 
838 180 24 32 0.022304643 
447 166 9 12 0.02228576 
631 169 16 22 0.022245897 
383 167 9 11 0.022243533 
148 222 13 17 0.022234201 
344 189 11 15 0.0219567 
944 260 25 29 0.02184168 
636 398 12 16 0.021813922 
29 274 13 16 0.021704854 
695 137 9 11 0.021642547 
704 130 12 14 0.021458458 
443 180 12 16 0.02141983 
246 182 18 23 0.021302914 
963 348 30 48 0.021288052 
272 196 11 16 0.021079488 
905 126 11 13 0.021043397 
0 239 10 15 0.020922441 
285 138 11 14 0.02086451 
322 195 16 20 0.020840442 
61 255 12 15 0.020830594 
922 145 13 16 0.020702409 
475 138 13 15 0.02070095 
783 197 20 27 0.020632954 
516 182 16 19 0.020611545 
345 170 9 11 0.020547645 
453 163 10 12 0.020450994 
526 140 13 15 0.020434767 
207 181 9 12 0.02042569 
586 144 22 32 0.020366138 
927 251 14 18 0.020285748 
79 208 8 11 0.020242866 
198 205 10 14 0.020239018 
452 173 11 13 0.020204676 
126 211 19 24 0.020008232 
