2_Demonstration_Protesters_2_779
68
1 343 120 147 0.99993765 
611 232 30 36 0.9984658 
549 396 86 104 0.99675685 
726 366 74 90 0.9789929 
976 417 42 56 0.9789685 
699 433 22 34 0.9081437 
108 418 53 72 0.8360164 
450 353 26 34 0.49172035 
924 411 22 28 0.42740536 
418 353 16 21 0.40275884 
437 339 15 20 0.31614375 
613 351 45 54 0.27459747 
842 406 41 45 0.13785309 
400 350 38 49 0.11675741 
914 392 39 51 0.114328645 
53 393 96 108 0.11348632 
396 369 31 40 0.092411794 
639 261 22 28 0.08057899 
491 291 28 33 0.07887359 
422 346 37 49 0.06999112 
655 419 42 58 0.059924092 
359 676 56 52 0.055059373 
386 447 18 24 0.054598182 
631 216 15 18 0.050596543 
903 395 14 19 0.048876178 
233 442 12 16 0.046475496 
949 402 26 37 0.044138797 
274 385 18 19 0.04377202 
407 341 28 33 0.04157454 
489 299 42 53 0.04139827 
910 413 25 36 0.035972036 
690 419 38 54 0.034842584 
604 344 40 45 0.034016475 
245 383 12 14 0.033899523 
404 340 15 17 0.033649553 
504 298 16 19 0.03292814 
835 355 56 72 0.032695334 
884 402 12 17 0.032272328 
426 344 16 21 0.03181798 
858 343 16 19 0.031794026 
917 379 13 15 0.029213881 
544 -74 424 506 0.027999759 
956 508 30 37 0.026968181 
945 524 80 123 0.02695055 
873 417 15 21 0.026296819 
632 370 18 25 0.02587153 
320 685 57 55 0.025584025 
865 422 18 21 0.025200972 
624 238 26 32 0.025178514 
668 425 26 36 0.024767822 
419 367 16 22 0.023338016 
622 377 34 47 0.023116648 
680 429 27 37 0.02293022 
-12 28 99 172 0.02264234 
112 386 57 74 0.022516962 
707 399 52 67 0.022436092 
339 502 97 121 0.02214331 
854 393 37 46 0.021927752 
503 498 16 18 0.021566166 
754 363 89 103 0.021432865 
507 46 16 20 0.021371845 
425 359 14 20 0.021348936 
465 360 18 23 0.02134119 
931 405 14 18 0.020716842 
952 416 27 38 0.020456742 
683 231 14 19 0.020315237 
685 209 13 18 0.020288138 
980 362 42 57 0.020034794 
