2_Demonstration_Demonstrators_2_567
30
535 51 69 83 0.99893767 
699 60 56 79 0.99799985 
431 122 45 55 0.9918577 
900 39 47 99 0.92015666 
75 94 37 49 0.7691305 
245 94 48 55 0.17584695 
857 303 172 236 0.14788717 
197 75 40 56 0.12707798 
90 486 16 21 0.07688085 
20 115 25 31 0.071653314 
925 48 59 91 0.071150616 
250 112 49 65 0.061947573 
97 92 16 20 0.060213994 
233 120 49 68 0.058632374 
953 61 61 90 0.056199245 
212 81 48 63 0.051802497 
68 102 29 34 0.051374875 
630 122 47 57 0.048575133 
62 107 15 20 0.048538644 
91 96 18 23 0.04151028 
273 101 40 47 0.036006205 
742 709 33 32 0.03184856 
196 305 13 17 0.031428162 
54 64 71 98 0.027217694 
28 152 41 60 0.025492059 
115 32 16 18 0.02353913 
12 546 21 35 0.02306259 
98 18 15 19 0.021715244 
275 123 36 46 0.020493459 
728 762 58 49 0.020138873 
