2_Demonstration_Demonstration_Or_Protest_2_54
266
443 133 37 46 0.99907553 
985 230 31 39 0.9982963 
731 164 31 39 0.99733835 
106 161 24 31 0.9972493 
775 136 34 41 0.99659806 
195 57 18 24 0.9910199 
240 149 30 40 0.9902968 
323 206 41 48 0.98980814 
171 111 19 23 0.98526174 
567 152 21 27 0.98091024 
670 136 26 29 0.97882515 
858 130 41 53 0.9565041 
372 92 14 18 0.9488972 
171 148 23 29 0.9359923 
132 152 23 30 0.9334207 
317 154 21 25 0.9155822 
532 151 19 24 0.9090374 
181 174 21 28 0.9007022 
401 169 18 23 0.89720017 
267 143 19 25 0.894555 
576 202 31 43 0.89325434 
613 163 19 22 0.8602552 
506 143 20 23 0.855883 
102 89 24 27 0.85504556 
643 155 17 21 0.7645668 
362 177 17 22 0.7642478 
271 192 23 31 0.69303674 
254 146 25 33 0.67056453 
117 155 24 32 0.64877486 
631 92 11 14 0.6427909 
242 117 14 18 0.52904904 
690 163 24 28 0.5049734 
126 96 14 20 0.44158626 
554 172 14 19 0.33459353 
622 126 13 16 0.31411907 
436 26 13 15 0.29363304 
613 101 11 13 0.25542378 
581 329 47 55 0.2374282 
379 68 11 13 0.22974834 
596 93 10 13 0.20747589 
650 182 17 23 0.20075803 
201 133 17 22 0.1981415 
492 55 10 13 0.17996447 
381 165 14 18 0.16803393 
592 95 10 13 0.16309121 
487 10 10 13 0.15254602 
638 160 15 18 0.1519833 
906 147 22 31 0.14789183 
715 158 18 24 0.1342823 
599 155 14 17 0.13151023 
490 58 14 18 0.12651333 
9 429 45 42 0.12366389 
565 205 26 35 0.12186637 
1003 193 21 33 0.120494775 
535 124 11 13 0.11361656 
313 14 11 14 0.1132123 
724 137 17 21 0.10901483 
700 166 23 31 0.10710157 
486 32 9 11 0.1063403 
718 206 23 28 0.100709125 
477 164 24 28 0.09833006 
-7 417 114 73 0.09405589 
586 195 19 22 0.09252698 
556 126 9 12 0.09032182 
583 94 11 14 0.09028632 
356 162 23 32 0.08948068 
403 117 10 13 0.08542434 
519 39 8 9 0.084377006 
395 61 12 15 0.08307783 
508 27 12 15 0.08027337 
510 22 10 13 0.07996854 
436 34 15 18 0.07771067 
601 142 11 14 0.07511784 
559 69 11 13 0.07201888 
613 129 13 17 0.07096883 
357 159 15 18 0.070935525 
144 162 14 18 0.06950815 
147 230 31 40 0.068150684 
652 109 10 12 0.06799733 
283 166 11 15 0.06369167 
581 53 8 11 0.062228028 
608 134 11 14 0.05917183 
57 657 32 30 0.058996487 
583 88 8 10 0.058496375 
661 164 12 17 0.05781943 
364 114 10 12 0.05659319 
559 157 21 28 0.056044422 
278 169 14 18 0.056025445 
147 136 15 19 0.05572607 
10 388 76 57 0.05403997 
893 143 24 29 0.053730626 
496 112 12 16 0.053504903 
622 24 9 10 0.05319421 
512 3 11 13 0.052626867 
602 148 15 18 0.052378584 
726 142 21 25 0.05217155 
623 107 12 16 0.05200076 
276 188 15 19 0.051433656 
358 171 35 48 0.051197298 
21 441 49 43 0.050133124 
513 150 15 19 0.04969831 
554 103 10 14 0.0478267 
718 148 14 19 0.047569726 
580 116 11 16 0.047197532 
704 176 24 31 0.045133024 
565 64 9 10 0.045090646 
512 36 9 11 0.044650752 
479 31 10 11 0.044228837 
402 170 29 38 0.042967472 
-5 401 66 57 0.042792555 
392 43 11 12 0.04215071 
611 137 13 17 0.042054128 
397 102 9 12 0.041881282 
558 75 11 13 0.041823715 
415 0 13 11 0.041073408 
628 164 12 17 0.04027925 
634 98 11 15 0.039705545 
694 158 15 20 0.038899716 
719 169 36 47 0.038323186 
230 137 15 20 0.037898667 
715 131 13 19 0.037773907 
170 152 36 46 0.03775982 
533 143 14 18 0.037613753 
503 151 15 19 0.037473593 
392 99 11 14 0.03731281 
455 30 11 14 0.03690359 
195 118 21 29 0.036480606 
397 55 11 14 0.036245752 
230 216 32 42 0.03602566 
470 27 10 12 0.035887375 
471 22 10 12 0.035813242 
198 107 20 28 0.035804268 
875 139 33 38 0.035351433 
333 39 9 12 0.03520815 
345 94 9 12 0.035204966 
648 170 22 28 0.035026718 
740 157 16 17 0.034859493 
326 64 10 13 0.03464886 
583 109 10 14 0.03446916 
649 160 16 19 0.034447603 
669 217 16 21 0.033848666 
488 21 10 12 0.033813428 
332 6 11 13 0.033674803 
312 211 35 39 0.033620894 
475 22 11 12 0.033449672 
539 119 11 14 0.03328043 
18 404 132 113 0.03321428 
668 127 13 16 0.03304336 
441 69 12 14 0.032498047 
389 165 21 26 0.03198815 
487 60 21 31 0.03198762 
669 153 15 18 0.03167902 
366 64 9 11 0.031645745 
472 15 10 13 0.030972065 
608 107 12 14 0.030592598 
342 175 39 53 0.030561483 
221 113 14 20 0.03033789 
264 161 24 29 0.029703436 
552 129 12 16 0.0295967 
609 126 11 14 0.029571773 
399 43 11 14 0.029530544 
578 47 7 10 0.029312124 
535 42 11 13 0.029244715 
614 121 18 24 0.029217826 
344 133 11 13 0.02888994 
437 15 11 14 0.028710963 
511 114 10 13 0.02864863 
257 165 17 22 0.028582782 
593 63 8 10 0.028188314 
575 39 7 10 0.028159311 
465 22 9 13 0.027985979 
381 73 11 14 0.027933126 
495 23 8 10 0.027887307 
478 13 11 13 0.027806643 
592 187 19 23 0.027756555 
631 23 9 12 0.027616236 
670 151 25 31 0.027540421 
462 29 11 14 0.027520113 
576 121 12 15 0.02722079 
610 148 14 17 0.027086074 
303 158 10 13 0.026949277 
507 134 16 20 0.026739448 
729 157 24 31 0.02657703 
535 32 9 11 0.026575975 
713 172 18 24 0.026535884 
702 221 12 15 0.026387326 
204 98 16 21 0.026170611 
591 88 9 11 0.026118867 
621 116 14 18 0.026075553 
478 35 13 15 0.026050307 
504 24 11 13 0.026003223 
581 219 35 42 0.025824765 
370 162 20 26 0.025810964 
291 181 12 17 0.025754036 
1004 458 13 18 0.025537092 
607 116 12 14 0.025452867 
667 133 18 22 0.025374161 
384 175 40 51 0.025238495 
492 80 12 16 0.02511901 
533 129 13 17 0.02504185 
848 135 24 32 0.024958747 
624 14 10 11 0.024856703 
398 150 14 17 0.024678895 
994 271 16 21 0.024534982 
571 38 7 9 0.024506075 
504 34 11 13 0.02445373 
551 53 10 11 0.02438313 
383 5 8 10 0.024358628 
709 203 17 22 0.024332764 
295 132 11 14 0.024191925 
232 142 26 36 0.024159266 
379 87 11 14 0.024100827 
431 13 12 14 0.02387039 
661 156 13 18 0.0238061 
313 160 13 18 0.023708658 
377 8 8 10 0.023662798 
512 15 9 11 0.02345617 
649 103 10 14 0.023249136 
1003 265 17 19 0.023244144 
141 139 23 30 0.023243003 
630 10 12 14 0.023241853 
333 70 9 11 0.023049079 
501 154 24 26 0.022980016 
278 177 19 27 0.022954345 
578 86 8 11 0.022881517 
403 154 15 18 0.022610363 
308 40 8 10 0.02260458 
600 77 10 12 0.022423068 
334 176 27 32 0.022419915 
613 180 25 31 0.022392863 
653 79 10 12 0.02237727 
368 181 17 21 0.022343831 
443 74 12 14 0.02232642 
974 230 27 36 0.022276998 
656 158 21 27 0.022114187 
995 491 13 16 0.021967007 
652 115 11 14 0.021946006 
711 127 12 16 0.021912346 
997 115 13 15 0.021793576 
345 88 8 10 0.0216278 
560 17 7 9 0.021623936 
274 28 9 12 0.021609211 
384 1 9 10 0.021532556 
729 213 16 23 0.02135499 
492 14 11 12 0.021231819 
540 44 10 12 0.021186395 
613 117 11 15 0.02114726 
502 15 9 10 0.021131543 
27 280 15 18 0.021048484 
557 53 8 10 0.020985702 
615 86 9 12 0.020976556 
96 158 25 29 0.020965513 
558 92 9 11 0.020819204 
616 22 8 11 0.020810125 
400 110 11 14 0.020704508 
639 118 9 14 0.020554412 
557 48 8 10 0.020520369 
970 68 7 10 0.020498447 
477 196 36 44 0.020421192 
708 161 16 21 0.020417375 
974 537 24 33 0.020232333 
518 21 9 12 0.020217026 
986 87 7 10 0.020177338 
1011 75 12 20 0.020157842 
18 651 14 17 0.02007479 
708 189 25 34 0.020068023 
