2_Demonstration_Demonstrators_2_518
82
89 255 58 79 0.9995782 
942 415 61 89 0.99829584 
978 261 44 64 0.9964965 
472 149 50 54 0.99589276 
620 414 55 61 0.99467117 
392 144 46 57 0.994325 
937 45 28 37 0.9873028 
759 51 30 43 0.97786874 
191 0 28 29 0.95958924 
699 146 32 43 0.9546828 
557 138 32 42 0.82873064 
195 297 33 57 0.7343536 
837 84 27 39 0.6238257 
235 195 35 62 0.5032581 
343 156 35 62 0.34426758 
579 135 47 55 0.258017 
605 133 32 41 0.2072112 
218 207 41 60 0.20563686 
741 128 32 43 0.20167817 
1005 633 19 33 0.17520165 
675 0 16 17 0.17250459 
294 161 49 73 0.14067347 
191 206 49 63 0.13995959 
153 282 41 61 0.13070624 
170 298 42 59 0.13064164 
772 266 36 42 0.12806761 
867 8 43 62 0.11438744 
286 280 42 50 0.11148786 
679 144 37 44 0.10684485 
1003 81 20 32 0.10418052 
811 80 41 48 0.0917921 
619 145 16 22 0.07632041 
723 127 39 53 0.06847837 
924 53 34 39 0.06696396 
712 140 32 46 0.0652335 
758 268 55 65 0.0533651 
525 186 48 64 0.049536303 
801 80 31 40 0.049478956 
176 481 45 74 0.049277175 
773 248 33 41 0.04790212 
955 122 15 19 0.046201732 
949 274 35 53 0.04242418 
372 153 48 64 0.04237855 
140 274 37 54 0.041908465 
376 450 30 33 0.04116668 
951 115 25 32 0.03424681 
116 270 47 63 0.031620156 
268 187 52 70 0.031108981 
773 56 30 43 0.03004328 
835 285 16 19 0.030032743 
547 434 27 37 0.030014034 
768 600 54 57 0.029914247 
738 49 41 51 0.02975401 
444 402 51 55 0.028490875 
137 296 33 57 0.02845046 
245 206 48 67 0.027239332 
713 96 30 37 0.02659049 
862 483 43 59 0.02637958 
275 258 45 56 0.026008427 
803 161 27 36 0.024690006 
33 372 57 69 0.024587154 
990 600 12 16 0.024519255 
205 304 37 62 0.024468452 
746 254 49 59 0.023858191 
743 273 85 106 0.023716541 
564 144 41 49 0.023572074 
932 548 32 45 0.02351426 
202 273 41 64 0.023461688 
570 89 14 17 0.022962617 
515 1 19 18 0.022891408 
769 630 32 37 0.021731244 
494 3 25 28 0.021442933 
275 474 46 79 0.021432132 
606 84 13 16 0.021423303 
905 35 39 54 0.021415217 
599 87 11 14 0.021380346 
513 95 44 55 0.021103786 
544 156 48 68 0.020961488 
217 46 36 47 0.020912535 
851 386 38 60 0.020792168 
544 443 44 59 0.020446645 
879 611 46 74 0.020222109 
