2_Demonstration_Demonstrators_2_41
87
390 368 102 167 0.9990671 
204 188 51 61 0.99840885 
822 494 46 60 0.9970482 
404 183 44 49 0.98093075 
954 502 44 56 0.9795929 
254 90 35 39 0.97892547 
633 442 40 54 0.96077764 
561 546 15 19 0.81652355 
888 513 13 16 0.4572241 
137 542 9 12 0.08919216 
873 540 28 37 0.07979151 
691 257 13 16 0.07771911 
542 485 14 17 0.07560515 
142 548 8 10 0.074560314 
523 515 14 18 0.07070794 
84 540 10 12 0.063407555 
822 340 16 18 0.057135247 
713 503 24 30 0.055858377 
744 559 10 11 0.047048803 
730 355 25 28 0.045044936 
892 506 35 52 0.044292636 
904 520 32 43 0.04332256 
756 505 26 39 0.04275139 
840 509 36 44 0.040743865 
51 557 13 15 0.04044864 
749 564 10 12 0.03993161 
532 556 11 13 0.037443362 
708 522 13 16 0.035526514 
543 548 10 13 0.03476927 
526 550 11 15 0.03385121 
513 550 9 12 0.033438805 
623 318 11 13 0.032876316 
588 271 13 17 0.032719355 
700 512 43 56 0.032688167 
603 311 13 15 0.03111245 
875 504 21 28 0.030851012 
809 520 38 46 0.030530697 
575 165 12 18 0.030267011 
484 499 13 16 0.030248985 
904 447 11 14 0.030237732 
758 431 29 39 0.029890124 
531 566 11 13 0.029731344 
807 404 12 15 0.029703297 
95 552 9 12 0.029685993 
594 294 11 13 0.028910087 
543 495 13 17 0.027992038 
495 511 9 13 0.027988063 
624 270 11 13 0.027242023 
703 511 27 31 0.02668147 
528 572 11 12 0.026669726 
47 562 13 16 0.026096758 
554 547 11 15 0.025914267 
952 425 26 29 0.025842967 
71 527 8 10 0.025842123 
620 346 17 20 0.025809923 
992 599 11 14 0.025185747 
857 509 30 37 0.025067322 
389 95 10 13 0.025031818 
54 549 12 15 0.024298865 
135 536 10 12 0.023909431 
539 487 23 28 0.023905644 
578 271 16 20 0.023749106 
803 398 23 30 0.023731748 
745 362 14 18 0.023333628 
829 336 25 32 0.023298483 
525 582 10 12 0.023170702 
566 508 15 19 0.023170458 
1005 251 16 20 0.02307685 
520 589 11 14 0.022881461 
177 598 9 13 0.022864226 
161 551 8 10 0.022646297 
516 553 13 15 0.022490742 
915 526 34 42 0.022410905 
854 440 11 13 0.022278944 
127 590 21 25 0.022202242 
868 508 16 20 0.022073606 
652 258 14 17 0.02200934 
892 502 23 36 0.022007743 
150 543 9 12 0.02194696 
945 467 54 68 0.021376505 
880 530 30 39 0.021221824 
112 545 9 11 0.02097682 
844 331 13 17 0.020675309 
526 543 9 12 0.020665426 
64 518 8 11 0.020515237 
678 277 14 18 0.020130683 
165 552 8 11 0.020041974 
