2_Demonstration_Demonstration_Or_Protest_2_895
448
673 333 32 41 0.9990446 
486 347 56 71 0.99867404 
627 338 32 40 0.9867822 
276 306 22 31 0.98322314 
803 304 24 28 0.966413 
138 272 15 18 0.9578232 
23 285 18 25 0.95262706 
67 283 17 22 0.9371321 
374 318 19 28 0.92553115 
198 272 13 18 0.865026 
610 281 13 16 0.8071762 
992 323 23 28 0.7907318 
414 279 14 17 0.785724 
926 310 11 14 0.7807114 
215 379 33 34 0.75732976 
967 305 15 19 0.7488275 
383 275 13 15 0.6718728 
341 280 11 14 0.6695768 
115 285 15 19 0.6340406 
426 311 15 23 0.62104225 
522 293 12 16 0.61794454 
53 270 13 16 0.60367095 
616 331 25 37 0.57376593 
299 310 15 22 0.49913326 
0 284 10 15 0.4390931 
729 279 9 12 0.4161288 
549 303 15 19 0.41140965 
48 298 21 27 0.38184592 
725 418 61 68 0.34584278 
297 292 15 18 0.32765114 
206 307 23 28 0.31787494 
749 299 15 19 0.3119513 
532 277 10 13 0.30119348 
369 268 9 11 0.27600363 
459 304 24 30 0.25907382 
259 291 13 17 0.25504088 
785 425 33 55 0.24330974 
303 331 14 18 0.23987947 
256 268 10 12 0.23058082 
44 418 95 99 0.22841801 
926 286 10 12 0.22401147 
836 294 10 12 0.22243752 
603 504 29 43 0.21365474 
328 292 13 15 0.20925249 
756 301 13 16 0.20843233 
870 325 12 15 0.1989137 
133 315 26 28 0.1930663 
466 302 14 17 0.19104315 
558 263 8 10 0.19071569 
194 256 9 10 0.17876461 
703 320 15 20 0.17765997 
155 283 11 15 0.17417066 
455 287 10 13 0.17339343 
675 274 13 15 0.16434297 
709 283 10 13 0.16209951 
211 299 14 18 0.16165857 
551 250 7 9 0.15793672 
338 314 14 18 0.1571982 
834 335 24 26 0.15389211 
364 366 20 27 0.14802732 
229 316 20 27 0.14748418 
302 274 12 14 0.14481154 
885 269 11 12 0.1404836 
290 308 18 26 0.13664798 
175 279 11 15 0.12535307 
452 305 14 19 0.12242385 
867 329 17 23 0.12138488 
564 284 14 16 0.12134099 
213 283 14 18 0.11918565 
472 260 10 11 0.118490405 
121 286 16 20 0.11823518 
299 285 14 17 0.11820106 
361 377 16 23 0.11811654 
526 254 8 11 0.11772489 
829 255 8 10 0.11771374 
749 296 11 14 0.11629449 
855 291 9 11 0.114823155 
667 261 10 11 0.11348256 
862 256 9 12 0.11303221 
437 333 22 28 0.1129937 
567 281 9 11 0.11214781 
336 284 13 16 0.10845355 
613 334 16 26 0.106791064 
788 356 12 16 0.106624864 
814 256 7 9 0.10624516 
535 292 11 14 0.105948925 
521 242 8 9 0.10540102 
462 312 14 18 0.10202766 
816 310 17 20 0.10189131 
66 309 14 19 0.10047259 
689 300 14 18 0.100169726 
803 333 24 33 0.09854999 
925 303 11 15 0.09837361 
338 335 24 30 0.09810175 
764 301 10 13 0.09795279 
579 351 29 35 0.094722874 
614 262 10 12 0.094275296 
574 265 10 11 0.09340355 
327 288 11 13 0.090795375 
881 268 9 12 0.09047754 
306 337 15 18 0.09000911 
489 260 10 12 0.0896023 
976 271 7 10 0.08744025 
566 357 39 51 0.08706148 
665 256 10 11 0.08521989 
275 291 15 18 0.08416694 
778 262 7 9 0.08224039 
211 290 15 19 0.080549404 
535 248 7 9 0.07921644 
147 276 14 17 0.07885652 
293 295 20 27 0.07780816 
407 265 11 14 0.077140786 
136 357 38 46 0.07691277 
603 337 39 50 0.0764871 
612 -4 435 524 0.075678 
921 292 11 13 0.07508238 
591 263 7 10 0.07341328 
178 279 14 19 0.07305069 
175 297 12 17 0.07299388 
403 418 52 68 0.0725352 
192 260 12 15 0.07191436 
668 298 11 14 0.07173638 
1014 302 10 15 0.071585394 
295 274 12 14 0.070498966 
857 260 10 11 0.0696556 
535 283 12 15 0.069246106 
294 270 10 13 0.06772121 
368 292 14 18 0.067616545 
395 301 14 15 0.06744112 
409 282 11 15 0.065823175 
232 90 24 32 0.065811984 
943 296 11 12 0.065758266 
302 254 9 12 0.06514548 
942 270 8 10 0.0650254 
830 299 14 18 0.063645124 
788 344 24 30 0.06315806 
864 364 55 50 0.06272453 
477 285 12 15 0.06256857 
336 320 22 28 0.06255106 
469 292 14 17 0.06251718 
451 344 16 21 0.062304333 
410 450 66 80 0.062013358 
215 310 23 30 0.061876085 
630 292 14 16 0.061597142 
476 308 12 14 0.06137393 
204 389 49 50 0.061277263 
269 291 14 17 0.06115235 
793 255 7 9 0.06081325 
785 361 11 16 0.06046547 
696 424 58 67 0.060032934 
783 353 21 28 0.05891199 
797 353 13 16 0.058835328 
47 294 16 20 0.058672365 
274 297 20 27 0.05837971 
310 300 11 16 0.05787815 
412 330 12 18 0.057471592 
861 287 10 12 0.05741691 
863 330 28 35 0.057392735 
826 364 34 42 0.057078995 
219 308 14 18 0.056258723 
467 321 13 18 0.055817448 
686 270 11 13 0.055774406 
148 345 31 45 0.055491865 
155 267 12 15 0.055397376 
897 312 9 11 0.05478442 
577 351 16 25 0.054600365 
421 348 12 18 0.054375082 
372 268 11 12 0.054189473 
27 400 50 73 0.054096352 
29 416 22 35 0.05373662 
631 247 8 10 0.05341654 
553 271 9 12 0.053239327 
404 337 17 23 0.05307414 
831 347 29 31 0.05280956 
903 315 10 11 0.05261558 
126 434 56 79 0.05255913 
308 270 10 12 0.052278195 
309 277 10 13 0.052254137 
439 265 13 16 0.051822465 
485 308 9 12 0.051598966 
558 290 14 16 0.05142093 
598 290 11 14 0.050841507 
801 297 42 49 0.050600566 
525 286 12 16 0.050258137 
550 275 10 13 0.050147407 
137 309 18 21 0.050104674 
47 271 15 20 0.050012708 
874 268 9 11 0.0497095 
766 278 10 11 0.04969648 
535 253 8 10 0.049487818 
711 256 9 12 0.049386505 
844 334 24 29 0.04914008 
557 269 8 11 0.047775146 
169 277 12 16 0.04776074 
319 284 10 13 0.04731641 
527 247 7 9 0.046929453 
709 312 11 14 0.046486743 
120 259 10 14 0.04642011 
532 298 13 16 0.046022054 
428 347 12 18 0.045978993 
220 300 13 17 0.045314636 
810 256 8 10 0.045097563 
412 344 15 22 0.044998668 
980 319 39 54 0.04486551 
946 323 14 16 0.044405445 
205 281 15 18 0.04440174 
669 280 17 19 0.044369865 
559 278 9 11 0.04430353 
462 314 25 34 0.04428632 
471 287 12 15 0.043911144 
799 278 9 10 0.043611918 
545 255 8 9 0.04332151 
566 380 13 19 0.043126367 
614 257 8 10 0.042829055 
1 288 14 18 0.042732168 
777 254 9 11 0.042539194 
590 267 9 12 0.04245849 
441 224 10 12 0.042381577 
415 287 14 18 0.041910645 
631 458 14 22 0.041857302 
1 256 9 12 0.041682642 
636 288 10 13 0.04135955 
635 301 11 13 0.041298673 
836 371 49 57 0.040839706 
803 350 16 20 0.04079384 
873 285 9 11 0.04077432 
242 346 25 33 0.040529415 
724 341 40 48 0.039829813 
805 316 26 36 0.039785605 
316 301 12 15 0.039607357 
206 371 25 36 0.0393913 
619 267 11 13 0.039282393 
638 269 10 13 0.03917051 
140 323 30 35 0.039165854 
258 354 13 19 0.03894727 
370 359 21 29 0.038837273 
294 265 9 11 0.038803093 
598 246 7 9 0.038641315 
686 251 11 13 0.038594317 
564 377 25 38 0.038559474 
848 285 10 13 0.038484327 
669 269 16 18 0.03839659 
414 252 9 11 0.038331237 
477 256 10 13 0.038275816 
610 261 9 11 0.038237274 
834 361 19 25 0.038137216 
444 226 11 14 0.03787865 
48 255 11 14 0.037842747 
535 308 11 14 0.037716374 
76 299 20 27 0.03765217 
951 268 9 12 0.03744408 
368 323 16 22 0.037237838 
699 323 22 29 0.0372113 
838 240 9 10 0.03720152 
56 270 17 21 0.0368883 
136 255 9 10 0.036825754 
862 335 15 20 0.03682146 
930 313 13 17 0.036787014 
846 281 9 11 0.03674588 
969 270 9 11 0.036726527 
196 96 25 34 0.036543615 
126 275 14 18 0.036343403 
461 293 13 17 0.036052164 
113 282 10 12 0.036028665 
765 362 16 19 0.03591743 
200 399 31 35 0.035578765 
738 351 41 49 0.03528229 
572 277 11 12 0.03523825 
608 257 8 10 0.035206016 
982 270 8 10 0.0350688 
975 293 11 14 0.03488078 
542 261 9 11 0.0346602 
253 348 15 20 0.034493178 
249 262 9 11 0.03445657 
799 292 12 13 0.03428913 
705 260 10 12 0.034260835 
907 311 11 13 0.033936054 
308 387 44 48 0.033846434 
412 318 19 28 0.03364642 
254 272 13 17 0.033293806 
450 190 8 10 0.033278942 
147 267 15 19 0.03323614 
324 307 14 17 0.033152528 
313 339 14 18 0.03267624 
61 311 22 28 0.032633737 
260 338 15 21 0.03261456 
193 267 13 19 0.032552235 
744 305 14 17 0.032451328 
920 311 19 22 0.03242807 
526 287 20 24 0.03236201 
763 338 12 17 0.03215842 
109 350 45 56 0.031632166 
218 90 44 51 0.031373125 
389 351 23 29 0.031295333 
655 260 9 12 0.031128751 
543 299 14 19 0.030946948 
404 323 16 22 0.030880075 
872 263 8 12 0.030842213 
672 385 44 62 0.030830676 
939 303 17 19 0.030742085 
1014 295 9 13 0.030547177 
759 361 28 34 0.030523967 
254 284 15 19 0.030171484 
808 350 43 52 0.030127816 
789 315 45 52 0.029983735 
820 300 23 28 0.029940583 
233 328 28 32 0.02992812 
269 298 17 21 0.029637855 
736 381 54 65 0.029593544 
849 262 8 10 0.029148685 
559 257 9 10 0.029107759 
424 340 21 28 0.029080184 
255 295 12 16 0.02897113 
777 248 8 10 0.028849376 
221 280 8 11 0.028783934 
388 282 11 15 0.028781174 
746 263 8 10 0.02867804 
429 262 10 13 0.028645825 
728 273 9 12 0.02852076 
316 380 28 35 0.028466215 
662 257 21 27 0.028433776 
819 378 17 22 0.0282573 
169 288 22 29 0.028127937 
226 307 13 17 0.027835015 
681 248 10 13 0.027700223 
197 296 26 31 0.02768244 
359 328 13 19 0.027502902 
127 270 12 15 0.027372072 
571 270 8 10 0.027302679 
717 255 8 11 0.02709144 
185 273 22 28 0.027082616 
624 294 13 14 0.02697492 
911 264 9 10 0.026933953 
364 119 10 13 0.026864642 
289 274 11 15 0.026754783 
253 348 22 34 0.02672234 
451 290 22 28 0.026556749 
102 346 36 43 0.026383966 
798 263 7 9 0.026321355 
593 360 20 23 0.026202988 
151 272 19 25 0.02610223 
426 317 20 31 0.026020002 
634 333 18 20 0.026010567 
460 408 46 62 0.025977703 
528 273 11 14 0.025795273 
920 299 13 16 0.025738072 
535 287 19 25 0.025733326 
764 399 45 71 0.025628122 
781 248 7 10 0.025567329 
46 259 21 27 0.025562957 
307 293 12 16 0.025519943 
473 312 15 19 0.025430549 
832 333 45 50 0.025198549 
920 287 18 22 0.025074363 
676 299 14 17 0.02473271 
317 307 13 17 0.024719682 
198 97 49 56 0.02466192 
580 310 14 18 0.024628649 
495 310 11 12 0.024470177 
999 446 27 52 0.024440002 
784 333 42 53 0.024431678 
302 261 11 13 0.02438329 
542 313 12 16 0.02433539 
885 299 10 12 0.024214616 
525 241 7 9 0.024171341 
429 206 8 10 0.024092022 
757 360 16 21 0.024061447 
306 307 14 20 0.024006423 
548 295 14 17 0.023948628 
943 275 9 10 0.02394725 
510 263 8 11 0.023859084 
945 299 13 17 0.023820976 
412 262 10 13 0.023819944 
325 331 14 17 0.023624478 
654 255 9 12 0.02359039 
916 270 9 11 0.023406317 
192 400 46 60 0.023291739 
588 314 15 20 0.023239933 
463 325 15 22 0.0230595 
481 279 10 13 0.022934815 
549 283 12 15 0.022915289 
932 302 12 14 0.022902403 
721 278 10 13 0.02274419 
310 263 10 12 0.022690192 
316 280 11 13 0.022661628 
704 279 12 14 0.022635508 
982 315 12 16 0.02258769 
991 262 7 9 0.02257926 
535 314 13 16 0.02254687 
164 340 23 40 0.022485353 
791 302 10 14 0.022424696 
589 257 9 10 0.02231717 
636 306 13 15 0.022313839 
693 248 9 11 0.022291973 
272 311 17 21 0.0222916 
0 403 11 19 0.022285463 
228 69 50 54 0.022173824 
128 264 21 26 0.022165978 
327 369 23 32 0.02215963 
569 263 9 11 0.022118935 
799 284 11 13 0.02208282 
512 247 8 10 0.022082232 
749 364 43 55 0.021922404 
247 256 10 12 0.021742338 
552 384 31 40 0.021679735 
725 277 18 24 0.02166002 
240 254 10 12 0.021541128 
333 331 16 21 0.02136791 
442 428 57 61 0.02133125 
632 275 10 13 0.021327984 
455 247 8 11 0.021318259 
640 240 7 9 0.021304242 
123 294 16 20 0.021226915 
868 301 10 12 0.021224517 
608 525 19 25 0.021219036 
541 276 11 14 0.021213258 
846 229 9 12 0.021197898 
625 253 9 10 0.021156345 
840 278 9 11 0.021105206 
794 261 8 10 0.02109731 
930 285 10 12 0.021088906 
258 291 22 27 0.021049822 
305 339 23 27 0.021032447 
446 274 10 14 0.020987678 
772 351 23 31 0.020909185 
719 271 9 11 0.020850752 
913 268 9 11 0.020742444 
50 280 17 22 0.020734156 
984 263 7 9 0.020696426 
607 514 13 20 0.020690845 
167 277 21 25 0.020667579 
396 401 43 64 0.020667221 
127 309 13 16 0.020609124 
864 281 9 11 0.02057631 
126 262 9 13 0.020574756 
644 308 12 15 0.02054801 
742 304 24 28 0.020539744 
736 229 9 11 0.020394383 
643 269 11 14 0.020382997 
333 343 17 19 0.020369563 
574 308 13 17 0.020284243 
35 275 15 20 0.020243911 
728 262 8 10 0.02018693 
140 262 15 18 0.020177374 
214 95 30 35 0.020165823 
621 276 11 15 0.020125533 
640 350 19 24 0.020065092 
414 351 24 31 0.020021217 
