1_Handshaking_Handshaking_1_380
64
673 -9 136 128 0.9979107 
835 -6 105 131 0.3514971 
245 56 14 19 0.34042934 
296 54 13 17 0.19143768 
467 288 53 62 0.14721586 
230 120 15 19 0.13971336 
681 638 20 25 0.1293131 
254 66 12 15 0.10355556 
327 48 9 13 0.09481286 
346 69 25 31 0.09424136 
347 66 16 21 0.08615014 
559 84 416 482 0.075791135 
248 153 442 499 0.070424564 
230 55 10 14 0.0615247 
291 55 22 26 0.05555113 
551 601 15 20 0.055344284 
232 115 25 28 0.05285571 
645 591 13 18 0.050784424 
594 606 17 22 0.046913262 
345 76 41 47 0.046898343 
652 584 21 27 0.04522129 
389 49 17 21 0.040839925 
722 -10 164 150 0.039636705 
495 27 30 37 0.039422452 
667 647 44 51 0.03810066 
334 51 11 15 0.03768923 
462 603 14 16 0.036010806 
339 57 21 28 0.03569348 
635 589 21 25 0.0345804 
541 628 13 16 0.034276154 
453 124 17 22 0.034209676 
667 590 16 22 0.03331966 
621 598 23 29 0.032875273 
239 54 14 17 0.031186204 
512 16 31 42 0.030922202 
615 579 13 17 0.030635959 
632 640 21 28 0.030481573 
338 52 14 17 0.029478174 
260 76 13 17 0.029001737 
257 235 113 108 0.028589625 
405 116 27 36 0.028245194 
329 45 21 27 0.027930656 
581 582 13 16 0.027563635 
627 11 51 68 0.027363492 
213 97 16 18 0.027326966 
518 629 47 54 0.027205061 
354 59 17 22 0.026941814 
320 45 20 24 0.02650699 
121 362 29 36 0.026289614 
355 64 25 32 0.025507525 
298 47 22 28 0.025380816 
224 117 14 18 0.025060005 
550 636 13 16 0.024675889 
88 109 8 11 0.023230925 
380 554 114 138 0.022981493 
204 100 15 16 0.022957833 
80 166 350 439 0.022168718 
683 4 13 12 0.021889674 
248 60 20 24 0.021641921 
659 579 24 30 0.02102632 
619 651 13 18 0.020772457 
333 66 15 21 0.020718627 
535 382 47 52 0.020637954 
613 654 17 23 0.020292467 
