1_Handshaking_Handshaking_1_733
24
768 124 140 191 0.99934655 
474 208 63 86 0.9992107 
185 75 126 224 0.9928415 
318 184 82 145 0.9884073 
257 135 111 183 0.6267314 
83 87 118 196 0.12281572 
355 6 27 33 0.05373577 
133 68 115 213 0.05169867 
425 72 9 11 0.041934457 
34 154 124 132 0.037358586 
431 38 8 9 0.03301348 
372 13 11 14 0.032780908 
380 0 11 10 0.030790564 
441 73 7 10 0.029574666 
462 86 8 11 0.028787216 
613 474 48 49 0.027298057 
406 7 11 12 0.025223127 
480 71 9 11 0.025082624 
363 13 14 16 0.023416612 
410 73 8 9 0.0222512 
375 3 12 13 0.022196552 
463 71 8 10 0.021685077 
345 22 8 11 0.0213712 
458 87 8 10 0.020336594 
