1_Handshaking_Handshaking_1_781
26
387 204 190 229 0.99925834 
715 352 178 232 0.9986545 
23 307 99 155 0.9909746 
-17 387 404 478 0.25684717 
656 500 61 79 0.13260317 
621 492 16 21 0.09089659 
579 1286 97 99 0.08527958 
624 389 378 503 0.069268264 
652 515 34 50 0.060408607 
26 57 364 470 0.05736959 
372 902 64 70 0.05685898 
544 1165 162 226 0.04028606 
320 89 287 392 0.0369433 
346 1386 198 174 0.036098976 
629 534 25 31 0.035792693 
663 459 105 132 0.03103754 
625 5 28 32 0.03001003 
668 566 242 275 0.026682025 
637 527 31 41 0.02626103 
126 579 240 230 0.025929702 
458 537 36 36 0.02538236 
620 483 28 34 0.024873571 
195 587 152 136 0.022522204 
643 481 57 73 0.022006862 
189 651 147 139 0.02031653 
-13 209 159 274 0.020072967 
