1_Handshaking_Handshaking_1_579
1015
623 234 27 35 0.9996063 
586 250 27 36 0.9995265 
649 278 31 41 0.9994154 
78 363 30 33 0.9984738 
146 313 30 41 0.99829286 
942 426 34 46 0.9982822 
169 283 26 29 0.9980235 
497 405 34 46 0.99745756 
530 313 27 33 0.9973023 
635 195 24 31 0.9970349 
750 305 28 34 0.9967397 
383 279 24 31 0.9965838 
676 364 33 42 0.9964812 
583 319 34 41 0.9962082 
777 354 28 38 0.9957015 
469 349 28 37 0.9951556 
882 272 30 39 0.9949202 
892 173 24 31 0.99281 
860 257 24 33 0.99225277 
272 215 25 32 0.991577 
307 258 22 28 0.9908103 
531 195 21 28 0.9886037 
530 239 19 25 0.98706776 
789 410 33 42 0.986072 
237 195 24 31 0.9859584 
595 419 34 42 0.984064 
396 381 32 39 0.98309636 
499 202 18 23 0.9829642 
440 309 24 33 0.9821552 
859 343 33 43 0.9812744 
908 147 18 23 0.97887796 
443 132 14 18 0.9776219 
243 147 18 23 0.9772167 
644 170 18 22 0.9746115 
736 144 17 21 0.9739943 
1004 230 20 32 0.96808684 
647 126 14 17 0.96792936 
378 177 17 22 0.965638 
33 162 19 23 0.9646519 
88 211 21 27 0.9643091 
886 143 17 21 0.9637761 
798 137 14 19 0.9621957 
587 205 20 25 0.9603085 
265 145 16 20 0.95858115 
494 285 23 29 0.95789504 
35 116 15 20 0.95394933 
485 160 19 21 0.9535537 
131 152 20 24 0.9529543 
174 244 21 25 0.94976836 
150 205 22 27 0.9493628 
126 129 16 21 0.94312483 
799 219 26 31 0.93927133 
303 77 10 13 0.93109155 
780 203 15 22 0.93047976 
522 129 15 19 0.9294181 
27 204 22 29 0.9278225 
5 259 18 24 0.926551 
839 138 16 21 0.9261548 
564 142 14 17 0.9229067 
387 75 13 16 0.9211082 
949 160 16 22 0.91518474 
874 235 24 32 0.91225106 
180 313 29 35 0.91158813 
765 152 14 21 0.91022646 
615 98 11 15 0.9095842 
1006 135 17 23 0.8990146 
741 188 22 28 0.89891124 
220 181 18 23 0.8987656 
729 111 14 18 0.89216477 
418 333 29 37 0.89055437 
73 188 19 24 0.8891595 
568 187 19 24 0.8823523 
927 107 13 16 0.87752396 
277 308 23 27 0.87469643 
678 94 12 16 0.8728779 
830 242 22 27 0.86856717 
465 226 17 21 0.8672795 
310 153 14 18 0.8667656 
475 134 12 16 0.8629495 
977 191 21 25 0.8604609 
721 160 17 21 0.85871583 
827 111 14 18 0.8582756 
510 117 12 15 0.85488135 
121 254 21 25 0.8289376 
622 119 12 16 0.8241884 
256 395 23 29 0.8187994 
574 77 12 15 0.81775135 
990 105 11 16 0.79651564 
425 99 11 14 0.7954427 
838 513 23 39 0.79385763 
961 109 14 17 0.7875117 
303 102 10 13 0.7660228 
145 86 11 14 0.7620001 
200 231 19 25 0.7577836 
170 119 14 17 0.7552892 
8 114 12 16 0.75320554 
73 326 24 31 0.749259 
322 344 31 36 0.74487114 
244 123 11 16 0.73699707 
663 187 19 26 0.7333812 
780 123 13 18 0.7311653 
869 154 13 16 0.7166023 
402 152 15 18 0.7107915 
649 145 14 17 0.71010536 
271 113 13 16 0.70999104 
423 152 12 16 0.70567775 
847 120 14 17 0.6903396 
191 150 16 21 0.6854732 
870 183 17 21 0.6843227 
591 98 10 13 0.68140304 
707 92 12 15 0.6811928 
904 96 11 14 0.6671781 
190 195 24 26 0.6663245 
678 127 14 16 0.6638738 
418 66 10 13 0.6592271 
455 165 15 19 0.6580901 
708 129 13 16 0.64862084 
697 78 11 13 0.64418906 
326 206 19 27 0.643052 
101 117 13 17 0.6414898 
397 98 10 13 0.641345 
28 256 16 22 0.6369337 
21 193 17 19 0.6305392 
886 479 43 54 0.6298449 
364 199 18 25 0.6268869 
102 184 15 20 0.6057611 
371 258 20 27 0.60084164 
1 295 22 31 0.58929354 
59 280 14 18 0.5848478 
554 164 15 18 0.5769714 
603 166 12 15 0.53791714 
457 117 10 14 0.5370319 
356 102 11 15 0.5316822 
335 95 11 13 0.52694845 
833 177 15 21 0.52550125 
745 69 12 14 0.5242815 
771 160 15 20 0.5155353 
71 160 23 25 0.5120271 
473 80 10 13 0.509856 
947 142 14 17 0.49786365 
0 186 11 17 0.4798735 
374 94 11 14 0.47543547 
543 115 14 17 0.46815085 
638 101 11 14 0.46385425 
613 71 10 13 0.45973212 
318 293 23 26 0.4581556 
340 71 12 14 0.4445331 
640 82 11 13 0.4438841 
953 211 14 18 0.42683926 
112 310 18 21 0.42383516 
294 60 9 11 0.41896495 
444 223 13 17 0.41545445 
358 173 13 17 0.4143723 
453 81 9 11 0.41422844 
229 142 13 18 0.4015746 
836 207 14 19 0.3986842 
279 133 11 14 0.39386275 
660 66 11 14 0.39345148 
919 180 14 21 0.38771728 
967 164 15 19 0.38661897 
328 303 25 28 0.386543 
21 130 13 16 0.38231602 
757 253 25 32 0.3809713 
133 108 12 16 0.3612478 
264 182 20 25 0.3581279 
341 117 11 13 0.34508735 
349 72 11 13 0.3447622 
363 140 12 16 0.33625624 
230 246 22 27 0.33583286 
419 200 15 18 0.32486752 
790 78 13 16 0.32473615 
819 167 16 22 0.32207856 
666 132 11 15 0.3201584 
679 138 12 16 0.31851757 
250 106 10 13 0.31833473 
954 185 15 18 0.3164213 
402 212 15 20 0.31431946 
183 119 11 15 0.31119573 
617 178 14 19 0.305059 
478 111 12 14 0.30146015 
367 301 14 18 0.29954278 
374 253 14 19 0.2992249 
175 91 10 13 0.2915396 
866 82 12 16 0.28628302 
70 154 17 20 0.27875206 
996 363 26 38 0.27629265 
389 125 11 14 0.2755366 
782 74 13 17 0.27476835 
559 232 23 30 0.27475974 
826 283 24 28 0.27240524 
822 154 14 18 0.269138 
296 130 13 17 0.26900923 
165 191 16 20 0.26231366 
9 394 28 32 0.2536556 
547 90 13 16 0.25207385 
173 298 28 36 0.2487449 
335 116 10 13 0.24286324 
926 295 17 21 0.24026401 
354 243 15 20 0.24016395 
446 380 20 27 0.2386168 
477 95 9 11 0.23334989 
163 178 17 23 0.23288047 
263 334 25 30 0.2319825 
450 276 14 17 0.23115796 
78 267 14 18 0.22917749 
361 127 9 12 0.22879037 
325 155 15 18 0.22576624 
85 265 15 20 0.224519 
515 357 23 28 0.22290787 
397 235 13 17 0.22227134 
215 385 21 33 0.21560735 
1000 336 20 29 0.21261546 
375 410 26 40 0.20938541 
532 156 13 15 0.20878859 
783 104 13 17 0.20591545 
863 154 13 16 0.2047275 
585 92 12 15 0.20203443 
323 133 13 16 0.2010725 
695 117 11 14 0.20073843 
609 142 10 13 0.19947083 
840 514 38 55 0.19762123 
11 291 24 32 0.19728006 
654 456 25 42 0.19634856 
702 85 11 13 0.19604076 
532 148 14 17 0.19583607 
292 340 21 29 0.19519244 
91 263 16 20 0.19062793 
419 329 20 23 0.18911704 
473 63 9 11 0.18853994 
357 96 9 12 0.18828058 
668 221 13 17 0.18491411 
709 189 16 19 0.18161955 
381 48 8 10 0.1784529 
40 257 15 19 0.17387578 
693 156 12 15 0.17335856 
819 139 14 17 0.17222545 
471 249 14 18 0.17147356 
548 111 11 13 0.17030486 
820 148 14 18 0.16910751 
451 136 13 17 0.16895892 
404 257 14 19 0.1689525 
62 217 14 21 0.16638312 
504 156 12 16 0.16589211 
794 310 23 30 0.16300291 
365 230 16 22 0.16137134 
201 80 10 12 0.15543638 
431 286 14 16 0.15450929 
739 201 21 27 0.15403534 
322 329 27 34 0.15298745 
972 86 11 13 0.15011671 
165 110 10 12 0.14959513 
125 223 16 21 0.1492647 
469 101 10 12 0.14867507 
264 91 10 13 0.14792648 
249 281 20 27 0.14785875 
529 133 14 17 0.14737879 
90 386 23 27 0.14707744 
161 103 9 12 0.14691404 
933 186 14 17 0.14677967 
78 339 26 31 0.1467465 
702 150 12 15 0.14542186 
361 131 11 15 0.14373405 
651 190 19 28 0.14334418 
404 144 10 13 0.14242065 
189 320 28 36 0.14162152 
380 53 9 11 0.14131092 
537 60 9 12 0.13926525 
67 211 14 20 0.13782348 
461 110 11 14 0.1375518 
583 131 12 15 0.13732156 
522 101 10 12 0.13722742 
805 204 14 18 0.1366507 
828 172 15 19 0.13603452 
589 88 9 12 0.13579585 
74 174 23 27 0.13421883 
162 316 31 36 0.13398817 
317 305 18 21 0.13106069 
354 232 21 27 0.12841168 
80 121 14 18 0.12723975 
393 96 11 13 0.12681256 
453 385 22 28 0.12662093 
298 192 21 25 0.12601824 
520 79 10 12 0.12599733 
511 368 26 30 0.12510447 
21 42 23 30 0.12319746 
916 132 13 16 0.12291739 
352 156 11 13 0.12223034 
551 157 15 18 0.12167482 
895 92 9 13 0.12010593 
75 205 20 27 0.11992913 
491 251 16 20 0.1198909 
490 326 21 25 0.11987754 
375 133 11 14 0.11834643 
260 133 11 14 0.11714096 
564 119 10 12 0.11712891 
313 56 8 11 0.1164446 
386 31 8 11 0.11611886 
803 210 18 22 0.11579284 
7 367 24 31 0.11539229 
15 189 14 17 0.11534125 
582 85 11 14 0.11390324 
369 77 10 12 0.11274443 
742 215 15 18 0.11272491 
1001 83 11 13 0.11204581 
-2 321 20 34 0.11128443 
498 299 18 22 0.11051214 
560 118 9 12 0.10991995 
424 320 26 34 0.10892422 
6 385 23 31 0.10807166 
330 94 9 12 0.10758051 
846 166 13 16 0.10693958 
744 81 11 14 0.105637036 
445 100 10 13 0.10477384 
519 71 8 9 0.103285074 
923 255 22 29 0.10203168 
757 47 8 10 0.10090586 
35 290 23 29 0.09946794 
389 220 13 17 0.09925296 
358 146 12 16 0.09656445 
187 110 11 13 0.095582165 
861 310 23 26 0.09504803 
413 84 11 13 0.09381513 
26 402 17 22 0.09345028 
301 127 11 14 0.09341892 
116 84 12 14 0.09120939 
540 97 14 16 0.091170765 
759 109 11 14 0.09086394 
408 84 10 13 0.09062665 
225 103 9 11 0.090140626 
869 264 26 34 0.09010912 
624 164 12 15 0.089740194 
262 70 8 11 0.08904774 
414 47 8 11 0.088034496 
382 60 10 12 0.08787132 
854 149 13 16 0.08775694 
915 224 15 18 0.08716589 
600 114 10 13 0.08706816 
280 336 24 32 0.08675458 
415 103 9 12 0.086594716 
320 138 13 15 0.08625669 
880 468 35 46 0.086042084 
424 54 9 11 0.085976526 
17 260 21 25 0.08429533 
833 114 15 17 0.08429418 
373 72 10 13 0.08421239 
308 167 17 19 0.08398765 
229 101 10 13 0.08388826 
385 389 29 42 0.08369556 
312 30 7 9 0.08335216 
458 121 13 16 0.082956925 
257 71 9 11 0.08285501 
537 77 10 11 0.082620025 
871 248 31 38 0.08261153 
205 83 9 11 0.08232751 
94 82 12 14 0.08184727 
622 193 15 20 0.08154729 
375 140 10 14 0.08140576 
424 144 11 14 0.08106246 
677 108 11 13 0.0807897 
390 37 8 10 0.08065587 
836 69 11 14 0.07982938 
505 162 15 18 0.07929033 
620 94 10 14 0.07903807 
663 116 9 12 0.07898832 
287 78 10 13 0.07855674 
322 125 10 13 0.078474425 
431 343 19 26 0.07826526 
536 94 11 13 0.07818123 
99 259 16 20 0.07816501 
30 109 15 19 0.07814137 
712 47 9 11 0.07785224 
79 356 23 24 0.07741218 
250 93 9 12 0.07724589 
229 95 9 11 0.07648164 
542 78 10 11 0.07624234 
26 34 15 19 0.07606112 
801 232 20 26 0.07591667 
685 147 12 14 0.075888276 
954 477 28 36 0.07481888 
443 279 21 23 0.07480398 
643 107 13 15 0.07479705 
245 53 8 10 0.07445432 
354 265 17 22 0.07441932 
526 96 9 12 0.07392841 
612 146 11 13 0.07392469 
886 70 10 12 0.07324715 
672 112 9 13 0.073101066 
988 125 12 14 0.07280851 
764 132 12 16 0.072740264 
139 306 27 37 0.07159833 
85 78 12 15 0.07098268 
381 131 11 15 0.07076859 
441 93 9 13 0.070696354 
340 97 12 14 0.07057814 
108 258 15 20 0.070222855 
462 45 9 12 0.06878875 
434 282 20 23 0.06871079 
231 152 13 17 0.06865685 
752 53 10 12 0.06791208 
913 140 15 19 0.06710152 
557 225 16 20 0.067082725 
413 154 13 16 0.0668451 
851 169 13 18 0.06651568 
923 174 13 16 0.06644597 
65 275 18 23 0.065943964 
611 76 10 12 0.065357074 
5 292 13 19 0.06504515 
853 356 24 35 0.06495165 
703 139 13 17 0.06427681 
496 85 12 15 0.06376206 
677 118 11 13 0.063670166 
569 208 16 20 0.0631416 
133 52 9 11 0.06310836 
271 104 10 12 0.06307494 
775 70 11 13 0.06289001 
349 124 10 13 0.062496003 
325 314 28 32 0.061948977 
373 126 12 15 0.06151409 
790 292 21 27 0.061259776 
299 382 15 24 0.061221436 
734 102 11 14 0.0610322 
778 135 16 20 0.060365997 
435 252 15 19 0.060218144 
664 127 10 14 0.05977672 
-1 303 15 24 0.05948704 
62 401 21 29 0.059226934 
222 121 10 14 0.058900896 
228 184 22 27 0.05879708 
852 68 9 12 0.058280714 
889 91 10 13 0.057953157 
241 120 11 14 0.05778364 
867 170 15 18 0.05761744 
269 323 28 33 0.057367533 
108 111 12 16 0.05736551 
1008 164 12 14 0.05695153 
325 118 11 13 0.056880232 
671 192 20 29 0.056847513 
261 76 9 11 0.056429517 
703 64 8 10 0.056156196 
343 120 12 15 0.055829562 
569 197 16 21 0.055605765 
450 83 10 13 0.05550513 
409 47 10 12 0.055294506 
341 112 9 12 0.055237897 
190 133 13 16 0.054388355 
953 145 15 19 0.054190427 
555 93 10 12 0.053982593 
596 95 10 13 0.053916264 
249 89 8 10 0.05360829 
384 225 14 18 0.053495277 
500 277 15 18 0.05333937 
490 184 15 18 0.05297589 
407 102 9 12 0.052905943 
459 138 12 15 0.052524015 
465 103 11 12 0.05234949 
478 100 9 12 0.05210175 
336 358 19 24 0.05200897 
994 104 11 13 0.051981162 
568 102 10 13 0.051631935 
653 117 11 14 0.051231172 
351 94 11 14 0.050348755 
557 110 9 12 0.050239872 
769 149 17 21 0.04996532 
701 72 9 11 0.049932607 
19 283 24 30 0.049776964 
352 171 13 17 0.049706012 
963 210 14 19 0.04963525 
149 149 12 15 0.04959284 
983 142 11 15 0.049551055 
622 200 21 27 0.04951956 
451 315 23 29 0.049486652 
435 274 16 19 0.04946753 
748 63 12 15 0.049334172 
390 337 20 26 0.049067833 
322 45 8 10 0.048929326 
140 300 17 19 0.048759773 
403 239 14 18 0.048642192 
503 79 10 12 0.04831149 
305 117 10 13 0.048205774 
855 466 29 37 0.04789354 
126 102 12 15 0.047825646 
561 164 14 17 0.047797382 
669 137 13 16 0.047583852 
24 251 15 22 0.04741857 
655 407 24 26 0.047408514 
67 220 16 22 0.047387756 
711 351 16 20 0.047363944 
50 284 20 25 0.04734 
608 85 9 12 0.04729315 
622 111 11 14 0.04722975 
881 70 11 13 0.046964776 
871 426 30 39 0.04695006 
270 305 18 22 0.046787843 
302 421 14 18 0.046710253 
463 70 9 12 0.04658011 
192 209 24 29 0.046045084 
70 269 15 18 0.046021663 
781 53 9 11 0.046002734 
450 220 14 18 0.04576282 
589 117 10 12 0.04569593 
472 115 11 15 0.04559051 
781 95 11 14 0.045106165 
661 456 15 26 0.0449928 
276 136 13 18 0.04451172 
34 399 15 23 0.04444504 
484 132 11 16 0.04440787 
225 95 9 11 0.04427649 
430 55 10 12 0.044046007 
33 48 16 21 0.04403241 
776 107 11 14 0.043902498 
542 71 9 11 0.043893974 
180 88 9 12 0.04388131 
342 238 16 22 0.043791104 
684 200 17 23 0.043513905 
321 40 8 10 0.04344965 
356 324 21 27 0.04342005 
373 119 10 11 0.04319476 
863 501 44 58 0.04317639 
467 235 20 26 0.043035503 
568 109 10 12 0.042958617 
474 125 14 18 0.042714592 
958 279 13 19 0.04247215 
234 259 18 23 0.042244166 
365 190 14 18 0.042226203 
301 73 17 22 0.0420776 
454 211 14 17 0.041711453 
241 48 8 11 0.041480076 
190 140 14 17 0.04135399 
840 202 16 20 0.041319218 
831 204 14 19 0.04129069 
458 172 16 21 0.041120086 
654 111 10 13 0.04107469 
106 164 21 27 0.04088046 
503 141 11 14 0.040624138 
471 69 9 11 0.040579002 
776 166 16 20 0.040544875 
971 409 29 40 0.040456533 
398 47 9 10 0.040385533 
834 277 17 20 0.04024798 
696 73 10 13 0.040098585 
319 77 10 12 0.040033393 
145 191 24 28 0.039992012 
188 233 21 25 0.039666016 
960 84 10 13 0.03944928 
494 160 19 22 0.039378922 
289 55 9 11 0.039375078 
711 106 11 15 0.03926816 
680 68 8 11 0.039205547 
497 55 9 11 0.039119083 
169 93 11 13 0.03907944 
84 115 18 23 0.039053485 
488 280 21 28 0.039048687 
634 456 37 52 0.03888561 
855 477 44 53 0.038852084 
332 132 11 14 0.038816463 
433 266 17 20 0.038775105 
988 130 13 17 0.038578287 
537 69 10 12 0.038409777 
78 413 26 33 0.03840682 
268 88 9 11 0.038301453 
180 138 14 18 0.03813223 
587 93 19 24 0.03789255 
561 122 12 15 0.0378038 
280 54 8 11 0.037725687 
265 400 26 34 0.037702415 
824 163 16 20 0.03763046 
441 100 9 13 0.03758755 
487 72 9 10 0.03742921 
672 146 13 16 0.037304536 
637 47 8 10 0.0372234 
276 126 12 16 0.037200145 
246 48 8 10 0.036972325 
438 71 11 13 0.036932264 
432 229 11 15 0.03686943 
662 449 29 42 0.036830295 
411 256 13 19 0.036829144 
969 89 11 14 0.03679604 
3 284 14 19 0.03671934 
763 139 14 18 0.036626052 
200 334 17 23 0.036611564 
334 123 11 13 0.036606 
913 79 9 11 0.036467716 
326 78 8 11 0.03623643 
439 383 17 22 0.036209714 
301 379 25 33 0.03615329 
547 96 15 18 0.036059916 
456 44 10 12 0.03605716 
918 263 16 22 0.035964984 
326 40 9 11 0.03593 
266 195 23 29 0.035488892 
216 46 9 12 0.03540195 
300 137 13 17 0.035368327 
263 65 8 10 0.03532238 
441 109 10 12 0.03531218 
17 365 23 30 0.035136938 
870 91 10 13 0.03498227 
247 63 8 9 0.034850903 
279 47 8 10 0.034624983 
416 177 12 15 0.034542505 
414 78 10 13 0.03448413 
102 280 15 19 0.034469433 
1001 341 25 43 0.03445177 
470 109 11 13 0.034424644 
166 60 9 11 0.03441016 
529 159 19 22 0.034398563 
390 148 11 14 0.034142613 
336 88 10 12 0.03407878 
859 458 18 24 0.0340301 
372 244 14 20 0.03402013 
252 125 11 15 0.033936772 
126 117 13 16 0.033872876 
662 182 15 20 0.033855077 
440 129 13 15 0.03375969 
775 119 14 17 0.033686124 
422 159 13 16 0.033574574 
735 96 9 12 0.033567272 
297 417 24 31 0.033553522 
455 39 10 12 0.033446793 
467 172 13 18 0.033442277 
951 193 17 21 0.033439863 
125 270 16 20 0.033410817 
987 139 12 16 0.033378415 
495 107 10 14 0.03318721 
11 156 15 19 0.033137728 
94 373 19 23 0.032975525 
315 59 10 13 0.03288883 
794 105 14 17 0.032871015 
471 56 9 9 0.032868277 
863 159 18 24 0.032838967 
438 61 8 10 0.03276935 
94 111 14 19 0.03274889 
705 98 11 14 0.032503054 
12 181 14 19 0.032382783 
424 39 7 9 0.03228618 
1 364 17 22 0.03227569 
647 120 13 15 0.03212342 
437 55 9 10 0.032039963 
422 47 9 10 0.031993218 
588 125 12 15 0.031816278 
555 177 16 21 0.031771038 
0 344 11 18 0.03162407 
506 149 13 17 0.031310987 
692 141 13 16 0.03129831 
859 326 30 38 0.03121934 
303 55 9 11 0.031132005 
929 112 14 17 0.031120129 
983 122 12 14 0.031002197 
223 40 8 9 0.030985707 
494 277 14 18 0.030915132 
477 276 14 19 0.030892652 
4 172 15 20 0.030884644 
68 200 15 21 0.030847743 
625 179 16 18 0.03079816 
271 65 8 9 0.030767983 
501 60 9 11 0.03067814 
369 95 10 13 0.030651532 
812 77 11 13 0.030624222 
314 272 24 30 0.030547611 
366 99 10 14 0.03054622 
309 141 13 16 0.030433288 
556 100 10 14 0.030302191 
768 261 18 22 0.030253706 
301 97 17 22 0.030063469 
113 79 10 12 0.03005051 
184 104 10 12 0.030043723 
55 267 22 25 0.030002363 
215 120 13 16 0.029952444 
764 103 11 14 0.02991202 
396 104 12 15 0.029821577 
916 91 12 14 0.029803576 
255 32 7 8 0.029646685 
278 61 9 11 0.029616859 
483 109 11 14 0.029516332 
917 191 15 19 0.029422844 
253 87 9 11 0.029379888 
513 64 8 11 0.02937792 
414 51 10 12 0.029350044 
443 214 15 18 0.029324053 
611 164 13 17 0.02929559 
265 55 8 9 0.029263252 
318 408 31 39 0.029261516 
455 62 9 11 0.029093813 
230 30 10 11 0.029026767 
256 65 8 10 0.029023279 
773 197 17 20 0.029017935 
508 231 15 20 0.02900772 
366 118 10 12 0.028978417 
778 101 12 16 0.02890312 
376 58 11 13 0.028875412 
342 87 10 12 0.028862286 
237 280 22 32 0.02884497 
477 38 9 11 0.028788185 
273 178 18 21 0.028783547 
392 46 9 11 0.028744483 
757 52 9 12 0.028742984 
854 78 11 13 0.028685668 
762 268 18 22 0.028553324 
363 261 21 29 0.02848206 
476 210 15 18 0.028449843 
101 128 14 17 0.028430382 
362 312 16 21 0.028388059 
1013 179 11 16 0.028367834 
524 107 11 13 0.028304225 
653 46 9 11 0.02827029 
154 298 32 45 0.028237393 
924 121 13 16 0.028195068 
139 131 13 16 0.028108153 
459 332 24 31 0.02809113 
950 102 11 14 0.028072797 
100 83 11 14 0.028035393 
948 135 13 16 0.027998148 
341 64 11 13 0.02791628 
524 70 9 11 0.027842293 
25 194 22 27 0.02780507 
392 94 19 23 0.027795905 
560 181 21 26 0.02772839 
860 440 28 37 0.027682235 
702 191 16 19 0.027656361 
350 163 13 17 0.02765282 
445 194 15 18 0.027649436 
0 272 11 18 0.027591346 
576 46 11 13 0.027541036 
495 72 8 10 0.027525498 
644 95 11 12 0.027511038 
160 124 11 14 0.0275059 
487 382 25 30 0.027505605 
385 120 18 24 0.027491594 
251 115 12 15 0.027458347 
217 103 8 10 0.027409874 
6 405 26 34 0.027391618 
318 30 8 10 0.027306376 
879 94 9 12 0.027304947 
171 412 25 35 0.02727978 
303 148 13 18 0.027211284 
778 144 16 20 0.027182566 
375 88 10 13 0.027141707 
359 87 8 11 0.027137786 
560 134 14 16 0.027123028 
29 100 26 30 0.027093086 
392 53 9 11 0.027060665 
717 46 9 12 0.027025923 
955 242 16 23 0.027009076 
974 145 11 16 0.027005706 
254 194 24 30 0.026994914 
617 121 12 16 0.026981331 
848 64 11 12 0.026966585 
28 278 25 30 0.02688117 
804 167 16 21 0.02687866 
863 192 15 17 0.02681753 
901 498 36 44 0.026814532 
968 197 23 30 0.026809413 
304 48 8 9 0.026766164 
563 219 15 18 0.02672815 
245 403 31 33 0.026719129 
233 266 23 33 0.026693504 
965 203 14 19 0.026648896 
513 70 8 9 0.026626874 
299 333 23 33 0.02661179 
340 302 16 20 0.026570207 
309 71 10 12 0.026564384 
493 233 14 17 0.026490139 
344 188 13 17 0.02642982 
223 88 8 10 0.02641853 
80 251 23 27 0.02633291 
806 77 12 14 0.026261745 
997 156 12 15 0.026250973 
877 489 36 54 0.026230047 
828 103 16 19 0.026226638 
140 107 11 16 0.026122443 
605 111 10 13 0.02609041 
316 215 16 21 0.026078707 
287 71 10 11 0.02606788 
59 394 17 21 0.026058065 
221 46 9 10 0.02603183 
812 208 23 27 0.0260143 
132 299 18 21 0.026008079 
439 164 10 13 0.025969354 
487 46 8 11 0.025952028 
605 160 13 16 0.02593316 
122 210 21 27 0.025902774 
399 252 14 20 0.02589229 
287 315 18 25 0.025881896 
317 201 23 27 0.025839332 
444 301 16 19 0.025796376 
964 146 13 17 0.025737606 
254 183 20 26 0.025657305 
720 79 9 11 0.025592716 
510 78 10 13 0.025588568 
65 290 23 28 0.02551697 
492 132 11 14 0.02547855 
384 82 11 13 0.025460055 
895 115 11 14 0.025455158 
462 79 10 11 0.025323225 
669 126 13 16 0.025308182 
243 370 31 36 0.025231298 
700 108 12 15 0.025217043 
160 95 9 13 0.025193535 
827 256 24 30 0.025137175 
713 130 13 17 0.02501104 
265 97 11 14 0.025002982 
407 39 10 11 0.024993706 
973 472 24 35 0.024904963 
654 54 9 10 0.024882643 
689 78 10 12 0.024836127 
473 254 17 20 0.024803603 
348 192 21 27 0.024752328 
477 68 10 11 0.024740936 
443 202 15 18 0.024704829 
399 39 8 9 0.02464123 
445 243 14 17 0.024622167 
358 306 14 18 0.024595112 
614 65 9 11 0.024594933 
62 58 13 17 0.024512768 
415 117 10 12 0.024336552 
439 88 10 12 0.024325026 
990 343 15 20 0.024303775 
118 100 14 16 0.024277251 
380 247 13 16 0.024266569 
11 121 14 18 0.024265766 
477 220 14 17 0.024256662 
235 142 15 19 0.024197318 
934 91 11 13 0.024193883 
237 31 8 10 0.024180727 
646 151 15 19 0.024161227 
277 104 9 11 0.024153758 
674 140 19 23 0.02415034 
48 294 16 21 0.024082942 
624 88 9 11 0.024076188 
536 85 11 13 0.02406529 
636 98 19 23 0.024054443 
885 177 18 23 0.024051582 
24 30 13 17 0.024038093 
776 82 13 16 0.023994338 
1 114 12 18 0.023991508 
75 251 18 21 0.023975126 
42 109 17 20 0.02396711 
962 186 14 18 0.023957776 
125 86 9 12 0.023956576 
448 430 25 37 0.02392489 
874 174 16 20 0.023922822 
619 161 20 25 0.023900267 
364 185 24 30 0.023885652 
406 93 9 13 0.023830116 
97 267 21 26 0.023822824 
381 212 13 16 0.023788963 
344 307 16 19 0.02378605 
359 115 11 14 0.023736553 
679 89 10 13 0.023717202 
500 231 15 20 0.023711074 
914 298 25 29 0.023665573 
915 84 12 15 0.02362865 
916 200 16 19 0.023599809 
507 141 13 15 0.023570534 
460 206 13 16 0.02352286 
964 190 22 27 0.02350459 
687 71 8 10 0.023447456 
323 284 17 20 0.023421789 
488 39 8 9 0.023371622 
479 337 25 32 0.023310333 
312 159 16 20 0.023259167 
757 232 15 18 0.023257948 
988 345 28 38 0.023249313 
970 158 14 17 0.02324362 
716 101 10 13 0.023243278 
518 65 9 11 0.023239242 
318 71 9 11 0.023230258 
432 47 9 11 0.023148376 
161 62 10 12 0.023132378 
516 349 18 22 0.023116728 
151 390 29 32 0.023112936 
294 389 15 21 0.02309986 
206 138 12 16 0.023085091 
464 94 9 12 0.02307736 
6 162 15 18 0.023072317 
665 200 21 29 0.023058753 
43 300 17 22 0.02301917 
672 54 9 10 0.023014398 
401 223 15 21 0.02295766 
0 263 15 22 0.022954164 
182 195 14 19 0.022935333 
470 75 17 22 0.022918396 
493 127 9 12 0.022902539 
614 202 15 21 0.022877708 
706 153 14 18 0.022793064 
471 148 13 16 0.022772035 
239 310 21 30 0.022765413 
500 373 25 29 0.022737494 
63 33 9 11 0.022707067 
298 78 10 14 0.022706782 
421 251 13 18 0.022693401 
415 39 8 10 0.022622736 
330 413 16 21 0.022598334 
539 162 14 18 0.022583028 
661 85 9 12 0.02257392 
479 156 14 18 0.02256507 
334 62 12 14 0.022556704 
688 54 8 10 0.02247582 
169 198 15 20 0.022468446 
848 529 20 30 0.022463797 
649 45 9 11 0.02245293 
757 60 10 13 0.022445964 
305 30 8 11 0.022421228 
464 51 9 12 0.022394342 
173 96 11 15 0.022379795 
458 379 17 21 0.022374537 
495 78 10 13 0.022331033 
867 300 25 30 0.022315934 
523 83 12 14 0.022275627 
610 67 17 22 0.022224909 
579 72 11 13 0.022198856 
631 108 10 13 0.022191538 
630 69 10 12 0.022165995 
421 290 13 19 0.022159468 
470 45 9 11 0.022073729 
568 61 10 12 0.02205298 
83 391 25 32 0.022040533 
273 47 8 10 0.021969473 
380 267 21 28 0.021944584 
659 172 13 18 0.02194019 
126 279 15 18 0.021921294 
908 319 35 44 0.021889599 
1012 128 11 16 0.021887233 
189 412 32 45 0.021868894 
452 101 11 14 0.021850249 
1004 170 15 20 0.02184637 
572 132 12 17 0.021824831 
448 37 9 11 0.021821942 
830 142 18 24 0.021788213 
503 134 11 14 0.021786282 
830 61 11 15 0.021771217 
725 78 10 12 0.021756867 
566 239 25 32 0.021681575 
884 116 12 14 0.02160815 
55 222 15 20 0.02160362 
360 60 9 11 0.02158956 
383 148 10 14 0.021585187 
827 90 14 17 0.021544294 
337 15 8 10 0.021534342 
395 123 12 15 0.021533601 
872 99 9 12 0.021517891 
118 356 23 29 0.021517523 
447 55 9 11 0.021464104 
888 65 10 12 0.021421516 
879 114 11 15 0.021420494 
885 110 10 12 0.021416435 
447 61 9 11 0.021413557 
363 109 11 13 0.021356465 
888 100 10 13 0.021338739 
342 53 10 12 0.021322664 
422 87 9 12 0.02132219 
788 72 13 15 0.021300627 
281 77 9 13 0.021279486 
555 86 10 13 0.021258367 
695 102 10 13 0.021246003 
125 388 16 24 0.021242745 
336 112 20 23 0.02121522 
405 205 19 24 0.021181652 
399 134 10 13 0.021180542 
943 165 16 21 0.021144358 
319 93 9 12 0.021120263 
773 66 21 26 0.021119347 
285 323 25 34 0.021094956 
444 231 15 20 0.021085614 
622 126 12 16 0.02107019 
879 76 10 13 0.021045046 
936 182 19 24 0.021030532 
536 140 14 16 0.021010004 
710 63 9 12 0.021005943 
798 203 15 20 0.020933649 
294 432 14 20 0.020914854 
911 126 12 14 0.020866312 
180 408 26 43 0.020846644 
447 31 9 11 0.020771645 
343 67 18 23 0.020735998 
958 133 13 15 0.020722458 
225 174 16 20 0.020722026 
332 239 16 20 0.020706112 
206 125 10 14 0.020700142 
239 38 8 9 0.0206806 
923 269 16 21 0.020677298 
528 63 10 11 0.020665344 
904 292 26 30 0.020657495 
129 47 9 11 0.020639319 
334 54 11 13 0.020621274 
879 147 14 19 0.020620458 
648 53 9 11 0.020604244 
309 308 23 28 0.020588337 
247 102 18 23 0.020567063 
334 31 9 11 0.020544333 
390 241 13 17 0.020519229 
509 177 14 18 0.020502063 
373 282 24 31 0.02045354 
208 31 8 10 0.020453064 
579 52 12 14 0.02039502 
679 78 9 11 0.02038024 
402 187 14 18 0.020363022 
926 476 30 40 0.020357937 
588 244 19 23 0.020318918 
901 430 44 52 0.020290101 
366 248 15 20 0.020273883 
535 81 22 26 0.020265434 
289 54 19 24 0.020259153 
819 204 16 19 0.02024647 
487 125 11 15 0.020240465 
94 185 16 21 0.020237276 
21 355 26 30 0.020237183 
444 269 16 20 0.020219535 
409 352 27 35 0.020207454 
119 212 12 16 0.020195715 
769 67 10 14 0.02019138 
974 81 9 12 0.020102987 
415 92 10 13 0.020102376 
786 113 15 19 0.020096103 
695 91 10 12 0.02005571 
924 434 46 51 0.020032896 
