45_Balloonist_Balloonist_45_615
33
240 175 130 154 0.9998516 
749 162 80 105 0.9964264 
93 121 66 94 0.9653782 
522 174 17 19 0.58095074 
121 127 60 84 0.35251948 
468 126 15 19 0.21023677 
105 151 42 58 0.09518713 
552 366 32 35 0.08117712 
501 59 11 15 0.074526206 
495 52 14 19 0.045441605 
415 13 12 14 0.04419877 
359 26 11 14 0.04392402 
467 55 15 18 0.03808849 
170 127 48 71 0.03789785 
468 136 15 18 0.03558075 
470 66 14 18 0.03157815 
506 60 11 15 0.029228728 
88 151 41 56 0.0265506 
487 29 11 13 0.026184252 
584 375 109 142 0.025987841 
507 67 11 15 0.025576131 
356 34 52 70 0.025196686 
396 6 11 13 0.023895185 
455 59 10 12 0.02308549 
465 49 24 31 0.022424981 
487 44 12 15 0.022090247 
468 47 13 15 0.021981368 
211 17 36 50 0.021842193 
436 5 13 14 0.021637665 
501 46 13 17 0.021282492 
482 45 25 33 0.0212382 
475 73 12 16 0.021113815 
537 519 17 20 0.02001651 
