45_Balloonist_Balloonist_45_118
40
529 205 51 65 0.99786013 
202 282 60 98 0.9958311 
712 78 70 100 0.98731077 
449 262 57 81 0.98668206 
374 346 48 84 0.92833185 
335 215 76 108 0.7659997 
851 147 41 46 0.7481037 
500 96 16 22 0.3856672 
649 202 19 34 0.15536796 
955 383 17 22 0.10442679 
838 499 56 62 0.096522324 
662 230 27 30 0.08954934 
914 205 11 14 0.08726304 
432 233 59 84 0.077524714 
312 334 74 102 0.06990945 
380 228 75 103 0.06229783 
929 447 30 45 0.058755856 
288 339 63 92 0.04648738 
856 131 33 42 0.042574197 
593 319 57 57 0.03453826 
498 97 27 34 0.034411557 
871 152 31 43 0.034288198 
860 465 50 54 0.033841252 
550 102 12 15 0.0314771 
975 285 37 44 0.029352525 
205 74 17 21 0.028612612 
533 541 28 35 0.028339857 
827 480 52 64 0.027861586 
538 109 40 52 0.025081217 
187 93 12 15 0.02469216 
539 112 25 32 0.02405474 
658 212 18 25 0.023155104 
573 304 94 95 0.023062073 
550 104 24 33 0.02182752 
853 115 32 40 0.021786552 
702 454 56 79 0.021647876 
671 50 44 57 0.021179572 
844 489 42 37 0.021000043 
518 140 24 31 0.02045177 
246 295 92 119 0.020275906 
