45_Balloonist_Balloonist_45_1028
134
317 634 21 32 0.8724818 
582 607 10 12 0.5636131 
16 621 22 32 0.44563934 
96 662 12 15 0.40445882 
460 575 43 50 0.37418106 
489 194 59 73 0.33736023 
387 625 17 21 0.2956094 
372 546 17 22 0.24323985 
3 570 12 15 0.22561505 
36 588 10 13 0.21623589 
155 636 20 26 0.1807814 
6 604 10 15 0.17283851 
23 628 25 30 0.15546091 
560 626 12 14 0.1514576 
369 636 11 12 0.14225699 
351 546 13 20 0.12402703 
53 588 13 16 0.1231316 
994 543 9 12 0.11977331 
13 598 12 17 0.119261965 
95 590 9 11 0.11442084 
591 613 10 13 0.10420896 
656 603 9 13 0.10070398 
12 625 15 21 0.0975046 
576 612 10 13 0.09261926 
574 622 10 13 0.08979326 
834 522 16 23 0.088578925 
64 640 10 12 0.08782426 
61 590 10 12 0.07308475 
996 544 13 16 0.072899394 
422 561 11 13 0.06748173 
668 381 13 16 0.066967174 
588 607 10 13 0.06608397 
0 598 8 13 0.06563604 
565 623 12 15 0.06406046 
21 598 11 14 0.05587969 
1004 549 12 14 0.055490945 
527 614 10 13 0.054671463 
765 532 13 14 0.053816374 
387 634 16 23 0.053227253 
624 644 12 13 0.052292675 
8 629 12 15 0.051514987 
69 597 9 12 0.050738305 
408 537 13 17 0.050110146 
4 598 18 26 0.048942063 
722 518 25 26 0.046501417 
312 640 15 23 0.046251647 
340 660 10 13 0.044580616 
370 550 27 28 0.04425144 
229 673 14 16 0.043068353 
870 515 16 20 0.042645138 
408 495 10 13 0.04239291 
532 615 9 12 0.042390037 
606 645 11 12 0.04134434 
420 594 10 13 0.040760368 
46 588 14 16 0.040758263 
96 595 9 11 0.0401916 
69 591 9 12 0.039881915 
328 640 15 20 0.03944496 
96 584 9 11 0.039078124 
327 672 13 17 0.038599942 
343 611 12 16 0.037314955 
122 600 7 9 0.037075877 
112 583 8 9 0.03650982 
9 605 22 32 0.035847373 
510 68 25 30 0.0357545 
350 539 24 31 0.03540902 
616 582 10 13 0.035397835 
341 532 10 15 0.03457692 
777 529 40 45 0.03429232 
90 661 20 25 0.034284126 
195 562 16 20 0.033862025 
583 619 12 16 0.03342202 
69 568 9 11 0.03244796 
0 610 10 16 0.03077244 
361 540 23 30 0.030105727 
367 625 22 27 0.029920224 
79 599 8 11 0.029284924 
66 603 11 13 0.029232068 
499 627 17 24 0.029063854 
631 556 11 14 0.02897988 
580 602 19 23 0.028864047 
80 583 8 10 0.028647086 
601 595 12 15 0.028561847 
47 604 11 13 0.028536247 
689 590 10 13 0.028532254 
817 521 24 39 0.02835162 
697 612 9 12 0.028074158 
108 245 200 274 0.027981244 
90 592 8 10 0.02793031 
614 645 9 12 0.027640168 
88 597 8 12 0.027530948 
1000 536 10 13 0.02752382 
590 618 13 17 0.027140336 
430 526 14 18 0.026797362 
81 646 10 13 0.026771868 
36 593 11 14 0.026759291 
325 631 14 19 0.026682772 
-1 591 8 13 0.026417986 
695 620 11 16 0.026376074 
645 590 9 11 0.026158733 
392 620 16 20 0.026140865 
13 591 11 14 0.025482897 
0 637 8 12 0.025480466 
68 644 10 12 0.025367787 
700 555 95 116 0.025355775 
101 598 8 10 0.02514712 
282 670 13 16 0.02507196 
23 573 10 13 0.024323842 
521 614 12 15 0.02425419 
530 591 8 10 0.024113012 
303 629 37 46 0.023730902 
37 485 8 10 0.02357047 
31 605 11 12 0.02320139 
352 650 12 16 0.023117881 
622 627 15 17 0.02288065 
405 610 11 15 0.022698482 
220 596 13 19 0.02269779 
585 613 21 29 0.022662925 
114 589 7 10 0.022656843 
400 641 23 28 0.02241872 
344 478 33 36 0.022266308 
229 645 10 15 0.022217581 
964 588 14 17 0.022204401 
624 603 10 12 0.0221016 
564 597 11 14 0.021713339 
1014 539 10 15 0.021712998 
468 600 32 37 0.02147775 
681 614 11 13 0.021315156 
119 590 7 9 0.020861033 
516 209 38 43 0.020799506 
613 597 12 15 0.020708151 
387 608 24 30 0.020570416 
677 537 12 15 0.02047673 
565 647 22 33 0.02029332 
