45_Balloonist_Balloonist_45_518
33
433 356 62 70 0.99922025 
411 99 74 96 0.9974049 
984 158 36 43 0.9969457 
500 77 82 96 0.9931108 
625 182 55 68 0.9907652 
796 178 23 34 0.9758303 
831 59 14 19 0.6638658 
225 25 51 79 0.21466082 
779 151 15 17 0.21397349 
4 76 55 63 0.14072165 
423 18 61 74 0.10442344 
0 39 32 66 0.0981783 
787 185 36 43 0.08703676 
346 362 37 46 0.08365143 
30 80 55 57 0.06419184 
79 53 29 52 0.06336177 
788 190 20 23 0.061153654 
206 88 29 31 0.05996741 
459 73 84 110 0.039496105 
506 -3 42 37 0.03633024 
0 219 9 15 0.03564154 
229 38 29 53 0.034544818 
171 2 39 39 0.033617333 
49 99 42 42 0.024568083 
168 1 23 20 0.024208186 
518 466 29 33 0.023701597 
0 225 11 23 0.023072192 
97 176 27 32 0.022770984 
-2 94 47 66 0.022195034 
118 160 15 17 0.021876726 
386 74 29 41 0.021380488 
153 120 42 54 0.021180002 
974 204 22 29 0.02001244 
