45_Balloonist_Balloonist_45_416
53
411 591 70 82 0.99730635 
483 1325 34 51 0.9671891 
112 1342 11 14 0.30980986 
646 702 32 38 0.2330931 
546 827 26 46 0.20411389 
414 1404 15 17 0.17528877 
403 911 54 73 0.16245054 
113 1347 13 16 0.14501293 
64 1391 11 13 0.13069366 
682 577 14 20 0.10217617 
323 1292 12 15 0.08168446 
166 74 109 103 0.075531565 
751 802 134 158 0.059784137 
262 1335 14 18 0.054299217 
533 849 26 38 0.054184232 
506 809 47 55 0.053085964 
96 1352 8 12 0.04149121 
78 1385 11 14 0.03896579 
641 548 14 17 0.037815113 
599 923 124 167 0.037768416 
521 638 45 58 0.03656541 
559 793 27 34 0.036423713 
441 797 29 42 0.035482265 
535 832 44 59 0.034888484 
553 861 33 44 0.033655383 
121 38 125 128 0.03254392 
551 804 48 59 0.031142931 
478 812 48 59 0.03014041 
623 731 29 42 0.029666949 
563 791 17 21 0.029479776 
263 1401 15 16 0.027951576 
644 558 12 18 0.027926955 
303 1373 10 11 0.02741857 
556 842 27 45 0.02642589 
670 569 26 35 0.026283963 
554 896 42 49 0.026206885 
562 787 43 54 0.026058204 
101 1348 11 15 0.024517413 
523 861 24 33 0.023217615 
321 1406 17 19 0.023086237 
529 815 31 42 0.023005888 
578 861 27 32 0.022589782 
437 798 48 64 0.02207811 
98 1354 13 17 0.022040216 
426 1406 11 14 0.021805355 
582 788 14 18 0.021745915 
109 1337 18 23 0.021601552 
578 793 26 34 0.020995222 
445 1396 9 12 0.020930346 
643 461 18 24 0.020870494 
716 1143 37 36 0.020823158 
393 948 28 36 0.020723768 
506 954 40 50 0.020374704 
