45_Balloonist_Balloonist_45_107
55
558 331 11 13 0.9362567 
563 349 13 15 0.75366694 
536 354 12 18 0.4643048 
659 359 10 12 0.42685577 
575 374 13 17 0.29282635 
486 375 12 15 0.254931 
625 368 9 11 0.17427053 
385 465 26 32 0.09391721 
530 334 8 11 0.07879627 
599 357 10 13 0.07724072 
571 348 10 15 0.062250614 
604 359 9 11 0.04974623 
228 421 12 14 0.04893719 
605 364 9 12 0.044268318 
606 348 11 15 0.040867593 
393 461 16 19 0.040575232 
580 366 11 13 0.03948572 
535 343 8 12 0.03817519 
226 405 12 13 0.03740719 
530 338 9 13 0.034261446 
600 343 9 11 0.033868063 
657 353 9 13 0.033221077 
574 367 12 16 0.032958627 
479 375 15 19 0.032551955 
204 427 11 14 0.032496996 
743 531 26 28 0.032290444 
507 363 13 15 0.031248964 
583 349 10 14 0.030614404 
592 355 11 14 0.029279688 
655 356 17 23 0.028893383 
465 351 10 12 0.027318072 
608 333 9 12 0.02714143 
822 545 26 28 0.02655081 
645 398 12 15 0.026112402 
226 410 16 17 0.02601746 
614 334 10 13 0.025987504 
598 349 11 15 0.025467983 
558 337 13 17 0.0249233 
248 415 9 12 0.024765214 
562 328 11 13 0.023557147 
828 541 16 18 0.023287835 
236 420 11 12 0.022366334 
253 422 9 12 0.021800002 
547 573 51 56 0.02176006 
605 372 9 12 0.021753198 
564 359 14 18 0.021674708 
627 370 11 15 0.021430256 
464 355 12 17 0.021377875 
646 378 12 16 0.02085536 
378 461 41 57 0.020747326 
472 362 24 28 0.020557614 
551 355 9 13 0.02037748 
556 326 18 23 0.020368963 
613 338 13 16 0.020323664 
661 393 13 17 0.020219019 
