45_Balloonist_Balloonist_45_273
142
709 206 56 75 0.99929464 
427 39 33 40 0.9992084 
720 301 109 159 0.9990527 
376 159 29 34 0.9986864 
465 160 38 46 0.997598 
107 314 72 85 0.9975381 
123 169 64 82 0.99289674 
627 198 43 58 0.96439224 
868 103 15 21 0.95931935 
818 122 15 17 0.6820284 
163 208 40 48 0.634908 
360 183 22 31 0.3029991 
740 100 14 18 0.21795002 
202 121 16 19 0.20134787 
285 282 27 32 0.19666693 
857 177 19 24 0.19264542 
609 228 12 15 0.16791725 
766 155 38 52 0.13766785 
732 106 18 21 0.12703246 
957 203 16 22 0.12483633 
340 337 13 18 0.12101191 
777 162 17 24 0.120041296 
661 167 17 21 0.10922796 
580 136 13 16 0.105343096 
608 233 15 21 0.10087845 
279 198 11 14 0.10062028 
197 125 25 30 0.09550414 
543 212 16 19 0.08852361 
567 378 135 142 0.087036826 
563 136 15 20 0.0863413 
944 148 19 22 0.085224316 
573 137 16 19 0.0805355 
984 221 11 13 0.07986749 
607 134 12 15 0.07982811 
733 96 15 18 0.07762206 
558 208 22 29 0.0775779 
607 219 19 28 0.07582735 
49 219 32 47 0.07506158 
598 150 12 16 0.07291542 
722 138 18 22 0.06716933 
939 198 13 16 0.06678709 
722 163 25 29 0.06351439 
814 127 17 20 0.060738936 
873 107 17 23 0.058405835 
788 153 12 17 0.054674864 
980 123 22 24 0.053935472 
419 166 19 22 0.052957118 
602 205 28 36 0.052008472 
377 126 12 16 0.051826227 
994 130 14 17 0.05096464 
872 212 19 23 0.05063662 
283 263 38 45 0.050100185 
789 168 15 20 0.049145427 
379 354 23 29 0.04810034 
148 7 48 58 0.04794295 
806 130 22 27 0.047520034 
852 173 18 21 0.046211626 
238 546 74 66 0.045572087 
616 202 31 43 0.04524951 
405 313 12 13 0.043869082 
738 103 21 28 0.043283887 
836 154 14 16 0.042908356 
820 108 14 16 0.042398892 
268 227 11 14 0.041680243 
586 139 13 16 0.04003613 
951 207 28 37 0.03974014 
779 145 21 27 0.03889578 
786 136 16 22 0.038752284 
237 133 11 13 0.038112354 
397 284 16 19 0.038009945 
793 134 20 25 0.037712995 
959 518 56 67 0.037475727 
963 198 15 19 0.03688243 
486 315 34 35 0.03635358 
631 141 11 14 0.036232095 
248 520 118 112 0.036228128 
605 311 26 32 0.03547426 
581 285 27 35 0.03470869 
604 318 154 193 0.034689434 
983 211 13 16 0.034624316 
865 181 16 21 0.034614474 
487 130 14 17 0.033375002 
460 398 66 84 0.033035465 
667 158 13 16 0.032626476 
953 208 14 20 0.03243782 
253 242 27 31 0.031173741 
839 144 14 18 0.03070708 
772 133 15 20 0.030304635 
953 153 16 19 0.029395148 
291 278 15 19 0.027473908 
211 135 26 32 0.02718358 
829 155 16 18 0.026968587 
274 276 28 35 0.02691694 
806 138 13 16 0.026808564 
259 249 17 20 0.02610535 
788 126 12 15 0.025639657 
337 134 11 14 0.02555921 
298 283 16 19 0.025478711 
602 147 14 17 0.025122246 
230 139 12 16 0.024893625 
270 214 10 13 0.024853757 
517 120 13 17 0.024625849 
827 129 12 18 0.024479143 
613 126 13 16 0.024342412 
375 128 23 29 0.024252292 
276 251 12 15 0.02425063 
723 149 26 32 0.024158062 
802 110 23 29 0.023614738 
171 160 24 31 0.023566365 
548 399 31 43 0.02349145 
641 165 10 14 0.023367431 
886 513 136 131 0.02332466 
468 370 110 142 0.023293087 
987 203 15 22 0.023223722 
865 171 16 20 0.023080735 
725 120 15 19 0.023020891 
846 178 16 20 0.022709534 
413 214 494 474 0.022640718 
606 130 20 24 0.02263163 
165 87 425 439 0.022612713 
332 227 16 17 0.022569448 
309 274 12 16 0.022387218 
606 126 12 17 0.022161994 
223 146 15 19 0.022136716 
995 200 24 31 0.022066956 
773 155 18 23 0.022054993 
394 269 15 15 0.02203844 
248 257 39 48 0.021455344 
805 211 36 49 0.021301374 
727 112 23 30 0.021261923 
351 247 11 13 0.020944478 
348 274 15 19 0.020910256 
366 166 25 31 0.02077949 
247 157 11 13 0.020605078 
843 132 14 19 0.020555649 
268 248 15 19 0.020546647 
279 212 12 13 0.02052152 
988 227 11 13 0.020330975 
263 224 22 31 0.020295223 
669 151 9 12 0.020235473 
590 146 14 17 0.02002929 
842 150 16 20 0.020007439 
