45_Balloonist_Balloonist_45_857
34
612 353 23 28 0.8188146 
496 354 21 28 0.7967332 
413 -3 476 511 0.5345599 
561 363 18 24 0.10702427 
510 592 16 18 0.10597041 
539 450 15 20 0.06710414 
312 84 13 15 0.064380676 
626 405 81 147 0.05593055 
533 344 21 28 0.05530371 
417 365 63 66 0.053255294 
370 159 43 55 0.047609318 
467 345 24 30 0.046793096 
622 358 19 22 0.040602386 
406 53 13 14 0.040139813 
373 164 17 23 0.038661145 
342 125 9 11 0.03450536 
542 421 52 69 0.030324172 
474 7 9 11 0.028869491 
550 369 15 20 0.028194321 
367 119 10 12 0.02546219 
384 68 9 11 0.025336929 
132 282 456 478 0.025130436 
353 31 8 11 0.02477151 
380 22 10 13 0.024403082 
540 371 14 17 0.0241572 
468 370 14 16 0.022947237 
514 393 84 108 0.022872806 
383 64 8 10 0.022339882 
475 361 13 17 0.021894807 
568 369 15 20 0.021539332 
476 370 13 16 0.021052258 
486 361 15 19 0.020978602 
628 364 24 28 0.020599525 
249 116 34 33 0.020164566 
