39_Ice_Skating_iceskiing_39_342
21
808 700 14 17 0.9491233 
674 669 15 17 0.9115789 
878 647 16 19 0.83843917 
739 695 13 16 0.7425926 
552 701 12 15 0.44320148 
763 709 12 14 0.23941891 
289 136 42 44 0.20165196 
885 676 25 30 0.17661487 
437 390 260 195 0.11968305 
761 705 11 13 0.039655756 
492 408 160 114 0.037212033 
758 709 20 22 0.035343558 
500 190 466 416 0.030082794 
421 122 72 74 0.028296616 
306 159 16 19 0.027042154 
346 43 215 221 0.026887877 
881 652 17 20 0.026376262 
740 689 12 14 0.02561504 
611 -19 422 452 0.021905841 
400 90 127 138 0.020369604 
673 665 12 15 0.020214839 
