39_Ice_Skating_Ice_Skating_39_1047
124
246 112 54 68 0.9996408 
745 143 61 79 0.99925584 
877 174 26 32 0.9983032 
830 145 25 31 0.9981877 
812 74 23 31 0.9976441 
498 197 22 29 0.99615115 
736 2 22 29 0.99055344 
938 73 23 28 0.9891216 
722 79 24 30 0.9874723 
591 195 22 30 0.98647773 
60 23 18 23 0.9816744 
531 131 19 25 0.9814611 
8 15 18 23 0.97819775 
125 22 17 22 0.97664875 
602 132 18 24 0.9759946 
307 15 19 25 0.9753891 
945 6 17 23 0.9730812 
670 0 22 25 0.97295266 
458 161 20 25 0.9728627 
243 20 19 25 0.9711611 
882 39 19 27 0.96753937 
529 175 19 25 0.964417 
180 19 20 25 0.96421826 
880 9 19 24 0.940216 
939 145 22 31 0.8823178 
808 27 17 21 0.87737346 
966 190 28 34 0.78474295 
1010 78 15 27 0.6998783 
911 141 17 22 0.45672214 
332 53 16 22 0.40171418 
108 19 14 17 0.20269898 
486 33 10 11 0.16126911 
394 37 14 16 0.14825505 
117 0 15 16 0.1373621 
6 36 14 19 0.13666853 
92 13 13 17 0.13546528 
919 156 22 28 0.12861441 
928 153 23 27 0.122892216 
27 26 13 17 0.110961765 
754 51 23 27 0.10867695 
660 64 24 25 0.10364164 
916 136 24 31 0.102555774 
457 228 20 24 0.09748448 
43 0 12 11 0.09694465 
897 -1 16 20 0.09594679 
390 42 17 19 0.08793492 
910 52 12 17 0.07701647 
485 107 10 11 0.07637572 
108 -1 14 13 0.072932474 
656 73 26 30 0.069743864 
157 -1 17 14 0.06714203 
54 1 13 13 0.058860127 
1012 170 12 20 0.054925036 
283 63 23 28 0.054888986 
386 72 24 31 0.054526787 
329 90 17 22 0.052169517 
978 185 19 23 0.050836433 
885 2 20 25 0.05056467 
146 61 13 17 0.048958436 
334 -2 12 12 0.047199287 
100 13 15 19 0.04415592 
105 67 16 20 0.04384557 
173 -2 17 14 0.04299101 
86 19 15 18 0.04214786 
635 197 16 20 0.042111263 
143 67 14 19 0.041508652 
28 4 12 14 0.038783234 
155 4 21 26 0.038098894 
431 45 14 17 0.037351217 
851 48 17 21 0.035849888 
126 68 20 25 0.035821658 
405 100 14 19 0.033378318 
5 320 13 17 0.0331133 
84 25 16 20 0.032713458 
118 20 16 20 0.032644875 
693 0 16 19 0.03221345 
554 165 15 18 0.032122385 
845 50 14 19 0.031397913 
122 40 16 19 0.030881375 
389 46 21 27 0.030239355 
909 156 21 29 0.029956896 
391 57 23 32 0.028836599 
840 194 27 30 0.028504537 
433 35 17 17 0.027319804 
613 89 26 32 0.027258309 
115 66 21 26 0.02721857 
476 127 22 27 0.02721167 
428 41 24 27 0.026843939 
989 216 23 29 0.026726836 
101 0 16 17 0.026022522 
481 104 9 12 0.02591913 
235 -2 14 15 0.025795218 
20 23 14 19 0.025397088 
875 63 15 20 0.025152527 
547 167 19 24 0.024698645 
104 25 12 16 0.024637897 
46 87 15 17 0.024572607 
508 36 11 13 0.024098627 
481 31 11 12 0.023811998 
481 35 13 16 0.02350941 
381 0 12 12 0.023307057 
685 129 14 19 0.023115672 
435 26 17 18 0.022730952 
761 45 18 22 0.022683319 
5 5 13 14 0.022600384 
929 132 28 35 0.022595683 
197 8 15 20 0.022592686 
669 14 18 22 0.022416564 
50 -3 22 21 0.02233202 
373 1 14 17 0.021938276 
1004 101 19 32 0.021820478 
857 1 16 21 0.021663245 
149 16 15 21 0.021560997 
381 31 16 20 0.021293541 
38 -7 22 22 0.021017734 
951 2 17 23 0.020751625 
1013 218 11 18 0.020733891 
710 77 25 33 0.020681433 
202 2 16 20 0.020558521 
327 -1 14 12 0.020524763 
661 0 20 22 0.020274304 
150 -2 14 13 0.020228684 
76 25 13 18 0.020082295 
92 5 14 16 0.020038407 
