39_Ice_Skating_Ice_Skating_39_1029
202
926 214 12 15 0.83613765 
207 252 9 11 0.7195141 
753 225 15 19 0.6095678 
525 240 9 12 0.59998566 
269 254 10 13 0.58783627 
653 231 11 14 0.57856524 
739 223 10 14 0.5501982 
817 245 10 13 0.54991204 
297 252 10 13 0.4720254 
358 61 11 13 0.35487825 
351 255 8 10 0.33354843 
558 250 10 13 0.31096917 
394 257 8 11 0.24308826 
110 248 9 11 0.22447109 
464 254 8 11 0.19616824 
239 273 9 11 0.1907327 
325 260 9 12 0.15969439 
418 269 8 11 0.15495968 
662 236 9 13 0.15251543 
176 251 8 11 0.14659664 
711 230 9 12 0.13533556 
534 256 9 12 0.12857719 
326 255 8 11 0.124122255 
690 278 9 12 0.12338787 
159 264 8 10 0.121695474 
754 48 9 12 0.1139412 
421 253 9 12 0.113737956 
791 254 10 12 0.10911627 
717 230 10 12 0.10197674 
922 30 9 12 0.098758064 
343 263 7 10 0.09771518 
417 263 9 12 0.08741001 
327 248 8 10 0.08545445 
492 245 10 13 0.08478047 
597 255 10 13 0.07790952 
285 264 9 11 0.074609555 
21 128 31 36 0.074596025 
694 238 11 14 0.07288955 
599 203 10 13 0.07271116 
281 270 8 10 0.07101413 
789 35 12 14 0.06854358 
382 270 7 9 0.06577937 
527 260 9 11 0.06573184 
554 252 9 12 0.06569519 
336 263 9 11 0.06564083 
245 270 10 12 0.06491396 
398 261 8 11 0.06212118 
214 246 11 13 0.061830435 
202 246 9 12 0.06180489 
738 270 9 11 0.05892337 
220 246 9 12 0.058539256 
644 54 10 12 0.05615774 
441 271 9 11 0.05584505 
798 54 9 12 0.055278394 
797 252 9 12 0.054793905 
298 280 7 10 0.051416595 
624 255 9 12 0.051083215 
465 248 9 11 0.050570965 
154 264 7 9 0.050082806 
310 268 10 11 0.04754056 
209 284 9 11 0.04624479 
819 239 11 15 0.045032077 
423 249 8 10 0.04501209 
159 268 8 10 0.04459353 
785 254 10 13 0.04443405 
705 231 10 12 0.044185314 
640 254 8 11 0.04368142 
446 262 10 11 0.043487057 
672 254 9 12 0.04327517 
702 236 11 13 0.04264069 
617 51 9 11 0.04261855 
400 269 9 11 0.04243806 
606 254 10 13 0.04172611 
726 271 9 12 0.041611634 
780 46 10 13 0.04139125 
238 68 12 13 0.041299373 
234 271 7 10 0.04125773 
249 264 9 11 0.040207017 
604 230 11 13 0.038837794 
190 264 8 10 0.038322568 
520 255 8 10 0.037938025 
212 251 10 12 0.037778832 
169 253 7 10 0.03726317 
200 287 7 9 0.03708752 
375 264 8 9 0.036623877 
593 260 10 11 0.03643965 
504 262 8 10 0.036107376 
430 246 8 10 0.03608497 
676 255 10 12 0.035274934 
793 249 9 12 0.034894742 
606 237 11 14 0.034441177 
792 57 10 12 0.03420025 
521 261 8 10 0.033785615 
336 61 8 11 0.033449948 
432 261 9 12 0.033435106 
820 252 10 12 0.03288595 
712 253 10 14 0.032550503 
216 263 10 11 0.032462258 
407 263 7 10 0.032099612 
630 260 8 10 0.032070685 
622 52 9 11 0.031808753 
95 260 7 11 0.031611145 
756 63 12 15 0.031059504 
772 0 15 13 0.03104749 
575 232 13 16 0.0310339 
780 52 11 13 0.030971365 
613 243 10 12 0.030932004 
928 24 8 12 0.0305183 
359 262 8 10 0.030403728 
470 261 10 13 0.030045526 
217 267 11 13 0.029989183 
191 269 7 10 0.029480733 
166 264 7 9 0.029265936 
406 245 9 11 0.0291111 
181 253 8 10 0.029058538 
439 262 10 13 0.028933985 
559 240 9 11 0.028881056 
700 243 12 15 0.028877197 
774 247 9 12 0.028857488 
351 56 12 15 0.028769903 
181 248 8 10 0.02870302 
137 247 8 10 0.028665772 
606 221 10 12 0.028660858 
742 236 11 14 0.028584601 
446 271 8 11 0.02850248 
275 253 11 13 0.027930126 
815 230 12 14 0.027660143 
390 63 9 11 0.0276182 
343 60 9 12 0.027426535 
544 271 9 11 0.027423354 
489 241 9 11 0.027421745 
598 219 12 14 0.027093675 
179 84 8 12 0.02705489 
606 48 9 12 0.026826436 
244 70 10 10 0.026574401 
721 276 10 12 0.026154278 
534 247 9 11 0.025247104 
576 244 11 13 0.02523098 
213 283 9 11 0.025071215 
598 211 13 16 0.024946515 
464 239 8 11 0.02490719 
468 253 9 11 0.02475567 
800 0 10 10 0.024645152 
142 253 7 9 0.024619851 
230 63 13 15 0.024614766 
105 252 9 11 0.024559101 
385 60 9 11 0.024558295 
263 270 8 10 0.024535246 
542 255 8 11 0.0243673 
522 234 17 23 0.024246253 
737 263 8 11 0.024244966 
327 61 9 12 0.024166342 
766 0 14 12 0.024152964 
677 260 10 12 0.024112267 
96 257 7 10 0.023732433 
663 262 8 11 0.023688283 
761 227 13 16 0.023688072 
754 51 12 14 0.023636824 
192 278 7 10 0.023465836 
728 287 8 10 0.023298934 
377 268 8 10 0.023160055 
695 3 11 12 0.023159182 
405 270 8 10 0.0231373 
806 0 12 11 0.023005499 
368 264 8 10 0.022994041 
200 240 8 11 0.022890866 
655 68 12 15 0.022871409 
645 48 10 11 0.0228308 
420 261 10 13 0.022824312 
477 263 8 11 0.022789003 
529 256 9 11 0.022769753 
784 37 11 13 0.022740059 
577 252 10 13 0.02263305 
855 31 10 12 0.022611197 
153 269 7 10 0.022514982 
313 69 10 12 0.022239601 
831 237 11 14 0.02220765 
160 256 8 9 0.022098122 
689 236 11 15 0.022061473 
301 259 11 14 0.022023141 
233 276 8 10 0.021997051 
364 114 11 14 0.021850599 
800 48 9 12 0.021842275 
326 267 9 11 0.021767993 
853 0 13 12 0.021649582 
664 254 8 11 0.021627901 
347 256 8 10 0.021432655 
796 227 11 14 0.021413807 
629 52 10 13 0.021304062 
640 231 8 12 0.021270359 
221 264 10 12 0.021160685 
813 0 13 11 0.021132275 
669 245 11 13 0.021107893 
780 0 12 12 0.020822925 
458 255 9 11 0.020734718 
433 267 9 12 0.020608276 
198 69 9 10 0.020496767 
525 269 10 13 0.020482812 
920 216 13 17 0.020432293 
213 78 10 13 0.020362142 
492 36 17 19 0.020282676 
545 262 7 9 0.02006908 
