39_Ice_Skating_Ice_Skating_39_794
128
49 1038 29 42 0.9974279 
366 943 18 24 0.93320584 
933 981 39 48 0.89340925 
566 939 15 19 0.8762488 
200 1146 40 51 0.76535743 
51 1167 44 53 0.757836 
679 513 14 17 0.7459846 
620 967 21 25 0.5247383 
331 954 15 22 0.4628209 
342 1013 24 27 0.42596924 
700 951 18 22 0.37858602 
101 813 9 13 0.34727016 
992 930 17 19 0.29008362 
749 507 15 18 0.24737944 
120 814 10 13 0.24306259 
30 956 31 42 0.24220279 
120 806 8 11 0.20371114 
166 813 10 12 0.11277183 
78 814 9 12 0.11094172 
319 943 21 27 0.09840074 
177 816 9 12 0.09218182 
151 811 10 15 0.09008577 
86 816 8 10 0.08710491 
182 815 10 12 0.08547147 
859 1032 48 61 0.08301047 
597 1206 104 135 0.08127879 
168 806 9 12 0.07656963 
832 551 31 35 0.07507768 
141 808 10 12 0.06931963 
834 555 16 20 0.061105233 
189 813 10 12 0.05908673 
832 551 11 15 0.056710582 
135 812 12 15 0.05330954 
30 807 10 13 0.051265553 
50 850 17 22 0.048909098 
499 1013 352 449 0.048894834 
860 1018 99 121 0.047606487 
123 807 10 12 0.045407146 
946 984 43 57 0.045362845 
158 814 10 13 0.041195527 
120 800 9 13 0.04063579 
11 804 10 15 0.039940972 
100 845 13 16 0.039423987 
92 843 15 18 0.039227307 
594 1231 50 64 0.038341343 
61 1042 29 41 0.03756972 
40 813 9 12 0.036751408 
985 989 40 57 0.036703862 
694 951 15 19 0.035983026 
74 807 9 12 0.035502195 
110 819 11 15 0.03449942 
288 684 14 15 0.03412622 
59 982 25 31 0.03384654 
984 931 15 18 0.03347756 
113 791 7 9 0.033010185 
620 553 15 20 0.03269729 
134 819 11 13 0.03264519 
22 1062 15 21 0.03264159 
706 956 17 21 0.031882368 
633 975 14 21 0.03183085 
162 844 16 17 0.031436425 
60 1154 35 42 0.030240647 
103 826 11 13 0.030012678 
581 938 11 16 0.029773122 
753 503 13 16 0.02968379 
0 857 17 20 0.02919681 
141 817 12 14 0.02913122 
46 814 8 11 0.028524801 
886 1034 110 139 0.02820993 
82 998 17 22 0.027658911 
48 972 30 36 0.027448362 
85 843 15 18 0.02721295 
168 800 10 12 0.027119644 
812 638 12 17 0.02710804 
264 832 12 13 0.026416032 
139 851 16 19 0.026377853 
995 1071 26 36 0.026202653 
89 1180 31 42 0.025880454 
182 830 10 11 0.025754523 
307 815 393 497 0.025648545 
189 807 9 12 0.025561502 
10 799 9 13 0.025526453 
45 842 17 19 0.025475433 
69 316 476 540 0.024968835 
876 1029 60 75 0.02457413 
340 949 13 19 0.02453643 
616 969 16 19 0.024456931 
126 850 23 28 0.024352724 
175 829 11 12 0.02426004 
113 812 20 24 0.024170538 
16 659 28 29 0.024072975 
125 818 11 13 0.023996625 
820 668 13 18 0.0238492 
300 955 11 17 0.023812072 
994 920 25 32 0.023806805 
191 819 9 11 0.02346706 
80 817 10 13 0.023442805 
71 984 27 31 0.023435645 
404 951 12 15 0.02337914 
138 806 19 23 0.023230793 
838 563 31 36 0.022992035 
168 818 10 12 0.022913394 
278 184 435 542 0.022860114 
23 1051 23 32 0.022685114 
135 799 9 11 0.022512149 
34 1170 90 114 0.022325458 
131 837 12 14 0.022242103 
119 859 13 15 0.022102755 
904 583 11 13 0.021849336 
986 932 27 30 0.02164995 
97 808 19 25 0.021643525 
40 831 9 13 0.021629484 
224 815 9 11 0.021541309 
76 973 14 16 0.02149416 
752 512 16 19 0.02129377 
126 799 10 12 0.0210642 
118 791 8 10 0.02102529 
574 990 9 11 0.020967344 
79 844 14 18 0.020599443 
975 960 29 34 0.02057113 
173 806 8 11 0.020513508 
638 516 14 19 0.02049738 
52 838 12 15 0.020426676 
208 822 9 11 0.02037371 
396 821 125 172 0.020249708 
877 658 12 16 0.020156723 
399 954 14 17 0.020135665 
836 567 18 22 0.02003896 
