39_Ice_Skating_Ice_Skating_39_658
116
113 416 8 10 0.2848713 
52 418 11 14 0.1251067 
960 364 12 15 0.106369905 
473 74 26 29 0.0957707 
2 389 8 12 0.08756838 
888 408 9 10 0.0798825 
968 424 10 13 0.07328959 
183 415 8 11 0.0729932 
689 396 9 11 0.07279348 
201 408 9 11 0.06749441 
645 415 9 12 0.06716555 
150 397 8 11 0.06686917 
609 375 10 12 0.06653139 
86 414 8 11 0.061348338 
780 398 9 11 0.06033394 
443 68 15 19 0.05604838 
917 387 12 14 0.055138 
448 407 9 10 0.0550931 
988 414 13 16 0.05484789 
4 413 9 12 0.051870745 
82 415 8 11 0.049677867 
1015 406 8 12 0.049117025 
593 392 9 11 0.048155848 
878 399 10 12 0.04707195 
974 426 10 14 0.046821073 
598 392 8 10 0.045447998 
913 373 10 13 0.04526787 
792 420 11 12 0.04256717 
943 399 8 10 0.042513926 
740 406 11 14 0.04231002 
113 430 9 11 0.042248316 
185 406 8 10 0.04206481 
146 399 9 11 0.038958583 
655 414 9 12 0.038128868 
893 404 10 13 0.03798566 
973 411 9 13 0.03732695 
0 458 22 39 0.036496263 
982 420 13 16 0.035212126 
175 428 9 11 0.0348295 
176 422 9 11 0.034494165 
432 406 8 11 0.033595063 
168 415 7 10 0.03310891 
176 415 8 11 0.03275255 
990 407 10 12 0.03243604 
49 400 8 11 0.032233994 
47 428 9 11 0.032149293 
98 447 7 10 0.032067314 
52 404 10 12 0.031915337 
692 395 10 13 0.031229574 
439 407 8 11 0.031221349 
808 415 10 11 0.030993698 
695 415 12 15 0.030970234 
901 383 9 13 0.03071229 
223 429 9 11 0.030279135 
981 426 10 14 0.029923381 
145 406 9 11 0.02972689 
982 406 10 12 0.029568542 
204 411 10 12 0.029458228 
448 398 8 10 0.028924713 
780 414 10 14 0.02871584 
187 179 451 565 0.028405631 
459 44 12 15 0.02833187 
736 412 10 14 0.028262688 
115 419 10 12 0.027739646 
867 412 11 14 0.027472263 
464 53 40 50 0.027344916 
970 407 9 12 0.026604054 
680 398 9 11 0.026359843 
913 380 11 14 0.02599582 
189 413 9 11 0.025985835 
17 391 8 11 0.025969137 
992 396 10 12 0.025911108 
619 39 10 12 0.025696216 
102 421 9 11 0.025445689 
775 418 11 13 0.025276776 
447 383 8 11 0.02517126 
567 373 9 12 0.025104234 
895 387 11 14 0.024856923 
894 397 11 14 0.02450253 
87 408 8 11 0.024098279 
456 399 8 10 0.023930728 
417 -24 340 430 0.023754617 
870 406 11 13 0.023733139 
40 430 8 10 0.023682978 
645 397 10 13 0.023549702 
97 454 8 10 0.023269514 
80 420 10 12 0.022725359 
914 332 12 15 0.022698434 
0 395 9 13 0.022236228 
186 439 8 11 0.022144265 
671 399 8 10 0.022058295 
199 422 9 11 0.021933334 
190 407 9 11 0.021904856 
190 400 8 10 0.021895126 
103 416 8 10 0.0218822 
118 444 11 14 0.021738632 
993 388 10 14 0.02168747 
886 398 10 14 0.021623282 
387 45 13 17 0.02148208 
613 380 8 11 0.021446446 
615 368 7 11 0.021195209 
448 389 8 11 0.021138756 
750 413 9 13 0.021106308 
743 400 11 13 0.020947594 
544 396 9 13 0.020898715 
606 405 9 10 0.020893432 
448 367 8 11 0.02086436 
678 406 10 11 0.020825244 
142 356 12 14 0.020555506 
535 157 131 141 0.020458337 
103 430 8 11 0.020367002 
191 439 8 11 0.020130208 
754 451 14 17 0.02011516 
797 415 11 14 0.020056479 
982 388 11 14 0.020019095 
892 347 13 18 0.020018278 
