39_Ice_Skating_iceskiing_39_855
23
412 388 31 37 0.25395116 
402 478 47 59 0.20158587 
540 326 43 54 0.16235185 
486 422 52 76 0.11719697 
396 382 40 56 0.10343506 
617 387 11 14 0.048019864 
508 295 32 38 0.047388785 
620 379 16 19 0.040041972 
593 426 16 17 0.039824758 
383 247 401 497 0.038926788 
585 130 43 52 0.033533186 
426 398 18 23 0.032177564 
411 278 13 15 0.02933297 
395 407 27 36 0.028278831 
418 390 50 64 0.028067099 
378 397 41 54 0.026470814 
284 701 29 36 0.025385207 
410 397 20 24 0.025189977 
400 441 61 79 0.024425082 
394 488 32 44 0.023986924 
285 325 10 13 0.023971682 
393 258 16 20 0.022114033 
518 287 51 53 0.022089304 
