39_Ice_Skating_iceskiing_39_310
31
429 227 39 41 0.99408346 
186 155 36 44 0.98584855 
122 227 42 48 0.6650658 
343 250 28 37 0.51480246 
722 365 45 50 0.18148562 
349 258 38 56 0.09372629 
694 342 67 65 0.08443676 
329 251 43 69 0.08377952 
236 228 455 508 0.08068013 
148 155 43 56 0.0778527 
138 241 34 45 0.06900489 
376 264 29 38 0.059612755 
233 274 63 79 0.051361077 
696 373 66 69 0.050370775 
439 249 34 38 0.04420067 
655 351 66 67 0.0385344 
223 242 96 93 0.036710817 
386 265 17 22 0.036287222 
437 108 13 16 0.03472612 
624 306 54 58 0.033782195 
454 272 49 54 0.031338524 
843 329 27 33 0.030247357 
434 124 17 19 0.028539147 
668 323 16 18 0.028020285 
114 244 56 60 0.025153205 
685 397 69 82 0.02511413 
436 114 16 19 0.024826271 
442 161 17 21 0.024743143 
654 368 108 135 0.024362527 
143 221 29 44 0.02346916 
113 201 57 62 0.020614138 
