39_Ice_Skating_iceskiing_39_908
31
973 8 15 21 0.25590193 
436 461 8 12 0.21175948 
406 160 80 74 0.20619349 
974 244 27 38 0.11465221 
402 122 116 134 0.10484129 
980 27 32 40 0.090163454 
399 185 63 61 0.0812647 
974 4 24 29 0.08071337 
403 203 43 34 0.07374226 
488 456 9 11 0.064429924 
983 35 43 62 0.05417002 
150 549 7 10 0.05265745 
976 5 37 46 0.049307205 
146 551 8 10 0.046976246 
998 0 19 16 0.044963054 
350 429 45 64 0.04451066 
762 3 16 17 0.03831313 
996 57 27 52 0.03589853 
358 119 228 211 0.034934327 
30 459 12 13 0.03452335 
421 135 9 11 0.032389004 
992 4 30 36 0.032174855 
418 479 9 11 0.028401816 
395 189 44 38 0.026646657 
223 471 52 58 0.026258374 
428 487 10 12 0.02351328 
723 406 35 37 0.02297476 
437 466 9 12 0.022955488 
769 58 15 20 0.022298956 
341 85 45 47 0.020489471 
432 465 10 13 0.020445846 
