39_Ice_Skating_Ice_Skating_39_389
157
606 360 8 11 0.61002123 
544 361 8 9 0.5249323 
571 361 7 9 0.491598 
544 364 9 13 0.4829462 
409 376 8 10 0.4649914 
570 365 9 11 0.45227522 
672 365 7 9 0.43367425 
47 365 13 17 0.39509848 
460 369 9 11 0.33409297 
768 373 10 13 0.279264 
377 391 9 12 0.25288907 
461 381 11 14 0.24889576 
236 392 9 12 0.24333596 
324 397 11 13 0.23525475 
369 382 7 10 0.22704323 
638 364 8 10 0.21843427 
460 371 12 16 0.18597172 
509 361 8 10 0.17913745 
830 375 9 11 0.17700745 
506 359 8 10 0.17406227 
590 377 9 11 0.15456022 
273 389 8 10 0.13968277 
569 371 8 11 0.11584223 
545 370 10 13 0.115696006 
326 381 8 10 0.111793034 
422 391 9 12 0.11120887 
447 389 9 10 0.10801398 
741 367 8 10 0.10761435 
623 375 9 12 0.10485851 
503 373 9 11 0.10242936 
824 373 10 13 0.100718014 
792 382 9 11 0.09709324 
402 393 8 11 0.095194556 
409 146 118 144 0.08240497 
505 364 9 11 0.081387356 
634 365 8 10 0.08040611 
238 408 10 11 0.07964756 
769 369 7 10 0.074078225 
405 395 13 17 0.073739834 
495 393 12 14 0.07279894 
457 380 9 13 0.069717646 
823 367 8 12 0.069366954 
630 375 8 11 0.06876072 
727 379 9 12 0.06780517 
378 395 11 13 0.06742819 
617 376 9 11 0.066473685 
561 384 8 9 0.06506159 
602 363 8 12 0.06182252 
374 383 9 11 0.060949028 
633 392 8 12 0.05793029 
670 398 9 11 0.057699744 
818 374 8 11 0.056683384 
799 368 7 9 0.056476414 
669 392 9 12 0.05590095 
794 375 8 11 0.05540563 
276 398 10 12 0.055048358 
673 373 9 13 0.054052137 
737 336 7 9 0.05216266 
585 380 9 12 0.05184567 
567 392 9 11 0.051538877 
476 327 11 13 0.04848225 
498 388 14 16 0.047371596 
412 395 13 17 0.047226116 
415 392 11 12 0.04695526 
363 396 11 14 0.046234578 
375 403 10 12 0.0457652 
798 380 8 11 0.044816438 
737 391 10 13 0.044114485 
663 375 9 11 0.04400001 
751 376 7 9 0.043116428 
647 375 7 9 0.04297574 
501 382 12 14 0.041189726 
561 390 8 10 0.040004537 
477 363 9 12 0.03980563 
576 382 8 11 0.03962302 
672 416 11 13 0.039523065 
785 384 9 11 0.038953267 
790 389 9 12 0.038660526 
798 375 8 11 0.038576324 
326 377 7 10 0.038235225 
157 355 18 18 0.035021376 
537 391 8 11 0.03478124 
735 373 9 11 0.03408538 
599 382 8 11 0.03404064 
320 392 10 12 0.03393213 
474 359 9 12 0.033913594 
678 375 9 12 0.033412956 
792 398 8 10 0.033062734 
742 335 7 9 0.032718837 
360 393 9 11 0.03229242 
496 375 9 11 0.032255616 
646 367 8 10 0.031596337 
455 398 9 12 0.0315373 
541 390 9 11 0.030740693 
670 403 10 12 0.0306627 
743 373 8 11 0.030577457 
495 383 11 13 0.030171223 
784 389 10 12 0.029785769 
447 395 11 14 0.02914885 
766 405 9 11 0.028932964 
640 373 9 11 0.028149033 
472 364 10 12 0.027582264 
672 379 9 11 0.027459804 
461 398 9 12 0.02727645 
637 391 9 11 0.02719261 
775 391 8 11 0.027064193 
233 382 9 11 0.026913615 
761 390 7 10 0.026607938 
543 381 9 11 0.026593564 
676 366 8 10 0.026582198 
881 66 26 29 0.026450852 
413 381 9 11 0.026391454 
824 391 8 10 0.026384639 
767 389 9 11 0.02618167 
744 381 8 11 0.026149351 
607 374 8 12 0.025955584 
733 380 10 11 0.025810096 
536 382 8 10 0.025776371 
541 397 8 10 0.025553871 
612 130 401 488 0.02522163 
238 382 9 12 0.025067218 
766 400 8 9 0.025050415 
798 351 8 10 0.02474929 
766 368 17 23 0.024380974 
366 390 9 11 0.024127353 
758 337 8 9 0.024090229 
794 368 7 10 0.023968011 
599 399 8 10 0.0239429 
541 361 18 22 0.023879323 
606 381 8 11 0.023570811 
760 383 8 10 0.023056515 
428 390 8 11 0.022992726 
566 382 9 11 0.022992253 
639 404 9 12 0.022815663 
479 322 9 11 0.022783265 
792 336 8 10 0.022759356 
772 379 8 11 0.02269628 
488 375 8 10 0.022590803 
573 389 8 12 0.022342952 
733 414 10 14 0.021964965 
453 387 10 13 0.021871446 
638 398 9 11 0.021782706 
325 327 123 126 0.021764623 
819 368 8 10 0.02173697 
814 336 9 10 0.02114284 
752 351 8 10 0.021131096 
647 380 8 11 0.021111717 
823 361 7 9 0.02109147 
528 391 8 11 0.021021115 
806 376 8 9 0.020953733 
762 397 8 10 0.020933328 
551 390 8 10 0.020623507 
561 375 8 10 0.02047042 
-12 271 403 417 0.020234294 
536 374 8 10 0.020133229 
737 361 8 9 0.02012793 
374 385 18 24 0.020040989 
