39_Ice_Skating_Ice_Skating_39_252
93
717 181 30 35 0.9973912 
185 183 42 47 0.9894029 
514 176 23 28 0.9820774 
819 163 26 29 0.97855157 
474 184 23 28 0.9747848 
375 180 23 30 0.9589362 
322 176 23 29 0.94838053 
625 193 20 24 0.9468207 
413 168 21 26 0.8595476 
333 175 21 29 0.23937257 
898 136 17 22 0.19856682 
309 158 16 21 0.17834279 
523 181 24 30 0.15285489 
267 175 14 20 0.14965242 
301 213 22 28 0.13832627 
301 183 23 29 0.13713281 
546 163 16 19 0.11297041 
401 159 23 28 0.108908944 
394 158 17 22 0.1048939 
265 192 21 28 0.1046177 
346 178 15 23 0.10287283 
540 191 17 23 0.10147292 
584 346 11 13 0.094984435 
536 141 13 15 0.09150997 
267 186 16 22 0.08833923 
794 200 25 29 0.08733396 
423 170 16 23 0.0862317 
894 143 16 21 0.07413602 
519 150 10 13 0.072856136 
826 205 23 30 0.071121976 
295 162 14 19 0.067395814 
366 142 13 16 0.06365988 
304 164 21 27 0.061799638 
276 201 16 20 0.05451469 
315 169 21 29 0.052657146 
388 149 16 19 0.051526316 
437 170 14 20 0.05057245 
306 178 15 21 0.04746225 
853 174 12 17 0.046795025 
391 331 24 28 0.046636194 
593 301 11 14 0.04404072 
404 119 15 19 0.041066967 
533 135 21 25 0.040923566 
390 146 25 30 0.036950037 
444 166 14 18 0.03451952 
633 115 12 15 0.034423072 
546 140 11 14 0.033831876 
294 165 22 27 0.03290631 
301 196 17 21 0.03284821 
682 230 17 22 0.031396218 
609 183 16 21 0.031355552 
394 118 21 28 0.031298783 
322 229 22 26 0.03089995 
662 269 21 31 0.030054592 
386 179 20 28 0.029646633 
370 145 15 19 0.02925013 
615 187 23 29 0.028310666 
334 260 12 17 0.027739251 
477 159 12 14 0.027054131 
125 220 11 15 0.027032044 
592 294 11 14 0.02683483 
934 195 15 19 0.026794892 
586 127 9 10 0.026618233 
382 147 13 18 0.026477046 
329 263 27 38 0.025870444 
471 161 15 18 0.025833312 
526 345 9 10 0.025667125 
759 86 12 14 0.025493588 
300 446 16 19 0.024827745 
721 515 27 31 0.024739763 
400 113 9 12 0.024576152 
476 172 16 18 0.024275137 
300 157 18 20 0.02423939 
312 218 22 28 0.024063988 
692 227 17 23 0.024038281 
694 100 11 15 0.023756573 
388 134 23 27 0.02344862 
544 158 13 16 0.023258097 
365 152 18 20 0.022895135 
280 207 15 19 0.02267582 
962 75 21 28 0.022657314 
502 149 12 13 0.022633007 
647 179 14 17 0.02232539 
131 216 16 19 0.022243917 
807 165 26 31 0.022173246 
579 217 17 23 0.021959344 
550 150 11 15 0.02155927 
398 116 13 17 0.02076962 
904 133 15 20 0.02052798 
342 171 15 23 0.02047654 
2 250 9 16 0.02046713 
404 172 26 33 0.020208905 
273 177 15 20 0.02002442 
