39_Ice_Skating_Ice_Skating_39_417
25
319 245 64 80 0.9977748 
251 247 54 74 0.9977258 
503 282 69 88 0.99764806 
615 201 73 99 0.99552417 
478 165 14 20 0.9938232 
866 178 14 17 0.90483004 
370 166 16 19 0.8440051 
244 191 27 31 0.38735154 
980 165 10 12 0.25254086 
197 282 30 52 0.07621622 
424 207 9 11 0.06971142 
245 185 18 21 0.067156896 
976 169 13 19 0.058066174 
257 185 17 22 0.056915276 
257 708 28 35 0.055985115 
243 183 44 50 0.034167472 
390 218 27 45 0.03301414 
301 338 375 428 0.03002927 
989 168 10 13 0.029731235 
355 176 14 18 0.027136484 
981 175 16 19 0.022669626 
475 199 31 40 0.021837795 
483 191 27 34 0.021457938 
205 270 44 61 0.021239558 
312 180 12 15 0.0203777 
