39_Ice_Skating_iceskiing_39_943
57
574 811 81 113 0.9966558 
424 192 73 95 0.9963182 
164 848 65 96 0.78432256 
761 394 59 68 0.7447059 
109 307 31 53 0.24191616 
416 743 9 12 0.23588203 
593 305 354 471 0.20789999 
375 940 390 530 0.14957662 
48 311 60 65 0.11890149 
134 859 68 90 0.07495554 
81 306 49 57 0.059844002 
386 692 10 14 0.058343306 
493 532 30 30 0.043485872 
371 285 432 523 0.040525015 
757 398 38 48 0.040162142 
434 742 8 10 0.039018225 
370 177 14 17 0.037656043 
-12 966 224 276 0.035860676 
436 441 25 32 0.035119537 
140 998 14 18 0.034574665 
593 943 193 266 0.033389144 
328 167 11 14 0.032731008 
482 517 15 16 0.030995829 
385 720 7 10 0.030888759 
703 339 40 46 0.02981624 
47 1048 136 153 0.02895191 
384 635 8 11 0.028776815 
356 637 11 15 0.028321033 
526 430 14 18 0.027583433 
39 734 10 11 0.027467735 
341 738 9 11 0.027341038 
360 666 10 13 0.027271844 
749 413 65 81 0.026839286 
173 1014 14 16 0.026755426 
554 873 339 432 0.02643989 
349 701 8 12 0.026344085 
389 982 42 55 0.026146898 
469 764 11 15 0.02577323 
168 1020 26 31 0.025321279 
98 1171 14 15 0.02527374 
421 748 9 11 0.025093785 
631 492 167 251 0.024856344 
416 737 9 12 0.024130967 
6 322 114 139 0.02331472 
100 325 36 51 0.023176521 
685 437 14 19 0.022451641 
742 394 35 41 0.022406863 
398 749 8 11 0.022365509 
367 743 7 10 0.022122521 
797 399 34 46 0.022030376 
424 728 8 9 0.021886699 
374 677 8 11 0.02142665 
359 687 7 11 0.021402469 
768 358 58 76 0.021270601 
38 333 72 75 0.021017412 
1004 518 10 12 0.020296434 
785 411 39 46 0.02001515 
