39_Ice_Skating_Ice_Skating_39_661
393
808 360 14 19 0.95063955 
196 259 11 15 0.8922207 
471 301 10 13 0.8718608 
222 267 10 13 0.8182104 
92 324 14 17 0.8135671 
3 372 12 18 0.7627888 
409 423 27 25 0.6428917 
439 312 10 12 0.5758913 
75 234 12 15 0.572522 
161 294 11 14 0.4764197 
716 271 11 12 0.46593136 
162 298 13 17 0.44542834 
542 261 8 11 0.42238638 
343 191 9 12 0.4193139 
250 252 7 9 0.39484364 
510 255 9 11 0.33045924 
768 332 11 13 0.30954343 
107 246 14 16 0.2854991 
48 257 14 17 0.2270201 
616 179 8 11 0.22511819 
446 182 8 10 0.2083206 
416 388 13 17 0.20634685 
531 275 13 16 0.19943899 
533 268 12 17 0.17678566 
973 299 14 17 0.16297767 
789 222 9 12 0.15951836 
29 293 10 14 0.15727642 
286 195 10 13 0.15722853 
465 185 7 9 0.14948954 
479 375 10 13 0.14909199 
393 200 7 10 0.13813679 
446 317 9 13 0.13387842 
0 262 8 14 0.13114567 
591 224 7 9 0.12333461 
27 258 12 16 0.12095133 
248 347 13 15 0.12092472 
486 190 8 10 0.107203916 
865 227 108 116 0.10216943 
990 503 7 10 0.101047374 
452 505 16 20 0.10090896 
6 297 12 16 0.10038244 
717 228 8 11 0.09918216 
161 305 13 17 0.098737106 
383 181 7 9 0.09873569 
470 184 8 9 0.0963289 
945 523 8 12 0.09568533 
702 224 8 11 0.093874544 
253 253 8 10 0.09188029 
440 191 7 9 0.091667585 
11 292 15 19 0.09077684 
800 216 8 10 0.08951991 
617 168 8 10 0.08824957 
448 323 9 12 0.08540192 
757 252 15 20 0.08458917 
214 109 9 11 0.083876126 
651 133 8 11 0.08369944 
649 197 8 10 0.08335692 
0 45 16 22 0.07991351 
376 182 7 9 0.07890961 
566 243 10 13 0.078695 
369 200 9 11 0.07845338 
22 293 12 17 0.077984996 
150 380 13 17 0.07772185 
917 294 12 13 0.07669304 
809 70 40 55 0.07504228 
687 338 12 15 0.074341066 
445 508 16 18 0.073477075 
133 106 11 14 0.07323121 
713 224 10 12 0.07208985 
886 550 10 12 0.06995502 
0 353 9 14 0.06953277 
338 195 9 12 0.06940124 
930 517 12 15 0.06804241 
627 222 7 10 0.06756722 
350 370 11 13 0.06662739 
568 226 9 12 0.066146046 
818 434 21 27 0.06497914 
231 207 8 10 0.064850576 
351 239 7 9 0.064169325 
345 186 8 10 0.062265765 
1012 476 10 14 0.061460227 
12 341 14 17 0.060893297 
172 298 12 14 0.060890444 
360 197 9 10 0.060194544 
280 192 9 12 0.05925997 
648 193 8 9 0.05738382 
502 483 14 16 0.056844525 
232 118 9 12 0.056812525 
188 436 11 13 0.05542602 
729 203 10 12 0.054855067 
540 265 11 14 0.05478654 
218 265 10 11 0.053631965 
434 311 10 13 0.053386416 
372 203 8 11 0.053300172 
376 215 9 11 0.05307607 
743 253 8 12 0.053069863 
254 197 10 12 0.052387077 
199 429 11 14 0.05237842 
378 177 7 10 0.052296758 
620 132 10 11 0.05208859 
378 219 9 12 0.052011237 
360 190 9 11 0.05199247 
20 348 10 13 0.05053684 
609 191 8 10 0.05024285 
573 135 9 10 0.050086424 
560 264 9 10 0.049328268 
978 495 7 9 0.049259998 
878 536 9 11 0.04853807 
199 81 13 18 0.048227742 
424 225 7 9 0.04810462 
950 183 12 14 0.047769867 
480 182 7 9 0.047589686 
505 259 10 13 0.0474488 
614 230 8 10 0.04694035 
232 256 8 10 0.046861738 
934 512 9 10 0.046654366 
83 352 26 33 0.04578248 
586 224 8 10 0.045759726 
109 256 12 16 0.045656785 
598 223 7 10 0.045301665 
394 268 9 13 0.045277204 
488 185 7 9 0.045110166 
430 327 10 13 0.04501332 
13 335 10 12 0.044865537 
382 215 8 11 0.044768084 
650 185 7 9 0.044610538 
368 184 7 10 0.044459436 
210 424 14 19 0.043976028 
620 173 8 12 0.043948825 
1008 503 9 11 0.043779925 
409 406 27 29 0.043583542 
650 141 9 11 0.04345988 
598 147 10 12 0.043075684 
5 348 13 16 0.04287737 
982 288 11 13 0.042792555 
479 177 7 8 0.04205412 
348 189 9 12 0.04200491 
422 191 8 9 0.04194978 
974 313 12 14 0.04182736 
230 261 9 12 0.04169624 
790 216 9 11 0.04134233 
418 192 8 10 0.040973276 
792 206 7 8 0.040910777 
409 351 8 11 0.040708024 
811 428 17 19 0.040649097 
107 237 16 18 0.04051747 
469 188 8 10 0.040273506 
327 198 9 10 0.040045176 
598 133 10 10 0.039508533 
104 279 9 12 0.03921483 
218 310 9 10 0.039212637 
854 374 11 15 0.03888284 
761 206 8 10 0.038661335 
841 231 9 11 0.03850474 
468 297 17 22 0.038484443 
206 364 14 18 0.038297325 
223 193 6 9 0.038074996 
1007 509 8 10 0.037917014 
361 184 8 10 0.037779447 
776 199 9 10 0.03760033 
9 333 9 11 0.036954857 
871 241 15 18 0.036868285 
139 387 16 19 0.036860906 
358 206 10 13 0.036781307 
96 328 14 18 0.036540423 
226 268 10 13 0.036440805 
273 191 8 10 0.036425587 
261 196 9 11 0.036107343 
513 208 6 9 0.035881452 
253 203 10 14 0.035791703 
756 181 10 12 0.035401586 
980 293 13 16 0.034851573 
951 251 12 14 0.034803428 
572 142 10 12 0.03479178 
781 200 8 10 0.03454045 
356 211 10 14 0.03445247 
116 245 12 15 0.034247115 
546 407 7 10 0.033958387 
350 196 8 11 0.03384634 
573 148 9 12 0.033730645 
263 193 7 9 0.03368044 
413 382 14 18 0.033333413 
252 344 12 15 0.03331464 
505 342 8 11 0.033265494 
38 309 9 11 0.033171542 
474 373 11 14 0.032969892 
212 361 16 18 0.032883666 
753 139 9 13 0.032825027 
591 181 8 10 0.032652076 
584 143 8 11 0.032506056 
156 386 11 16 0.03238666 
654 184 8 9 0.03218051 
808 266 9 13 0.031821314 
818 133 9 11 0.031616665 
990 306 14 17 0.03153731 
577 174 8 12 0.03149513 
317 87 8 10 0.03147396 
263 404 11 14 0.031291053 
520 340 12 16 0.031257182 
520 304 9 12 0.031098783 
711 266 19 24 0.030954495 
561 180 8 10 0.030897833 
410 230 7 10 0.0307296 
358 229 8 10 0.030685177 
895 548 8 12 0.030594919 
452 318 9 13 0.030551646 
653 198 8 10 0.030488998 
627 215 7 10 0.030437665 
392 530 13 18 0.030411048 
133 394 16 20 0.03037097 
585 180 7 11 0.030255623 
926 417 9 11 0.030202432 
28 71 15 19 0.030188344 
752 257 12 18 0.03018459 
799 269 9 11 0.030140918 
215 275 9 12 0.030045312 
784 216 9 11 0.029923035 
218 263 18 22 0.029681195 
408 357 11 13 0.029619332 
566 181 7 9 0.02946551 
366 189 8 9 0.02945638 
327 212 12 15 0.029266113 
869 397 9 12 0.029200325 
503 105 186 214 0.029194707 
519 308 11 14 0.029152736 
423 197 8 9 0.028705947 
592 148 9 12 0.028693028 
28 246 12 16 0.028623633 
437 307 17 22 0.028549522 
431 197 8 10 0.028511196 
104 75 10 12 0.02839392 
326 206 10 13 0.028306035 
229 123 10 14 0.028258607 
1013 501 8 11 0.028242605 
615 238 8 10 0.028172579 
943 535 9 11 0.028165452 
990 294 13 16 0.02812093 
417 196 9 10 0.028105067 
40 351 9 11 0.027984248 
344 210 11 14 0.02792899 
369 264 10 12 0.02781697 
304 198 9 10 0.027513603 
412 389 22 25 0.02744364 
806 417 23 25 0.02740648 
951 438 8 11 0.027374078 
828 223 9 11 0.027355142 
126 244 10 14 0.02728567 
528 281 13 15 0.027278362 
785 227 11 14 0.027259903 
904 550 11 13 0.02721066 
300 96 8 10 0.027179154 
372 94 10 13 0.027060878 
597 182 8 10 0.02660317 
398 199 7 10 0.02659781 
482 373 12 14 0.026485711 
487 196 9 11 0.02631487 
520 315 10 12 0.026234388 
413 351 9 11 0.02617281 
459 501 13 19 0.026155442 
878 413 11 15 0.026151992 
3 259 11 16 0.02591555 
568 207 8 12 0.025821691 
698 228 9 11 0.02578547 
649 129 9 11 0.025777876 
974 283 12 14 0.025729809 
949 518 10 12 0.025729321 
538 257 9 12 0.025703419 
815 127 10 13 0.02564539 
774 191 8 10 0.025613256 
357 221 9 12 0.025367197 
6 287 15 18 0.02527178 
764 328 19 23 0.025208125 
397 205 8 10 0.025162784 
753 176 8 12 0.02504007 
205 222 8 10 0.025017781 
800 264 9 11 0.024993435 
4 384 12 17 0.024902312 
82 194 10 14 0.024886135 
736 254 8 11 0.024838895 
578 180 8 11 0.024761897 
388 293 10 14 0.024756694 
358 269 8 12 0.024699494 
719 189 8 10 0.02469871 
1008 446 10 12 0.024675313 
574 212 7 10 0.02461674 
829 229 9 11 0.024546312 
629 228 9 11 0.024525244 
392 191 7 9 0.024505712 
928 513 9 11 0.024464628 
510 341 10 12 0.024419729 
34 254 19 24 0.024409806 
460 492 12 15 0.02440911 
9 370 13 19 0.02435948 
205 207 8 10 0.02421627 
979 307 13 17 0.024176741 
773 91 9 12 0.02415419 
82 235 12 14 0.024111116 
209 107 10 13 0.023939585 
349 211 13 15 0.023880258 
415 229 8 10 0.023727648 
718 234 10 14 0.023711456 
397 264 10 14 0.023698876 
507 478 13 16 0.023692047 
992 297 17 20 0.023487668 
548 341 11 13 0.02338067 
147 390 15 21 0.023318581 
967 519 8 10 0.023132378 
296 176 8 10 0.02312791 
640 197 9 10 0.022997633 
985 502 10 11 0.022952324 
711 262 13 18 0.022950085 
935 533 10 12 0.022941677 
466 228 9 12 0.022898642 
151 111 8 11 0.022884455 
252 354 11 13 0.022766294 
109 363 11 16 0.02271872 
512 213 8 9 0.022691019 
180 294 9 13 0.022653103 
715 278 16 18 0.022620672 
572 224 9 11 0.022605905 
614 224 8 10 0.022566387 
381 238 9 11 0.02247599 
641 192 8 9 0.022471035 
142 127 9 11 0.02239852 
465 297 12 14 0.022329608 
95 74 11 13 0.022328315 
137 135 8 10 0.02231335 
193 264 11 15 0.022303585 
455 198 8 10 0.022299698 
217 192 7 10 0.022271035 
49 185 198 233 0.022173267 
510 301 9 12 0.022169214 
744 350 8 10 0.022108665 
50 251 21 28 0.02209977 
989 287 12 15 0.022047132 
350 185 8 10 0.021846125 
145 205 8 10 0.021825885 
238 261 8 12 0.021815935 
212 433 13 14 0.02179901 
990 508 8 10 0.021718755 
431 216 112 137 0.021695137 
191 431 12 14 0.021678792 
465 304 12 16 0.021670239 
260 349 10 13 0.021585323 
976 500 8 10 0.02157471 
796 352 21 24 0.021568114 
849 374 11 16 0.021464553 
679 199 8 9 0.021451794 
609 196 9 12 0.02143254 
727 246 9 11 0.021405865 
115 237 13 16 0.021356724 
655 149 7 10 0.02130914 
694 174 9 11 0.02128795 
856 366 9 12 0.02126144 
295 98 11 13 0.021152029 
654 190 7 10 0.021138651 
352 230 9 11 0.021127373 
593 133 9 10 0.02108489 
439 197 8 10 0.02105566 
384 189 8 11 0.02095859 
536 256 18 23 0.020946633 
256 403 13 16 0.020917306 
917 285 14 15 0.020869266 
334 211 9 13 0.020839406 
934 293 14 17 0.020832587 
21 357 10 13 0.020709343 
471 239 10 12 0.020705918 
567 177 8 10 0.020704266 
576 259 10 12 0.020700147 
293 373 9 10 0.02065356 
319 239 9 10 0.020644737 
148 434 17 19 0.020609692 
682 329 21 25 0.020481566 
761 244 16 19 0.020479154 
687 176 7 9 0.020468144 
189 138 14 16 0.020389182 
407 370 13 16 0.020363443 
351 288 8 12 0.020330539 
784 235 9 13 0.020302555 
238 319 8 11 0.02029588 
922 293 13 15 0.020269325 
287 201 9 13 0.020243471 
766 214 9 11 0.020197587 
413 372 13 17 0.020195669 
409 224 8 11 0.020191208 
1003 510 8 10 0.020173686 
919 526 9 11 0.02014613 
206 103 10 12 0.020144738 
24 287 19 24 0.020118836 
196 89 14 18 0.020090114 
727 251 10 13 0.020079022 
984 306 23 27 0.020073576 
743 260 11 15 0.020015636 
