39_Ice_Skating_iceskiing_39_138
90
25 120 36 40 0.95645756 
295 210 60 55 0.84773713 
40 114 29 42 0.63016844 
577 170 94 123 0.5186289 
389 338 28 33 0.37072724 
349 399 29 37 0.29351214 
696 106 93 131 0.2708178 
553 103 103 107 0.21156469 
0 316 25 38 0.18798847 
817 198 51 80 0.15511397 
31 267 29 36 0.14615288 
251 238 25 30 0.11568265 
622 112 100 147 0.10871388 
274 219 60 67 0.10127883 
621 762 97 113 0.08992246 
0 127 8 14 0.085286036 
333 403 32 40 0.08043907 
319 405 29 36 0.071156055 
19 101 31 36 0.070668235 
274 250 26 41 0.06958967 
52 112 27 36 0.0685682 
252 241 57 55 0.06723658 
501 438 65 64 0.05823985 
365 738 44 46 0.05402206 
41 452 13 15 0.052005835 
811 220 32 52 0.050650183 
0 262 21 35 0.047751077 
65 452 13 17 0.047102258 
806 337 80 80 0.046315603 
50 799 43 57 0.04612384 
670 118 81 139 0.045310616 
725 446 226 285 0.044569314 
23 278 28 34 0.04452104 
406 91 204 198 0.042257383 
19 92 27 28 0.041546628 
605 280 355 434 0.041329157 
65 122 14 20 0.040165875 
791 390 41 45 0.03993477 
254 239 14 19 0.039437138 
429 432 122 121 0.037165314 
231 237 55 51 0.035933048 
784 153 81 128 0.03482813 
28 274 19 21 0.03477291 
47 165 44 58 0.03379494 
388 464 30 31 0.033254452 
631 177 65 90 0.033046417 
218 279 402 506 0.03250591 
36 437 12 14 0.031923883 
411 424 32 34 0.03160622 
762 280 36 40 0.031324748 
461 394 108 114 0.030767372 
288 206 41 45 0.03069902 
379 852 47 59 0.030121991 
211 225 25 30 0.029482165 
225 284 32 32 0.029079068 
93 319 43 47 0.02905545 
74 166 31 48 0.02899648 
316 193 62 71 0.028913893 
220 222 15 18 0.027390232 
836 709 25 32 0.027281968 
294 185 104 115 0.026921913 
24 271 42 54 0.02666644 
476 403 11 13 0.026189696 
397 455 109 125 0.02617442 
15 434 10 13 0.025661029 
233 240 30 33 0.025530202 
5 271 25 36 0.025442567 
230 306 50 53 0.025226478 
265 243 15 19 0.024933023 
405 404 47 49 0.024634253 
102 241 17 21 0.024158854 
11 282 39 55 0.02414349 
307 408 29 36 0.023600958 
0 521 40 60 0.023466492 
810 295 123 143 0.023442443 
11 260 28 36 0.023180414 
207 227 50 51 0.023051983 
44 132 30 35 0.02289192 
77 453 10 13 0.02264501 
363 137 17 18 0.022472087 
237 244 15 17 0.022190344 
32 450 13 17 0.022114258 
286 226 36 43 0.022066781 
29 229 25 32 0.021662602 
246 242 16 19 0.021286834 
353 735 35 46 0.02113641 
799 231 32 47 0.020789772 
203 245 14 17 0.020656032 
200 231 26 33 0.020459702 
420 548 13 17 0.020403048 
