39_Ice_Skating_Ice_Skating_39_169
84
330 830 35 46 0.8471552 
239 783 20 25 0.6833647 
911 706 52 50 0.3639887 
659 1105 23 29 0.14851417 
401 876 9 12 0.1449839 
814 849 13 16 0.13391495 
938 905 13 17 0.12919892 
380 857 11 14 0.121909015 
550 839 9 10 0.107037134 
511 845 8 10 0.08831797 
904 695 42 47 0.08457929 
497 856 8 9 0.08114581 
356 663 20 28 0.076541364 
625 853 8 11 0.074681856 
220 814 11 15 0.069629855 
578 580 412 466 0.057975326 
520 856 8 10 0.05793785 
533 840 11 12 0.05418913 
874 900 12 15 0.054144356 
387 648 16 23 0.047358353 
274 641 27 32 0.04711078 
501 855 8 10 0.046812944 
520 847 7 10 0.04586027 
217 820 11 14 0.042339962 
518 912 9 10 0.042103555 
349 671 17 22 0.0418839 
520 861 9 11 0.041614145 
666 1118 30 31 0.041582055 
388 621 12 15 0.041490763 
536 877 8 10 0.04084394 
573 837 10 12 0.040754117 
541 871 8 10 0.04035095 
654 1103 16 25 0.03990934 
406 851 9 12 0.03912133 
525 625 14 19 0.038722336 
494 840 8 10 0.038287774 
293 1227 58 81 0.03802981 
552 856 8 8 0.036673483 
734 707 13 17 0.03398056 
382 654 20 28 0.03350012 
544 839 9 11 0.03211612 
789 797 11 14 0.032091085 
926 722 41 47 0.032083165 
388 696 14 20 0.03128351 
512 872 7 10 0.031046225 
270 848 16 18 0.030823022 
505 846 8 10 0.030726997 
513 856 7 10 0.029633248 
200 848 9 13 0.029611535 
459 663 16 19 0.029424574 
363 656 23 29 0.029115772 
514 860 7 10 0.029093735 
625 849 7 10 0.028881405 
526 855 7 9 0.02775279 
405 872 9 12 0.027695479 
658 910 8 11 0.026304353 
518 839 10 12 0.025731454 
314 671 16 22 0.025164276 
776 892 9 11 0.024662511 
374 853 20 24 0.024308719 
422 856 8 10 0.024265166 
528 845 8 11 0.024105994 
684 1087 27 33 0.023813587 
632 840 7 9 0.023675745 
329 653 26 32 0.023479357 
526 904 8 11 0.023398127 
455 879 10 12 0.023285462 
43 740 14 17 0.022804262 
839 844 13 16 0.022628998 
315 661 26 34 0.022377456 
472 844 11 14 0.022348488 
547 -3 410 490 0.022333384 
263 842 30 35 0.021971544 
719 706 37 44 0.021844668 
505 841 8 9 0.021833424 
528 839 10 12 0.021673338 
541 864 8 10 0.021200916 
661 1146 51 63 0.02112042 
559 847 7 10 0.020527326 
336 851 20 27 0.020494346 
662 839 8 11 0.020480433 
441 855 7 9 0.020383906 
551 845 9 10 0.020310093 
821 896 10 13 0.020079508 
