39_Ice_Skating_iceskiing_39_696
19
363 213 25 26 0.98008037 
610 254 29 31 0.88696593 
354 315 13 14 0.10806833 
646 342 12 14 0.09850482 
576 358 11 14 0.09086721 
390 318 13 15 0.060154576 
596 413 11 13 0.047919277 
385 316 11 14 0.04400888 
642 361 9 11 0.042336963 
363 342 16 18 0.034840137 
357 332 13 14 0.028089521 
600 403 12 13 0.027696397 
354 346 25 29 0.024322603 
356 324 14 16 0.02392542 
383 308 13 17 0.023383027 
605 256 20 25 0.022872621 
607 239 29 36 0.022413654 
359 337 13 17 0.021468094 
609 358 9 11 0.02005139 
