39_Ice_Skating_Ice_Skating_39_438
38
749 363 113 143 0.99996066 
340 247 94 134 0.999493 
627 321 57 70 0.9972185 
701 474 48 61 0.24337815 
1002 508 13 17 0.20613381 
640 155 32 32 0.109704755 
1004 471 11 14 0.099555455 
69 540 11 15 0.08121875 
556 461 10 13 0.08093735 
602 -4 380 441 0.075930424 
468 101 10 12 0.06195683 
46 500 14 19 0.05796095 
1006 597 17 40 0.05416843 
59 495 25 31 0.047404356 
0 487 21 34 0.042729113 
573 614 70 70 0.041077204 
999 544 23 34 0.038693324 
550 520 13 16 0.031079793 
440 243 13 16 0.03093044 
993 580 29 48 0.028694596 
685 457 77 98 0.027753815 
949 585 55 71 0.02640412 
222 42 14 18 0.025430867 
421 126 10 12 0.025137076 
49 495 23 30 0.025037315 
411 1153 121 178 0.023774233 
906 742 42 39 0.023094788 
364 1073 194 302 0.023058511 
981 580 27 39 0.02253494 
59 1095 114 130 0.022346113 
352 852 404 558 0.02178216 
39 415 8 12 0.02172611 
964 616 29 33 0.021396691 
553 457 10 13 0.021360165 
553 504 26 32 0.020789282 
977 586 43 69 0.02016225 
890 65 150 200 0.020121962 
587 590 57 66 0.0201059 
