39_Ice_Skating_iceskiing_39_349
25
815 284 52 62 0.99424815 
639 302 34 52 0.9282469 
740 547 207 252 0.19708504 
225 321 42 67 0.13548383 
427 320 30 37 0.05121957 
347 278 93 120 0.0471025 
516 572 30 32 0.041441113 
599 286 31 42 0.036184017 
642 473 330 396 0.034192674 
492 305 16 21 0.03214483 
412 309 10 13 0.030448398 
426 307 27 35 0.029541954 
422 353 14 18 0.028419781 
433 305 18 22 0.02821011 
219 291 72 117 0.02678533 
765 619 137 152 0.026678948 
750 400 32 37 0.026267134 
421 324 12 15 0.025882473 
50 302 15 19 0.024570188 
-22 421 251 236 0.023427164 
596 274 25 36 0.02232195 
421 335 24 32 0.021629868 
400 308 51 72 0.021580528 
2 111 396 489 0.020382334 
429 293 48 66 0.020343088 
