10_People_Marching_People_Marching_10_People_Marching_People_Marching_10_552
61
440 100 70 89 0.99870443 
839 87 12 16 0.32279477 
714 4 17 20 0.30806777 
692 97 14 16 0.21661907 
795 91 11 13 0.18515974 
902 172 13 18 0.12589267 
883 82 15 20 0.12427984 
683 -1 19 19 0.09938169 
744 93 14 17 0.08363392 
427 38 17 21 0.076879 
835 0 16 14 0.073186405 
930 0 17 14 0.060018882 
570 -2 63 61 0.058372736 
853 -1 17 14 0.05457847 
912 27 16 20 0.045976307 
828 17 15 19 0.03810092 
755 117 14 19 0.037786946 
893 1 17 20 0.037661567 
656 89 12 15 0.03654576 
749 116 14 16 0.0362144 
832 27 24 31 0.035332106 
843 0 15 14 0.0346644 
632 22 28 37 0.03201032 
828 25 16 22 0.0315267 
681 113 16 19 0.03087651 
589 0 34 37 0.030586824 
478 9 16 19 0.03045413 
1 9 14 19 0.029424831 
256 314 65 60 0.028678589 
325 114 15 17 0.028549017 
250 269 36 32 0.028304499 
126 36 13 16 0.027341394 
790 87 19 24 0.027118249 
481 3 18 19 0.02563774 
829 4 24 30 0.025608107 
0 74 8 14 0.0250811 
567 0 38 41 0.025007334 
993 -1 29 33 0.024694651 
531 128 15 18 0.02428035 
663 172 14 18 0.02370847 
917 116 25 27 0.023706382 
632 -1 21 17 0.023316965 
209 60 16 19 0.022506049 
862 177 17 22 0.022352472 
182 152 12 15 0.022340033 
522 -2 18 14 0.02219773 
629 93 14 17 0.02218277 
689 -1 24 24 0.022043781 
177 -1 21 18 0.021884972 
382 -1 13 10 0.021641169 
880 37 25 31 0.021622727 
748 105 14 17 0.0214721 
416 98 11 12 0.021453725 
838 121 21 27 0.021408178 
951 0 13 12 0.021149367 
340 84 11 13 0.020905463 
0 41 219 209 0.020706607 
771 191 24 31 0.020505898 
142 123 12 13 0.020437315 
773 88 14 19 0.020333726 
514 107 49 65 0.020180082 
