10_People_Marching_People_Marching_2_27
99
363 182 28 36 0.994705 
860 206 27 33 0.9906447 
834 230 28 36 0.9902361 
575 191 34 45 0.9895131 
914 212 28 34 0.97445416 
430 185 31 38 0.9685083 
647 182 26 34 0.96681 
264 192 24 33 0.9630579 
787 229 29 38 0.95975775 
704 201 32 41 0.9592971 
536 196 31 42 0.95258486 
211 202 21 29 0.9370079 
35 204 31 36 0.93062264 
483 195 22 28 0.9018239 
19 189 27 32 0.84768134 
519 194 24 32 0.84253424 
132 199 27 29 0.81426054 
916 262 34 49 0.7424769 
610 206 29 35 0.6235966 
305 180 34 41 0.5717552 
26 196 30 36 0.443249 
462 150 23 31 0.3284166 
649 216 29 35 0.32611045 
201 46 43 59 0.23896831 
0 190 13 26 0.22166252 
761 234 15 22 0.18001339 
210 189 14 17 0.17926016 
879 179 27 28 0.16633068 
647 199 28 38 0.16381162 
266 238 12 15 0.15622757 
911 230 30 36 0.13403961 
809 307 53 65 0.11630691 
124 203 15 20 0.11212621 
549 191 37 47 0.11146732 
539 179 17 19 0.10750954 
772 204 25 29 0.09721241 
923 274 48 49 0.09462201 
848 223 29 36 0.08561492 
801 229 25 36 0.077555135 
762 225 25 35 0.070463404 
909 246 34 49 0.06735194 
615 203 21 22 0.065274164 
206 193 22 29 0.064495966 
319 180 39 50 0.063430026 
267 190 14 19 0.06294448 
301 475 15 20 0.05457736 
544 185 19 23 0.054052413 
531 186 28 34 0.052575782 
990 214 14 22 0.052480094 
465 140 17 19 0.048761982 
775 220 31 40 0.047566634 
708 186 25 31 0.044814784 
213 61 13 15 0.044669334 
814 267 28 33 0.04458018 
166 172 14 16 0.043865923 
628 205 34 43 0.043493215 
573 180 29 34 0.04278121 
610 213 42 46 0.04267505 
842 395 83 124 0.03869726 
454 162 28 34 0.038153395 
590 195 37 46 0.03792807 
205 68 12 14 0.03782518 
568 150 25 30 0.03686838 
352 160 15 18 0.036694735 
707 129 15 20 0.035264682 
822 242 30 37 0.03472554 
873 187 25 30 0.03433459 
956 268 45 51 0.03317293 
122 202 26 33 0.032562487 
162 184 27 32 0.031015681 
442 189 38 48 0.030638639 
569 14 8 11 0.029659463 
721 214 17 22 0.02837978 
341 184 26 35 0.028228074 
0 184 10 17 0.028095933 
341 122 26 28 0.027116373 
335 118 39 49 0.02696689 
842 5 42 57 0.026934868 
818 231 27 36 0.026616095 
347 184 16 22 0.02604354 
463 110 24 27 0.024173407 
714 181 16 20 0.02413246 
154 207 16 20 0.023971304 
282 233 31 38 0.023886085 
319 185 20 25 0.023620356 
271 186 36 50 0.022803783 
4 194 28 38 0.02267681 
981 284 15 21 0.022669649 
975 209 10 15 0.022328824 
414 204 34 37 0.021849474 
588 395 129 164 0.021535022 
984 203 23 37 0.0215103 
644 214 16 21 0.021360785 
901 447 27 46 0.02125786 
151 190 26 31 0.021243189 
803 244 42 51 0.021159638 
464 125 23 28 0.020629387 
695 106 30 39 0.020359103 
24 182 17 18 0.02033981 
