10_People_Marching_People_Marching_2_944
85
247 512 37 42 0.99371594 
483 452 33 40 0.9932239 
607 455 44 51 0.98521096 
55 450 38 55 0.84425735 
130 483 31 34 0.68995327 
110 415 43 58 0.60694164 
235 468 26 32 0.54535043 
290 485 31 40 0.521273 
209 538 31 44 0.3787566 
577 439 28 38 0.14900905 
171 503 18 25 0.13704687 
680 273 44 59 0.118057124 
651 445 29 38 0.07597582 
11 456 41 65 0.068479754 
72 562 27 36 0.06410907 
132 28 15 19 0.06202436 
38 459 30 43 0.061573137 
27 145 31 37 0.06078035 
65 531 18 22 0.05896268 
259 449 23 28 0.05627152 
261 421 24 31 0.05084105 
57 -47 396 503 0.050560433 
3 837 23 33 0.05002484 
650 395 17 18 0.048650034 
153 494 25 33 0.04497022 
493 394 17 23 0.040325128 
544 459 38 55 0.039789647 
259 434 27 34 0.039748803 
399 599 377 480 0.039433952 
666 642 34 32 0.03808606 
459 387 28 39 0.03721318 
714 402 18 23 0.03697703 
0 413 27 44 0.03553217 
36 6 24 27 0.035122797 
46 805 16 19 0.0350168 
611 640 76 71 0.034716375 
310 539 33 43 0.034548614 
178 507 18 24 0.034404613 
151 301 31 45 0.03424612 
790 7 237 230 0.034075703 
24 35 23 31 0.033962734 
225 542 28 39 0.03312653 
14 543 29 37 0.03251196 
495 751 212 327 0.032238577 
974 18 50 72 0.031577017 
250 455 24 31 0.031082306 
0 470 30 54 0.03069455 
168 83 14 17 0.030569512 
38 3 16 18 0.030496886 
147 202 27 33 0.029935135 
566 445 28 38 0.029465249 
236 460 18 22 0.029032713 
636 451 33 40 0.027730888 
220 530 26 39 0.027439618 
292 480 19 26 0.02743843 
185 580 32 42 0.027189253 
128 498 32 39 0.02676027 
248 583 25 31 0.026561307 
475 443 29 41 0.026442418 
299 535 31 37 0.02643202 
132 535 29 38 0.025950078 
595 365 27 31 0.025722979 
310 420 33 42 0.024805224 
185 137 27 35 0.024291746 
936 6 94 108 0.023985276 
22 536 379 526 0.023294322 
282 529 28 34 0.023271907 
103 15 25 30 0.022666756 
0 665 11 23 0.022467196 
676 801 56 65 0.022119828 
49 18 14 19 0.022029374 
23 123 47 56 0.021870503 
27 466 28 38 0.021857914 
583 392 18 23 0.021343665 
304 479 29 36 0.02121596 
23 30 12 17 0.020926606 
689 546 51 67 0.020897549 
125 23 25 31 0.020869933 
129 521 29 38 0.020750005 
112 478 28 38 0.020575196 
665 440 29 36 0.02056018 
654 460 29 36 0.020451581 
33 89 35 41 0.020317493 
699 292 32 43 0.020242492 
234 523 28 37 0.020120457 
