10_People_Marching_People_Marching_2_277
452
50 187 42 62 0.9802478 
369 183 25 31 0.95407856 
838 185 24 28 0.949303 
869 194 15 19 0.92116547 
818 190 17 21 0.87062675 
332 181 16 21 0.7375358 
913 186 21 25 0.7289078 
422 182 29 33 0.7203122 
470 178 14 18 0.7149184 
621 187 29 35 0.7068952 
195 262 16 21 0.6880286 
506 196 20 26 0.633962 
942 186 13 17 0.6339142 
974 191 16 20 0.6050142 
1011 184 12 19 0.58736 
560 181 8 11 0.5731739 
675 193 16 21 0.541413 
492 202 12 17 0.48817366 
765 194 14 17 0.39533663 
263 177 12 14 0.38642797 
233 177 11 15 0.33407316 
414 172 29 34 0.30103266 
758 187 23 28 0.27475768 
742 195 9 13 0.26141164 
960 178 10 13 0.2573804 
316 188 12 14 0.25016937 
20 202 12 17 0.23153354 
4 202 18 22 0.21080871 
890 219 13 16 0.20530677 
99 262 53 64 0.1999341 
950 238 13 17 0.19208585 
992 194 11 15 0.19202636 
891 197 11 14 0.1913652 
535 181 11 15 0.17681737 
945 219 12 15 0.16474368 
496 175 9 11 0.15887552 
255 214 9 12 0.15828389 
315 273 21 29 0.15297015 
1005 220 13 17 0.14692889 
224 215 8 12 0.14362508 
231 379 25 36 0.14118136 
718 190 9 11 0.13730887 
1006 216 11 13 0.13717243 
521 203 14 18 0.13573375 
922 196 15 22 0.13545117 
311 184 10 12 0.1345136 
423 306 21 26 0.1344602 
781 203 13 17 0.13401046 
875 234 15 20 0.13233857 
589 188 10 14 0.12966537 
964 175 10 12 0.12708089 
581 212 9 11 0.1219178 
24 168 8 10 0.11795816 
450 167 14 18 0.10509056 
96 205 36 49 0.10471804 
557 213 11 14 0.10459065 
551 166 8 10 0.10237362 
782 196 14 17 0.10079362 
711 190 8 11 0.09922693 
541 179 9 14 0.09827872 
804 196 11 15 0.0975834 
749 195 11 13 0.09749679 
933 184 14 18 0.09683045 
606 178 41 53 0.09487099 
487 197 14 19 0.09262956 
692 201 12 19 0.09199254 
28 202 12 16 0.09100148 
415 253 13 16 0.090395965 
996 190 10 15 0.08936527 
704 188 10 13 0.088263966 
835 242 14 17 0.08674872 
474 182 14 19 0.08559958 
493 197 19 26 0.08350282 
294 177 8 11 0.08268327 
573 181 9 12 0.08167391 
685 182 11 13 0.08103642 
389 238 16 20 0.080561966 
481 247 22 33 0.08026512 
950 195 10 14 0.07968824 
553 180 9 12 0.078922436 
798 195 13 16 0.0771512 
491 389 16 20 0.076452315 
646 238 10 13 0.076448545 
566 182 9 11 0.0748799 
532 206 11 13 0.074727476 
782 229 12 14 0.07411624 
741 205 9 14 0.07023085 
576 160 8 10 0.06894523 
476 210 13 16 0.068607144 
894 179 12 14 0.06777837 
534 510 11 13 0.06746405 
716 221 11 15 0.0670869 
947 225 14 17 0.06678311 
212 239 24 30 0.0663843 
453 157 12 14 0.066058986 
825 187 16 20 0.065477684 
270 227 14 16 0.06515412 
790 272 14 20 0.06467866 
460 168 19 24 0.06421962 
544 176 9 12 0.06279595 
923 183 14 18 0.062557146 
964 201 14 18 0.06255556 
892 190 12 16 0.062537394 
257 180 11 12 0.062167287 
382 249 24 30 0.06100233 
569 152 7 8 0.05970728 
261 172 19 24 0.05957258 
272 199 9 11 0.05862848 
281 165 8 11 0.058390785 
982 231 12 16 0.05826411 
1011 219 10 15 0.057867378 
443 247 42 51 0.057543907 
557 159 8 9 0.05718676 
573 245 10 14 0.05704469 
451 295 18 23 0.05650402 
655 220 13 15 0.056430973 
66 197 44 57 0.05609858 
13 206 22 31 0.05598773 
797 235 15 18 0.055986434 
634 266 16 20 0.055218566 
186 263 27 34 0.05431439 
293 196 11 13 0.05403756 
342 142 7 9 0.05403271 
734 191 12 15 0.05402766 
759 199 14 18 0.053467415 
992 291 11 14 0.052943684 
782 283 12 17 0.052736364 
670 191 15 19 0.05235089 
305 182 8 12 0.051198382 
550 175 9 12 0.05116327 
747 186 23 28 0.051035166 
885 259 15 21 0.05028019 
683 198 15 21 0.04988319 
453 188 12 16 0.04900836 
606 190 11 13 0.04867721 
601 152 8 10 0.04863118 
469 253 28 34 0.048039008 
711 241 13 18 0.048037615 
860 186 20 26 0.047769718 
768 195 20 27 0.047646154 
859 262 22 28 0.047475766 
770 188 12 17 0.047186647 
484 304 18 23 0.047137383 
625 205 18 23 0.04703986 
720 197 10 12 0.046554163 
200 206 8 11 0.04637783 
772 227 13 15 0.046219293 
351 161 14 16 0.046201464 
107 167 31 40 0.046030454 
246 253 13 15 0.04595884 
414 302 22 27 0.04522778 
454 149 13 14 0.04522562 
384 263 14 18 0.045211002 
682 187 15 20 0.04464491 
717 183 10 12 0.044504836 
440 186 22 30 0.04425366 
244 260 14 17 0.044250812 
890 202 15 19 0.043914877 
168 202 10 13 0.043900114 
145 213 11 15 0.043760847 
413 173 17 19 0.043610323 
665 195 11 15 0.043347526 
859 212 14 17 0.04322416 
464 179 14 20 0.04305894 
629 223 15 18 0.042737667 
807 191 11 14 0.042158876 
393 196 19 27 0.04198219 
402 206 15 21 0.041880652 
188 253 20 23 0.041667707 
607 197 12 15 0.04155527 
716 225 14 19 0.041527435 
249 214 9 12 0.041388575 
459 253 26 29 0.041189387 
700 204 13 17 0.041145623 
720 203 10 13 0.041091334 
1 150 8 13 0.041079342 
543 250 26 33 0.041072246 
958 204 12 15 0.040909324 
21 172 11 15 0.04077644 
768 223 11 14 0.040694423 
789 192 11 16 0.04058731 
551 188 10 13 0.040409774 
982 183 12 14 0.040396582 
708 250 16 19 0.040028434 
315 184 20 24 0.039758764 
869 260 22 28 0.039679553 
485 179 12 15 0.039674662 
530 264 25 31 0.039465144 
552 217 13 16 0.03941682 
989 181 11 14 0.039105974 
173 182 8 11 0.039102163 
553 160 9 11 0.039070334 
220 214 9 11 0.038445644 
570 158 8 10 0.038399994 
903 188 13 16 0.03800881 
344 158 9 11 0.037620183 
238 264 15 19 0.037580084 
274 232 16 19 0.037337188 
1001 224 13 17 0.036994036 
342 151 8 10 0.03674544 
887 253 12 17 0.036715023 
572 198 9 12 0.03668171 
238 168 10 13 0.036675546 
442 138 28 31 0.036646638 
485 227 14 17 0.036294583 
292 252 14 16 0.03627271 
744 181 10 12 0.03626031 
233 354 13 16 0.03618365 
543 150 8 10 0.035902902 
277 199 10 12 0.035855778 
394 287 23 26 0.03539686 
726 197 9 13 0.03523271 
366 158 10 12 0.035187 
461 245 16 18 0.034957986 
997 202 12 14 0.034951016 
242 388 17 24 0.034931425 
263 168 11 14 0.034861952 
609 202 12 16 0.03485847 
886 191 12 16 0.034774713 
312 192 13 16 0.034603197 
183 197 8 10 0.034453753 
982 214 12 15 0.034319364 
842 262 13 16 0.034179464 
239 187 11 14 0.034092978 
997 287 11 15 0.034004893 
491 253 14 23 0.03360186 
325 230 10 11 0.033565506 
363 185 21 23 0.033546854 
759 244 13 16 0.03337492 
575 206 9 11 0.033078335 
559 185 11 13 0.032988444 
620 191 19 22 0.03272585 
967 194 15 18 0.032371003 
533 231 41 51 0.032185216 
992 177 9 11 0.03214166 
167 229 13 17 0.032022323 
926 233 12 14 0.032002576 
272 290 18 20 0.031878497 
419 198 17 23 0.031694997 
288 220 13 17 0.031599503 
930 199 15 19 0.031586792 
607 158 8 10 0.0313858 
198 198 8 11 0.031327512 
633 189 16 21 0.031191308 
223 197 9 11 0.03117825 
301 196 10 13 0.031158827 
499 180 12 13 0.031039506 
229 214 8 12 0.03103368 
484 188 12 15 0.031023538 
884 223 14 19 0.030951595 
781 217 15 20 0.030919144 
659 214 14 17 0.030892868 
525 187 13 16 0.030858679 
205 251 13 18 0.030798616 
801 229 14 19 0.030732492 
22 198 20 26 0.030577315 
198 193 8 10 0.030527426 
319 228 10 13 0.030499754 
199 247 22 29 0.030484501 
245 174 9 13 0.030465677 
254 189 12 13 0.03015869 
256 175 10 12 0.03011557 
854 215 13 16 0.030060006 
998 181 10 15 0.03004894 
431 166 27 32 0.030010179 
605 153 8 9 0.030003412 
275 179 11 15 0.029974263 
776 207 14 20 0.02983833 
384 187 17 22 0.029595345 
716 233 15 20 0.02959466 
53 255 13 17 0.029589025 
608 284 12 17 0.029580353 
709 265 17 20 0.02953296 
355 405 11 12 0.029475126 
744 176 9 11 0.029393766 
442 272 29 33 0.029334977 
715 271 16 18 0.029321542 
557 165 10 12 0.029289648 
575 188 9 12 0.029264322 
338 348 19 21 0.029245349 
536 281 18 22 0.029221386 
631 165 9 10 0.029069094 
559 241 21 29 0.029047595 
542 235 12 15 0.028907448 
773 182 12 15 0.028867472 
867 250 16 19 0.028838266 
599 188 11 14 0.02867686 
553 206 10 13 0.028675625 
882 192 19 25 0.028596917 
305 188 9 13 0.028429301 
289 181 10 12 0.028179822 
949 181 11 14 0.028161984 
347 187 13 17 0.02815282 
956 198 11 15 0.028105745 
475 199 21 26 0.028089756 
292 214 13 15 0.028089058 
805 189 21 27 0.02808503 
727 192 9 11 0.027944865 
312 369 18 18 0.027805123 
545 168 8 10 0.027645392 
157 243 13 16 0.027585858 
584 325 17 19 0.027576473 
0 265 9 15 0.02756545 
326 386 15 18 0.027430158 
315 262 16 18 0.02709756 
568 166 9 10 0.027093442 
567 176 10 12 0.026988013 
541 227 12 15 0.026945923 
802 274 16 20 0.026934966 
701 263 18 20 0.026762512 
737 190 19 24 0.026629174 
868 237 18 22 0.026608046 
350 193 12 17 0.026477955 
790 238 21 25 0.0264467 
816 359 12 14 0.026327789 
508 191 15 19 0.026236892 
310 228 12 14 0.026144944 
224 179 11 13 0.026090391 
25 196 44 56 0.025911199 
265 249 18 20 0.025769524 
781 178 11 15 0.02566738 
304 239 12 14 0.025529228 
212 272 16 19 0.02550668 
790 302 11 12 0.025493227 
321 268 14 19 0.025459856 
477 194 14 18 0.025429921 
147 218 15 19 0.025355175 
693 188 11 16 0.025355032 
711 184 9 11 0.02522885 
486 348 11 13 0.025151059 
790 236 14 17 0.025133714 
710 196 9 13 0.02507562 
471 158 10 13 0.024979966 
279 222 22 26 0.024947051 
11 198 16 21 0.02483096 
513 431 11 12 0.024827098 
100 151 37 37 0.02481405 
220 268 15 18 0.024734126 
541 262 17 22 0.024658788 
591 194 9 13 0.024654837 
358 160 11 13 0.024535079 
140 222 24 31 0.024517097 
431 151 11 12 0.024475534 
920 177 12 13 0.024456436 
653 259 10 14 0.024395531 
559 152 7 9 0.024390321 
254 196 10 12 0.024347583 
956 211 12 15 0.024291124 
928 252 11 13 0.024257421 
656 422 12 14 0.024128644 
394 352 25 27 0.02403516 
861 241 16 19 0.023978578 
703 176 8 12 0.02394271 
330 246 13 15 0.023920244 
842 251 13 15 0.023907106 
356 202 12 16 0.023899829 
275 267 13 17 0.023886723 
288 205 10 13 0.023882749 
477 217 14 16 0.023857893 
295 244 26 25 0.023812398 
337 142 7 9 0.023799734 
661 244 13 14 0.023786992 
471 265 28 37 0.023736106 
406 235 12 16 0.023656147 
962 310 12 15 0.023608515 
692 234 12 14 0.023508083 
965 226 14 18 0.023500618 
562 211 11 14 0.02346628 
395 188 12 15 0.02339349 
773 282 15 18 0.02333931 
232 187 10 14 0.023316594 
611 196 15 19 0.02322076 
774 233 14 16 0.02310458 
708 205 10 14 0.023086788 
140 190 10 13 0.023068363 
357 281 15 21 0.02304698 
555 254 16 23 0.023022888 
126 142 10 11 0.022886937 
848 195 17 23 0.022865579 
877 183 11 15 0.022837173 
555 176 20 24 0.022816224 
299 306 28 33 0.022805233 
277 223 12 15 0.02274921 
865 258 17 20 0.022739967 
717 214 10 12 0.022685872 
134 151 11 13 0.022680774 
605 190 24 31 0.022520753 
936 219 11 14 0.022433044 
532 257 18 25 0.022414902 
616 253 9 12 0.022242516 
504 167 9 12 0.022229046 
586 182 19 25 0.02222462 
831 236 15 19 0.022100909 
218 221 10 12 0.02209073 
566 189 9 11 0.02207149 
501 205 15 20 0.02201314 
640 197 16 23 0.02200172 
58 144 7 9 0.021998622 
125 150 12 14 0.021970283 
328 209 11 16 0.021964272 
813 221 12 15 0.021855896 
273 203 10 12 0.021794586 
957 186 12 15 0.021783676 
289 175 8 11 0.021761063 
742 218 12 15 0.0216811 
349 268 15 17 0.021597607 
223 247 18 22 0.021590618 
860 223 24 30 0.021580096 
749 182 9 12 0.021549346 
975 183 14 15 0.021535778 
781 222 21 25 0.02150361 
481 278 24 32 0.021489263 
180 288 15 20 0.021474965 
764 178 22 30 0.021472663 
566 205 10 12 0.021438612 
870 242 22 28 0.021407353 
944 241 15 17 0.021396652 
320 176 9 11 0.021390587 
428 299 24 28 0.02138426 
537 160 8 9 0.021207808 
582 267 11 15 0.021129187 
231 168 12 14 0.021038068 
192 205 10 12 0.020989947 
666 309 21 27 0.020974936 
16 209 32 40 0.020969253 
146 238 17 22 0.020853106 
527 181 14 16 0.020803656 
779 241 16 18 0.02079455 
702 195 12 17 0.02078542 
597 174 11 12 0.020764085 
182 259 14 20 0.020636389 
785 189 20 24 0.020618811 
471 166 10 13 0.020583613 
175 188 9 13 0.020574177 
382 159 12 13 0.02052798 
661 195 23 28 0.020483641 
284 278 11 15 0.020370627 
193 198 9 11 0.020368535 
224 172 22 27 0.020347005 
726 222 10 13 0.02032419 
197 246 13 16 0.020261606 
750 202 11 16 0.02025826 
589 311 17 19 0.020250395 
903 188 22 26 0.020245757 
245 189 9 13 0.020241672 
771 211 21 28 0.020218376 
814 332 9 12 0.020173604 
830 250 13 16 0.020156844 
262 185 11 14 0.020150112 
509 165 9 11 0.020082897 
227 267 14 17 0.020047937 
837 195 18 24 0.020039316 
