10_People_Marching_People_Marching_2_239
61
351 223 66 83 0.9976617 
518 355 45 53 0.9746148 
978 405 41 50 0.9693424 
839 237 70 84 0.94291824 
63 408 43 47 0.8259074 
962 172 31 41 0.61177 
934 361 40 49 0.39094657 
467 250 12 18 0.1706737 
91 482 45 57 0.12552388 
964 160 28 31 0.104760826 
246 436 22 28 0.10266899 
212 352 57 67 0.09508386 
464 245 12 17 0.06640272 
9 442 28 32 0.060463533 
432 236 12 17 0.06033061 
486 345 16 20 0.05615841 
799 245 29 33 0.055556044 
207 303 79 106 0.051732183 
347 657 25 27 0.05006948 
301 642 28 34 0.040060706 
566 265 24 29 0.038744967 
505 126 379 467 0.03740597 
15 463 34 37 0.034678705 
606 216 215 318 0.033089425 
256 516 11 15 0.032036167 
179 578 32 35 0.031294856 
261 501 11 15 0.030505495 
425 198 10 12 0.030060535 
228 515 13 16 0.029797817 
170 338 14 19 0.029769016 
0 505 13 23 0.029464928 
244 453 16 19 0.029284991 
562 363 45 57 0.029009413 
513 292 16 19 0.02806818 
165 331 25 33 0.027226327 
38 519 23 29 0.027181586 
589 359 89 140 0.026868543 
336 643 22 26 0.026549663 
969 566 57 76 0.025699442 
465 191 10 12 0.02531354 
4 450 15 19 0.025119174 
969 181 19 25 0.024219474 
315 640 25 32 0.024186157 
950 581 34 30 0.024103275 
337 246 33 56 0.024016691 
692 62 93 105 0.023788786 
575 382 44 62 0.02353913 
34 501 23 30 0.023079228 
475 340 23 30 0.022759235 
210 594 19 22 0.022661762 
179 440 25 30 0.022658188 
167 8 8 9 0.022649392 
615 450 11 14 0.022400577 
299 655 18 22 0.022134291 
182 483 26 36 0.021442605 
86 71 11 14 0.02123592 
526 244 12 15 0.021189632 
460 236 15 20 0.021067241 
434 111 21 26 0.021007093 
508 53 28 32 0.020391606 
22 446 28 30 0.020290045 
