10_People_Marching_People_Marching_2_591
1695
851 182 29 38 0.99935657 
755 193 27 34 0.9967463 
894 159 46 52 0.98936546 
596 185 21 27 0.9877471 
507 1122 15 18 0.98734844 
529 1275 18 24 0.9852498 
671 192 23 28 0.9850884 
155 185 19 22 0.97899127 
459 185 18 24 0.969395 
40 176 20 26 0.96834487 
538 1224 20 24 0.96136934 
611 1280 19 24 0.96117735 
277 188 16 24 0.960863 
513 1181 20 26 0.9575007 
426 1220 18 23 0.9544617 
212 186 20 26 0.9494546 
47 1107 13 17 0.94865316 
106 1170 15 19 0.93223596 
86 177 17 24 0.92705345 
414 1132 14 19 0.9020386 
844 1243 20 28 0.90080684 
621 1226 18 21 0.89506984 
875 1340 17 26 0.8824064 
694 1269 15 21 0.84248865 
338 1178 13 16 0.8320739 
292 1174 15 19 0.8171281 
668 1240 15 19 0.816483 
910 1258 27 35 0.8115447 
163 1062 15 19 0.80437994 
363 1216 17 23 0.7871255 
458 1199 18 24 0.7705025 
805 1299 20 27 0.7667313 
322 1137 15 18 0.7627962 
568 1303 19 24 0.7484063 
555 1354 20 23 0.74383867 
773 1267 17 23 0.7147062 
360 1140 14 19 0.7133892 
163 1162 15 22 0.7133024 
285 1090 14 19 0.70091414 
149 1128 16 19 0.6986644 
370 201 16 22 0.6782341 
74 1155 15 20 0.67089295 
815 1161 15 19 0.66513205 
414 1281 25 39 0.6611642 
586 1191 15 20 0.6532121 
207 1152 16 21 0.65301245 
416 183 19 24 0.64868385 
78 1126 13 16 0.64554965 
131 1156 14 18 0.640502 
420 1265 20 31 0.6268296 
640 1345 22 24 0.6035721 
219 1245 16 23 0.5995125 
668 953 45 58 0.59399426 
450 1273 16 22 0.55175245 
914 1133 15 21 0.53986233 
117 1132 16 20 0.529052 
155 1373 23 36 0.50887996 
499 1227 16 21 0.50291306 
650 1285 14 19 0.5026044 
39 1186 18 22 0.5003863 
335 194 16 22 0.49581987 
244 1165 14 17 0.49333644 
550 504 15 18 0.46770006 
484 1267 20 27 0.44619122 
218 1187 15 19 0.44523305 
574 1252 19 25 0.445174 
355 1258 17 21 0.44454017 
279 1167 14 18 0.44366625 
507 1271 15 21 0.43378296 
249 1222 23 27 0.43153802 
837 1101 12 16 0.42215022 
303 1151 15 21 0.4155486 
939 1088 13 18 0.41407493 
695 1327 20 28 0.39765817 
737 1268 13 19 0.39725247 
609 1367 15 19 0.39615062 
283 1170 15 19 0.38620186 
762 1242 16 25 0.37629077 
740 1162 15 19 0.37458497 
524 1328 21 26 0.36428657 
745 1192 16 20 0.36276847 
464 1315 23 31 0.35878 
655 1212 13 18 0.34419173 
611 1139 15 19 0.33735177 
183 1073 14 17 0.3313811 
503 1232 21 26 0.3300602 
394 191 14 18 0.327981 
879 1084 13 16 0.3231836 
964 1104 14 17 0.31589028 
935 1164 14 19 0.30232045 
154 1095 15 19 0.30096936 
321 1288 18 24 0.29908335 
319 1231 21 25 0.29874757 
7 1114 12 15 0.29843545 
893 1305 16 24 0.2956251 
398 1281 24 33 0.29447037 
449 1145 14 18 0.2932963 
860 1065 11 15 0.28597805 
736 1357 21 28 0.28521422 
564 1235 17 20 0.28355226 
238 622 10 13 0.27176896 
149 1197 15 21 0.26885784 
718 1116 13 16 0.26071543 
81 1208 17 21 0.25770873 
477 1158 13 16 0.25522974 
814 1137 15 19 0.25135252 
630 1318 17 22 0.2509007 
820 1076 15 18 0.25013077 
245 630 10 13 0.24750026 
905 1343 23 29 0.24531987 
893 1138 17 19 0.24444553 
90 1154 14 18 0.24386773 
820 1293 21 28 0.2428713 
590 1208 16 19 0.23998244 
986 1202 15 19 0.23811565 
739 1118 13 17 0.23808841 
535 1113 14 18 0.23694615 
1006 190 18 24 0.23597813 
1005 1320 15 20 0.22918868 
383 1169 14 18 0.22792988 
906 715 15 20 0.22678073 
221 1236 18 21 0.22593504 
253 1130 13 18 0.2235199 
356 1212 18 23 0.22196862 
350 631 15 17 0.22134875 
931 1052 12 16 0.21700549 
784 686 11 13 0.21625778 
251 1195 15 18 0.21493688 
20 1132 12 17 0.20717546 
765 1069 10 12 0.20598616 
986 1087 15 18 0.20465034 
765 1125 12 17 0.20451882 
309 660 13 15 0.20239659 
240 627 11 13 0.20143731 
619 1208 16 19 0.19775583 
644 1204 14 18 0.19118088 
430 1281 24 33 0.19110654 
880 708 10 12 0.1890389 
910 1082 14 19 0.18851344 
318 1100 15 19 0.1868637 
181 1139 16 19 0.1868566 
990 1177 16 20 0.18566377 
928 699 9 11 0.1843832 
691 1296 14 19 0.17986824 
768 1084 14 17 0.17921916 
201 1217 17 21 0.17790988 
134 180 24 29 0.17558783 
627 1210 15 20 0.17388146 
249 1209 16 20 0.17333682 
972 1106 12 15 0.17248186 
572 1192 14 18 0.17145954 
258 1195 15 19 0.17058003 
261 1130 13 17 0.17056118 
598 1326 21 26 0.1690975 
1005 1165 15 19 0.16871825 
853 1108 13 16 0.16778076 
933 1048 9 11 0.16240162 
103 1177 21 26 0.16129129 
51 1159 15 20 0.15374416 
958 1101 15 17 0.15069097 
861 1129 16 20 0.14997026 
758 1130 14 17 0.14917168 
230 1210 13 17 0.14910625 
241 1169 19 24 0.14845556 
515 218 20 22 0.147632 
180 1087 17 20 0.1459095 
445 1278 17 22 0.14439107 
384 1275 24 30 0.14421538 
1012 1120 12 18 0.14204855 
153 599 10 11 0.14047648 
734 1102 13 15 0.14030209 
405 1179 13 19 0.13880794 
212 1136 16 20 0.13864629 
631 1110 12 15 0.13563551 
768 1077 11 13 0.13518408 
924 1074 13 16 0.13481845 
43 1191 19 26 0.13477708 
817 1131 16 20 0.13439049 
433 1269 21 30 0.13384663 
934 1128 15 20 0.13327907 
820 1338 23 30 0.13287555 
174 1088 14 17 0.1323663 
939 1203 14 19 0.1318239 
163 1105 15 19 0.13147737 
397 1224 16 22 0.13112198 
568 1241 20 25 0.13021812 
573 1124 13 16 0.12877063 
245 1114 15 17 0.12866095 
521 300 13 16 0.12843789 
889 1184 20 27 0.12835954 
276 1193 15 19 0.12742396 
466 1242 15 21 0.12737687 
709 1134 14 18 0.12724021 
286 276 14 17 0.12692574 
49 1213 16 22 0.1261664 
614 1354 20 28 0.12580997 
660 1319 17 20 0.12341595 
772 1113 13 16 0.12256267 
910 1244 23 30 0.12247728 
661 1128 16 19 0.122316316 
107 1115 13 17 0.12184405 
732 1319 17 22 0.12161041 
801 1345 16 22 0.12105476 
987 1127 16 19 0.12100745 
696 551 6 8 0.120536834 
701 1227 15 17 0.120477416 
795 1107 12 16 0.12019016 
520 1336 22 30 0.11911269 
472 1125 11 15 0.11902806 
767 688 12 13 0.119024016 
679 1108 11 13 0.11661936 
883 1079 12 15 0.11653747 
600 1358 21 27 0.11647846 
540 1194 15 19 0.11426682 
908 1098 13 17 0.11258488 
631 1101 8 11 0.11242637 
792 1236 12 16 0.11137493 
282 1251 17 22 0.11119924 
196 1239 21 26 0.11042249 
659 1123 14 17 0.109751076 
735 565 9 11 0.1089517 
836 1225 17 22 0.10895037 
1007 27 17 23 0.107944414 
11 573 14 19 0.10776871 
279 629 9 11 0.10723499 
579 1165 17 21 0.10693908 
566 1194 13 17 0.10656483 
662 1296 16 21 0.1058675 
515 1239 15 21 0.104904175 
995 1237 19 23 0.104304105 
605 1102 10 14 0.104299515 
586 1198 20 23 0.10366408 
445 1125 11 14 0.10329309 
860 1201 15 23 0.10253506 
214 597 8 9 0.10253487 
93 1116 14 17 0.10223593 
669 681 14 17 0.10166496 
498 1266 19 25 0.10159629 
281 622 9 12 0.101358436 
447 654 11 13 0.101216495 
706 1217 16 19 0.10115429 
783 50 21 28 0.10109273 
165 1207 21 28 0.100335576 
717 524 8 11 0.10013174 
208 631 8 11 0.10004773 
987 1183 22 25 0.09909967 
764 1116 13 16 0.099026434 
557 1144 13 18 0.09715334 
286 568 8 10 0.09699471 
169 1066 14 19 0.09639127 
347 1203 15 18 0.095985174 
835 1207 14 20 0.09482552 
551 1145 12 18 0.094753385 
684 1106 10 13 0.09453638 
773 1164 15 20 0.09441053 
686 1124 10 14 0.094233915 
712 1123 12 16 0.09379585 
703 1096 13 17 0.09348738 
392 132 12 17 0.09346838 
964 1140 15 17 0.09340892 
852 1191 16 22 0.09303423 
747 1233 14 19 0.09302324 
885 1304 16 21 0.092539325 
372 1122 12 15 0.09210042 
843 1173 16 20 0.09164287 
306 1211 14 18 0.09154313 
223 591 9 11 0.09126628 
229 1267 24 31 0.090622246 
119 583 10 13 0.08943979 
478 1193 13 19 0.08895028 
270 615 9 10 0.08752873 
637 1208 15 19 0.08721741 
672 988 13 15 0.08711564 
292 659 13 17 0.086637765 
5 1183 16 23 0.08596588 
588 1099 11 14 0.085861884 
378 1273 18 22 0.08585471 
662 1162 15 18 0.08576987 
12 1098 12 16 0.085512444 
944 696 9 12 0.08504606 
797 1340 16 20 0.08451031 
122 1104 14 17 0.08379775 
510 1348 22 29 0.08370416 
972 1169 15 21 0.08295842 
786 1142 15 18 0.082892776 
850 244 18 23 0.08204333 
322 1241 22 28 0.081646234 
384 93 10 13 0.08126344 
366 694 12 14 0.080433615 
714 1332 14 19 0.08028464 
788 677 10 12 0.079834156 
321 622 9 11 0.07972276 
962 1304 16 22 0.079593696 
894 1179 24 28 0.07954266 
624 1096 10 12 0.07932475 
481 1186 19 24 0.079051115 
286 1123 12 15 0.079039976 
403 1276 15 21 0.07892294 
596 1250 16 19 0.078783795 
365 1116 14 19 0.07873849 
388 1208 18 23 0.07850694 
454 1308 24 31 0.07812748 
860 1187 16 21 0.07811327 
782 1085 10 15 0.07769126 
302 660 13 16 0.077507146 
749 1314 12 17 0.07744094 
303 621 9 10 0.07711921 
156 633 15 20 0.076895535 
815 1069 11 12 0.07678336 
109 1124 15 18 0.07673308 
867 1184 14 19 0.07673186 
307 1105 14 20 0.07661389 
703 624 9 10 0.07577412 
241 284 11 14 0.0756799 
846 1178 21 27 0.07510993 
177 1234 17 21 0.07496756 
245 1106 16 18 0.07477979 
858 1116 13 15 0.074366346 
869 1153 16 19 0.07427402 
705 1271 15 19 0.074151486 
333 1256 24 26 0.07390272 
671 1108 10 12 0.0736623 
285 573 8 10 0.07363549 
246 1200 17 21 0.0734921 
861 1272 15 20 0.073211 
492 1219 18 24 0.07311559 
492 1209 15 19 0.07301515 
487 1084 11 13 0.07267674 
329 469 8 10 0.07241651 
623 1349 21 28 0.07188322 
438 1340 22 29 0.071572945 
702 607 8 10 0.07153627 
965 1169 15 20 0.07150401 
707 1330 15 22 0.07132448 
121 486 7 9 0.07118422 
583 1249 19 25 0.071076185 
904 1050 11 14 0.07059641 
427 1261 15 23 0.070139535 
385 1288 25 30 0.069646 
190 1179 14 17 0.0695105 
980 1108 14 17 0.06936643 
122 1125 15 17 0.06924098 
739 1109 12 14 0.06919449 
606 1144 15 18 0.06909431 
820 1090 12 15 0.06903799 
725 1109 13 15 0.06865442 
541 1103 11 14 0.06843354 
596 1311 20 25 0.06810347 
909 701 9 11 0.06793881 
281 574 8 9 0.06785203 
981 1171 19 26 0.06780734 
670 975 26 32 0.067747414 
596 1264 16 20 0.06763239 
772 687 11 13 0.067485735 
261 1165 12 16 0.06743856 
281 1097 13 19 0.06715575 
876 1295 22 27 0.06691429 
836 1233 22 28 0.06688883 
213 606 10 12 0.066888005 
205 1140 14 17 0.06677707 
726 1319 15 23 0.06675754 
246 647 10 13 0.06669137 
684 1330 22 28 0.06666048 
650 504 7 9 0.06661046 
188 1144 15 20 0.066555396 
881 1372 16 21 0.06647648 
143 1126 13 17 0.066355065 
931 1135 15 20 0.066285126 
478 1070 9 12 0.06623297 
816 1082 14 17 0.06623065 
996 1171 15 19 0.06620897 
88 551 9 10 0.06605803 
43 262 27 32 0.06605704 
38 534 10 12 0.06586669 
467 1307 16 22 0.065761775 
654 1118 14 17 0.06542154 
684 1118 11 15 0.06519794 
352 566 7 9 0.06515747 
720 1230 12 16 0.064503625 
691 1194 14 17 0.06424264 
766 703 13 14 0.06410861 
335 567 9 10 0.064013205 
738 1084 13 15 0.063927665 
611 1153 17 20 0.063798025 
148 1169 15 19 0.06372393 
655 533 8 9 0.063642144 
60 1152 19 25 0.06363383 
229 1090 11 16 0.06360472 
4 1130 12 16 0.06347987 
174 1200 15 22 0.063408725 
169 1156 17 22 0.063379586 
540 201 16 21 0.063302636 
249 527 7 9 0.06288991 
540 1122 11 15 0.06280641 
819 708 10 14 0.06266631 
598 1126 13 15 0.062543385 
1007 1130 13 20 0.062459026 
469 1185 14 19 0.0619797 
81 1152 17 23 0.061925635 
915 1275 18 24 0.06175981 
190 1210 25 28 0.061683163 
245 1122 16 19 0.06167585 
629 1130 12 16 0.06157466 
350 1210 17 20 0.06151605 
316 1174 12 16 0.06147199 
977 1165 17 23 0.06143989 
928 1057 12 15 0.06130446 
988 1076 15 18 0.06092878 
556 1110 10 12 0.060653314 
997 100 23 32 0.060369026 
430 1168 16 20 0.060307276 
209 591 8 11 0.060208395 
810 1334 21 31 0.060180817 
485 1225 16 20 0.06003617 
233 526 7 10 0.059927694 
282 567 7 10 0.05976784 
581 296 14 17 0.0597581 
737 1091 14 17 0.0594813 
893 1151 15 18 0.059258875 
769 1379 18 22 0.059212267 
870 1287 21 30 0.058628503 
397 126 11 15 0.058376897 
679 557 9 11 0.0583335 
268 1195 13 19 0.058259603 
727 541 8 11 0.058166917 
991 1069 11 14 0.058049724 
830 1094 11 15 0.057965167 
846 1133 13 15 0.057900704 
242 1181 21 26 0.057720773 
981 1067 11 13 0.05766289 
646 1198 14 17 0.057533238 
0 1155 8 15 0.057422467 
703 575 8 9 0.057291657 
753 1187 13 18 0.057120558 
852 1120 15 18 0.05704926 
721 567 8 10 0.057013292 
787 1210 13 16 0.056964256 
759 1114 13 17 0.056861803 
532 206 16 22 0.056775562 
254 584 8 10 0.056658927 
973 1213 14 19 0.056567088 
420 155 11 14 0.056461375 
467 1195 15 21 0.056292783 
678 1123 13 16 0.056176927 
601 1107 11 13 0.055710327 
587 299 15 18 0.05564452 
476 1180 14 19 0.055626832 
876 1097 13 16 0.055559408 
341 1200 16 20 0.05555364 
240 598 9 10 0.055424202 
270 636 9 12 0.0553217 
669 1137 14 17 0.055285964 
998 1069 10 13 0.055255257 
688 552 7 10 0.055108532 
395 1230 23 29 0.054998774 
264 558 9 11 0.054974128 
699 502 8 10 0.05474747 
769 646 8 10 0.054672018 
552 587 10 13 0.05462508 
423 179 16 20 0.05457195 
589 493 11 13 0.05451002 
740 1315 14 20 0.054473836 
388 83 14 16 0.0544211 
753 1234 20 27 0.054274384 
551 1110 10 13 0.054041993 
774 1330 14 20 0.05398458 
516 1343 16 23 0.053849645 
685 608 8 9 0.05377079 
724 1177 12 17 0.053675096 
772 1319 16 22 0.053637702 
413 1272 18 25 0.053598434 
272 607 9 11 0.053591624 
654 503 7 10 0.05350365 
622 1314 17 21 0.053488895 
283 1103 14 18 0.05343868 
771 1124 13 18 0.053070243 
428 493 10 11 0.053041924 
669 1148 14 16 0.052924264 
189 1184 19 24 0.05288735 
0 511 9 13 0.052678727 
813 1226 16 21 0.05259683 
232 502 7 9 0.05252917 
32 540 8 10 0.052416984 
914 1126 14 17 0.052407656 
508 211 19 21 0.052329354 
713 591 9 11 0.05217106 
798 1113 11 15 0.052102033 
460 1187 15 18 0.052039143 
289 1095 15 19 0.052021783 
741 1079 11 13 0.051693995 
658 549 7 10 0.05154754 
756 1136 14 18 0.051498275 
696 568 8 9 0.0514643 
708 1196 14 17 0.051379815 
314 157 25 32 0.05129223 
597 1343 24 31 0.05126827 
580 1130 12 18 0.051208835 
239 633 11 14 0.051195152 
867 1224 23 28 0.05117831 
244 623 10 14 0.05117657 
852 1129 15 19 0.05108136 
847 1107 11 15 0.051000144 
6 1121 12 17 0.05054194 
293 1163 15 20 0.050427563 
690 526 7 10 0.050221268 
214 628 9 12 0.05012301 
530 1333 23 30 0.05005474 
244 1084 12 14 0.049880996 
718 599 9 9 0.049865555 
217 551 7 10 0.049823675 
208 611 10 12 0.04976549 
515 1270 19 25 0.049666323 
909 1356 15 20 0.049409218 
516 203 16 19 0.049376313 
832 717 11 14 0.04931315 
548 1189 14 17 0.049237493 
470 1129 14 20 0.04923063 
215 592 8 10 0.049164813 
978 1185 40 54 0.049006477 
280 560 7 9 0.048826016 
452 165 12 14 0.04871327 
165 181 22 25 0.048711494 
645 1278 16 20 0.048656132 
866 1264 16 22 0.04863063 
727 582 8 9 0.04851458 
739 1126 14 17 0.048503604 
450 1283 18 23 0.04843285 
428 1125 12 14 0.04836666 
234 1199 20 26 0.048270248 
369 1211 16 23 0.048250634 
964 1130 15 18 0.04823746 
284 1244 16 18 0.048230577 
256 544 7 8 0.048210368 
735 1079 11 13 0.048201814 
924 1137 14 20 0.048115004 
996 1375 23 36 0.04810591 
449 1258 17 20 0.048042223 
156 1087 13 16 0.04804089 
713 597 9 10 0.047831487 
437 193 13 17 0.04754292 
856 742 9 13 0.047505666 
296 615 9 12 0.04747053 
393 1204 15 19 0.04742525 
765 231 17 24 0.0473606 
718 584 8 9 0.047325414 
273 599 8 10 0.04719049 
269 560 8 9 0.047132947 
103 1139 13 17 0.047118228 
851 1172 15 19 0.046915334 
240 651 11 13 0.046888966 
882 1206 21 29 0.046883427 
981 1208 14 21 0.04685999 
373 1141 10 16 0.046852656 
51 1200 16 24 0.04661983 
567 1252 15 19 0.04658712 
426 191 15 20 0.046580628 
757 1268 12 16 0.046558924 
239 1190 19 26 0.04654588 
141 1193 16 21 0.04652438 
687 1145 14 20 0.04637381 
606 655 26 35 0.04632223 
402 184 18 25 0.046267446 
188 1133 15 20 0.04622261 
686 1232 13 18 0.046213906 
783 678 12 14 0.046167266 
286 1208 14 17 0.04612298 
271 1170 13 16 0.04611659 
744 631 9 10 0.046034325 
906 1180 17 19 0.04594453 
946 1304 15 22 0.045887 
561 574 10 11 0.04582409 
924 733 13 19 0.04581036 
69 1150 16 20 0.045635898 
428 508 10 12 0.04559663 
435 1202 14 17 0.045570426 
1013 1215 13 19 0.045512684 
872 1086 13 16 0.045498546 
816 1185 14 21 0.04549402 
194 1145 18 24 0.04540668 
712 551 9 11 0.045290623 
576 564 8 10 0.04519383 
71 1104 11 15 0.045186076 
264 576 8 10 0.045098294 
791 1102 14 17 0.045063544 
163 1091 14 18 0.045021497 
639 1330 24 28 0.044993542 
10 1079 14 18 0.044908494 
279 592 8 9 0.0448706 
625 521 8 10 0.044864275 
728 1072 9 12 0.044627838 
540 599 11 13 0.044572502 
727 566 10 11 0.044528466 
513 546 11 14 0.044379395 
300 1140 13 15 0.044291224 
331 1229 14 18 0.044248212 
363 1135 13 16 0.044145215 
963 1239 25 28 0.044136923 
92 1091 12 13 0.044128463 
693 1227 13 19 0.044089537 
446 1130 14 17 0.044079226 
278 638 9 10 0.04407045 
820 702 10 13 0.043884546 
291 1242 16 20 0.043838494 
225 596 7 10 0.043814022 
258 550 7 10 0.043601606 
782 1219 14 17 0.043550625 
418 195 16 21 0.04346323 
238 567 9 11 0.04346315 
331 1250 16 21 0.04339504 
905 1105 13 17 0.043382004 
666 1156 15 19 0.043362573 
454 1248 21 26 0.043305606 
539 1210 16 19 0.04316727 
640 53 12 14 0.043150846 
654 1109 12 14 0.04302032 
921 1248 16 22 0.04292647 
108 1135 17 20 0.042908728 
615 1101 9 12 0.042773694 
805 1093 11 13 0.042723972 
382 137 14 18 0.042668555 
810 1142 20 25 0.042659186 
355 1205 15 18 0.042650316 
287 653 14 17 0.04253095 
748 1124 12 16 0.042478163 
101 1119 14 18 0.04244561 
327 1076 11 14 0.042325232 
974 1077 12 15 0.042242527 
809 1069 10 11 0.042197656 
378 1209 19 26 0.042188946 
55 537 7 9 0.042126473 
262 551 8 10 0.042125884 
248 613 8 10 0.042109728 
222 606 8 11 0.042104032 
567 1131 13 16 0.042094797 
565 1212 14 17 0.04202514 
674 1236 14 19 0.042003583 
446 181 22 27 0.04198872 
941 1414 11 14 0.04197027 
726 653 8 9 0.041939065 
360 1118 11 15 0.04192876 
157 694 12 15 0.041858807 
917 1077 13 16 0.04185323 
789 1340 15 19 0.041841947 
564 1219 14 19 0.04170728 
993 694 7 10 0.04166208 
443 192 15 18 0.04164537 
694 1252 14 16 0.041600987 
699 1261 14 19 0.04152081 
447 1151 14 20 0.04149046 
923 1081 15 18 0.041257784 
217 568 7 9 0.041248392 
370 559 6 9 0.0412398 
502 1094 8 10 0.041225843 
350 624 13 15 0.041213464 
996 192 18 24 0.041148093 
989 1098 13 15 0.041108795 
552 1224 19 25 0.041097436 
666 1303 15 20 0.041047573 
334 669 11 13 0.041042443 
892 1123 15 18 0.041006204 
610 588 13 16 0.041004315 
334 1184 14 18 0.04096996 
145 1094 11 15 0.040913694 
959 1122 14 17 0.040909167 
917 1179 15 19 0.04089437 
860 1168 15 20 0.040724285 
195 1138 16 19 0.040721703 
603 1266 16 19 0.040703125 
202 512 9 11 0.040696844 
234 616 9 11 0.040595762 
169 1220 24 30 0.0405659 
687 679 9 12 0.0405095 
853 1206 18 23 0.04049084 
964 1294 21 28 0.040468834 
455 1179 15 18 0.040348876 
963 1113 16 19 0.040330656 
1010 103 13 21 0.040302463 
739 1206 17 21 0.04029551 
812 1255 16 20 0.040263787 
368 120 14 18 0.040240947 
345 542 8 10 0.040232472 
279 1105 12 17 0.040158242 
622 1132 13 17 0.040155504 
899 1238 23 29 0.040134523 
887 1341 22 30 0.04011931 
412 663 15 18 0.04009694 
652 1287 19 27 0.04002092 
875 1149 14 20 0.04000128 
295 1153 15 20 0.040000457 
837 1191 20 28 0.039984416 
45 1118 15 18 0.03995651 
738 1349 18 22 0.03987916 
596 1147 14 19 0.039842732 
591 1132 11 15 0.039809685 
782 663 11 13 0.03980829 
379 196 15 19 0.03976457 
514 1227 15 20 0.039717097 
679 1116 11 13 0.039714605 
459 1268 15 22 0.03971041 
626 699 23 25 0.039637953 
710 1162 13 15 0.039626244 
589 1351 24 29 0.039536472 
741 566 8 10 0.03950171 
944 1161 20 25 0.03944869 
994 1122 14 21 0.039445095 
744 648 8 10 0.03935476 
815 1126 14 18 0.03925831 
15 637 8 10 0.039200127 
999 33 15 20 0.039127994 
380 655 9 12 0.03905745 
214 612 10 12 0.03901846 
157 573 10 13 0.03884397 
255 589 8 10 0.038820766 
708 1314 14 19 0.038785037 
723 1357 24 30 0.03875653 
314 666 12 14 0.038638074 
854 1248 21 28 0.03859388 
760 693 11 12 0.038590573 
557 1188 13 18 0.03846316 
756 1291 15 19 0.03845616 
196 59 10 13 0.038417913 
1004 1153 21 27 0.038416717 
859 1155 18 20 0.038415 
190 1122 13 16 0.038340643 
899 1299 16 22 0.03831972 
737 1194 22 27 0.03825576 
229 636 11 14 0.03803667 
301 1248 16 22 0.037905205 
625 193 15 19 0.03787905 
249 583 7 10 0.037849773 
624 503 9 12 0.03776283 
88 558 10 11 0.037735123 
965 1218 14 19 0.037559494 
437 163 11 14 0.037543003 
698 605 8 11 0.037521817 
982 1202 24 32 0.037483975 
830 1213 20 29 0.037437484 
270 619 9 12 0.03741281 
381 542 8 11 0.03739038 
840 1204 21 28 0.037288766 
654 1130 15 18 0.037212204 
467 207 13 16 0.037187494 
335 655 10 11 0.037182488 
877 713 11 14 0.03712865 
245 1133 14 20 0.03710359 
223 1242 24 32 0.03705406 
956 1148 20 24 0.036987625 
953 1187 15 19 0.036948174 
186 1236 21 27 0.03692669 
283 1256 25 32 0.036919083 
717 1155 13 17 0.03690954 
806 1258 13 19 0.036892883 
852 1147 14 18 0.03684407 
472 1170 14 18 0.036690477 
976 1063 11 14 0.0366368 
281 535 8 10 0.0365532 
786 669 12 15 0.036547597 
1012 1079 10 13 0.03654123 
485 499 11 14 0.036413286 
334 663 10 13 0.0363577 
413 1193 13 17 0.03631595 
877 1214 16 23 0.036289096 
682 607 7 9 0.036278356 
819 1351 18 23 0.03627582 
311 1233 16 20 0.036225714 
233 568 8 10 0.036178097 
173 641 13 17 0.036116716 
350 535 8 10 0.03611502 
389 1194 14 19 0.036063414 
231 584 7 9 0.0360179 
726 605 10 11 0.036017094 
209 1224 14 19 0.035908714 
13 1124 12 16 0.035891145 
393 549 9 11 0.035823107 
31 559 9 11 0.035804935 
252 628 9 14 0.035747077 
259 1146 14 18 0.035746694 
883 702 11 15 0.03571543 
1000 1204 23 28 0.03571275 
1007 1076 11 13 0.035649613 
174 1145 15 20 0.03563785 
313 463 8 10 0.035634056 
594 1188 14 19 0.035606667 
215 623 10 12 0.03556572 
153 534 9 11 0.035553582 
327 663 9 11 0.035521716 
619 1144 14 18 0.035488047 
383 1181 21 26 0.03546253 
901 1251 26 33 0.035455868 
702 1195 13 17 0.035442732 
264 582 9 10 0.03539352 
622 1126 12 15 0.035347328 
123 1118 14 16 0.035346918 
406 664 13 19 0.035330545 
929 1143 19 27 0.0352926 
358 658 13 15 0.035184756 
394 1178 19 25 0.035173833 
953 1318 16 22 0.03516136 
222 569 7 9 0.03512663 
779 1338 15 19 0.035014592 
152 574 10 13 0.034981716 
279 1116 12 16 0.034973066 
693 1188 13 16 0.034959435 
695 1099 11 15 0.03493633 
727 1102 12 15 0.03490504 
364 1204 14 18 0.03489627 
822 183 23 32 0.034890875 
650 508 8 10 0.034800105 
679 552 9 10 0.034797464 
854 1163 15 18 0.034768876 
735 590 9 11 0.034748375 
885 1182 14 20 0.034678746 
36 551 9 10 0.03464044 
796 1292 23 29 0.034623507 
397 184 12 16 0.034611024 
714 519 9 11 0.034541205 
114 1164 14 19 0.034519512 
951 1288 22 29 0.034500312 
140 1160 14 19 0.03450004 
605 1133 14 18 0.034490276 
479 1094 8 11 0.03435954 
186 572 9 11 0.034333322 
607 574 10 11 0.034245215 
534 506 10 13 0.034236338 
734 1167 14 19 0.034215722 
382 605 12 14 0.034203567 
307 169 27 35 0.034194928 
845 1079 10 13 0.034152422 
278 615 8 10 0.03413827 
94 1110 13 15 0.0341331 
933 1155 15 20 0.03410827 
727 1131 11 14 0.0341037 
859 1386 23 30 0.03410313 
763 1209 16 17 0.03408593 
143 1099 11 16 0.03407799 
1 1220 22 35 0.034074005 
439 620 8 10 0.034018446 
907 1331 16 20 0.034000747 
327 551 9 10 0.03398951 
981 1112 20 24 0.033970933 
397 1457 27 25 0.033948846 
8 557 9 12 0.033936247 
877 1184 14 21 0.03389373 
189 628 10 14 0.033893052 
755 1307 15 21 0.033880945 
317 479 9 11 0.033848364 
965 1227 14 17 0.033846423 
2 1214 16 23 0.033816416 
670 568 8 10 0.03373427 
807 1347 22 28 0.033730544 
667 1124 15 18 0.033711735 
300 1109 15 20 0.03365022 
735 647 8 9 0.033614196 
790 1289 14 20 0.03359771 
114 1253 28 42 0.033582665 
191 568 8 11 0.03355445 
215 535 8 9 0.03351746 
740 1240 14 18 0.03350542 
813 1099 14 15 0.033490498 
1013 1085 11 15 0.033444062 
765 1313 15 20 0.033416208 
592 1214 16 20 0.03341499 
598 221 13 18 0.03340999 
586 1169 15 19 0.033358973 
648 543 8 10 0.03335246 
704 627 9 12 0.033348966 
604 1124 12 15 0.033344638 
740 1181 17 19 0.033338018 
262 652 10 12 0.03332118 
21 577 14 17 0.033313807 
368 1110 11 14 0.033300847 
829 700 9 12 0.03323264 
415 175 14 18 0.03322666 
200 636 10 11 0.033224434 
982 695 9 11 0.033176526 
663 572 9 10 0.03313135 
581 1158 15 19 0.03311296 
456 1101 9 13 0.03311011 
341 1147 14 19 0.033098016 
712 568 7 10 0.03305981 
359 1236 23 32 0.033041276 
362 694 10 14 0.032997277 
333 182 14 19 0.032982055 
735 1157 14 20 0.03291118 
637 1095 8 11 0.032898024 
900 1088 15 20 0.032887466 
914 1233 19 23 0.032884855 
697 1180 15 16 0.032846257 
589 1179 13 17 0.03282467 
231 606 9 10 0.03276883 
948 1069 10 13 0.032761913 
559 1240 13 19 0.032677844 
537 603 10 14 0.03267137 
285 98 16 20 0.032645144 
270 581 7 9 0.032592155 
407 152 11 14 0.03255403 
690 520 7 9 0.032505166 
427 1196 17 19 0.032487076 
110 588 12 16 0.032481402 
966 1221 22 27 0.032464854 
839 1082 10 14 0.032457706 
992 1047 11 13 0.032402467 
442 171 22 27 0.032346196 
930 1049 10 12 0.032310486 
414 150 12 15 0.032233458 
380 187 14 19 0.032211658 
181 54 12 15 0.032206528 
0 933 23 39 0.03219408 
413 1140 15 21 0.032132976 
337 637 11 13 0.032117095 
209 1082 16 18 0.032110546 
715 1269 12 16 0.03210945 
316 1139 19 24 0.032107953 
740 1216 14 17 0.03210534 
825 1088 19 25 0.032061663 
892 1196 16 23 0.031951267 
522 209 17 21 0.031882707 
408 455 10 13 0.031875428 
695 599 10 11 0.031855542 
675 1129 14 19 0.03183223 
333 1125 13 15 0.031825047 
428 502 10 13 0.03178496 
342 635 13 15 0.03178482 
641 1284 20 26 0.031770304 
33 518 7 9 0.031727623 
869 1114 14 18 0.031691864 
898 1309 22 26 0.03161415 
246 658 11 14 0.031613674 
862 1343 17 21 0.031577703 
93 550 8 10 0.031576175 
421 1194 15 18 0.031532407 
744 614 9 10 0.0315185 
205 742 12 15 0.031507675 
805 686 10 12 0.03149787 
819 1097 13 16 0.031488016 
811 1291 17 25 0.031445965 
264 565 8 9 0.031389806 
252 1155 14 18 0.03138685 
1000 1063 10 12 0.0313854 
563 1147 13 16 0.031379376 
664 560 8 9 0.031378854 
179 182 23 28 0.031370327 
980 1159 13 16 0.031363852 
124 1144 19 23 0.031339295 
662 1108 11 14 0.031311817 
956 1168 16 19 0.0312608 
923 78 12 15 0.03124654 
749 695 10 12 0.03122665 
799 685 11 12 0.031225633 
93 1101 13 15 0.031096324 
665 1326 21 26 0.031064002 
238 606 9 11 0.031053515 
349 1251 18 24 0.031011395 
731 1106 20 23 0.031003444 
997 1291 13 17 0.030995486 
902 36 23 27 0.03097095 
671 1092 11 12 0.0309667 
320 558 8 10 0.030946221 
939 1120 13 16 0.030944336 
353 462 8 11 0.030928394 
554 512 14 16 0.030927382 
328 576 7 10 0.030921074 
87 1086 14 14 0.030906552 
602 580 22 28 0.03088279 
385 244 18 22 0.030879794 
120 566 10 12 0.030853447 
256 624 7 11 0.030835332 
156 617 12 16 0.030810669 
206 516 8 10 0.03071209 
761 1073 11 15 0.03067756 
941 1217 17 20 0.030672923 
188 1094 13 19 0.03067275 
260 1155 13 18 0.030662885 
654 1163 15 19 0.030659903 
504 1102 9 12 0.03064988 
726 1196 12 18 0.030592985 
240 1132 13 17 0.030580563 
9 1106 14 19 0.030574912 
726 1268 13 17 0.030558053 
25 535 8 10 0.03046508 
674 1336 16 22 0.030440098 
686 615 8 9 0.0304269 
6 1099 13 17 0.030423105 
949 1077 11 15 0.030409245 
0 1344 14 25 0.030396067 
375 1155 13 18 0.030395709 
585 1097 10 11 0.030375607 
639 503 8 10 0.030340808 
688 592 8 9 0.03033887 
793 652 9 11 0.030312428 
340 670 11 13 0.03030705 
699 1187 15 16 0.030306604 
914 1347 23 31 0.030224362 
695 592 8 10 0.030205633 
757 1211 15 17 0.030204391 
17 170 18 21 0.030201694 
588 1155 14 18 0.030180613 
980 1236 16 21 0.030173313 
716 1314 16 19 0.030167691 
940 1059 11 14 0.030165834 
294 568 9 10 0.030161176 
705 535 7 10 0.030124262 
830 695 9 11 0.030120168 
894 1210 23 27 0.030114152 
848 694 9 11 0.030082976 
1005 1069 11 13 0.030078411 
612 1197 15 18 0.03005598 
192 683 12 16 0.03001977 
728 576 8 9 0.029973734 
373 1108 12 15 0.029971093 
456 1276 17 24 0.029964682 
867 1068 12 15 0.029902067 
976 694 10 12 0.029896136 
92 1140 14 17 0.02988075 
916 1217 16 20 0.029815454 
313 567 7 9 0.029794548 
316 1257 16 21 0.02979021 
871 1107 13 17 0.02978684 
366 607 8 10 0.029767757 
478 1272 18 23 0.02976724 
702 1203 13 17 0.029763907 
655 607 8 10 0.029752688 
920 702 10 12 0.029739354 
171 1050 13 17 0.029725073 
866 1205 17 24 0.029721748 
14 157 23 28 0.029710792 
470 559 9 10 0.029703371 
982 1077 14 17 0.029694939 
675 1145 14 20 0.029667482 
452 1308 16 22 0.029608812 
728 695 10 12 0.029565066 
616 1096 10 12 0.02955047 
526 1124 10 15 0.02953851 
871 714 12 15 0.029513063 
777 1384 17 21 0.029510804 
125 566 11 13 0.029502096 
486 1100 11 12 0.029498063 
414 199 14 17 0.029468497 
777 1260 15 20 0.029459277 
377 205 16 21 0.02944937 
578 1116 13 17 0.029443236 
826 1282 23 31 0.029398235 
293 584 9 10 0.029392514 
873 1197 23 31 0.029355962 
151 1202 21 28 0.029347941 
657 574 8 10 0.02933172 
310 1177 14 18 0.029322961 
133 1192 15 19 0.029309437 
868 1271 22 29 0.029285718 
723 1153 13 18 0.029283874 
387 1267 17 22 0.029265799 
1001 1267 15 19 0.029257212 
864 1191 16 24 0.029253798 
675 1355 16 20 0.029233063 
988 1235 17 22 0.029228948 
769 1248 16 20 0.029192723 
1005 1145 16 18 0.029187275 
752 1130 11 15 0.029186357 
627 1308 16 20 0.029180994 
687 683 14 17 0.02917332 
1000 1229 23 33 0.029153476 
745 581 9 11 0.029138258 
670 572 7 10 0.029118577 
441 651 12 15 0.029108068 
264 536 7 8 0.029078975 
114 551 8 10 0.029064428 
306 1237 22 28 0.028988024 
720 534 8 10 0.02898063 
199 590 7 10 0.028843513 
225 1230 17 19 0.028781852 
264 509 7 10 0.028748987 
192 589 9 11 0.028748224 
289 552 7 9 0.028737267 
70 1203 15 20 0.028733674 
224 630 9 12 0.028728295 
725 599 9 12 0.028700812 
39 528 9 11 0.028698353 
988 1166 13 17 0.028675359 
627 1258 14 19 0.028663635 
528 590 9 11 0.0286555 
154 1211 27 32 0.02860778 
886 691 11 14 0.028549794 
15 517 9 11 0.0285448 
608 7 10 11 0.028525388 
453 1095 9 11 0.02852381 
381 534 8 11 0.028508645 
523 1182 21 25 0.028479692 
320 616 9 11 0.028449625 
840 1132 11 15 0.028428208 
250 1170 14 18 0.028424839 
802 1191 16 21 0.028416362 
117 591 13 17 0.028392138 
101 588 11 13 0.028375011 
446 1091 11 14 0.028333956 
916 714 14 19 0.028327644 
289 583 8 10 0.028323956 
771 1309 15 21 0.028322224 
762 1065 10 12 0.028321382 
696 616 8 9 0.028312316 
780 1124 13 16 0.028281966 
351 552 9 11 0.028250607 
264 622 9 10 0.028244602 
918 708 12 17 0.028223604 
320 599 8 9 0.028195923 
865 1159 16 20 0.028190209 
80 544 7 9 0.028122665 
303 1133 12 16 0.028092176 
319 543 8 10 0.028070325 
549 1124 11 16 0.02806623 
231 628 11 13 0.028046282 
659 1204 14 20 0.028045688 
855 1052 10 12 0.028018804 
85 1118 14 17 0.02799823 
989 1245 16 22 0.027980812 
305 1214 22 27 0.027979793 
452 1132 13 17 0.027966628 
970 1137 15 18 0.027942378 
212 1233 22 28 0.027929686 
391 1074 10 13 0.027928496 
19 184 15 20 0.027909938 
238 527 7 10 0.027885213 
108 1186 22 28 0.027884351 
270 40 154 184 0.027882205 
152 610 13 17 0.027864948 
787 1152 15 21 0.02785471 
752 1071 8 11 0.027840884 
712 533 9 10 0.027830796 
569 1353 15 22 0.027826993 
121 587 12 15 0.027817436 
40 1201 22 34 0.027793204 
779 1109 12 16 0.027770624 
629 520 8 10 0.027754623 
654 1101 11 15 0.027729584 
781 1155 14 20 0.027695432 
529 215 17 20 0.02767265 
345 599 9 11 0.027665311 
808 1139 13 19 0.027610928 
710 1291 14 18 0.027599996 
348 84 16 20 0.02759672 
874 1265 15 20 0.02759227 
376 552 8 10 0.027584933 
240 592 9 11 0.027584093 
330 275 14 15 0.027581658 
222 552 9 10 0.027569816 
913 1340 16 21 0.02754062 
113 558 10 11 0.027513029 
748 1117 12 16 0.02750282 
869 1064 9 11 0.027480565 
296 599 8 9 0.027471049 
246 1091 12 16 0.02746612 
2 1115 11 16 0.027451698 
494 1093 10 12 0.027439931 
921 1265 24 30 0.027438449 
886 725 11 15 0.02738606 
382 1134 11 14 0.027369805 
329 667 11 13 0.027363427 
77 1109 11 14 0.02732889 
641 614 9 11 0.027321348 
195 289 10 14 0.027318949 
709 644 9 12 0.027288536 
854 1296 15 21 0.027277293 
209 583 8 11 0.027249908 
670 584 9 9 0.027206462 
761 811 11 14 0.027203724 
714 584 8 10 0.027201075 
1003 1246 16 20 0.0271971 
472 552 8 10 0.027195798 
415 163 12 15 0.027170101 
822 1118 11 14 0.027164642 
816 713 11 14 0.02716392 
254 651 9 12 0.027141657 
918 1047 9 11 0.027106917 
948 1283 16 21 0.027106363 
995 1092 11 15 0.02709139 
256 574 8 10 0.027071815 
159 730 13 17 0.027064111 
672 560 8 9 0.027055506 
254 1265 14 19 0.027033359 
0 1195 11 17 0.027033286 
267 1084 13 16 0.027006716 
459 1173 13 16 0.026999861 
943 1068 11 14 0.026998576 
278 607 8 10 0.026984587 
294 1105 12 18 0.026963891 
483 1197 19 25 0.026933953 
110 674 11 14 0.026925443 
513 1304 17 20 0.02691901 
601 1278 22 27 0.02685172 
513 1117 14 19 0.026823921 
207 723 16 19 0.026820574 
702 568 8 10 0.026796913 
968 1109 21 25 0.026786778 
983 1185 15 20 0.026776174 
709 1087 11 13 0.026765151 
835 3 13 13 0.02673893 
472 1162 16 18 0.026717242 
680 584 7 9 0.026706306 
351 608 9 11 0.02667945 
316 656 11 13 0.026674695 
848 689 8 11 0.026653709 
716 1196 13 17 0.026640493 
710 1342 21 30 0.026635962 
966 1281 25 29 0.026625311 
273 592 7 10 0.026605962 
397 653 11 13 0.026605695 
200 559 7 8 0.02657471 
665 520 7 9 0.026568238 
517 1167 14 16 0.02654614 
800 666 11 15 0.026531558 
763 1290 14 18 0.026531534 
503 1109 10 14 0.026497774 
798 640 8 9 0.02644648 
130 1132 13 17 0.0264367 
943 1076 11 14 0.026366264 
177 1150 20 25 0.026351696 
673 599 8 10 0.026328837 
269 1108 14 17 0.026316324 
1014 1257 12 17 0.026274217 
467 1266 16 21 0.026273722 
762 687 10 13 0.02626246 
229 590 9 10 0.026260976 
997 1099 11 15 0.0262331 
421 1126 13 16 0.026162589 
757 709 15 18 0.02614662 
710 630 9 11 0.026107514 
614 1124 11 14 0.026084095 
752 526 7 8 0.026058542 
720 13 9 11 0.026037855 
490 1180 15 20 0.026033178 
969 1054 9 10 0.026015762 
312 574 8 10 0.02601367 
588 652 17 21 0.026009873 
179 1187 21 27 0.0260078 
654 509 8 9 0.026003167 
516 1081 11 14 0.025958668 
751 1267 11 16 0.025944449 
495 567 9 11 0.025941942 
597 1280 16 21 0.025934327 
759 560 7 10 0.025930563 
742 1228 15 20 0.025918458 
37 540 9 10 0.025895292 
389 710 44 54 0.025874924 
300 1235 15 19 0.025828417 
597 49 16 17 0.02582777 
725 1354 14 20 0.025812704 
114 85 28 33 0.025806554 
763 1253 22 27 0.025782302 
217 1153 14 19 0.025780898 
502 1352 16 23 0.02577902 
476 1115 13 17 0.025756443 
368 1278 25 33 0.025740283 
670 1342 22 28 0.025727993 
214 584 9 11 0.025727693 
398 1163 13 16 0.025722405 
862 1073 13 16 0.025610868 
685 656 8 9 0.025607852 
78 180 17 23 0.025595464 
894 1090 13 18 0.025592277 
461 557 11 13 0.025584597 
375 615 10 11 0.025530515 
877 1070 10 13 0.025529724 
477 1151 12 15 0.025522025 
303 526 8 10 0.02551191 
13 566 12 15 0.02550116 
544 1130 10 13 0.025493138 
933 700 9 12 0.025476452 
981 1100 13 16 0.025418129 
174 1072 13 17 0.025416128 
250 1099 13 18 0.025401432 
1001 1378 15 21 0.025389902 
325 556 9 10 0.025382182 
86 686 9 11 0.02535533 
253 608 9 11 0.02532267 
72 89 24 29 0.025290124 
357 1103 10 12 0.02525868 
327 1266 26 31 0.025229884 
393 582 9 10 0.025224667 
412 485 9 13 0.025219997 
268 1125 13 17 0.02517583 
86 678 11 13 0.025175719 
548 1348 18 22 0.025172548 
720 542 9 10 0.025151225 
841 1218 16 21 0.025149787 
89 747 8 10 0.025131533 
479 1226 14 19 0.02512229 
794 640 8 10 0.025093744 
671 1367 22 27 0.025070367 
345 536 8 10 0.02505784 
204 663 10 14 0.025047373 
630 552 8 11 0.025044562 
327 1282 18 25 0.025011752 
849 1115 12 15 0.024970455 
355 187 13 21 0.024953628 
323 1257 24 30 0.024937373 
590 1234 15 19 0.024930052 
832 1344 17 23 0.02492485 
673 520 7 9 0.024887562 
725 1123 12 17 0.024866078 
551 1103 10 13 0.024863824 
265 631 9 12 0.024852058 
125 486 8 10 0.024843045 
213 1126 14 17 0.024838818 
779 1313 14 21 0.024819551 
759 615 8 9 0.024816249 
873 1381 21 32 0.024808299 
351 558 8 10 0.02479171 
712 545 9 9 0.024776852 
178 1206 16 23 0.024769377 
412 158 22 28 0.024766592 
758 1284 12 15 0.024730042 
679 1258 12 17 0.024721364 
806 1099 13 15 0.02471571 
907 1283 22 28 0.024641875 
714 1296 15 18 0.024634194 
349 1172 12 17 0.024624676 
799 1354 22 29 0.024621299 
953 1174 20 25 0.024605416 
573 1136 15 17 0.024592508 
409 1136 14 19 0.024575748 
7 1085 20 27 0.024570636 
397 535 9 10 0.024563786 
351 521 7 9 0.024558805 
727 590 9 11 0.024534633 
883 1333 14 20 0.024524266 
715 1130 12 17 0.024508797 
597 1138 15 18 0.024498763 
704 1087 10 13 0.024491295 
323 1254 16 21 0.024491072 
648 1327 24 27 0.024485424 
234 617 17 22 0.024478434 
662 534 8 9 0.024461512 
291 187 15 20 0.024456082 
161 1191 21 31 0.024446985 
450 1125 13 15 0.024445578 
723 646 8 10 0.02442041 
163 640 14 19 0.0244179 
157 1114 14 17 0.024416253 
750 1292 14 20 0.024404328 
479 1086 9 13 0.024351967 
843 1101 12 16 0.024331275 
286 608 8 10 0.024324391 
223 1067 13 16 0.024297964 
699 1135 18 24 0.024282796 
462 552 10 12 0.024265708 
106 1200 17 19 0.024223639 
304 575 7 9 0.024210326 
174 690 12 15 0.024167385 
0 1170 10 18 0.024163395 
532 582 11 13 0.024157312 
766 1163 14 19 0.024131665 
240 583 8 9 0.024115803 
703 544 7 10 0.024090622 
422 139 14 14 0.02407686 
689 575 7 9 0.02407488 
102 1092 11 14 0.024074025 
381 1289 16 20 0.02405735 
781 1132 12 15 0.02404742 
189 622 10 12 0.024040908 
267 1248 40 51 0.024017034 
671 671 11 13 0.023987824 
907 1295 17 22 0.0239869 
874 164 41 49 0.02395882 
507 1220 17 21 0.023950193 
303 600 8 9 0.02394228 
335 560 9 10 0.023938349 
252 526 8 9 0.023931095 
22 528 8 9 0.02391315 
380 180 14 16 0.023889609 
773 1101 12 15 0.023843361 
271 576 8 10 0.023829404 
156 1170 19 26 0.023829162 
247 552 7 8 0.023828061 
447 159 11 12 0.023827808 
669 1231 13 17 0.023783121 
95 747 9 11 0.023778895 
154 603 12 15 0.023758199 
382 575 8 10 0.02374176 
304 1249 23 29 0.023740403 
312 1273 27 33 0.02373861 
372 696 13 15 0.023733778 
637 1100 9 13 0.02373083 
411 377 16 19 0.023704102 
224 584 9 11 0.023697414 
877 1282 24 30 0.023692556 
425 488 10 11 0.023690455 
325 627 10 11 0.023686074 
326 1193 13 16 0.023682492 
110 582 10 11 0.023646867 
184 1201 21 29 0.023632538 
279 644 9 11 0.023623528 
0 1100 11 16 0.023596082 
44 1168 17 20 0.023579448 
235 1216 15 19 0.023570903 
656 544 9 11 0.023563934 
565 1163 16 20 0.02356014 
588 1226 16 17 0.023543164 
558 1132 13 18 0.023542484 
688 599 8 10 0.0235258 
344 157 10 14 0.023521366 
543 1145 13 18 0.023490138 
117 1116 14 17 0.023489615 
157 647 14 18 0.023468414 
968 697 9 11 0.023466686 
730 1332 24 31 0.023440914 
319 592 8 9 0.023435235 
99 1236 15 21 0.023434298 
994 686 9 11 0.023425879 
728 624 8 8 0.02340925 
433 174 22 28 0.023406686 
636 1124 12 17 0.02338155 
996 33 23 32 0.023326512 
518 486 9 10 0.023322145 
651 1341 22 28 0.023295753 
48 560 8 10 0.023278704 
702 600 9 10 0.023254577 
684 1302 18 21 0.023249678 
385 1304 17 21 0.023226136 
754 558 8 10 0.023224732 
345 1263 25 31 0.023215683 
1006 1109 14 20 0.023195943 
415 88 12 14 0.023186827 
372 1267 18 22 0.023178078 
452 651 12 16 0.023174644 
189 614 9 11 0.023149593 
95 179 16 21 0.0231439 
930 1256 16 24 0.023138655 
662 997 11 15 0.023132643 
676 1093 12 15 0.02310827 
557 1104 9 11 0.023106683 
246 535 8 9 0.023096917 
698 1171 15 17 0.02309175 
271 543 8 10 0.023091575 
998 1347 20 29 0.02308819 
391 565 9 10 0.023077274 
686 557 7 10 0.02307478 
157 591 10 12 0.023059214 
201 495 8 10 0.023024403 
902 1387 13 17 0.023012519 
373 129 16 18 0.023004716 
627 1136 13 19 0.022984844 
733 1139 13 15 0.022976922 
694 679 8 10 0.022967882 
772 647 9 11 0.022955975 
828 1194 15 22 0.022952847 
739 1291 14 20 0.022937542 
787 690 12 14 0.022935087 
376 1103 9 13 0.022929281 
516 1175 15 17 0.022905448 
135 651 13 18 0.022877065 
295 574 8 9 0.022828804 
830 711 12 14 0.022827799 
501 1088 9 10 0.02280662 
551 606 10 12 0.022805177 
527 1116 11 16 0.02280472 
321 552 8 10 0.02279796 
711 575 7 9 0.022785366 
241 534 8 9 0.022743827 
646 1122 12 16 0.022743259 
280 339 17 21 0.022728488 
279 552 8 9 0.02272601 
387 207 15 19 0.022717936 
248 608 9 11 0.022699997 
910 696 9 11 0.022687918 
673 1111 21 26 0.02268369 
775 662 10 12 0.022676017 
632 1303 21 28 0.022668418 
510 1102 10 12 0.02266627 
846 1124 13 16 0.0226468 
740 1139 12 15 0.022633888 
610 1269 17 21 0.0226289 
198 666 14 18 0.022626681 
859 1142 21 24 0.022587227 
679 545 8 9 0.022577032 
834 1305 16 23 0.022550007 
406 1191 14 19 0.022538038 
426 1188 16 18 0.022533944 
595 1180 14 17 0.022519495 
95 1171 15 18 0.022511791 
678 591 8 10 0.022486646 
112 706 10 13 0.022460049 
27 1132 12 17 0.022440374 
628 746 16 19 0.022393871 
900 1289 15 21 0.022388821 
682 1370 16 23 0.022370055 
159 1157 15 21 0.022352237 
376 590 9 10 0.022344476 
356 142 22 29 0.022332106 
312 552 7 9 0.022330105 
1 1076 11 16 0.022320136 
198 652 12 14 0.022308888 
685 1201 14 19 0.022292431 
412 493 9 11 0.022286307 
806 676 10 13 0.02227258 
265 1255 26 33 0.022268748 
328 1143 18 23 0.022248615 
809 1092 22 26 0.022242023 
414 1099 10 13 0.022212274 
958 1311 23 31 0.022200791 
499 1243 18 23 0.022182476 
551 627 12 15 0.022177724 
332 1193 14 18 0.022162804 
158 579 10 12 0.022162292 
262 662 10 12 0.02215206 
771 1204 16 18 0.022144873 
664 527 7 9 0.022127245 
816 1175 20 27 0.022121567 
119 1234 26 37 0.022116931 
718 695 9 11 0.022110475 
247 1217 17 21 0.022107434 
752 520 8 9 0.022097396 
581 1177 14 20 0.022095561 
99 1153 14 19 0.022094693 
901 1351 17 22 0.022091633 
0 1200 18 23 0.022062534 
382 1101 10 12 0.022047115 
211 696 14 16 0.022039926 
520 1247 17 22 0.022022547 
728 560 9 11 0.02200723 
695 575 8 9 0.022004174 
764 1187 15 18 0.021999288 
856 1221 24 30 0.021979045 
189 606 10 12 0.021977661 
703 550 8 9 0.02192043 
351 1139 13 18 0.021917978 
410 213 13 16 0.021911763 
854 1233 23 29 0.021905458 
728 726 8 10 0.021886902 
397 487 9 12 0.021852324 
827 1164 13 17 0.021850534 
904 1219 25 28 0.021843767 
969 750 28 32 0.02183728 
228 1122 14 18 0.021825116 
977 1246 16 22 0.021823535 
410 584 8 11 0.021773152 
487 574 9 11 0.02176109 
937 1166 20 28 0.021760011 
629 503 10 13 0.021745326 
935 1041 9 10 0.021735828 
81 688 9 10 0.021734342 
693 630 9 12 0.021726295 
609 557 8 9 0.0217152 
72 551 9 11 0.021695415 
702 559 9 11 0.02168655 
808 653 10 11 0.021678092 
703 591 8 10 0.02167149 
994 1323 24 30 0.021655409 
324 685 12 14 0.021649392 
373 1188 13 17 0.021622 
720 606 8 10 0.021620471 
312 1221 23 29 0.021618938 
263 505 7 10 0.021591948 
307 184 17 23 0.021579342 
544 505 13 18 0.021561382 
715 1323 16 20 0.021559084 
312 646 9 11 0.021541607 
558 1267 14 19 0.021523641 
239 1083 12 16 0.021500329 
638 1295 20 27 0.021498686 
107 1210 17 19 0.02148179 
286 560 8 8 0.021476949 
552 496 10 12 0.021463176 
414 110 13 15 0.021437142 
411 1172 13 18 0.021423532 
796 1228 13 20 0.021409824 
719 717 8 10 0.021407153 
906 697 8 10 0.021403259 
486 1093 12 13 0.021379469 
314 1209 16 20 0.021339277 
561 1357 26 31 0.021331854 
709 1358 23 32 0.021320863 
815 701 12 15 0.021320429 
545 206 15 19 0.021318998 
302 201 15 20 0.02128008 
535 1200 16 19 0.021279626 
247 542 8 10 0.021264853 
322 181 22 30 0.021263156 
930 1076 12 14 0.021261046 
878 693 12 16 0.021245232 
803 1330 15 22 0.021242365 
899 1170 17 20 0.021235771 
735 1236 13 17 0.021221358 
198 597 8 10 0.021193625 
367 552 8 10 0.021185623 
638 626 9 12 0.02118049 
255 536 8 9 0.021178387 
239 551 8 9 0.021175727 
883 581 33 36 0.021139476 
65 541 7 9 0.02113913 
191 510 8 10 0.021138735 
171 1098 14 19 0.021125633 
721 669 8 11 0.021108905 
638 1147 13 17 0.021107977 
81 707 11 13 0.021092838 
656 559 8 10 0.021080492 
342 568 8 9 0.021062404 
671 1114 11 15 0.021053359 
702 615 8 9 0.021031741 
1012 1355 12 18 0.021024343 
345 472 7 8 0.021018019 
629 731 28 35 0.021016307 
532 588 11 13 0.02101113 
625 533 9 10 0.021009112 
97 544 8 10 0.021000585 
989 1290 13 19 0.020993313 
296 559 8 10 0.020991681 
145 1185 21 27 0.02097937 
544 574 8 10 0.020953864 
571 1156 23 27 0.020914683 
431 624 8 10 0.020899931 
574 527 9 12 0.020895036 
971 1264 18 22 0.020893162 
71 558 10 11 0.02087891 
249 1255 25 32 0.020871338 
373 687 12 14 0.020859385 
678 1266 14 18 0.0208548 
116 1224 16 21 0.02083841 
255 662 10 13 0.020819716 
198 574 8 10 0.02081789 
537 517 11 14 0.020791903 
220 613 10 12 0.020775551 
239 574 9 10 0.020775523 
231 692 11 13 0.020770546 
454 543 8 10 0.020763807 
204 674 12 15 0.02074807 
492 1146 15 18 0.020723166 
199 1189 20 25 0.020720813 
820 1331 18 23 0.020707289 
621 740 26 31 0.020697527 
713 1210 15 18 0.020695202 
118 738 11 15 0.020690456 
87 545 8 10 0.020686286 
958 1230 22 28 0.020680288 
963 1253 18 20 0.020647021 
317 632 107 123 0.0206398 
687 583 9 10 0.020597836 
237 1250 25 32 0.020592632 
309 616 8 10 0.020584662 
139 1173 23 29 0.020580187 
413 656 11 13 0.020576173 
972 1200 21 28 0.02057314 
412 1259 16 21 0.020571189 
493 1102 10 11 0.02056628 
8 566 11 13 0.020565752 
301 1225 15 20 0.020563543 
563 1139 13 16 0.02056091 
215 1181 14 19 0.020555012 
621 1266 14 20 0.020549558 
429 1156 13 15 0.020543452 
286 1258 43 50 0.020508876 
392 590 8 10 0.020484382 
241 1275 15 20 0.020477988 
280 1225 24 28 0.02046131 
320 607 8 10 0.020457812 
390 1100 10 12 0.020439405 
600 582 11 13 0.020424755 
374 148 12 16 0.020414619 
306 658 20 24 0.02039782 
660 1197 13 17 0.020396622 
813 654 9 11 0.020378474 
723 1328 15 20 0.020377785 
332 202 18 24 0.020373018 
932 1108 13 16 0.020360498 
96 684 9 12 0.020347275 
154 1038 9 12 0.020343136 
318 574 8 11 0.020340161 
459 1131 20 24 0.020325486 
56 742 9 11 0.020300515 
996 1306 22 32 0.020299787 
478 1106 13 16 0.020284558 
711 607 8 9 0.02026723 
664 638 8 10 0.020258017 
441 709 29 34 0.020237362 
627 1179 14 18 0.02023735 
961 697 8 10 0.020237012 
797 1154 12 19 0.02023565 
288 1081 10 13 0.020183021 
424 559 8 9 0.02016779 
118 708 9 12 0.020167751 
744 1361 27 30 0.02015705 
344 463 7 10 0.02015659 
737 497 7 8 0.020151807 
821 1064 10 12 0.020136606 
750 679 9 12 0.020126589 
893 1241 16 23 0.02012387 
944 1190 20 25 0.020114748 
894 1099 13 17 0.020100204 
579 1234 15 18 0.020092823 
696 558 9 11 0.020082885 
490 1263 17 22 0.02007966 
707 1362 15 22 0.020074282 
134 1102 11 15 0.020070616 
696 669 10 12 0.020053236 
385 628 9 12 0.020051371 
712 696 9 10 0.020045001 
776 678 10 13 0.020013507 
