10_People_Marching_People_Marching_10_People_Marching_People_Marching_10_524
59
64 132 73 88 0.99778455 
589 172 62 71 0.9946838 
836 139 59 66 0.97735834 
272 217 31 37 0.8480489 
285 215 39 40 0.552802 
501 246 17 25 0.27116638 
363 230 22 28 0.20728476 
215 248 25 29 0.15459199 
520 138 46 64 0.12387209 
873 139 59 68 0.096481636 
396 232 23 30 0.07572368 
151 194 45 53 0.06869351 
215 120 31 32 0.06747137 
192 170 28 37 0.065631375 
1004 160 19 34 0.06367271 
202 234 45 50 0.06335461 
214 166 49 56 0.058230933 
394 85 102 143 0.05595386 
892 247 31 38 0.051983044 
357 227 17 21 0.04521865 
492 107 82 102 0.044002462 
364 289 22 29 0.043837633 
291 134 31 36 0.043572288 
498 76 29 36 0.04265175 
182 163 49 54 0.03972899 
202 180 29 30 0.037559807 
167 178 46 54 0.034655083 
239 167 30 39 0.03309388 
147 206 29 38 0.03292841 
314 286 38 48 0.03288799 
154 223 17 21 0.030242564 
253 178 14 19 0.029827772 
1 157 40 60 0.02946683 
294 200 34 42 0.029335158 
551 489 27 31 0.029201642 
676 189 51 68 0.027786124 
225 242 28 35 0.02709741 
890 224 35 46 0.026341714 
169 201 48 53 0.025340142 
295 230 31 36 0.025158707 
102 -22 370 420 0.025058072 
194 211 49 57 0.024601964 
313 217 16 21 0.02448666 
902 167 38 41 0.024399456 
724 136 33 39 0.024120545 
14 213 55 68 0.02391915 
256 252 28 32 0.023760462 
574 194 37 48 0.023708208 
347 258 18 21 0.023145802 
185 153 30 42 0.02269247 
767 71 33 42 0.02230865 
864 34 121 154 0.02206652 
214 244 17 21 0.021752328 
338 201 27 33 0.021664614 
451 116 85 103 0.021614965 
960 66 55 79 0.020755956 
50 76 105 135 0.020593122 
12 139 48 62 0.020105485 
221 119 15 17 0.020022236 
