10_People_Marching_People_Marching_2_34
3103
624 717 34 43 0.99933124 
994 721 31 42 0.9958228 
714 702 23 30 0.9943869 
589 688 25 31 0.99129325 
670 708 22 32 0.98569494 
525 710 31 38 0.9823291 
165 633 13 16 0.9713029 
397 657 17 22 0.9639297 
455 637 12 15 0.96229815 
101 683 16 19 0.9609208 
174 689 14 19 0.95479333 
341 643 13 16 0.93592453 
866 722 28 33 0.9261518 
38 684 15 18 0.92532796 
835 670 21 28 0.91275316 
403 720 18 27 0.9093578 
85 734 22 28 0.8748262 
370 642 12 16 0.8552405 
513 687 22 31 0.83642113 
811 642 12 16 0.8264243 
662 669 16 18 0.7943138 
244 643 12 16 0.7705381 
263 671 9 12 0.76289713 
751 611 10 13 0.7435554 
950 667 14 19 0.7243207 
249 581 9 12 0.7164085 
714 659 14 18 0.6153785 
305 715 18 25 0.6142144 
449 684 14 18 0.61312854 
32 621 10 12 0.6033835 
342 574 8 10 0.59704125 
127 606 8 11 0.5850649 
307 625 11 15 0.5648509 
276 584 9 11 0.56459934 
821 611 10 13 0.5472274 
189 575 9 11 0.53539675 
63 637 13 16 0.5264192 
92 619 11 13 0.5115517 
101 557 8 11 0.5003016 
80 599 10 12 0.49362794 
141 682 14 18 0.4883943 
838 611 12 15 0.4750237 
605 623 8 12 0.46714404 
463 660 13 17 0.45453072 
218 671 13 16 0.45154762 
424 694 11 15 0.45056534 
37 648 14 17 0.44836304 
384 671 15 20 0.42849928 
294 568 9 11 0.42252946 
465 592 8 10 0.4152321 
623 629 9 11 0.40490064 
377 583 7 9 0.38211098 
888 684 18 21 0.37932178 
578 612 9 13 0.36767858 
780 659 15 21 0.3664862 
665 612 10 12 0.35138977 
822 591 8 10 0.3507274 
341 607 11 14 0.34918305 
705 681 16 20 0.3461672 
445 590 8 10 0.3455786 
745 552 8 11 0.34176356 
552 623 10 12 0.33606166 
815 588 9 11 0.33448872 
536 599 7 10 0.33064264 
301 678 15 18 0.32434142 
301 589 8 10 0.3233869 
527 690 24 32 0.3190477 
102 606 8 11 0.3172709 
958 568 9 11 0.315976 
374 416 7 9 0.31241545 
995 542 12 16 0.30830437 
379 558 7 10 0.3054184 
361 549 9 11 0.30537564 
799 573 8 10 0.30482826 
761 747 27 29 0.3042093 
437 630 9 10 0.29995534 
664 532 8 11 0.29970178 
318 644 10 15 0.29960483 
999 655 11 16 0.2983435 
205 582 8 11 0.29778618 
534 624 9 12 0.29742303 
315 688 13 20 0.2960162 
898 566 9 11 0.29570094 
591 643 8 11 0.2933535 
507 645 11 13 0.29289535 
964 596 12 15 0.29259783 
942 597 13 16 0.29048115 
888 478 7 10 0.2889923 
71 565 9 11 0.28802818 
119 572 8 10 0.2858005 
474 423 7 9 0.27882338 
459 528 8 10 0.27748618 
638 669 13 17 0.26847097 
776 630 10 12 0.2639663 
971 648 16 22 0.25750843 
617 544 7 10 0.2540721 
415 598 9 11 0.2536113 
864 480 7 10 0.25311902 
855 633 13 16 0.2504689 
760 527 7 9 0.24887057 
629 693 22 26 0.24765548 
128 454 7 9 0.24568795 
247 563 9 12 0.24561255 
594 575 7 11 0.24555843 
784 548 7 9 0.2453933 
321 565 8 11 0.24489722 
841 480 7 9 0.24303968 
192 566 9 10 0.24094081 
525 583 8 11 0.23768516 
776 399 8 10 0.23385054 
280 564 10 12 0.23317893 
268 612 11 14 0.2316578 
750 553 7 9 0.2304933 
975 444 7 11 0.23022327 
925 658 16 25 0.22968014 
110 510 8 10 0.22741027 
325 565 8 10 0.22544575 
336 549 7 10 0.22389701 
488 599 8 11 0.22387533 
326 560 8 11 0.22042394 
764 591 8 10 0.21985579 
656 652 13 16 0.21663775 
646 492 8 10 0.2156465 
73 604 9 12 0.21446314 
582 608 9 12 0.21339633 
366 567 7 9 0.20982985 
224 544 7 9 0.20933224 
283 487 7 9 0.20794645 
350 533 8 10 0.20742473 
424 576 7 9 0.2073532 
874 518 7 10 0.20435292 
360 544 8 10 0.20346266 
498 591 8 10 0.20307307 
225 495 7 9 0.20173869 
679 481 7 10 0.20130843 
1011 587 10 14 0.2007484 
904 455 7 10 0.199455 
458 582 7 10 0.19940817 
149 463 8 10 0.19924317 
257 590 9 13 0.19915687 
735 583 8 10 0.19893269 
912 549 8 10 0.19873816 
778 588 9 11 0.19732463 
505 623 10 13 0.19530298 
160 493 7 9 0.19477256 
423 439 8 11 0.19459786 
458 458 7 8 0.19171278 
842 445 8 11 0.18993482 
278 543 7 9 0.18912359 
12 622 9 11 0.18852858 
1014 533 9 13 0.18833421 
104 645 12 16 0.18569936 
697 568 7 9 0.18566027 
559 612 9 12 0.18469706 
991 523 11 12 0.18315145 
770 480 8 9 0.18184264 
611 666 13 15 0.18145317 
1012 501 9 12 0.18122871 
199 526 8 10 0.18111284 
145 624 10 12 0.18065745 
225 612 9 13 0.18064186 
389 620 12 14 0.17953476 
55 576 9 11 0.17767216 
440 527 6 9 0.17762694 
979 652 13 17 0.17724234 
736 359 9 10 0.17672098 
278 628 9 12 0.17473862 
207 550 7 10 0.17391494 
623 582 8 10 0.1728308 
229 595 10 12 0.17230232 
632 606 7 11 0.17173837 
662 503 8 10 0.17160487 
811 587 8 11 0.17029963 
505 401 7 9 0.17029075 
801 487 7 10 0.1700057 
25 485 8 9 0.1699271 
405 423 7 9 0.16957507 
629 520 8 10 0.16955867 
881 416 7 10 0.16931985 
864 430 7 9 0.1689595 
399 472 7 9 0.16837656 
425 619 9 11 0.16827223 
640 445 7 9 0.16765054 
385 590 7 10 0.16763064 
408 550 7 9 0.16727045 
324 646 11 14 0.16717656 
432 391 8 9 0.16631973 
342 591 8 10 0.16549572 
23 540 9 11 0.16489586 
313 470 8 10 0.16467193 
273 543 9 11 0.16390793 
521 454 7 9 0.16360562 
914 521 7 10 0.16284107 
502 599 8 11 0.16252182 
591 580 9 11 0.16203664 
521 647 9 12 0.16118689 
286 559 8 10 0.16109242 
66 560 9 11 0.15958536 
785 431 6 9 0.15953408 
623 600 7 11 0.15849735 
803 390 7 9 0.15847573 
279 456 7 10 0.1581836 
815 504 8 9 0.15729116 
463 568 8 10 0.15657084 
265 486 8 10 0.15640555 
557 502 8 10 0.15611815 
853 726 27 33 0.1555952 
750 496 7 10 0.15531181 
753 575 7 11 0.15501706 
813 585 9 11 0.15461704 
440 409 7 9 0.15430915 
511 406 8 9 0.15386622 
513 525 8 10 0.15340209 
837 368 8 9 0.15323715 
921 576 9 11 0.15261744 
830 432 7 9 0.1525352 
383 622 10 13 0.15181354 
253 645 11 16 0.1500961 
241 638 12 15 0.14955142 
586 476 7 10 0.1492597 
990 600 13 17 0.149189 
376 623 9 12 0.1489924 
785 469 7 9 0.14893664 
574 384 7 10 0.14858183 
245 600 8 10 0.14816742 
1007 629 11 13 0.14799663 
866 416 7 8 0.14701995 
559 591 10 13 0.14671409 
756 608 10 13 0.14665829 
730 470 8 10 0.14653188 
752 683 17 20 0.14649956 
566 589 7 10 0.145681 
260 595 9 11 0.1442343 
838 500 8 11 0.14405388 
79 464 6 9 0.14354129 
422 532 7 10 0.14325769 
632 613 8 10 0.14322995 
77 635 12 15 0.1426092 
450 400 6 9 0.1425688 
63 630 11 14 0.14231732 
846 646 14 17 0.14229804 
308 682 15 21 0.14206861 
417 528 8 10 0.14158526 
391 472 7 10 0.14155422 
163 472 6 9 0.13996042 
749 513 7 10 0.1398088 
816 575 7 8 0.13959844 
311 642 13 16 0.13940497 
389 637 11 13 0.1388194 
555 384 6 8 0.13879825 
840 584 8 10 0.13867755 
472 621 10 12 0.13786474 
825 463 8 10 0.1376313 
386 473 7 11 0.13740608 
296 585 9 11 0.13734323 
866 558 8 10 0.13657221 
830 462 7 10 0.13656165 
637 582 8 10 0.13608523 
350 608 9 12 0.13575594 
228 732 12 16 0.13513856 
462 456 7 9 0.13505742 
677 568 8 10 0.13497391 
153 439 8 9 0.1348029 
562 710 26 36 0.13478976 
657 559 9 13 0.13466288 
7 525 8 10 0.13460015 
219 505 7 9 0.13411283 
560 676 17 20 0.13361585 
255 441 6 9 0.13271706 
16 520 9 11 0.13258733 
619 630 8 11 0.1318827 
675 519 6 9 0.13176045 
360 415 7 9 0.13168651 
849 520 8 10 0.13138063 
577 599 8 10 0.13124546 
665 488 7 9 0.13112435 
454 549 7 9 0.13088202 
431 548 7 10 0.13025321 
535 566 8 9 0.12999691 
936 516 8 11 0.12984894 
174 716 13 21 0.12984662 
768 448 7 10 0.12979697 
326 440 7 10 0.12973952 
1002 659 13 18 0.1291241 
465 447 7 8 0.12892868 
338 606 9 12 0.1288135 
517 504 7 10 0.12812899 
98 439 7 9 0.12798543 
894 638 15 19 0.12793353 
624 511 7 9 0.12720181 
13 583 9 11 0.12710454 
990 627 12 15 0.126983 
774 479 7 9 0.12692823 
492 657 13 19 0.12665667 
598 391 8 9 0.1263883 
608 495 8 9 0.12627348 
672 452 7 10 0.12619951 
406 431 7 10 0.12605956 
473 428 8 10 0.12603232 
457 422 7 9 0.12590718 
657 576 7 10 0.12538426 
328 543 8 10 0.1252707 
586 375 7 9 0.12495315 
423 445 8 10 0.12472506 
589 477 8 10 0.12427981 
417 533 8 10 0.12404294 
344 688 22 26 0.12390386 
313 613 10 12 0.12385092 
1 464 8 12 0.12319132 
279 399 7 8 0.123069756 
16 573 8 10 0.123007216 
423 418 7 9 0.12259041 
407 599 8 10 0.12254379 
192 376 7 8 0.12249579 
908 589 10 13 0.122340046 
442 590 8 11 0.121394776 
658 505 7 9 0.12129195 
592 496 6 10 0.12090698 
218 390 7 9 0.12074069 
227 676 14 19 0.12073964 
862 649 13 18 0.12064179 
707 590 8 11 0.120537415 
594 392 7 9 0.12038564 
49 533 9 11 0.1196939 
503 432 7 9 0.11932149 
392 527 7 9 0.118910916 
198 518 8 10 0.1188169 
169 566 9 11 0.11843022 
807 511 7 9 0.118241236 
66 449 6 8 0.118071325 
785 424 7 9 0.11795504 
777 404 8 10 0.11788441 
621 650 13 16 0.11777853 
296 496 7 8 0.117617406 
896 571 12 13 0.11752235 
686 551 8 10 0.117401026 
632 583 8 10 0.117279425 
704 598 8 10 0.116969176 
342 447 7 8 0.11683913 
425 432 8 10 0.11665926 
962 603 11 13 0.11643435 
329 731 18 21 0.11634215 
791 406 8 10 0.116150305 
7 446 8 11 0.11611615 
616 471 7 9 0.116097234 
209 454 6 8 0.11609568 
137 510 8 10 0.11592033 
849 416 7 9 0.11585913 
1014 570 10 14 0.11543235 
425 549 7 9 0.11533561 
674 572 8 10 0.11443557 
63 622 9 11 0.11421614 
734 471 7 9 0.1142077 
473 552 7 8 0.11386324 
464 407 7 9 0.11351658 
1012 604 10 15 0.1134568 
856 487 7 9 0.11321412 
377 440 6 8 0.11315581 
517 525 8 10 0.11315581 
293 603 9 12 0.113132395 
656 509 7 9 0.11309509 
448 613 9 12 0.11293596 
781 584 7 10 0.11274128 
792 401 7 9 0.112527296 
824 485 8 10 0.111630686 
719 581 8 10 0.11125512 
535 430 7 9 0.1110624 
520 391 7 9 0.11101018 
678 521 8 9 0.11093345 
414 478 7 10 0.11081635 
432 590 8 11 0.11048971 
617 581 7 10 0.110019416 
829 456 8 9 0.11001398 
152 592 8 11 0.10963924 
495 653 11 15 0.10907361 
77 567 8 10 0.108810045 
663 464 6 8 0.108637415 
529 414 8 10 0.10820819 
1007 567 11 15 0.10754857 
429 617 8 9 0.107134394 
639 565 8 10 0.107124604 
185 470 7 10 0.10706298 
522 653 10 12 0.10700609 
568 424 7 9 0.10693518 
12 548 9 12 0.10680491 
335 545 8 9 0.10673541 
445 659 12 16 0.10632019 
826 431 8 10 0.10619909 
747 656 12 17 0.106037475 
568 536 8 11 0.1059272 
880 422 7 8 0.10591997 
849 400 7 9 0.10587841 
488 440 7 9 0.10563828 
545 567 9 11 0.10555831 
728 510 7 10 0.10526038 
846 480 7 9 0.10505915 
721 534 8 11 0.1049824 
735 531 8 11 0.104805015 
143 650 13 16 0.10474794 
929 566 7 11 0.10444184 
591 589 7 9 0.10422802 
913 525 6 8 0.10406477 
583 679 14 18 0.104056 
1007 584 11 15 0.10388442 
784 614 10 12 0.10367894 
918 520 8 10 0.10318873 
147 542 8 10 0.10287497 
334 500 8 11 0.102571405 
769 359 7 9 0.10247282 
199 432 7 9 0.10246593 
985 589 11 12 0.10243576 
825 480 8 10 0.10235039 
407 437 7 10 0.10150013 
702 569 7 9 0.10109224 
502 384 9 10 0.10080462 
447 596 8 10 0.10064993 
903 536 7 9 0.10063189 
425 582 7 9 0.10060004 
876 621 9 11 0.10058201 
767 657 12 17 0.100438826 
439 488 8 9 0.100417696 
518 660 11 14 0.10026176 
984 595 13 16 0.09974681 
191 424 7 9 0.099740915 
747 615 8 11 0.09970127 
470 446 7 10 0.099670604 
455 400 7 9 0.09962672 
388 667 15 19 0.099549755 
566 565 7 10 0.099335745 
897 561 9 11 0.099219985 
975 519 10 13 0.09920161 
333 699 16 19 0.099072985 
730 465 7 10 0.09889887 
856 566 8 9 0.09865613 
629 702 29 35 0.09862484 
671 511 6 9 0.09847732 
338 447 7 9 0.09847476 
776 665 14 19 0.098334394 
856 606 9 12 0.09812149 
429 621 9 12 0.09811989 
347 534 8 10 0.09780161 
147 627 11 14 0.09743015 
905 317 10 12 0.09733998 
376 400 7 8 0.09713642 
817 608 9 12 0.09686361 
854 423 7 9 0.096856855 
618 599 7 10 0.096452005 
26 559 8 10 0.096432716 
303 668 14 18 0.09632886 
660 564 9 12 0.09629618 
614 495 7 9 0.096102625 
353 447 7 9 0.09602489 
626 518 8 10 0.095916614 
444 584 9 10 0.0956928 
743 438 6 9 0.09564299 
616 653 11 13 0.09556194 
184 606 9 11 0.09537682 
695 679 21 25 0.095319316 
773 326 9 11 0.0949396 
257 426 7 9 0.094802044 
725 621 9 11 0.09479466 
834 558 7 10 0.09476434 
399 559 7 9 0.09465574 
870 430 7 9 0.09462495 
864 461 8 10 0.09453029 
134 496 7 9 0.09452307 
439 414 7 9 0.09451177 
352 589 9 11 0.094350986 
839 399 7 9 0.09432488 
367 440 7 9 0.09429174 
592 382 7 9 0.094119646 
361 408 6 8 0.094059944 
425 472 7 8 0.09398525 
746 495 8 11 0.09394014 
217 543 7 10 0.09389377 
501 650 13 16 0.093856156 
143 517 8 10 0.09385352 
361 439 7 10 0.093822986 
400 432 8 9 0.09375432 
133 607 8 11 0.09363853 
669 532 7 10 0.09356465 
48 637 9 12 0.09352504 
127 556 7 10 0.093511164 
910 504 7 10 0.09343142 
888 416 7 10 0.09342653 
122 551 7 10 0.09327442 
784 391 6 8 0.09295712 
503 453 8 10 0.092816144 
888 472 7 10 0.09276275 
440 533 7 9 0.092675105 
654 544 7 9 0.09234234 
680 558 7 9 0.09218119 
902 560 8 11 0.09203892 
802 431 7 10 0.09193015 
650 456 7 9 0.09185047 
177 600 8 11 0.09155242 
497 414 7 9 0.091456205 
150 607 8 11 0.09130782 
305 438 7 8 0.0912681 
504 603 9 11 0.0909907 
806 488 7 10 0.09090251 
166 471 7 9 0.09074497 
257 470 8 10 0.09066325 
743 573 8 11 0.090560816 
13 544 8 10 0.090479694 
239 446 6 9 0.0902382 
98 551 9 12 0.09017893 
654 637 9 12 0.090155594 
856 455 8 9 0.09012051 
544 691 22 28 0.0899383 
385 535 8 10 0.089742236 
745 516 7 10 0.0897097 
22 573 8 11 0.08956748 
753 446 6 9 0.089467265 
29 479 8 10 0.08933815 
406 591 8 9 0.08905756 
478 416 8 10 0.088971294 
1006 636 12 15 0.0888486 
313 465 8 9 0.088411696 
446 608 8 10 0.08826855 
486 660 12 20 0.088055745 
304 391 6 9 0.08794133 
14 495 8 9 0.08783555 
343 569 8 10 0.08766688 
511 582 7 9 0.08766424 
733 604 10 13 0.08760766 
737 433 7 8 0.08751323 
929 528 8 10 0.0874551 
34 518 8 10 0.087407716 
661 575 7 10 0.087158 
854 623 11 14 0.0871211 
134 544 7 9 0.086995654 
274 415 8 9 0.086847536 
879 729 17 22 0.086816184 
473 417 7 9 0.08679819 
824 510 8 10 0.08665822 
319 663 11 14 0.08664961 
258 466 7 8 0.08656924 
627 376 7 9 0.086377524 
126 552 8 10 0.08636649 
105 342 8 10 0.08626253 
626 407 7 9 0.08605709 
151 511 7 9 0.08598552 
520 567 7 10 0.08595053 
634 424 7 9 0.08578554 
267 510 8 11 0.08572649 
248 478 7 10 0.085559815 
721 636 9 11 0.08552393 
230 659 14 17 0.08537101 
866 407 6 9 0.08518779 
806 606 8 11 0.08508583 
768 525 8 11 0.08472874 
571 384 6 9 0.08469537 
144 608 9 10 0.084644355 
497 431 8 9 0.084359415 
901 630 11 14 0.08426334 
743 477 8 11 0.08425974 
158 439 7 9 0.084176704 
825 469 8 10 0.08412416 
425 400 8 10 0.08408416 
304 433 8 9 0.08393085 
314 719 15 22 0.08379135 
735 464 6 9 0.08368698 
544 399 8 10 0.083473206 
221 503 8 10 0.08340103 
274 462 8 9 0.08306988 
737 351 7 9 0.08298583 
287 566 10 11 0.082619525 
318 469 7 9 0.08233995 
286 627 10 13 0.08232632 
880 574 8 11 0.08226417 
704 573 7 10 0.082182705 
504 414 8 10 0.082139336 
391 590 8 10 0.08210998 
850 406 7 9 0.082041524 
553 510 7 9 0.08197667 
833 501 8 10 0.08177028 
495 464 7 10 0.08171702 
784 439 7 9 0.08155197 
664 494 7 9 0.08147928 
630 601 8 10 0.081418455 
855 430 8 10 0.08132585 
206 587 8 12 0.081275344 
191 406 7 10 0.08119788 
271 620 10 13 0.08114516 
23 566 9 11 0.08112412 
174 423 7 10 0.08068878 
520 450 7 9 0.08057777 
726 631 8 11 0.0801123 
705 583 8 10 0.0800667 
113 568 8 10 0.08003053 
222 525 7 10 0.07983888 
257 392 6 9 0.07980204 
441 609 7 9 0.07974729 
482 599 7 10 0.07971352 
553 423 8 10 0.07965594 
370 415 7 9 0.07950987 
47 527 10 12 0.0794786 
38 518 8 11 0.079463564 
770 390 6 9 0.07936658 
384 433 7 9 0.07925391 
880 688 22 24 0.07915035 
191 607 9 12 0.07912362 
439 625 9 11 0.07911729 
169 504 7 9 0.07897134 
774 526 8 10 0.07889812 
32 551 8 11 0.078861326 
825 423 8 10 0.078773655 
734 502 7 9 0.07875506 
925 607 11 14 0.07875146 
591 500 8 10 0.078701414 
896 473 7 8 0.07847184 
791 519 9 11 0.07815603 
496 597 9 12 0.078137785 
103 519 8 9 0.078066394 
537 527 7 9 0.077951826 
200 611 8 12 0.07782906 
834 553 7 9 0.07778031 
111 480 7 10 0.077612914 
415 487 8 10 0.07756397 
496 525 6 9 0.07716428 
929 447 8 9 0.07713419 
582 543 7 7 0.07708438 
463 573 8 10 0.07708123 
758 582 9 11 0.07699953 
904 448 7 9 0.07696765 
30 583 8 10 0.076939225 
488 407 7 9 0.07664029 
848 590 9 11 0.07662861 
785 447 7 8 0.07658595 
807 600 8 9 0.076401256 
460 631 10 13 0.07634514 
103 455 7 9 0.076293156 
619 577 7 10 0.076248065 
633 504 7 9 0.0761076 
687 605 8 11 0.07607607 
865 401 7 9 0.07596763 
318 464 8 10 0.07590404 
359 636 9 12 0.075791486 
656 526 8 11 0.075622745 
447 407 8 9 0.07544524 
623 549 7 9 0.07538078 
589 375 8 10 0.07535519 
274 688 13 19 0.07531307 
568 448 7 9 0.07531101 
784 607 9 11 0.075066924 
678 448 7 10 0.07499506 
629 623 9 11 0.07487994 
10 502 8 11 0.074838616 
210 376 7 8 0.0747972 
712 691 20 28 0.0747294 
990 503 8 10 0.07470704 
340 598 10 12 0.07470017 
273 536 8 10 0.07462659 
912 495 7 8 0.074554265 
71 502 9 10 0.07452452 
896 410 6 8 0.07428181 
96 374 8 10 0.074140266 
655 647 12 14 0.07409216 
320 543 7 9 0.07393698 
464 416 7 9 0.073858686 
5 464 8 11 0.07385039 
250 503 8 10 0.07377646 
313 415 7 8 0.073732734 
454 508 8 10 0.07370561 
221 691 11 13 0.07362481 
448 455 6 9 0.07342067 
430 583 7 8 0.073417224 
465 441 7 9 0.07332472 
790 415 7 10 0.073226735 
936 541 8 10 0.0731142 
357 685 15 18 0.07310233 
711 630 8 11 0.073008046 
472 582 8 10 0.072908 
668 609 10 12 0.072804675 
255 445 7 10 0.07273763 
513 376 7 9 0.07273492 
935 497 7 10 0.072645254 
874 597 9 12 0.072611555 
642 494 8 10 0.0725906 
705 606 8 11 0.072468095 
825 447 7 10 0.072411574 
695 667 14 17 0.07232031 
590 471 8 12 0.07227307 
801 726 21 30 0.07205959 
622 576 8 11 0.07200266 
510 616 9 11 0.071967 
128 584 8 10 0.07189555 
554 488 7 10 0.07182734 
850 423 7 9 0.07180174 
565 651 11 15 0.07177634 
199 393 8 9 0.071699455 
942 542 7 10 0.07168948 
625 524 9 12 0.07167339 
504 639 11 14 0.07160792 
823 528 8 9 0.07151418 
988 583 10 12 0.0714507 
56 629 9 12 0.07126997 
222 424 7 9 0.0712476 
215 568 9 12 0.07123272 
1 487 8 12 0.07122145 
296 519 7 9 0.07119939 
854 520 7 10 0.071004815 
495 638 9 12 0.070769705 
214 375 6 9 0.07059792 
343 558 8 11 0.07053865 
567 429 7 10 0.07052208 
448 473 6 8 0.07048477 
359 391 6 8 0.07035686 
944 454 7 9 0.07022439 
55 480 7 10 0.07018057 
390 535 8 9 0.070171826 
550 573 8 10 0.070066884 
654 550 7 9 0.06978081 
392 606 8 11 0.06974632 
530 624 8 10 0.06974513 
512 439 7 9 0.06974024 
207 448 7 10 0.069736585 
263 398 7 9 0.06964703 
24 504 7 10 0.06964264 
502 551 7 10 0.06930885 
766 596 8 11 0.069300234 
197 559 9 11 0.06895515 
880 461 7 9 0.068901576 
204 606 10 11 0.06890113 
71 573 9 11 0.0688947 
560 565 9 11 0.06887876 
136 447 7 10 0.068715475 
479 399 8 9 0.06866555 
41 431 6 8 0.068455614 
631 479 7 9 0.0683523 
768 613 8 11 0.068232626 
509 668 13 16 0.06821385 
416 493 8 9 0.06815997 
392 437 7 10 0.06814621 
622 544 7 10 0.06804932 
856 449 7 8 0.0680292 
627 401 6 9 0.067972966 
654 630 10 12 0.06793282 
657 463 7 8 0.06789175 
114 574 8 10 0.067835614 
159 552 7 10 0.06769303 
537 502 7 10 0.06769283 
14 502 8 10 0.06753411 
772 651 13 19 0.06746208 
272 471 7 9 0.067395575 
28 598 10 12 0.067304134 
200 511 8 10 0.06724288 
515 704 29 40 0.067097224 
959 560 8 9 0.067080505 
934 560 9 11 0.067074895 
850 391 6 9 0.06705033 
840 393 7 9 0.067026064 
936 440 7 9 0.06684599 
107 511 7 10 0.06672766 
167 606 8 10 0.06663779 
974 423 7 10 0.06663222 
462 391 7 9 0.066584304 
21 524 9 11 0.066573486 
457 417 7 10 0.066490635 
594 568 7 10 0.06629799 
416 382 7 9 0.06628334 
927 431 6 9 0.06619963 
810 712 17 23 0.06606795 
574 448 7 9 0.06604335 
654 622 9 10 0.06600585 
554 591 9 12 0.06598796 
7 487 8 10 0.06598429 
936 602 13 19 0.06593035 
55 462 7 10 0.065879434 
430 433 8 9 0.06586902 
877 519 8 9 0.065867655 
944 558 7 10 0.06586528 
714 440 8 10 0.06584227 
151 549 8 10 0.06579848 
269 517 8 11 0.065759085 
47 463 7 9 0.06570098 
693 510 7 10 0.06568947 
861 607 8 12 0.06559374 
448 415 7 9 0.06558476 
654 520 8 10 0.06556638 
135 502 8 10 0.06554371 
158 597 8 10 0.065512456 
383 607 7 11 0.065499306 
631 588 9 11 0.06545945 
991 535 12 15 0.06539192 
671 527 7 9 0.06531405 
544 404 8 10 0.06520164 
630 381 7 9 0.06507194 
480 628 10 12 0.065060295 
1 526 8 11 0.06503375 
400 590 7 9 0.06492881 
308 636 13 17 0.06482215 
623 463 7 9 0.06480421 
478 376 7 10 0.06479958 
845 606 10 12 0.06477449 
126 568 8 10 0.06461606 
688 591 9 11 0.06458652 
774 614 9 11 0.064453304 
266 668 12 16 0.06439997 
904 430 7 9 0.0643989 
767 509 7 10 0.06436101 
15 487 7 10 0.06435602 
183 489 8 10 0.06433199 
575 454 6 9 0.06430703 
9 545 9 11 0.064227164 
41 470 7 9 0.06413564 
336 693 23 25 0.06412368 
766 503 8 11 0.06408356 
390 615 10 12 0.06403781 
954 571 12 15 0.06392716 
856 612 10 13 0.0639205 
831 591 8 9 0.06391615 
328 400 7 8 0.063913554 
184 440 7 9 0.063861 
48 479 8 10 0.06384618 
983 636 10 12 0.06380979 
623 504 7 9 0.06376818 
201 413 7 10 0.063676976 
785 535 7 9 0.06367139 
498 383 8 9 0.06360906 
889 504 7 10 0.06357277 
70 376 7 10 0.06356688 
696 457 7 8 0.06356302 
415 472 7 9 0.06351657 
608 662 11 15 0.063495524 
200 576 9 10 0.06345598 
582 620 9 12 0.06336066 
841 464 7 10 0.0632999 
854 505 7 9 0.06327307 
42 464 6 8 0.06320352 
865 550 9 12 0.06311207 
769 484 7 10 0.06306433 
856 384 7 9 0.06302346 
296 502 8 9 0.06301491 
543 623 9 12 0.06301045 
337 592 9 10 0.062953345 
104 462 7 9 0.062897645 
984 400 7 9 0.06289244 
874 385 6 8 0.0628921 
769 521 7 9 0.06283038 
513 447 6 9 0.062773906 
824 319 8 10 0.06272029 
650 519 7 10 0.062719434 
255 478 8 10 0.062691085 
807 517 7 10 0.06268073 
327 550 8 10 0.06266666 
345 407 6 9 0.062632024 
789 607 9 11 0.06259917 
675 479 7 10 0.06257788 
0 558 7 13 0.062548295 
489 464 8 9 0.06253275 
477 621 10 13 0.062509105 
850 343 8 10 0.06246261 
846 583 9 11 0.06229281 
169 392 7 9 0.062282465 
825 729 19 29 0.06226956 
806 431 7 10 0.062232602 
471 440 7 9 0.062162284 
831 437 7 9 0.062097043 
191 400 8 9 0.062075328 
125 635 13 16 0.0620168 
654 457 7 8 0.061980985 
832 392 7 8 0.061936494 
273 456 8 11 0.061917737 
825 383 7 9 0.06181506 
358 606 7 10 0.06175821 
863 439 7 9 0.061700266 
849 486 7 9 0.061694715 
342 580 9 12 0.061566662 
871 460 8 11 0.06142852 
661 663 14 17 0.061377957 
527 576 7 9 0.061375234 
66 383 7 9 0.061256785 
134 382 7 9 0.061234303 
489 392 7 9 0.06119672 
791 511 9 10 0.06119164 
768 544 7 8 0.061187804 
104 431 7 9 0.061047804 
599 447 8 9 0.061038926 
1013 506 9 13 0.06102721 
293 628 11 14 0.060987808 
201 471 7 9 0.06096179 
633 677 22 29 0.060902975 
408 544 8 9 0.060864348 
287 481 8 9 0.0608629 
393 552 7 9 0.06074547 
375 391 7 9 0.0607398 
406 416 8 9 0.060708087 
1002 567 10 13 0.0606982 
474 375 8 10 0.060686905 
399 543 8 10 0.06067051 
744 473 7 9 0.06063452 
801 437 7 10 0.060528174 
70 430 8 10 0.060475875 
663 510 8 9 0.060421277 
816 543 8 12 0.06033945 
323 439 6 9 0.060338102 
496 647 10 13 0.060337067 
871 416 7 8 0.060327977 
327 486 6 9 0.060325157 
221 509 8 11 0.060272336 
272 547 9 11 0.060230777 
455 439 7 10 0.060170498 
348 639 11 13 0.060116135 
809 504 7 10 0.059951488 
792 526 8 10 0.059914455 
667 455 6 8 0.059882257 
344 472 8 10 0.059861243 
904 460 7 9 0.05984737 
330 500 8 10 0.059846833 
178 455 7 10 0.059846643 
608 479 8 9 0.059790164 
825 455 8 10 0.059777625 
790 464 7 10 0.0597747 
970 424 7 10 0.05956088 
353 422 7 9 0.059530534 
850 384 7 9 0.059484884 
481 470 7 9 0.059328582 
473 381 9 10 0.05930754 
560 400 7 9 0.059232287 
928 560 8 10 0.059214063 
104 600 8 11 0.059201438 
940 607 15 18 0.05917556 
807 422 7 10 0.059057575 
232 393 7 8 0.05903245 
847 535 8 10 0.058950186 
599 598 8 10 0.058890395 
70 620 9 12 0.058880337 
368 590 7 9 0.058874585 
558 366 8 10 0.05886557 
197 650 12 16 0.058763027 
600 408 8 9 0.058759175 
160 557 7 9 0.058526333 
145 454 7 9 0.058476735 
186 400 7 9 0.058461137 
254 551 8 10 0.05842873 
575 501 7 9 0.05834648 
727 612 10 13 0.058314066 
752 534 7 9 0.058301322 
775 520 7 9 0.058273993 
71 496 8 11 0.05822133 
128 589 10 11 0.05820827 
825 436 8 10 0.058182236 
495 468 7 10 0.05815671 
538 480 6 8 0.0581341 
815 621 10 13 0.05812199 
520 383 7 9 0.05811455 
520 575 8 10 0.058082063 
312 453 6 9 0.05802717 
177 462 7 10 0.05801922 
775 392 7 9 0.057953756 
143 468 9 11 0.0579379 
310 438 7 9 0.057930786 
877 696 17 21 0.057877548 
626 480 8 9 0.05774784 
319 719 21 28 0.05771369 
383 437 7 10 0.057712425 
254 565 8 11 0.057697844 
841 484 7 10 0.057692867 
697 462 6 8 0.057613533 
177 620 9 12 0.057609584 
849 431 7 9 0.05754958 
528 409 8 10 0.057493407 
744 619 9 11 0.05746776 
577 432 7 9 0.057427928 
73 454 7 9 0.057398856 
418 440 8 10 0.057348445 
639 472 7 9 0.05732057 
368 630 11 14 0.057283632 
639 510 8 9 0.057239383 
352 440 8 10 0.05723654 
778 464 8 10 0.057211343 
233 377 7 8 0.057182275 
455 486 9 10 0.05717777 
263 464 7 8 0.057131566 
135 677 14 18 0.056946248 
762 384 6 9 0.056919295 
373 626 11 15 0.056876153 
312 607 10 12 0.05686114 
401 392 7 9 0.056794655 
730 583 8 10 0.056787103 
288 535 7 10 0.05678401 
681 551 8 11 0.05677833 
465 472 7 8 0.0567641 
642 489 7 9 0.056697886 
473 544 7 9 0.056652237 
217 456 6 8 0.05661615 
407 604 9 11 0.056544013 
414 674 10 14 0.056422774 
176 440 7 8 0.05638991 
807 614 9 11 0.056275446 
455 405 7 9 0.056270115 
1009 532 10 14 0.056211676 
450 432 6 9 0.056207128 
830 425 7 9 0.056108214 
439 493 8 10 0.056091174 
734 496 8 10 0.056032434 
690 503 7 10 0.056025624 
971 446 8 10 0.0559851 
620 676 14 18 0.055958834 
296 615 9 11 0.055941734 
134 377 7 9 0.055939946 
553 431 7 9 0.055931818 
722 480 7 9 0.055906978 
498 448 7 9 0.055826556 
630 400 7 9 0.05576282 
220 682 15 19 0.05575781 
113 382 8 9 0.055748798 
833 566 8 11 0.055710364 
335 692 13 18 0.055651795 
554 455 7 9 0.055628616 
206 494 7 9 0.05557115 
694 584 7 9 0.05556449 
223 549 8 10 0.05554798 
952 558 8 9 0.05549544 
514 508 7 10 0.055484146 
446 567 7 10 0.055463955 
952 580 12 14 0.055389974 
879 458 7 9 0.055375442 
430 577 7 9 0.055223837 
799 628 11 13 0.055135 
223 429 6 9 0.055105634 
305 479 7 8 0.055038884 
408 583 8 10 0.055007372 
410 488 7 10 0.054988638 
354 416 7 10 0.05473491 
901 479 7 9 0.05463345 
559 455 7 9 0.054588247 
448 477 7 10 0.05452762 
568 481 7 9 0.054444775 
358 590 9 10 0.05443708 
841 439 9 11 0.05441806 
71 614 10 13 0.05441031 
253 559 8 11 0.05437379 
405 697 13 17 0.054352496 
607 501 8 10 0.05434639 
996 612 12 15 0.05431706 
889 334 10 11 0.054305084 
264 492 8 11 0.054268837 
807 621 10 12 0.054266527 
881 440 7 9 0.054251675 
895 423 7 9 0.054214723 
801 424 7 8 0.054191586 
850 366 7 10 0.054147873 
65 424 7 9 0.054123882 
768 453 7 10 0.05412194 
830 480 7 9 0.05407579 
446 619 12 14 0.05404667 
578 693 27 35 0.054034855 
587 368 6 8 0.053977042 
927 512 9 11 0.053960245 
181 600 9 11 0.053944718 
364 706 13 17 0.053923327 
864 423 8 10 0.053876277 
382 583 8 10 0.05385957 
41 438 7 10 0.053830408 
240 440 6 9 0.05382994 
135 568 8 10 0.05376492 
790 470 6 8 0.053664144 
240 603 11 13 0.053640258 
630 486 7 9 0.05360195 
313 409 7 8 0.053561788 
478 551 7 9 0.053557254 
650 551 7 9 0.053481195 
414 621 9 10 0.053418383 
599 413 8 10 0.05337087 
327 591 8 10 0.053365536 
144 400 7 9 0.053302687 
834 407 6 8 0.05328097 
166 716 16 20 0.05315914 
122 464 6 7 0.05311768 
575 389 7 10 0.053105805 
10 494 8 10 0.053085413 
742 591 9 11 0.053081337 
168 559 9 11 0.053054947 
737 567 7 9 0.053012524 
1012 597 11 16 0.05297027 
933 609 14 18 0.052900106 
864 456 8 10 0.052835796 
437 634 11 15 0.05277251 
95 325 7 10 0.052705 
135 549 7 9 0.052671917 
428 674 12 16 0.0525212 
419 416 7 9 0.052493326 
600 375 7 9 0.052485056 
30 588 9 12 0.052437454 
487 399 8 9 0.05239963 
727 479 8 9 0.05237951 
571 677 19 26 0.052369777 
506 406 8 9 0.052360676 
606 383 7 8 0.052275885 
388 693 14 17 0.052243873 
442 576 7 9 0.052226014 
495 424 7 9 0.052204333 
599 615 8 9 0.052178264 
0 613 7 11 0.05214659 
222 631 10 13 0.052092165 
609 559 9 10 0.05205311 
769 472 7 10 0.051899627 
351 628 9 11 0.051879965 
776 470 8 10 0.051865358 
802 606 7 11 0.051858377 
823 595 9 12 0.051855452 
187 406 7 10 0.051763024 
673 381 9 11 0.051759955 
199 397 8 10 0.051729027 
561 406 8 10 0.05167928 
470 627 9 12 0.05162555 
934 526 9 11 0.051538672 
799 480 7 9 0.05148537 
415 617 8 9 0.051444057 
289 416 7 9 0.051425233 
671 305 9 11 0.051410194 
577 619 9 12 0.05140356 
608 488 8 10 0.051391315 
752 579 9 12 0.05137604 
111 592 8 10 0.051343188 
823 568 8 10 0.051285226 
87 335 7 8 0.05128059 
639 504 8 9 0.051274113 
944 519 8 10 0.051225375 
438 422 8 10 0.051214334 
317 607 9 12 0.05117726 
245 632 13 16 0.05115042 
193 447 6 8 0.051140208 
418 577 7 9 0.051122177 
185 550 9 10 0.051078275 
340 684 16 19 0.05107371 
543 519 7 9 0.05095858 
446 575 8 9 0.050944764 
512 521 7 10 0.050876815 
200 409 7 9 0.050850067 
229 494 9 11 0.05079417 
185 509 7 9 0.05074431 
41 487 8 9 0.050722532 
929 534 8 10 0.050711505 
449 440 7 9 0.050703023 
63 576 8 10 0.050697945 
792 454 7 9 0.050672553 
433 416 7 10 0.05064948 
774 645 12 17 0.05058989 
228 666 15 19 0.05058919 
80 534 8 10 0.050578702 
362 573 9 11 0.050495096 
85 603 9 12 0.05048327 
791 447 8 9 0.050435808 
529 423 8 10 0.05038427 
649 524 8 10 0.050364856 
89 616 10 13 0.050352972 
391 476 8 11 0.050334625 
616 623 8 11 0.050301455 
489 424 7 9 0.050133623 
833 612 10 14 0.050093923 
806 385 7 10 0.05004854 
94 532 9 11 0.050039146 
171 630 12 16 0.05003894 
626 486 7 9 0.05001994 
686 557 8 9 0.049941234 
112 432 8 9 0.049929135 
686 598 8 11 0.04990255 
376 613 8 10 0.049882308 
446 447 8 9 0.049878556 
533 583 9 10 0.04987149 
654 480 7 9 0.04980905 
43 646 13 15 0.04975104 
393 433 7 9 0.04969168 
459 393 6 8 0.049669225 
442 566 7 9 0.049609117 
71 478 8 10 0.049579293 
201 447 7 9 0.04954655 
561 440 7 9 0.04953315 
71 406 7 9 0.049446963 
346 528 8 11 0.04944471 
560 584 8 10 0.0492102 
790 543 8 10 0.049187537 
293 622 10 12 0.04915809 
767 430 7 9 0.049105134 
520 472 6 9 0.04906407 
856 462 8 11 0.049035087 
320 582 8 11 0.049019415 
639 454 7 9 0.049013678 
864 544 8 11 0.048971828 
629 406 8 10 0.04894105 
502 557 8 10 0.04892298 
863 564 9 11 0.048907705 
31 470 7 10 0.04884413 
905 615 8 11 0.048838526 
319 535 7 9 0.04883791 
531 628 9 11 0.048833057 
14 455 8 10 0.048798874 
87 589 8 11 0.04879711 
181 622 10 12 0.048783377 
310 477 8 10 0.04870072 
234 446 7 9 0.048677348 
296 488 6 9 0.04863636 
996 711 25 29 0.048631415 
176 470 7 10 0.048594385 
590 367 7 9 0.0485436 
345 623 10 13 0.04852607 
287 541 8 10 0.0485107 
678 454 7 8 0.04844133 
673 551 7 9 0.048375994 
138 470 8 10 0.04837427 
71 448 8 9 0.048314977 
575 496 8 10 0.04828907 
569 520 6 9 0.048233323 
419 446 7 9 0.048225094 
640 392 7 8 0.04820481 
216 551 8 9 0.04814437 
409 472 7 10 0.048062574 
545 472 7 10 0.048004698 
193 534 8 10 0.047989517 
841 432 7 9 0.047946025 
216 384 8 10 0.047944408 
966 263 33 39 0.047935404 
359 400 6 8 0.04793492 
943 699 26 29 0.047908638 
146 535 8 10 0.047898713 
39 568 9 11 0.047884405 
793 375 8 10 0.047881745 
185 579 8 12 0.04787833 
88 529 7 9 0.047877528 
12 616 9 12 0.04787531 
632 576 8 10 0.047845256 
433 456 7 9 0.04783915 
841 320 8 11 0.047778524 
239 376 7 8 0.047747582 
480 569 8 9 0.047734607 
352 401 6 8 0.04772792 
495 409 7 9 0.047696393 
864 359 7 9 0.047675814 
515 666 12 15 0.047665544 
150 469 7 10 0.047648553 
849 505 7 10 0.047633976 
474 400 7 8 0.047590274 
104 337 7 9 0.047581524 
808 548 8 11 0.04757257 
535 375 7 9 0.047568478 
441 440 7 9 0.04751544 
952 526 8 10 0.047490604 
681 620 10 12 0.04747223 
895 414 6 9 0.047465008 
553 478 7 9 0.047457334 
607 445 7 9 0.04744252 
925 573 9 12 0.047419302 
175 479 7 9 0.0474126 
758 368 8 9 0.047410794 
288 384 7 8 0.047400393 
787 416 7 9 0.04732459 
112 375 8 10 0.04732084 
160 607 8 11 0.047313336 
543 360 8 9 0.047276523 
873 591 8 11 0.047195263 
416 377 7 9 0.047186922 
560 447 7 9 0.04717506 
561 559 8 11 0.047167093 
857 544 8 10 0.047162123 
850 359 7 10 0.04712974 
416 581 7 9 0.04711877 
777 438 6 8 0.047108475 
184 447 6 8 0.047103215 
472 616 9 12 0.047091044 
709 611 9 12 0.047089484 
575 486 7 10 0.04703815 
250 441 7 9 0.04700278 
431 396 8 10 0.04699609 
131 633 12 16 0.046994653 
752 440 7 9 0.04699394 
951 431 6 8 0.0469923 
814 629 12 14 0.046963714 
279 597 9 12 0.046963274 
358 584 9 10 0.046955533 
54 439 7 10 0.04692625 
570 390 6 9 0.04688871 
535 423 7 10 0.04681252 
158 591 8 11 0.046756774 
569 375 7 9 0.04674993 
258 648 14 17 0.04673273 
231 550 7 9 0.046704173 
228 643 13 16 0.046700146 
585 496 7 10 0.046698492 
743 597 8 11 0.04660858 
194 519 8 10 0.04660584 
269 487 7 9 0.046600547 
469 597 8 10 0.04657041 
400 437 7 10 0.046567723 
222 390 6 9 0.046526257 
729 600 9 10 0.046525378 
370 401 6 8 0.046509694 
262 375 6 7 0.046501946 
461 584 8 10 0.04640199 
206 629 13 15 0.046401218 
202 439 6 9 0.046363596 
555 696 23 29 0.046303064 
453 614 9 12 0.046288893 
837 660 16 19 0.0462798 
368 472 8 10 0.046202492 
759 545 8 9 0.046201546 
767 424 7 9 0.04617371 
462 532 8 10 0.046145674 
849 596 10 11 0.046139706 
697 536 8 10 0.046117872 
406 392 7 8 0.04610505 
841 326 7 9 0.04609316 
801 492 8 11 0.046085104 
519 621 9 12 0.0460798 
249 448 8 9 0.04605868 
833 573 8 10 0.04604658 
462 400 7 8 0.04603516 
346 401 7 8 0.046027917 
472 556 8 10 0.0459938 
624 589 9 10 0.04598675 
767 646 10 14 0.045985185 
110 342 8 11 0.045959976 
170 510 7 9 0.04591291 
206 575 9 11 0.04587352 
235 677 13 17 0.045841068 
575 519 7 9 0.045831554 
723 659 13 17 0.04579396 
389 629 12 14 0.045749206 
382 551 8 11 0.045722563 
935 536 8 11 0.045623217 
145 644 14 17 0.04562224 
471 480 7 9 0.045600746 
511 577 8 10 0.045571122 
397 693 12 18 0.045527622 
872 424 7 9 0.04552072 
598 640 8 10 0.045504645 
744 488 7 9 0.04548464 
535 383 7 9 0.0454798 
81 593 9 11 0.04547088 
510 401 8 10 0.045456994 
384 399 6 8 0.04540017 
930 454 7 9 0.045346137 
744 533 8 10 0.045339145 
66 376 7 10 0.045304358 
278 549 9 11 0.04530397 
186 504 6 9 0.04522814 
911 409 7 8 0.045179747 
137 573 7 10 0.045178447 
409 383 7 9 0.04513281 
191 644 11 13 0.045114975 
78 551 9 11 0.04502147 
175 575 7 10 0.045007087 
215 635 12 15 0.04493465 
585 639 9 12 0.04492278 
54 528 8 11 0.044913333 
502 367 7 9 0.044878848 
174 392 7 9 0.044745803 
870 407 7 8 0.044698417 
816 487 8 9 0.044668715 
242 478 8 10 0.04464734 
535 463 7 9 0.044630006 
932 565 9 11 0.044583216 
967 401 6 9 0.04456291 
353 455 7 8 0.04451208 
374 420 8 10 0.044479195 
174 559 8 12 0.04446673 
463 462 7 9 0.044447653 
359 527 8 9 0.044405617 
504 583 8 10 0.044357978 
191 543 8 10 0.04434226 
177 494 8 9 0.04429492 
165 662 11 13 0.04427621 
519 377 7 8 0.044267107 
438 431 8 9 0.044266928 
451 730 24 30 0.04425015 
336 610 10 14 0.044245727 
270 527 8 10 0.04403223 
134 453 8 10 0.043990027 
690 584 8 9 0.04393351 
785 454 7 9 0.04389063 
656 423 6 8 0.043860126 
880 343 7 10 0.04384277 
920 438 7 8 0.043805335 
327 573 8 10 0.04379 
800 448 7 8 0.043735355 
663 630 10 12 0.043701135 
528 383 7 9 0.043697037 
840 423 7 9 0.0436646 
206 623 10 12 0.043604374 
191 472 6 9 0.04356235 
511 414 7 10 0.043561652 
352 384 7 8 0.043506686 
560 431 7 9 0.04350424 
835 400 6 9 0.0434445 
289 624 9 12 0.043412082 
642 673 14 18 0.04336242 
57 623 8 11 0.043348297 
837 567 8 10 0.04333916 
56 484 7 10 0.04331976 
600 455 7 8 0.043305937 
320 382 7 9 0.04330264 
894 578 11 14 0.043260824 
493 604 10 11 0.04318064 
854 367 6 9 0.043148007 
282 494 8 10 0.043100104 
224 463 7 9 0.04301344 
298 390 7 9 0.042958528 
790 335 9 12 0.042936083 
327 596 9 11 0.042933308 
799 462 7 10 0.042930897 
584 423 7 9 0.042922575 
529 368 7 8 0.042844564 
39 456 7 9 0.042840566 
538 689 18 24 0.042818464 
74 463 8 10 0.0427332 
313 534 8 10 0.0426931 
128 610 9 12 0.04267506 
958 446 8 11 0.04265417 
256 406 7 9 0.042652477 
577 438 8 10 0.04259727 
338 441 7 9 0.042577967 
529 496 7 9 0.0425609 
64 407 7 9 0.04247599 
328 416 7 8 0.042461596 
575 463 7 10 0.04233875 
601 397 7 9 0.04231976 
356 674 13 16 0.042257573 
253 509 8 11 0.042254794 
825 495 7 9 0.042244088 
904 424 7 9 0.04219328 
518 616 9 12 0.042187426 
101 612 10 13 0.042184457 
253 725 14 17 0.042152833 
841 471 8 9 0.042144746 
311 449 6 8 0.042115796 
273 399 7 8 0.042081773 
569 453 7 10 0.042067435 
905 414 8 9 0.04204052 
795 567 9 11 0.042037815 
887 440 7 10 0.04201779 
534 592 8 9 0.041983124 
776 575 8 9 0.041952044 
718 528 8 10 0.041832425 
489 544 8 9 0.041782092 
69 509 9 11 0.041769307 
599 472 7 9 0.041751612 
278 537 8 10 0.041734695 
825 390 7 9 0.041687515 
32 688 16 18 0.04166998 
46 327 8 10 0.041631225 
423 405 7 9 0.0415723 
87 558 8 11 0.04154805 
926 618 15 20 0.041489266 
545 560 8 9 0.041483067 
720 519 7 10 0.041414827 
497 375 8 10 0.041398454 
367 446 7 9 0.041365333 
953 425 6 8 0.041347038 
390 520 8 10 0.041343648 
553 494 8 10 0.041319415 
631 511 7 9 0.041274987 
778 375 7 9 0.041272294 
223 440 7 9 0.0412265 
488 480 7 9 0.041214798 
878 652 14 18 0.04115512 
55 550 9 12 0.04113402 
639 623 9 11 0.04113302 
659 532 8 11 0.04112031 
568 367 7 9 0.041115545 
226 592 9 12 0.04110912 
542 526 7 9 0.041093897 
649 638 10 13 0.041067176 
39 543 8 10 0.041061126 
838 551 8 10 0.041029766 
409 575 8 9 0.04101128 
168 478 7 9 0.04099256 
950 519 8 11 0.040958643 
560 362 7 8 0.040915303 
735 477 8 10 0.040866718 
792 638 12 15 0.04083227 
761 567 7 9 0.04081419 
110 597 8 12 0.040764008 
586 652 9 13 0.040727682 
383 627 10 14 0.04069975 
598 645 8 11 0.040693007 
305 472 7 9 0.040683653 
688 486 6 8 0.040678285 
820 630 9 12 0.040650755 
621 697 16 21 0.040592365 
88 583 8 11 0.04057563 
909 582 10 13 0.040545005 
913 400 7 8 0.040526964 
392 392 6 8 0.0405059 
806 494 8 9 0.040504795 
225 490 8 9 0.04049924 
896 510 7 9 0.040441673 
543 376 7 8 0.040394172 
96 447 8 10 0.04039239 
887 445 8 10 0.04038889 
965 690 16 20 0.040382084 
182 456 7 9 0.040380772 
650 479 8 9 0.040258646 
556 628 9 11 0.040220767 
693 591 8 10 0.040197115 
257 367 7 10 0.04017657 
624 359 7 9 0.040139906 
126 600 10 11 0.040099084 
189 550 9 10 0.040076036 
384 642 11 15 0.03999 
786 665 14 20 0.039984476 
359 446 7 9 0.03997335 
151 433 8 9 0.039962087 
450 544 8 10 0.039927788 
576 536 7 9 0.039925616 
390 510 9 10 0.039924238 
150 382 7 9 0.03991136 
783 384 6 8 0.03990732 
358 535 8 10 0.03989992 
48 440 9 10 0.039856993 
361 558 9 11 0.039794777 
94 320 7 10 0.039756253 
785 406 7 10 0.039755784 
747 500 8 11 0.03972563 
478 429 7 10 0.03971655 
239 613 11 12 0.03967249 
530 430 8 10 0.03966574 
585 463 7 9 0.039642934 
958 504 8 10 0.039642848 
264 480 7 9 0.039597604 
937 656 19 29 0.039595325 
854 342 8 10 0.039594788 
430 471 7 9 0.039577637 
630 673 15 19 0.03952531 
798 359 7 9 0.0394912 
543 433 8 9 0.039462652 
438 463 7 9 0.03945171 
178 487 7 10 0.039431196 
158 417 7 10 0.039419245 
386 526 8 10 0.039418798 
888 431 7 8 0.03941179 
223 568 9 11 0.03940764 
322 487 7 9 0.039310977 
31 503 7 10 0.039297994 
311 433 7 9 0.039288167 
344 424 7 9 0.039252616 
95 486 8 10 0.03922699 
857 481 9 10 0.03920128 
623 568 8 8 0.039191715 
416 464 8 9 0.039187215 
118 376 7 10 0.039186973 
689 457 7 8 0.039162878 
930 408 7 9 0.039143313 
863 447 7 8 0.039131317 
441 480 7 9 0.039114263 
825 375 7 9 0.03910151 
289 438 7 9 0.039066773 
586 644 10 12 0.03906318 
376 587 8 11 0.03906295 
799 454 7 9 0.03905326 
831 383 6 9 0.039019637 
111 505 8 10 0.03900951 
608 457 7 8 0.038996115 
471 463 7 9 0.03899533 
328 391 7 8 0.0389772 
592 430 8 10 0.03897618 
487 376 7 9 0.038969785 
129 384 7 8 0.03893679 
343 542 7 9 0.038933072 
582 599 8 10 0.038865495 
318 509 8 10 0.038840823 
297 681 12 18 0.038805254 
287 494 7 8 0.03879482 
729 527 8 11 0.038794745 
856 494 8 9 0.038794603 
94 503 8 10 0.03876603 
594 448 8 9 0.03873728 
714 444 8 11 0.03872133 
408 518 7 10 0.038700208 
950 407 7 9 0.038651228 
288 552 9 11 0.038645804 
601 384 6 8 0.03862615 
762 503 8 10 0.038601186 
406 399 7 9 0.038554594 
716 43 10 12 0.038547616 
544 449 7 9 0.03853986 
858 438 7 10 0.03853975 
327 446 7 8 0.038536638 
230 487 7 10 0.038519606 
456 658 11 16 0.038518023 
9 587 10 13 0.038513824 
984 630 10 13 0.03850938 
38 549 8 11 0.038482457 
96 368 8 9 0.03848201 
70 582 9 11 0.03845347 
377 543 8 9 0.038441066 
534 414 7 10 0.038440116 
143 449 7 8 0.03843021 
728 589 9 11 0.038406394 
168 465 7 9 0.038390003 
479 663 16 21 0.03837311 
424 682 19 25 0.038347676 
682 592 8 11 0.038322855 
150 457 7 9 0.038318846 
867 714 18 26 0.03830798 
391 503 7 9 0.03828456 
586 400 6 9 0.038263723 
499 455 6 8 0.03819124 
136 486 7 9 0.038152017 
325 640 10 13 0.0381453 
262 470 8 10 0.038116008 
320 550 8 11 0.0381158 
182 463 8 10 0.03808025 
569 527 7 9 0.038076654 
455 607 8 10 0.03800339 
89 486 7 10 0.03793565 
856 336 8 10 0.037928164 
352 478 7 9 0.037910197 
592 416 8 8 0.03790088 
970 440 7 10 0.03786466 
24 463 7 10 0.03783843 
585 591 7 9 0.03782788 
558 509 8 10 0.037817694 
550 473 8 9 0.037796166 
521 360 8 9 0.03778051 
640 694 19 22 0.037741862 
730 503 8 10 0.037722506 
807 543 9 11 0.037714455 
569 485 7 9 0.037687764 
98 453 7 10 0.037684 
495 542 8 10 0.037678357 
347 651 12 14 0.037670214 
889 422 6 9 0.03766546 
174 377 7 8 0.037655495 
399 552 7 8 0.037631474 
362 359 7 9 0.037624635 
871 401 7 9 0.037617695 
65 597 9 12 0.037596907 
854 406 7 9 0.037586946 
921 431 8 11 0.037579082 
113 437 8 10 0.037578512 
650 460 7 10 0.037568096 
975 574 8 10 0.037549034 
383 542 7 10 0.037538525 
94 590 8 11 0.037532534 
702 536 7 9 0.037530668 
918 683 14 17 0.037517324 
112 326 7 9 0.037472 
761 456 8 10 0.03737884 
312 551 9 10 0.03737549 
314 377 7 8 0.037374888 
824 519 8 9 0.037356216 
396 636 11 14 0.037344635 
877 627 10 13 0.037303627 
145 687 14 19 0.037288222 
152 446 7 8 0.03727298 
440 561 8 9 0.037250374 
766 385 7 9 0.037233066 
488 445 7 10 0.03721957 
526 454 6 9 0.037219193 
223 456 6 8 0.03719953 
71 437 8 10 0.03718953 
481 439 6 9 0.037154898 
296 409 7 8 0.0371502 
440 456 8 9 0.03715 
318 504 8 10 0.03713202 
775 366 7 9 0.037125293 
646 440 7 9 0.03711501 
826 335 7 10 0.037082344 
376 407 7 8 0.0370728 
88 494 8 10 0.03707006 
201 464 7 9 0.037032686 
957 509 9 11 0.037001807 
218 463 6 8 0.036987726 
480 407 7 9 0.036981292 
289 599 9 12 0.03697496 
663 620 10 12 0.036956552 
689 566 8 10 0.03693321 
717 359 8 10 0.03692597 
521 587 9 11 0.036903914 
921 415 6 7 0.036885526 
969 509 7 10 0.03688351 
328 406 7 9 0.03687835 
870 636 11 14 0.03687027 
25 581 8 11 0.036849707 
864 376 6 9 0.036845453 
854 417 7 8 0.03678847 
505 463 7 9 0.0367539 
632 390 7 8 0.0367485 
544 393 7 9 0.036742195 
528 440 8 9 0.036739413 
1012 620 10 15 0.036701195 
185 376 7 8 0.036672026 
850 509 7 9 0.036666714 
591 398 8 9 0.03665818 
416 543 7 9 0.03664754 
201 352 7 9 0.036639757 
953 511 8 10 0.03663393 
247 543 7 9 0.03663343 
990 470 9 11 0.03662731 
566 406 8 10 0.036623813 
801 600 8 9 0.03662213 
923 671 16 21 0.036598098 
968 406 6 9 0.036595084 
838 373 8 9 0.036576904 
883 478 8 10 0.03657008 
354 598 8 10 0.036563773 
305 645 10 14 0.03656144 
13 626 9 13 0.03653763 
591 612 9 11 0.036490176 
554 366 8 10 0.036482435 
146 377 8 10 0.036473364 
696 478 8 10 0.0364267 
248 453 8 10 0.03639784 
728 542 6 8 0.036397763 
281 481 8 10 0.03639252 
987 503 7 9 0.036391694 
824 416 8 9 0.036346383 
623 471 6 8 0.036295526 
511 543 8 10 0.036288932 
48 556 8 11 0.036280427 
737 575 8 10 0.036274195 
759 440 7 9 0.036256496 
783 376 6 9 0.036173478 
26 470 7 9 0.036155526 
736 326 7 9 0.03613092 
256 497 7 8 0.036116682 
975 568 8 10 0.036105458 
441 446 8 9 0.036095805 
328 537 7 9 0.036093242 
738 438 7 9 0.036061507 
830 448 8 9 0.036015704 
552 438 7 9 0.036008142 
867 645 12 16 0.0359733 
421 598 8 10 0.035967775 
433 488 8 9 0.035955843 
789 620 9 11 0.03584922 
930 541 8 11 0.035836045 
687 519 8 9 0.035827387 
270 439 9 10 0.035821673 
761 690 16 20 0.03581113 
261 679 14 20 0.035786677 
312 392 6 7 0.035781544 
599 423 8 10 0.03575885 
207 545 8 10 0.035753876 
952 472 8 9 0.035731662 
642 711 32 44 0.035719506 
122 557 8 10 0.035717636 
473 486 7 9 0.035714563 
429 438 8 9 0.03568964 
958 527 8 10 0.03567612 
910 414 7 9 0.03566869 
853 400 8 10 0.035668217 
146 591 9 10 0.035667453 
447 520 7 10 0.035654116 
757 575 9 11 0.03564974 
687 480 7 10 0.035648804 
174 511 7 9 0.03563472 
872 503 7 9 0.035625987 
142 485 7 9 0.0356029 
472 407 7 9 0.03557501 
789 422 8 10 0.035561085 
681 463 7 8 0.035559576 
891 656 13 18 0.03548315 
673 700 18 23 0.035479154 
391 447 7 9 0.03547852 
399 585 8 10 0.03544999 
121 470 7 10 0.03544993 
222 519 9 11 0.03544669 
791 503 9 11 0.035444316 
562 669 15 17 0.035439797 
880 568 7 9 0.03543147 
927 550 8 11 0.03541257 
894 504 7 9 0.03540091 
601 495 7 10 0.035396527 
967 489 7 9 0.035379063 
762 423 7 10 0.035373893 
809 417 7 9 0.035371386 
218 423 8 10 0.035305258 
648 623 8 10 0.035285205 
455 479 8 10 0.03528138 
359 385 8 9 0.035234034 
368 623 10 12 0.03521973 
504 353 7 9 0.035216138 
801 384 8 10 0.035185 
890 409 7 9 0.03517113 
177 580 8 11 0.035121884 
566 559 8 11 0.035115447 
590 608 8 11 0.035113443 
361 432 7 8 0.035110086 
200 600 8 11 0.035098802 
528 568 8 9 0.035090525 
73 470 7 9 0.035058223 
880 495 7 9 0.035017055 
710 583 8 10 0.03497994 
160 489 7 9 0.034940932 
616 615 9 12 0.034897123 
295 375 6 7 0.034866534 
437 391 7 9 0.034828667 
310 664 10 14 0.034802284 
726 485 8 10 0.034745224 
241 407 7 9 0.034735426 
812 702 22 27 0.034695942 
49 574 8 10 0.03467853 
896 478 7 10 0.034675788 
533 684 14 21 0.03467185 
841 452 7 9 0.034654807 
567 696 24 32 0.03464594 
220 726 16 21 0.034632836 
135 629 10 13 0.034611844 
33 510 8 11 0.034588337 
398 476 8 11 0.034587953 
574 670 11 14 0.034546357 
89 327 7 9 0.034540456 
400 464 7 9 0.03450078 
68 631 12 15 0.034484167 
248 367 7 9 0.03448093 
185 367 6 9 0.034467608 
1008 577 17 27 0.034465384 
150 359 8 10 0.0344508 
377 553 9 11 0.034446124 
262 393 7 9 0.034444984 
104 424 8 10 0.034443304 
130 544 7 9 0.03443249 
595 677 15 18 0.034428336 
127 463 7 9 0.034411557 
207 431 6 9 0.0343965 
79 468 7 10 0.03436176 
609 462 6 9 0.034355957 
638 423 8 10 0.034346204 
128 511 8 10 0.0343385 
593 486 6 9 0.034324422 
337 558 8 10 0.034280777 
581 536 8 9 0.034277692 
118 382 7 8 0.034273252 
241 399 7 9 0.034247927 
695 449 7 8 0.034205507 
261 663 13 17 0.034169674 
392 542 9 10 0.034152567 
409 493 7 10 0.03412731 
846 666 20 26 0.034125935 
969 416 7 8 0.034112632 
628 628 9 13 0.034102675 
513 384 7 9 0.034065463 
545 438 7 9 0.034052886 
16 462 8 10 0.034050707 
378 477 7 9 0.034030966 
967 646 13 20 0.034019697 
303 542 8 10 0.034014165 
584 629 8 10 0.03400984 
191 368 7 9 0.03399236 
184 558 9 11 0.033978555 
558 487 7 9 0.03394559 
345 487 8 10 0.03390502 
538 391 7 9 0.033888154 
590 464 7 9 0.033885866 
318 519 7 10 0.03387909 
230 470 7 9 0.033855975 
790 440 8 9 0.033845596 
1011 668 11 14 0.033844598 
423 455 8 10 0.033840667 
384 574 8 11 0.03383169 
648 503 7 10 0.033779122 
136 440 6 8 0.03376556 
663 469 7 10 0.03375123 
521 683 17 25 0.033721503 
393 598 8 10 0.033715915 
919 588 9 13 0.0337141 
879 580 9 12 0.03366739 
550 558 8 10 0.033667125 
304 351 7 9 0.033658624 
808 448 7 9 0.033648092 
81 528 7 11 0.033612426 
713 653 13 16 0.03361177 
386 510 7 10 0.033605807 
103 470 8 10 0.033571344 
489 603 10 11 0.03357022 
762 359 7 9 0.033560358 
169 571 8 11 0.033558298 
440 383 7 9 0.033552717 
144 635 12 15 0.03354888 
760 644 9 13 0.03354531 
174 398 7 9 0.0335363 
202 493 8 10 0.03351701 
114 408 7 8 0.033510022 
296 511 8 10 0.03349776 
24 440 7 10 0.033487815 
647 408 7 9 0.033483647 
452 621 10 13 0.03344443 
66 510 7 9 0.033441458 
512 422 7 10 0.033440903 
504 438 7 9 0.033437587 
401 398 8 10 0.03343062 
720 464 7 9 0.03341749 
552 607 8 9 0.03340407 
958 533 8 10 0.03339667 
710 423 7 9 0.03338516 
768 439 7 8 0.03336857 
913 438 7 9 0.033349477 
831 597 9 11 0.033342775 
289 528 7 9 0.033342756 
605 694 21 29 0.033321723 
503 544 8 10 0.033297803 
216 536 7 9 0.03327517 
606 400 7 9 0.03326249 
694 495 7 10 0.033258773 
576 407 7 9 0.033226695 
557 574 8 9 0.033218857 
845 319 8 11 0.03311522 
401 599 7 10 0.03309008 
584 405 8 9 0.033087805 
768 608 8 11 0.03308422 
170 375 6 9 0.033083614 
9 452 8 10 0.033075552 
922 558 7 10 0.033056907 
270 479 8 10 0.033043884 
218 430 7 9 0.0330134 
679 431 7 10 0.03301262 
489 593 7 10 0.032986954 
538 399 8 9 0.032986466 
880 408 7 9 0.03297573 
894 588 10 13 0.03297339 
215 472 7 9 0.03293746 
65 616 9 13 0.03293082 
424 463 7 10 0.03288539 
462 422 8 9 0.032866046 
390 573 8 10 0.032860775 
497 550 9 11 0.032834183 
383 487 7 9 0.03282728 
678 613 10 13 0.032813437 
800 534 8 9 0.032779336 
457 577 7 10 0.032777246 
512 359 7 8 0.032759566 
509 606 9 11 0.032713156 
120 598 9 11 0.032654542 
834 584 7 9 0.032646395 
693 502 8 10 0.032643463 
551 399 6 9 0.03261202 
501 641 18 22 0.032609057 
312 573 8 11 0.032574218 
798 335 7 10 0.032566465 
775 609 8 10 0.032543685 
579 680 24 29 0.032464344 
350 675 14 16 0.03246071 
314 382 6 9 0.032455806 
79 479 8 10 0.0323943 
880 559 9 11 0.03238138 
774 455 7 9 0.03232326 
361 690 13 18 0.032315705 
753 529 7 9 0.032313768 
450 504 8 10 0.032278724 
808 463 7 10 0.03227103 
847 463 8 11 0.0322531 
512 454 7 10 0.032235537 
774 510 7 10 0.032211725 
850 351 8 9 0.03220547 
423 629 9 12 0.03218969 
394 557 8 9 0.03217257 
722 485 8 11 0.032158963 
735 587 9 12 0.03213588 
896 519 7 9 0.0321156 
687 544 7 10 0.032108456 
189 690 12 15 0.032091226 
336 431 8 9 0.032090988 
353 487 7 9 0.032085866 
160 659 11 15 0.032081347 
240 416 7 9 0.032079738 
770 629 9 12 0.032061674 
142 657 13 15 0.032054354 
928 497 9 11 0.0320533 
905 410 7 8 0.032047328 
417 420 9 11 0.032041825 
128 390 8 9 0.032017555 
263 618 10 13 0.0319869 
982 406 8 9 0.03197547 
56 457 7 9 0.031912833 
473 606 8 10 0.031910405 
617 603 9 11 0.031887595 
297 384 7 9 0.031846378 
633 456 7 9 0.03183536 
732 611 9 12 0.031824 
48 631 9 13 0.031816725 
485 630 9 13 0.031811725 
934 407 7 9 0.03181134 
519 312 7 9 0.03179585 
977 408 7 9 0.031773377 
558 495 7 10 0.031753346 
433 462 8 11 0.03175331 
607 416 7 9 0.03174807 
359 455 8 9 0.031686183 
672 332 8 10 0.03167917 
775 484 8 10 0.031674135 
481 465 7 9 0.031662934 
752 455 7 9 0.03165745 
807 471 8 10 0.031649385 
465 543 7 9 0.03164446 
398 528 7 8 0.0316285 
402 417 7 10 0.031628333 
258 398 7 9 0.03162351 
277 633 12 15 0.03161557 
897 541 8 10 0.03159473 
129 408 8 9 0.03157875 
997 536 11 13 0.031560317 
632 473 7 8 0.031557158 
481 448 7 8 0.031541217 
904 622 11 14 0.03153369 
871 564 7 10 0.031532776 
918 542 7 10 0.03150325 
29 485 8 9 0.03148769 
495 494 7 9 0.031461395 
954 658 21 28 0.0314263 
559 479 7 11 0.03142131 
544 478 7 9 0.031411663 
310 648 12 16 0.031398837 
778 543 7 10 0.03139172 
442 521 7 10 0.031391196 
431 644 10 13 0.031372897 
161 584 7 10 0.031370908 
152 504 7 9 0.031347103 
644 662 10 14 0.031325396 
605 673 14 19 0.031311102 
218 517 8 10 0.031301357 
295 423 7 9 0.03129985 
118 407 8 9 0.031298466 
930 650 15 24 0.031278256 
518 521 8 10 0.031277817 
143 582 8 10 0.031276416 
86 512 8 10 0.031229302 
567 552 8 9 0.03119224 
248 431 7 8 0.031173948 
31 542 9 11 0.03116283 
530 502 6 9 0.031160554 
514 390 7 9 0.031153666 
783 360 8 9 0.03114596 
710 399 8 11 0.03114162 
742 433 7 9 0.031135838 
767 567 7 10 0.03112382 
317 677 11 16 0.031095212 
578 542 7 8 0.031067707 
520 368 7 8 0.031057317 
266 456 7 9 0.031011304 
847 574 8 10 0.031008018 
538 521 7 9 0.031003108 
544 510 8 9 0.030992113 
503 390 8 9 0.03098293 
274 368 7 8 0.030960185 
447 631 9 12 0.030951563 
585 381 7 10 0.030939242 
527 463 8 9 0.030928805 
465 384 7 10 0.030911712 
489 431 7 9 0.030891279 
424 545 7 9 0.030870508 
303 487 7 9 0.03083311 
774 360 8 10 0.030810384 
161 527 7 10 0.030809235 
40 606 9 12 0.030793063 
402 449 5 8 0.03077212 
455 431 7 9 0.030762572 
207 383 8 9 0.030762246 
386 393 6 8 0.030761141 
552 676 11 16 0.030755844 
639 478 6 9 0.030672135 
302 616 9 11 0.030668594 
606 407 7 8 0.030651748 
129 376 8 9 0.03064893 
280 511 8 11 0.030624868 
346 385 6 8 0.0306068 
229 619 10 12 0.030601567 
636 607 9 11 0.030601362 
496 438 7 10 0.030559538 
569 464 8 9 0.03055149 
194 526 8 11 0.030548375 
786 340 9 11 0.03052979 
863 383 6 8 0.030511491 
221 642 13 16 0.03049902 
911 534 7 9 0.030491745 
770 319 8 10 0.030457912 
727 376 6 8 0.03043687 
432 596 9 11 0.030415885 
112 581 8 10 0.030396536 
272 392 7 8 0.030386833 
705 550 8 11 0.030383391 
790 318 8 10 0.03038205 
754 368 8 9 0.030359274 
526 448 8 9 0.030311694 
849 567 7 9 0.030308088 
668 664 11 15 0.030307677 
408 535 7 10 0.030286213 
753 327 8 9 0.030283084 
961 400 7 9 0.030261556 
743 320 7 9 0.030228939 
138 480 8 9 0.03020925 
246 486 8 11 0.030204307 
535 369 7 8 0.03020193 
139 516 7 10 0.03017637 
611 670 16 20 0.030153753 
496 391 7 9 0.030146658 
470 695 14 18 0.030144526 
805 568 8 9 0.030141598 
432 421 8 9 0.030135997 
849 453 7 10 0.030117895 
13 438 8 10 0.030117702 
152 479 7 9 0.030106964 
566 361 7 8 0.030093042 
561 552 7 10 0.030089438 
831 512 7 9 0.030067543 
662 592 9 12 0.030054433 
790 430 7 10 0.030036831 
386 520 8 9 0.030008705 
952 478 7 9 0.030004708 
258 374 6 8 0.029999617 
360 472 9 10 0.029991556 
495 535 8 9 0.029985746 
946 407 7 9 0.029980106 
743 528 8 10 0.02995897 
65 503 8 11 0.029941767 
732 655 10 14 0.029936558 
210 344 6 9 0.029924784 
782 487 7 9 0.029918162 
1006 542 9 12 0.029909262 
417 455 7 9 0.029895335 
519 550 8 10 0.029856361 
592 559 9 10 0.029852632 
888 341 9 10 0.029847793 
416 691 12 19 0.02984573 
94 708 15 18 0.029829992 
837 630 10 12 0.029825626 
504 470 7 9 0.029805949 
368 462 7 9 0.029803 
217 556 9 10 0.029802922 
871 705 26 31 0.029777937 
822 673 15 21 0.029759143 
710 596 8 11 0.029741596 
668 670 20 26 0.029705904 
81 583 8 11 0.029702004 
481 455 7 8 0.029635387 
171 724 16 21 0.02961355 
296 527 7 10 0.029601013 
40 424 7 9 0.02959925 
976 416 7 9 0.029586198 
968 427 8 11 0.029576583 
358 613 9 11 0.029560825 
89 376 7 10 0.029557673 
576 399 6 9 0.029536039 
174 430 7 8 0.029531894 
957 96 47 61 0.02951681 
147 597 8 11 0.029495496 
201 504 7 8 0.029485384 
759 560 9 9 0.029467221 
320 432 6 8 0.029466975 
799 406 7 9 0.029454412 
215 367 7 8 0.02944453 
99 713 14 18 0.02943748 
945 524 8 11 0.029434104 
784 619 10 13 0.02941819 
726 655 11 13 0.029395679 
342 551 8 10 0.029393882 
841 416 7 9 0.029378919 
342 496 8 11 0.029348131 
400 455 7 8 0.02933252 
193 393 7 9 0.029329224 
240 543 8 10 0.02932188 
248 496 7 9 0.0293185 
879 401 7 8 0.02929428 
592 423 8 10 0.029292166 
110 622 8 12 0.029291347 
992 495 7 10 0.029272601 
511 533 8 10 0.029270297 
770 534 8 10 0.029268362 
522 462 7 9 0.02923501 
767 661 19 27 0.029226957 
943 551 8 9 0.029219856 
816 508 8 10 0.029172119 
921 568 8 11 0.02916722 
183 360 7 9 0.02916722 
336 683 13 17 0.029151265 
834 734 14 22 0.029143548 
601 617 17 24 0.029138811 
112 360 8 9 0.029132847 
254 574 9 12 0.029129988 
717 645 13 15 0.029122127 
407 448 7 9 0.029093161 
727 517 7 10 0.029087862 
913 489 7 10 0.029073982 
1005 623 19 26 0.029071337 
79 358 7 10 0.02905876 
368 614 7 10 0.029034568 
611 584 7 10 0.02902218 
873 513 7 10 0.028995259 
169 398 7 9 0.028988617 
328 384 7 9 0.028973479 
289 433 7 9 0.028966825 
762 430 7 10 0.028942168 
14 431 8 10 0.028939785 
38 511 8 11 0.028903915 
222 557 8 10 0.0288989 
229 606 10 14 0.028851448 
322 683 13 18 0.028842151 
883 657 15 19 0.028820053 
948 588 14 17 0.028815515 
991 510 8 10 0.028810794 
888 484 8 10 0.028796295 
206 440 6 8 0.028789945 
63 542 9 11 0.028779317 
318 378 7 8 0.028774817 
886 677 16 19 0.028769221 
494 487 7 10 0.028764373 
856 468 7 10 0.02873774 
906 504 8 10 0.028725311 
168 334 7 10 0.028716505 
654 487 8 9 0.028710417 
352 512 8 10 0.028689533 
133 612 10 12 0.02868233 
193 455 7 9 0.028654369 
648 431 7 9 0.028653705 
871 439 7 9 0.028650718 
869 480 8 11 0.028621625 
475 690 21 28 0.02859682 
77 455 7 9 0.028586421 
814 721 23 33 0.028586367 
184 613 9 11 0.028575704 
934 455 7 9 0.028559824 
336 454 7 10 0.028555423 
576 551 9 11 0.02854837 
272 384 7 9 0.028544297 
261 368 7 9 0.028525148 
904 510 8 10 0.028519953 
767 560 8 10 0.028514894 
558 389 8 9 0.028503798 
390 415 7 10 0.028489595 
926 716 24 33 0.02848141 
722 615 9 12 0.028473187 
385 448 8 9 0.0284594 
897 536 8 10 0.028397676 
188 739 15 18 0.028383305 
201 544 8 10 0.028374942 
607 422 8 9 0.028368544 
1001 582 10 13 0.028337263 
270 503 8 11 0.02832272 
438 544 8 10 0.028315257 
678 326 9 11 0.028301824 
713 342 8 9 0.028297547 
70 425 8 9 0.028293343 
287 455 8 10 0.02828216 
207 471 8 10 0.028261945 
464 431 8 10 0.028237248 
705 622 8 10 0.028170753 
434 528 8 9 0.028169528 
616 501 8 10 0.028146328 
409 622 8 11 0.028108919 
710 544 9 10 0.028079253 
847 559 7 9 0.028051741 
507 695 18 28 0.028049864 
519 423 8 10 0.02804733 
304 464 7 9 0.02803942 
626 446 7 9 0.02802465 
463 585 17 24 0.027988113 
806 534 7 10 0.02797493 
543 581 8 9 0.027968202 
174 518 9 11 0.027957859 
760 495 7 10 0.027943227 
383 566 8 9 0.027937133 
229 543 8 10 0.02790907 
564 657 13 16 0.02790219 
906 529 7 8 0.027894503 
502 375 8 10 0.027891586 
533 575 9 10 0.027880052 
583 430 7 10 0.02787325 
118 533 9 11 0.027870478 
907 311 12 15 0.027866606 
126 367 9 10 0.027849238 
176 447 7 10 0.02783655 
246 577 18 23 0.027834008 
496 353 8 9 0.027827952 
186 424 8 9 0.027807172 
633 428 7 10 0.027781492 
702 478 7 10 0.02774724 
119 527 9 12 0.027734779 
623 533 8 9 0.02771974 
322 400 6 9 0.027704127 
305 634 11 15 0.027687255 
87 400 8 9 0.027656179 
281 393 6 7 0.027656091 
584 456 6 9 0.02763715 
288 446 8 9 0.027635392 
594 722 16 21 0.027603231 
567 623 9 11 0.027583672 
76 613 11 14 0.02758303 
703 542 8 10 0.027575294 
630 684 14 18 0.027568687 
575 527 8 10 0.027562946 
303 385 6 8 0.027561288 
839 652 15 17 0.027555998 
761 487 8 10 0.027552582 
864 527 7 10 0.027523136 
591 526 9 11 0.027515873 
450 637 10 13 0.027462965 
646 391 6 9 0.02746194 
1008 610 12 15 0.027444066 
270 494 7 9 0.027442798 
119 641 12 17 0.027418725 
717 445 8 11 0.027412022 
465 478 7 9 0.027407525 
713 528 8 9 0.027392227 
663 552 7 10 0.027385488 
314 503 7 10 0.027384043 
871 447 7 9 0.027383283 
903 390 7 9 0.027382158 
329 423 7 9 0.027360689 
146 549 8 10 0.027335979 
854 389 7 10 0.027327143 
552 390 8 9 0.027312266 
929 440 7 9 0.027308408 
487 414 8 10 0.027296638 
672 487 7 9 0.027289523 
995 620 12 16 0.027278198 
126 470 8 11 0.02727804 
606 376 7 8 0.027269538 
946 432 6 8 0.02726942 
535 408 8 9 0.027267054 
800 353 7 9 0.027262626 
120 518 8 10 0.027260644 
175 416 6 9 0.027251825 
775 624 10 12 0.027249923 
167 358 8 10 0.027236374 
777 384 7 8 0.027229808 
232 360 6 7 0.027222926 
768 415 7 9 0.027214477 
606 534 9 10 0.027197843 
736 345 8 10 0.027197314 
296 456 7 9 0.027172698 
497 400 7 9 0.027158495 
649 510 7 9 0.027144138 
600 551 7 10 0.027133463 
783 596 9 11 0.027117167 
942 439 8 9 0.027110804 
241 368 7 9 0.027092006 
3 447 8 11 0.027090685 
800 543 7 9 0.027042205 
440 399 7 9 0.027003173 
152 557 8 10 0.026967699 
295 430 7 10 0.02693333 
782 399 8 11 0.026926145 
505 480 7 9 0.026913451 
358 598 8 10 0.026907252 
952 552 8 10 0.026906425 
685 674 21 26 0.026889935 
784 520 7 9 0.026887177 
249 383 6 8 0.026883585 
323 700 24 29 0.026879868 
295 534 7 9 0.026863884 
614 560 8 9 0.026850123 
62 550 9 11 0.026849292 
690 496 7 9 0.026844628 
807 399 7 10 0.02683705 
220 661 15 17 0.026830917 
64 486 8 10 0.026801711 
752 461 7 9 0.026788646 
290 422 7 8 0.026777832 
8 440 8 11 0.026769424 
306 448 7 9 0.026762733 
392 584 7 10 0.026739178 
312 495 6 9 0.026730573 
727 576 8 10 0.026725128 
345 464 6 9 0.02672394 
897 440 7 9 0.026719023 
354 391 7 8 0.026703555 
898 456 7 10 0.026695272 
130 488 6 8 0.026659299 
616 591 7 10 0.02663921 
520 477 6 9 0.026638506 
816 607 18 22 0.026618494 
889 727 16 22 0.02661626 
510 463 7 8 0.026613772 
64 591 9 11 0.026611332 
477 615 10 12 0.02658753 
191 623 9 12 0.026575303 
625 391 8 9 0.026554083 
303 526 8 10 0.026541414 
377 577 8 10 0.026541205 
990 446 9 12 0.026536917 
962 407 6 8 0.026536696 
296 472 7 9 0.026531225 
377 488 7 9 0.026520595 
720 365 7 9 0.026518755 
510 431 8 10 0.026513314 
228 630 11 13 0.026504317 
489 519 8 10 0.026496217 
553 361 7 9 0.02647504 
72 551 7 10 0.026441157 
575 375 7 9 0.02640824 
-2 667 9 16 0.026384452 
144 613 10 11 0.026378827 
925 598 12 14 0.026368598 
529 706 20 26 0.026363099 
616 392 7 9 0.026345788 
970 519 7 11 0.026345499 
657 399 7 9 0.026306331 
358 538 18 23 0.026297797 
488 636 9 12 0.026297407 
281 433 7 9 0.026288174 
543 423 8 9 0.02628057 
529 599 9 11 0.026250707 
848 637 12 16 0.026246818 
78 573 8 10 0.026224721 
408 629 10 13 0.026217066 
743 569 7 9 0.026208954 
791 590 9 11 0.02619888 
592 454 8 10 0.02619787 
146 431 7 9 0.026193911 
512 589 8 10 0.026185768 
774 447 7 9 0.026174268 
494 663 21 25 0.026158728 
929 668 17 22 0.02614916 
815 438 8 10 0.026146505 
654 375 8 10 0.026144154 
551 553 8 10 0.026143318 
576 557 8 10 0.026139555 
375 384 7 8 0.026131544 
937 713 24 31 0.026127577 
968 525 8 11 0.026107043 
793 382 7 9 0.026100097 
760 389 7 9 0.026097558 
822 586 8 9 0.026078923 
160 455 7 9 0.026077805 
232 381 6 9 0.026063893 
72 401 8 10 0.02605922 
846 470 7 10 0.026043227 
369 376 7 8 0.026038086 
113 534 8 10 0.026036233 
753 384 7 9 0.026032597 
399 604 9 12 0.026031123 
576 480 7 9 0.026022587 
887 351 7 9 0.026019808 
503 566 7 9 0.026003523 
599 607 8 10 0.02600109 
685 629 11 13 0.025992448 
1010 497 9 11 0.025981985 
736 457 8 8 0.025971178 
312 526 9 11 0.02596154 
941 617 13 17 0.02594717 
647 382 8 10 0.025945 
143 406 8 9 0.025937859 
889 329 8 10 0.025934024 
838 574 8 10 0.025927944 
591 509 8 11 0.025916375 
302 596 9 12 0.025915265 
104 592 8 10 0.025912449 
674 432 7 9 0.025904387 
185 524 8 11 0.025897408 
497 556 8 11 0.025896126 
984 541 10 13 0.025890633 
161 477 7 9 0.025887992 
808 454 7 9 0.025877027 
777 433 7 9 0.025868759 
808 405 7 10 0.025843117 
96 686 14 19 0.02583908 
550 714 28 35 0.025835019 
411 667 13 17 0.025829665 
343 518 8 10 0.025829474 
584 511 8 10 0.025823906 
105 479 8 10 0.025822597 
448 392 7 9 0.02580292 
350 472 8 10 0.025798503 
249 424 6 9 0.025797851 
359 495 8 11 0.025772503 
353 494 7 10 0.025770316 
841 519 8 9 0.025762772 
151 392 7 8 0.02574253 
199 424 7 9 0.025738753 
817 375 8 9 0.025727559 
919 596 10 13 0.025713524 
385 415 8 9 0.025701484 
327 480 7 10 0.025698619 
31 536 8 9 0.0256957 
695 487 7 9 0.025694879 
503 496 7 9 0.02567088 
1009 565 19 27 0.025665866 
154 415 7 10 0.025653908 
568 399 6 9 0.025633855 
577 470 7 10 0.025614118 
177 359 8 9 0.025611022 
808 478 7 10 0.025607506 
168 454 8 9 0.025592817 
969 493 8 10 0.025592433 
530 376 6 8 0.025588494 
383 614 8 11 0.025579428 
873 389 7 9 0.025576625 
29 565 10 12 0.025570154 
512 497 7 9 0.02555481 
399 565 8 10 0.025544113 
871 524 9 10 0.02554237 
111 517 8 10 0.02552786 
795 486 7 11 0.025520887 
351 406 7 9 0.025516467 
463 605 8 11 0.025505213 
185 383 6 8 0.025494322 
9 480 7 10 0.025482517 
264 503 9 11 0.025458394 
103 486 8 9 0.02543389 
32 465 6 9 0.025430452 
73 357 7 10 0.025400015 
806 630 11 14 0.025384674 
479 592 8 10 0.025374908 
802 511 7 10 0.025362104 
384 406 7 9 0.025358174 
64 400 7 9 0.025337622 
988 605 20 26 0.025326615 
488 655 11 15 0.025322618 
735 486 7 10 0.025299314 
859 621 11 13 0.025296504 
241 574 7 10 0.02529222 
504 520 8 10 0.025288824 
490 524 8 10 0.02526818 
814 480 8 9 0.02525922 
726 534 8 10 0.025251608 
831 544 7 9 0.02524525 
679 472 8 9 0.02520514 
128 623 9 11 0.025159622 
653 655 20 23 0.025145806 
479 392 7 9 0.025118591 
305 454 7 10 0.02510994 
617 431 8 9 0.025107512 
706 628 9 12 0.025055854 
430 651 11 15 0.02503012 
290 375 7 9 0.02502641 
424 477 7 9 0.025021762 
351 377 6 8 0.025007563 
849 628 12 14 0.025004286 
1004 548 10 13 0.024998957 
168 448 8 10 0.024994696 
89 448 7 9 0.024975728 
826 677 24 31 0.024969628 
989 654 11 15 0.02496266 
334 518 9 11 0.024949307 
88 615 18 22 0.02494153 
338 472 7 10 0.024940077 
143 527 8 10 0.024940042 
1007 557 10 13 0.024934782 
688 463 6 8 0.024919182 
393 464 6 8 0.024909543 
552 616 11 13 0.024903832 
470 455 7 10 0.02490345 
87 382 7 9 0.024898313 
207 556 8 11 0.024897441 
705 423 7 9 0.02488543 
877 616 9 12 0.024871513 
822 544 8 10 0.024861062 
661 399 8 10 0.024859397 
102 494 8 10 0.024856357 
822 503 8 10 0.024839753 
719 455 7 8 0.02483884 
893 327 8 10 0.024836704 
625 439 7 9 0.024834821 
575 592 7 9 0.024833491 
311 487 7 9 0.024833065 
253 383 20 27 0.024826216 
416 592 7 9 0.024823405 
41 680 14 16 0.024815314 
423 383 7 10 0.02480508 
992 555 10 13 0.024770997 
778 636 13 14 0.024769707 
674 558 7 9 0.024769446 
747 715 15 20 0.024762923 
46 540 8 10 0.02475393 
887 455 7 10 0.024747854 
192 488 7 9 0.024732677 
400 488 8 9 0.024719022 
794 359 8 10 0.024710683 
96 564 9 10 0.024695346 
737 550 8 11 0.02467042 
56 470 7 9 0.02466383 
991 399 7 9 0.024654545 
519 496 7 9 0.024642956 
850 336 8 10 0.024640383 
297 462 7 9 0.02463715 
737 447 7 9 0.024637107 
223 416 7 8 0.024613122 
895 687 18 22 0.024598684 
193 430 7 9 0.024580827 
795 641 13 17 0.024567407 
870 583 9 11 0.024557987 
477 581 8 11 0.024544725 
232 398 7 9 0.024538118 
9 567 8 11 0.024514876 
825 399 7 9 0.024498666 
801 471 7 9 0.024492491 
414 603 9 11 0.02447987 
642 358 7 10 0.024465585 
293 559 9 10 0.024458213 
921 511 8 10 0.024455925 
63 463 7 10 0.024440331 
875 677 14 18 0.024416184 
207 489 8 10 0.024387598 
54 590 9 12 0.024386534 
793 495 8 9 0.02435165 
506 673 24 30 0.024351496 
833 375 7 8 0.024348048 
759 550 7 9 0.024344813 
434 407 8 10 0.02433619 
897 391 7 9 0.024322324 
910 423 8 9 0.024319451 
79 351 8 11 0.024306048 
58 423 7 9 0.024302926 
997 554 11 13 0.024301173 
113 349 7 10 0.024298506 
391 568 8 10 0.024287542 
623 495 7 10 0.024287416 
288 390 6 8 0.024282489 
848 622 10 12 0.024281174 
197 725 12 18 0.024262475 
761 399 7 9 0.024248425 
265 527 7 10 0.024239799 
313 519 8 10 0.02423821 
217 397 8 9 0.024191407 
119 350 8 9 0.024188021 
701 657 20 25 0.024179976 
375 446 7 8 0.02417724 
45 519 9 11 0.024153179 
317 527 8 10 0.024148373 
47 485 8 10 0.024140358 
422 635 9 13 0.024135977 
206 409 8 9 0.024125723 
559 461 7 9 0.024110857 
879 663 13 19 0.024109475 
568 415 7 9 0.024108982 
87 464 7 9 0.024107965 
824 368 6 9 0.024107343 
259 719 14 20 0.024093391 
274 373 7 9 0.024090575 
329 518 8 11 0.024086196 
574 637 10 13 0.024081532 
569 502 8 9 0.024071256 
760 352 7 9 0.024063244 
519 397 8 10 0.024058877 
473 391 7 9 0.024049815 
806 527 8 10 0.024034632 
221 698 12 15 0.02402894 
225 406 8 10 0.024028068 
544 415 7 10 0.02402147 
415 431 9 10 0.02401273 
910 509 8 9 0.024006842 
528 528 8 10 0.023991873 
520 603 10 13 0.023962012 
463 359 7 8 0.023950625 
61 415 8 9 0.023948299 
352 541 8 10 0.02394529 
478 605 9 11 0.02391868 
192 650 12 16 0.023906047 
726 416 8 9 0.023875145 
218 439 8 9 0.023867657 
851 733 17 22 0.023850493 
232 501 8 10 0.023850437 
326 583 8 11 0.023841554 
295 439 7 10 0.023839466 
914 128 17 18 0.023833632 
448 486 8 10 0.023827063 
206 670 9 14 0.023797907 
360 501 7 9 0.02379779 
752 319 8 9 0.023796178 
255 359 7 8 0.023794746 
247 464 7 9 0.02379237 
901 472 8 9 0.023777451 
741 582 9 11 0.023751022 
335 650 12 16 0.023747806 
951 542 9 11 0.023742063 
681 606 9 12 0.023741595 
79 400 7 9 0.023729185 
199 488 8 9 0.023726624 
666 449 8 9 0.023712644 
767 494 8 10 0.023699455 
862 335 6 9 0.0236753 
756 717 14 18 0.023673056 
338 722 17 24 0.023664735 
480 573 8 10 0.02364251 
130 423 7 9 0.02363316 
498 585 7 10 0.0236329 
637 576 9 11 0.02362231 
279 407 7 9 0.023619223 
295 415 7 9 0.023594879 
913 471 7 9 0.023589496 
102 449 7 8 0.023583956 
142 496 8 9 0.023565225 
976 627 10 13 0.02355861 
375 455 6 8 0.023556925 
783 528 7 9 0.023554534 
330 456 7 8 0.023553466 
301 685 16 22 0.02354293 
390 495 8 10 0.023538213 
559 424 8 10 0.023532232 
920 502 9 11 0.023531374 
98 433 7 9 0.023515508 
280 448 7 9 0.023510963 
617 465 8 9 0.023497142 
111 455 7 10 0.023482945 
272 446 7 9 0.023482779 
353 517 7 9 0.023464886 
920 536 7 9 0.023460228 
721 318 8 10 0.02345808 
760 446 8 10 0.02345712 
142 480 8 10 0.023454355 
391 385 7 9 0.023438886 
959 440 8 10 0.023437807 
986 454 8 11 0.023423582 
478 544 8 10 0.023414673 
865 392 6 8 0.023400811 
292 715 14 19 0.023395881 
793 367 8 9 0.02336257 
296 479 7 10 0.023359085 
204 613 9 11 0.02330512 
911 566 8 10 0.023302231 
838 360 8 9 0.023301717 
801 612 9 10 0.023293639 
192 478 7 8 0.02329356 
88 480 7 9 0.023291698 
545 453 7 9 0.023255436 
625 456 7 10 0.023255289 
45 696 14 17 0.023240514 
773 318 10 11 0.023234716 
680 543 8 10 0.023232477 
606 646 8 11 0.023227297 
761 521 8 10 0.023220869 
703 456 7 9 0.023215795 
262 690 13 18 0.02320772 
126 519 8 9 0.023206905 
456 328 7 8 0.023206413 
257 485 8 11 0.02317437 
95 528 7 10 0.023167651 
407 567 9 10 0.023166368 
441 471 7 9 0.023145698 
223 384 7 9 0.023134792 
609 588 8 11 0.023131387 
753 390 7 9 0.023112593 
920 657 15 22 0.02311155 
126 527 8 11 0.023104982 
401 406 7 10 0.023096193 
200 358 7 9 0.023095347 
447 560 8 9 0.023094814 
7 400 8 10 0.023092484 
343 441 7 9 0.023091497 
30 574 9 11 0.023089996 
223 445 7 10 0.02307647 
600 489 8 9 0.0230609 
489 487 8 10 0.023050912 
543 488 8 10 0.02304218 
221 650 14 18 0.023040142 
1014 526 11 16 0.023006428 
614 477 7 10 0.022990271 
923 580 10 12 0.022983246 
356 696 16 19 0.022971945 
618 669 13 16 0.022961795 
23 456 7 9 0.022940297 
263 416 8 9 0.022939643 
820 618 11 14 0.022938997 
63 527 7 10 0.022928713 
64 454 8 9 0.022921635 
672 542 8 11 0.02291371 
489 511 7 10 0.022913337 
79 439 7 9 0.02288698 
974 589 9 13 0.022885768 
122 456 7 9 0.022881236 
710 568 7 9 0.022876171 
161 367 7 9 0.022869788 
154 495 7 9 0.022869255 
719 598 8 10 0.02285856 
290 658 14 18 0.022849943 
736 320 8 11 0.022849597 
801 518 7 10 0.022832107 
815 463 8 9 0.02283146 
231 584 9 11 0.02282112 
552 669 11 15 0.022800809 
280 437 7 9 0.022799036 
366 526 8 11 0.022798035 
450 422 8 9 0.02279144 
514 567 8 10 0.022766922 
800 400 7 9 0.022760035 
954 690 25 29 0.022757247 
29 616 18 23 0.02275538 
5 699 15 19 0.02275447 
820 688 15 20 0.02274815 
773 721 14 21 0.022738442 
637 614 8 10 0.022731243 
831 528 7 10 0.02271717 
368 455 7 9 0.02270265 
839 383 7 9 0.022674328 
881 471 9 10 0.02266686 
81 328 6 9 0.022641797 
489 469 8 10 0.022641495 
344 366 7 9 0.022625858 
712 352 8 10 0.02262356 
1005 654 19 28 0.022613356 
103 564 8 10 0.022606358 
1000 647 11 16 0.022603365 
600 652 9 13 0.022596667 
919 495 8 10 0.022578085 
218 494 8 10 0.02257713 
239 393 6 8 0.022574766 
960 424 7 9 0.022558268 
345 415 7 9 0.022539698 
601 441 7 9 0.022527548 
416 390 7 8 0.022506347 
549 637 11 14 0.02249281 
226 376 6 8 0.022475254 
240 583 10 12 0.022473274 
639 430 7 9 0.022470396 
599 593 8 10 0.022470297 
240 495 8 10 0.022443606 
255 351 7 8 0.022440623 
631 636 10 13 0.02242926 
576 415 7 9 0.022417884 
179 712 20 26 0.022416437 
34 456 7 9 0.022410847 
409 658 14 18 0.022405224 
320 571 7 10 0.02239558 
589 672 11 13 0.022369923 
624 424 7 9 0.022369709 
591 629 8 11 0.022337934 
622 614 10 12 0.022334514 
895 627 20 25 0.022307733 
817 569 8 10 0.022277541 
384 454 8 9 0.022277296 
98 519 7 9 0.02222693 
709 623 8 10 0.022219114 
440 680 20 23 0.022209864 
528 533 7 9 0.022199934 
933 643 14 22 0.022197857 
559 472 8 9 0.022184692 
752 343 8 9 0.02217667 
709 550 10 11 0.022167798 
768 573 8 10 0.022166839 
841 535 8 10 0.022163179 
95 575 7 9 0.022147106 
865 503 7 9 0.022145502 
112 527 8 10 0.022139909 
319 598 9 11 0.022134222 
432 479 7 9 0.022130031 
49 501 8 11 0.022116764 
678 634 11 14 0.02211528 
192 511 7 9 0.022111386 
903 540 7 10 0.02207901 
244 614 9 12 0.02206313 
208 351 7 9 0.02205817 
904 552 9 10 0.022041421 
544 320 7 10 0.022041125 
184 335 8 10 0.022040086 
792 327 7 9 0.022031678 
793 479 7 9 0.022022821 
169 383 7 9 0.022019984 
958 646 20 30 0.02200603 
637 588 9 11 0.022003207 
6 692 13 16 0.02199673 
0 532 8 10 0.02199598 
185 545 8 10 0.021982582 
584 417 7 9 0.021980086 
958 519 9 11 0.021979814 
185 392 7 9 0.021929434 
828 319 8 10 0.021928959 
318 415 7 8 0.021911567 
314 566 9 11 0.021896448 
838 598 10 12 0.021881534 
388 697 20 25 0.02187708 
633 566 8 10 0.021873062 
46 611 10 14 0.021859897 
619 623 19 24 0.021853542 
191 592 9 10 0.021847362 
169 432 7 8 0.021827951 
944 413 8 10 0.021825613 
470 471 7 9 0.021823961 
710 367 8 10 0.021818776 
374 576 20 26 0.021809721 
375 472 8 11 0.021803768 
215 488 8 9 0.021797515 
118 591 9 11 0.021793377 
433 637 10 13 0.021785941 
765 584 9 11 0.021778317 
789 549 8 10 0.021775523 
319 407 6 8 0.021768304 
830 485 8 9 0.021751748 
506 576 8 10 0.021751272 
872 602 10 13 0.021746127 
417 400 7 9 0.021742221 
86 628 10 14 0.021736655 
958 472 9 10 0.021723723 
24 589 9 12 0.021723427 
364 544 9 11 0.021713741 
591 623 8 10 0.02170876 
166 527 8 10 0.021706572 
401 384 8 9 0.021701965 
607 605 8 11 0.02167768 
337 567 18 24 0.02166169 
638 398 7 9 0.021654466 
198 376 7 9 0.021641728 
9 407 8 9 0.021619154 
797 374 7 10 0.021615054 
544 464 7 9 0.021607941 
513 316 7 10 0.021604052 
943 564 10 11 0.02160105 
943 448 8 10 0.021586785 
334 678 12 15 0.021583082 
526 361 6 8 0.021569328 
712 635 10 13 0.021566138 
969 503 8 11 0.021554409 
566 596 9 12 0.021551387 
181 652 10 13 0.02154202 
561 647 10 14 0.02154003 
294 646 10 12 0.02153693 
870 485 8 10 0.0215292 
901 448 19 25 0.021528663 
433 607 9 10 0.021525847 
359 477 8 10 0.021523457 
686 613 10 12 0.02151331 
725 646 10 13 0.021500181 
368 383 7 8 0.021492662 
727 319 8 10 0.021487314 
422 519 8 9 0.021486059 
705 326 9 11 0.02146698 
559 374 7 10 0.021451814 
874 367 6 9 0.02144716 
338 580 9 11 0.021435698 
471 576 7 9 0.021435102 
137 399 8 10 0.021433957 
278 368 7 8 0.02143199 
758 312 8 11 0.021391796 
239 632 12 15 0.021386145 
378 434 7 8 0.021385087 
553 376 6 8 0.021381006 
760 471 7 10 0.02137001 
56 446 7 9 0.021369785 
400 535 7 9 0.021361059 
751 606 17 23 0.021353832 
174 382 8 9 0.02134198 
250 432 19 26 0.021335158 
430 447 7 9 0.021333436 
697 572 8 10 0.021326523 
665 480 7 9 0.021316936 
567 629 10 13 0.02131627 
38 613 9 13 0.021305235 
113 390 8 9 0.021293612 
919 551 7 10 0.021291487 
831 343 7 9 0.021275584 
964 567 9 12 0.021250099 
598 559 8 9 0.021225583 
706 437 7 10 0.021222327 
161 519 6 8 0.021221943 
703 558 7 9 0.021219129 
815 416 7 9 0.021209726 
664 518 7 10 0.021204121 
895 623 10 13 0.02119662 
55 502 8 11 0.021194525 
997 519 9 11 0.021191774 
586 584 8 10 0.021191113 
819 637 11 15 0.021186769 
200 669 11 15 0.0211808 
538 486 7 9 0.021173082 
633 439 7 10 0.021171754 
799 734 14 22 0.02117039 
32 439 7 10 0.021149158 
38 627 10 12 0.021145418 
825 325 7 9 0.021141252 
854 359 7 10 0.021127874 
231 407 7 9 0.021112517 
198 532 8 11 0.021104533 
257 534 7 9 0.021102373 
696 472 7 9 0.021090807 
159 433 7 9 0.021073634 
410 375 7 9 0.021061668 
795 668 14 19 0.021049311 
96 599 9 11 0.021043248 
79 541 9 11 0.021016011 
242 566 9 11 0.02101541 
791 629 10 13 0.02100787 
924 607 20 25 0.020998225 
159 503 8 9 0.020998033 
391 454 8 9 0.020985685 
880 525 8 10 0.020981895 
273 559 8 10 0.020979851 
81 303 7 9 0.020975059 
542 504 7 10 0.020973202 
449 692 17 22 0.020970253 
679 627 12 15 0.02096931 
592 542 8 9 0.020955212 
190 504 7 9 0.020945352 
541 598 7 11 0.020939438 
826 341 7 10 0.020912629 
352 674 22 26 0.020890644 
422 650 10 15 0.020886565 
7 557 10 12 0.020871779 
829 469 8 10 0.020869331 
565 608 9 11 0.020861538 
505 503 7 9 0.020859787 
112 336 7 10 0.020858988 
216 415 8 9 0.020858878 
198 367 8 9 0.020856202 
519 576 19 25 0.020835668 
238 648 14 17 0.020830741 
205 599 9 12 0.020825444 
86 683 14 18 0.020819291 
798 560 9 11 0.020817501 
192 599 8 10 0.020810323 
349 372 378 421 0.020797443 
365 558 9 11 0.02079202 
142 457 19 24 0.020784643 
345 391 6 8 0.020764109 
815 455 8 10 0.020761494 
470 416 18 25 0.020749075 
39 525 9 11 0.020743567 
294 635 10 13 0.020738894 
872 496 7 9 0.020735769 
817 596 8 11 0.020730017 
264 535 7 10 0.020716064 
184 519 8 11 0.020712864 
852 590 9 12 0.02070486 
492 612 11 13 0.020704148 
88 722 18 21 0.020703994 
169 518 7 9 0.020696508 
675 387 11 14 0.020692261 
40 536 8 10 0.02067447 
832 350 7 9 0.020672753 
579 360 6 9 0.02066775 
396 621 11 13 0.020666111 
840 510 7 9 0.020655269 
967 470 9 12 0.020655068 
761 374 7 9 0.020647174 
480 310 7 9 0.020644292 
61 661 10 13 0.020641565 
609 471 8 10 0.020631904 
352 463 7 8 0.020628171 
709 325 9 11 0.020618463 
606 391 7 9 0.02060433 
960 487 7 10 0.02059775 
130 439 7 9 0.020594643 
128 400 7 8 0.020589326 
80 310 7 10 0.020580634 
584 714 24 31 0.020578068 
948 626 14 16 0.020569552 
327 462 8 10 0.020564992 
792 353 8 8 0.020562224 
854 350 7 10 0.020536004 
231 511 9 11 0.020533111 
1010 490 19 26 0.02053287 
498 657 13 17 0.020520642 
40 446 8 10 0.020504968 
872 627 11 15 0.020503394 
457 567 8 10 0.02049988 
504 319 7 9 0.020475898 
953 463 8 10 0.02047303 
583 671 10 14 0.020472014 
898 463 7 8 0.02045977 
241 432 7 9 0.020458806 
573 645 10 13 0.020453552 
253 682 15 18 0.02045135 
278 470 7 10 0.0204462 
697 334 7 8 0.02044099 
569 470 8 10 0.020440023 
57 407 7 9 0.020435307 
233 440 7 10 0.0204346 
830 518 7 9 0.020416144 
825 407 7 8 0.020412454 
730 495 8 10 0.02041032 
714 40 9 12 0.020407131 
915 693 16 22 0.020392057 
161 464 7 9 0.020379793 
1002 636 19 26 0.020375406 
984 496 8 10 0.020369524 
382 597 9 10 0.020360554 
139 669 15 16 0.020349499 
551 518 8 9 0.02034805 
216 360 7 9 0.020338869 
61 669 12 16 0.020320047 
280 501 8 10 0.020319894 
25 446 7 9 0.02031969 
870 304 8 11 0.020311696 
758 344 7 8 0.020297306 
833 620 10 12 0.020291656 
414 630 10 13 0.020287182 
662 607 18 23 0.020284418 
679 320 9 11 0.020279912 
543 591 8 10 0.020277683 
585 392 6 8 0.020276623 
95 480 7 9 0.020270718 
857 693 25 31 0.02027049 
776 560 7 10 0.02026439 
592 519 8 10 0.02025066 
656 616 8 10 0.020245139 
314 509 8 11 0.020239098 
904 594 11 14 0.020232249 
887 696 24 28 0.02023101 
386 422 7 9 0.020214343 
207 423 8 9 0.02020468 
111 542 8 10 0.020204052 
782 565 8 11 0.020187974 
880 503 8 10 0.02018541 
42 739 17 21 0.020182388 
317 621 9 12 0.020173492 
824 351 8 10 0.020168088 
721 416 7 8 0.020167932 
679 439 7 9 0.020164661 
94 582 8 11 0.020162458 
260 670 18 22 0.020142717 
489 503 6 9 0.020112848 
921 611 12 14 0.02008587 
82 335 7 8 0.020078711 
870 680 15 20 0.020065162 
212 708 12 15 0.02004652 
662 581 8 9 0.020043232 
786 317 7 10 0.02004175 
768 408 7 9 0.02004117 
289 571 9 11 0.020040562 
816 496 8 9 0.020030368 
569 497 7 9 0.020021178 
135 623 10 11 0.020005455 
