10_People_Marching_People_Marching_2_373
826
981 151 28 34 0.99962294 
258 262 29 38 0.9995739 
381 187 28 38 0.9995664 
336 167 26 32 0.99938035 
808 145 25 30 0.99926656 
264 138 26 32 0.9990404 
312 205 30 37 0.99889565 
394 345 35 47 0.9988482 
568 303 30 39 0.99881124 
772 187 26 35 0.998771 
969 92 24 31 0.9987643 
808 299 34 37 0.9987375 
756 278 33 34 0.9987274 
284 296 31 39 0.9986512 
251 400 37 47 0.9986212 
139 315 29 35 0.9985511 
270 96 25 31 0.99843127 
170 386 31 39 0.99840397 
618 113 26 31 0.9984017 
224 310 30 38 0.9983316 
913 151 27 32 0.99788946 
368 384 30 38 0.99778277 
85 188 26 31 0.9975383 
695 201 29 32 0.99753463 
21 321 36 42 0.9974195 
993 79 24 29 0.997306 
275 365 37 47 0.99727374 
107 423 42 50 0.99726886 
857 294 28 36 0.9971143 
883 174 30 34 0.9970651 
250 465 39 50 0.9969645 
89 373 34 47 0.9969023 
875 100 25 29 0.996761 
714 173 25 32 0.9966217 
145 505 44 53 0.9965312 
698 338 32 40 0.9963825 
911 227 31 39 0.9958947 
268 202 29 31 0.9957718 
980 438 29 36 0.99574727 
692 294 31 36 0.9957033 
672 439 35 40 0.99568814 
942 207 29 32 0.99562305 
864 135 23 29 0.9955647 
756 335 31 37 0.99544287 
152 345 33 39 0.9953909 
985 243 29 35 0.9949169 
521 257 33 37 0.9946926 
55 307 31 37 0.994611 
629 472 40 46 0.9942707 
795 373 34 38 0.9932969 
765 496 39 50 0.99219525 
1001 373 24 38 0.99159485 
459 327 36 41 0.9913386 
410 427 34 46 0.9908564 
841 158 24 26 0.9905652 
290 469 36 44 0.9900097 
838 76 25 28 0.98961776 
766 115 25 28 0.98960835 
182 122 23 30 0.9894632 
758 237 25 29 0.98734504 
182 436 32 45 0.9871523 
511 412 42 53 0.9871284 
354 439 46 49 0.9869199 
967 190 25 30 0.9862002 
797 117 25 31 0.98578125 
51 53 22 28 0.9845558 
322 45 16 19 0.9838207 
478 39 21 28 0.9836226 
693 481 45 52 0.9834223 
371 109 23 27 0.98211205 
695 241 29 30 0.98101795 
931 291 25 32 0.9808692 
347 52 19 23 0.98086184 
146 102 25 30 0.9803516 
170 289 34 45 0.9799993 
953 505 42 46 0.979103 
791 65 24 30 0.97783595 
164 71 21 26 0.9757016 
658 140 25 28 0.974855 
284 16 19 23 0.9741833 
158 6 18 22 0.9735901 
990 476 31 44 0.973539 
920 381 29 42 0.9712333 
208 259 28 35 0.9702955 
500 93 24 31 0.9696529 
878 275 26 28 0.9695035 
845 237 30 36 0.9687912 
121 34 18 23 0.9687838 
185 15 18 23 0.9674789 
624 175 26 31 0.9651308 
727 86 22 27 0.9647341 
123 7 15 19 0.9645167 
71 466 36 53 0.9643425 
774 88 22 27 0.96433896 
306 12 16 22 0.9612996 
927 120 25 27 0.9585398 
871 403 37 48 0.9574105 
334 282 31 32 0.9563724 
630 291 33 41 0.955976 
935 73 23 30 0.9553414 
551 389 39 44 0.95302284 
827 56 20 26 0.952444 
394 250 31 34 0.9520995 
775 147 23 28 0.9469637 
51 257 27 35 0.94686663 
128 384 32 39 0.9451043 
849 206 24 29 0.9386983 
370 138 24 27 0.9385999 
795 272 27 28 0.9340494 
355 78 21 24 0.9339161 
254 167 22 27 0.93030906 
45 429 42 48 0.9268879 
576 62 19 24 0.92354316 
142 42 20 25 0.9224302 
756 28 19 24 0.9136642 
382 4 20 21 0.90944946 
874 68 22 25 0.90602595 
57 224 25 28 0.90090215 
314 536 47 52 0.8994447 
673 139 26 28 0.8970436 
795 19 19 25 0.8969919 
817 181 21 26 0.88942707 
418 99 19 24 0.88868123 
629 409 25 36 0.88697755 
770 51 18 22 0.8864759 
345 327 24 33 0.8844863 
548 46 17 21 0.8795464 
424 51 18 24 0.8714122 
167 186 27 33 0.86476606 
614 75 21 25 0.8614001 
522 61 17 22 0.85491073 
794 413 26 37 0.8545769 
852 50 21 26 0.8419296 
369 42 18 23 0.84015995 
20 82 24 32 0.83404505 
177 502 26 37 0.8328834 
640 28 18 20 0.8251172 
199 100 22 27 0.813423 
908 262 22 27 0.80336136 
363 14 14 18 0.80321383 
330 434 28 37 0.8019872 
729 6 18 22 0.80118674 
101 241 24 28 0.79643357 
118 56 19 24 0.7896867 
932 50 13 17 0.7849758 
546 94 25 30 0.7727929 
882 49 15 18 0.77171856 
998 210 17 21 0.7709688 
205 204 26 31 0.76804715 
821 512 27 40 0.762201 
588 374 22 30 0.7457998 
816 88 21 27 0.72555393 
407 56 17 19 0.72195417 
657 53 19 23 0.7140751 
185 63 19 25 0.7062275 
2 8 18 20 0.7006052 
478 269 25 29 0.6981472 
456 13 13 16 0.6878098 
260 76 18 20 0.6836893 
229 82 20 24 0.67467946 
747 167 19 23 0.6708614 
56 356 30 35 0.6489549 
413 21 13 15 0.6380083 
916 84 15 20 0.6171809 
209 228 22 29 0.59683263 
134 86 21 26 0.5741394 
444 43 17 19 0.5738333 
63 233 25 32 0.5730456 
53 441 46 63 0.56780344 
701 4 12 14 0.56650496 
2 87 16 22 0.5477156 
621 36 12 17 0.54401803 
742 178 23 31 0.54052985 
107 302 22 27 0.53898156 
83 12 12 15 0.53644204 
763 76 18 20 0.531277 
958 286 23 27 0.5249063 
569 85 15 20 0.51617026 
417 327 28 36 0.5121521 
673 346 25 31 0.5091801 
142 126 24 30 0.49284744 
242 9 13 16 0.49277177 
767 81 24 27 0.48254907 
934 505 28 37 0.4777713 
571 33 14 17 0.47204223 
34 58 13 17 0.46362042 
819 37 15 18 0.449545 
363 260 24 31 0.44339094 
348 22 18 21 0.4388013 
564 0 15 15 0.4371696 
892 22 13 16 0.4337538 
0 46 12 19 0.42567843 
8 83 21 29 0.3995541 
538 77 14 17 0.3864887 
496 19 16 19 0.38295653 
402 301 24 28 0.38024333 
518 33 13 17 0.37252837 
662 190 24 27 0.36859038 
550 254 30 35 0.36708677 
564 431 25 31 0.36367947 
106 312 29 38 0.36234915 
333 102 21 27 0.35636857 
235 51 15 18 0.35566732 
473 111 24 28 0.3510616 
771 11 15 17 0.34133694 
455 43 17 19 0.34055448 
942 28 12 15 0.33240914 
456 78 18 27 0.32817176 
62 246 27 35 0.31581038 
731 43 15 19 0.309006 
186 50 16 20 0.30866814 
192 267 15 19 0.2908123 
429 328 28 40 0.2888662 
800 0 11 12 0.28396124 
242 106 13 17 0.2739936 
230 36 16 19 0.2727079 
684 11 10 13 0.27170154 
623 3 11 12 0.27160206 
269 0 15 17 0.26435125 
24 21 10 13 0.25856388 
555 21 13 17 0.24999872 
214 1 13 13 0.24991016 
833 475 32 44 0.24890363 
373 121 25 31 0.24763261 
195 47 19 24 0.2404516 
622 438 32 35 0.2332467 
996 129 23 29 0.22449656 
210 65 17 22 0.21605983 
56 20 14 16 0.21170701 
340 132 20 24 0.20975912 
193 266 24 30 0.20878758 
901 70 16 19 0.20837659 
613 15 11 13 0.20689626 
608 331 22 29 0.20449588 
820 20 11 15 0.20382892 
86 35 14 19 0.20198238 
220 179 24 31 0.1992967 
670 400 24 34 0.19235753 
871 282 30 38 0.19020782 
230 27 16 18 0.1880704 
265 71 23 27 0.18774351 
286 176 17 21 0.18191469 
191 207 24 29 0.18076552 
301 220 16 21 0.1807384 
203 54 20 25 0.17997293 
943 21 13 16 0.17816189 
133 134 23 28 0.17693122 
260 383 39 54 0.17579798 
705 143 21 26 0.17491397 
47 174 21 27 0.17480026 
750 0 13 16 0.17430902 
398 86 21 26 0.17294775 
38 14 15 20 0.17056873 
945 388 28 34 0.167992 
55 542 36 44 0.1662904 
222 86 20 25 0.1662376 
213 18 14 17 0.1659957 
3 206 15 23 0.16250099 
467 82 14 21 0.16190116 
619 61 14 16 0.16037224 
402 76 18 21 0.15449339 
899 269 23 26 0.15241629 
938 368 31 36 0.1498146 
407 28 14 18 0.14917706 
844 53 20 26 0.14625046 
851 34 15 17 0.14620188 
450 289 31 36 0.14487888 
359 19 14 17 0.1431643 
179 72 17 22 0.14031577 
153 297 38 50 0.1400833 
669 22 11 14 0.13873819 
829 78 22 28 0.13616076 
596 251 15 19 0.13528168 
884 0 12 11 0.13461648 
629 401 17 27 0.13434586 
663 0 14 16 0.13420406 
442 112 19 22 0.13418046 
711 76 13 18 0.13333172 
862 50 21 25 0.13232104 
540 12 15 16 0.13152963 
790 473 17 21 0.12858967 
808 419 16 23 0.12655728 
913 245 29 37 0.12570663 
260 349 30 36 0.12567702 
444 331 35 40 0.1250561 
763 24 21 26 0.1235951 
0 69 9 13 0.12349494 
846 12 13 15 0.11896447 
665 200 25 30 0.11554387 
-1 195 13 22 0.11347542 
499 50 16 20 0.11240685 
851 0 13 13 0.11055778 
663 20 12 15 0.10979751 
575 380 29 34 0.10820175 
182 276 27 35 0.107201256 
241 292 15 19 0.10628161 
846 3 15 16 0.10557531 
0 262 11 15 0.10494177 
637 74 14 18 0.103617586 
946 15 13 15 0.10347109 
742 69 11 15 0.10260547 
387 119 15 21 0.10237333 
11 50 15 18 0.099891044 
318 4 14 15 0.09967367 
208 194 18 20 0.09927725 
619 68 15 18 0.09866214 
674 233 18 22 0.09783311 
920 71 21 29 0.09722022 
150 202 13 16 0.09611634 
341 437 39 43 0.09559862 
785 277 29 35 0.095436886 
3 299 15 21 0.09507166 
190 56 19 24 0.09506817 
888 45 15 18 0.09450992 
76 6 16 18 0.094330624 
123 363 26 33 0.09325237 
900 101 13 18 0.090954736 
294 1 14 17 0.09079459 
1012 27 10 16 0.08998943 
96 322 28 36 0.08987014 
610 6 9 11 0.08763968 
409 317 27 32 0.08754848 
22 2 12 14 0.08698973 
352 45 22 26 0.086404145 
341 11 15 16 0.08636565 
693 68 12 14 0.086170666 
333 134 15 20 0.0859569 
72 0 12 11 0.08470596 
889 32 15 18 0.083069384 
727 67 13 16 0.08171519 
841 219 31 37 0.08162924 
936 460 31 34 0.08103239 
407 256 18 21 0.07914561 
31 64 14 17 0.07912457 
15 67 12 15 0.07892599 
113 242 19 24 0.0786718 
410 91 21 26 0.07846422 
541 17 23 26 0.078387365 
614 6 10 12 0.07693005 
221 206 24 30 0.076799035 
451 384 29 40 0.075894475 
77 33 16 20 0.075826906 
607 29 9 11 0.07522225 
216 209 18 22 0.07416851 
394 161 18 21 0.0741217 
681 465 46 55 0.07382603 
70 10 14 17 0.073811084 
939 176 22 24 0.073526345 
211 182 23 29 0.073201045 
204 36 15 17 0.0728474 
839 20 13 16 0.071877256 
849 470 29 38 0.071844846 
139 348 36 47 0.07047696 
971 52 11 16 0.07046937 
939 516 16 23 0.069828525 
587 44 11 14 0.069531806 
276 183 27 32 0.06915254 
801 58 18 22 0.06782048 
787 78 23 30 0.06767458 
919 495 34 42 0.06762316 
695 41 14 18 0.067186914 
739 190 24 33 0.06679645 
903 373 24 29 0.06668389 
3 137 16 23 0.066536345 
636 59 15 18 0.06644359 
342 5 14 15 0.06641177 
330 328 31 36 0.06639689 
130 4 14 18 0.06604446 
635 379 26 33 0.06528086 
501 82 18 21 0.0649452 
544 99 15 19 0.064562455 
512 12 12 17 0.06445854 
878 54 22 25 0.06384956 
483 254 27 32 0.06376781 
640 5 11 11 0.06360463 
638 177 23 29 0.06255712 
843 253 30 35 0.062352065 
626 76 16 20 0.062286764 
236 209 17 21 0.06134431 
532 253 43 48 0.0609864 
0 57 9 17 0.06011501 
303 538 33 37 0.060077913 
409 81 17 19 0.058741402 
860 30 12 15 0.058491226 
546 13 14 16 0.058333527 
46 314 30 37 0.05824654 
463 276 32 34 0.05778789 
365 22 16 20 0.057731196 
102 381 35 39 0.057297066 
812 206 21 27 0.0569245 
886 70 19 23 0.05673331 
767 7 13 15 0.056253508 
1005 53 11 13 0.056032486 
341 18 19 22 0.055736348 
982 454 36 46 0.055736195 
406 130 13 19 0.05546378 
802 1 14 17 0.055378884 
419 33 16 20 0.05520859 
87 331 26 33 0.055039514 
580 37 11 14 0.054952197 
559 414 29 38 0.054906525 
371 7 20 25 0.054896727 
211 97 17 24 0.054848082 
998 46 12 14 0.054330144 
450 47 21 26 0.054129772 
349 0 13 11 0.053868018 
27 19 13 16 0.05374199 
608 22 10 13 0.053521063 
479 21 12 15 0.05340061 
1012 60 10 14 0.05336279 
458 309 31 37 0.05322227 
665 268 22 29 0.053123992 
264 -1 14 12 0.0526413 
219 11 14 18 0.052264974 
367 34 16 22 0.05224509 
338 120 21 25 0.051741447 
931 486 33 42 0.051329855 
235 18 15 18 0.05125538 
901 389 41 51 0.05081938 
0 132 11 20 0.05080158 
59 150 16 21 0.050480172 
682 196 25 31 0.050338756 
829 496 30 45 0.050071917 
411 26 18 23 0.050040267 
202 42 21 26 0.04951559 
982 280 15 19 0.049345516 
861 464 24 34 0.04934512 
909 379 27 34 0.049327772 
61 15 12 14 0.04921718 
955 396 28 32 0.049174696 
643 274 29 35 0.049105555 
533 19 15 17 0.048925407 
53 373 30 46 0.048816092 
136 368 31 43 0.04879949 
598 64 13 17 0.047960866 
511 304 28 35 0.04773856 
425 36 16 19 0.047691092 
399 28 12 16 0.04764569 
542 84 23 28 0.047267828 
845 28 14 16 0.04725827 
240 84 14 18 0.047243062 
41 35 13 17 0.04683461 
978 484 33 39 0.046816148 
548 107 19 24 0.046705596 
474 92 23 30 0.046638653 
275 51 18 22 0.046326395 
174 198 26 31 0.046249624 
436 90 17 22 0.046039928 
335 12 13 16 0.045714036 
543 315 14 19 0.045677442 
624 40 15 17 0.045636762 
680 235 26 31 0.04554937 
556 13 14 17 0.045472823 
477 27 14 18 0.045386758 
354 276 24 34 0.045152992 
1013 115 11 18 0.04494555 
21 12 13 18 0.044714477 
95 3 12 16 0.044583563 
715 448 30 35 0.04445441 
90 10 13 17 0.044450045 
451 295 17 22 0.04431438 
461 256 17 20 0.043791544 
0 139 25 35 0.043778647 
662 349 26 29 0.04371261 
193 115 23 31 0.043668017 
653 185 22 27 0.043527883 
215 222 25 31 0.04340924 
943 288 22 30 0.043290917 
39 26 14 18 0.043161955 
231 299 26 33 0.043137267 
436 49 14 20 0.04309495 
523 93 12 16 0.04290841 
38 121 22 31 0.042754788 
747 98 13 17 0.042753488 
510 379 30 34 0.042574577 
552 32 20 28 0.04231918 
523 3 11 16 0.042115673 
927 54 15 19 0.041928906 
763 472 30 32 0.041847315 
732 67 15 18 0.04183788 
629 58 15 18 0.041790374 
938 401 16 21 0.041646235 
147 335 29 36 0.04147464 
26 196 13 15 0.04112219 
90 337 16 21 0.041102003 
933 57 22 26 0.040763296 
6 302 27 35 0.040394466 
588 37 11 14 0.04028312 
53 359 19 25 0.040177237 
776 470 26 31 0.040055405 
904 504 28 35 0.040036704 
218 95 16 23 0.03968522 
233 39 21 26 0.039540917 
783 18 21 28 0.039500933 
511 34 14 17 0.039424103 
737 94 17 21 0.039294466 
314 10 15 19 0.03888483 
11 257 21 30 0.038882475 
155 372 38 47 0.03882964 
614 29 12 14 0.03862508 
693 108 22 26 0.038415942 
823 49 19 25 0.038362775 
225 221 18 24 0.038189456 
641 74 23 27 0.03778592 
811 0 14 17 0.037765294 
334 25 15 18 0.03770158 
1004 45 12 16 0.037297934 
423 43 16 21 0.037285205 
528 18 12 16 0.037276924 
214 70 21 24 0.037275568 
38 5 15 17 0.03712134 
357 6 14 16 0.036961596 
780 69 24 28 0.036925986 
298 0 12 12 0.036712263 
443 79 20 27 0.036644958 
95 260 22 28 0.036600694 
121 150 24 33 0.036523767 
23 208 14 20 0.03627776 
587 251 19 26 0.036258567 
808 23 19 24 0.036249515 
955 201 26 31 0.036179397 
204 17 15 18 0.036150828 
574 126 15 20 0.036086887 
390 99 22 29 0.035905153 
801 130 22 29 0.03577889 
851 43 18 22 0.03577692 
491 46 16 21 0.03573552 
50 159 24 29 0.035603095 
260 42 16 19 0.035525545 
534 310 23 29 0.035439048 
53 253 17 22 0.035387274 
947 4 14 14 0.035364017 
520 1 11 11 0.03532637 
203 276 18 23 0.035308506 
659 46 14 17 0.03530129 
434 380 37 51 0.03517393 
404 63 18 21 0.03508683 
589 30 10 12 0.035064474 
697 1 12 12 0.034990657 
566 29 15 19 0.034943264 
243 14 15 19 0.034915477 
266 54 24 28 0.034667343 
2 75 14 19 0.034386434 
210 6 20 23 0.034308415 
576 399 17 22 0.034274887 
649 69 24 28 0.03425095 
446 0 11 10 0.034206476 
1 257 20 26 0.03403439 
2 190 22 31 0.034009315 
563 377 29 36 0.03399511 
123 237 16 22 0.033665977 
800 83 22 27 0.033608194 
283 72 15 20 0.0335702 
601 22 9 12 0.03328406 
554 84 23 28 0.03321895 
178 178 17 24 0.033126578 
519 115 13 16 0.033012606 
714 136 16 20 0.032939877 
826 19 14 18 0.032935303 
960 400 17 20 0.032913934 
421 315 27 33 0.0329019 
103 237 16 19 0.032762744 
738 16 15 18 0.032649565 
142 0 12 14 0.032647017 
928 0 11 12 0.032498885 
579 56 15 17 0.032497663 
71 33 14 19 0.032496374 
695 11 11 13 0.032390285 
903 372 15 18 0.03235408 
642 138 14 18 0.032260228 
290 181 21 29 0.032229777 
675 20 11 14 0.0321009 
749 17 15 18 0.032095693 
4 68 11 16 0.03204494 
19 75 18 23 0.032038357 
232 186 16 19 0.03191731 
850 20 13 16 0.03174876 
36 0 14 14 0.031716276 
206 28 14 17 0.03169276 
582 21 10 12 0.031621885 
580 92 12 15 0.031516135 
740 155 23 29 0.031515326 
572 72 21 28 0.031137476 
209 249 19 22 0.031127792 
208 0 13 13 0.030926082 
930 269 13 17 0.030826079 
165 438 35 41 0.0307276 
437 81 14 18 0.030624334 
582 265 13 18 0.030588454 
832 445 13 17 0.030581355 
846 456 28 35 0.030560926 
525 12 12 17 0.030395925 
812 509 26 36 0.030392513 
934 68 16 21 0.030354189 
683 489 35 41 0.030327491 
152 193 26 29 0.030149076 
701 138 16 21 0.030061342 
379 176 26 33 0.030055378 
69 390 46 55 0.029680617 
830 181 21 26 0.029674299 
975 81 26 34 0.029573865 
442 343 18 23 0.029573482 
922 267 18 21 0.029558871 
378 436 32 40 0.029549094 
186 31 16 19 0.02951826 
449 63 21 30 0.029451147 
710 98 16 21 0.029275486 
836 227 17 21 0.029257156 
707 21 12 15 0.029152315 
640 55 21 25 0.02893003 
397 42 14 19 0.028876457 
694 99 14 17 0.02884744 
18 63 22 26 0.028842889 
581 30 10 13 0.028815277 
906 94 18 26 0.028780948 
667 259 16 22 0.028757429 
984 200 23 26 0.028624138 
739 4 14 17 0.028603839 
88 51 13 16 0.028547604 
460 8 11 13 0.028467325 
472 275 40 45 0.028384903 
377 102 17 20 0.028375352 
0 48 19 26 0.028362127 
100 252 19 24 0.028285524 
1006 60 12 14 0.028230563 
651 35 14 17 0.028149275 
107 332 28 40 0.028110629 
68 41 16 20 0.028094502 
749 309 23 30 0.02805554 
616 1 11 11 0.027860478 
439 364 23 32 0.027773557 
210 -3 22 22 0.027727965 
642 281 18 21 0.027705483 
524 54 13 18 0.027702779 
767 59 22 25 0.02766601 
387 435 46 52 0.027651671 
11 55 21 25 0.027629264 
214 169 25 31 0.02762151 
888 103 19 24 0.027607292 
460 391 18 24 0.027590489 
758 48 13 17 0.027560083 
471 85 21 25 0.02748311 
810 48 15 21 0.027442921 
111 349 27 38 0.0273827 
700 35 16 20 0.027277818 
321 9 16 18 0.027237847 
162 172 28 35 0.02719014 
389 154 14 19 0.027138436 
640 1 10 10 0.027089654 
89 306 12 16 0.027079714 
791 388 32 52 0.027048908 
688 252 30 33 0.026870072 
619 457 41 48 0.026866438 
355 291 19 26 0.026859494 
575 23 11 13 0.026756413 
1009 130 13 20 0.026730891 
871 463 27 34 0.026622193 
717 88 15 21 0.026579265 
786 50 15 17 0.026562033 
620 11 12 14 0.026512133 
656 3 11 14 0.026395125 
682 274 17 23 0.026289957 
878 363 13 19 0.026274811 
675 274 17 26 0.02622462 
342 95 19 26 0.026175141 
665 385 26 35 0.026117843 
840 177 21 28 0.026109684 
322 156 16 22 0.026096577 
421 403 40 53 0.025914552 
172 52 14 16 0.025873302 
18 51 15 19 0.025745353 
654 405 27 33 0.025593085 
634 64 20 24 0.025471056 
66 14 22 25 0.025457043 
393 123 14 20 0.02544693 
517 132 15 19 0.025379444 
825 44 15 18 0.025310611 
63 263 31 35 0.025268361 
520 26 19 25 0.025245992 
396 128 15 21 0.02515251 
700 70 21 25 0.025113745 
377 166 23 28 0.024967715 
32 82 17 25 0.024928013 
74 273 17 21 0.024923991 
850 73 26 31 0.02489863 
974 418 27 33 0.02488233 
386 146 15 18 0.02484574 
334 4 14 15 0.024823884 
492 81 25 32 0.024813421 
49 273 32 38 0.024744095 
803 13 14 19 0.02473414 
95 272 15 19 0.024721075 
646 258 27 32 0.024712168 
251 104 15 19 0.024668463 
41 356 23 28 0.024586722 
1000 61 13 15 0.024582857 
601 28 9 12 0.024446426 
756 320 28 35 0.024394952 
791 258 25 30 0.024380293 
453 269 28 32 0.024367312 
600 197 25 35 0.024301056 
956 273 24 27 0.02429282 
758 152 25 32 0.02422166 
564 6 14 18 0.024218736 
712 76 21 27 0.024176508 
201 182 37 47 0.024139816 
658 279 18 22 0.024099305 
192 184 26 32 0.0240958 
509 322 27 36 0.024077348 
755 0 13 13 0.024072321 
212 152 24 25 0.023976307 
71 227 19 23 0.023889536 
388 32 16 19 0.023881381 
227 11 15 18 0.023842962 
34 406 74 90 0.02375523 
320 171 11 17 0.023727672 
349 312 27 38 0.02369835 
917 89 21 27 0.023668494 
10 17 13 16 0.023589673 
681 134 20 23 0.023556298 
186 76 15 21 0.023489932 
896 105 21 27 0.023438023 
561 97 14 19 0.023385063 
766 1 12 12 0.023378277 
300 6 14 16 0.023367159 
797 52 15 18 0.023329781 
645 385 35 47 0.023312783 
958 20 13 16 0.023289038 
587 51 12 16 0.023264658 
780 24 15 20 0.023242092 
29 359 26 33 0.023213128 
957 269 15 17 0.02320687 
958 1 11 10 0.023198212 
731 452 17 22 0.023157965 
261 355 16 19 0.023134673 
797 295 29 34 0.023106908 
235 94 19 25 0.023099491 
485 20 14 18 0.023075877 
500 34 14 18 0.023040302 
1005 138 17 24 0.023038242 
45 84 12 17 0.023010563 
448 107 17 21 0.023004768 
547 77 14 16 0.022999743 
511 396 31 39 0.022953687 
659 38 12 15 0.022924922 
784 131 23 29 0.022890607 
398 48 20 25 0.022876736 
564 445 16 21 0.022867518 
837 446 24 31 0.022859382 
853 276 30 40 0.022858635 
878 -3 23 20 0.022815814 
306 57 16 20 0.022807078 
914 202 17 19 0.02279161 
116 137 23 32 0.022786427 
482 287 39 46 0.022610888 
597 5 10 12 0.022595877 
444 361 16 20 0.022582786 
57 213 19 20 0.0225249 
625 429 21 26 0.022521043 
460 24 16 19 0.022520026 
990 129 17 21 0.02237764 
463 295 31 34 0.022316566 
576 38 21 24 0.022313304 
503 1 10 11 0.022230424 
676 27 11 12 0.022192176 
951 370 41 51 0.022147859 
5 2 15 15 0.022098975 
669 14 13 16 0.022074733 
609 2 9 10 0.022007119 
973 502 31 39 0.021927072 
272 80 20 23 0.021920271 
34 74 15 20 0.021884162 
686 140 24 30 0.021856766 
328 131 14 19 0.021850787 
653 64 16 18 0.021830268 
326 106 16 20 0.021809861 
655 19 14 17 0.021770254 
571 434 28 38 0.021758456 
143 90 19 23 0.021644363 
881 177 15 20 0.021640899 
388 75 13 17 0.021632334 
668 243 26 30 0.021627795 
978 288 16 21 0.021593733 
971 1 17 17 0.02159326 
610 13 19 24 0.021533918 
949 53 14 16 0.021511916 
249 11 14 17 0.021476874 
942 373 18 22 0.021457238 
523 297 29 36 0.021424808 
991 39 13 16 0.021283874 
229 64 16 20 0.02127596 
686 72 14 17 0.021270817 
899 80 17 20 0.021247104 
170 61 16 19 0.02115764 
523 42 14 18 0.021146206 
713 300 15 19 0.021051073 
1006 34 14 18 0.021018961 
341 29 17 21 0.021011112 
937 44 14 18 0.020945545 
252 5 13 14 0.020931566 
484 14 12 16 0.020916529 
99 8 15 20 0.020909095 
364 150 24 32 0.02090885 
977 269 23 29 0.020891998 
881 259 24 29 0.020686656 
790 428 17 24 0.020627638 
562 34 19 26 0.020622818 
510 6 11 14 0.02060511 
436 117 19 23 0.020598434 
3 38 14 17 0.020544477 
392 4 16 18 0.020486645 
146 84 15 19 0.020426119 
777 46 16 20 0.02039223 
717 69 12 17 0.020388516 
985 429 18 21 0.02038762 
969 293 19 22 0.020359393 
394 417 37 42 0.020322919 
380 399 41 52 0.020309493 
13 72 15 22 0.020264713 
617 46 22 26 0.020211056 
427 18 13 18 0.020162871 
518 220 15 19 0.020129327 
724 73 16 20 0.020127133 
110 61 18 22 0.020081291 
919 275 26 30 0.020016382 
849 266 27 31 0.02001021 
