10_People_Marching_People_Marching_10_People_Marching_People_Marching_10_499
113
370 203 29 43 0.80542743 
577 357 31 37 0.8025568 
751 77 25 34 0.5239488 
572 289 15 21 0.45669213 
454 274 16 20 0.35884145 
786 4 34 31 0.32152256 
791 112 44 43 0.29528892 
651 74 16 22 0.24410309 
380 241 27 38 0.1981725 
427 313 35 34 0.16303875 
544 254 22 31 0.14100897 
437 278 26 29 0.13586923 
494 279 15 20 0.13233507 
611 346 35 38 0.11746678 
607 74 13 15 0.10762558 
371 169 13 15 0.09844288 
557 257 15 22 0.095101975 
451 346 26 33 0.09392903 
612 72 12 14 0.09105809 
502 270 23 30 0.08940498 
508 269 14 19 0.08604557 
364 212 44 56 0.0842059 
544 21 28 29 0.08266961 
637 71 26 29 0.08215811 
722 30 40 52 0.07922781 
498 260 40 50 0.07313284 
542 300 39 51 0.06986898 
585 141 16 20 0.06535367 
812 3 36 35 0.060655672 
534 251 23 31 0.06014668 
793 3 22 20 0.053276632 
516 259 13 16 0.051615477 
435 325 20 21 0.051060323 
548 265 13 19 0.050397463 
628 39 17 22 0.05001211 
464 274 16 20 0.04818816 
354 136 16 21 0.047121592 
619 72 14 18 0.045141656 
513 274 16 21 0.043550022 
480 306 27 32 0.043095246 
732 44 40 52 0.04050387 
774 63 13 16 0.039716884 
739 272 36 38 0.039460137 
565 292 16 22 0.038478084 
410 203 17 21 0.037749257 
799 8 34 39 0.036758002 
388 203 28 35 0.036313035 
726 63 44 53 0.03569314 
635 48 15 19 0.035495162 
424 195 11 16 0.035488874 
920 74 41 48 0.03483825 
597 109 14 18 0.03412506 
348 132 16 22 0.033559475 
604 315 33 36 0.03223844 
648 144 29 34 0.03199065 
581 106 43 51 0.031806923 
482 283 26 34 0.030682415 
378 233 48 59 0.030547464 
772 0 27 28 0.029893452 
622 155 14 17 0.029877651 
379 205 16 26 0.02942569 
515 265 14 19 0.02922871 
541 269 15 21 0.029221531 
620 40 18 23 0.028830934 
698 99 18 21 0.028236594 
612 67 23 29 0.027881678 
740 46 18 25 0.027793327 
442 233 23 33 0.027629497 
742 88 15 19 0.027583396 
419 200 14 19 0.027312635 
453 234 13 20 0.02698018 
805 100 47 46 0.026922533 
634 34 26 32 0.026025753 
425 378 30 45 0.025919246 
659 69 14 19 0.02589815 
468 270 25 29 0.025454724 
717 156 27 32 0.025359206 
697 50 13 17 0.02496883 
654 142 13 17 0.024589896 
460 331 12 15 0.024402581 
605 43 12 17 0.02415098 
637 -97 407 442 0.023952814 
401 230 33 41 0.023735013 
485 251 12 17 0.023724187 
587 348 39 48 0.023481298 
539 309 26 33 0.02326949 
401 202 45 54 0.02320859 
551 312 44 58 0.023120502 
483 267 25 30 0.023089634 
634 49 27 36 0.022937566 
587 100 29 36 0.022919944 
603 69 21 25 0.02287153 
581 69 11 14 0.022697767 
551 336 15 19 0.022567198 
644 36 16 20 0.022131806 
831 8 19 22 0.022091748 
616 30 39 48 0.02172428 
451 238 24 31 0.02156006 
471 298 47 57 0.021457177 
759 46 28 36 0.021219783 
581 61 12 14 0.02105616 
361 138 15 20 0.020653797 
507 256 21 29 0.02061185 
590 53 10 13 0.020596048 
623 66 27 32 0.020565217 
356 204 31 44 0.020474205 
548 322 27 35 0.020438503 
416 216 40 52 0.020391904 
540 1 15 13 0.02038242 
514 273 30 36 0.020300755 
449 280 25 30 0.020292927 
426 293 51 49 0.020292044 
428 200 12 17 0.020135682 
