10_People_Marching_People_Marching_2_307
96
506 139 102 134 0.9994336 
658 224 49 62 0.98996466 
252 181 83 108 0.9693868 
75 190 70 80 0.9627714 
872 171 29 42 0.3557551 
0 433 40 82 0.35317948 
125 31 49 63 0.26520634 
783 404 26 30 0.24235754 
689 140 12 16 0.16321321 
795 291 15 18 0.14883666 
908 633 16 20 0.13325597 
780 277 11 14 0.13186178 
740 246 12 15 0.11390125 
723 232 21 29 0.111074075 
56 218 73 87 0.09985783 
782 407 13 17 0.09175013 
110 19 82 109 0.091262944 
712 234 22 29 0.078563765 
936 191 91 188 0.07494695 
835 175 14 18 0.07394796 
303 26 12 15 0.06801539 
705 296 27 31 0.06209013 
732 241 15 19 0.061277878 
634 213 27 43 0.061051525 
791 296 14 17 0.059112903 
847 400 12 16 0.058800623 
726 327 22 26 0.055946697 
808 262 12 15 0.05514783 
786 409 34 39 0.05419704 
812 441 16 22 0.05305825 
739 392 36 40 0.050350625 
107 10 54 70 0.04969487 
741 295 13 17 0.049117513 
701 166 21 27 0.045689534 
837 168 13 17 0.045512237 
745 269 11 13 0.041321088 
726 232 13 17 0.040659145 
791 420 39 48 0.040188786 
726 322 16 21 0.0384088 
831 323 13 17 0.038196784 
120 48 32 42 0.036504347 
759 174 24 28 0.035290837 
618 270 40 53 0.034647234 
768 300 12 15 0.033805966 
832 350 10 14 0.033750694 
855 178 30 37 0.032926444 
758 319 15 19 0.03228863 
731 412 44 44 0.032041427 
53 3 92 103 0.031596627 
782 197 14 16 0.031580523 
135 68 57 82 0.031385038 
123 51 16 20 0.03128641 
874 171 17 24 0.029798696 
808 406 24 29 0.029472683 
846 410 15 19 0.029320665 
627 164 11 14 0.028864337 
860 484 16 19 0.028458517 
728 441 35 38 0.028293766 
772 329 26 34 0.028284047 
649 338 26 34 0.028283326 
642 220 35 45 0.027914 
756 261 10 11 0.027179634 
964 223 51 123 0.02695043 
838 170 24 28 0.02683753 
148 15 47 64 0.026552122 
771 187 13 15 0.025415275 
760 203 10 12 0.025132222 
587 176 16 22 0.0251056 
790 213 9 13 0.024525613 
796 304 12 15 0.024275059 
822 408 15 20 0.023969084 
776 272 19 24 0.02369602 
775 205 13 16 0.023540935 
880 470 12 15 0.023401912 
712 337 14 17 0.023001576 
630 259 29 40 0.02298427 
780 208 12 16 0.022930948 
170 66 32 49 0.022820579 
782 285 21 27 0.022695342 
295 27 14 16 0.022253439 
748 404 46 51 0.022104753 
764 275 12 14 0.021812141 
627 207 25 37 0.021517787 
697 278 42 55 0.021489982 
774 399 24 31 0.021423182 
718 180 10 14 0.021282082 
764 299 22 26 0.02124882 
681 174 9 12 0.021224465 
775 195 11 14 0.021128101 
802 285 13 15 0.021087311 
720 338 27 29 0.020835876 
766 294 11 15 0.020614794 
769 187 24 28 0.020576043 
759 73 27 30 0.020515146 
784 343 18 22 0.02049498 
748 165 11 14 0.020105928 
