10_People_Marching_People_Marching_10_People_Marching_People_Marching_10_240
256
917 431 108 122 0.9999232 
412 320 107 136 0.9998349 
129 210 28 35 0.9993919 
379 254 24 32 0.99833375 
240 307 65 79 0.9976732 
2 238 32 38 0.9974577 
715 243 24 31 0.995777 
217 226 24 29 0.9940556 
222 270 33 44 0.993022 
612 231 50 61 0.99120915 
420 236 40 51 0.98929775 
290 267 35 53 0.98846966 
194 197 19 25 0.9845725 
837 263 28 36 0.9810409 
691 260 23 33 0.9785025 
167 199 23 29 0.97564495 
553 227 21 26 0.9699959 
329 230 27 38 0.9676133 
795 306 35 46 0.9620194 
493 214 16 22 0.94629705 
261 212 19 24 0.89649934 
766 203 11 15 0.8504787 
515 246 27 33 0.8238834 
742 219 15 19 0.7910745 
873 178 14 17 0.6995728 
224 204 17 21 0.6167339 
139 191 11 14 0.61402214 
263 534 34 51 0.61299706 
835 210 13 17 0.5985013 
278 192 13 17 0.57740235 
537 211 15 19 0.5583469 
390 188 10 13 0.552395 
741 243 14 19 0.54151183 
310 198 10 14 0.5294789 
106 194 15 20 0.52454704 
623 206 14 17 0.483852 
682 226 15 19 0.4602523 
826 271 30 38 0.45143998 
890 226 16 20 0.4243549 
791 206 11 14 0.3827294 
794 216 13 17 0.3787778 
852 215 12 15 0.3632218 
605 222 10 13 0.31242046 
303 202 10 13 0.31055346 
777 234 16 21 0.30230582 
162 189 14 19 0.2664544 
590 196 9 13 0.2635681 
261 182 8 11 0.2608467 
375 220 11 15 0.26055428 
662 192 8 10 0.2459175 
847 213 12 16 0.23605366 
229 194 15 19 0.22991946 
478 192 13 17 0.22689009 
746 213 14 17 0.21400313 
341 217 13 15 0.20898157 
373 299 44 61 0.19708675 
795 204 13 16 0.18868203 
460 77 42 59 0.18247016 
452 211 23 30 0.18025312 
368 192 8 10 0.16170548 
332 229 17 22 0.1610999 
277 201 13 19 0.15567142 
314 197 11 14 0.1525615 
20 236 28 36 0.15237343 
602 223 16 21 0.14826061 
636 222 13 17 0.14809676 
295 183 10 13 0.14607182 
345 191 8 11 0.14341627 
934 265 42 52 0.1430943 
711 225 13 17 0.14080977 
722 203 12 15 0.13955577 
325 168 9 11 0.13944 
823 244 21 26 0.13149662 
346 196 9 11 0.123576924 
719 198 10 13 0.12355208 
300 212 11 16 0.12241733 
500 198 12 14 0.11715369 
238 180 10 13 0.11327587 
892 217 13 17 0.11313023 
455 236 24 33 0.11179549 
10 185 26 34 0.10736987 
454 223 23 31 0.105112575 
373 192 8 10 0.10377137 
258 188 10 13 0.10369457 
397 189 9 12 0.09839851 
544 217 21 27 0.09315568 
223 183 10 13 0.09258251 
726 241 20 27 0.08764941 
681 213 10 12 0.08199417 
927 167 66 92 0.08137427 
51 206 24 31 0.07923795 
244 181 9 12 0.078778565 
349 199 8 11 0.076833 
598 231 15 21 0.07654397 
496 206 13 16 0.0750818 
158 193 23 32 0.073161684 
714 196 8 12 0.07303951 
30 165 46 50 0.0701208 
300 167 9 11 0.069547966 
321 172 9 11 0.06831913 
24 185 28 32 0.06763305 
598 228 26 36 0.06754411 
268 206 14 19 0.066126525 
976 337 48 74 0.06539996 
297 203 12 14 0.06523079 
233 190 13 15 0.063072056 
743 193 8 10 0.062909976 
300 181 10 13 0.06049275 
761 200 10 13 0.059955955 
318 204 9 13 0.05932968 
282 189 11 14 0.058436725 
713 179 10 12 0.056641214 
677 230 24 29 0.055889904 
468 210 13 18 0.05378826 
786 205 9 13 0.053107772 
169 509 44 51 0.051350147 
904 251 13 17 0.049614638 
349 202 11 14 0.048786055 
862 206 9 12 0.047645744 
685 211 11 13 0.047041077 
680 155 11 15 0.047040027 
135 191 18 22 0.04627643 
640 174 11 13 0.045782052 
693 207 9 11 0.0455992 
460 206 12 18 0.04538095 
279 184 11 14 0.045380272 
312 174 8 10 0.04497321 
199 182 11 14 0.044786606 
888 235 17 21 0.042272177 
688 208 10 13 0.04202707 
902 175 9 12 0.041866243 
441 239 35 44 0.040802453 
53 156 33 32 0.040134523 
451 204 18 23 0.04009171 
282 173 8 11 0.038936265 
359 181 8 10 0.03887683 
815 96 195 216 0.038573034 
34 196 32 37 0.0384729 
33 233 25 32 0.03842144 
365 338 51 72 0.03824477 
334 266 16 19 0.037969444 
844 182 13 17 0.037794564 
859 212 10 14 0.037710354 
358 176 7 10 0.03704165 
64 201 26 37 0.036651816 
362 190 9 12 0.036479216 
234 199 15 19 0.036062554 
739 230 19 25 0.036051717 
508 198 11 15 0.03589906 
533 233 12 18 0.035119046 
693 211 11 13 0.03486176 
344 15 27 46 0.03468339 
717 191 9 12 0.034682702 
998 214 15 19 0.034643687 
617 182 8 11 0.034579705 
286 183 10 13 0.034506768 
528 248 17 24 0.034208063 
23 168 29 33 0.033251613 
750 208 9 12 0.03311084 
359 159 8 10 0.033075437 
260 195 12 16 0.032865908 
470 204 12 17 0.032658488 
766 291 15 21 0.032098856 
646 166 9 10 0.031771895 
632 180 8 11 0.031561177 
896 189 12 15 0.031416424 
357 165 9 11 0.031308115 
762 256 14 19 0.031045752 
60 310 14 17 0.030896168 
534 222 15 21 0.030834036 
630 226 14 15 0.03062992 
17 176 25 33 0.030340247 
249 234 16 22 0.030308202 
957 171 58 85 0.029981053 
374 196 8 10 0.02977723 
312 192 10 14 0.029570922 
784 214 20 26 0.029415423 
533 241 22 33 0.029050011 
336 221 13 16 0.028976377 
479 184 10 14 0.028975429 
717 176 8 11 0.028799782 
680 208 9 12 0.028017167 
379 214 12 17 0.027827997 
801 157 10 13 0.027797366 
302 173 9 10 0.027738493 
734 203 10 15 0.027655605 
299 188 13 15 0.027634853 
829 216 14 17 0.027453301 
977 323 29 44 0.027444227 
461 204 22 30 0.027349396 
286 168 9 11 0.027159262 
736 192 9 12 0.027026776 
321 212 10 14 0.02670008 
379 223 13 16 0.026695576 
630 220 22 27 0.026588235 
466 242 15 22 0.026427114 
367 184 8 9 0.026425883 
712 202 9 14 0.026400005 
823 121 12 16 0.026353667 
311 181 9 12 0.026130902 
211 199 20 25 0.026050845 
623 200 12 15 0.02560289 
527 227 23 33 0.025485689 
669 199 8 10 0.025319908 
337 219 21 26 0.02516347 
923 227 58 82 0.025010537 
385 184 10 12 0.024593113 
824 221 11 15 0.024582129 
803 204 13 17 0.024257137 
348 211 12 15 0.024224818 
319 262 26 35 0.023835905 
34 313 18 20 0.02382736 
864 326 49 69 0.023790736 
879 213 10 14 0.023760179 
360 153 7 8 0.023709955 
658 194 10 13 0.023692308 
828 240 13 14 0.023467882 
803 219 11 15 0.023445364 
602 217 10 14 0.023394993 
617 189 8 11 0.02334829 
230 183 13 15 0.023194024 
399 194 10 14 0.023130573 
771 199 12 15 0.02298623 
473 189 13 17 0.022907332 
617 197 9 12 0.022817697 
586 191 10 14 0.022758625 
100 197 23 34 0.022719124 
634 214 14 16 0.022627274 
54 304 12 14 0.022608412 
222 197 16 19 0.022487288 
508 138 15 20 0.022355827 
805 213 10 14 0.02234359 
306 194 17 22 0.021816526 
314 241 25 30 0.02173049 
277 253 22 29 0.021675041 
984 330 37 46 0.021503367 
223 186 19 24 0.021500172 
27 310 18 18 0.021381157 
660 240 43 53 0.021360133 
670 205 9 12 0.021332301 
294 176 19 23 0.021317085 
718 259 15 23 0.021153145 
355 159 7 9 0.021129135 
282 167 8 11 0.021060554 
758 210 13 15 0.020936366 
703 205 9 12 0.02084859 
276 541 30 38 0.020839661 
347 219 12 15 0.020779857 
387 182 18 23 0.020773327 
368 224 13 17 0.020613657 
518 144 13 17 0.02059908 
897 180 10 13 0.020503575 
7 191 15 23 0.020474244 
109 230 25 30 0.02033186 
36 218 28 35 0.02028268 
255 177 19 24 0.020191818 
