10_People_Marching_People_Marching_2_638
34
364 185 337 467 0.9960114 
79 35 439 523 0.35575983 
189 459 100 114 0.16045082 
485 62 38 39 0.11147417 
356 2 33 29 0.09343641 
391 2 13 12 0.057105873 
395 128 21 28 0.0441354 
48 309 211 241 0.040736027 
534 45 11 13 0.034563392 
636 35 18 19 0.033156358 
107 333 122 112 0.031930905 
409 105 19 22 0.031682573 
276 206 14 18 0.031376585 
411 104 34 36 0.030987011 
560 51 11 13 0.030922994 
428 13 13 14 0.030564666 
144 372 70 71 0.028667856 
333 16 16 20 0.028273344 
634 26 27 33 0.026277037 
475 71 33 36 0.02543654 
273 129 17 18 0.025038974 
241 221 50 62 0.024962248 
622 3 13 14 0.024381803 
461 78 25 31 0.024261259 
500 145 243 385 0.023482418 
235 163 27 31 0.022793043 
550 47 13 14 0.022071267 
245 220 27 37 0.021889392 
340 5 32 28 0.0217734 
616 48 9 11 0.021696974 
348 102 14 17 0.021545682 
638 20 13 15 0.020929167 
407 59 14 19 0.0204789 
405 1 28 32 0.020279404 
