10_People_Marching_People_Marching_2_40
412
267 118 26 32 0.9984181 
509 512 109 120 0.99832374 
47 132 38 47 0.9971692 
708 264 57 71 0.9958703 
402 157 28 34 0.99580485 
96 456 85 106 0.99381423 
95 91 22 28 0.99355 
357 128 25 31 0.99241966 
168 221 34 47 0.98949885 
942 241 52 63 0.9889732 
588 126 25 36 0.9875129 
97 134 29 36 0.986326 
587 275 42 49 0.9836738 
836 242 52 70 0.9835163 
516 86 19 24 0.9745641 
663 202 41 54 0.97196925 
767 210 38 32 0.9653637 
411 45 12 15 0.96286327 
697 41 15 19 0.9561827 
498 146 26 31 0.9557709 
852 52 14 18 0.9540444 
230 92 21 25 0.94608307 
710 83 17 21 0.9378042 
685 248 38 50 0.93559545 
795 65 13 19 0.9167936 
164 52 16 21 0.9134095 
679 97 21 23 0.9095357 
709 355 43 65 0.901256 
562 63 17 19 0.8780239 
822 53 12 17 0.8767437 
472 105 22 28 0.8761304 
740 63 13 16 0.8754098 
715 51 14 18 0.86303526 
137 79 22 28 0.8598642 
420 102 21 25 0.84862465 
817 145 22 33 0.84408385 
885 103 15 21 0.8375495 
252 82 22 27 0.79730886 
758 47 12 15 0.7917845 
55 35 13 17 0.77895504 
379 86 22 27 0.7679154 
793 114 25 31 0.75316983 
233 204 26 31 0.751153 
128 381 58 65 0.7373011 
98 37 16 18 0.7343071 
327 13 12 15 0.7156349 
749 110 17 24 0.6942452 
320 147 25 33 0.67104334 
192 74 17 21 0.65681946 
767 90 19 21 0.64464027 
573 44 14 18 0.6261664 
667 46 13 17 0.5902465 
948 202 28 38 0.57893264 
666 99 22 28 0.56154686 
512 49 13 16 0.498328 
984 344 36 60 0.4910829 
55 354 50 58 0.46868387 
240 86 21 28 0.438671 
876 88 15 22 0.41679215 
141 40 9 12 0.41341034 
188 39 9 12 0.41187155 
630 51 15 19 0.40479788 
831 215 24 35 0.39527473 
461 51 12 16 0.38587195 
284 20 13 18 0.37651515 
940 166 14 20 0.36873922 
15 2 11 12 0.3641014 
153 44 12 12 0.34837705 
435 81 21 28 0.33252284 
661 171 26 31 0.33126932 
807 33 14 17 0.32518876 
516 44 14 17 0.3227848 
907 115 17 22 0.3205653 
856 100 22 30 0.27515328 
619 48 15 19 0.2642497 
198 103 16 19 0.250663 
761 131 24 29 0.24294318 
282 56 14 17 0.24211271 
100 6 10 13 0.23522785 
152 29 10 12 0.2332844 
106 39 14 18 0.23061709 
463 44 14 17 0.22722135 
582 69 12 17 0.22002698 
820 98 23 28 0.21686234 
253 78 16 20 0.21406348 
8 28 12 16 0.20893085 
815 51 13 18 0.20464371 
816 247 46 61 0.19602516 
757 99 23 27 0.19096479 
461 6 8 11 0.18542348 
112 427 68 89 0.17945243 
641 51 20 26 0.15750036 
666 160 23 31 0.15582864 
5 54 15 21 0.15183872 
740 19 12 16 0.14975895 
802 105 18 24 0.14602956 
548 318 47 57 0.14423208 
963 284 49 69 0.13959742 
652 51 15 21 0.13828342 
662 49 14 18 0.1372073 
111 25 9 11 0.13716485 
252 66 16 19 0.13464233 
655 154 27 33 0.1301214 
645 142 27 33 0.12846255 
784 201 29 35 0.12818043 
119 38 12 15 0.1278963 
383 94 21 29 0.12353994 
332 113 19 26 0.121398404 
878 97 17 25 0.12046114 
317 89 15 18 0.11877389 
789 126 18 21 0.11793601 
487 65 14 18 0.117045276 
847 57 14 18 0.11644598 
712 58 15 20 0.11616316 
826 150 24 31 0.11430952 
608 212 37 41 0.11190809 
314 147 19 24 0.10951253 
282 72 15 18 0.10831982 
472 13 9 13 0.106566414 
108 27 11 14 0.10587103 
909 93 13 17 0.1011464 
619 275 42 54 0.1002637 
57 86 19 24 0.09969212 
311 90 14 16 0.09595392 
824 207 45 57 0.09175594 
674 43 14 18 0.09172261 
467 40 12 16 0.08974718 
298 98 13 17 0.08857532 
756 218 15 18 0.08654668 
205 44 12 14 0.08360187 
872 83 13 19 0.08242268 
678 39 10 12 0.08220069 
882 84 14 17 0.0820453 
756 211 28 32 0.08131558 
759 31 12 15 0.08037029 
839 61 12 17 0.079826094 
102 30 14 17 0.079398565 
431 93 19 26 0.076486446 
516 27 11 14 0.07617084 
557 51 14 17 0.07564441 
698 249 49 67 0.07528228 
204 167 22 34 0.074932136 
58 30 12 15 0.07168929 
820 26 15 18 0.07149587 
616 472 125 125 0.06974745 
490 60 12 16 0.06853719 
805 58 15 18 0.067329675 
806 43 16 19 0.06617386 
258 236 16 19 0.066140905 
892 86 12 16 0.06579591 
670 40 10 13 0.065558754 
243 36 15 18 0.064796016 
533 41 14 18 0.06427683 
757 37 13 18 0.063856326 
746 60 14 17 0.063517764 
434 188 27 31 0.06316587 
972 314 50 75 0.062563166 
243 193 23 38 0.062510684 
889 137 31 38 0.061614987 
193 83 17 22 0.061566535 
318 35 14 17 0.059488934 
853 109 16 22 0.05848558 
959 196 15 23 0.057674468 
353 109 25 32 0.057492223 
753 51 13 16 0.057009045 
893 104 21 26 0.05624677 
721 141 24 30 0.05613343 
852 75 11 16 0.055398066 
808 99 22 27 0.05533233 
575 130 29 34 0.05516403 
122 362 46 57 0.054936647 
488 6 10 12 0.0544386 
896 120 29 34 0.054357417 
113 389 105 105 0.054339178 
254 228 26 31 0.05391801 
77 350 34 42 0.052324764 
678 155 13 22 0.052309882 
575 105 23 28 0.052225377 
538 100 25 30 0.051818788 
565 49 19 22 0.050890863 
458 67 14 18 0.049845394 
820 210 26 33 0.049516432 
229 212 19 22 0.04896152 
611 82 21 26 0.048697926 
862 162 15 22 0.048277497 
141 216 48 53 0.047663692 
923 158 22 32 0.047593705 
488 54 11 14 0.047500875 
32 35 12 15 0.047075525 
809 119 18 20 0.04706861 
714 149 25 29 0.04696905 
276 227 13 17 0.0466342 
227 61 14 16 0.04583559 
470 19 12 15 0.0447485 
808 135 26 33 0.044681266 
725 90 13 16 0.044591114 
59 74 17 22 0.044362612 
764 30 13 15 0.043833535 
5 195 45 61 0.043419894 
811 247 29 37 0.04326222 
831 101 17 23 0.042754952 
798 267 39 57 0.04270083 
536 3 14 16 0.042359084 
7 -1 14 13 0.042219132 
608 46 21 27 0.04191198 
907 105 17 22 0.041609127 
95 32 13 16 0.04146379 
567 6 12 15 0.04136019 
136 42 11 13 0.041260574 
502 5 10 12 0.04103506 
62 59 11 13 0.040923942 
211 43 12 14 0.04089214 
535 254 48 55 0.040426686 
250 94 24 33 0.040248387 
123 43 11 14 0.040123418 
371 56 16 21 0.040061712 
362 57 16 20 0.040038384 
339 110 14 19 0.03954202 
0 19 8 13 0.039331775 
748 120 26 33 0.03926664 
799 204 26 33 0.03901599 
494 5 10 12 0.038883854 
663 38 13 15 0.03848085 
454 46 13 17 0.038130242 
820 227 32 50 0.03808146 
843 65 14 18 0.037812814 
791 70 14 19 0.03730217 
153 41 17 22 0.037155017 
554 153 24 31 0.03702266 
1 61 22 40 0.036853474 
801 66 14 18 0.036790278 
230 66 22 27 0.036779482 
899 91 17 20 0.036704585 
660 111 24 29 0.036607057 
210 175 26 35 0.035696536 
4 28 21 30 0.03564759 
812 108 23 27 0.035623126 
222 63 21 26 0.035473567 
339 487 51 73 0.035334848 
942 214 37 44 0.03530719 
756 65 14 17 0.035189353 
0 50 14 22 0.035019696 
333 36 10 13 0.034951854 
118 215 44 53 0.03424617 
827 200 28 37 0.0341656 
270 427 61 101 0.034008533 
36 30 11 14 0.033936016 
393 102 14 20 0.033726793 
344 116 27 35 0.033695634 
11 33 11 15 0.03367924 
322 12 11 14 0.03359271 
799 101 14 20 0.033445697 
567 143 29 32 0.033248335 
885 91 22 27 0.033208303 
504 12 10 13 0.03318471 
207 183 15 20 0.032965664 
739 67 16 23 0.032825585 
795 21 13 17 0.03261095 
852 64 13 17 0.032403756 
240 204 39 47 0.032277167 
867 155 13 20 0.032261163 
283 46 14 16 0.032117236 
374 218 11 12 0.031959638 
180 49 13 17 0.031469855 
485 46 11 13 0.031349458 
658 55 14 19 0.03129861 
270 42 11 14 0.031287983 
201 80 15 20 0.03119206 
323 121 25 33 0.030974243 
480 50 11 14 0.030947555 
683 19 14 18 0.030448051 
264 224 23 28 0.030238852 
204 51 14 16 0.030103182 
535 91 23 29 0.029953336 
497 246 54 49 0.02985871 
515 56 15 18 0.02981297 
551 22 12 15 0.029791648 
183 79 16 21 0.029752549 
79 85 36 45 0.029650155 
797 240 32 40 0.02949304 
765 139 25 31 0.029375048 
790 114 18 22 0.029315842 
683 37 12 16 0.029007535 
116 23 9 11 0.02888135 
55 94 26 31 0.028879264 
251 38 11 14 0.028821696 
210 65 14 18 0.0284732 
511 22 13 16 0.028458742 
282 80 16 19 0.028201915 
322 64 15 18 0.028105471 
341 15 12 13 0.028025039 
363 227 34 39 0.027948905 
908 466 57 79 0.027831879 
144 51 12 16 0.02756209 
495 1 11 11 0.027476758 
462 12 10 14 0.027362887 
548 178 16 20 0.027342254 
821 43 20 25 0.027297573 
523 281 61 61 0.027235843 
118 30 11 13 0.027191404 
748 72 15 19 0.027000094 
379 57 13 18 0.026962718 
280 46 11 13 0.026920184 
869 142 24 33 0.026906518 
320 8 10 12 0.026757943 
480 69 18 24 0.026704615 
896 238 30 41 0.026680892 
129 69 36 46 0.026502697 
563 103 25 33 0.026484715 
771 29 13 16 0.026426403 
868 96 16 25 0.026260108 
223 195 29 36 0.0262287 
622 35 12 17 0.02619719 
840 146 19 23 0.026192568 
117 52 13 15 0.026164893 
6 74 22 36 0.02616326 
325 114 17 22 0.026106406 
685 42 14 18 0.026075346 
234 61 13 16 0.026024507 
149 84 22 30 0.025996292 
669 87 39 44 0.025669483 
35 42 13 15 0.025610464 
656 98 24 32 0.02559633 
522 46 15 18 0.025563264 
646 47 13 18 0.025506075 
359 95 25 27 0.025457883 
197 39 11 12 0.025390495 
607 46 14 19 0.025342569 
206 59 14 17 0.025294712 
547 162 25 31 0.025204042 
167 89 15 19 0.025048323 
868 58 13 17 0.024949584 
280 15 12 15 0.024852557 
656 139 19 24 0.024818497 
736 356 50 67 0.024803646 
754 227 34 40 0.024652792 
293 102 16 22 0.02453533 
30 0 12 11 0.024412816 
775 96 22 30 0.024396628 
779 172 26 29 0.024352329 
256 189 23 36 0.024336958 
210 90 15 21 0.0242962 
820 60 15 20 0.02415034 
885 3 14 17 0.02413529 
178 419 126 113 0.024099154 
492 45 11 13 0.024094068 
64 114 41 51 0.024089074 
901 151 30 37 0.02408019 
103 23 12 14 0.02406031 
551 101 22 30 0.024012104 
188 21 11 13 0.0238067 
260 245 17 21 0.023682568 
95 23 10 12 0.023557147 
846 78 13 19 0.023533307 
39 328 83 93 0.023524372 
863 91 12 18 0.023342377 
96 360 50 60 0.023332246 
92 158 35 44 0.023185141 
567 2 10 10 0.023184394 
798 23 20 25 0.023097698 
572 105 17 20 0.023079617 
556 67 19 23 0.022900708 
230 36 12 16 0.022770025 
309 0 11 11 0.022671238 
582 141 33 40 0.022668006 
679 29 13 17 0.022593971 
603 130 26 35 0.022528412 
802 287 19 23 0.022380194 
313 101 24 29 0.02236878 
406 6 11 13 0.02224317 
-1 73 12 24 0.022098508 
81 434 69 82 0.021992318 
306 92 22 26 0.021709662 
372 32 13 18 0.021703908 
9 0 20 20 0.021693578 
125 32 10 13 0.021681605 
775 223 35 40 0.02160396 
850 158 23 27 0.021581927 
93 107 32 46 0.021445304 
843 210 35 40 0.021416266 
820 231 16 22 0.021377524 
836 67 21 26 0.021296324 
195 341 43 52 0.021292374 
87 6 11 13 0.021261467 
706 44 14 17 0.021237278 
757 91 16 19 0.021194138 
533 15 14 18 0.021185677 
813 256 17 21 0.021139178 
219 126 25 27 0.021079458 
-1 332 28 59 0.021009667 
148 149 26 30 0.02089451 
4 110 37 52 0.02089 
777 159 26 29 0.02080725 
641 469 78 69 0.020744344 
733 84 14 18 0.020734511 
781 73 14 18 0.02073447 
773 146 24 30 0.020725464 
615 134 27 38 0.020723881 
615 90 22 28 0.02062852 
751 81 12 18 0.020532124 
242 29 14 17 0.020468215 
792 132 20 24 0.020353079 
455 27 11 15 0.020332115 
701 58 15 19 0.02025452 
246 233 44 48 0.020229563 
913 98 13 18 0.0201969 
41 98 42 51 0.02012289 
87 42 13 16 0.020112352 
231 30 21 27 0.02009567 
15 22 20 27 0.020082599 
621 27 14 16 0.020011825 
746 18 13 17 0.020001547 
