10_People_Marching_People_Marching_2_430
53
914 249 34 44 0.9974124 
288 129 32 36 0.9973562 
632 201 42 52 0.99259067 
416 172 30 36 0.9914363 
213 157 23 27 0.9855284 
163 161 35 41 0.97723335 
767 200 43 48 0.9692983 
306 183 25 32 0.5662365 
91 144 18 21 0.37164187 
262 181 27 31 0.3435569 
836 266 46 66 0.25473574 
510 328 454 444 0.12635672 
368 170 15 18 0.10558569 
282 216 29 35 0.08638702 
346 193 17 20 0.069405496 
314 178 18 25 0.06253778 
3 222 493 377 0.060822643 
359 171 23 28 0.048271697 
235 181 23 29 0.047990292 
342 202 25 29 0.046580277 
113 189 16 21 0.0416019 
350 178 23 28 0.041280065 
257 189 40 47 0.03938349 
89 186 26 32 0.038881175 
271 206 31 37 0.037427727 
281 200 27 32 0.03642484 
63 124 23 26 0.03596189 
873 67 125 174 0.034293063 
863 278 31 47 0.034270253 
219 254 42 59 0.03266307 
689 165 28 37 0.032526515 
331 184 15 21 0.032397058 
271 178 38 47 0.032289263 
295 197 28 35 0.032022167 
841 266 28 38 0.030952523 
263 215 42 48 0.03067631 
73 154 15 18 0.02976903 
729 213 29 34 0.0268103 
284 134 23 24 0.02554256 
62 114 12 13 0.025522914 
90 181 17 19 0.02480756 
265 172 22 25 0.024499591 
80 151 27 31 0.024187744 
339 187 15 21 0.02409948 
249 186 28 32 0.023990763 
302 191 19 25 0.02380132 
239 190 41 50 0.023518365 
743 352 253 290 0.023130732 
107 190 26 33 0.022935685 
263 106 22 27 0.02238151 
673 227 33 35 0.021253195 
82 89 203 255 0.021008022 
845 247 51 67 0.020297987 
