10_People_Marching_People_Marching_2_269
535
770 238 24 33 0.996789 
245 207 10 13 0.496783 
657 193 7 8 0.4129429 
68 221 10 13 0.35641864 
45 282 14 16 0.35250357 
724 199 9 11 0.31429008 
790 224 13 17 0.26858872 
227 222 11 14 0.22905426 
749 195 9 12 0.22184418 
724 183 9 10 0.22155827 
91 266 11 15 0.17921254 
313 240 8 10 0.15755607 
87 219 10 13 0.15127167 
726 217 11 13 0.14708848 
809 219 11 15 0.14679876 
623 234 10 13 0.14440417 
693 183 8 9 0.13995849 
716 230 10 15 0.1367472 
222 197 9 12 0.13449594 
841 214 9 12 0.13390902 
721 189 8 10 0.12980124 
670 286 11 14 0.12856053 
415 208 7 8 0.12803756 
213 234 11 13 0.12734358 
769 166 8 10 0.12621494 
274 213 8 11 0.124798276 
201 221 9 11 0.12303979 
687 191 8 11 0.12249455 
260 268 11 15 0.121060826 
173 236 9 11 0.11483533 
124 231 8 11 0.11314922 
861 178 10 13 0.11198545 
674 199 8 10 0.11175109 
773 191 9 11 0.11114323 
759 181 10 11 0.11063759 
746 192 9 12 0.11022577 
201 215 10 12 0.10849309 
647 215 8 10 0.10669975 
278 214 8 11 0.10316656 
654 216 10 11 0.10209567 
712 185 6 8 0.100897186 
712 264 10 14 0.100327685 
69 302 13 16 0.09992497 
262 220 10 12 0.09924139 
240 209 12 14 0.0978879 
228 212 9 13 0.09775184 
473 215 6 9 0.09602793 
230 206 8 12 0.095857576 
205 208 9 10 0.0947779 
237 284 12 16 0.09388129 
103 213 9 10 0.09323126 
96 198 9 10 0.09140154 
617 192 8 9 0.09126156 
744 213 10 13 0.09125995 
726 286 15 17 0.08943693 
266 197 8 11 0.08812816 
846 176 8 10 0.08673162 
237 199 9 10 0.0854125 
434 209 6 7 0.08534711 
189 216 9 11 0.0842155 
669 269 9 13 0.08386474 
664 238 10 13 0.08367561 
82 206 9 12 0.08261471 
319 245 7 9 0.08223456 
743 206 9 12 0.08131324 
670 191 8 10 0.08008627 
342 197 7 10 0.079262316 
438 214 7 9 0.079118766 
398 201 8 9 0.0782896 
343 193 6 9 0.07788473 
54 232 8 12 0.07672878 
713 190 7 9 0.07657152 
191 222 8 10 0.07632081 
886 197 10 13 0.07629442 
337 200 7 9 0.076101325 
78 231 10 13 0.07546349 
266 192 8 10 0.07532689 
358 207 8 10 0.07527879 
72 236 9 11 0.07414873 
272 208 8 10 0.07363341 
699 245 13 15 0.07294192 
397 379 11 15 0.072518915 
4 236 11 15 0.07236829 
251 206 9 12 0.07169517 
662 191 8 10 0.07140237 
711 223 9 12 0.07095247 
253 252 11 12 0.07085983 
168 193 9 10 0.07057523 
458 207 7 9 0.07037161 
697 214 9 10 0.07012429 
475 208 6 8 0.06918033 
465 230 8 10 0.068969674 
712 228 10 13 0.06858359 
88 237 8 10 0.06768819 
703 228 10 12 0.06733435 
696 196 9 12 0.06570212 
418 233 8 9 0.06535029 
56 254 10 13 0.06531931 
391 184 7 9 0.06457779 
847 190 8 11 0.06456325 
96 203 11 13 0.0645556 
772 196 9 12 0.06318079 
149 230 8 11 0.06310427 
439 209 6 8 0.062700026 
225 206 9 12 0.061959133 
722 289 24 27 0.0616615 
172 214 8 10 0.06149755 
414 215 8 10 0.06119368 
5 222 10 11 0.06087931 
280 199 9 10 0.060856942 
741 312 17 19 0.06044333 
701 214 8 9 0.06023831 
992 350 24 29 0.06020181 
695 191 8 11 0.059922617 
232 197 9 12 0.05968236 
638 192 7 9 0.059501797 
37 236 10 12 0.05913629 
738 174 8 11 0.058881603 
384 201 6 7 0.05845699 
234 193 7 10 0.05843183 
417 249 8 10 0.05827182 
742 175 8 11 0.058090124 
725 177 8 10 0.057244778 
313 214 9 11 0.056838334 
687 196 9 11 0.05681872 
152 207 9 11 0.056583874 
189 197 9 11 0.05620075 
695 221 9 12 0.055920538 
82 212 9 12 0.05576115 
616 197 8 10 0.05563996 
432 250 8 10 0.0550306 
609 222 8 10 0.05466895 
80 221 9 11 0.054354206 
832 182 9 11 0.054352146 
136 255 8 10 0.054330938 
89 246 8 11 0.054208692 
144 230 9 10 0.054123078 
701 198 7 10 0.05356306 
743 219 9 12 0.05342428 
143 215 8 10 0.053260133 
720 215 9 12 0.052568693 
270 191 8 10 0.052560367 
75 300 11 15 0.051356915 
808 202 12 16 0.050607286 
633 192 7 9 0.0504783 
719 221 9 13 0.05031191 
464 224 9 11 0.050141707 
622 192 8 10 0.05001331 
57 213 9 11 0.049901817 
601 240 8 11 0.04963777 
251 190 8 10 0.049249556 
690 175 7 10 0.04923738 
185 223 8 10 0.04900954 
185 248 9 11 0.048839986 
640 222 10 12 0.048792515 
64 215 9 11 0.048776288 
741 242 11 15 0.04865993 
440 198 6 8 0.048575174 
281 230 9 11 0.04855269 
728 298 21 25 0.048219383 
254 184 7 11 0.048107784 
821 222 10 13 0.047708113 
128 254 7 10 0.04710521 
809 197 10 12 0.047035795 
113 198 8 10 0.0469009 
874 201 8 11 0.04682047 
601 193 7 9 0.046801567 
826 465 30 28 0.046714786 
683 265 22 27 0.046492305 
812 225 12 16 0.046424404 
143 224 8 11 0.04629692 
698 167 7 10 0.046161186 
838 219 11 14 0.04610553 
424 193 8 9 0.045992594 
410 190 7 10 0.045970235 
549 245 9 12 0.045542926 
709 301 12 17 0.045211617 
457 200 8 9 0.044902947 
0 242 11 19 0.044429507 
704 223 8 12 0.04431323 
808 192 9 10 0.043968953 
599 223 7 9 0.043889996 
633 207 7 10 0.043674126 
237 192 7 10 0.043182652 
703 167 8 11 0.04287583 
304 248 8 10 0.042865988 
670 184 7 10 0.042841803 
334 207 8 10 0.042406403 
1010 395 14 23 0.041881356 
593 223 8 10 0.0418671 
201 312 21 28 0.041820344 
565 245 9 11 0.04174526 
253 212 9 11 0.041737437 
331 208 7 9 0.041443903 
606 199 8 10 0.041427057 
70 227 10 14 0.04139548 
478 206 8 10 0.040875204 
95 214 9 11 0.040797636 
967 182 10 12 0.040790904 
433 215 7 8 0.040762834 
453 229 9 12 0.040651426 
287 222 8 10 0.04059259 
199 317 13 20 0.040487412 
479 215 7 9 0.04036943 
101 230 10 12 0.039808106 
424 222 7 9 0.039268285 
471 263 11 14 0.039228693 
740 300 16 19 0.03916291 
879 199 9 12 0.039026197 
584 183 8 10 0.038754527 
472 247 9 11 0.038740057 
438 239 8 10 0.038659934 
752 182 9 10 0.03863329 
736 206 10 11 0.03859766 
785 183 8 10 0.0385386 
842 209 8 11 0.03836623 
248 201 10 11 0.038225234 
191 230 8 10 0.038202528 
314 199 6 8 0.038154583 
616 230 11 14 0.03783045 
782 189 9 12 0.037776016 
230 283 15 19 0.037597507 
280 220 9 11 0.037369926 
266 204 8 10 0.03717631 
816 177 9 11 0.036941253 
725 158 9 12 0.036889885 
102 207 10 11 0.036719378 
96 191 9 10 0.036607128 
253 199 9 10 0.036511578 
138 224 8 11 0.036502805 
175 208 8 11 0.03648165 
847 182 8 11 0.036392495 
452 221 11 13 0.036364723 
152 253 9 11 0.03625086 
416 254 10 11 0.036149148 
184 199 9 11 0.035874974 
62 299 15 20 0.035865087 
423 199 8 9 0.03578653 
158 224 8 10 0.035565548 
671 214 9 11 0.035378512 
647 200 7 9 0.03516723 
424 217 8 9 0.035006303 
454 215 10 11 0.03496378 
239 218 12 15 0.034935974 
458 262 10 12 0.03479364 
943 182 8 10 0.034748793 
495 205 7 9 0.034701914 
93 221 10 13 0.034655746 
643 215 7 10 0.034329813 
63 282 11 15 0.034265865 
48 235 9 13 0.03425127 
947 196 9 12 0.034047864 
762 326 16 18 0.033999693 
617 262 10 14 0.033980936 
966 176 9 11 0.033914004 
124 236 8 12 0.033907935 
688 205 8 11 0.033907086 
792 183 8 10 0.03382854 
216 214 9 11 0.033681277 
238 152 9 12 0.033595823 
1 215 9 13 0.03354763 
224 226 10 13 0.03330417 
634 197 7 10 0.03328028 
56 248 9 11 0.033193905 
416 200 8 9 0.033129174 
662 198 8 10 0.03301425 
398 253 7 9 0.032970607 
712 207 9 11 0.03295583 
487 256 10 13 0.03292084 
175 222 8 10 0.032872252 
655 205 9 11 0.032710407 
397 223 7 11 0.032697223 
90 274 14 18 0.032681238 
413 191 9 10 0.03264675 
607 193 7 9 0.032469787 
654 219 13 16 0.03244374 
49 277 14 17 0.03243102 
734 237 13 17 0.03239114 
721 203 9 12 0.03236313 
157 238 9 11 0.031982075 
378 200 6 7 0.03189888 
244 260 11 15 0.03184562 
392 228 8 10 0.03177658 
230 305 12 15 0.03166118 
701 207 9 12 0.031494837 
646 228 11 14 0.031482626 
151 225 9 11 0.03146303 
822 215 8 11 0.0314056 
582 254 9 12 0.031190569 
639 198 8 10 0.031187274 
520 250 14 17 0.031179419 
928 250 11 13 0.031086057 
418 236 9 11 0.03096925 
432 193 6 8 0.030952338 
728 261 9 13 0.030909777 
313 208 8 8 0.03085407 
181 276 13 17 0.030759662 
70 283 11 15 0.030713651 
545 246 9 12 0.030673815 
452 53 214 250 0.030588258 
584 235 9 11 0.03050844 
613 218 11 15 0.030483078 
610 216 8 12 0.030480107 
839 191 8 10 0.03044718 
354 208 7 8 0.030433439 
956 242 10 12 0.030343508 
804 208 19 24 0.03030823 
287 216 8 10 0.03023282 
190 191 8 10 0.030084167 
12 269 15 19 0.030039452 
440 193 7 8 0.029954912 
757 205 10 11 0.029910183 
359 213 7 9 0.029765889 
368 215 8 9 0.029757462 
560 246 9 11 0.029610783 
698 241 9 12 0.029337266 
81 200 8 10 0.029275255 
303 207 7 9 0.02921704 
359 200 8 9 0.029120738 
286 199 8 11 0.029035004 
168 209 9 12 0.029008364 
1013 319 12 19 0.028999656 
838 196 8 11 0.02898354 
273 185 7 9 0.02889306 
13 215 9 11 0.028538242 
279 208 8 11 0.028498396 
600 229 8 10 0.028315654 
738 167 8 10 0.028298322 
486 221 7 9 0.02825006 
290 245 8 10 0.02824909 
522 242 14 17 0.028224977 
335 185 7 8 0.02817241 
355 231 6 9 0.028171625 
449 253 8 9 0.028117487 
12 235 11 14 0.028096832 
566 240 8 10 0.028067086 
41 216 9 11 0.028010337 
609 214 20 27 0.02801 
453 237 9 9 0.027943296 
615 205 9 11 0.027895933 
474 200 6 8 0.027886687 
254 259 14 18 0.02784028 
158 255 8 11 0.027827172 
9 272 24 30 0.027826415 
353 215 7 8 0.02780891 
431 223 7 8 0.027554657 
0 230 18 27 0.027508348 
385 208 6 8 0.027498871 
784 196 8 13 0.027467571 
762 469 15 20 0.027466774 
649 192 6 8 0.027429279 
734 221 9 12 0.027366398 
646 221 10 13 0.027359664 
238 255 12 14 0.027339706 
391 190 7 9 0.027281525 
715 298 22 27 0.027195295 
376 247 8 10 0.02715261 
742 229 10 14 0.027130503 
799 184 7 9 0.02703146 
837 149 14 16 0.026947439 
338 192 8 9 0.026939841 
763 461 13 15 0.026937658 
568 216 8 10 0.026891932 
796 222 12 14 0.026889088 
156 207 11 12 0.026884818 
694 175 7 10 0.026839305 
207 229 12 15 0.026798716 
289 238 8 10 0.026756806 
22 238 10 12 0.026729831 
632 221 9 12 0.026655167 
385 183 8 9 0.026646238 
967 189 10 13 0.026549058 
712 197 8 11 0.02653352 
103 247 8 10 0.026504772 
487 216 7 8 0.026470814 
503 198 8 11 0.02634525 
833 227 10 14 0.026338056 
688 213 8 11 0.026237331 
798 190 9 11 0.02623152 
949 294 8 11 0.026218023 
620 219 12 15 0.026170025 
278 184 7 9 0.026053304 
410 207 7 9 0.025825787 
809 177 9 10 0.025764868 
394 200 7 10 0.025684929 
268 268 12 17 0.025605572 
744 182 8 10 0.025506971 
713 213 8 10 0.025414202 
448 248 8 11 0.025270037 
286 204 10 12 0.025178455 
709 246 9 13 0.025170967 
319 199 7 9 0.02516183 
765 181 9 11 0.025063783 
669 276 11 15 0.025022207 
422 233 7 9 0.02500281 
96 238 8 10 0.024984457 
888 176 9 9 0.024967287 
82 175 8 11 0.024953738 
286 231 9 11 0.024921492 
703 261 11 14 0.024876729 
86 296 16 18 0.024859384 
734 327 15 19 0.024846891 
735 230 10 13 0.024825377 
455 255 9 9 0.024798045 
680 231 8 11 0.024752365 
602 198 7 11 0.02474113 
791 196 9 13 0.024740616 
432 232 7 8 0.02472171 
347 215 6 9 0.024720788 
368 192 7 8 0.02471803 
808 184 7 9 0.024681248 
615 226 21 28 0.024644725 
97 231 9 12 0.024404384 
667 262 10 13 0.024386005 
748 214 10 13 0.024306376 
141 228 19 25 0.024232076 
369 222 8 10 0.024228368 
295 230 9 11 0.024224423 
463 256 9 11 0.024171367 
410 184 8 10 0.02416498 
726 279 14 17 0.024057237 
447 191 7 8 0.024035003 
441 185 7 9 0.023949325 
879 181 8 9 0.023940958 
621 256 11 15 0.02390131 
736 181 8 10 0.023851275 
750 202 11 13 0.02375162 
83 214 20 24 0.023732865 
89 284 12 15 0.023712952 
605 239 8 12 0.023692714 
211 318 18 21 0.023562495 
381 247 8 10 0.0235152 
117 197 8 10 0.023411736 
144 233 10 14 0.023371713 
739 323 15 17 0.023303816 
825 474 14 16 0.023281317 
112 193 8 9 0.023208078 
146 246 8 12 0.023146706 
30 214 8 11 0.023091823 
879 176 7 9 0.023077963 
241 203 18 22 0.023073383 
149 234 11 15 0.02295886 
664 150 8 9 0.022944145 
667 243 11 13 0.022907358 
86 229 10 14 0.022903686 
830 165 8 10 0.022881133 
46 205 8 10 0.022844154 
129 248 6 9 0.022818813 
422 247 8 10 0.02279129 
295 247 8 10 0.02278615 
263 282 13 17 0.022755753 
581 215 8 10 0.02274893 
714 260 13 16 0.022717832 
91 305 16 18 0.02271218 
157 229 9 11 0.022621531 
100 188 10 11 0.022565136 
294 223 9 11 0.022529753 
716 215 18 25 0.022482892 
718 192 19 23 0.022480669 
375 207 7 9 0.022460697 
575 232 8 10 0.022446524 
664 253 10 13 0.022380905 
527 214 8 10 0.022261882 
932 247 10 13 0.022223765 
599 206 8 11 0.022195516 
94 247 8 10 0.02218822 
455 192 6 8 0.022183679 
812 192 10 12 0.02218322 
330 200 6 8 0.02214068 
665 185 8 10 0.022102814 
469 231 9 10 0.022019807 
293 238 9 11 0.021962455 
775 407 12 14 0.021921933 
686 238 9 12 0.021862876 
779 447 17 19 0.02184838 
660 229 12 14 0.02178547 
678 215 8 11 0.021755036 
170 237 8 11 0.021753008 
51 315 25 36 0.021739595 
23 231 9 11 0.021687442 
598 214 7 11 0.021647666 
368 208 8 9 0.021600606 
560 207 7 10 0.021582281 
470 222 8 10 0.021567143 
480 221 8 9 0.021550883 
320 192 8 10 0.021548148 
489 207 7 8 0.021519907 
199 200 20 25 0.02151946 
279 191 7 10 0.02147796 
559 199 7 8 0.021392891 
670 172 9 11 0.021301115 
521 198 8 10 0.021252925 
108 213 9 11 0.021197928 
101 235 9 12 0.021190736 
942 239 10 13 0.021178836 
302 230 7 10 0.021176616 
192 183 8 10 0.021173865 
784 205 9 12 0.021146562 
561 232 8 10 0.021123633 
108 222 10 11 0.021114748 
44 220 10 11 0.021081425 
789 205 9 11 0.020993754 
838 183 8 11 0.02098948 
495 275 12 16 0.020985195 
681 191 8 10 0.020929554 
946 191 9 12 0.020919716 
100 199 10 11 0.020897578 
312 218 9 13 0.020770192 
70 196 10 13 0.020745363 
75 285 14 15 0.020720571 
118 193 7 9 0.020712813 
661 214 11 14 0.02065195 
385 214 7 8 0.020632958 
677 204 8 10 0.02061491 
144 208 9 11 0.020604003 
735 191 8 9 0.020596718 
550 100 61 65 0.0205423 
438 247 8 10 0.020494804 
45 282 22 28 0.020469539 
256 267 21 26 0.020420525 
726 164 8 10 0.020405093 
110 206 10 11 0.020389268 
280 245 9 11 0.020358408 
704 184 7 9 0.020348622 
45 297 15 19 0.020334775 
433 199 6 8 0.020331575 
328 192 7 9 0.020293366 
735 199 9 10 0.020259337 
250 247 9 12 0.020221494 
558 107 36 41 0.020082874 
102 222 10 12 0.02006621 
85 200 10 11 0.020056315 
734 92 202 234 0.020044884 
-1 278 10 17 0.020021139 
709 175 8 9 0.020000128 
