10_People_Marching_People_Marching_2_256
26
817 151 58 67 0.99928963 
330 222 58 64 0.99891675 
956 160 49 54 0.99774534 
171 172 92 111 0.996234 
451 217 74 89 0.9957777 
710 146 49 55 0.9927941 
574 239 71 73 0.8044418 
142 227 59 74 0.3029385 
886 166 43 58 0.11923136 
-5 255 69 137 0.09566219 
314 73 44 65 0.054802176 
981 108 17 23 0.04187424 
940 165 35 41 0.03858487 
930 162 29 39 0.03787401 
698 243 46 53 0.03771158 
780 164 25 34 0.03631788 
769 170 42 53 0.029123321 
1002 74 16 21 0.02856269 
808 265 66 60 0.024820335 
904 161 43 56 0.024659045 
782 169 16 19 0.024279714 
995 17 28 42 0.02256823 
553 183 95 122 0.02201496 
983 43 27 33 0.02094827 
841 52 24 31 0.020452375 
369 37 45 59 0.020341998 
