10_People_Marching_People_Marching_2_823
88
372 189 184 271 0.9994055 
229 414 25 33 0.77899677 
945 492 23 29 0.7148724 
799 444 26 32 0.67568254 
989 462 13 16 0.3238694 
681 961 194 259 0.21322004 
995 461 11 15 0.14979441 
844 451 14 18 0.13776593 
741 473 16 20 0.13516496 
1012 452 12 19 0.12476669 
971 461 10 14 0.099117346 
207 409 27 30 0.080182016 
945 454 23 29 0.076171055 
821 485 13 18 0.07444986 
255 436 43 52 0.07337139 
186 443 46 51 0.06852669 
210 405 40 47 0.066630974 
791 503 33 41 0.065263696 
877 464 13 16 0.05977554 
780 435 14 18 0.051486295 
847 484 12 15 0.048319273 
790 454 30 32 0.04687699 
735 475 15 18 0.046242677 
998 455 11 15 0.045485783 
666 463 22 27 0.044250637 
919 477 19 26 0.044234194 
284 1077 115 192 0.044016052 
85 336 12 18 0.043285634 
378 850 13 16 0.04145779 
204 460 16 18 0.041120958 
902 480 10 13 0.040548846 
788 438 28 34 0.04037615 
949 471 16 21 0.038939223 
585 881 340 389 0.03687719 
700 483 11 14 0.03642895 
908 483 13 17 0.03631352 
953 483 16 21 0.03597497 
227 409 19 24 0.033608675 
654 459 25 29 0.03339156 
840 459 12 16 0.033348188 
896 484 12 15 0.03300649 
203 410 19 22 0.032706305 
404 1182 15 20 0.031188235 
791 939 9 11 0.029773137 
1007 455 13 18 0.029429628 
711 483 12 15 0.028848255 
852 488 13 17 0.028776003 
778 437 23 30 0.028112452 
756 466 13 18 0.027699132 
784 468 50 64 0.027659055 
206 452 32 36 0.026736494 
821 513 12 16 0.025775988 
836 491 11 15 0.025499323 
144 449 9 11 0.025000053 
966 456 19 24 0.02484356 
964 503 13 20 0.02474356 
201 395 23 29 0.024548527 
712 579 87 121 0.02439863 
842 514 14 17 0.024355162 
957 454 13 16 0.024119409 
798 468 31 36 0.024089614 
82 448 14 18 0.024020668 
716 479 13 16 0.023941163 
811 479 25 29 0.023870017 
839 485 11 15 0.02368667 
884 467 13 15 0.023666676 
829 490 12 15 0.023302745 
228 441 51 60 0.023185074 
690 461 12 13 0.022622598 
846 465 12 16 0.022454362 
708 389 197 246 0.022297358 
848 481 23 27 0.022256305 
674 461 15 17 0.022165263 
694 479 14 17 0.021970386 
943 491 38 47 0.021803701 
966 456 11 14 0.021445937 
875 453 15 17 0.021119729 
911 490 12 18 0.021083016 
807 460 19 23 0.021081977 
838 465 11 15 0.021049922 
240 410 18 23 0.020873921 
806 487 30 39 0.020855486 
382 746 14 16 0.020720823 
990 456 13 15 0.020660274 
782 449 26 31 0.020634962 
973 455 10 13 0.020518644 
217 394 16 20 0.020436887 
834 458 23 27 0.020351036 
