10_People_Marching_People_Marching_10_People_Marching_People_Marching_10_848
93
131 186 32 42 0.9993273 
759 130 54 71 0.99840957 
644 166 43 57 0.9969331 
244 216 34 45 0.99666435 
484 156 41 57 0.99650514 
364 197 42 52 0.9824991 
988 192 37 56 0.9633939 
726 181 29 40 0.5484619 
102 237 24 29 0.3770116 
582 199 29 42 0.14235134 
894 402 16 20 0.100642435 
76 260 26 32 0.0850942 
22 233 16 25 0.08222713 
592 192 42 48 0.072196245 
420 164 36 51 0.05645726 
291 514 17 23 0.056055445 
525 167 34 42 0.05321041 
11 228 25 36 0.05312533 
549 430 95 126 0.05284714 
575 440 56 72 0.052815624 
531 114 27 32 0.051207464 
156 534 15 18 0.050868712 
164 138 11 15 0.048822753 
565 393 18 21 0.046662636 
307 121 15 21 0.04215829 
88 242 26 37 0.041530456 
551 468 11 14 0.041490473 
719 197 34 45 0.040482912 
-3 522 60 86 0.039440297 
453 454 11 15 0.038758397 
924 29 11 14 0.03801636 
1 147 27 46 0.037995152 
732 180 18 25 0.037500262 
586 459 14 16 0.035592914 
164 270 34 39 0.035163462 
528 105 25 27 0.034540456 
519 427 13 16 0.033857595 
44 201 22 26 0.033226907 
140 157 13 14 0.031225748 
452 446 11 13 0.03079082 
106 230 17 20 0.029768672 
620 435 45 57 0.028484605 
542 430 10 13 0.027947774 
519 461 11 13 0.027551584 
617 174 41 52 0.027464887 
522 101 16 19 0.0274498 
940 219 48 55 0.02722113 
836 21 12 14 0.027008545 
1002 39 9 12 0.026921488 
536 429 10 12 0.026623724 
679 60 11 15 0.026580675 
399 87 9 12 0.02646479 
611 439 32 36 0.026191508 
69 271 42 51 0.026095854 
166 210 23 35 0.025501873 
981 41 10 13 0.02529751 
723 127 25 30 0.025155615 
839 63 13 16 0.024736363 
903 6 11 13 0.0246885 
393 208 33 45 0.024675786 
719 117 43 61 0.024592228 
519 467 12 15 0.024395972 
317 540 12 16 0.02434166 
461 453 10 13 0.024312755 
909 4 11 13 0.024172477 
525 469 11 15 0.023445522 
573 453 16 17 0.023433922 
860 161 16 21 0.023335822 
131 0 50 60 0.023296837 
452 436 12 14 0.022849929 
763 456 215 259 0.02261111 
829 24 13 16 0.022552215 
863 151 11 14 0.0223705 
123 238 17 22 0.022335349 
545 469 10 14 0.022166278 
793 92 11 13 0.021931801 
460 430 12 14 0.02187621 
532 476 10 13 0.021865638 
478 382 13 16 0.021824872 
1014 62 8 12 0.021799667 
543 337 15 18 0.02165389 
564 470 10 13 0.021564124 
555 369 37 47 0.021504292 
96 236 42 47 0.021315852 
812 127 50 63 0.02131556 
159 202 26 33 0.021028092 
351 472 11 14 0.020762024 
193 549 10 12 0.020751242 
525 453 11 15 0.02071611 
661 104 16 21 0.020420395 
639 438 31 37 0.020273738 
313 431 8 10 0.020091258 
144 270 55 61 0.020032171 
