10_People_Marching_People_Marching_10_People_Marching_People_Marching_10_368
25
600 135 59 80 0.99968064 
448 186 57 70 0.99964166 
729 113 60 80 0.99963856 
334 151 59 78 0.9994485 
43 100 62 80 0.9994068 
185 92 67 91 0.9993381 
859 173 69 86 0.9987264 
519 218 48 59 0.9946339 
400 152 42 61 0.9794773 
270 189 49 57 0.89605325 
661 186 43 54 0.624531 
933 226 30 43 0.6069147 
-1 181 35 53 0.48604956 
992 549 31 60 0.10614766 
933 197 10 14 0.055214636 
574 407 28 32 0.052323893 
906 204 49 62 0.03209628 
351 357 11 13 0.026264587 
432 462 29 34 0.025913402 
472 452 13 14 0.024527207 
585 382 34 32 0.02424296 
508 445 10 13 0.023850154 
462 424 49 58 0.023366718 
438 447 32 34 0.021507118 
924 205 28 37 0.020519052 
