10_People_Marching_People_Marching_2_404
415
605 231 26 31 0.99153626 
388 297 13 17 0.8846744 
271 263 22 27 0.8729811 
199 230 22 29 0.852206 
39 263 22 26 0.84821206 
157 295 16 19 0.79553276 
925 242 24 29 0.7393031 
340 278 13 17 0.7017001 
841 284 15 19 0.67405593 
822 264 9 12 0.37436017 
381 280 9 11 0.30377382 
414 305 7 10 0.25709358 
784 297 8 10 0.25673646 
158 233 13 17 0.25261766 
454 295 8 10 0.20922418 
1011 270 13 21 0.18923184 
164 219 14 17 0.18323153 
375 284 11 14 0.16822946 
103 265 21 27 0.15685512 
818 264 9 12 0.15619892 
936 247 16 21 0.15264916 
415 308 8 11 0.14858219 
919 242 16 20 0.14700983 
366 291 13 16 0.13654672 
158 207 10 11 0.13615572 
784 281 7 10 0.1315414 
319 270 13 17 0.12713885 
956 222 13 15 0.12402313 
409 303 9 11 0.12232634 
106 292 16 20 0.1190964 
613 184 14 18 0.11824025 
162 226 16 20 0.11172056 
821 286 9 12 0.10714928 
432 262 8 10 0.099586695 
455 270 7 9 0.09944736 
761 286 9 10 0.09915368 
910 243 11 15 0.09828231 
769 256 7 9 0.096635886 
871 258 11 14 0.09605846 
449 295 8 10 0.094685644 
829 268 10 13 0.09449335 
808 254 8 9 0.09377205 
790 285 8 10 0.09278531 
454 264 8 10 0.09230204 
888 244 10 13 0.090658605 
697 280 8 11 0.08846601 
901 240 11 16 0.08818726 
439 264 8 10 0.08611494 
106 277 17 22 0.08325273 
799 233 7 8 0.08220008 
439 326 10 12 0.08135093 
817 248 8 10 0.07936692 
455 288 7 9 0.079170585 
439 311 7 9 0.07896365 
743 296 8 10 0.07856392 
402 262 8 11 0.07801491 
471 287 8 9 0.0767854 
431 300 8 11 0.076466046 
522 195 12 15 0.07622432 
141 292 14 19 0.07535454 
263 231 11 15 0.075010344 
115 268 12 18 0.07397053 
422 293 11 14 0.073898025 
895 230 19 26 0.07314349 
841 232 8 10 0.0711677 
12 470 39 40 0.06977353 
409 308 10 11 0.0684602 
822 248 8 9 0.06825495 
422 288 9 12 0.06693557 
504 264 6 8 0.066590644 
472 295 7 9 0.06549655 
732 286 9 12 0.06530236 
497 263 7 9 0.06046188 
480 272 8 10 0.060348596 
489 305 7 8 0.060320687 
273 206 22 28 0.05980588 
470 271 8 10 0.05957128 
687 240 9 10 0.059169438 
670 268 12 16 0.05684602 
977 242 11 16 0.056777045 
983 237 11 14 0.05665797 
568 246 10 13 0.056536764 
902 205 9 11 0.05627105 
778 280 8 10 0.056258943 
149 291 16 21 0.056116983 
390 279 9 11 0.05549036 
438 302 8 10 0.055097416 
465 271 7 10 0.05397456 
761 293 8 10 0.053534918 
896 237 10 15 0.053420328 
937 233 16 21 0.05169262 
769 240 8 10 0.051088538 
963 227 12 16 0.050579548 
1007 282 11 17 0.0505109 
894 191 8 9 0.049990423 
778 214 8 10 0.04966549 
760 229 8 11 0.049602225 
801 238 8 9 0.049425334 
712 294 8 11 0.04865885 
672 246 10 13 0.048478752 
750 271 9 11 0.04847662 
786 254 8 10 0.048369423 
490 310 7 10 0.048362225 
271 252 21 25 0.047998097 
735 294 9 11 0.047787804 
267 234 12 15 0.047295906 
901 228 12 17 0.04717178 
744 288 7 9 0.04712528 
711 279 7 9 0.04692672 
855 255 8 11 0.04654846 
424 299 10 12 0.04650047 
880 212 10 11 0.04646701 
425 247 7 10 0.046190012 
958 234 13 17 0.04591573 
753 209 7 10 0.04546728 
471 280 7 9 0.045366704 
417 262 8 10 0.04504224 
419 288 8 10 0.044761293 
423 271 7 10 0.044743758 
306 243 14 19 0.04459662 
248 212 10 12 0.044592947 
341 271 12 16 0.042972278 
768 270 8 11 0.042954005 
448 268 8 10 0.04284208 
697 293 7 10 0.042817406 
394 295 11 14 0.04271635 
418 294 8 11 0.042671118 
464 313 8 9 0.042565335 
526 229 8 10 0.04243647 
849 269 8 11 0.042409834 
391 286 10 13 0.042147342 
360 277 10 13 0.041532617 
0 225 35 60 0.041231327 
440 319 9 10 0.04105903 
877 259 10 13 0.041052446 
494 255 7 9 0.041041758 
439 296 7 11 0.04103778 
791 281 8 10 0.0402485 
761 248 7 10 0.03998706 
430 256 8 10 0.039784256 
841 281 11 13 0.039567947 
750 247 7 10 0.03952737 
729 279 8 10 0.039348297 
365 270 9 12 0.038987163 
794 232 6 8 0.03884328 
449 287 8 10 0.038842853 
778 295 9 11 0.038749546 
256 243 10 13 0.038608797 
966 262 10 13 0.038514595 
829 264 8 11 0.03850044 
434 270 8 10 0.038169187 
365 278 11 14 0.037858646 
903 200 9 11 0.037828576 
736 300 8 11 0.037728075 
439 269 8 10 0.037556153 
677 251 11 13 0.037399076 
886 263 9 13 0.03714403 
979 205 16 20 0.03713438 
472 311 8 10 0.037090912 
846 237 9 10 0.037081037 
51 491 37 48 0.03703797 
384 255 9 11 0.037002992 
824 255 8 10 0.036630914 
423 261 9 11 0.036165018 
479 303 7 10 0.03616221 
973 284 11 14 0.03611673 
774 244 7 10 0.0360495 
496 311 8 10 0.035917237 
700 184 9 10 0.0358129 
973 230 11 15 0.03555877 
788 295 9 11 0.035491776 
353 230 9 11 0.035459053 
904 223 11 12 0.035381425 
415 248 7 9 0.03528276 
1005 289 14 20 0.03509547 
271 210 14 18 0.0350562 
464 295 8 10 0.03497432 
100 247 17 19 0.034740526 
465 286 6 9 0.034605067 
837 268 9 11 0.034330644 
909 250 11 17 0.034246836 
680 287 8 10 0.03422579 
793 222 8 10 0.034121864 
806 238 7 9 0.03410422 
816 240 7 9 0.033960216 
785 248 7 9 0.03382449 
845 233 8 10 0.03381947 
768 246 7 10 0.033760328 
789 254 9 12 0.033710152 
308 239 11 14 0.03362254 
448 302 8 10 0.03359182 
676 269 11 14 0.03347589 
702 280 7 10 0.03341053 
345 261 10 13 0.03334211 
873 199 8 10 0.033172693 
159 209 13 17 0.03311516 
703 285 10 14 0.03307348 
361 292 12 15 0.033037882 
430 247 8 10 0.033029698 
256 236 11 15 0.032929763 
743 230 8 10 0.032884102 
745 277 8 11 0.0325155 
694 240 8 9 0.03241903 
425 255 8 10 0.03238988 
687 270 8 11 0.03222285 
572 181 9 11 0.032189887 
967 254 9 11 0.032068945 
788 300 10 11 0.0320582 
496 305 7 9 0.032009717 
759 208 7 10 0.031959828 
765 279 9 11 0.03184652 
440 286 8 10 0.031629004 
164 207 10 13 0.031360842 
11 355 14 18 0.031279918 
808 248 7 10 0.0312284 
502 312 7 9 0.030921701 
898 206 9 11 0.030775832 
574 206 11 14 0.030772993 
181 327 13 17 0.030717023 
255 228 11 15 0.03070565 
785 262 8 10 0.030415671 
694 256 10 12 0.03018902 
482 246 7 9 0.030182792 
270 244 13 17 0.03014864 
988 219 12 15 0.030107506 
821 275 11 13 0.030095713 
264 220 21 29 0.030015742 
240 223 10 13 0.029923877 
866 245 8 11 0.029885894 
983 262 10 13 0.029832963 
885 277 9 12 0.029732335 
464 318 7 9 0.029577686 
953 216 9 13 0.029472833 
407 331 10 13 0.029382495 
416 256 7 9 0.029380178 
636 251 13 17 0.029016145 
906 234 20 28 0.029000185 
884 207 10 12 0.028981905 
481 264 7 8 0.028977906 
881 279 8 10 0.02890768 
447 311 7 9 0.028744202 
872 267 10 12 0.02871737 
390 261 8 10 0.028681278 
761 254 7 9 0.028668905 
888 267 10 14 0.028657543 
792 238 8 10 0.02860027 
434 310 8 10 0.02841 
270 217 13 18 0.028388053 
861 271 9 10 0.028320167 
383 272 10 12 0.028261382 
778 285 8 10 0.028238855 
687 254 10 13 0.02806677 
987 230 13 17 0.027970072 
400 268 9 10 0.027735984 
750 302 7 9 0.027567 
890 191 8 9 0.027453423 
21 249 29 36 0.027411886 
728 223 7 9 0.027382279 
262 272 14 18 0.027360354 
719 277 7 9 0.027341038 
717 295 8 10 0.02731865 
490 254 7 10 0.027270138 
818 259 19 23 0.027194425 
790 197 10 13 0.027184771 
766 224 7 10 0.026970731 
689 261 8 10 0.026840867 
527 280 9 11 0.026816897 
482 240 7 9 0.02668443 
864 216 8 11 0.026659507 
809 261 8 11 0.026639206 
27 309 16 22 0.026617993 
464 279 8 11 0.026571684 
599 233 16 21 0.026448525 
936 231 12 13 0.026429063 
367 239 9 11 0.026378794 
854 270 9 10 0.026111662 
778 300 9 12 0.026065268 
242 285 18 25 0.026038608 
372 301 10 12 0.025993396 
264 256 21 27 0.02596845 
457 247 8 10 0.02587382 
361 264 9 11 0.02582717 
750 295 8 10 0.025822487 
823 189 10 12 0.025692951 
980 197 12 14 0.025633374 
733 280 8 10 0.025633313 
847 264 8 10 0.025626695 
760 192 7 9 0.025557958 
472 301 8 10 0.025475156 
448 279 8 10 0.025369199 
542 181 12 15 0.025286132 
775 262 7 9 0.025092518 
407 295 9 12 0.025088903 
746 247 8 10 0.025056414 
455 311 8 10 0.02500854 
974 275 13 18 0.024919018 
374 309 9 11 0.024896061 
877 199 9 10 0.024893768 
376 272 8 10 0.024877485 
773 256 8 9 0.024847018 
718 302 7 10 0.024652487 
950 235 12 16 0.02458097 
798 301 8 10 0.02457797 
343 301 10 13 0.024549669 
326 293 9 11 0.024549041 
369 279 18 23 0.024513457 
746 253 7 10 0.024471417 
282 206 16 19 0.024321137 
478 288 7 9 0.024309589 
100 258 18 22 0.024204334 
774 270 9 11 0.024190633 
69 275 14 16 0.024048775 
319 279 13 17 0.024030928 
663 213 8 11 0.023968175 
695 215 10 12 0.02396458 
823 205 9 11 0.023924798 
135 296 14 17 0.023922227 
409 248 8 9 0.023851736 
31 272 14 18 0.023825016 
325 282 13 17 0.02358216 
536 303 7 10 0.023371609 
488 264 7 8 0.023328476 
183 261 12 16 0.023292644 
1001 263 23 31 0.023291752 
853 238 8 11 0.02328749 
360 284 11 14 0.023267962 
418 269 8 11 0.02326195 
801 245 9 10 0.023235757 
730 291 9 12 0.023173695 
744 271 9 12 0.023166837 
209 231 21 28 0.023123913 
829 222 9 10 0.023039803 
866 239 7 10 0.022997484 
790 246 8 11 0.022964546 
920 207 9 11 0.022886215 
737 264 6 9 0.022843285 
478 296 8 9 0.022803577 
165 229 20 26 0.022761576 
829 247 8 10 0.022696542 
768 261 8 9 0.022689186 
1012 263 12 18 0.022676341 
519 246 9 10 0.02257695 
559 183 8 11 0.022517374 
327 300 9 12 0.02248783 
391 233 7 9 0.022456639 
709 286 9 12 0.022433534 
791 261 8 11 0.022175454 
465 264 7 10 0.022141028 
440 255 7 10 0.022097353 
981 383 21 27 0.022095086 
695 270 8 10 0.022077342 
574 220 11 13 0.021947742 
665 262 19 26 0.021946503 
953 228 11 14 0.02188439 
781 206 8 12 0.021834066 
979 283 13 17 0.021790527 
510 264 8 10 0.021667065 
728 272 7 9 0.021650111 
655 297 10 12 0.021603463 
175 329 14 18 0.021591758 
955 219 21 26 0.021584094 
485 270 8 11 0.021547008 
302 223 10 13 0.021531101 
456 278 9 12 0.021421727 
689 198 8 10 0.021386039 
864 262 8 10 0.021347458 
529 304 7 9 0.021271078 
487 247 7 9 0.021266736 
520 239 8 10 0.021255808 
406 268 9 11 0.021170076 
981 225 22 28 0.021148218 
945 230 20 28 0.021145795 
261 260 13 18 0.021134079 
864 191 7 10 0.021089561 
260 242 12 15 0.021061806 
870 238 9 11 0.020983392 
122 267 13 18 0.020946436 
679 229 8 11 0.020899307 
533 285 8 11 0.020838311 
817 276 9 11 0.02083423 
309 311 10 14 0.020805016 
366 263 9 10 0.020797404 
941 206 11 13 0.020761773 
880 247 9 11 0.020739637 
254 333 12 16 0.020716887 
775 309 9 11 0.02067101 
543 303 8 10 0.020660486 
522 229 8 11 0.020657187 
761 238 7 9 0.020630531 
736 230 8 10 0.020621073 
752 253 7 9 0.020577647 
96 275 13 16 0.020540219 
851 283 12 16 0.020540064 
22 322 12 16 0.020527735 
328 216 8 10 0.020452794 
878 285 9 12 0.020400466 
265 206 9 13 0.020383168 
422 318 7 10 0.020338671 
753 264 8 10 0.020324532 
987 241 14 17 0.020303402 
873 286 8 11 0.020281335 
750 277 8 11 0.020268727 
345 282 11 15 0.02023441 
276 280 24 29 0.02023066 
736 223 7 10 0.020200428 
955 20 12 15 0.020199237 
487 238 7 10 0.020194039 
665 253 9 13 0.020193303 
643 261 11 14 0.020150699 
30 393 10 12 0.020143531 
806 295 8 11 0.020105843 
49 261 23 27 0.020102372 
420 310 9 10 0.020083731 
752 239 6 9 0.02002923 
153 210 10 14 0.020003174 
