10_People_Marching_People_Marching_2_36
301
813 329 35 39 0.9953015 
649 304 28 34 0.99378526 
948 330 39 45 0.992535 
697 302 30 39 0.9922646 
751 315 31 36 0.9905296 
557 324 32 38 0.9900567 
303 334 34 40 0.9853681 
501 318 29 37 0.98450154 
428 302 28 36 0.9739354 
254 320 33 40 0.9537336 
385 294 26 34 0.95267195 
10 311 19 20 0.9442214 
31 287 17 21 0.94166744 
50 408 15 18 0.921622 
673 269 17 20 0.8971471 
593 273 21 27 0.8963062 
119 288 27 33 0.8889323 
852 289 19 22 0.8845698 
899 302 15 20 0.8592952 
223 316 28 34 0.843231 
828 290 18 21 0.81020564 
471 306 28 36 0.7777123 
151 304 29 35 0.7229039 
130 292 25 33 0.6276356 
926 292 16 20 0.6156675 
140 299 29 33 0.6006365 
93 309 14 19 0.58676606 
973 295 15 18 0.49715647 
356 287 24 28 0.48303166 
107 414 13 16 0.46528608 
959 280 15 18 0.46030536 
315 289 26 30 0.4455443 
267 318 35 35 0.42797053 
1005 291 15 19 0.36398962 
629 297 15 19 0.3621387 
572 319 30 33 0.3435724 
568 290 16 17 0.33574885 
356 313 26 32 0.3341018 
10 344 14 18 0.32517025 
114 288 19 26 0.31199363 
611 323 23 30 0.302539 
637 293 14 18 0.30223745 
486 316 30 36 0.30077136 
942 287 15 20 0.2974785 
28 338 20 26 0.2683866 
60 378 11 15 0.23844077 
77 374 13 17 0.23697785 
60 238 13 17 0.22723944 
524 283 25 27 0.20147245 
665 332 26 30 0.19666487 
141 429 10 12 0.19251114 
970 334 34 36 0.16216333 
188 313 26 31 0.1594331 
318 334 34 37 0.1566044 
432 451 14 17 0.15583397 
513 313 30 35 0.15345405 
365 289 26 32 0.14366296 
888 326 29 39 0.13938478 
404 318 23 30 0.13742018 
232 319 33 37 0.13521658 
615 307 22 28 0.13021177 
826 326 37 37 0.12641713 
533 276 24 29 0.11659847 
947 284 16 19 0.11242908 
347 287 22 29 0.1106225 
258 230 16 18 0.110180266 
719 282 13 15 0.108943515 
751 226 24 30 0.10764187 
136 439 10 11 0.10597092 
810 287 26 32 0.10460057 
356 296 29 35 0.10434501 
398 451 13 18 0.102395475 
48 223 9 11 0.101087436 
102 295 26 33 0.0999344 
620 300 16 18 0.09431351 
334 287 21 27 0.090680726 
304 280 24 33 0.09018797 
329 289 17 22 0.0891972 
31 335 14 17 0.08806479 
394 303 28 33 0.08583235 
964 284 19 24 0.08133264 
42 246 8 11 0.08047126 
692 285 13 16 0.08041418 
0 393 9 15 0.08035214 
56 372 14 16 0.077708416 
19 337 19 25 0.07742792 
28 403 15 18 0.076655075 
684 308 27 32 0.07396868 
174 339 16 20 0.07396531 
62 233 10 13 0.07193978 
623 301 22 26 0.07060798 
206 315 30 32 0.069863655 
622 231 15 19 0.06847301 
437 444 13 19 0.06698562 
638 290 24 30 0.06627479 
870 315 12 16 0.06583331 
12 451 13 16 0.06467654 
486 227 17 21 0.06331694 
742 465 11 16 0.062768616 
416 310 27 35 0.061990116 
887 298 26 29 0.06071934 
122 403 12 16 0.058955796 
544 271 26 29 0.058454014 
592 286 23 29 0.0583981 
111 286 15 20 0.057397153 
0 350 9 16 0.05737019 
99 437 15 18 0.056300536 
772 348 26 32 0.055708896 
998 284 14 18 0.055512965 
763 335 32 39 0.05415861 
958 407 13 17 0.054028045 
20 430 12 16 0.05383927 
558 297 16 19 0.05371734 
670 446 9 12 0.05371698 
710 301 32 35 0.05255138 
104 407 12 15 0.052518975 
28 373 16 20 0.05177958 
517 290 25 28 0.051725447 
750 321 18 23 0.051103935 
-2 326 7 12 0.05066494 
109 238 13 14 0.050285228 
941 327 13 19 0.04976177 
684 218 11 13 0.049674414 
4 405 10 13 0.049667243 
29 238 8 10 0.049583744 
723 339 18 22 0.048638754 
17 247 10 12 0.048402157 
333 328 27 36 0.048235875 
205 461 9 12 0.04802103 
631 275 10 13 0.047057945 
30 254 8 10 0.046853285 
403 443 13 17 0.045632645 
135 443 10 12 0.04552958 
53 221 8 11 0.045433685 
580 293 14 17 0.04496757 
59 366 12 15 0.044749632 
6 246 9 12 0.044295732 
299 273 45 51 0.043829784 
299 280 16 21 0.043356966 
546 287 15 18 0.04291089 
794 325 24 32 0.042836275 
112 207 10 11 0.04280095 
122 321 16 21 0.041914783 
931 284 20 26 0.041880727 
637 305 25 31 0.041267563 
168 309 32 31 0.041055437 
466 211 14 18 0.041034326 
781 342 26 34 0.0410229 
23 449 14 18 0.04046865 
603 296 23 30 0.04043351 
902 262 8 10 0.03982382 
273 302 33 39 0.039721586 
737 222 24 29 0.039566677 
124 409 13 15 0.03936646 
62 384 12 15 0.039358255 
687 201 11 13 0.038932636 
73 371 13 16 0.038382653 
497 201 473 520 0.03815186 
1000 277 13 16 0.037877135 
314 285 17 23 0.037274063 
761 233 16 20 0.037258573 
9 334 12 15 0.036864977 
586 294 17 20 0.03652488 
349 191 13 16 0.036260094 
81 225 10 11 0.03598729 
206 332 26 30 0.035900366 
100 426 15 18 0.035764914 
765 281 12 14 0.034981884 
686 237 12 16 0.03460822 
139 434 12 14 0.034506284 
675 320 27 32 0.033993084 
5 251 10 13 0.033957478 
152 421 11 13 0.033521373 
553 282 15 18 0.033470586 
787 294 12 14 0.03334835 
105 316 22 28 0.0330195 
636 277 13 16 0.03294896 
305 275 15 18 0.03266004 
159 289 54 58 0.032615285 
580 265 13 17 0.032351676 
766 311 31 35 0.032347746 
558 298 26 30 0.03213075 
666 307 28 28 0.03151415 
805 294 17 23 0.030813819 
280 347 27 34 0.030352125 
165 322 29 30 0.030103901 
156 431 12 15 0.029557299 
527 315 26 34 0.029118499 
620 367 11 14 0.029111221 
978 285 15 18 0.029078161 
350 318 16 22 0.028929923 
68 387 13 16 0.028792406 
684 305 17 21 0.028761478 
424 329 25 35 0.028008677 
89 301 11 15 0.02794443 
22 251 9 11 0.027843159 
711 279 23 24 0.027813148 
452 331 16 20 0.02775989 
743 320 14 21 0.027673408 
946 293 17 21 0.027668111 
24 232 9 10 0.027544688 
114 418 15 19 0.02750023 
690 290 26 34 0.02745569 
98 309 22 28 0.027402963 
820 284 19 25 0.027301306 
60 420 12 15 0.027237436 
85 229 9 11 0.027161704 
990 291 12 16 0.02705066 
783 239 9 12 0.027043471 
369 315 15 22 0.026821433 
300 483 33 43 0.02680856 
70 367 12 14 0.02655422 
589 228 12 16 0.02628814 
77 422 11 13 0.026218256 
5 332 22 27 0.026120903 
857 287 22 31 0.025903912 
293 288 14 18 0.025896646 
116 410 13 16 0.025797838 
370 284 16 20 0.025753064 
150 428 11 14 0.02550852 
646 312 40 45 0.02540685 
1004 300 16 22 0.025402704 
29 428 12 15 0.025362657 
819 299 33 42 0.025300926 
782 321 26 33 0.025210524 
893 295 16 20 0.025153942 
49 238 10 12 0.025087036 
397 414 11 13 0.02507843 
157 356 12 16 0.025072427 
71 422 11 14 0.02491778 
872 302 23 31 0.024863027 
380 381 12 16 0.024862854 
739 300 13 19 0.024835907 
290 334 31 37 0.02468729 
347 336 14 22 0.024651323 
716 343 16 19 0.02457862 
544 261 12 12 0.02434935 
955 296 15 18 0.024322914 
411 292 17 21 0.024283394 
775 290 28 32 0.024151133 
540 348 12 17 0.024144446 
643 287 14 19 0.023991663 
35 403 14 19 0.023942465 
337 414 28 34 0.023942338 
67 245 10 12 0.023930132 
62 427 10 12 0.023910465 
1 254 8 12 0.0238314 
593 326 17 22 0.023783023 
445 320 29 35 0.023762558 
142 282 47 55 0.023725137 
791 285 28 34 0.023682697 
812 301 16 20 0.023659462 
724 298 25 32 0.023624133 
574 218 13 15 0.023564419 
801 323 16 22 0.023553953 
605 328 15 23 0.023244632 
349 322 25 39 0.023133785 
347 274 15 17 0.023131002 
506 273 14 17 0.023080587 
287 321 19 22 0.022796465 
387 165 22 32 0.022716394 
738 213 40 48 0.02263679 
22 409 13 16 0.0226161 
988 419 29 31 0.022553572 
203 308 51 50 0.022469506 
0 409 10 15 0.022435583 
481 300 20 26 0.022321189 
428 342 16 21 0.022192854 
256 392 11 15 0.022145629 
985 287 22 27 0.022104764 
577 298 25 32 0.02210109 
85 359 24 30 0.022066753 
773 237 11 14 0.022064384 
293 270 26 33 0.021919418 
88 294 10 14 0.02188384 
124 398 12 16 0.021810362 
609 281 15 19 0.021735784 
272 378 11 14 0.021328568 
28 436 12 15 0.021263285 
718 290 25 30 0.021242822 
153 435 11 14 0.021172017 
6 240 9 11 0.02103605 
863 320 13 19 0.0209648 
998 294 17 20 0.020849649 
11 420 16 19 0.020847917 
331 365 25 31 0.020758558 
47 369 12 17 0.020723306 
348 274 25 31 0.020675652 
680 216 11 12 0.020661114 
10 439 20 25 0.020632599 
40 241 8 10 0.020552693 
297 303 43 51 0.02051128 
524 347 24 33 0.020447666 
39 251 10 12 0.020370634 
973 295 24 28 0.02027714 
126 462 10 12 0.020263808 
890 322 18 25 0.020199815 
920 296 15 20 0.020115567 
99 299 17 22 0.020104358 
336 499 11 14 0.020102354 
428 432 22 29 0.020023782 
