10_People_Marching_People_Marching_10_People_Marching_People_Marching_10_People_Marching_People_Marching_10_162
578
389 309 25 26 0.9776593 
411 113 15 18 0.71079695 
434 290 28 31 0.6254348 
981 179 24 35 0.58785224 
659 39 18 21 0.5165403 
356 210 15 19 0.4183942 
839 349 10 12 0.39174467 
576 135 17 23 0.3767938 
498 92 14 17 0.30593288 
358 159 11 14 0.28445047 
778 90 16 20 0.2757007 
993 185 27 36 0.23367554 
337 275 17 19 0.23229636 
614 63 22 27 0.22848581 
658 333 15 17 0.22756213 
605 55 11 15 0.2249478 
571 80 14 19 0.22057325 
911 22 11 13 0.21846156 
711 16 16 22 0.20837942 
142 275 17 19 0.20407984 
286 221 12 14 0.19914319 
380 147 12 14 0.19581714 
729 99 28 34 0.17872566 
677 152 16 20 0.17589954 
169 255 23 30 0.17466326 
758 50 15 19 0.16996175 
357 299 10 14 0.16614439 
73 318 16 16 0.16587509 
452 124 14 18 0.16529767 
846 329 16 18 0.16170895 
474 311 22 24 0.16098857 
673 296 17 19 0.15490592 
179 265 14 16 0.1543802 
209 258 11 16 0.1500701 
465 96 15 18 0.13565841 
56 317 10 14 0.13511334 
279 220 11 13 0.13158727 
530 138 13 15 0.13155143 
352 152 9 12 0.123052895 
700 282 15 20 0.122726515 
623 55 21 27 0.12258245 
371 269 12 14 0.120016515 
420 231 12 13 0.11704238 
629 49 17 21 0.11605681 
169 310 22 29 0.11437277 
260 235 11 15 0.11287097 
308 283 14 20 0.11275357 
649 210 15 20 0.1100104 
828 319 14 18 0.10489964 
831 88 27 35 0.10291473 
594 183 16 19 0.102313384 
522 274 19 20 0.102131516 
941 25 15 18 0.09552147 
707 284 17 20 0.09496254 
354 155 10 14 0.09307357 
498 270 20 29 0.091530174 
61 356 13 17 0.0911271 
714 288 16 18 0.09030638 
829 19 14 17 0.090303056 
444 218 11 14 0.087893836 
844 84 12 16 0.08632585 
734 0 14 13 0.08503028 
237 317 12 14 0.08401535 
967 90 13 16 0.083761506 
498 162 14 16 0.08315204 
259 326 13 15 0.08107908 
570 259 13 17 0.07972836 
153 260 26 31 0.07849266 
253 324 13 15 0.07734516 
549 100 13 16 0.076689176 
61 342 9 12 0.076104864 
446 322 13 15 0.07459133 
790 58 14 19 0.07374441 
271 221 11 13 0.07359755 
789 229 12 15 0.07324275 
86 334 10 13 0.0722399 
754 265 27 35 0.07172767 
63 305 26 29 0.07054326 
949 112 9 11 0.07010317 
284 295 14 18 0.06909489 
882 61 16 21 0.06865643 
599 58 14 19 0.06801529 
391 130 11 14 0.06753144 
108 299 14 15 0.06701431 
910 1 13 11 0.066729635 
716 213 22 30 0.06598039 
331 358 13 17 0.06526428 
714 72 16 22 0.06514686 
726 1 15 17 0.06493821 
309 277 14 17 0.06262316 
937 26 12 15 0.062268708 
980 3 19 18 0.061082512 
750 0 13 11 0.060573976 
831 174 12 16 0.059682284 
95 333 12 14 0.05914675 
88 175 23 29 0.058801875 
604 57 21 29 0.057589617 
516 280 16 19 0.05725281 
1010 55 13 23 0.05704987 
870 324 11 14 0.056959633 
61 317 12 14 0.05691644 
347 350 17 21 0.056868862 
837 88 16 20 0.056333885 
382 271 11 14 0.056331832 
181 274 25 28 0.056045197 
315 206 11 15 0.0557613 
905 80 21 28 0.055514976 
439 306 24 29 0.055458073 
539 155 18 21 0.05493229 
188 277 14 16 0.054741904 
276 296 14 20 0.05455163 
483 179 14 18 0.054408424 
245 245 12 14 0.054149583 
649 180 15 20 0.053702112 
519 151 10 13 0.05358634 
515 178 26 31 0.053580582 
54 221 11 16 0.05309011 
100 293 17 19 0.05302216 
244 361 14 19 0.053001467 
0 422 10 15 0.052729543 
755 0 14 14 0.052375294 
37 326 14 16 0.052154858 
908 134 23 30 0.052014098 
145 272 28 30 0.05191216 
187 268 14 14 0.05177838 
274 305 15 19 0.05147764 
634 55 17 22 0.05145869 
831 317 21 26 0.05144042 
983 37 23 30 0.05113674 
774 94 16 23 0.05104611 
560 252 21 29 0.050307218 
452 331 11 13 0.050244596 
367 311 12 15 0.049829476 
468 316 17 18 0.04978944 
972 186 28 37 0.049750272 
800 315 12 15 0.049138837 
62 335 9 12 0.049078375 
231 315 13 15 0.048859883 
721 147 16 19 0.0487451 
499 208 15 18 0.04869069 
492 148 12 14 0.0484279 
908 111 14 16 0.04832211 
730 139 16 18 0.04813874 
524 147 13 16 0.047928434 
805 110 12 14 0.047432292 
278 313 13 16 0.047333628 
751 48 15 19 0.04701274 
207 255 20 30 0.046891905 
853 3 14 16 0.04688897 
1001 1 20 19 0.046563666 
350 294 13 16 0.046300124 
725 255 21 33 0.04585353 
402 310 26 31 0.04570929 
875 82 15 18 0.0455299 
56 293 26 29 0.04547051 
965 97 15 20 0.045285128 
672 155 14 17 0.045258265 
386 169 14 16 0.045046844 
956 151 30 37 0.04460629 
276 236 12 14 0.044523284 
690 23 17 20 0.044332214 
195 267 13 15 0.044321258 
566 283 14 19 0.044097796 
638 324 26 29 0.044016782 
248 324 11 14 0.044010486 
783 -1 13 12 0.04395986 
656 18 22 27 0.04371942 
360 374 11 14 0.043556813 
536 275 16 18 0.043520845 
416 109 15 18 0.043438833 
864 322 12 15 0.043068845 
573 127 15 21 0.042913865 
332 202 21 29 0.04276151 
29 342 11 14 0.042395625 
315 326 13 16 0.04239262 
850 337 14 15 0.042296696 
883 82 13 18 0.041859645 
725 222 29 31 0.0416861 
115 308 15 17 0.041525196 
463 320 14 17 0.041393533 
805 350 10 13 0.041052513 
246 342 9 12 0.04078552 
650 203 25 33 0.040720493 
271 228 11 15 0.040707234 
183 282 14 18 0.040476277 
179 262 25 27 0.040209357 
652 44 21 25 0.0400467 
264 223 11 14 0.039613076 
807 3 13 16 0.039332625 
405 154 16 22 0.03928405 
30 334 11 13 0.039257534 
25 336 10 12 0.03916702 
78 328 13 15 0.03894315 
926 256 26 30 0.038942967 
515 171 17 20 0.03882098 
115 302 13 15 0.038596544 
464 257 23 35 0.03856477 
631 241 15 19 0.03843938 
464 206 27 29 0.03836896 
388 278 11 13 0.038349874 
885 54 14 16 0.03825066 
142 334 10 12 0.03818376 
506 91 12 16 0.03792695 
660 81 19 21 0.037419505 
892 49 12 16 0.037357926 
963 165 33 42 0.03734382 
697 312 51 60 0.03729017 
781 40 15 18 0.03728789 
528 184 17 23 0.037275314 
939 176 27 36 0.037232548 
972 87 13 17 0.037217073 
196 337 11 14 0.037034664 
926 30 9 13 0.03696226 
46 323 13 16 0.036907457 
477 92 11 15 0.036870442 
323 292 15 20 0.03684835 
461 101 15 20 0.036669113 
902 125 38 47 0.036615938 
246 333 11 13 0.036389705 
510 156 14 17 0.036299955 
467 205 15 18 0.036186535 
327 384 10 13 0.035818197 
934 92 15 18 0.035813108 
356 166 15 18 0.03580621 
381 153 13 16 0.035761725 
91 291 28 31 0.035451435 
634 247 17 18 0.035362825 
659 186 16 19 0.035273723 
496 155 13 17 0.035179455 
233 310 24 26 0.034975342 
519 187 27 35 0.034973748 
826 12 12 16 0.034884863 
351 196 11 14 0.03465695 
294 307 15 18 0.034463212 
88 339 9 11 0.034458846 
676 142 16 20 0.03444574 
138 287 28 32 0.03436323 
621 51 15 18 0.03432602 
597 176 24 28 0.034317393 
936 51 14 17 0.034316014 
930 278 33 39 0.034304313 
241 348 22 28 0.03425639 
643 56 16 21 0.034256257 
594 115 15 19 0.034182455 
84 180 16 21 0.03408187 
890 329 29 37 0.034078617 
355 351 12 16 0.034018084 
548 256 24 33 0.03400348 
244 349 13 17 0.0337482 
423 307 25 32 0.033700414 
347 203 20 27 0.03359732 
772 40 16 20 0.03353249 
970 145 23 31 0.032986786 
842 101 16 21 0.0329855 
176 267 45 50 0.032955427 
635 60 22 28 0.032917436 
291 300 14 17 0.032898754 
427 131 16 19 0.032883886 
318 186 12 14 0.032850295 
445 343 12 14 0.03283629 
947 165 30 40 0.032835573 
765 262 33 43 0.03281028 
763 44 16 21 0.032771673 
628 319 26 29 0.032650854 
516 161 15 17 0.032538593 
644 332 14 16 0.03249717 
517 325 13 15 0.032491177 
980 189 38 53 0.03248799 
396 131 12 15 0.032382995 
95 340 11 12 0.032379556 
299 298 17 20 0.032370042 
258 162 17 20 0.03227745 
224 316 11 14 0.032275528 
903 3 13 15 0.032155294 
761 322 24 33 0.032070264 
837 337 20 25 0.032062117 
580 89 14 21 0.031955775 
787 37 12 16 0.031842478 
627 307 45 50 0.031825118 
916 27 12 15 0.031497896 
591 281 11 15 0.031445183 
526 134 20 25 0.031434882 
770 50 15 19 0.03143439 
893 79 15 20 0.031297516 
974 106 22 28 0.031216415 
240 331 11 13 0.031120345 
414 314 23 28 0.031087466 
499 287 17 20 0.03108197 
738 17 17 22 0.03089066 
807 37 12 16 0.030863242 
638 78 14 20 0.030815106 
715 151 18 22 0.030776117 
387 146 13 15 0.030734967 
988 85 11 14 0.030734234 
880 3 13 15 0.03066535 
890 138 13 17 0.030651325 
691 48 17 19 0.030648861 
270 331 13 16 0.030596606 
817 342 10 12 0.030592006 
961 194 29 35 0.030586567 
311 285 20 27 0.030541504 
276 229 12 15 0.030340208 
876 133 25 29 0.03030808 
199 266 25 33 0.030284122 
529 144 22 25 0.030247552 
506 157 23 27 0.030199794 
478 176 23 28 0.03017581 
781 50 15 18 0.030107437 
978 0 32 31 0.030059446 
701 16 21 26 0.030040188 
612 51 13 16 0.029971626 
783 60 13 17 0.029921899 
1012 177 11 18 0.029710952 
327 283 24 27 0.02965802 
284 287 23 30 0.029648155 
486 92 12 16 0.029578457 
740 48 14 18 0.029488863 
842 88 25 31 0.02946733 
884 73 14 19 0.02941559 
793 16 15 19 0.029330404 
417 235 12 13 0.029183574 
837 323 13 15 0.029104607 
679 179 13 18 0.028946647 
948 24 10 13 0.02894075 
907 33 12 17 0.02876428 
649 322 26 32 0.028678242 
507 280 15 20 0.028564917 
502 181 27 33 0.028554825 
869 309 12 15 0.028443543 
446 297 19 21 0.02844175 
523 154 13 15 0.028241301 
807 355 10 12 0.028228886 
60 315 23 26 0.028145447 
241 341 10 12 0.028069688 
109 321 12 15 0.028044255 
79 341 10 11 0.02794671 
389 243 13 15 0.027920965 
298 313 15 18 0.027911043 
892 66 15 20 0.027869321 
451 222 26 29 0.027754446 
861 331 12 15 0.02772921 
925 322 32 45 0.027674954 
691 271 25 35 0.027603958 
733 50 15 19 0.02758229 
354 163 11 14 0.02747398 
891 1 12 11 0.027467208 
536 159 25 30 0.027343396 
662 178 14 19 0.027301071 
368 270 19 24 0.027299829 
708 79 18 22 0.027294276 
508 299 12 15 0.027280197 
246 319 23 25 0.027172238 
55 333 10 14 0.02705617 
739 244 15 16 0.02691319 
110 313 14 16 0.0268151 
173 281 13 17 0.026787987 
540 262 23 29 0.0267409 
574 230 12 16 0.026630413 
449 117 12 15 0.026591428 
738 256 21 32 0.026533153 
277 298 22 28 0.026496569 
283 316 13 17 0.026457716 
37 348 9 12 0.02645116 
658 294 26 32 0.026429594 
565 201 16 20 0.026413538 
55 297 14 16 0.026374724 
167 274 26 30 0.026220774 
559 303 10 13 0.026220446 
342 310 11 15 0.026204482 
863 74 11 13 0.026175296 
396 277 13 15 0.026134413 
578 179 13 17 0.026075372 
216 342 11 13 0.026072212 
718 143 13 15 0.026045114 
566 325 14 18 0.026009962 
825 182 11 15 0.025945539 
381 381 9 11 0.02585578 
948 115 12 14 0.025855768 
968 82 21 28 0.025834212 
850 83 12 15 0.025830178 
132 243 23 33 0.025810223 
405 357 12 14 0.025807057 
60 308 15 18 0.025797818 
848 12 11 14 0.025793593 
230 245 11 14 0.025723906 
613 163 28 36 0.025692703 
824 8 20 26 0.025692482 
432 377 14 17 0.02567217 
842 77 22 28 0.02565476 
182 275 13 16 0.025640063 
690 164 13 16 0.025530742 
732 11 17 20 0.025507383 
375 287 12 15 0.025483081 
824 358 10 12 0.025472686 
82 323 12 16 0.025468482 
47 315 21 26 0.025443787 
878 75 22 28 0.025366277 
495 188 23 29 0.025314342 
619 178 18 23 0.025306223 
812 108 12 14 0.025303157 
658 198 17 24 0.02524087 
871 67 23 28 0.02523143 
275 215 19 24 0.02522228 
869 67 15 18 0.025207417 
164 281 14 18 0.0251907 
207 273 12 17 0.025009999 
355 154 18 23 0.024999939 
580 235 12 16 0.024987562 
94 347 11 15 0.024905816 
440 396 11 15 0.0248996 
351 171 11 14 0.024887675 
620 252 12 15 0.024846733 
192 255 23 27 0.024835851 
748 266 16 22 0.024800241 
315 199 11 13 0.024773678 
56 362 11 14 0.024689347 
343 142 9 12 0.024686228 
895 73 23 28 0.024576541 
636 221 12 14 0.02452038 
606 169 45 49 0.024418848 
704 285 29 30 0.024418587 
557 310 12 14 0.024403827 
861 339 11 13 0.02439106 
57 347 12 15 0.024323275 
610 213 25 33 0.024271796 
525 165 27 30 0.024266023 
325 209 14 22 0.024261544 
328 189 9 12 0.024249379 
876 324 12 15 0.02415856 
632 177 24 34 0.024155937 
900 0 23 24 0.024131078 
413 117 22 25 0.023972135 
621 243 12 16 0.02396856 
106 297 25 26 0.023963975 
613 260 12 17 0.023944143 
170 301 17 21 0.023918768 
834 25 13 16 0.023878992 
193 275 16 19 0.02386577 
374 374 11 15 0.023825448 
656 17 417 517 0.023812851 
406 131 12 14 0.023769101 
723 61 21 28 0.023766706 
974 143 14 16 0.023757128 
724 292 12 16 0.02369367 
690 155 12 16 0.02367397 
556 270 14 19 0.023662658 
486 61 22 28 0.02361127 
731 58 15 21 0.023468254 
853 11 12 14 0.02341 
724 145 24 29 0.023364723 
426 319 16 20 0.023346432 
684 171 16 20 0.023331065 
868 76 15 18 0.023278812 
237 242 15 17 0.023267476 
352 295 19 23 0.02324749 
833 341 9 14 0.023237286 
830 330 10 13 0.023230366 
829 7 13 16 0.023202512 
375 152 13 16 0.02317791 
71 320 23 27 0.023165215 
156 279 27 32 0.023046121 
438 239 10 13 0.023016322 
602 106 24 30 0.023011351 
622 322 15 20 0.022975957 
76 303 27 30 0.022958675 
473 211 16 18 0.022937989 
675 178 23 29 0.022828165 
675 297 26 32 0.022746146 
484 119 17 22 0.022716498 
389 281 13 17 0.022710022 
858 315 22 27 0.022695195 
823 188 11 14 0.02268918 
651 54 15 20 0.02264208 
972 92 25 30 0.022638587 
678 279 26 33 0.022615915 
822 293 30 35 0.022608107 
691 53 25 30 0.022597115 
386 269 12 15 0.022525022 
868 118 27 34 0.022456713 
256 342 23 29 0.022447472 
669 161 15 18 0.022436239 
256 326 21 24 0.022425286 
970 201 17 22 0.02235203 
582 150 15 19 0.022335935 
492 186 13 17 0.022289192 
262 293 25 29 0.022247111 
341 197 13 15 0.022167742 
515 282 24 28 0.022163829 
506 155 46 54 0.02210494 
54 343 19 25 0.022052962 
276 323 13 16 0.021994231 
876 310 11 13 0.021984458 
136 256 25 35 0.021975536 
982 85 11 14 0.021974055 
74 165 38 46 0.021959271 
922 269 25 29 0.021941086 
771 102 17 24 0.021940595 
397 169 12 17 0.021933598 
853 159 23 28 0.021882204 
575 200 23 33 0.021868605 
357 286 11 13 0.02184252 
396 142 14 16 0.021831296 
95 298 13 15 0.021800108 
683 159 16 18 0.021770958 
841 313 25 31 0.021769162 
960 93 14 15 0.021762135 
697 24 17 21 0.021757076 
561 275 24 29 0.021708207 
649 187 24 33 0.021699008 
212 271 14 20 0.021695714 
392 337 12 16 0.021654312 
363 405 10 14 0.021641204 
721 7 21 26 0.0216403 
262 341 12 15 0.021631548 
788 229 22 26 0.02161389 
211 272 40 48 0.02159039 
908 109 25 28 0.021571284 
385 398 9 11 0.021489369 
64 285 42 46 0.021472333 
786 163 29 36 0.021445125 
755 386 11 15 0.021441702 
965 24 12 15 0.021433227 
609 351 10 13 0.021411398 
49 322 122 152 0.021365257 
538 308 13 16 0.021360483 
494 202 15 20 0.021334331 
883 234 40 46 0.021192024 
440 213 22 27 0.021171004 
54 221 24 28 0.021156974 
605 71 14 20 0.021093993 
870 340 10 12 0.02108808 
170 293 29 34 0.021048738 
693 107 13 19 0.020994866 
514 160 27 29 0.020994563 
122 309 14 17 0.02097116 
838 370 10 14 0.020929769 
481 267 27 30 0.02092805 
666 195 15 20 0.020891227 
693 146 12 16 0.020871164 
494 194 14 19 0.020868767 
729 237 28 30 0.020855395 
255 228 20 27 0.020847814 
634 228 14 16 0.020821448 
586 117 20 28 0.020818414 
659 88 24 28 0.02081615 
636 328 15 17 0.020741751 
506 309 13 16 0.020719398 
306 292 17 23 0.02070093 
614 253 12 15 0.020674972 
340 289 15 18 0.02067334 
634 138 17 20 0.020665316 
860 91 13 16 0.020653171 
739 145 16 18 0.020549167 
571 196 17 21 0.020543102 
379 283 14 17 0.020533925 
326 181 10 13 0.020516882 
324 269 24 29 0.020514548 
888 135 41 48 0.020444818 
477 173 14 18 0.020364987 
487 306 20 25 0.020359078 
906 15 21 27 0.020352783 
211 263 24 34 0.020329975 
135 325 11 14 0.020308565 
388 260 11 13 0.0202732 
495 164 23 30 0.020269608 
629 223 23 28 0.020258453 
803 105 21 24 0.020227995 
621 154 26 33 0.020192478 
541 72 16 21 0.020162843 
349 306 12 14 0.020159338 
676 302 47 52 0.02014939 
269 338 12 16 0.02012207 
584 97 15 19 0.020094378 
822 97 27 31 0.020069094 
716 156 24 31 0.020064857 
477 121 16 20 0.020047061 
961 29 12 14 0.02002813 
666 172 14 18 0.02000238 
