10_People_Marching_People_Marching_2_173
342
795 511 24 32 0.99844426 
317 485 11 15 0.9529189 
365 494 12 14 0.9514802 
858 513 17 21 0.94559556 
349 486 10 14 0.6526707 
759 499 9 11 0.62170357 
495 505 8 11 0.5767286 
383 493 9 12 0.44665936 
521 502 9 11 0.4453643 
281 494 9 11 0.40983766 
423 495 8 10 0.3983438 
674 504 8 11 0.3957412 
732 505 13 16 0.37380245 
455 496 9 11 0.34865272 
188 486 9 11 0.3147004 
575 518 10 12 0.29530883 
509 503 8 11 0.27961418 
250 491 10 12 0.26737264 
641 495 9 12 0.26255947 
672 534 12 15 0.26011625 
568 541 11 13 0.25398496 
253 487 10 12 0.25203913 
823 472 16 19 0.23468556 
979 518 13 16 0.23413464 
341 492 11 14 0.23289205 
167 488 9 11 0.22992224 
700 516 10 14 0.21549582 
520 496 9 11 0.21362098 
272 494 8 11 0.20162034 
939 498 15 19 0.20038286 
449 497 8 11 0.18844983 
947 504 17 21 0.16775474 
574 501 10 13 0.16660655 
975 485 9 11 0.15678948 
464 502 7 10 0.15280546 
440 501 8 11 0.1477338 
990 493 13 16 0.14754653 
301 458 11 15 0.14418639 
372 493 10 13 0.14262947 
614 503 9 12 0.14210409 
-3 731 40 39 0.13891637 
649 558 8 12 0.13402432 
614 509 10 12 0.1295541 
209 483 10 12 0.12792353 
388 494 8 11 0.12695503 
196 347 12 14 0.12487545 
597 477 9 11 0.11682112 
542 496 8 10 0.112040736 
416 464 9 12 0.1071596 
490 503 8 11 0.102253765 
112 486 8 11 0.10183965 
341 499 10 12 0.09890132 
144 488 10 12 0.0980408 
924 484 10 14 0.09741178 
750 544 13 21 0.09723529 
424 487 8 11 0.09699409 
709 501 16 20 0.0950484 
703 487 9 11 0.09385689 
936 495 12 16 0.09310361 
302 493 9 11 0.09280815 
590 508 10 12 0.08856584 
337 522 11 15 0.08665535 
237 487 8 11 0.084498815 
697 483 8 11 0.0807577 
224 499 9 12 0.07993862 
934 502 12 20 0.079554446 
756 532 16 23 0.07923345 
262 488 8 11 0.07819961 
693 495 9 13 0.07789662 
857 499 17 21 0.07700177 
656 504 8 10 0.0760271 
415 501 9 10 0.07401643 
779 515 14 18 0.073614836 
581 465 8 10 0.07301686 
645 499 9 11 0.07027416 
211 493 11 14 0.06918237 
442 496 7 11 0.068923704 
418 480 7 9 0.06748789 
1011 513 11 19 0.06719011 
486 519 10 13 0.06692733 
866 510 17 20 0.066133596 
926 479 10 14 0.06573178 
633 494 8 10 0.06539517 
264 493 9 11 0.06471705 
294 504 9 11 0.06424557 
575 509 11 12 0.06412558 
481 503 8 10 0.064002335 
990 518 10 14 0.06393974 
406 495 9 11 0.062589504 
974 492 11 14 0.06251067 
984 491 11 15 0.06190696 
1006 507 13 18 0.061556872 
418 486 8 10 0.06116662 
128 400 8 10 0.06100918 
697 511 10 14 0.06058321 
700 503 19 26 0.060051367 
148 487 10 11 0.05973845 
172 488 8 9 0.059354533 
874 513 13 17 0.05869984 
424 480 8 9 0.05733177 
812 492 12 17 0.056896158 
344 481 10 13 0.056075893 
703 531 13 17 0.055823732 
664 508 8 11 0.055740412 
965 500 11 17 0.054853834 
401 495 8 10 0.054152016 
362 493 10 14 0.053985186 
854 493 15 19 0.053192157 
976 526 20 24 0.05211861 
620 482 11 13 0.052035302 
303 487 8 11 0.051716603 
996 499 13 15 0.05169825 
581 502 12 14 0.051642116 
989 522 12 18 0.051102415 
956 500 14 18 0.050679673 
328 460 10 12 0.050541773 
968 546 11 14 0.05030295 
418 494 9 12 0.048461206 
194 344 10 12 0.0483757 
539 500 8 11 0.04818227 
760 525 20 26 0.0480717 
368 477 9 11 0.047330186 
286 500 10 12 0.04717584 
689 495 9 12 0.04709468 
969 536 20 25 0.04706205 
678 478 9 12 0.04640928 
474 524 9 12 0.046267614 
325 503 9 12 0.046162754 
185 482 8 10 0.046142597 
570 518 9 12 0.045940835 
469 503 8 10 0.045827433 
313 489 11 13 0.045796245 
166 396 10 12 0.04573679 
511 508 8 10 0.045614272 
561 471 8 9 0.045544345 
630 523 11 14 0.04536068 
213 481 9 11 0.045350287 
707 523 12 16 0.04500389 
478 524 10 12 0.044999667 
471 510 8 10 0.04491141 
904 527 11 14 0.044278648 
919 540 13 16 0.043511983 
350 509 13 15 0.04340253 
654 507 11 13 0.043285377 
429 479 8 10 0.042740025 
539 495 7 10 0.04261832 
665 504 7 10 0.042594712 
997 516 14 18 0.04241264 
764 496 9 12 0.0412925 
616 478 12 14 0.04119892 
525 496 6 10 0.04116198 
428 486 9 12 0.041052833 
376 487 9 12 0.040484097 
709 486 11 13 0.04035315 
551 488 8 11 0.040131547 
623 516 10 13 0.04009323 
104 445 8 10 0.040055376 
429 517 10 13 0.03976434 
343 482 18 23 0.039743602 
560 520 8 10 0.03896398 
200 480 8 10 0.03883997 
407 499 10 12 0.03874965 
462 496 7 10 0.03869218 
842 602 10 14 0.03817682 
944 493 18 20 0.038049437 
237 455 12 15 0.037423313 
294 492 9 12 0.03742155 
376 462 9 10 0.03732433 
511 496 9 11 0.037307747 
287 488 9 12 0.037203494 
665 496 8 10 0.037083443 
383 498 10 12 0.036986656 
117 487 8 10 0.03615383 
981 511 12 15 0.035847027 
998 506 15 17 0.03534549 
757 503 14 20 0.03523181 
104 438 10 13 0.034648176 
771 519 20 26 0.03455466 
186 490 9 12 0.03441 
517 487 9 11 0.03435138 
215 497 10 12 0.034268767 
742 544 14 21 0.03366241 
137 487 9 10 0.033402108 
377 452 9 11 0.03337357 
293 487 9 12 0.033328604 
262 341 13 17 0.033322252 
707 492 15 16 0.033263996 
162 492 10 10 0.033177372 
945 415 10 13 0.03271595 
581 485 11 13 0.03262891 
524 508 9 12 0.03257708 
231 493 8 11 0.032572534 
645 489 8 10 0.032462683 
320 507 11 13 0.032244895 
308 460 10 12 0.032125354 
351 502 10 13 0.03189672 
934 486 12 16 0.03175266 
595 508 10 13 0.031699944 
971 498 13 15 0.03162641 
731 544 17 20 0.031619906 
919 470 9 10 0.031506173 
514 486 8 11 0.031418018 
632 487 8 11 0.03131156 
421 464 8 10 0.031242512 
366 523 11 14 0.030963229 
132 467 11 13 0.030778239 
1006 521 12 17 0.030711409 
592 515 10 13 0.03064854 
910 461 8 11 0.030589277 
754 501 11 13 0.03047102 
567 479 9 12 0.03046192 
988 535 15 19 0.030017149 
640 489 9 12 0.02983801 
199 485 9 10 0.029829206 
340 517 13 16 0.029371204 
104 487 9 12 0.02933374 
295 455 11 16 0.029177954 
145 408 9 10 0.029132282 
688 479 8 12 0.028975077 
505 497 8 11 0.028911296 
750 487 8 11 0.028810216 
567 544 16 18 0.028627226 
289 445 9 12 0.028552895 
536 487 8 11 0.028410316 
615 495 10 12 0.028249653 
730 509 18 21 0.02815985 
620 510 11 15 0.02797524 
502 508 10 11 0.027857926 
966 494 11 15 0.027781384 
1012 503 11 16 0.027715523 
850 231 8 10 0.027557291 
336 478 9 12 0.027406156 
277 489 18 23 0.027383814 
622 493 10 12 0.026759239 
596 502 10 13 0.026703108 
473 519 9 12 0.026632056 
559 502 10 13 0.026454607 
679 471 8 11 0.026307542 
663 471 7 9 0.026242577 
248 499 10 12 0.026125006 
670 463 8 10 0.026118964 
528 470 8 10 0.025915893 
240 503 9 11 0.025911255 
74 479 8 11 0.025883459 
726 464 9 10 0.025833182 
542 527 8 11 0.025738692 
230 473 9 10 0.025688233 
983 487 9 13 0.025667159 
663 456 8 10 0.025654338 
575 468 9 11 0.025637291 
249 482 18 23 0.025595527 
337 487 10 13 0.025519416 
738 505 13 17 0.025475021 
488 496 8 10 0.02545009 
146 413 9 11 0.02532446 
464 518 9 12 0.025200456 
570 535 13 14 0.025167879 
420 533 13 15 0.02505919 
906 531 13 15 0.025004247 
478 509 9 10 0.024907215 
655 478 9 11 0.024851747 
166 436 10 12 0.024812683 
744 493 9 11 0.024591196 
553 509 9 12 0.024575226 
804 498 16 19 0.024536388 
133 398 8 11 0.024416512 
942 433 8 11 0.024403172 
390 500 8 10 0.024367347 
481 496 8 9 0.024318596 
429 494 7 10 0.024257345 
544 534 9 12 0.024079636 
272 235 8 11 0.023928834 
120 416 9 11 0.023918835 
991 494 22 26 0.023823516 
958 494 12 16 0.023753643 
939 487 14 17 0.023714136 
671 527 11 15 0.023634547 
343 454 8 10 0.023629166 
569 496 9 11 0.023589011 
743 462 7 9 0.023572324 
558 494 9 10 0.023509692 
699 518 18 24 0.023394946 
543 540 12 15 0.023320047 
569 506 10 15 0.02325869 
624 523 11 14 0.023211796 
481 487 7 9 0.023211071 
512 519 7 10 0.02317945 
938 438 9 11 0.0231768 
414 518 11 13 0.023130246 
751 506 13 17 0.023115933 
610 501 9 13 0.02306298 
191 482 8 10 0.0228598 
271 458 11 13 0.022814188 
470 487 7 10 0.022707485 
926 492 10 14 0.022698423 
543 488 9 12 0.022622805 
373 478 10 11 0.022594286 
668 545 14 17 0.022547876 
778 515 23 28 0.022525689 
325 491 10 13 0.022513462 
992 507 10 14 0.02248675 
955 510 14 20 0.022336857 
920 478 12 15 0.022307713 
990 523 22 27 0.022306794 
561 542 10 12 0.022189511 
837 339 42 51 0.022151537 
248 481 9 11 0.022053787 
567 468 9 12 0.021991301 
264 306 13 18 0.02193706 
745 488 9 11 0.021840269 
928 505 14 20 0.021825258 
649 464 8 10 0.021816382 
592 605 8 10 0.021789089 
431 471 8 10 0.02172356 
341 471 11 12 0.02159724 
970 485 9 12 0.021568168 
238 491 9 11 0.021558972 
933 479 10 13 0.021553947 
920 490 11 15 0.021411235 
589 483 11 13 0.021268027 
366 516 13 16 0.021190023 
466 508 8 11 0.020972846 
288 506 12 14 0.02094323 
671 513 11 15 0.020922773 
632 499 10 12 0.020850182 
685 524 11 14 0.02083806 
417 456 7 9 0.020766184 
966 514 12 17 0.020722125 
257 461 9 12 0.02068716 
706 513 15 19 0.020645352 
172 492 9 11 0.020611884 
640 470 7 9 0.020584913 
1006 514 19 29 0.020512698 
238 534 15 19 0.020499557 
598 369 10 12 0.020419158 
800 462 10 12 0.020303328 
713 470 8 10 0.020273434 
231 478 8 11 0.020269241 
567 523 10 12 0.020144207 
724 515 23 27 0.020126116 
594 455 8 10 0.020079885 
673 484 9 13 0.02001265 
