10_People_Marching_People_Marching_10_People_Marching_People_Marching_10_People_Marching_People_Marching_10_619
229
431 461 13 15 0.9339086 
438 433 9 11 0.62357193 
51 484 16 20 0.5761217 
519 448 11 15 0.55206573 
192 467 13 17 0.49535364 
669 441 14 19 0.46839443 
501 441 9 12 0.43709847 
353 458 8 10 0.33895642 
582 442 11 15 0.33243188 
497 456 8 10 0.2926014 
93 476 14 18 0.2818856 
555 445 14 18 0.2774564 
160 478 11 15 0.26315057 
238 528 9 12 0.23671065 
588 437 12 16 0.22755289 
407 430 8 10 0.20629488 
447 448 9 10 0.1767438 
166 484 10 13 0.17333159 
400 468 9 12 0.16085999 
415 446 8 9 0.15430062 
101 484 10 14 0.1498334 
462 449 7 10 0.1471423 
233 470 10 12 0.14467838 
260 459 10 13 0.14090356 
457 432 7 10 0.12858982 
357 456 9 11 0.1284229 
576 442 13 17 0.12180546 
540 451 9 13 0.11620662 
223 453 10 13 0.10935441 
257 456 10 12 0.10901448 
304 459 10 13 0.10278723 
444 438 9 10 0.101765215 
0 443 16 21 0.095396526 
868 659 25 29 0.08911088 
535 447 10 14 0.085946105 
308 455 9 12 0.083134934 
321 524 15 19 0.08110152 
498 444 9 11 0.07922424 
414 429 7 10 0.0774728 
402 431 9 10 0.077384576 
597 437 10 14 0.07516158 
171 485 8 12 0.07499936 
456 449 8 10 0.0738585 
181 433 9 11 0.072467566 
88 481 12 16 0.06949687 
606 440 10 13 0.069302365 
408 424 8 12 0.067384996 
414 425 7 10 0.0653288 
402 380 424 452 0.06427576 
361 430 9 12 0.060772665 
282 271 6 9 0.059241816 
185 467 13 17 0.058420993 
445 432 9 10 0.05825594 
239 501 9 11 0.057399534 
328 446 8 10 0.05587914 
162 469 14 18 0.053750172 
415 440 8 10 0.05317002 
408 437 8 10 0.052660447 
1003 753 21 28 0.05228004 
593 461 10 13 0.05213403 
231 464 11 13 0.05118112 
176 520 9 11 0.05034823 
67 480 13 20 0.049997848 
39 475 13 19 0.04952141 
501 455 8 11 0.048064567 
294 453 10 12 0.046045072 
157 423 12 13 0.045737717 
334 380 11 14 0.045362264 
222 460 11 14 0.04522564 
269 263 8 10 0.045168914 
270 472 7 11 0.044887844 
107 483 10 14 0.044203468 
328 455 7 10 0.04390642 
60 477 13 20 0.04375883 
44 478 15 19 0.043228347 
557 441 12 14 0.04172277 
215 468 10 12 0.041501604 
970 664 25 31 0.041340776 
153 379 9 11 0.04096607 
215 461 10 14 0.04055291 
529 96 9 13 0.039781656 
522 488 8 10 0.03975412 
207 461 10 14 0.039045926 
256 519 10 13 0.03850554 
961 665 40 49 0.037878957 
582 159 10 14 0.037771534 
234 531 9 12 0.0375637 
324 517 13 16 0.03742253 
329 460 8 11 0.03735601 
642 519 8 11 0.036604196 
110 542 9 11 0.035777792 
150 483 10 13 0.035122227 
265 472 8 10 0.03511556 
189 486 9 13 0.03495281 
521 493 8 11 0.034923002 
925 706 15 17 0.034904942 
336 92 9 12 0.034897123 
153 478 11 15 0.03465564 
266 262 7 10 0.034619804 
536 94 11 14 0.034144145 
163 461 12 15 0.034048233 
333 462 7 9 0.034028754 
553 511 7 10 0.033727366 
436 456 11 15 0.033462312 
293 494 9 12 0.033366304 
462 470 8 11 0.033329375 
270 460 9 12 0.032981887 
346 456 7 9 0.032737263 
266 476 9 12 0.032511182 
295 461 9 13 0.032415584 
564 443 13 17 0.032369595 
614 440 11 13 0.032211103 
254 537 10 12 0.032142915 
633 428 9 11 0.031954665 
961 690 18 23 0.031833496 
247 454 10 13 0.03148108 
257 256 8 10 0.031279292 
997 676 14 22 0.031221218 
998 730 13 17 0.03077235 
146 485 10 12 0.03048067 
119 436 10 12 0.030392101 
382 454 9 11 0.03031458 
455 424 8 11 0.029989585 
270 455 10 12 0.029854372 
207 549 7 9 0.029201858 
104 567 10 14 0.0291227 
289 453 10 12 0.0289172 
360 436 9 11 0.02883885 
185 492 10 13 0.027726255 
513 445 11 15 0.027645683 
337 471 7 9 0.027415682 
224 529 8 11 0.027391493 
333 438 9 13 0.027315503 
984 669 22 30 0.02720564 
471 455 7 10 0.027113562 
567 439 11 14 0.027025674 
78 534 9 12 0.026919335 
552 440 11 13 0.026903663 
390 422 9 12 0.026839908 
236 462 12 15 0.026818234 
342 471 8 11 0.026816728 
473 485 9 11 0.026667899 
967 662 11 14 0.026611641 
302 93 8 11 0.026565911 
410 445 9 11 0.02630514 
247 460 11 14 0.026227742 
223 468 9 12 0.02619666 
173 476 9 14 0.026139908 
432 407 7 9 0.026037227 
461 431 7 10 0.025987634 
176 435 12 15 0.025920225 
228 451 11 14 0.025537206 
504 399 8 9 0.025500603 
534 440 8 11 0.025241029 
473 479 8 11 0.02523134 
325 512 10 13 0.024836445 
216 454 10 13 0.02478703 
584 470 8 10 0.024771772 
321 454 9 11 0.024667375 
312 495 7 10 0.02465102 
432 447 9 11 0.024590788 
290 447 9 11 0.024590492 
358 446 9 11 0.024504125 
510 518 8 11 0.024444334 
401 424 9 12 0.024340594 
461 436 8 10 0.024332138 
0 419 8 14 0.024275951 
505 524 8 10 0.02423466 
248 534 8 11 0.02413501 
65 367 8 10 0.024025863 
87 506 12 16 0.024019403 
224 558 7 10 0.023822097 
394 385 7 9 0.023744684 
684 405 11 15 0.023703389 
331 444 10 13 0.023631422 
240 496 8 11 0.023530534 
425 421 9 12 0.023476044 
408 416 7 10 0.02343323 
561 468 9 11 0.023357457 
952 726 11 12 0.02328816 
681 410 11 16 0.023203073 
263 257 7 9 0.023109477 
157 436 16 18 0.022932045 
973 662 15 18 0.022849483 
463 462 8 10 0.022834089 
392 446 9 10 0.022831662 
621 439 10 12 0.022783106 
405 468 8 12 0.022725174 
833 721 26 33 0.022466205 
415 451 9 12 0.022430005 
895 683 23 33 0.02240107 
498 435 17 23 0.022332095 
931 699 16 19 0.02227138 
160 478 19 24 0.022241486 
114 413 208 234 0.02221437 
255 454 18 23 0.022204915 
435 436 8 11 0.02204084 
366 453 9 13 0.02192684 
414 462 9 12 0.02183684 
278 455 9 12 0.021834625 
585 433 10 13 0.02177854 
265 270 9 10 0.021774396 
391 463 9 11 0.021759422 
98 469 13 19 0.021736184 
592 323 398 518 0.02167156 
446 424 8 10 0.021659434 
527 439 10 13 0.021657819 
576 460 9 12 0.021389794 
926 715 15 17 0.021299673 
565 461 9 12 0.021271888 
239 507 10 12 0.021243494 
254 467 10 12 0.021237215 
93 436 14 19 0.02117404 
239 454 9 11 0.021154657 
280 277 8 10 0.021113724 
271 246 7 9 0.020879557 
165 541 10 12 0.020840608 
990 675 13 19 0.020779852 
400 436 9 11 0.020767184 
375 447 8 10 0.020733349 
225 552 8 9 0.02072357 
574 448 12 16 0.020720813 
151 421 11 13 0.020634303 
559 460 11 12 0.020552889 
217 485 10 12 0.020393955 
398 447 8 11 0.02034116 
893 690 15 21 0.020263879 
436 426 17 23 0.020175787 
320 511 9 11 0.020091467 
