10_People_Marching_People_Marching_2_668
329
656 308 34 38 0.9987851 
538 294 32 36 0.99856085 
296 350 36 43 0.9965065 
97 261 34 44 0.99175817 
769 317 24 28 0.99002695 
189 297 38 48 0.98874134 
408 306 45 52 0.9850588 
603 305 23 29 0.9797219 
922 335 17 21 0.9699112 
369 330 22 27 0.9643907 
461 316 27 36 0.93617624 
512 313 23 29 0.9354688 
857 316 21 23 0.9345502 
957 330 13 15 0.51058644 
834 326 17 20 0.49869394 
985 332 13 15 0.47983465 
851 359 13 16 0.46692377 
903 346 13 16 0.2867575 
839 292 12 14 0.2813346 
584 260 12 15 0.21250488 
748 315 14 17 0.20357712 
953 376 9 11 0.18076988 
941 297 14 16 0.17179078 
812 341 14 18 0.16178559 
951 332 12 15 0.15384543 
1006 342 10 12 0.14266136 
305 239 8 11 0.13991849 
642 328 17 22 0.13762428 
922 325 11 13 0.13629317 
896 279 8 11 0.12992498 
981 380 8 11 0.123338275 
830 309 13 17 0.1217648 
881 325 11 15 0.117889926 
1013 348 8 12 0.11750404 
967 343 9 13 0.11385333 
941 307 10 13 0.11011184 
773 302 14 16 0.1025126 
500 308 24 31 0.10067096 
726 286 10 12 0.098095566 
894 364 13 15 0.09258995 
999 333 10 12 0.09254908 
886 286 8 9 0.09127344 
828 315 20 25 0.09048654 
974 300 10 12 0.08937371 
764 380 12 15 0.08892757 
968 296 10 12 0.0856065 
935 374 8 10 0.084244415 
513 293 30 36 0.08247024 
959 321 11 13 0.08183946 
722 254 8 10 0.081428654 
524 294 36 46 0.07870579 
951 340 10 14 0.077727675 
921 358 9 12 0.07620441 
855 254 10 13 0.07356836 
582 313 13 17 0.07240967 
984 279 10 11 0.07057418 
821 298 11 14 0.07014425 
828 231 8 10 0.06956674 
905 398 9 12 0.06807484 
679 295 25 31 0.06597508 
1005 348 11 13 0.06369713 
845 286 11 15 0.06321929 
744 280 9 11 0.063109204 
533 273 14 17 0.063099116 
600 251 10 12 0.06216754 
23 313 7 9 0.06135644 
919 390 9 12 0.06110307 
831 303 10 12 0.060120407 
670 211 10 13 0.059692986 
660 286 15 18 0.05941165 
863 303 12 14 0.059360556 
854 276 10 11 0.05774469 
587 307 13 19 0.05567275 
841 313 21 27 0.054557472 
894 347 14 18 0.054250523 
837 298 15 17 0.053877156 
9 327 8 10 0.053250846 
988 321 11 13 0.053191647 
588 -53 455 483 0.052839555 
992 351 10 12 0.05254759 
472 316 20 25 0.052106727 
999 354 11 14 0.052026037 
901 279 9 11 0.050488833 
879 255 8 10 0.049862843 
856 249 8 10 0.049415007 
960 347 9 12 0.048882496 
957 339 12 15 0.048277963 
956 373 9 11 0.047922473 
346 238 9 11 0.047197178 
1014 106 9 13 0.047011346 
828 337 13 18 0.046463873 
824 331 14 17 0.046445664 
874 357 10 14 0.046298623 
744 284 10 12 0.046257474 
823 314 14 17 0.04442297 
1013 356 9 13 0.04378709 
286 254 9 11 0.04376837 
1006 335 9 11 0.04311385 
1013 334 9 12 0.043112 
909 399 10 12 0.042953435 
741 396 13 18 0.042493064 
920 319 11 15 0.04244373 
0 284 8 13 0.04232569 
907 342 12 16 0.041777775 
145 324 38 50 0.041721947 
7 311 7 10 0.040882807 
943 342 9 12 0.040735897 
846 390 10 14 0.040725503 
947 295 11 14 0.040637907 
690 303 16 21 0.0404053 
868 301 13 15 0.04006631 
308 261 11 14 0.039650723 
700 124 14 18 0.039598197 
520 238 9 11 0.039398957 
991 256 9 10 0.039092634 
837 287 19 24 0.03867555 
617 255 10 12 0.038615745 
687 433 12 13 0.038488768 
605 248 9 11 0.038406234 
816 299 11 13 0.038251992 
808 294 8 11 0.037943278 
782 207 8 9 0.037874524 
1 309 8 12 0.037594013 
236 252 14 17 0.036873173 
726 328 15 19 0.03680026 
895 341 12 14 0.03588046 
791 189 8 9 0.035803076 
447 308 32 46 0.03553289 
1004 353 12 15 0.035454046 
982 367 9 11 0.035310782 
800 223 9 10 0.03526194 
833 294 9 12 0.035195995 
942 348 10 12 0.03516943 
990 309 10 12 0.03490513 
543 271 12 14 0.034801725 
905 286 8 10 0.034653742 
890 380 15 19 0.034382902 
847 276 11 14 0.034312163 
373 268 8 11 0.03409162 
829 238 7 9 0.03390514 
721 249 8 11 0.033866636 
725 304 15 19 0.03385233 
932 345 12 16 0.03382106 
799 238 8 9 0.033724416 
999 254 8 10 0.033643477 
509 306 18 24 0.033639602 
776 306 19 22 0.033609685 
593 240 9 11 0.03359477 
916 302 13 14 0.033510532 
849 255 11 12 0.033494983 
815 371 14 19 0.033462405 
172 284 12 17 0.03341528 
17 312 7 10 0.033354517 
835 336 15 18 0.033252906 
894 333 10 14 0.033134505 
821 344 13 17 0.033030555 
184 267 13 15 0.03289179 
909 286 11 12 0.032764297 
14 326 8 10 0.03242111 
710 329 16 19 0.032321908 
657 286 26 30 0.031963777 
793 372 11 14 0.031956 
505 273 8 10 0.031930026 
744 291 10 14 0.03190074 
801 284 9 12 0.031816345 
356 275 11 15 0.03180878 
940 285 11 12 0.031731457 
288 303 10 12 0.031705316 
978 375 9 12 0.031648204 
855 215 7 10 0.03144127 
359 336 26 35 0.03134313 
15 319 7 10 0.031292047 
195 240 13 17 0.0308544 
281 253 9 11 0.03065374 
41 302 7 9 0.030573724 
170 280 22 31 0.030517021 
848 232 8 10 0.0304006 
925 363 9 12 0.030257497 
293 255 8 11 0.03012976 
612 435 12 13 0.030002004 
917 395 9 12 0.02986019 
406 258 10 14 0.029831545 
38 318 8 10 0.029827235 
738 307 19 24 0.02977338 
911 278 10 12 0.029637514 
740 390 12 15 0.029322607 
968 389 8 10 0.029296538 
357 344 14 21 0.029066201 
602 230 8 10 0.029024553 
725 279 12 14 0.028917454 
273 240 8 10 0.028764173 
980 301 11 14 0.028751705 
807 191 8 9 0.02868863 
848 373 12 14 0.028404234 
389 231 11 13 0.028233651 
768 306 14 16 0.028230824 
533 254 10 13 0.028223716 
401 270 8 11 0.028184516 
806 315 14 16 0.028168585 
958 367 9 12 0.028009057 
188 234 22 27 0.027820617 
849 342 22 28 0.027698811 
750 310 21 26 0.027586179 
600 390 27 31 0.027406944 
800 331 21 26 0.027366942 
994 355 10 12 0.02715655 
950 308 10 13 0.02711841 
407 214 11 13 0.027072093 
305 255 9 10 0.027050473 
936 367 11 12 0.027023116 
858 301 23 27 0.02695667 
9 318 8 10 0.0268445 
801 231 8 10 0.026786655 
994 381 10 12 0.026777182 
933 382 9 11 0.026774121 
0 291 8 13 0.026523506 
886 311 10 13 0.026493272 
917 294 11 13 0.026386898 
748 279 9 11 0.026296329 
1010 109 9 12 0.026195565 
877 316 13 17 0.026188603 
536 271 23 27 0.0261816 
971 348 12 14 0.026181173 
928 254 9 10 0.026095225 
847 238 8 10 0.02606244 
455 410 10 13 0.026006062 
801 280 8 11 0.025903111 
238 331 15 18 0.025837982 
983 124 8 11 0.025808351 
580 219 11 13 0.025720906 
604 429 11 13 0.025408171 
946 333 9 13 0.025141511 
518 231 9 11 0.024969952 
869 294 12 15 0.024910944 
891 323 13 17 0.024902707 
791 184 8 10 0.024794599 
280 247 9 10 0.024758842 
873 255 9 10 0.024676839 
716 291 24 30 0.024667043 
865 215 7 9 0.0246636 
1015 311 8 12 0.024587572 
196 268 11 15 0.024503376 
879 259 9 11 0.024438253 
907 353 12 15 0.024380375 
721 306 25 30 0.024212595 
885 317 11 15 0.02419572 
741 416 17 21 0.024101393 
34 319 7 10 0.024073107 
518 277 26 36 0.02393534 
775 296 12 14 0.02390191 
1 327 7 11 0.023857206 
973 342 10 13 0.023832776 
176 269 24 34 0.02374873 
418 275 29 35 0.02365295 
847 270 12 14 0.023602746 
1015 423 8 11 0.023579897 
936 301 13 15 0.023570392 
888 280 9 12 0.023528319 
853 283 10 14 0.023480413 
365 324 18 23 0.023427492 
309 257 9 11 0.02342356 
881 279 10 14 0.023371575 
494 312 16 23 0.02332196 
514 301 18 21 0.023243451 
936 248 9 10 0.023233917 
304 231 8 10 0.023231758 
725 199 9 11 0.023201182 
616 246 9 11 0.023104174 
373 276 9 13 0.023100097 
857 354 13 18 0.022953618 
982 306 11 14 0.022842404 
140 421 13 15 0.022770464 
885 290 10 14 0.022757739 
852 291 11 15 0.022690851 
976 278 8 11 0.02260662 
726 248 8 10 0.022578396 
372 263 9 11 0.02257041 
193 227 37 49 0.022531549 
1014 430 9 12 0.022327835 
797 331 15 18 0.022247836 
812 321 14 18 0.022146909 
87 290 11 15 0.022123478 
598 238 9 11 0.021934206 
513 231 9 11 0.021812283 
525 238 10 13 0.021706836 
926 279 10 12 0.021640962 
846 379 12 14 0.02163765 
532 261 12 15 0.021636788 
900 306 14 16 0.021635622 
982 399 8 10 0.02163342 
725 291 13 17 0.021610744 
854 221 8 10 0.021498812 
952 317 10 13 0.021444373 
927 383 10 12 0.021228578 
919 323 20 27 0.02121785 
521 244 10 13 0.021179492 
1008 336 18 25 0.021124808 
79 376 11 12 0.021112662 
871 260 9 11 0.021048633 
392 252 11 13 0.021039011 
237 388 39 51 0.020966522 
794 237 8 10 0.020935746 
82 271 7 10 0.020919789 
893 308 12 14 0.020915734 
959 397 8 11 0.020874208 
740 317 20 26 0.020865364 
734 255 9 12 0.020824637 
989 272 9 11 0.020815097 
939 362 13 15 0.020758426 
358 318 10 12 0.020742392 
738 395 23 30 0.020717766 
147 220 14 19 0.020688493 
743 262 8 10 0.020675417 
805 230 8 10 0.020647736 
15 294 9 11 0.020613508 
601 223 8 10 0.02059872 
920 383 10 13 0.02057017 
737 241 7 8 0.020553581 
24 263 8 10 0.020525374 
973 457 11 12 0.02049982 
527 252 11 12 0.020485437 
734 286 9 11 0.020387143 
870 215 8 9 0.020333579 
940 279 10 12 0.020287836 
989 110 9 12 0.02028051 
387 519 25 27 0.020196442 
785 191 7 9 0.02019441 
887 431 8 12 0.020179497 
81 320 9 11 0.020152856 
