10_People_Marching_People_Marching_2_316
25
24 -11 200 241 0.9971547 
365 112 234 196 0.22446145 
386 74 126 132 0.18062286 
851 15 69 75 0.17338483 
94 -1 247 274 0.16929948 
718 263 131 175 0.1584838 
414 119 132 130 0.073829986 
-7 263 425 467 0.060814727 
648 -8 221 211 0.059620507 
895 258 71 79 0.053234003 
362 325 237 311 0.04955923 
415 84 79 84 0.04836899 
892 212 104 136 0.039662316 
335 18 377 382 0.030965352 
255 217 446 438 0.029307973 
791 63 197 213 0.029066134 
935 606 39 32 0.02817342 
381 386 132 188 0.025317432 
382 257 130 135 0.024870051 
7 183 28 42 0.024180314 
918 595 115 113 0.024026843 
88 172 209 228 0.02391942 
0 260 44 69 0.023837881 
166 136 212 223 0.022801463 
254 36 196 228 0.021455783 
