15_Stock_Market_Stock_Market_15_706
59
327 169 174 242 0.99945575 
160 300 23 35 0.7143455 
126 316 28 35 0.5251785 
710 151 47 54 0.17995153 
780 35 16 19 0.1527772 
696 314 24 28 0.12761107 
682 323 43 54 0.08952182 
75 369 17 21 0.08548927 
2 374 24 36 0.06663779 
155 298 18 29 0.052526113 
98 313 27 34 0.05128249 
762 38 12 16 0.050723042 
70 50 15 19 0.04851922 
824 2 14 14 0.047787726 
802 289 16 21 0.045270532 
111 313 30 37 0.042030532 
709 109 30 38 0.039966516 
147 306 24 34 0.039539784 
854 283 23 33 0.03892488 
860 284 14 20 0.038567353 
634 111 16 21 0.036707655 
102 356 26 32 0.03669887 
1007 438 12 18 0.036676247 
757 283 48 60 0.03570663 
351 53 12 17 0.035508946 
611 177 33 39 0.034927454 
949 155 75 132 0.034243155 
837 1 14 15 0.033004522 
826 272 13 16 0.03204363 
145 252 22 30 0.031483646 
652 314 25 33 0.031163761 
27 384 22 29 0.030479347 
721 485 118 153 0.029878393 
134 309 15 18 0.029408075 
15 380 25 34 0.029350346 
175 306 18 24 0.028009098 
889 293 16 19 0.026924232 
107 306 17 19 0.02614022 
107 285 11 14 0.026033154 
831 259 13 16 0.025781317 
848 276 38 53 0.024558395 
804 2 12 13 0.024405323 
977 473 15 19 0.024303215 
221 310 26 34 0.023837615 
629 -88 367 497 0.023677222 
45 58 24 35 0.023276016 
0 312 19 35 0.02271916 
136 331 19 24 0.022246948 
106 304 27 35 0.022050375 
823 267 21 27 0.02086735 
964 369 12 17 0.02086715 
152 265 27 33 0.020790769 
608 195 28 32 0.020787897 
721 363 45 60 0.020452939 
1005 438 19 34 0.020442538 
100 339 28 36 0.020393483 
59 69 31 45 0.020390425 
159 277 25 34 0.020167328 
7 41 46 69 0.02003105 
