15_Stock_Market_Stock_Market_15_313
28
286 120 40 45 0.9714366 
891 481 28 41 0.30836973 
957 170 47 69 0.15923074 
138 240 29 34 0.11004075 
617 148 37 42 0.09021665 
269 100 46 60 0.08877917 
800 360 52 74 0.07496475 
846 322 46 73 0.06276106 
867 313 52 77 0.05812896 
864 103 9 11 0.057380132 
879 465 50 62 0.051120114 
260 108 29 39 0.04308264 
906 90 12 15 0.042685766 
938 93 10 12 0.04102455 
825 354 49 70 0.040430486 
892 336 51 73 0.03913328 
205 181 31 32 0.03696216 
603 149 33 38 0.036893595 
10 350 102 150 0.03207043 
596 185 39 48 0.0305191 
781 367 52 78 0.027915113 
55 171 23 30 0.026786057 
65 303 53 61 0.026724 
60 66 16 19 0.024281442 
811 352 32 43 0.022999145 
835 315 81 115 0.021781705 
837 111 24 31 0.020833408 
987 252 39 79 0.020274714 
