18_Concerts_Concerts_18_815
33
307 23 166 224 0.97259426 
40 555 12 18 0.25296456 
809 668 28 35 0.14983873 
946 560 16 23 0.13239248 
6 634 11 18 0.08288821 
713 92 52 77 0.06477628 
674 301 29 36 0.0485037 
24 606 10 13 0.041924354 
530 611 28 35 0.04006951 
512 642 18 23 0.038928054 
488 617 17 20 0.038585816 
308 255 345 481 0.037894417 
945 558 12 15 0.036731612 
640 468 31 41 0.03554907 
1001 596 10 15 0.03342543 
42 562 12 17 0.03337577 
1001 590 9 11 0.033071913 
941 559 27 36 0.030552253 
34 546 21 29 0.029139385 
40 588 11 15 0.02860231 
503 126 11 13 0.02789623 
269 25 112 149 0.027728084 
794 570 16 19 0.027684044 
973 528 17 20 0.02754587 
339 525 12 13 0.027270036 
264 654 42 53 0.02586105 
10 588 11 14 0.024603503 
248 640 46 59 0.022513596 
5 611 13 17 0.022364913 
201 334 43 60 0.02225345 
108 652 10 13 0.02172403 
4 581 14 18 0.020109685 
999 527 13 17 0.020089306 
