18_Concerts_Concerts_18_66
235
479 199 25 33 0.99910045 
626 246 37 50 0.9987582 
638 417 65 80 0.9969015 
441 363 65 92 0.9966054 
492 323 66 91 0.9944518 
808 264 39 51 0.9914726 
436 257 39 48 0.9903448 
197 246 34 43 0.99028146 
891 352 47 55 0.98630434 
925 294 39 45 0.98154503 
388 220 27 34 0.973651 
283 462 88 72 0.96933717 
220 313 52 70 0.96371555 
757 333 43 63 0.94423974 
506 179 20 28 0.9408834 
189 320 38 51 0.926377 
71 318 53 58 0.9224061 
211 169 21 24 0.90345114 
26 266 29 45 0.89316136 
173 199 22 30 0.80702436 
578 314 45 58 0.7949041 
287 158 18 22 0.75887316 
229 202 21 26 0.7174455 
457 166 15 20 0.60217464 
471 344 65 90 0.5267016 
333 152 13 18 0.4907963 
375 153 16 23 0.40626565 
760 171 13 19 0.40042928 
408 200 17 21 0.3984035 
301 201 15 20 0.38061133 
528 168 18 25 0.38044527 
414 195 23 28 0.3536657 
736 297 30 34 0.3310425 
17 209 29 32 0.28691253 
782 177 22 26 0.2607155 
890 172 19 23 0.24053967 
728 272 42 53 0.23965175 
509 162 14 18 0.21831425 
963 475 58 71 0.21531124 
361 188 18 22 0.2057223 
660 117 12 16 0.19020757 
579 191 16 22 0.18288982 
690 222 27 37 0.17123026 
950 201 48 63 0.166318 
379 152 11 14 0.15391637 
517 137 13 16 0.14441422 
106 255 24 29 0.13819455 
579 177 17 21 0.13424964 
395 185 15 19 0.12300113 
639 183 16 21 0.12036774 
179 176 15 19 0.116846755 
405 182 12 15 0.11074402 
608 172 10 15 0.110672586 
622 161 14 18 0.10508374 
825 219 22 29 0.102717444 
457 253 28 39 0.10070446 
422 189 24 31 0.100294605 
173 163 17 21 0.09818922 
346 172 13 16 0.092581294 
430 127 8 10 0.092481576 
511 171 21 28 0.08901815 
576 173 14 18 0.079384744 
294 198 16 21 0.078444764 
585 185 16 21 0.071800895 
55 193 30 37 0.0717318 
696 160 29 39 0.07087244 
11 273 32 40 0.0694214 
769 211 17 23 0.06924186 
346 215 16 20 0.068184786 
326 149 14 18 0.06682075 
788 163 17 20 0.06647094 
246 188 14 16 0.0654443 
987 309 38 64 0.065180324 
349 165 12 15 0.06361657 
762 169 41 53 0.06303451 
327 126 9 12 0.061497264 
771 172 23 30 0.060017906 
174 178 25 35 0.059566796 
270 215 15 21 0.05773631 
615 142 11 13 0.057235163 
395 190 20 26 0.057168342 
900 242 47 53 0.056370717 
191 147 10 13 0.05405756 
908 296 41 49 0.054050993 
67 199 30 34 0.05398782 
762 166 24 31 0.05121727 
82 199 26 31 0.05019051 
877 327 32 42 0.04998287 
566 187 23 30 0.0497649 
173 158 13 17 0.049632393 
302 293 32 39 0.049470566 
457 139 11 15 0.048049692 
692 165 15 20 0.046937533 
585 170 20 26 0.046027735 
343 178 14 18 0.04585757 
240 299 52 69 0.045703616 
750 303 19 23 0.045130666 
406 174 11 14 0.044716917 
242 195 20 25 0.044510636 
7 185 49 59 0.04439084 
621 407 58 73 0.044350076 
320 153 13 17 0.044339366 
537 323 56 68 0.04399866 
877 306 39 49 0.043831993 
984 355 43 80 0.04363192 
348 134 9 11 0.042214226 
594 168 15 19 0.041567173 
889 256 39 49 0.041338786 
253 142 10 14 0.04106216 
880 270 38 49 0.040467802 
65 330 36 41 0.040290046 
592 165 12 16 0.039999414 
525 158 17 21 0.039728962 
877 335 47 60 0.03941285 
455 118 9 11 0.0391257 
873 287 37 49 0.03896105 
460 159 15 19 0.038816333 
352 231 24 31 0.038558964 
668 330 42 54 0.038219456 
523 226 23 30 0.037987664 
98 254 40 48 0.037921328 
253 250 23 31 0.037782773 
551 114 9 11 0.037539937 
684 236 38 54 0.037290085 
732 249 49 61 0.037252124 
402 208 26 35 0.037156753 
425 133 11 13 0.037149232 
548 249 24 31 0.036782503 
928 177 82 99 0.036463927 
180 158 13 15 0.036225714 
840 173 25 34 0.03613858 
420 155 11 15 0.03561045 
294 277 91 105 0.034989364 
925 44 76 69 0.034698542 
286 110 8 10 0.034126382 
631 115 9 11 0.033531122 
900 18 119 112 0.033471774 
767 214 44 57 0.033374384 
274 292 53 64 0.033017445 
513 132 13 16 0.032367833 
553 144 24 29 0.0321324 
326 202 13 17 0.031949427 
352 186 21 29 0.031581488 
275 240 16 22 0.03157894 
251 194 15 20 0.03150175 
40 174 49 59 0.031197388 
269 186 12 15 0.03116791 
1005 189 15 21 0.030807853 
399 179 21 24 0.030577984 
443 108 11 14 0.030546235 
902 271 41 51 0.029702676 
824 165 43 53 0.02952675 
595 385 58 73 0.02853207 
422 187 16 20 0.02841 
212 256 29 35 0.028165134 
637 191 16 23 0.027965311 
828 183 15 22 0.027791625 
235 164 12 16 0.027787354 
405 186 22 26 0.027644169 
785 254 29 39 0.027384305 
935 62 44 44 0.027197696 
554 180 23 27 0.026614614 
347 198 22 30 0.026524318 
334 215 24 29 0.026454296 
974 203 30 44 0.026341846 
206 165 17 22 0.02597017 
781 200 43 56 0.02587103 
511 155 21 26 0.025788002 
299 211 16 23 0.025696876 
251 181 14 19 0.025547864 
219 163 23 28 0.025544781 
187 68 27 37 0.025440915 
178 160 23 29 0.025138063 
314 77 138 134 0.02498125 
792 168 17 24 0.024783982 
948 173 14 16 0.024642346 
719 289 29 37 0.02458483 
460 135 13 16 0.024523012 
46 85 16 20 0.02422019 
502 132 11 14 0.024170402 
100 187 27 34 0.024132175 
350 159 12 15 0.024088262 
-1 501 90 118 0.023815462 
199 73 25 33 0.023786398 
165 129 14 17 0.023739824 
328 230 26 32 0.023510376 
125 117 10 12 0.023483755 
889 212 50 58 0.023395985 
665 165 10 13 0.02329205 
853 156 12 15 0.02320102 
465 163 14 20 0.023123708 
790 172 25 34 0.02307054 
389 188 17 23 0.023065597 
301 170 13 17 0.0229695 
502 125 10 13 0.022948314 
378 163 16 22 0.022945823 
399 224 20 25 0.02289591 
410 180 13 16 0.022857973 
195 143 11 12 0.02284194 
572 220 22 31 0.022699915 
295 285 54 65 0.02267924 
812 218 29 36 0.022642408 
332 204 11 14 0.022327743 
305 134 9 11 0.022136075 
779 151 28 33 0.022107683 
844 236 31 42 0.022000786 
593 100 9 12 0.021907317 
260 186 15 19 0.021902803 
510 127 12 14 0.021848995 
261 203 21 31 0.021807984 
893 298 35 48 0.021795563 
205 156 13 17 0.021739023 
218 179 17 22 0.021694915 
590 68 116 122 0.021657152 
524 204 21 30 0.021598337 
282 202 24 31 0.021486616 
337 309 54 67 0.02136468 
554 204 25 33 0.021243097 
304 148 11 14 0.021207774 
556 172 15 17 0.021011101 
433 186 15 19 0.020984704 
307 171 20 28 0.020956213 
155 311 44 57 0.020920757 
286 151 15 18 0.020751372 
261 240 25 32 0.02073678 
683 183 16 20 0.020619925 
478 118 9 11 0.020593796 
315 201 13 18 0.020585878 
277 230 24 32 0.020519547 
409 223 16 22 0.020505456 
698 213 44 59 0.02046346 
601 166 19 26 0.020456653 
836 178 16 22 0.020400362 
738 340 45 61 0.020360753 
883 98 26 27 0.020037591 
