18_Concerts_Concerts_18_38
471
68 415 31 45 0.99883074 
759 393 30 43 0.99428314 
529 266 26 34 0.97923297 
294 535 39 75 0.97797763 
95 393 27 38 0.9762648 
805 275 22 30 0.9692095 
641 185 23 30 0.955416 
279 215 30 43 0.9539232 
420 501 64 100 0.9150791 
594 301 21 30 0.85997 
537 487 67 84 0.85373455 
561 343 23 37 0.8423372 
508 213 12 15 0.8138386 
145 324 23 32 0.77007025 
726 317 15 18 0.75170565 
876 237 11 13 0.7120125 
278 188 16 20 0.6967162 
514 414 24 35 0.67454106 
568 353 25 37 0.6464564 
364 184 14 16 0.6381469 
131 328 27 31 0.60455453 
405 441 54 66 0.5951911 
540 409 23 42 0.5148148 
455 236 12 15 0.508964 
898 343 37 55 0.48535174 
218 288 18 23 0.43515527 
364 299 15 20 0.43192458 
532 215 10 12 0.41711846 
569 198 8 11 0.3951816 
525 415 29 39 0.36900142 
397 504 54 65 0.36501682 
733 287 12 15 0.35697213 
689 260 9 12 0.34288588 
679 270 12 15 0.33787742 
637 279 18 21 0.32129738 
410 476 62 89 0.31397027 
1012 226 12 21 0.26312402 
894 278 13 15 0.25002453 
528 218 12 15 0.23524006 
860 278 12 16 0.23412989 
431 228 11 14 0.23219612 
712 261 10 13 0.21131453 
771 211 12 14 0.192169 
845 247 8 10 0.17344438 
768 278 11 13 0.1729477 
431 199 11 14 0.17170964 
730 216 8 10 0.16916728 
186 333 13 17 0.16588451 
745 242 9 13 0.1558876 
486 301 12 17 0.14966235 
798 235 9 12 0.14609112 
769 207 10 13 0.1433079 
968 229 9 12 0.14124775 
21 403 16 24 0.14098403 
9 396 19 30 0.13949762 
531 228 13 16 0.13777816 
824 252 9 11 0.13503921 
877 243 10 12 0.13105097 
734 215 8 10 0.13080163 
189 377 24 41 0.1300953 
927 256 8 9 0.12631893 
511 195 11 14 0.123899065 
903 254 8 10 0.121680036 
808 271 12 18 0.12073171 
556 346 18 27 0.12032821 
309 451 42 47 0.119003505 
4 603 51 88 0.11867062 
737 291 13 16 0.11834618 
126 371 15 20 0.11243946 
353 494 32 47 0.10805737 
372 507 48 56 0.10547091 
665 236 10 13 0.10499373 
487 174 7 9 0.10479044 
341 269 14 18 0.104691476 
550 226 13 17 0.10377537 
308 206 13 15 0.10162832 
349 269 13 18 0.09920225 
572 198 10 13 0.092859976 
446 237 12 15 0.08946888 
814 231 8 11 0.08929246 
262 197 14 17 0.08913469 
983 268 38 54 0.08817329 
895 272 10 13 0.08808663 
961 224 8 12 0.08805675 
82 406 29 45 0.08745448 
296 209 24 33 0.085377775 
920 256 8 10 0.08514129 
867 303 13 20 0.08487078 
903 247 8 10 0.08484871 
453 220 11 14 0.07898431 
569 255 10 13 0.077676564 
650 181 13 21 0.07495092 
424 230 11 14 0.073813416 
529 208 9 12 0.07268611 
714 230 8 11 0.072198965 
855 199 7 9 0.070653655 
847 200 7 9 0.07049403 
727 245 10 12 0.06984389 
735 271 10 12 0.06954277 
743 223 7 10 0.06901127 
870 193 8 9 0.06895453 
75 381 12 16 0.06869071 
745 229 9 11 0.067722626 
747 238 10 12 0.06768386 
460 242 11 13 0.0673689 
190 325 13 15 0.06659077 
913 261 10 12 0.066284485 
728 240 10 11 0.066016905 
908 339 52 72 0.064283125 
420 529 39 65 0.063593924 
862 270 10 14 0.0635654 
984 264 27 31 0.0631474 
502 421 39 50 0.06300157 
454 193 9 11 0.062664784 
692 256 10 12 0.062431913 
823 213 7 9 0.06206175 
918 260 10 12 0.06192141 
898 280 13 17 0.061893016 
879 278 9 11 0.061410815 
541 226 12 17 0.060969695 
735 278 11 15 0.060919587 
238 563 56 73 0.06031145 
688 190 8 10 0.06008171 
418 430 36 50 0.05990451 
444 242 11 15 0.059593823 
555 221 10 13 0.05907481 
784 275 10 13 0.0580273 
629 349 23 37 0.057686973 
911 293 12 16 0.057685535 
584 238 10 16 0.057306033 
704 263 10 12 0.057118744 
573 365 29 32 0.05683688 
869 268 11 15 0.056069244 
736 209 7 9 0.0558934 
635 373 14 22 0.055753466 
949 181 8 10 0.05573117 
452 213 11 14 0.055566993 
814 223 7 10 0.05540975 
121 373 23 32 0.05514161 
504 206 12 15 0.054971475 
694 239 9 11 0.05463682 
714 175 8 10 0.054574616 
353 274 16 19 0.054470174 
905 224 7 9 0.05337079 
682 368 14 20 0.05241981 
971 233 12 14 0.05211643 
942 224 8 9 0.052041903 
889 190 7 8 0.051750124 
768 283 12 15 0.051632594 
990 175 8 11 0.051576193 
729 290 13 16 0.05150108 
716 284 10 13 0.051355567 
887 293 9 12 0.050857317 
808 235 9 12 0.050767716 
728 219 8 11 0.05068125 
712 191 8 10 0.050567713 
694 359 23 29 0.050148323 
601 296 24 32 0.04982758 
3 352 13 19 0.049396224 
536 519 62 89 0.04906338 
813 264 11 14 0.04885569 
317 271 17 23 0.048830446 
783 322 11 15 0.048751533 
553 217 10 12 0.048268676 
840 217 7 9 0.048060972 
900 271 10 13 0.04792472 
112 385 24 36 0.047007166 
788 273 11 16 0.046789464 
942 271 23 26 0.0463612 
790 330 14 18 0.04587959 
440 277 12 16 0.045681562 
729 175 6 9 0.045480397 
831 240 7 9 0.045207914 
197 338 12 16 0.0449983 
684 273 11 17 0.04495263 
670 275 12 15 0.04440544 
685 323 12 17 0.04433765 
438 236 13 16 0.043662123 
720 223 8 10 0.043156005 
556 406 24 42 0.043089584 
912 256 9 11 0.04181187 
534 210 9 12 0.04167672 
591 229 11 17 0.041450642 
476 379 14 15 0.041337885 
693 286 9 13 0.041107334 
359 515 32 46 0.040788535 
485 380 11 13 0.040746074 
761 260 12 14 0.040481854 
302 208 15 19 0.039678395 
965 224 10 13 0.039369363 
269 191 20 24 0.039055783 
389 223 9 13 0.038947538 
478 283 10 13 0.038893115 
843 200 7 10 0.038655322 
815 207 8 10 0.038626697 
524 271 21 24 0.03839064 
356 291 22 25 0.03837223 
943 192 8 10 0.03828956 
501 282 12 17 0.038091112 
736 221 8 10 0.037896153 
769 206 18 23 0.037821025 
879 286 10 13 0.03780832 
693 266 11 14 0.037727922 
475 275 12 17 0.037726466 
711 255 11 14 0.03770445 
766 251 14 17 0.0375627 
878 250 10 12 0.03754199 
897 253 10 12 0.03750233 
41 398 23 27 0.037369695 
493 222 11 14 0.036526106 
753 331 9 13 0.03647769 
567 193 9 12 0.036197674 
504 400 28 38 0.03603452 
864 216 7 9 0.035603408 
716 330 12 16 0.035508793 
802 184 7 9 0.03547468 
543 335 35 46 0.035197984 
801 188 7 10 0.03489297 
911 266 11 13 0.034815468 
731 312 12 15 0.03475412 
732 245 9 12 0.03440535 
848 205 8 10 0.033987146 
881 323 70 102 0.03393914 
484 298 21 27 0.03391868 
721 246 9 11 0.033917956 
864 198 7 9 0.033593718 
983 167 8 10 0.03344645 
528 233 15 20 0.03290552 
406 184 10 13 0.032890353 
515 192 10 11 0.032838516 
2 393 17 29 0.03281732 
581 196 12 16 0.032737322 
350 279 15 20 0.032723423 
367 439 59 68 0.032536358 
986 182 8 11 0.032475915 
334 268 13 18 0.03237264 
723 320 21 28 0.03219235 
855 222 7 9 0.03206926 
137 225 8 10 0.031980887 
761 244 10 12 0.03189609 
988 261 17 22 0.031793326 
58 393 16 21 0.031620666 
829 245 8 11 0.03159433 
436 197 11 15 0.031555112 
705 191 8 10 0.03153357 
350 262 12 16 0.031522583 
889 186 7 8 0.031509712 
664 277 10 13 0.031071955 
114 640 28 33 0.031037763 
841 250 10 12 0.030976167 
319 150 9 11 0.030825486 
701 293 10 12 0.03065685 
771 217 13 14 0.030592667 
417 483 35 60 0.03035337 
327 450 50 64 0.030334698 
236 250 14 21 0.030329332 
391 245 12 16 0.030267652 
766 246 11 14 0.030104276 
711 332 11 15 0.030056529 
728 250 10 13 0.030034283 
428 222 21 23 0.029918335 
687 339 25 31 0.02991828 
458 229 12 17 0.029915532 
879 292 10 14 0.029884635 
726 340 13 19 0.029850893 
865 193 8 9 0.029793866 
727 268 10 13 0.029743392 
138 338 29 35 0.02952003 
695 292 11 13 0.029507566 
878 271 10 13 0.029505564 
641 359 15 24 0.029488966 
32 404 21 28 0.029393744 
889 276 10 14 0.029288301 
913 191 7 9 0.029253976 
533 461 55 76 0.02920905 
941 197 8 10 0.029147483 
588 243 22 29 0.029033545 
903 259 10 13 0.029012907 
43 410 22 29 0.029005077 
260 209 15 18 0.0288222 
946 176 9 10 0.028800052 
588 234 14 21 0.02877094 
149 298 12 15 0.02873606 
977 151 8 9 0.028535342 
399 198 9 13 0.02834553 
697 331 16 18 0.02827894 
687 244 10 12 0.028273368 
440 370 11 15 0.028149586 
627 266 29 33 0.028082768 
719 321 14 19 0.028028654 
43 388 13 16 0.027943848 
422 213 10 12 0.027932992 
335 523 47 72 0.027731037 
793 175 7 8 0.02758517 
338 490 30 43 0.027528835 
348 231 13 18 0.027508583 
857 269 9 13 0.027487986 
888 271 9 12 0.027445719 
232 256 13 18 0.02738392 
467 375 26 27 0.027290981 
761 191 8 10 0.027245091 
197 318 11 15 0.027180603 
933 254 8 10 0.027038414 
370 292 14 20 0.02698604 
688 185 8 11 0.026955169 
823 190 7 9 0.026920648 
448 195 10 13 0.026868735 
967 266 34 43 0.02678464 
356 399 18 24 0.026773196 
941 228 9 11 0.026768561 
864 207 8 9 0.026739916 
968 193 8 9 0.026721152 
767 200 8 10 0.026716959 
864 264 9 11 0.02670793 
868 262 11 13 0.026648605 
308 200 12 13 0.026547994 
688 283 11 15 0.02653626 
887 285 12 15 0.026451785 
833 320 14 20 0.02624605 
907 284 13 17 0.026228884 
18 395 16 24 0.026122458 
824 278 22 28 0.02612231 
772 247 14 17 0.026088985 
974 207 10 13 0.025999466 
567 381 25 35 0.025998592 
499 382 23 33 0.025889121 
680 192 7 9 0.025867559 
615 303 17 23 0.025840525 
928 248 8 11 0.02583156 
476 288 22 30 0.025683988 
848 216 7 9 0.02564175 
509 337 38 45 0.025620181 
85 398 17 25 0.02556164 
692 335 16 19 0.025558483 
686 365 24 31 0.02555352 
488 204 10 13 0.025517352 
505 200 9 12 0.025488293 
999 205 12 15 0.025361745 
597 295 15 19 0.025337575 
892 290 11 15 0.025330784 
493 393 27 39 0.02524449 
693 298 13 15 0.02520914 
275 193 24 29 0.025047066 
429 396 13 15 0.025018897 
760 222 8 11 0.024972234 
680 246 10 12 0.024942024 
480 300 12 17 0.024755973 
610 458 14 19 0.02474653 
901 279 20 28 0.024740763 
926 239 9 11 0.024715958 
514 212 12 16 0.024702378 
903 241 8 10 0.024587242 
659 188 11 16 0.02451923 
1007 211 15 20 0.024456494 
855 192 7 9 0.024420308 
727 262 10 13 0.02438025 
469 269 14 19 0.024373962 
806 183 6 9 0.024364563 
722 216 8 10 0.02435784 
873 232 18 22 0.024336172 
765 270 13 16 0.024251604 
446 229 14 17 0.024221355 
599 413 24 37 0.024126275 
766 289 13 15 0.024112334 
863 220 8 10 0.024110235 
690 315 15 20 0.02407742 
575 173 7 9 0.024004137 
454 206 11 13 0.024001015 
849 191 8 9 0.023994567 
733 252 9 12 0.023933746 
392 421 48 66 0.023910716 
109 359 11 14 0.023892565 
316 206 10 13 0.02388416 
25 411 17 23 0.023876201 
76 392 16 22 0.023783064 
711 248 10 12 0.02375006 
352 452 52 67 0.023724033 
679 352 22 31 0.02358475 
563 197 8 11 0.023576891 
351 290 14 19 0.02355975 
685 347 12 16 0.023550076 
814 199 7 8 0.023548339 
835 276 21 29 0.023526706 
187 342 17 19 0.023510147 
855 185 7 8 0.023497425 
404 409 30 45 0.023439763 
1001 156 9 11 0.02342406 
678 375 14 20 0.023336397 
69 383 20 25 0.02329266 
481 398 27 39 0.02324685 
292 429 83 100 0.023242002 
336 275 21 26 0.02316339 
459 364 13 17 0.023158956 
849 221 7 9 0.023125365 
435 221 13 16 0.023115678 
713 225 9 11 0.023109568 
582 205 9 12 0.023096075 
779 343 15 19 0.023059007 
926 223 9 10 0.023047023 
952 216 8 10 0.02302483 
760 382 26 34 0.022948565 
894 189 7 9 0.02292536 
708 339 15 19 0.022908444 
864 245 8 10 0.022868881 
374 253 13 16 0.022810202 
739 324 11 14 0.022809759 
768 176 7 9 0.022803124 
713 181 8 10 0.022740182 
854 206 8 10 0.0227302 
566 192 17 24 0.022635203 
669 284 11 14 0.022631891 
720 238 9 12 0.02259097 
585 231 10 15 0.02257033 
868 274 12 16 0.022495126 
816 192 8 9 0.022436112 
557 232 12 15 0.02230106 
121 457 30 44 0.022276519 
711 334 21 28 0.022242775 
132 479 14 20 0.022226728 
719 197 9 11 0.022226635 
775 176 7 8 0.022216173 
117 650 14 20 0.0220433 
489 384 23 35 0.021936828 
775 314 12 14 0.021927549 
357 217 15 19 0.021907028 
330 586 28 49 0.021811469 
874 233 10 12 0.02181028 
717 279 10 13 0.02178854 
119 149 10 11 0.021752357 
902 182 8 9 0.021737263 
471 390 29 35 0.02172065 
424 196 13 17 0.021674078 
576 168 7 10 0.021628387 
245 234 14 18 0.021622412 
796 335 17 18 0.021576846 
592 376 26 29 0.021567507 
171 379 35 47 0.021555636 
127 329 15 22 0.021544067 
504 375 30 34 0.021448277 
784 168 7 8 0.021389904 
327 197 13 14 0.021360833 
427 443 58 73 0.021337101 
868 295 14 17 0.021243516 
603 451 22 33 0.021223538 
324 268 15 21 0.021189755 
500 393 14 20 0.021189488 
612 354 23 33 0.021069158 
431 507 96 131 0.021063203 
497 329 28 36 0.021047741 
953 222 7 10 0.021007976 
334 166 9 11 0.020996759 
492 434 33 42 0.020918606 
742 182 7 10 0.020878002 
502 225 13 16 0.020868251 
98 481 44 66 0.020730497 
81 380 15 19 0.020711645 
468 372 17 18 0.020672878 
36 394 17 21 0.020606738 
261 202 23 29 0.02059339 
552 413 17 31 0.020572532 
731 337 17 22 0.020508336 
765 248 24 29 0.020408733 
310 272 15 20 0.020298103 
739 340 12 17 0.020295516 
741 215 8 11 0.020278985 
671 190 8 11 0.020262357 
380 251 13 16 0.020260988 
509 192 18 23 0.020127272 
589 228 22 33 0.02012435 
406 195 12 15 0.020078007 
801 279 16 22 0.020074245 
