18_Concerts_Concerts_18_872
287
512 120 95 128 0.99959856 
238 1165 32 39 0.34088224 
563 678 16 19 0.23471764 
212 1180 45 57 0.15826428 
745 1358 54 66 0.15573281 
165 1330 22 27 0.15152371 
170 1199 25 30 0.14222735 
677 1218 22 30 0.13470022 
714 1235 17 21 0.120100565 
735 1326 24 30 0.11971929 
221 1256 34 44 0.11348999 
399 1321 22 31 0.112206765 
722 1236 18 21 0.1115927 
727 1205 26 30 0.10342372 
491 763 28 32 0.10294553 
515 643 15 18 0.099069856 
69 1369 25 30 0.09640285 
701 1168 17 20 0.09545545 
491 1363 28 37 0.09324742 
653 678 13 16 0.089625545 
422 1210 16 19 0.085613556 
413 1148 12 15 0.084919125 
661 1303 15 19 0.084789805 
275 1245 27 37 0.06696173 
580 691 13 17 0.06601669 
460 1303 21 28 0.06586773 
2 1340 17 19 0.065588 
429 1172 15 18 0.06455684 
69 1264 16 22 0.06416775 
623 665 13 16 0.06369901 
362 1297 16 19 0.06305442 
421 1150 11 14 0.061636254 
469 213 342 526 0.060529232 
197 1284 15 18 0.05961824 
617 1268 25 33 0.05838263 
645 1152 14 18 0.058213286 
228 1144 34 39 0.058067817 
388 1187 15 19 0.058065858 
637 1214 15 21 0.05785891 
572 688 14 16 0.056284316 
568 1167 12 14 0.056251 
629 1143 13 18 0.05517401 
501 1185 11 14 0.052553944 
177 1207 27 34 0.052188788 
655 1139 12 16 0.052162606 
186 1372 16 22 0.05052578 
583 1241 14 18 0.050269146 
202 1201 48 57 0.05020452 
488 1178 12 16 0.05004258 
785 1152 29 37 0.05004106 
218 1156 48 60 0.04965122 
629 663 12 15 0.049432125 
601 1174 23 28 0.049076866 
367 1190 10 13 0.04900929 
680 1142 11 13 0.048675325 
589 691 14 17 0.048286594 
231 1247 42 54 0.04790445 
415 700 57 73 0.047839258 
429 1339 13 16 0.047210746 
468 1207 14 18 0.046939176 
462 1122 16 18 0.046910364 
710 1240 14 17 0.0468153 
635 1206 16 19 0.04409287 
631 688 11 13 0.043529797 
580 697 16 20 0.04300731 
614 688 13 17 0.04232039 
385 1035 92 114 0.04223368 
565 680 23 27 0.04221775 
559 1286 13 18 0.042149 
490 704 16 19 0.04209144 
584 1298 11 14 0.04113699 
510 647 14 18 0.041090272 
366 1197 11 14 0.040933285 
256 1175 19 22 0.040645868 
494 1181 12 15 0.03999696 
597 665 15 18 0.039334018 
572 1271 12 15 0.03870971 
16 799 11 13 0.038672585 
540 685 25 30 0.038395982 
645 1192 13 17 0.03831681 
10 1299 17 20 0.038043436 
500 705 16 18 0.037671164 
546 698 15 18 0.037045654 
637 1195 13 14 0.03704489 
622 1286 15 20 0.036893167 
66 1235 15 19 0.036726806 
440 1158 10 12 0.036647476 
452 1181 14 19 0.03622569 
378 1243 16 24 0.03561319 
655 1291 25 33 0.03525984 
637 -38 365 470 0.035177756 
559 1362 10 12 0.03488532 
550 680 27 31 0.03477777 
619 685 13 16 0.03465809 
694 1281 13 16 0.03455706 
589 665 14 17 0.034544818 
351 1295 24 31 0.03433533 
702 1245 11 14 0.034314703 
480 1132 10 14 0.034179322 
721 1219 29 30 0.03392635 
515 722 14 18 0.033784494 
632 1261 23 28 0.03371854 
583 1141 12 14 0.033439275 
142 1272 30 39 0.033376597 
708 1227 15 19 0.03316284 
70 1364 41 52 0.032624915 
418 1197 15 17 0.032152086 
697 1153 23 30 0.03215189 
650 1146 15 19 0.032068294 
670 1163 13 16 0.031724773 
274 1130 17 22 0.03160064 
758 1327 17 23 0.031343907 
301 1188 14 17 0.031172443 
655 673 11 13 0.031151876 
383 1316 27 34 0.030889794 
525 730 16 22 0.030882025 
557 1184 14 19 0.030808466 
221 1139 27 32 0.030586613 
615 667 10 15 0.030508343 
637 1146 15 19 0.030210765 
631 1216 14 19 0.03013544 
492 1174 12 15 0.029999603 
582 667 13 16 0.029853933 
915 1166 27 32 0.029572496 
428 1103 14 17 0.029478563 
676 1156 15 19 0.0292456 
80 1219 12 17 0.029075557 
27 1314 15 21 0.02903834 
934 793 16 19 0.02880605 
694 1155 14 19 0.028685063 
649 683 11 14 0.028647384 
331 1262 25 28 0.02837827 
7 1211 12 17 0.028338447 
599 1153 13 16 0.0280144 
244 1227 18 23 0.027903497 
189 1219 17 23 0.027867176 
342 1301 23 29 0.027658619 
466 1277 13 15 0.027574196 
279 1243 43 54 0.02748589 
519 667 12 15 0.027353771 
589 1295 12 15 0.027065411 
325 1181 12 14 0.026878485 
501 713 23 28 0.026832938 
294 1203 28 35 0.026597943 
357 1132 13 18 0.026516933 
643 1262 15 18 0.026468588 
415 1189 12 14 0.026464436 
647 1291 12 16 0.026072405 
653 1298 17 21 0.026031086 
503 645 11 14 0.025980262 
613 1195 13 17 0.025886886 
699 1303 18 21 0.025833074 
543 692 14 17 0.025795156 
613 1226 16 19 0.025789116 
599 1287 9 11 0.025731627 
333 1170 15 16 0.025630843 
619 1221 13 17 0.02553092 
588 728 15 19 0.025516953 
604 1193 15 19 0.025465943 
510 725 24 31 0.025418254 
398 1171 15 17 0.025413452 
134 1211 28 33 0.025231073 
505 775 16 19 0.025174184 
271 1274 15 21 0.025084909 
352 1236 11 14 0.025082897 
592 1326 9 11 0.025064586 
322 1187 15 19 0.025050111 
655 1286 12 15 0.025035799 
485 1133 10 13 0.025026986 
135 1214 43 50 0.024994876 
454 1173 12 15 0.024986738 
477 1315 14 19 0.024980873 
409 1143 10 13 0.024946947 
678 1146 12 16 0.02494581 
625 1141 12 16 0.02492565 
117 1220 16 22 0.0247168 
668 1171 12 15 0.024716165 
94 812 12 14 0.024676427 
706 1142 23 28 0.02467609 
347 1297 15 20 0.02464088 
494 706 24 30 0.024548428 
607 1333 12 16 0.024518574 
319 1318 11 15 0.024500113 
474 1357 31 40 0.024423216 
597 729 13 18 0.024385309 
614 754 14 17 0.024365315 
715 1151 17 23 0.024361646 
653 675 23 27 0.02420162 
386 1176 22 26 0.024183605 
367 1271 12 14 0.02417823 
395 674 65 73 0.02415909 
370 1187 14 16 0.024124924 
363 1115 13 16 0.024112761 
540 704 18 20 0.023869058 
280 1261 24 34 0.023830228 
414 1126 8 11 0.023812538 
374 1164 14 16 0.023714233 
754 1204 13 16 0.023553146 
204 1144 80 103 0.023496516 
627 1258 14 18 0.023462046 
239 1232 15 21 0.023440069 
564 139 85 120 0.023429168 
609 690 12 15 0.023314988 
702 1199 16 20 0.023271875 
708 1218 27 31 0.023158362 
582 1133 13 15 0.023056634 
652 1192 15 19 0.023056258 
221 1204 32 37 0.023032548 
335 1194 15 18 0.022959545 
69 805 21 27 0.022927405 
301 1126 13 16 0.022906506 
354 1299 44 55 0.022901397 
579 673 14 18 0.022877239 
163 1181 33 40 0.02279401 
359 1195 12 15 0.022739787 
148 1375 16 20 0.022722883 
332 1133 13 16 0.022706233 
663 1173 11 13 0.022705482 
336 1221 12 16 0.022576606 
204 1304 29 37 0.022468645 
210 1229 48 59 0.022427877 
527 1134 12 15 0.022337748 
290 1191 26 34 0.022327358 
189 1145 15 19 0.02226441 
590 1309 10 12 0.022212217 
42 1274 14 18 0.022208035 
38 802 12 15 0.022152351 
501 1131 11 13 0.022067666 
324 1323 13 17 0.021998774 
500 1208 24 30 0.021955596 
684 1160 13 18 0.021878615 
234 1270 30 39 0.021854127 
642 1212 21 28 0.021830501 
271 1217 46 57 0.021778505 
621 676 12 14 0.021732995 
710 1200 26 33 0.021709174 
697 1288 26 33 0.021636784 
550 677 11 13 0.021627164 
502 1293 12 14 0.021609163 
421 1090 26 31 0.021555442 
187 1177 47 58 0.02150459 
118 1327 24 29 0.021485388 
382 1193 15 17 0.02146012 
599 1142 12 13 0.021422565 
604 1284 10 15 0.02135203 
268 1343 13 15 0.021351514 
700 1252 11 14 0.021325478 
8 804 10 13 0.021304306 
356 1172 11 14 0.021199692 
438 1229 12 13 0.020978542 
603 729 12 17 0.020978427 
661 662 9 11 0.02097686 
611 661 20 26 0.020936698 
453 1342 16 17 0.020917844 
319 1250 44 55 0.02084486 
212 1219 30 34 0.020791663 
659 1136 11 14 0.020787975 
642 1204 16 20 0.020773109 
295 1203 13 16 0.020765979 
508 635 22 30 0.020733967 
423 1100 13 16 0.020707259 
495 1132 11 14 0.020699665 
627 1251 13 16 0.020685604 
308 1171 15 18 0.020674065 
357 1304 14 19 0.020659482 
287 1204 46 56 0.020658942 
594 1218 13 16 0.020647021 
604 1162 15 16 0.020644052 
579 635 11 14 0.02052172 
615 679 11 14 0.020512719 
622 1210 12 16 0.020468533 
268 1353 14 17 0.020390954 
589 1228 14 16 0.020365074 
624 658 21 27 0.02031492 
547 685 13 15 0.020310376 
233 1138 19 23 0.020245656 
144 762 13 15 0.020238303 
344 1061 91 119 0.020214297 
436 1164 14 17 0.020191738 
478 1188 12 13 0.020185357 
695 1245 13 16 0.020172315 
565 1143 13 17 0.020126605 
420 1334 21 27 0.020109653 
13 1312 15 18 0.020080676 
273 1133 27 31 0.020067789 
367 1201 15 18 0.02002625 
404 1167 11 15 0.020017909 
