18_Concerts_Concerts_18_670
19
293 178 32 35 0.9877082 
277 248 389 515 0.5841411 
783 115 15 19 0.5177142 
811 314 28 28 0.22106674 
151 176 23 31 0.21488099 
61 201 16 21 0.10240755 
692 133 12 14 0.07662103 
51 208 18 20 0.06148507 
903 316 13 15 0.055235527 
914 495 26 30 0.035627678 
824 316 19 20 0.03464006 
892 298 16 18 0.029403802 
394 415 253 296 0.027921215 
831 108 13 16 0.025170194 
834 313 14 18 0.024483 
689 141 11 12 0.02438074 
899 309 15 18 0.024371443 
140 183 28 29 0.021762231 
297 173 21 24 0.021051617 
