18_Concerts_Concerts_18_60
29
502 399 26 34 0.9789767 
255 379 20 23 0.8602288 
717 405 16 23 0.12583524 
288 521 92 132 0.11879451 
67 188 150 203 0.10181907 
437 41 119 180 0.07115415 
709 480 20 27 0.06648713 
1001 625 24 36 0.06421385 
93 358 16 22 0.060303964 
983 608 9 11 0.059931885 
513 445 22 31 0.05363678 
950 588 9 11 0.032634728 
976 619 9 13 0.03127159 
978 615 9 11 0.029059555 
488 75 109 184 0.028332118 
927 657 9 12 0.027478496 
717 476 23 31 0.02674421 
936 600 9 11 0.024525268 
240 406 10 13 0.02342157 
981 612 9 12 0.023057396 
950 607 7 10 0.022626337 
456 510 32 34 0.022529742 
243 405 13 17 0.02207532 
720 471 10 12 0.021995533 
8 83 94 145 0.021815028 
806 536 9 10 0.02152318 
482 441 25 31 0.020618133 
487 485 31 36 0.020467296 
538 378 403 518 0.020100737 
