18_Concerts_Concerts_18_522
58
628 661 64 82 0.99849045 
494 650 82 107 0.9948885 
83 637 69 95 0.99356294 
374 586 65 99 0.982777 
892 602 66 101 0.96960044 
516 218 57 87 0.38130707 
937 1340 26 34 0.3249348 
950 26 13 17 0.27741152 
614 271 40 46 0.24875985 
996 27 14 17 0.21865468 
343 1330 20 23 0.12079435 
732 296 64 80 0.10941489 
920 31 10 13 0.100302525 
906 87 17 22 0.098268636 
897 35 14 17 0.08511497 
334 568 15 21 0.04805082 
296 1340 21 25 0.046133935 
56 758 184 245 0.039766148 
913 20 9 11 0.036293782 
956 51 14 18 0.035989657 
667 134 12 15 0.033504754 
608 289 38 41 0.032486174 
338 574 16 20 0.032314498 
922 248 13 16 0.031637963 
602 270 32 36 0.030950807 
940 36 12 16 0.030355325 
1009 964 10 13 0.029615125 
22 196 12 14 0.02959918 
335 1362 14 19 0.029443493 
918 23 9 11 0.027466897 
426 241 46 57 0.027258327 
929 11 11 14 0.02709597 
379 1335 14 17 0.02591169 
540 239 54 70 0.025810964 
696 35 409 480 0.025785523 
162 1360 15 21 0.025103543 
366 1322 12 15 0.025027761 
954 23 12 15 0.024312662 
431 582 12 15 0.024137951 
575 253 44 54 0.024018798 
154 1336 16 19 0.024016263 
809 1319 27 33 0.02396584 
991 22 14 17 0.023619553 
783 46 11 14 0.023261484 
949 55 15 18 0.02309986 
933 43 13 17 0.022802146 
1003 33 16 19 0.022688862 
3 420 23 34 0.022514626 
935 31 10 13 0.021938507 
388 1337 14 18 0.021518767 
480 185 90 133 0.021416109 
1 152 25 37 0.02123476 
966 47 11 14 0.021076435 
973 25 13 16 0.020587692 
674 1337 25 30 0.020497488 
454 256 53 69 0.020303328 
783 511 11 13 0.020141704 
48 1300 8 11 0.02003706 
