18_Concerts_Concerts_18_665
18
522 150 240 290 0.999954 
481 1043 454 421 0.23258135 
548 1290 160 120 0.14713177 
95 1029 82 116 0.13474268 
536 588 136 161 0.12836201 
538 10 359 474 0.10156334 
457 493 426 459 0.06953084 
540 1188 271 208 0.054970313 
266 961 29 40 0.039296843 
131 966 14 18 0.031911425 
449 1152 253 270 0.028950442 
674 189 15 20 0.023830818 
585 599 26 31 0.02284189 
533 621 282 223 0.022628024 
414 242 116 163 0.021303715 
951 972 26 31 0.021017883 
664 621 249 325 0.020604659 
118 965 26 30 0.020262526 
