18_Concerts_Concerts_18_602
362
557 385 30 41 0.99856853 
309 387 24 33 0.9967002 
939 379 32 42 0.9960295 
896 484 42 55 0.99499017 
166 405 24 30 0.9936786 
453 346 16 20 0.99330175 
458 487 27 38 0.9925827 
368 392 28 39 0.9914034 
772 332 16 20 0.9912435 
480 399 27 34 0.99061066 
329 506 36 57 0.9896249 
106 256 15 19 0.9828001 
257 536 30 45 0.9802744 
141 255 15 19 0.9737726 
737 374 18 22 0.9677554 
189 262 13 17 0.95783085 
50 381 22 30 0.9380437 
407 391 20 28 0.9352519 
305 527 38 55 0.9298039 
838 341 15 20 0.92729056 
78 420 22 27 0.91267735 
248 300 21 28 0.9001767 
230 297 17 22 0.8895873 
22 338 15 20 0.88403136 
345 379 18 25 0.88140905 
481 260 10 13 0.8721294 
137 404 25 30 0.8719421 
189 362 21 26 0.83790433 
261 261 14 17 0.82474375 
871 371 22 27 0.80620706 
514 394 19 28 0.8053607 
473 362 19 23 0.77520376 
582 260 9 13 0.76628715 
302 256 13 16 0.76137674 
438 329 13 18 0.7373834 
518 322 16 20 0.72448075 
616 267 11 15 0.70507693 
567 336 14 18 0.70176965 
131 395 16 20 0.6755742 
397 325 12 15 0.6275837 
710 337 16 20 0.61610585 
40 346 16 20 0.6157482 
669 339 16 20 0.5301763 
681 354 13 20 0.49902686 
278 529 41 52 0.4806018 
167 266 14 18 0.4697902 
333 271 11 14 0.43818706 
408 288 11 13 0.41161218 
281 484 30 34 0.4100899 
398 355 13 16 0.40836903 
508 303 9 12 0.39396915 
339 331 14 16 0.36655048 
871 470 27 31 0.36350045 
523 339 14 17 0.3565938 
506 375 19 22 0.3487394 
87 720 30 31 0.33593136 
875 341 12 14 0.32899624 
0 282 9 17 0.3272166 
838 428 22 29 0.31408963 
549 277 8 11 0.28651947 
676 347 13 18 0.2745702 
917 336 13 16 0.26897258 
552 306 10 12 0.2656827 
577 261 9 13 0.26486003 
244 386 24 26 0.26483336 
383 277 9 11 0.244167 
25 462 29 35 0.23851289 
114 410 14 17 0.2384539 
901 350 10 16 0.2382682 
375 303 10 12 0.20647438 
222 268 15 19 0.20581058 
348 331 15 18 0.2014907 
291 238 11 13 0.19451576 
325 259 12 14 0.19406109 
154 404 23 29 0.18915421 
49 261 13 18 0.18653971 
35 398 15 19 0.18167274 
401 320 10 13 0.16876525 
350 278 12 16 0.16624038 
600 355 16 20 0.15725525 
406 318 10 13 0.15714072 
37 464 30 32 0.15350182 
116 412 22 29 0.15045317 
392 331 12 15 0.14953178 
392 296 10 12 0.14947839 
240 453 23 28 0.14662226 
118 425 15 21 0.14435883 
391 301 9 12 0.14364694 
367 274 11 14 0.1381533 
14 334 18 25 0.13811596 
813 426 22 28 0.13557138 
915 354 12 14 0.13203529 
873 446 33 36 0.123795 
651 353 15 17 0.12337549 
196 433 16 21 0.11905586 
5 337 16 21 0.11890236 
434 308 9 11 0.1157677 
915 345 15 18 0.11508407 
374 276 9 13 0.11245479 
313 485 25 29 0.112100564 
924 340 11 14 0.108961985 
454 287 8 11 0.108653024 
736 355 12 16 0.107426755 
437 383 23 26 0.10540152 
606 334 12 14 0.10266172 
767 664 57 48 0.099795975 
382 308 9 12 0.09970055 
211 271 16 19 0.099241585 
164 329 13 15 0.0991266 
255 450 26 28 0.098732226 
73 357 10 13 0.09862831 
464 557 31 42 0.09825788 
413 322 9 13 0.09635592 
290 508 33 42 0.0958234 
574 267 9 11 0.09443185 
400 311 8 11 0.092906184 
346 299 13 16 0.09285917 
0 403 13 20 0.0907859 
180 310 9 12 0.09011068 
619 272 14 17 0.08521 
390 308 10 11 0.08446163 
704 368 10 12 0.0834542 
453 304 9 11 0.08304729 
356 277 12 15 0.08274246 
823 426 21 29 0.08239707 
328 275 13 18 0.08090351 
368 300 10 13 0.080807164 
431 325 14 17 0.08014421 
439 278 9 11 0.07932403 
183 279 13 15 0.07899805 
590 279 8 10 0.07664623 
622 293 9 11 0.0756617 
437 365 12 16 0.075609185 
284 500 31 35 0.07511134 
895 353 14 20 0.07473064 
602 346 16 19 0.0738111 
583 355 12 16 0.072433256 
738 366 16 19 0.07192864 
909 347 14 19 0.07182023 
47 306 13 17 0.07086571 
854 468 28 33 0.070809476 
0 255 9 13 0.07057389 
569 268 10 11 0.069893986 
2 378 14 20 0.06970075 
660 346 15 18 0.06967186 
845 354 11 16 0.06913538 
219 485 30 33 0.06913123 
931 340 11 14 0.06724055 
912 338 14 18 0.06646462 
79 464 24 28 0.064470194 
438 302 8 11 0.06416194 
0 453 11 18 0.0640577 
496 392 25 33 0.063567735 
347 308 14 17 0.06328512 
429 363 13 16 0.059969116 
440 294 9 10 0.059894633 
320 258 12 16 0.058514416 
594 365 21 25 0.058432404 
0 409 18 27 0.058425847 
159 273 12 16 0.058060855 
675 365 16 21 0.056988873 
573 300 8 10 0.055970576 
155 297 13 16 0.054937612 
390 337 11 15 0.054384 
568 263 9 11 0.05362282 
448 303 9 12 0.053422425 
676 334 11 14 0.05339852 
373 294 9 11 0.05280138 
709 326 21 26 0.05278842 
152 467 15 17 0.05277318 
2 276 14 19 0.052142095 
405 313 9 11 0.051577717 
449 287 9 12 0.05104244 
335 326 14 18 0.050834008 
431 316 13 15 0.05049711 
150 475 20 25 0.050381508 
373 287 8 11 0.049979486 
0 382 19 31 0.049069416 
102 440 21 28 0.04892052 
491 383 24 31 0.048538487 
182 315 9 12 0.048425727 
660 354 11 14 0.04841215 
756 369 14 19 0.04818613 
819 420 13 16 0.048134916 
540 363 22 29 0.04714987 
704 388 11 17 0.04705522 
768 660 36 34 0.046998788 
274 669 17 18 0.04695747 
932 362 13 16 0.046534218 
545 273 9 12 0.04630146 
953 377 30 37 0.04607224 
87 728 15 21 0.04558618 
844 336 10 13 0.04453394 
500 380 17 23 0.044226676 
843 466 27 33 0.043366056 
494 379 16 19 0.043209184 
431 288 8 11 0.0426516 
324 494 29 46 0.04259913 
341 521 38 54 0.04184404 
367 294 10 13 0.04182123 
611 362 13 18 0.041806836 
739 350 11 14 0.041386563 
332 279 13 17 0.041181095 
420 358 14 17 0.040725004 
232 348 15 17 0.040560775 
581 230 9 11 0.040065456 
677 403 13 15 0.039893437 
439 285 9 12 0.03887598 
480 304 8 10 0.03867222 
137 389 19 21 0.038371753 
81 378 15 22 0.037751146 
107 432 21 28 0.03756531 
448 292 8 11 0.037296206 
780 409 13 17 0.037283964 
414 357 13 16 0.037117966 
396 395 22 30 0.037090726 
751 188 10 11 0.036789957 
437 394 23 29 0.036582097 
527 493 35 36 0.03655169 
132 301 13 13 0.03594627 
713 436 15 20 0.035875104 
1001 391 14 20 0.035764586 
254 277 11 15 0.03567196 
608 337 16 20 0.035065386 
316 280 13 18 0.034498546 
342 277 10 15 0.034082197 
45 459 18 19 0.03390254 
424 286 9 12 0.033855863 
343 313 14 16 0.033808164 
728 367 23 28 0.033631142 
80 759 24 26 0.033603515 
207 269 13 17 0.033542898 
486 303 8 10 0.033335302 
998 340 11 18 0.0331506 
71 349 13 17 0.033108346 
810 363 13 16 0.032934103 
550 298 18 23 0.03244107 
926 355 12 16 0.032249223 
392 348 12 16 0.03194779 
99 277 12 15 0.03171414 
520 344 13 18 0.031608187 
561 261 8 10 0.031557433 
870 366 17 19 0.03138925 
366 372 15 18 0.031225849 
438 358 12 16 0.031198436 
548 508 35 40 0.031037055 
577 255 18 23 0.030774439 
365 313 14 19 0.030686587 
611 346 15 18 0.030507214 
297 255 12 14 0.030490253 
12 403 14 18 0.030410517 
391 272 7 10 0.030216048 
629 270 10 13 0.030186713 
267 498 42 54 0.030142855 
721 432 23 29 0.02973609 
484 257 9 13 0.029734867 
567 246 8 10 0.0292919 
400 287 9 11 0.029070979 
359 271 11 15 0.029030062 
332 263 10 13 0.029002363 
214 431 16 23 0.028904123 
222 275 21 26 0.028806759 
589 350 21 25 0.028623281 
277 473 27 33 0.028245099 
586 261 10 13 0.027943168 
550 282 9 12 0.027901571 
424 325 10 15 0.027634077 
615 285 10 12 0.027536584 
671 354 13 17 0.027521567 
358 293 10 14 0.027364476 
525 359 15 20 0.027340898 
843 357 20 27 0.027303476 
860 366 36 44 0.027224122 
878 477 42 52 0.027115831 
553 366 23 29 0.02700889 
430 263 9 10 0.026405696 
106 738 27 27 0.026322093 
74 363 13 16 0.0261896 
873 337 10 13 0.026127636 
824 364 11 14 0.025880897 
743 411 14 16 0.025741909 
328 324 11 15 0.025663111 
564 550 16 19 0.025641574 
399 272 9 10 0.025640557 
353 335 14 18 0.025592666 
638 355 12 15 0.025539804 
966 375 23 30 0.0254938 
571 328 14 17 0.025338126 
849 436 17 23 0.025289964 
163 299 10 14 0.02520549 
543 495 35 33 0.024838055 
904 343 11 15 0.024805045 
124 411 15 19 0.024794472 
612 377 14 18 0.024640193 
882 355 21 26 0.024612058 
411 380 18 21 0.02456318 
543 295 9 11 0.024371604 
619 349 12 15 0.023889959 
900 357 14 21 0.023846652 
730 441 16 19 0.02378801 
77 393 15 21 0.023786189 
562 331 13 17 0.023522016 
468 349 12 16 0.023415845 
827 356 12 16 0.02341005 
356 313 15 19 0.023309618 
874 483 17 23 0.02329322 
289 479 16 18 0.023285925 
934 371 27 36 0.023267059 
108 487 18 20 0.02320145 
178 516 15 16 0.023191538 
62 267 12 15 0.02318832 
621 285 10 13 0.023161372 
617 292 9 12 0.023133177 
600 373 19 22 0.02303385 
61 434 15 19 0.022940619 
91 720 17 19 0.022753939 
532 358 20 26 0.022748617 
1012 372 11 18 0.022691362 
477 352 14 17 0.022625363 
355 324 13 18 0.022542836 
591 310 9 12 0.022486161 
133 412 18 23 0.022450544 
448 272 8 10 0.02242793 
402 351 14 16 0.022350637 
443 327 11 15 0.022346215 
392 320 10 12 0.022322778 
472 303 8 10 0.022122044 
391 359 20 25 0.022092218 
47 274 12 16 0.022087114 
675 378 16 19 0.022071568 
222 287 20 27 0.021966595 
88 325 12 15 0.02189072 
587 349 13 16 0.021830127 
415 387 18 24 0.021747528 
475 261 9 12 0.021703716 
95 729 32 30 0.021639407 
631 262 10 13 0.021594277 
560 256 8 11 0.021593038 
46 388 16 24 0.021544041 
581 311 11 13 0.021544022 
401 380 21 27 0.021488879 
401 278 8 11 0.02135802 
850 355 14 18 0.021318628 
10 275 13 17 0.021299742 
577 236 9 11 0.021293264 
663 331 16 19 0.021157153 
904 385 13 19 0.021123165 
447 338 17 22 0.020990165 
471 357 16 20 0.0209401 
509 296 9 12 0.020938069 
860 480 17 21 0.020922998 
609 269 10 14 0.020870823 
262 519 29 48 0.020853695 
473 309 9 13 0.02084637 
454 280 8 10 0.020789884 
543 373 26 34 0.020789672 
415 279 8 11 0.020670349 
766 412 13 17 0.020617211 
316 297 16 22 0.02055174 
398 292 9 13 0.020502588 
422 278 9 11 0.020254446 
70 423 18 23 0.020193312 
