18_Concerts_Concerts_18_27
28
400 173 405 539 0.9999579 
262 977 423 439 0.97131515 
92 901 375 437 0.73572546 
509 699 85 129 0.39771265 
445 883 322 494 0.29530388 
275 59 438 461 0.2522166 
85 696 460 422 0.1691642 
430 1117 301 339 0.12138544 
476 13 456 566 0.10787082 
356 272 265 374 0.08228182 
785 28 189 268 0.080685236 
788 1042 243 334 0.074134074 
643 807 451 519 0.05288933 
131 950 210 309 0.0523903 
488 380 392 481 0.050476767 
487 883 32 48 0.045022745 
-121 242 494 464 0.042477023 
5 559 441 445 0.03098071 
487 945 47 70 0.027317448 
522 920 36 37 0.025785279 
139 742 238 251 0.025252014 
526 998 445 455 0.024286514 
523 777 358 460 0.024242587 
673 2 340 454 0.02382702 
408 694 187 259 0.023160573 
879 509 100 129 0.022577275 
202 196 331 465 0.022004666 
520 878 44 57 0.02058944 
