18_Concerts_Concerts_18_920
231
757 565 11 15 0.96686983 
822 572 12 15 0.94627994 
280 504 17 22 0.90920067 
852 556 12 15 0.88685334 
981 587 12 14 0.75265026 
751 624 12 16 0.7113333 
904 565 8 12 0.6440235 
908 518 9 12 0.55126095 
869 575 10 13 0.5244392 
950 525 9 11 0.46214983 
851 501 13 16 0.45149592 
928 563 10 13 0.35849407 
243 607 41 59 0.33465478 
232 612 31 51 0.33289045 
998 616 11 13 0.32067454 
739 603 11 14 0.31368688 
943 579 11 13 0.30013835 
868 526 10 13 0.2832131 
829 555 10 13 0.2676295 
967 612 10 13 0.26212105 
800 556 9 12 0.25862563 
932 560 10 12 0.25856066 
903 488 10 13 0.24789299 
614 600 17 19 0.24774761 
875 665 13 16 0.23832099 
869 532 11 14 0.2184979 
769 623 10 12 0.2166437 
818 528 8 11 0.21615562 
855 590 10 13 0.21608797 
1005 516 8 11 0.2104298 
920 572 11 14 0.18807751 
912 629 12 15 0.17942558 
344 0 26 32 0.17906821 
897 610 10 13 0.17567207 
799 575 10 13 0.16991769 
617 566 8 9 0.11979779 
831 595 13 16 0.11614792 
402 11 16 20 0.11247519 
837 551 9 13 0.109658554 
662 413 36 49 0.10877871 
791 550 8 11 0.105939254 
884 588 10 14 0.1035134 
917 535 9 12 0.10294561 
725 105 16 19 0.10237074 
896 623 10 13 0.09909557 
986 589 10 13 0.09744528 
604 588 29 32 0.096919656 
756 597 12 14 0.086980775 
928 614 8 10 0.08640465 
766 638 11 13 0.086261444 
835 590 11 15 0.08308581 
871 538 12 14 0.08122985 
868 520 11 14 0.07700509 
448 92 31 36 0.07657542 
858 557 11 14 0.07435978 
723 161 15 21 0.07189567 
716 165 16 19 0.07092855 
762 59 16 19 0.07061236 
926 580 10 12 0.06757123 
884 596 11 15 0.0666371 
710 112 15 21 0.06459549 
950 587 10 12 0.063217334 
771 627 10 13 0.06289843 
881 603 9 11 0.06072513 
957 0 24 23 0.060508274 
834 69 101 105 0.05799934 
936 580 10 12 0.05779164 
549 56 63 75 0.05656297 
590 574 8 11 0.05621517 
881 628 9 13 0.053296696 
804 556 10 12 0.05206832 
798 566 10 12 0.050334353 
754 569 10 14 0.05028883 
904 511 10 14 0.049848873 
1002 611 11 15 0.049148303 
862 541 9 13 0.048804026 
693 168 16 19 0.048267026 
737 639 10 12 0.047581308 
820 531 9 12 0.04684318 
999 477 12 15 0.04666788 
813 616 13 16 0.04609944 
757 66 15 18 0.04533634 
901 496 12 17 0.045328803 
254 43 15 15 0.04502321 
856 88 65 64 0.044738404 
904 521 11 13 0.041879486 
866 579 10 14 0.04166206 
948 575 10 13 0.041625313 
394 3 27 34 0.040046893 
714 106 19 24 0.038901187 
897 523 9 12 0.038879663 
928 552 9 12 0.0387922 
601 575 9 12 0.03856364 
879 623 9 12 0.03850968 
755 52 26 30 0.038030867 
752 602 12 14 0.03775596 
633 421 57 72 0.03763192 
898 493 11 13 0.036939014 
671 565 8 10 0.036623713 
978 582 11 14 0.036076784 
856 541 10 12 0.035652082 
756 74 13 16 0.035564546 
877 539 10 13 0.035362996 
907 493 9 13 0.03526471 
200 565 11 13 0.03438382 
908 500 10 13 0.03394367 
826 563 13 16 0.033171386 
925 608 9 12 0.03291471 
589 568 9 11 0.032825995 
787 550 7 11 0.032791715 
187 515 13 16 0.032763273 
869 585 11 14 0.03274947 
993 618 12 14 0.032308593 
852 515 11 14 0.0320901 
890 572 9 12 0.031884853 
966 541 9 10 0.03169721 
287 504 15 20 0.03164598 
766 536 7 9 0.031606156 
764 603 11 14 0.03141461 
886 627 9 12 0.03129286 
824 551 11 14 0.030958485 
803 573 11 14 0.030954454 
804 74 15 19 0.03071647 
912 538 9 12 0.030483602 
971 606 11 14 0.029854994 
839 619 9 12 0.029692098 
590 579 11 12 0.029073404 
792 555 10 12 0.028677989 
750 76 14 16 0.028624838 
877 93 13 15 0.028123662 
894 599 11 13 0.028074235 
752 596 21 24 0.028056124 
799 630 8 11 0.027801404 
683 400 39 58 0.027652053 
762 598 11 13 0.027461214 
884 104 25 29 0.027379803 
887 604 9 13 0.02736508 
967 478 8 10 0.027354728 
868 598 11 13 0.027240196 
861 587 11 13 0.026725272 
604 578 13 15 0.026683617 
701 115 21 27 0.026533095 
739 607 14 17 0.026494792 
814 53 25 30 0.02649162 
662 574 8 10 0.026428543 
860 613 11 14 0.026419165 
942 558 9 10 0.026364349 
630 566 8 10 0.026302166 
686 162 15 19 0.026254764 
751 592 11 13 0.026223939 
249 636 37 47 0.02615684 
710 84 12 15 0.025986573 
280 543 24 36 0.025964128 
713 120 16 19 0.025921395 
685 655 10 12 0.025911625 
213 625 59 76 0.025750348 
709 424 14 18 0.025661066 
756 109 15 18 0.025610073 
999 597 10 13 0.025510456 
862 562 10 14 0.025490046 
898 487 10 13 0.025474615 
823 598 10 13 0.025425395 
974 542 9 10 0.025105586 
828 579 10 13 0.024876533 
950 501 9 11 0.024832256 
988 583 10 12 0.02454964 
554 27 108 116 0.024527287 
684 106 16 21 0.024481205 
896 499 11 15 0.024466654 
908 559 10 13 0.024288494 
902 627 11 14 0.024277711 
629 152 16 21 0.024166455 
709 168 18 19 0.024110842 
449 103 44 53 0.023960445 
904 511 17 23 0.023822982 
916 624 10 12 0.023744853 
876 644 10 13 0.023611916 
892 547 12 14 0.023475936 
858 620 9 12 0.02344336 
749 83 15 18 0.023237508 
865 570 18 22 0.023126518 
853 686 9 11 0.023088083 
901 560 18 23 0.023059934 
963 613 8 12 0.022961752 
675 112 21 28 0.022868808 
848 552 12 15 0.022668 
805 597 10 13 0.022646694 
402 128 41 54 0.022628998 
917 13 16 19 0.022614472 
973 471 8 11 0.022556325 
76 515 97 132 0.022343565 
960 551 10 12 0.022331499 
798 613 10 13 0.022312861 
893 540 13 15 0.022305427 
771 635 12 15 0.022246307 
885 540 12 14 0.022235423 
584 640 8 10 0.022072503 
736 595 18 24 0.022009643 
621 570 10 12 0.021744147 
645 135 16 21 0.021699304 
751 608 21 24 0.021698032 
793 567 9 12 0.021697393 
783 581 8 10 0.02167506 
982 614 9 11 0.0216087 
805 640 11 13 0.02159521 
765 615 12 15 0.021562183 
691 120 15 19 0.021482462 
810 73 14 18 0.021360055 
908 487 9 13 0.021316156 
927 588 9 11 0.021255087 
694 170 26 27 0.021239787 
748 68 23 27 0.021126559 
873 99 25 31 0.021097837 
870 501 9 11 0.021061243 
887 567 10 12 0.020989416 
951 496 8 10 0.020949682 
999 470 11 15 0.020923447 
657 567 7 10 0.020871017 
870 494 10 12 0.0208279 
719 660 10 12 0.02076162 
949 528 11 14 0.02075415 
688 108 21 29 0.020744119 
435 101 26 29 0.02060767 
921 464 98 129 0.020438114 
991 575 9 11 0.020388415 
568 575 9 11 0.020379052 
793 573 9 13 0.020305367 
805 604 10 12 0.02030112 
151 566 8 10 0.02021577 
669 121 16 22 0.02013875 
830 542 11 13 0.020095624 
