18_Concerts_Concerts_18_151
1197
202 90 17 21 0.9947819 
852 62 16 21 0.9942181 
36 80 13 19 0.982021 
727 317 20 29 0.9641823 
121 332 20 24 0.9611472 
505 137 18 23 0.9598242 
783 146 17 22 0.9581907 
981 270 16 26 0.9567882 
696 143 16 22 0.95303226 
331 262 19 25 0.95260596 
475 205 17 22 0.9475061 
754 260 20 25 0.93968135 
102 104 16 20 0.93557584 
955 151 15 18 0.934938 
720 58 17 21 0.93167603 
64 74 14 19 0.9234324 
464 67 18 22 0.920212 
590 323 20 27 0.91257167 
898 203 18 24 0.9034563 
998 329 19 27 0.90201443 
871 147 19 24 0.89934945 
471 259 18 20 0.8948338 
305 399 17 22 0.89424133 
671 255 18 24 0.88883126 
1011 203 13 20 0.8877982 
399 150 16 21 0.86718965 
986 59 16 21 0.862236 
871 258 19 25 0.8595168 
130 88 15 20 0.85575825 
472 320 18 21 0.8320837 
852 327 17 21 0.8204528 
499 336 17 27 0.8181832 
783 201 18 22 0.80686295 
740 412 21 26 0.8053568 
560 200 17 20 0.79401094 
344 80 16 18 0.79352725 
208 264 21 26 0.7909047 
105 55 14 18 0.7882305 
359 269 14 17 0.7562836 
581 267 18 23 0.73757094 
15 79 10 14 0.7295583 
888 437 16 23 0.7221024 
588 145 15 19 0.7092685 
711 437 21 27 0.69736814 
866 410 22 27 0.68521214 
7 346 23 31 0.6608279 
364 339 15 20 0.62080604 
98 428 19 27 0.61270994 
679 211 13 17 0.5843315 
149 396 22 25 0.5674632 
72 99 11 15 0.5585562 
340 206 13 17 0.5334048 
8 112 12 15 0.4967747 
88 284 16 19 0.4947343 
447 279 14 16 0.47602904 
868 174 14 19 0.47373372 
182 628 13 18 0.46940634 
447 606 10 12 0.41188073 
230 328 17 22 0.40895674 
293 446 17 20 0.40683913 
930 148 15 22 0.40548024 
262 433 16 22 0.39756694 
110 428 20 26 0.38460487 
594 71 13 17 0.38342458 
2 164 17 22 0.37955868 
517 237 12 16 0.37697634 
259 586 15 19 0.37178898 
773 178 12 17 0.36615294 
116 394 17 20 0.35750487 
786 172 12 16 0.35704437 
341 430 15 19 0.35491014 
835 444 15 18 0.3454618 
309 602 10 14 0.31112954 
995 153 13 16 0.2987464 
327 581 10 12 0.28854927 
215 142 14 20 0.27689296 
607 172 10 12 0.26374236 
380 620 12 14 0.25794867 
350 625 15 18 0.25226763 
120 425 20 26 0.2510101 
525 163 10 13 0.24404356 
737 93 11 15 0.24372382 
421 221 11 13 0.2412715 
284 587 10 13 0.24087465 
207 402 12 15 0.22195801 
473 141 17 19 0.2137384 
186 163 11 15 0.2136989 
187 591 13 17 0.20986642 
828 371 12 16 0.20040566 
48 238 23 29 0.19983637 
1014 43 9 16 0.19884787 
735 163 11 14 0.19587186 
693 175 13 15 0.17934129 
377 550 8 10 0.17892917 
886 68 9 12 0.17867003 
198 591 11 15 0.17632453 
787 299 15 19 0.17075841 
36 383 15 18 0.16959122 
160 630 9 13 0.16602981 
632 221 11 13 0.16426285 
622 318 13 16 0.16422012 
71 106 14 19 0.16362093 
593 592 8 10 0.1622932 
75 112 13 17 0.16195631 
549 346 15 18 0.16023298 
949 177 12 17 0.15556636 
55 10 14 18 0.15428863 
600 171 10 13 0.15265672 
117 247 23 29 0.15093656 
956 177 12 16 0.1506284 
147 373 15 19 0.14855032 
305 597 12 15 0.14838299 
641 283 11 15 0.1461758 
992 235 12 16 0.14580421 
253 640 17 21 0.1453601 
40 424 27 28 0.14515793 
113 591 9 12 0.14462991 
15 97 14 18 0.14161983 
181 622 13 16 0.14116274 
406 294 12 15 0.14001977 
36 252 11 14 0.13914676 
495 622 10 14 0.13769892 
478 598 9 11 0.13572744 
590 597 10 13 0.13182442 
310 567 8 11 0.1313779 
861 176 15 20 0.13119236 
572 386 12 17 0.1299227 
824 135 12 14 0.12679024 
379 536 10 11 0.1231881 
647 589 9 11 0.1223964 
393 329 10 12 0.12186465 
1005 173 12 15 0.120753855 
431 598 8 11 0.11999137 
404 623 10 10 0.11785133 
163 419 16 18 0.11752544 
1013 158 8 13 0.11743963 
13 366 17 20 0.11732243 
564 297 13 16 0.116998725 
916 584 9 12 0.11535437 
132 644 10 14 0.11496812 
415 607 10 12 0.11354156 
588 605 9 12 0.11315351 
744 500 26 35 0.1129758 
932 141 15 18 0.11168589 
954 591 8 10 0.11159114 
277 551 9 10 0.11078335 
195 331 12 16 0.11061555 
1004 612 9 12 0.109761134 
442 606 9 11 0.108615346 
246 322 13 18 0.1084314 
949 615 9 11 0.106423646 
850 368 14 17 0.10509062 
520 308 12 16 0.104733795 
614 345 12 17 0.10390991 
343 557 8 11 0.1029436 
492 332 16 26 0.10278847 
430 295 12 14 0.10241419 
995 162 14 16 0.10115948 
701 177 13 16 0.10105537 
369 547 9 11 0.100919 
422 592 8 11 0.10054065 
231 587 12 15 0.10045046 
982 604 9 11 0.1001601 
376 627 11 14 0.09972327 
252 96 13 17 0.09874655 
947 220 11 14 0.098262414 
388 640 15 18 0.09781895 
278 597 12 15 0.09778201 
50 233 18 21 0.096942686 
948 620 11 14 0.0967675 
188 620 12 15 0.09644303 
945 174 11 15 0.094609745 
734 235 13 16 0.09391742 
206 433 12 15 0.09378907 
361 468 12 15 0.09310576 
461 592 8 9 0.09303588 
472 308 20 25 0.09211363 
349 340 10 14 0.09103028 
91 276 16 21 0.090177424 
582 376 13 19 0.08953952 
326 589 12 14 0.08914176 
297 559 9 11 0.088846505 
624 157 11 15 0.08770487 
354 313 16 22 0.08746929 
1007 69 12 15 0.08724359 
616 582 8 12 0.086281925 
311 558 8 11 0.08594337 
270 543 8 11 0.0857163 
545 300 12 14 0.08570162 
613 606 8 10 0.08563573 
614 150 9 11 0.08550347 
271 548 10 12 0.08360882 
303 551 8 10 0.08315117 
251 572 13 17 0.08282552 
1014 560 9 12 0.08265623 
31 428 13 16 0.08188704 
716 603 12 16 0.08183704 
678 198 11 12 0.08122245 
525 237 12 16 0.080824465 
590 185 10 13 0.08080003 
730 170 13 17 0.08055514 
534 591 9 11 0.08038835 
996 258 12 17 0.07917869 
725 573 9 11 0.078639746 
684 218 12 15 0.0781331 
358 166 11 14 0.07787647 
190 615 12 13 0.07778474 
998 574 8 10 0.077573255 
329 560 8 10 0.07749731 
414 347 24 27 0.0772611 
361 604 9 13 0.07637633 
89 425 21 27 0.07591623 
328 565 11 12 0.07573853 
474 598 8 11 0.07548821 
102 569 9 11 0.07540773 
493 597 9 12 0.075263105 
549 281 13 17 0.074955955 
939 581 8 11 0.07465675 
554 613 9 11 0.07426699 
389 206 9 11 0.07418767 
636 226 11 16 0.07382469 
317 328 13 19 0.07375466 
98 588 9 10 0.07357453 
418 591 8 11 0.07315129 
58 17 13 17 0.072906315 
104 605 8 10 0.07275593 
224 416 21 26 0.07226774 
296 92 12 15 0.07182873 
855 175 13 16 0.071723126 
230 478 13 19 0.07157729 
220 619 14 20 0.07054388 
0 418 13 21 0.070413634 
638 151 10 13 0.07033303 
505 331 17 23 0.07032051 
461 276 10 15 0.07003893 
465 388 10 14 0.0697576 
635 215 10 13 0.069729 
327 606 10 12 0.06938637 
526 637 10 13 0.069109246 
111 585 8 9 0.069095664 
565 357 10 14 0.06863518 
118 379 16 20 0.06848975 
671 209 12 17 0.06838634 
400 613 11 12 0.06835323 
657 182 10 14 0.06803943 
888 550 8 10 0.06784303 
740 127 14 18 0.06778561 
527 631 9 12 0.06774229 
920 559 8 10 0.06717454 
100 421 14 21 0.06714157 
533 637 10 13 0.06700011 
309 148 9 11 0.06662856 
847 567 11 13 0.066558935 
302 590 11 13 0.06646706 
46 140 11 15 0.06633473 
584 599 9 11 0.066046216 
126 588 10 12 0.065658554 
357 572 10 12 0.06546613 
403 222 9 12 0.06518125 
493 315 12 16 0.06507067 
752 416 17 20 0.06500644 
389 337 12 15 0.06453133 
427 235 13 17 0.06451844 
13 309 11 13 0.06422367 
53 258 12 14 0.0641854 
423 612 8 10 0.06403075 
911 134 11 14 0.06381584 
399 587 10 12 0.06370644 
934 566 9 10 0.06334376 
174 652 10 14 0.063299954 
941 331 16 18 0.06295956 
449 601 8 11 0.062710755 
344 173 8 11 0.06261826 
1000 607 9 11 0.06249419 
132 638 9 12 0.062379327 
0 309 7 12 0.06229634 
782 176 14 18 0.062205046 
214 421 13 16 0.062168688 
536 622 9 12 0.062115233 
309 572 8 11 0.061802883 
85 663 15 16 0.061774775 
388 222 12 15 0.06155029 
187 425 16 18 0.061507512 
351 485 13 15 0.061456677 
884 567 9 11 0.06119352 
12 606 9 11 0.0609215 
416 596 10 11 0.060825754 
612 659 16 17 0.0608253 
44 147 13 18 0.060327556 
910 567 8 10 0.060229298 
853 433 14 21 0.06006135 
838 64 11 16 0.059841454 
373 409 11 14 0.059432134 
143 366 13 14 0.059367012 
559 134 11 15 0.05918731 
424 253 9 12 0.059085246 
193 464 28 29 0.059041698 
692 279 17 21 0.058874693 
623 568 8 10 0.058611427 
672 171 11 15 0.058281325 
253 577 15 19 0.058124285 
243 409 14 18 0.057652883 
798 290 15 19 0.05752631 
329 550 9 11 0.05750641 
57 591 8 10 0.05709384 
583 407 11 14 0.056995723 
972 638 9 12 0.056708906 
1013 565 9 12 0.05665895 
842 439 15 21 0.05642163 
47 250 14 17 0.055867754 
696 196 13 16 0.055728693 
607 150 10 13 0.05500576 
421 227 13 16 0.054749046 
477 594 9 10 0.05466972 
582 550 8 10 0.054620113 
108 301 11 15 0.054494392 
567 566 9 11 0.054479733 
439 591 8 10 0.054199826 
407 584 8 11 0.05413692 
426 220 11 14 0.054105982 
106 180 19 22 0.05394377 
147 376 24 28 0.053940628 
345 203 12 17 0.053733487 
952 563 9 12 0.053537186 
51 189 13 17 0.053314354 
975 386 13 17 0.05326338 
44 384 14 18 0.053116612 
123 354 13 17 0.052796517 
301 581 9 11 0.052757587 
652 599 9 12 0.052670248 
621 151 10 12 0.052617423 
149 599 9 12 0.052612703 
177 580 10 14 0.052517153 
828 292 18 19 0.052497644 
427 348 16 20 0.052467633 
127 629 10 13 0.052453116 
616 576 8 9 0.052326445 
700 357 12 15 0.052156683 
949 186 15 18 0.05213506 
44 344 13 17 0.052090403 
622 55 9 12 0.052045353 
631 583 8 10 0.05196777 
138 575 10 11 0.051788438 
159 404 23 28 0.051724367 
302 627 11 15 0.05161224 
296 576 10 12 0.05145705 
494 592 9 11 0.05125841 
577 518 9 12 0.0511425 
224 290 12 16 0.050974406 
129 421 16 20 0.050888196 
697 127 10 13 0.050821234 
688 599 8 9 0.050781436 
51 386 13 15 0.050779793 
334 551 9 11 0.050728485 
1009 567 9 11 0.05069591 
249 348 13 16 0.05065419 
458 592 7 9 0.050505694 
776 557 10 12 0.05046395 
915 372 28 33 0.050433896 
918 133 12 16 0.05039316 
988 239 13 20 0.050364524 
993 274 15 19 0.05005679 
631 589 9 11 0.04995961 
696 482 13 15 0.049924787 
977 606 8 10 0.049805902 
48 268 9 13 0.04962334 
597 166 11 14 0.049526364 
787 510 46 47 0.04952629 
918 155 12 18 0.04936907 
10 252 16 17 0.04925572 
619 297 16 20 0.04919115 
649 566 9 10 0.049154025 
672 580 9 11 0.049128473 
526 609 8 10 0.049072232 
266 581 14 19 0.049037915 
416 584 7 9 0.04884817 
380 357 11 13 0.048769575 
992 599 9 11 0.04858373 
968 590 9 10 0.04856005 
627 161 12 15 0.048254464 
245 559 8 11 0.048189927 
454 598 9 11 0.048175503 
557 331 12 14 0.048072502 
860 416 21 29 0.047984913 
19 81 12 16 0.047932923 
397 533 9 10 0.047925826 
567 575 9 10 0.047640044 
112 563 12 14 0.04752842 
928 559 8 10 0.04752051 
3 432 12 18 0.047368806 
661 293 13 18 0.04713264 
116 150 11 13 0.047121022 
578 631 9 11 0.04711344 
358 160 10 12 0.047049712 
425 131 12 17 0.047025427 
951 583 8 10 0.047021754 
301 557 8 11 0.046913426 
439 600 8 10 0.0466574 
1013 516 9 14 0.04641175 
14 560 11 13 0.04623625 
694 133 13 15 0.045989152 
647 349 12 15 0.045957968 
34 379 12 16 0.045952182 
281 346 25 27 0.04579798 
389 607 9 12 0.04575899 
985 576 7 9 0.045598727 
899 584 7 10 0.04557574 
596 664 11 13 0.0454024 
653 148 9 12 0.045382153 
1000 169 12 16 0.045282215 
1 330 10 14 0.04514411 
991 257 12 19 0.045139927 
55 621 9 11 0.044905376 
104 188 24 27 0.04489975 
311 627 12 15 0.044875246 
58 143 17 20 0.044754934 
665 591 8 10 0.044678695 
522 298 15 19 0.04463028 
913 587 10 12 0.044607293 
56 429 17 22 0.044567738 
163 476 11 13 0.04455172 
310 656 13 17 0.04448846 
608 534 11 12 0.044470526 
619 649 14 18 0.04435313 
600 125 12 15 0.04430406 
348 70 13 16 0.044216953 
1007 629 11 14 0.04406875 
221 479 21 28 0.0440589 
1015 590 8 12 0.0440546 
374 158 8 11 0.043879922 
372 325 11 14 0.043861102 
934 559 8 9 0.043694515 
565 239 11 14 0.043643747 
106 62 15 19 0.043553736 
203 595 10 13 0.043477945 
581 255 14 17 0.04344899 
573 258 22 28 0.043444343 
543 628 9 11 0.043203276 
644 416 9 12 0.043107618 
598 582 9 11 0.043098822 
557 258 17 20 0.042742524 
92 269 14 16 0.04274147 
921 600 7 9 0.042731598 
536 614 10 12 0.042663366 
385 294 11 14 0.042658474 
321 590 11 14 0.042631745 
271 567 11 14 0.042586092 
692 556 10 12 0.04252557 
559 352 12 17 0.04241022 
704 614 9 12 0.042408146 
674 344 22 27 0.04228961 
659 186 11 14 0.042161383 
624 588 8 10 0.042047143 
596 552 10 11 0.041988373 
351 290 14 19 0.041983787 
635 269 11 15 0.04196442 
997 232 12 18 0.041962434 
357 320 21 29 0.041960016 
179 405 12 17 0.041921504 
911 560 8 9 0.04185257 
374 483 13 16 0.041799817 
942 413 10 14 0.04178482 
837 469 12 14 0.04173133 
926 140 14 17 0.041611526 
552 576 8 11 0.041438494 
166 598 8 11 0.041420467 
424 244 12 16 0.04135623 
56 616 9 11 0.04131609 
518 591 8 11 0.041124318 
149 619 11 14 0.04108254 
1009 29 11 16 0.0409267 
595 151 15 18 0.040853377 
160 598 10 12 0.04082392 
285 625 15 19 0.04068189 
633 560 8 10 0.040630896 
942 598 8 9 0.04050416 
647 602 11 13 0.04046952 
34 246 22 26 0.04027672 
488 342 13 21 0.04023367 
489 74 11 14 0.0401953 
463 597 9 11 0.04006298 
943 576 11 13 0.040055152 
293 626 12 17 0.04004314 
232 407 21 24 0.04000311 
853 356 14 19 0.039556388 
550 631 10 11 0.039451484 
318 642 15 18 0.03940516 
38 247 11 14 0.03920808 
612 167 10 13 0.038970172 
471 606 9 11 0.03889789 
181 412 21 26 0.03888321 
172 408 15 20 0.03888209 
127 250 17 21 0.038836803 
898 566 8 11 0.038778532 
316 621 12 15 0.038679402 
357 83 12 14 0.03867472 
824 568 8 10 0.038570546 
791 297 22 27 0.03849229 
309 551 9 12 0.038320374 
168 323 13 16 0.03829348 
535 628 9 12 0.038206547 
627 293 13 16 0.038142886 
263 550 11 12 0.038121898 
0 506 19 32 0.03807066 
334 558 9 11 0.038058862 
725 149 10 13 0.038025763 
35 429 17 21 0.03796335 
412 351 16 18 0.03788869 
631 576 8 9 0.03781174 
951 608 8 9 0.03779065 
751 180 9 13 0.03775201 
373 595 10 12 0.037742462 
705 597 10 13 0.03768105 
433 298 13 16 0.037603643 
885 573 8 10 0.037601933 
412 359 16 19 0.037577685 
358 551 9 10 0.037535578 
203 372 13 18 0.037436236 
705 441 15 20 0.03743564 
363 264 11 14 0.037407465 
609 600 9 11 0.037354376 
377 614 12 14 0.037248917 
999 592 8 10 0.037136935 
800 592 9 10 0.037130628 
118 628 11 13 0.037034735 
375 583 8 10 0.037013263 
274 197 17 20 0.03687918 
977 601 7 9 0.036768332 
78 588 9 11 0.03667747 
1013 629 10 15 0.036659412 
814 273 14 17 0.03657949 
358 560 10 11 0.03650641 
344 168 9 11 0.036365 
934 553 8 9 0.036292218 
614 238 13 15 0.03627192 
158 622 10 14 0.03613835 
304 574 10 12 0.03612744 
903 141 10 13 0.036056437 
441 612 9 11 0.03596461 
654 559 9 11 0.035948884 
8 80 14 19 0.03585749 
195 426 15 18 0.035854258 
482 144 15 18 0.035757925 
97 534 8 10 0.035744432 
359 62 9 11 0.0356339 
472 174 10 14 0.035626743 
100 148 15 18 0.035585828 
582 591 8 10 0.035566565 
576 407 10 14 0.035529066 
53 138 16 18 0.035522003 
367 598 9 11 0.035463035 
670 283 11 16 0.035461918 
143 616 10 13 0.035425033 
904 560 8 9 0.035399757 
900 157 11 14 0.03539853 
392 532 11 12 0.035391096 
137 97 14 19 0.035373416 
374 591 10 11 0.035339523 
619 308 16 19 0.035307612 
210 541 11 14 0.0352988 
79 326 22 28 0.035224788 
971 643 11 13 0.035216726 
73 599 8 9 0.035147216 
125 624 9 12 0.03510385 
369 343 16 18 0.035049297 
196 348 16 20 0.034778275 
220 315 25 31 0.034714554 
727 157 10 13 0.03471273 
362 316 14 18 0.034633458 
47 607 8 10 0.03459356 
390 599 9 11 0.03456899 
480 604 8 11 0.034556195 
259 574 13 16 0.03455042 
935 574 11 13 0.03454839 
393 583 9 12 0.03448393 
696 361 12 15 0.03447235 
171 316 14 17 0.0344687 
336 184 9 11 0.034445334 
395 339 12 16 0.03443265 
692 223 12 14 0.034407433 
428 251 10 13 0.034399413 
429 303 15 19 0.034325056 
899 191 17 20 0.03423208 
374 111 13 16 0.034204464 
484 435 14 17 0.034135703 
499 121 13 16 0.03413387 
324 438 14 17 0.034117725 
376 524 9 12 0.034113903 
520 217 14 17 0.034111924 
707 175 11 15 0.03407187 
101 411 15 20 0.034064196 
583 70 10 13 0.034037158 
249 543 9 11 0.034015592 
782 292 16 19 0.03400182 
543 473 10 11 0.033923365 
275 449 14 17 0.033882543 
55 125 13 14 0.033865232 
117 590 10 13 0.033856478 
956 559 8 10 0.033850174 
822 581 9 11 0.033818565 
404 246 11 13 0.033798877 
79 662 13 16 0.033773284 
961 607 8 10 0.03361096 
1015 606 9 13 0.033607017 
794 608 7 10 0.033604972 
524 141 12 15 0.03356867 
141 581 10 12 0.033476382 
631 597 8 11 0.033466745 
19 253 10 13 0.033452 
745 421 27 30 0.033375762 
667 430 14 17 0.033360496 
866 131 15 17 0.033344753 
588 535 9 10 0.033295654 
575 589 9 11 0.033235066 
411 639 14 19 0.033161953 
943 559 7 9 0.03306963 
647 134 9 12 0.033054218 
471 613 8 10 0.03304404 
609 652 10 14 0.033042256 
507 323 15 18 0.033012606 
638 288 13 18 0.03299289 
543 293 13 16 0.03296249 
252 76 12 15 0.032940622 
529 592 8 9 0.032937404 
404 313 15 18 0.03286788 
859 354 13 16 0.032783557 
657 549 10 11 0.03274893 
575 392 12 16 0.03273762 
232 403 12 17 0.032722183 
384 470 11 13 0.032711618 
961 149 14 17 0.032676946 
407 589 8 10 0.032676313 
913 608 9 11 0.03263462 
556 597 10 12 0.032633822 
687 227 13 15 0.032598767 
488 605 8 11 0.032589655 
695 250 15 21 0.03253052 
349 308 16 22 0.03252846 
269 71 14 18 0.032420635 
335 194 20 27 0.032363515 
480 614 8 10 0.03235863 
568 662 11 12 0.032339856 
14 299 12 14 0.032329872 
769 613 11 14 0.03232878 
353 552 8 10 0.032294713 
169 557 10 12 0.032248337 
342 183 10 12 0.032218684 
380 520 10 12 0.032194532 
95 631 9 11 0.032185398 
617 54 10 13 0.032142136 
839 584 8 10 0.032140765 
556 606 11 13 0.03211136 
314 648 17 22 0.031989835 
381 115 12 15 0.03198839 
849 561 9 11 0.03196818 
606 226 14 17 0.03194973 
398 134 10 13 0.031900212 
99 281 13 17 0.031895734 
951 407 25 29 0.031799465 
542 338 15 19 0.031789694 
771 132 12 15 0.031787813 
383 338 12 15 0.031753987 
638 233 11 16 0.031753875 
22 428 13 17 0.03166398 
878 428 22 28 0.03165824 
614 600 8 11 0.0315733 
522 613 9 11 0.031493578 
284 594 11 15 0.031439 
278 623 15 20 0.031367112 
86 290 20 27 0.031348575 
430 613 9 11 0.031347238 
938 492 12 16 0.03133414 
504 591 8 11 0.03129413 
144 362 22 25 0.031290606 
798 596 9 11 0.031278957 
546 320 16 19 0.03127062 
678 629 8 11 0.031255238 
640 590 9 11 0.03115639 
397 347 13 17 0.031137729 
647 334 10 12 0.03107252 
802 194 12 14 0.03105906 
186 581 14 16 0.031007867 
344 606 9 12 0.03098626 
287 448 14 19 0.030803785 
551 177 12 15 0.030766148 
540 399 14 18 0.030763553 
377 557 9 11 0.030758757 
286 548 10 12 0.030726701 
593 550 9 11 0.030713666 
247 641 14 21 0.030696264 
269 48 14 16 0.03063737 
152 627 12 15 0.030600773 
119 572 10 12 0.030574251 
135 587 10 12 0.03054896 
882 63 10 13 0.030511307 
665 211 11 15 0.03048263 
606 365 13 16 0.030482333 
547 162 13 18 0.030463714 
310 581 9 11 0.03030111 
39 311 9 13 0.030295797 
355 566 9 12 0.030210592 
717 566 10 12 0.030120285 
588 405 11 15 0.030116519 
558 294 14 16 0.030044593 
355 164 20 25 0.030026406 
639 583 8 11 0.030017132 
765 554 11 14 0.0300155 
840 567 10 12 0.030005498 
630 606 9 11 0.029982153 
365 205 9 14 0.02997262 
497 45 9 12 0.029937526 
666 479 17 18 0.029916516 
505 165 11 16 0.029904757 
617 73 9 10 0.029873328 
920 151 19 25 0.029860007 
277 555 10 12 0.029826736 
207 338 12 16 0.029819865 
483 315 14 19 0.029787648 
564 192 14 16 0.029739756 
135 581 12 14 0.029668353 
283 403 12 18 0.029655885 
653 349 14 16 0.029607713 
571 356 12 15 0.02957464 
904 598 7 10 0.029561661 
613 646 15 17 0.02949334 
759 598 7 10 0.02941635 
465 434 15 20 0.029395372 
179 555 13 15 0.029370287 
222 425 21 28 0.029351333 
709 562 14 17 0.02932716 
392 215 9 11 0.02920382 
147 150 13 15 0.029154733 
1 414 21 30 0.029140396 
566 582 11 12 0.029061222 
527 622 10 12 0.029050125 
353 165 10 13 0.029046157 
368 493 15 17 0.029040417 
882 347 14 17 0.029037446 
278 612 13 17 0.02899487 
53 267 11 14 0.028959475 
597 200 13 17 0.02891783 
211 327 23 29 0.028902007 
674 245 16 20 0.028830359 
514 331 14 19 0.028827975 
183 431 21 24 0.028814437 
997 597 9 11 0.028793119 
678 153 12 15 0.0287826 
598 398 13 15 0.028701227 
175 543 11 14 0.028680036 
189 605 10 12 0.028677644 
318 605 10 12 0.028667511 
153 636 11 13 0.028657861 
711 582 11 12 0.028654289 
384 225 12 15 0.028566165 
406 607 12 13 0.028478496 
625 600 8 9 0.028443536 
669 591 9 11 0.028416697 
381 582 9 11 0.02837296 
935 592 10 11 0.0283329 
746 407 17 20 0.02832641 
248 549 9 11 0.028307978 
199 637 11 15 0.028302776 
191 418 17 19 0.028302709 
485 55 9 11 0.028276695 
234 659 16 19 0.028268501 
672 557 8 10 0.028260533 
184 602 11 13 0.028233003 
791 527 12 13 0.028226819 
970 630 9 11 0.028201202 
115 595 9 12 0.02819593 
119 613 9 11 0.028136475 
948 575 9 11 0.02809236 
170 416 14 19 0.028070884 
318 566 9 11 0.028023014 
234 396 15 19 0.028022485 
797 170 12 17 0.027960522 
406 641 13 19 0.027912216 
305 144 9 12 0.02784144 
541 364 16 21 0.027823567 
200 403 13 16 0.027745722 
967 608 8 10 0.027714098 
1006 228 11 15 0.027694752 
358 454 11 15 0.027679715 
616 292 14 17 0.02762776 
49 260 11 14 0.02762317 
512 141 16 21 0.027605558 
530 164 10 14 0.02755198 
830 436 15 22 0.027551964 
542 607 10 12 0.027542863 
468 662 13 16 0.027503448 
237 651 15 18 0.02749135 
97 298 21 26 0.027472103 
15 589 8 10 0.027436903 
370 332 14 19 0.027370473 
300 660 15 17 0.027346566 
1015 539 9 13 0.027326174 
604 405 11 14 0.027309697 
838 573 10 12 0.02727626 
263 438 25 29 0.027260846 
494 138 13 17 0.02726054 
653 165 9 12 0.027251959 
390 328 18 24 0.027248235 
664 220 9 14 0.027228195 
24 234 12 16 0.027216632 
260 556 11 12 0.027211389 
499 316 17 19 0.027185136 
641 439 9 11 0.027155273 
374 635 10 15 0.027136194 
1008 559 11 13 0.027135873 
405 350 14 17 0.027109545 
573 471 9 12 0.027103005 
293 55 11 15 0.027059264 
271 187 11 14 0.027056457 
521 608 8 9 0.027013335 
115 634 13 16 0.026956988 
857 321 22 28 0.026914177 
632 565 8 10 0.026889475 
134 139 11 15 0.026885904 
431 605 9 11 0.026863284 
710 599 12 15 0.02684638 
237 323 20 25 0.02676721 
408 599 8 10 0.026750525 
582 623 11 13 0.026721392 
319 595 11 14 0.02671739 
856 333 17 20 0.026663996 
519 158 12 15 0.026605844 
156 197 14 16 0.026600765 
540 328 17 20 0.026530255 
149 73 13 18 0.026523776 
516 285 11 14 0.026410433 
439 232 11 14 0.026407592 
664 230 11 13 0.02637718 
148 51 12 16 0.026368156 
297 551 9 12 0.026329482 
991 479 10 13 0.026327249 
957 123 10 13 0.026288103 
712 129 13 18 0.026281793 
840 590 9 11 0.026265586 
165 274 13 15 0.026246747 
936 598 8 10 0.026210928 
558 622 10 12 0.02620905 
507 170 12 16 0.02620507 
563 254 14 16 0.026202556 
338 314 23 31 0.026194792 
927 598 9 11 0.026186353 
700 634 14 18 0.026184795 
783 582 9 11 0.026151454 
367 566 9 11 0.026122438 
340 186 14 17 0.026121367 
698 582 8 10 0.026119297 
382 574 8 10 0.026105504 
900 292 15 17 0.026104128 
897 560 8 10 0.026083142 
272 435 15 20 0.026081547 
370 583 8 10 0.026075529 
164 634 10 13 0.026064878 
31 387 20 27 0.02604106 
453 612 9 10 0.026040083 
374 215 9 12 0.026026564 
526 655 12 13 0.025994014 
389 613 9 13 0.025973719 
972 588 9 11 0.025960445 
940 342 16 19 0.02594998 
5 340 16 22 0.025943749 
957 598 8 10 0.025919084 
475 244 14 17 0.025885062 
270 346 13 16 0.025839936 
620 236 12 17 0.025832085 
718 148 12 15 0.025785249 
552 298 200 212 0.025761683 
311 444 12 16 0.02572409 
22 277 10 13 0.025669286 
480 627 10 15 0.025652817 
202 419 21 25 0.02564351 
922 132 15 19 0.025633404 
597 179 12 15 0.025628556 
952 551 9 9 0.025619151 
745 590 8 12 0.025562126 
549 170 13 17 0.025483698 
1 150 454 455 0.025413498 
974 583 10 12 0.025401458 
176 579 21 26 0.025334556 
98 572 9 12 0.025325825 
671 356 11 15 0.025307957 
648 574 9 10 0.025299015 
620 507 12 15 0.025222149 
488 622 11 15 0.025201041 
1013 149 10 16 0.02516989 
694 34 11 14 0.025132619 
997 195 12 16 0.025112929 
426 293 12 14 0.025110746 
912 156 11 15 0.025060296 
973 298 13 15 0.02498597 
788 284 15 18 0.024969505 
477 150 15 18 0.024876673 
608 574 8 11 0.024862282 
858 439 14 20 0.024847195 
115 420 18 23 0.024842203 
396 216 12 13 0.02481738 
365 80 9 12 0.024799654 
881 415 15 21 0.024775537 
619 344 15 20 0.024697192 
857 36 10 12 0.024689319 
728 164 13 17 0.024678713 
695 631 10 13 0.024647197 
260 164 14 20 0.024643017 
554 341 14 19 0.02463768 
984 582 8 10 0.024622707 
374 371 11 13 0.024620485 
343 625 15 19 0.024617873 
513 597 9 11 0.024612574 
251 409 14 19 0.024602672 
112 250 14 20 0.024596369 
1006 164 12 17 0.024584351 
347 333 21 26 0.02456975 
463 584 7 9 0.024565043 
969 559 8 10 0.024541358 
361 463 19 25 0.024535753 
665 583 8 10 0.024517007 
498 273 14 19 0.024510588 
285 565 10 12 0.02449165 
893 440 19 23 0.024483925 
88 265 23 26 0.024474667 
503 597 9 11 0.024470933 
347 506 12 16 0.024462648 
993 53 13 17 0.024434261 
616 316 14 18 0.024426358 
469 275 14 16 0.024420274 
670 568 9 10 0.024419213 
531 157 10 13 0.024417019 
366 158 10 12 0.02439673 
322 417 13 17 0.024368584 
627 345 13 18 0.024362028 
353 160 8 11 0.024350572 
109 571 12 14 0.024341684 
143 173 14 16 0.024194043 
939 134 15 18 0.024164526 
464 476 10 12 0.02416063 
135 413 24 31 0.024137363 
431 583 8 9 0.024102638 
359 462 12 16 0.02409143 
254 147 12 13 0.024086423 
117 608 9 11 0.024075683 
403 322 16 19 0.02404742 
687 147 14 18 0.02404714 
582 398 11 13 0.024016641 
993 288 17 23 0.02401614 
189 407 22 26 0.024004007 
423 583 8 9 0.024002401 
647 149 10 13 0.024000172 
50 623 8 10 0.023973415 
919 564 8 11 0.023957241 
353 63 9 11 0.023948835 
394 588 9 12 0.023913762 
946 326 13 15 0.023902327 
465 606 9 10 0.023846608 
637 565 8 11 0.023821175 
904 566 9 11 0.023812275 
517 596 9 11 0.02380238 
553 593 9 11 0.023797048 
404 331 15 17 0.023760952 
101 584 9 11 0.023755347 
202 402 22 25 0.023749435 
557 179 11 13 0.023744445 
275 100 13 18 0.023744376 
84 420 16 19 0.023698151 
950 258 11 16 0.023659108 
431 592 8 11 0.023646928 
733 150 12 15 0.02363025 
101 291 12 16 0.023626402 
355 282 16 19 0.023611236 
382 598 9 11 0.023601744 
992 592 7 9 0.023589846 
345 159 7 10 0.023582939 
946 627 9 12 0.023563271 
711 609 11 15 0.023547444 
662 237 11 16 0.023542404 
665 86 10 12 0.0234758 
987 38 10 13 0.023466153 
383 638 13 18 0.0234605 
164 622 11 14 0.023387196 
929 554 8 9 0.0233726 
639 576 8 9 0.023342675 
439 282 12 17 0.02333171 
470 373 11 15 0.02331921 
611 221 13 15 0.023297599 
1003 621 12 15 0.023275051 
772 137 15 20 0.023252549 
327 348 11 13 0.023247762 
614 154 12 15 0.023234287 
647 174 9 12 0.023234287 
274 583 19 23 0.023224633 
997 606 19 24 0.023224298 
385 422 15 19 0.02319993 
53 574 10 12 0.023167245 
585 610 10 13 0.023157671 
549 268 22 27 0.023152672 
550 268 13 18 0.023136808 
663 567 9 11 0.023110704 
9 302 9 12 0.023093762 
493 267 15 20 0.023082798 
318 323 21 28 0.023076102 
91 655 12 14 0.023063047 
653 583 9 11 0.023026515 
1010 331 12 17 0.023024697 
62 116 12 15 0.023023002 
656 372 11 13 0.022972137 
237 451 13 16 0.022963513 
7 309 10 13 0.022952339 
192 338 14 16 0.022941248 
837 362 19 25 0.022939442 
760 54 10 13 0.022884583 
631 79 9 10 0.02288113 
395 497 16 18 0.02288093 
617 46 10 12 0.02284614 
157 616 9 11 0.022833608 
41 608 9 11 0.022827342 
594 143 14 17 0.022826236 
889 599 8 11 0.022815628 
100 401 14 19 0.022813514 
637 390 10 14 0.022797728 
110 149 12 15 0.02279565 
605 236 13 15 0.02279196 
1008 590 8 11 0.022784485 
752 598 8 11 0.022742677 
541 354 16 18 0.022735296 
797 607 9 10 0.022727806 
326 543 11 14 0.02270973 
862 584 9 10 0.022692537 
262 603 12 14 0.02267431 
336 174 9 11 0.022663468 
720 117 11 14 0.022662355 
455 583 7 8 0.022650693 
1009 29 16 29 0.022650037 
631 151 12 14 0.022639932 
664 573 9 12 0.022625415 
869 480 16 19 0.022596724 
638 160 11 14 0.02256735 
119 582 10 12 0.022540707 
929 573 9 12 0.022499949 
493 72 8 11 0.022491137 
299 668 13 14 0.022474805 
1006 151 10 13 0.022472695 
68 454 10 14 0.022416474 
482 325 21 27 0.022368187 
729 237 12 15 0.022359058 
180 574 14 16 0.022347854 
630 271 14 18 0.022337142 
768 592 8 10 0.022326875 
612 362 14 18 0.022320999 
622 71 8 11 0.022303179 
739 157 12 17 0.022292111 
572 243 11 14 0.022243839 
793 613 8 10 0.022234937 
767 173 14 17 0.022211935 
548 291 13 17 0.022191564 
401 226 13 15 0.022182144 
531 258 17 20 0.022181189 
558 629 10 12 0.022177644 
191 147 11 15 0.022164956 
63 370 11 16 0.022153364 
647 343 11 15 0.022129167 
125 219 11 14 0.022111295 
885 582 7 10 0.02206375 
343 501 13 17 0.022063663 
629 232 14 18 0.022059025 
391 92 10 12 0.02200491 
212 333 13 18 0.021993566 
380 590 9 11 0.021955483 
247 565 10 14 0.021927066 
179 500 17 20 0.021864006 
767 125 11 14 0.021863831 
629 611 11 16 0.021849405 
780 424 15 18 0.021847453 
393 552 8 10 0.021832254 
376 542 9 11 0.021818347 
520 160 18 22 0.021807358 
755 288 14 18 0.02179589 
596 65 12 13 0.021780923 
929 591 8 10 0.021747284 
374 620 19 24 0.021744598 
448 244 11 14 0.021740438 
648 166 9 12 0.021731028 
134 205 13 15 0.021727085 
0 304 8 12 0.021700867 
349 293 20 28 0.021683142 
412 204 10 12 0.021668581 
149 581 9 12 0.021666361 
98 269 15 17 0.02166382 
314 396 14 20 0.021607839 
53 606 8 9 0.021604836 
134 103 13 19 0.021594197 
518 291 12 16 0.021579593 
796 209 12 16 0.021564133 
114 630 10 12 0.02155809 
968 300 12 15 0.021554347 
350 557 9 11 0.021543946 
145 602 10 13 0.021527866 
489 312 20 26 0.021512263 
835 51 13 17 0.021496298 
6 313 12 16 0.021479134 
189 90 13 17 0.02143952 
334 167 10 11 0.021406643 
9 422 20 27 0.021387259 
557 590 10 11 0.021366252 
703 572 10 13 0.02136274 
904 574 8 10 0.021347284 
277 566 10 14 0.02134247 
584 60 9 12 0.02133278 
659 356 13 15 0.021300022 
350 170 12 15 0.021287838 
448 583 8 9 0.021287668 
993 575 7 10 0.021285893 
804 590 8 10 0.021279369 
583 574 8 11 0.02126522 
618 567 8 11 0.02123436 
968 613 8 10 0.021188572 
885 332 12 15 0.021158822 
576 595 10 12 0.021138677 
375 575 8 9 0.021105511 
596 188 11 13 0.021065593 
935 606 7 8 0.021057354 
615 639 10 11 0.021039458 
222 329 17 21 0.021024516 
957 316 13 15 0.021004327 
593 171 10 13 0.02100257 
992 377 13 18 0.020986106 
1009 583 8 9 0.020981805 
558 582 10 10 0.020968754 
72 604 9 11 0.0209613 
758 592 9 11 0.020953966 
752 605 8 10 0.020927101 
696 607 8 10 0.02087292 
293 534 10 11 0.020854723 
702 581 9 12 0.020847488 
0 85 9 17 0.020841848 
122 374 14 18 0.020836921 
275 288 18 20 0.020825788 
386 620 10 13 0.020822354 
17 103 16 20 0.020819096 
284 357 17 19 0.020790225 
851 570 11 12 0.020788237 
384 200 10 12 0.020781634 
303 45 12 13 0.020754052 
406 470 9 11 0.020741828 
670 154 11 15 0.02067647 
86 646 10 11 0.020662762 
526 289 23 26 0.020653194 
174 549 14 18 0.020647606 
194 619 12 16 0.020636871 
679 192 10 13 0.020629955 
585 187 11 14 0.020624874 
679 551 8 10 0.020592978 
142 588 9 11 0.020586502 
423 260 9 12 0.020554546 
622 77 8 11 0.02053734 
179 633 11 15 0.02053405 
359 176 12 15 0.020533489 
59 229 14 18 0.020529486 
951 546 8 9 0.020528642 
503 190 10 13 0.020528222 
174 310 14 17 0.020520397 
614 623 9 12 0.02051318 
393 341 21 28 0.020502154 
321 581 11 13 0.020495053 
1000 359 13 17 0.020483082 
903 589 8 11 0.020429594 
3 325 13 17 0.02042043 
424 621 10 12 0.020410798 
141 57 14 18 0.020399982 
167 652 13 15 0.020369891 
750 498 41 45 0.02034486 
943 567 8 10 0.02034369 
153 384 23 30 0.020341402 
652 99 10 13 0.020335743 
276 76 12 15 0.020318529 
56 132 15 18 0.020272184 
49 591 8 10 0.020271806 
792 591 10 11 0.020264704 
604 489 12 15 0.020248977 
50 183 23 27 0.020241305 
613 354 14 18 0.020228326 
374 231 10 12 0.020221535 
225 267 14 19 0.020212423 
149 487 24 31 0.020195631 
288 543 9 11 0.02018604 
424 299 14 17 0.02015221 
664 100 9 11 0.02015055 
870 567 9 11 0.020149367 
958 323 15 18 0.0201398 
344 263 18 24 0.020131007 
563 291 21 27 0.020130457 
998 582 8 8 0.020069055 
995 265 14 21 0.020056998 
513 591 9 11 0.020051802 
80 274 13 17 0.02003669 
757 171 13 17 0.020024452 
