18_Concerts_Concerts_18_127
49
358 231 55 77 0.99609023 
667 171 47 73 0.9956085 
150 266 65 99 0.99436533 
274 233 48 76 0.99151456 
740 192 49 65 0.9910274 
175 163 43 62 0.98648643 
243 132 38 51 0.9862709 
846 202 31 41 0.9856579 
803 192 40 54 0.9802183 
51 179 32 45 0.9760188 
20 197 32 46 0.96852297 
531 226 52 60 0.95485824 
303 180 42 49 0.9461508 
575 188 30 38 0.94075596 
450 182 39 49 0.9395972 
950 195 39 54 0.9049523 
914 208 37 51 0.71700925 
446 232 47 74 0.6797616 
36 193 31 42 0.24462456 
443 193 51 68 0.23651735 
36 310 59 71 0.22588538 
288 199 53 68 0.100413606 
871 324 109 112 0.084804766 
892 213 34 43 0.08195876 
403 185 26 35 0.072246514 
557 203 43 57 0.0633578 
760 169 33 44 0.06239784 
461 220 31 47 0.05796624 
560 184 34 48 0.053272277 
617 192 25 39 0.051044248 
10 209 35 45 0.047781758 
930 204 49 55 0.036906693 
554 158 24 28 0.03488461 
823 201 39 48 0.03324171 
73 178 28 41 0.03139713 
616 335 50 63 0.031274382 
707 181 46 69 0.028715387 
962 214 29 47 0.027631866 
550 182 31 40 0.027268799 
224 250 51 72 0.025964621 
14 255 92 117 0.025730953 
473 244 33 52 0.025456736 
26 210 45 59 0.02400725 
541 165 27 29 0.023389848 
310 187 48 67 0.023293162 
526 147 22 30 0.02325655 
194 270 55 80 0.021203337 
380 279 32 45 0.02091223 
458 179 22 27 0.020008998 
