7_Cheering_Cheering_7_171
1023
339 317 16 22 0.9892351 
292 268 18 23 0.9889714 
222 61 14 18 0.98261833 
349 270 15 21 0.9819025 
580 249 14 18 0.97887266 
419 147 13 18 0.97874475 
389 253 14 18 0.978733 
435 282 17 21 0.9781358 
628 227 14 17 0.9778535 
426 311 16 21 0.9764563 
555 294 17 20 0.97565186 
550 264 13 17 0.9754656 
510 260 15 19 0.97465885 
57 83 15 21 0.9732233 
117 5 14 18 0.97076553 
773 163 13 17 0.96877444 
935 217 13 16 0.96717227 
924 235 14 17 0.9661438 
423 65 13 17 0.9627989 
619 296 14 17 0.959401 
462 129 14 19 0.95681953 
690 249 14 18 0.95528907 
461 228 16 20 0.95521367 
622 67 12 16 0.95478314 
812 163 12 16 0.9483871 
57 59 17 21 0.9477049 
270 68 13 16 0.94494 
602 262 16 20 0.9445131 
330 4 11 15 0.941044 
664 140 13 16 0.94058603 
535 186 14 18 0.9392563 
515 106 13 16 0.9372605 
95 159 19 22 0.9366506 
974 299 13 16 0.9365002 
346 97 13 17 0.936267 
611 237 13 18 0.9312513 
274 89 14 17 0.9297233 
613 186 14 17 0.92912287 
723 308 13 18 0.92862195 
714 233 13 17 0.9285692 
331 56 14 17 0.9282518 
907 252 12 15 0.92715436 
553 219 15 19 0.92493814 
509 130 12 16 0.9213809 
485 101 13 15 0.9212434 
472 180 15 19 0.92031354 
320 242 14 19 0.9197541 
597 138 12 16 0.9197176 
472 25 12 15 0.91394114 
497 160 16 19 0.9130095 
601 219 13 17 0.9113943 
524 65 13 17 0.910667 
52 19 14 17 0.9105932 
546 101 13 16 0.9079415 
795 195 15 20 0.9031042 
735 85 11 14 0.90089566 
349 237 15 21 0.8954292 
958 280 14 16 0.89250624 
18 77 18 22 0.891038 
442 145 13 16 0.8901673 
305 218 15 20 0.88526607 
461 102 10 13 0.8847069 
147 114 18 22 0.88169247 
942 275 11 15 0.87924296 
752 258 14 17 0.8790154 
201 35 13 16 0.8785156 
635 204 13 17 0.87825674 
962 260 12 14 0.87681186 
491 68 13 15 0.87594754 
288 41 14 17 0.8700822 
584 161 14 16 0.8666168 
657 212 12 16 0.8647828 
666 189 13 16 0.863923 
791 167 14 18 0.86295664 
491 126 12 16 0.862883 
400 109 13 17 0.86143637 
522 208 15 17 0.858593 
753 210 13 18 0.85720026 
478 81 13 16 0.85056615 
87 88 17 23 0.8499667 
295 17 13 15 0.8404349 
129 142 16 20 0.8362869 
291 74 13 17 0.83600986 
991 308 13 18 0.83307576 
873 195 11 14 0.83197135 
741 119 11 14 0.83013994 
651 246 13 17 0.82994956 
3 9 14 18 0.82213295 
384 122 16 20 0.8200907 
262 183 15 20 0.81957334 
32 160 15 20 0.8190607 
881 293 14 17 0.8171554 
188 0 11 14 0.8125158 
156 204 16 23 0.8106265 
160 30 13 17 0.8092601 
619 155 12 16 0.8071912 
153 92 16 20 0.8021934 
384 405 21 28 0.79868114 
132 171 18 21 0.7943044 
450 211 14 17 0.79401994 
997 245 10 12 0.78434396 
751 174 12 15 0.7815459 
325 78 12 16 0.7802835 
495 213 15 18 0.7791893 
553 244 15 19 0.7762346 
541 167 12 15 0.7737786 
499 237 15 18 0.77325547 
475 206 12 17 0.76592785 
221 10 12 16 0.76513237 
250 24 12 17 0.7638895 
365 11 11 14 0.76362604 
784 143 11 14 0.7623075 
699 233 13 17 0.7622573 
361 30 12 15 0.76126176 
512 33 11 15 0.76034456 
384 315 21 28 0.75809073 
304 1 11 13 0.75623643 
492 31 11 14 0.7425942 
876 170 13 16 0.742369 
691 93 11 14 0.7379573 
954 242 12 16 0.73692095 
534 245 14 18 0.7329168 
25 389 17 20 0.729936 
356 52 15 19 0.7255315 
862 227 11 14 0.72445077 
103 116 15 19 0.7223283 
442 76 14 17 0.7190593 
901 325 13 17 0.71750975 
782 124 13 17 0.7086141 
854 292 11 14 0.70820504 
1011 269 10 15 0.70742804 
724 192 14 16 0.7052963 
651 164 13 15 0.7043076 
853 210 13 18 0.69609195 
154 146 15 18 0.6954361 
884 226 13 17 0.6951962 
424 112 14 17 0.68019044 
242 59 14 17 0.6801304 
568 134 13 17 0.6789611 
726 156 14 15 0.6754831 
139 -1 11 12 0.67020696 
312 88 13 17 0.663015 
589 69 10 13 0.6569848 
239 79 13 16 0.6536124 
383 30 13 16 0.6395351 
892 368 15 17 0.6387942 
639 300 14 17 0.634092 
105 67 13 17 0.63173795 
596 46 9 11 0.63059473 
783 309 12 15 0.6246239 
400 155 13 17 0.6200548 
662 89 11 14 0.6187847 
593 182 12 17 0.6106529 
237 43 13 15 0.6086379 
528 45 12 14 0.6068761 
954 328 13 16 0.60332686 
578 113 13 15 0.6026364 
477 47 12 14 0.5869027 
680 80 11 15 0.58260256 
929 261 13 17 0.57671446 
699 277 14 18 0.5749193 
697 122 13 17 0.57486236 
549 127 14 17 0.5688486 
65 138 17 22 0.5668161 
572 46 11 12 0.56439525 
386 60 12 16 0.564211 
421 16 9 12 0.5507512 
635 110 11 13 0.5504596 
634 182 12 15 0.54785717 
154 8 13 17 0.52960783 
761 116 12 16 0.5288294 
74 422 18 23 0.5260521 
760 108 12 15 0.5130325 
801 148 10 14 0.5124149 
176 11 12 16 0.498458 
720 107 13 15 0.4965286 
753 317 12 18 0.48784402 
470 66 11 13 0.4826959 
344 216 16 18 0.4817472 
586 296 16 19 0.47454098 
669 60 9 11 0.47340235 
332 28 12 14 0.47314182 
877 219 12 17 0.46765986 
448 29 10 13 0.4393462 
708 257 14 16 0.43817785 
884 250 13 15 0.4376463 
270 307 17 22 0.4322156 
935 329 12 17 0.42439818 
618 88 13 16 0.41850448 
124 415 15 20 0.41480306 
390 19 11 14 0.41297194 
415 186 15 17 0.40864494 
558 59 12 14 0.40122896 
438 180 13 18 0.38910297 
574 110 13 15 0.38819373 
647 52 10 12 0.38649777 
422 41 12 14 0.38097367 
850 173 12 15 0.38088003 
648 77 13 15 0.3786351 
746 238 12 14 0.3770808 
685 177 12 15 0.3651221 
807 134 11 13 0.36341533 
563 190 17 20 0.35746637 
635 326 17 23 0.3545236 
716 135 12 15 0.34729666 
743 137 11 14 0.34329268 
83 423 21 24 0.3431597 
908 230 11 15 0.34219992 
644 92 12 15 0.34038398 
977 267 11 15 0.3395476 
990 287 13 15 0.33896852 
115 402 15 18 0.33869642 
985 372 14 17 0.3339856 
997 267 10 14 0.3283156 
169 420 16 21 0.3274572 
417 19 10 13 0.32477188 
597 117 13 15 0.3130165 
756 163 10 14 0.30433875 
506 187 14 17 0.30315036 
601 85 11 14 0.30033466 
722 214 12 15 0.29875165 
695 129 12 16 0.296595 
836 197 11 14 0.29635388 
773 286 12 15 0.2836599 
126 174 26 32 0.28244188 
405 205 12 16 0.27214286 
66 28 15 20 0.2702573 
728 284 13 17 0.26629415 
419 98 16 18 0.261352 
99 92 16 20 0.25876927 
383 327 16 22 0.2577599 
451 50 11 14 0.25260624 
219 35 12 16 0.2519065 
732 162 12 14 0.24684308 
718 114 13 15 0.2459835 
814 185 11 14 0.24537005 
238 51 15 19 0.24487281 
900 214 11 14 0.23679352 
788 425 13 17 0.2367916 
861 196 9 13 0.23637064 
951 366 12 13 0.23502642 
427 98 15 19 0.23342867 
784 189 12 16 0.22987367 
665 57 9 12 0.21972631 
696 195 12 15 0.21850456 
337 129 14 17 0.21771227 
662 297 13 22 0.20989887 
694 180 12 14 0.20726746 
624 45 9 12 0.20519829 
674 28 8 10 0.20113575 
558 115 11 14 0.20046727 
175 42 13 14 0.19984764 
565 59 11 13 0.19053805 
444 23 11 13 0.18978943 
530 94 12 15 0.18950409 
124 220 16 23 0.18680331 
749 280 14 17 0.18639383 
571 103 11 13 0.18172699 
141 389 10 13 0.18093932 
730 195 11 15 0.17527127 
698 189 12 16 0.17183836 
752 167 13 15 0.16964863 
141 398 10 15 0.16915506 
975 245 11 14 0.1679062 
281 376 16 23 0.16674188 
850 166 13 15 0.16419016 
605 1 12 15 0.16234344 
418 285 12 16 0.15963838 
387 310 15 18 0.15747952 
852 376 11 13 0.15303275 
932 405 13 16 0.15284687 
795 369 15 23 0.15174404 
867 425 14 17 0.15136501 
389 90 12 16 0.15034926 
716 121 13 16 0.14995173 
437 172 14 17 0.14781941 
984 253 9 11 0.1457456 
651 83 13 16 0.14523663 
631 52 10 11 0.14348924 
653 238 14 17 0.1418141 
574 60 10 12 0.14049491 
564 219 14 17 0.13583468 
473 51 11 14 0.13348496 
853 189 12 15 0.13027291 
820 406 17 23 0.12967159 
366 227 16 19 0.12925711 
0 83 9 16 0.12557836 
678 64 9 10 0.12529834 
347 229 15 18 0.123218946 
664 117 11 14 0.12180011 
107 155 14 20 0.12043909 
748 134 11 14 0.12014763 
860 240 13 18 0.11906064 
980 262 11 14 0.11898073 
968 225 8 11 0.11651143 
800 420 9 14 0.11452942 
77 29 14 19 0.1142234 
572 51 11 14 0.11417237 
532 116 12 15 0.11193831 
685 70 9 11 0.111572124 
635 131 12 15 0.110330455 
653 72 10 13 0.109281145 
412 203 14 18 0.10807127 
698 23 8 10 0.1078431 
537 179 14 19 0.106366396 
716 64 11 12 0.10626854 
460 94 12 15 0.10360346 
809 347 25 31 0.10359138 
1014 334 11 16 0.10326984 
1000 357 13 15 0.10116668 
440 54 11 14 0.10075863 
852 324 12 15 0.09967774 
442 186 14 18 0.099198714 
338 286 15 18 0.099181846 
850 435 13 17 0.09828673 
776 260 13 16 0.09766698 
223 0 11 12 0.09759208 
417 193 16 18 0.09728535 
126 59 12 15 0.09701409 
814 140 10 14 0.09663693 
383 23 11 14 0.09635033 
639 100 11 14 0.09628512 
248 -1 9 9 0.095767766 
836 364 15 20 0.09539054 
25 324 23 33 0.094346136 
567 53 12 15 0.09304778 
679 178 12 15 0.09248054 
852 155 14 16 0.09236044 
495 52 12 15 0.09219169 
445 59 12 14 0.091683954 
783 217 12 15 0.08988419 
677 25 8 10 0.088911176 
117 409 15 20 0.086740606 
704 53 9 11 0.08647279 
890 227 13 18 0.08646064 
328 25 12 13 0.08640692 
473 83 10 14 0.08637008 
462 85 12 14 0.08636512 
569 107 12 16 0.086291306 
602 139 12 16 0.08603669 
354 132 14 17 0.086035505 
996 291 9 12 0.0859963 
990 255 8 10 0.084347 
453 35 11 13 0.08348664 
1011 315 11 16 0.08305419 
567 156 11 14 0.08258521 
684 54 9 10 0.08171905 
992 262 9 13 0.081272475 
902 232 14 18 0.081110306 
592 117 10 13 0.07979771 
635 311 14 20 0.07833836 
998 250 10 12 0.07784912 
484 76 11 15 0.076023474 
581 212 11 15 0.07592678 
848 430 12 15 0.07581591 
808 159 12 15 0.07517001 
831 235 13 17 0.07505239 
359 66 13 17 0.07494981 
265 36 11 15 0.074749656 
805 138 11 15 0.0746783 
456 94 10 12 0.07464037 
361 74 11 14 0.074393936 
667 136 11 14 0.074033074 
762 101 11 14 0.073264845 
614 109 11 15 0.073050395 
818 354 15 18 0.07291261 
545 130 11 15 0.07211999 
959 265 14 17 0.07131585 
319 36 13 16 0.071157955 
666 302 15 20 0.07101576 
531 213 12 15 0.07101332 
676 117 11 13 0.07078787 
948 276 12 16 0.06970326 
429 43 10 12 0.06932334 
254 0 9 9 0.06900731 
773 279 12 15 0.06861187 
146 190 26 33 0.06860528 
1004 145 17 25 0.06765093 
379 201 14 16 0.06756272 
389 303 14 17 0.06755043 
302 -4 18 21 0.06723458 
534 100 11 14 0.06631186 
981 247 10 12 0.0661708 
990 276 13 16 0.06586196 
315 96 13 17 0.065187454 
417 39 10 13 0.06477199 
821 143 9 12 0.064131394 
486 118 15 18 0.063918285 
848 372 11 15 0.06367748 
974 212 10 12 0.063659206 
528 256 13 19 0.063445516 
92 402 12 16 0.06293331 
815 148 12 15 0.06291976 
679 69 10 13 0.06267602 
633 376 17 20 0.06257903 
984 224 9 13 0.062189374 
402 117 14 18 0.06104626 
475 59 12 15 0.060926076 
613 135 10 13 0.060597442 
994 239 10 13 0.06056171 
329 81 13 18 0.06039266 
685 62 9 11 0.06017369 
186 393 25 29 0.05979328 
180 15 13 17 0.059184704 
293 354 11 13 0.059006613 
-1 58 9 14 0.058778428 
695 64 10 12 0.05819204 
845 330 12 15 0.057851776 
531 39 11 14 0.05722481 
564 202 14 17 0.05720506 
562 397 12 14 0.057063285 
806 463 17 19 0.05700546 
783 236 11 13 0.056638412 
680 47 9 12 0.056196146 
364 17 13 16 0.056185663 
727 241 12 16 0.056113075 
859 287 11 14 0.056036007 
671 45 9 12 0.055668 
629 48 10 12 0.0555362 
716 257 11 16 0.055472303 
929 331 11 15 0.055052795 
463 121 13 15 0.054972555 
400 209 14 18 0.05481999 
724 236 12 16 0.05480623 
873 216 12 15 0.054668337 
376 96 11 17 0.054559767 
135 -7 19 22 0.05433979 
27 60 12 16 0.054326143 
502 126 11 14 0.054233868 
593 50 11 14 0.054128647 
348 84 13 15 0.053902462 
416 94 13 17 0.053713728 
505 234 14 20 0.05366184 
799 134 11 14 0.053527705 
583 63 8 11 0.052886326 
380 91 14 18 0.05269067 
428 139 13 18 0.052545603 
926 255 11 14 0.05246935 
192 72 13 17 0.05174931 
654 89 12 16 0.051589023 
568 126 12 17 0.051567473 
205 60 11 13 0.05154038 
20 69 17 21 0.05148706 
571 213 14 17 0.051249184 
944 205 10 12 0.051226757 
531 68 11 14 0.051041953 
645 109 12 14 0.050489508 
427 119 14 16 0.050484665 
312 62 11 14 0.050423305 
669 117 12 14 0.050332367 
120 139 21 28 0.04996251 
732 201 11 15 0.04994697 
362 7 11 13 0.04961737 
772 332 12 14 0.049210533 
786 130 12 15 0.04884369 
710 100 12 15 0.04878831 
1013 324 11 16 0.048687875 
640 4 10 13 0.04868483 
102 82 15 20 0.04861795 
752 78 9 12 0.04845697 
693 285 19 27 0.04826385 
397 29 9 12 0.04813952 
439 16 9 12 0.04801169 
465 62 10 13 0.0478969 
431 14 9 12 0.04783379 
390 109 13 16 0.04777345 
789 245 14 17 0.0476878 
597 40 11 13 0.04754898 
604 123 10 12 0.04754236 
76 414 15 20 0.047260188 
500 226 15 19 0.04723443 
787 210 14 18 0.047168177 
332 45 14 18 0.047119353 
466 102 11 14 0.04705837 
159 398 11 14 0.047021564 
647 160 12 16 0.046972126 
918 362 12 14 0.04687569 
469 119 11 14 0.046856813 
372 321 17 22 0.04683409 
340 355 11 16 0.046411388 
798 354 25 34 0.046365693 
796 248 13 16 0.046213754 
658 241 14 19 0.0461519 
527 98 11 15 0.045990847 
627 299 13 17 0.045846723 
700 253 13 16 0.045735914 
325 33 13 17 0.045652732 
606 133 11 16 0.04551179 
701 60 10 12 0.04540666 
820 225 13 15 0.045219377 
6 72 21 28 0.044932872 
713 69 11 14 0.04485455 
724 199 15 18 0.04462632 
718 96 11 14 0.04448116 
820 369 14 19 0.044443723 
446 17 9 12 0.04431467 
636 333 25 32 0.044267505 
461 38 10 13 0.044230387 
435 100 11 15 0.044095322 
911 359 11 14 0.04407997 
518 63 14 16 0.043967914 
744 173 11 16 0.04393355 
779 253 13 16 0.043929122 
894 219 13 16 0.04375799 
741 113 10 12 0.043585498 
252 16 12 16 0.04355646 
654 133 10 13 0.043403577 
978 294 13 15 0.043333683 
696 112 12 15 0.043298826 
392 117 19 23 0.04328838 
956 368 15 17 0.043155517 
871 176 15 18 0.043154925 
958 229 10 11 0.042847462 
700 202 11 15 0.0427994 
773 327 10 12 0.042770177 
592 135 13 15 0.04256909 
291 24 15 19 0.04245237 
755 371 14 17 0.042399492 
214 30 13 17 0.04231121 
927 317 12 14 0.042291533 
344 12 11 14 0.042172913 
613 2 12 15 0.042115998 
787 303 11 14 0.04210338 
831 361 14 20 0.04203226 
512 114 11 15 0.041972663 
498 149 15 17 0.041801162 
735 134 12 14 0.041565854 
1011 428 12 23 0.041420165 
548 84 13 16 0.04138826 
117 393 21 28 0.041328054 
805 436 11 14 0.04115494 
416 59 10 15 0.040850922 
150 102 21 26 0.040731836 
132 328 12 14 0.040531576 
626 155 13 15 0.040525746 
668 292 14 21 0.04039334 
808 70 10 12 0.040386815 
952 230 10 12 0.04032588 
190 113 14 19 0.040320523 
774 378 15 17 0.0402674 
512 63 11 14 0.039972994 
477 288 12 15 0.03972455 
756 237 13 15 0.039694514 
318 69 14 17 0.03958549 
74 143 14 20 0.039582606 
486 13 12 13 0.039449293 
605 80 11 14 0.03944611 
860 340 12 15 0.03939592 
704 148 11 15 0.039276417 
255 243 10 12 0.039231755 
536 217 12 16 0.038881186 
416 8 9 12 0.03865955 
845 356 12 15 0.038557667 
671 39 9 11 0.03850974 
188 414 16 20 0.038496576 
655 48 8 10 0.038390603 
508 228 13 17 0.03838795 
263 2 12 14 0.038369294 
830 166 10 13 0.038264804 
815 225 12 15 0.038258094 
10 141 21 27 0.038148604 
734 170 13 17 0.0381339 
579 364 14 19 0.038041428 
911 337 12 16 0.037941813 
63 420 23 31 0.037913356 
503 140 10 14 0.037602343 
675 298 15 21 0.037389304 
699 140 11 14 0.037328493 
631 139 13 15 0.03729717 
753 159 11 13 0.0371226 
292 62 14 16 0.0371225 
998 228 12 14 0.037069835 
224 52 18 23 0.037061486 
420 136 13 16 0.0369911 
111 436 10 14 0.036984164 
157 2 11 12 0.036974646 
831 199 14 19 0.03687156 
974 222 9 12 0.036848105 
73 425 27 34 0.036832806 
791 70 9 11 0.036735233 
960 223 10 12 0.036306992 
942 196 11 14 0.03625976 
136 401 12 17 0.036244098 
403 149 14 18 0.036231786 
688 32 8 9 0.036163338 
684 47 10 11 0.03611771 
541 213 12 16 0.036047384 
534 139 12 16 0.035906628 
349 123 13 17 0.035839945 
600 3 12 15 0.03579368 
782 137 17 23 0.03569114 
337 217 13 18 0.035687182 
687 202 12 16 0.03567058 
653 278 12 16 0.035512846 
556 65 13 15 0.035493873 
492 106 12 15 0.035385754 
335 134 14 19 0.035334732 
751 311 12 17 0.03520572 
415 26 10 13 0.03512565 
808 181 13 17 0.035120744 
600 79 10 13 0.035014644 
731 150 12 15 0.034960967 
876 200 12 16 0.03492154 
907 332 13 16 0.034896925 
589 146 15 18 0.03476519 
157 21 14 18 0.034760613 
995 273 12 14 0.03469219 
617 45 9 12 0.03467691 
630 150 13 15 0.034664854 
700 267 16 20 0.034642383 
917 334 12 15 0.034637652 
356 123 12 16 0.034601837 
782 432 13 17 0.034587458 
695 45 9 11 0.03455546 
454 85 10 14 0.034478966 
90 409 16 20 0.03439181 
969 206 8 12 0.034144633 
759 96 11 13 0.034107305 
395 16 11 13 0.03409978 
853 383 14 17 0.033910107 
372 6 11 13 0.03389665 
640 52 10 12 0.033847354 
726 139 11 14 0.03382326 
901 398 11 14 0.03373747 
567 39 11 14 0.03371522 
725 257 13 17 0.03366186 
729 349 10 13 0.03365697 
84 412 15 20 0.03356747 
590 111 10 14 0.033481516 
734 256 12 18 0.033440366 
604 90 10 13 0.03343818 
430 178 14 19 0.033437673 
528 243 14 19 0.03330505 
781 319 13 16 0.033074588 
551 117 13 15 0.033020902 
445 101 10 13 0.032968797 
777 119 10 13 0.03279052 
762 236 12 16 0.03273132 
253 254 11 14 0.032717213 
188 55 14 18 0.03270635 
387 172 14 17 0.03266072 
624 52 9 11 0.032644738 
116 186 25 30 0.03247613 
365 121 13 17 0.032463238 
872 387 10 14 0.032443024 
580 133 11 14 0.03241939 
342 261 13 17 0.032392614 
858 149 13 15 0.032360483 
630 176 14 17 0.03234915 
543 77 10 14 0.03233642 
207 99 13 18 0.032300413 
370 222 15 18 0.032227784 
386 420 17 21 0.03206705 
619 3 12 14 0.032065764 
730 277 14 17 0.032045353 
716 84 11 13 0.0320323 
775 107 10 14 0.031997148 
527 30 10 13 0.03194616 
659 205 13 18 0.031859342 
85 130 13 17 0.03183385 
353 99 12 17 0.03169207 
814 370 14 20 0.031685177 
798 69 10 12 0.031444266 
1008 310 12 16 0.031434957 
814 359 15 21 0.03143169 
279 19 12 14 0.03140972 
320 30 11 14 0.031394172 
832 243 14 19 0.031361427 
297 0 10 11 0.031324532 
321 483 10 14 0.031313155 
734 70 9 12 0.03130705 
187 18 13 16 0.031300258 
748 289 14 16 0.03119292 
677 282 14 18 0.031150695 
870 298 12 15 0.031027758 
688 22 8 10 0.030911816 
653 295 17 25 0.030881375 
574 157 11 14 0.03076791 
229 386 13 19 0.030713398 
462 15 10 12 0.030699717 
981 275 13 16 0.030635199 
452 60 11 13 0.0305906 
866 224 13 18 0.030574728 
198 57 12 15 0.030559337 
500 203 15 20 0.030558316 
644 6 10 12 0.03052842 
715 73 13 16 0.030497449 
591 15 9 12 0.030378815 
594 297 14 19 0.030347265 
582 303 17 20 0.030345943 
643 342 26 33 0.030276712 
778 315 10 13 0.030204605 
514 254 13 19 0.030021915 
405 195 15 20 0.030001784 
701 27 9 11 0.029940626 
956 358 16 18 0.029897964 
273 63 15 18 0.0298133 
376 22 11 13 0.029771801 
641 203 14 18 0.029657211 
308 299 14 19 0.029648408 
399 35 9 13 0.029550446 
862 299 12 15 0.02951811 
390 194 12 17 0.029470174 
446 90 11 14 0.02944513 
992 126 32 52 0.029430771 
45 524 25 34 0.02939901 
334 309 16 21 0.029395746 
507 221 12 15 0.029378438 
671 66 12 14 0.029354742 
533 22 11 13 0.029336464 
704 99 11 14 0.029300084 
397 193 13 18 0.029275045 
900 334 16 19 0.029157203 
585 65 18 22 0.029064536 
664 14 9 11 0.029056527 
988 222 12 15 0.028979598 
407 185 14 19 0.02892821 
480 106 13 15 0.028922793 
676 123 11 14 0.028863735 
916 251 11 15 0.028835714 
664 21 10 12 0.02882815 
300 62 12 16 0.028803881 
832 100 9 11 0.028767083 
704 76 11 13 0.028752279 
87 398 12 15 0.028737953 
628 73 11 16 0.028545918 
216 54 11 15 0.028537469 
647 131 10 14 0.028496975 
583 206 11 16 0.028492974 
1014 280 10 14 0.02846262 
288 20 11 14 0.028456012 
480 125 11 14 0.028416475 
387 72 12 15 0.028352749 
5 146 12 17 0.02821067 
436 93 11 15 0.028172527 
509 22 11 13 0.028153948 
382 6 10 12 0.02812264 
565 181 15 18 0.028096098 
22 149 20 26 0.028043281 
255 3 11 13 0.028033767 
696 16 8 11 0.028013783 
515 186 12 16 0.028003607 
685 282 13 18 0.027982542 
377 451 14 21 0.027969323 
452 197 14 19 0.027940046 
23 56 20 26 0.02789369 
18 138 15 19 0.027849408 
586 243 15 20 0.027802156 
99 233 13 17 0.027794577 
586 170 14 16 0.027781568 
144 10 12 15 0.027755506 
597 20 11 15 0.027707241 
483 44 11 15 0.027686175 
618 191 14 18 0.027672254 
803 403 22 32 0.027512588 
293 94 13 19 0.027484495 
683 296 15 23 0.027414871 
525 197 13 17 0.027342102 
334 117 15 17 0.027057879 
344 239 14 21 0.026929293 
654 53 9 12 0.026807109 
494 24 11 14 0.026745131 
421 9 10 11 0.026724562 
833 227 15 21 0.026707398 
180 99 14 18 0.02666291 
983 285 12 15 0.026642347 
65 64 15 20 0.026562044 
778 291 13 14 0.026498428 
483 51 12 15 0.026496882 
551 7 10 11 0.026493564 
326 44 13 15 0.026439605 
768 327 10 12 0.02638677 
783 244 13 17 0.026349524 
728 306 14 19 0.026322931 
131 188 17 22 0.026313934 
568 15 9 11 0.026284857 
91 96 21 25 0.02628242 
893 250 10 13 0.026222639 
81 18 16 18 0.026174085 
476 36 13 15 0.026118195 
797 60 10 13 0.026078798 
548 75 13 16 0.026059259 
849 424 21 25 0.026027547 
413 114 13 17 0.025995662 
494 220 15 21 0.025903255 
22 381 17 20 0.025893033 
747 392 16 19 0.025861768 
270 95 14 18 0.025858566 
568 114 11 15 0.025851656 
469 106 11 15 0.02582293 
871 358 11 13 0.025680091 
742 232 13 16 0.025666976 
677 109 11 14 0.025660465 
246 3 11 14 0.025645744 
633 198 13 17 0.02563943 
862 306 11 14 0.025627216 
669 156 11 15 0.02561144 
366 131 11 16 0.025583707 
441 71 12 14 0.0255569 
622 40 10 13 0.025519248 
504 1 9 10 0.02546701 
759 47 9 12 0.025439993 
647 146 12 15 0.025426952 
932 255 11 15 0.025399672 
361 354 15 20 0.025355881 
159 426 15 17 0.025350692 
875 381 13 17 0.025341285 
636 174 13 16 0.025336822 
20 91 16 21 0.025272818 
812 438 12 15 0.02526609 
958 253 13 16 0.025254602 
542 43 11 14 0.02524056 
200 401 17 22 0.025194215 
907 319 11 14 0.025182575 
861 388 10 13 0.025133505 
340 5 12 15 0.025113758 
545 170 12 16 0.025109788 
503 23 10 12 0.025080202 
712 118 10 14 0.025078766 
572 94 11 13 0.025067464 
800 404 10 15 0.025055615 
111 409 14 19 0.02504667 
859 164 13 16 0.025046477 
269 44 11 14 0.025006708 
180 402 23 28 0.024958747 
672 8 8 10 0.024937216 
372 410 26 31 0.024857149 
802 427 12 17 0.02481667 
756 332 12 13 0.024809241 
710 181 11 15 0.024724677 
536 0 9 10 0.024719633 
756 310 12 17 0.024604525 
437 45 10 12 0.02458325 
597 11 12 15 0.024510292 
534 29 9 12 0.024493381 
765 309 13 16 0.02448318 
162 196 15 21 0.024471955 
894 166 10 13 0.024448223 
615 53 9 11 0.024444215 
765 380 12 15 0.024442652 
227 5 11 15 0.024433251 
880 365 10 13 0.024420967 
855 144 11 13 0.024419976 
819 164 11 15 0.024399348 
590 191 13 18 0.024385389 
576 0 10 12 0.024362814 
700 174 11 14 0.024342291 
787 188 17 22 0.024321342 
273 52 11 14 0.024316678 
711 107 12 15 0.024305018 
744 352 10 13 0.024303567 
599 365 23 29 0.024303017 
554 101 11 13 0.024295975 
62 426 14 19 0.02429192 
621 116 10 12 0.02424845 
0 101 9 15 0.02421935 
982 213 9 11 0.024140693 
858 202 13 18 0.024103455 
769 63 108 124 0.02406705 
492 13 11 13 0.024018878 
696 27 10 12 0.023986846 
844 337 13 16 0.023983914 
328 189 11 16 0.023967875 
212 97 15 20 0.023955625 
499 60 10 14 0.023869302 
318 210 12 16 0.023859497 
667 85 12 16 0.02385716 
1013 255 11 14 0.023855992 
702 48 10 12 0.023836017 
541 0 10 9 0.023826588 
107 110 14 19 0.02372354 
485 179 12 16 0.023700338 
372 208 16 18 0.02368474 
789 258 12 15 0.023678275 
731 237 12 15 0.023661917 
816 37 8 11 0.023657026 
789 176 13 18 0.023639994 
872 375 9 12 0.023545953 
479 90 12 16 0.023542404 
494 43 12 15 0.0235283 
446 225 14 20 0.023520028 
800 372 18 22 0.023503777 
541 158 13 17 0.023498986 
422 30 10 13 0.023493756 
32 392 15 19 0.023464609 
733 371 15 19 0.023448855 
791 76 11 12 0.023393687 
606 108 12 15 0.023360793 
262 29 10 15 0.023331722 
458 205 13 16 0.023221005 
195 3 12 14 0.023174193 
797 42 13 16 0.023155462 
640 314 15 20 0.023139525 
590 91 11 13 0.023057139 
662 39 10 11 0.022984684 
846 183 18 24 0.022983199 
388 98 14 18 0.022977218 
127 418 21 27 0.022903692 
417 294 21 26 0.022884583 
217 0 10 10 0.022877932 
268 104 14 18 0.022877825 
163 114 14 18 0.02282616 
621 183 12 17 0.02281676 
878 373 10 14 0.022816408 
589 203 12 17 0.02280132 
346 207 17 18 0.02279578 
772 35 23 26 0.022794869 
809 169 13 15 0.022780817 
348 78 12 14 0.022770237 
20 369 28 33 0.022748519 
860 375 10 13 0.022728538 
900 208 11 14 0.022722473 
269 364 11 15 0.022715917 
946 364 10 13 0.022633523 
405 139 13 16 0.022562202 
573 14 9 11 0.022543821 
216 42 12 16 0.022465356 
830 132 11 14 0.022387078 
948 299 13 16 0.022344531 
85 12 13 15 0.022310678 
1005 255 10 12 0.022303902 
370 156 12 15 0.022295164 
541 226 13 17 0.022263976 
515 125 13 16 0.02224437 
217 312 27 38 0.022216199 
700 95 11 13 0.022214707 
286 79 14 19 0.02219055 
919 181 11 14 0.022007518 
608 101 11 14 0.022004616 
520 44 11 14 0.021913193 
582 102 12 14 0.021904036 
500 29 11 14 0.021873573 
501 107 12 15 0.021853486 
134 428 25 29 0.021852618 
603 9 13 16 0.02176014 
687 38 9 11 0.021728411 
455 15 8 11 0.02170743 
180 417 14 19 0.021702524 
740 80 11 13 0.021696502 
478 5 10 11 0.021685956 
663 183 13 17 0.021672707 
136 139 17 22 0.02154331 
576 67 10 11 0.02151708 
503 183 14 16 0.021472808 
896 207 10 14 0.021462264 
994 302 12 17 0.021451863 
765 132 10 14 0.021359367 
751 83 11 14 0.021347368 
705 281 13 17 0.021334363 
410 21 9 12 0.021327348 
791 282 11 14 0.021319306 
609 261 14 17 0.021311615 
531 262 13 17 0.021294909 
996 140 17 19 0.021294829 
528 87 11 13 0.021205174 
860 431 16 20 0.021194099 
324 104 12 15 0.021174079 
846 388 14 16 0.021165207 
470 5 11 12 0.021151911 
551 12 11 12 0.021144439 
308 22 11 13 0.021124948 
997 23 8 10 0.021117937 
787 234 15 18 0.021103924 
916 385 14 18 0.021078158 
783 203 14 18 0.021067634 
932 240 10 14 0.021067154 
20 398 17 20 0.021014322 
842 325 11 15 0.020980462 
684 165 14 17 0.020959446 
464 21 11 12 0.020941485 
702 70 10 12 0.02093255 
509 202 12 16 0.020925509 
823 134 11 13 0.020913888 
160 94 16 21 0.020864204 
213 332 28 42 0.020851325 
453 23 10 13 0.020773558 
35 41 15 19 0.020771537 
859 411 24 31 0.020770064 
631 335 15 21 0.02075806 
533 146 14 17 0.020739956 
792 62 11 13 0.020732809 
607 298 13 18 0.02071208 
243 33 14 17 0.020699905 
161 200 22 30 0.0206976 
100 402 13 17 0.020683557 
845 309 11 14 0.02067335 
151 381 10 12 0.02065826 
1 148 20 28 0.020656964 
239 0 11 11 0.020633357 
565 321 12 15 0.02055914 
174 48 13 18 0.020551596 
752 68 11 13 0.020549832 
792 83 11 14 0.020526225 
487 210 14 19 0.020510107 
733 30 8 10 0.020506617 
777 219 11 15 0.020506592 
674 361 26 32 0.020479066 
113 159 15 20 0.02047758 
518 215 15 18 0.020471811 
430 85 13 15 0.020439262 
486 6 10 11 0.020432232 
367 2 10 11 0.020423016 
832 190 11 15 0.020367388 
626 382 20 23 0.020341825 
395 90 12 16 0.020338157 
475 68 12 15 0.02031687 
156 382 11 13 0.020281825 
544 252 16 23 0.020279696 
636 155 12 15 0.020261366 
83 136 14 20 0.02022058 
118 422 14 19 0.02021745 
173 27 14 17 0.020195162 
721 14 7 10 0.020177288 
893 317 23 27 0.020175068 
113 114 15 19 0.020174284 
314 242 13 19 0.02014613 
611 219 13 16 0.020144975 
261 219 15 18 0.02014401 
216 434 12 14 0.020112466 
997 29 8 10 0.020071246 
431 171 13 17 0.020056028 
1013 302 10 14 0.020042751 
669 173 13 16 0.020033563 
