7_Cheering_Cheering_7_57
132
33 161 38 51 0.99522203 
431 338 45 56 0.9937092 
0 305 46 56 0.9878576 
129 298 48 53 0.9869984 
553 346 45 51 0.9844774 
669 315 34 40 0.9800862 
797 285 46 52 0.9683527 
331 312 40 47 0.9132152 
746 339 43 50 0.8909797 
351 205 14 17 0.74311465 
602 180 17 22 0.6620528 
885 298 33 51 0.48540583 
105 325 34 41 0.3959232 
677 257 23 31 0.31350833 
953 370 34 53 0.23658718 
1000 337 27 61 0.23274677 
89 159 26 33 0.21616262 
388 224 32 40 0.20978087 
491 337 40 51 0.19946939 
880 122 36 45 0.19860026 
514 251 13 16 0.19309361 
493 711 30 42 0.1516472 
577 241 8 10 0.117964126 
540 227 15 18 0.1124169 
300 238 16 22 0.11236376 
542 221 11 14 0.107913345 
688 204 11 15 0.09840548 
880 210 49 73 0.09785423 
690 198 11 14 0.0930683 
582 239 8 11 0.09011711 
486 236 13 15 0.08708989 
72 83 17 18 0.086341195 
537 708 27 41 0.080592975 
575 244 8 11 0.078682564 
964 382 34 46 0.07729338 
734 151 46 47 0.076847374 
269 213 12 14 0.07212476 
907 107 13 16 0.071512595 
351 201 24 28 0.06938152 
361 203 14 18 0.06937796 
968 744 27 34 0.067850195 
701 249 16 20 0.06718533 
534 231 16 20 0.063925944 
227 322 53 58 0.06018761 
583 244 8 11 0.05985163 
492 242 11 14 0.057442866 
611 351 39 53 0.051657587 
470 334 44 57 0.05136924 
326 214 9 12 0.05130634 
277 222 12 15 0.049152754 
981 210 24 28 0.048064757 
326 226 12 16 0.046288446 
382 237 29 35 0.0451459 
302 221 8 10 0.044476997 
700 268 25 30 0.042776506 
510 703 50 71 0.04170185 
269 219 13 15 0.041292313 
149 265 27 32 0.04075493 
688 201 20 27 0.040360004 
275 211 12 16 0.0387907 
539 240 15 17 0.038649272 
567 262 23 28 0.038630463 
569 247 10 11 0.038257252 
886 104 44 52 0.037781466 
690 248 23 31 0.037081476 
737 171 43 47 0.035958137 
723 463 50 48 0.03567763 
357 289 17 19 0.035522494 
791 279 28 38 0.035458483 
209 310 49 59 0.03524674 
332 224 13 16 0.034847956 
546 225 13 17 0.034682345 
504 326 36 48 0.034667492 
588 381 26 33 0.034572694 
606 227 14 20 0.034232266 
628 237 11 16 0.034121916 
507 247 21 27 0.033879835 
117 309 40 48 0.03333028 
68 80 28 34 0.03322555 
709 196 10 13 0.032966334 
305 246 17 22 0.032826222 
906 101 12 16 0.032568943 
402 231 28 43 0.03254523 
337 290 46 59 0.03133702 
666 357 30 39 0.03116122 
107 75 25 35 0.031037506 
535 222 13 16 0.030983245 
617 241 19 29 0.030960279 
479 312 42 55 0.030764952 
692 216 25 34 0.030476999 
486 237 21 28 0.03025278 
740 202 30 40 0.029193737 
521 251 13 15 0.028829737 
936 376 33 47 0.02843474 
705 192 9 11 0.028203862 
380 254 25 33 0.028077917 
399 304 37 50 0.02719517 
684 264 28 36 0.026678659 
655 737 30 31 0.026545664 
339 218 13 16 0.026355607 
902 104 22 27 0.025395693 
737 270 32 37 0.024917755 
757 188 39 38 0.024519162 
277 196 9 11 0.02422396 
587 245 10 15 0.023779323 
567 251 11 13 0.023737649 
297 220 11 13 0.023688832 
115 75 14 19 0.023687573 
538 216 21 24 0.023632253 
984 213 11 17 0.02362611 
401 226 20 24 0.023427851 
704 257 19 22 0.023316577 
715 221 13 16 0.023151714 
247 313 51 57 0.022945065 
698 208 15 18 0.022732437 
134 230 31 32 0.022651374 
1006 336 15 23 0.02257178 
486 701 53 71 0.022508435 
265 208 21 25 0.022194171 
350 281 27 31 0.022131857 
1003 419 15 21 0.021803444 
700 238 24 26 0.021790154 
581 249 13 19 0.021536587 
303 230 11 15 0.021488486 
668 264 25 34 0.021304421 
269 225 16 18 0.020932944 
388 231 19 25 0.020903638 
81 88 15 18 0.020826047 
577 263 17 22 0.020710034 
146 232 17 20 0.020441744 
704 221 25 29 0.020343274 
264 337 37 37 0.020067707 
