7_Cheering_Cheering_7_391
175
710 175 15 21 0.9590662 
310 329 15 21 0.911974 
217 349 22 32 0.78207856 
105 471 67 78 0.7434604 
194 440 57 75 0.6241722 
479 339 14 20 0.5801948 
305 365 17 24 0.5479275 
663 272 12 16 0.49976972 
404 315 13 17 0.38902432 
356 368 14 19 0.3266959 
307 114 40 51 0.29571077 
368 306 11 16 0.270403 
510 324 19 29 0.2662441 
737 373 29 36 0.23085982 
761 254 10 14 0.221691 
111 402 33 35 0.2203873 
916 374 102 103 0.21989895 
540 337 15 21 0.18329543 
365 359 14 23 0.18152604 
112 266 25 35 0.16266337 
485 330 13 22 0.1588767 
727 151 8 10 0.14988688 
648 167 10 12 0.14875261 
411 323 15 18 0.14013268 
2 414 28 46 0.13152006 
95 401 49 62 0.12462901 
332 656 68 102 0.1132686 
173 456 64 72 0.10322319 
585 381 16 20 0.10256794 
422 315 10 14 0.099838175 
504 386 30 42 0.09137386 
496 316 21 32 0.08660939 
371 354 15 22 0.08638222 
629 250 11 15 0.08579088 
88 270 28 40 0.0829508 
901 363 86 76 0.082804255 
133 462 80 83 0.07953981 
931 421 62 92 0.077458724 
734 359 23 39 0.07416938 
702 292 11 18 0.07097213 
638 270 10 13 0.0704869 
657 269 11 14 0.065109126 
77 405 43 61 0.063551374 
645 294 13 17 0.06310394 
205 353 28 31 0.06142181 
811 279 22 34 0.060863145 
629 286 13 17 0.05964636 
515 331 26 29 0.05632595 
351 329 13 16 0.05595579 
410 316 13 16 0.055351347 
402 318 21 28 0.05447096 
484 318 21 31 0.0540614 
742 382 35 36 0.052532576 
234 439 57 63 0.05220192 
692 304 15 20 0.05200805 
654 274 13 17 0.051222805 
758 253 20 26 0.05064577 
734 371 14 22 0.050409384 
62 359 40 61 0.04982512 
564 285 10 13 0.04882954 
758 295 10 13 0.048689514 
384 326 9 11 0.04664559 
462 316 11 14 0.046463564 
650 281 14 16 0.045929793 
90 274 42 56 0.045787774 
719 258 11 14 0.043746922 
726 258 12 15 0.040161204 
677 249 24 28 0.039968386 
313 368 15 23 0.039665334 
707 286 21 31 0.03877249 
624 284 11 15 0.03805842 
501 263 15 19 0.037948683 
630 276 12 15 0.037134092 
693 292 21 29 0.037080422 
721 156 9 12 0.037069388 
517 204 9 11 0.035325903 
717 288 16 24 0.03515014 
673 207 8 10 0.035119858 
458 413 57 67 0.034851745 
322 370 16 23 0.034489356 
637 291 14 19 0.034465004 
758 301 12 15 0.034055755 
437 322 11 15 0.03335584 
430 315 11 15 0.032799505 
118 405 16 20 0.03278202 
485 308 10 14 0.03208331 
365 348 16 22 0.03154732 
478 309 9 14 0.031295933 
412 311 12 14 0.031187132 
502 328 21 30 0.031183032 
73 381 39 54 0.031056872 
307 338 16 24 0.031004956 
530 329 25 31 0.030797673 
389 333 9 13 0.030499093 
127 326 12 16 0.03048229 
534 340 28 32 0.03002013 
165 471 104 104 0.02992859 
819 289 12 17 0.029538004 
383 331 10 14 0.029472245 
697 229 10 14 0.029331485 
434 370 19 21 0.029293122 
418 322 12 16 0.02854404 
549 391 42 49 0.028368575 
444 259 13 14 0.028159289 
197 401 46 60 0.027958455 
484 178 27 33 0.027914656 
477 350 23 29 0.027677396 
559 279 10 12 0.027360866 
456 314 12 15 0.027228996 
470 314 23 31 0.026980624 
734 177 12 16 0.026844187 
739 177 14 18 0.026817242 
471 308 12 16 0.026811564 
472 345 16 17 0.026305411 
512 202 11 14 0.026261495 
189 347 13 18 0.026178258 
19 279 84 114 0.026060758 
501 251 15 19 0.025890397 
647 278 12 15 0.025837058 
656 263 10 14 0.024897987 
724 397 14 16 0.024745392 
96 373 46 62 0.02434935 
255 366 11 15 0.024166904 
121 273 15 22 0.024066111 
469 317 40 48 0.023957368 
821 299 11 15 0.023933407 
401 311 12 16 0.02392625 
130 331 12 15 0.023918474 
546 331 14 23 0.02381413 
703 285 11 17 0.02379109 
754 301 23 27 0.023679653 
446 360 11 14 0.02365391 
335 615 114 164 0.023446705 
439 559 48 56 0.02341506 
685 288 16 19 0.023326183 
893 349 62 65 0.023043005 
481 283 10 13 0.02284838 
723 151 9 12 0.022847326 
340 366 23 27 0.022830857 
359 346 14 20 0.022830108 
277 438 13 14 0.022704963 
677 305 38 45 0.022645436 
340 368 40 45 0.022437058 
948 396 76 144 0.022207616 
436 331 11 16 0.021995893 
308 352 23 36 0.021889178 
574 377 24 32 0.021878136 
53 324 51 77 0.021833047 
444 315 12 16 0.02172655 
632 270 21 25 0.021715926 
820 349 17 23 0.021714581 
431 321 12 17 0.02161492 
777 -5 58 68 0.021612024 
814 308 14 17 0.02157633 
484 394 47 54 0.021542085 
63 280 87 108 0.021503758 
437 310 9 13 0.021454643 
85 431 56 82 0.02127029 
730 385 34 42 0.021106752 
709 283 13 20 0.021058816 
204 348 17 23 0.02099058 
159 630 132 121 0.020948963 
995 376 27 37 0.020891363 
687 306 13 20 0.020857878 
377 359 16 20 0.020854887 
478 303 24 34 0.02073585 
483 266 13 18 0.02067716 
115 284 17 23 0.020559764 
973 381 16 18 0.020440437 
485 307 38 49 0.020324774 
625 244 19 25 0.020300735 
10 413 43 56 0.020256763 
75 285 53 70 0.020137418 
388 325 10 14 0.020046096 
520 339 30 33 0.020000352 
