7_Cheering_Cheering_7_835
18
345 182 306 405 0.9987104 
368 1123 506 405 0.8067852 
412 833 352 510 0.648189 
20 407 381 514 0.31084406 
715 724 209 325 0.20044352 
-3 46 101 177 0.07104773 
388 767 249 408 0.061908737 
-42 1071 382 490 0.05710642 
585 790 334 498 0.04640766 
103 278 367 478 0.032669034 
675 682 349 489 0.031949997 
62 431 63 94 0.028257573 
403 1148 279 284 0.025774255 
188 70 317 454 0.025125252 
631 -50 367 475 0.024172023 
46 386 112 139 0.021866543 
26 5 209 259 0.021144163 
115 1064 395 531 0.021114595 
