7_Cheering_Cheering_7_134
139
234 227 98 148 0.9997124 
464 247 92 113 0.99886024 
718 254 86 112 0.9975955 
-4 33 71 149 0.99373335 
154 72 81 113 0.9862982 
466 143 88 103 0.97624534 
991 475 12 16 0.3950077 
892 81 33 41 0.38290587 
559 288 30 47 0.37145883 
944 444 11 15 0.34309343 
908 458 16 20 0.23488118 
928 466 16 19 0.22146505 
959 431 9 12 0.15803678 
1006 491 15 19 0.15383199 
940 385 11 15 0.15144275 
1014 422 8 12 0.14768325 
973 389 9 13 0.14259931 
960 449 12 15 0.12906738 
966 437 8 10 0.124310374 
1009 453 10 12 0.11630531 
996 445 10 13 0.105234474 
504 381 31 34 0.083002314 
912 458 20 25 0.08292387 
418 120 42 59 0.07838027 
452 181 99 139 0.07263772 
838 444 11 13 0.07137484 
1000 541 14 18 0.071325466 
953 399 8 11 0.07058116 
953 430 10 12 0.07012737 
920 423 11 13 0.06503285 
1000 438 10 13 0.06239319 
994 482 13 17 0.061261114 
949 438 10 13 0.06059269 
935 425 11 13 0.060491655 
965 447 12 15 0.059060648 
290 139 29 35 0.05575213 
972 447 10 13 0.054609343 
786 442 51 63 0.054292332 
990 412 11 12 0.053827737 
556 280 25 37 0.051771905 
272 101 9 13 0.050728112 
999 379 9 13 0.050581895 
253 96 13 17 0.04765721 
329 110 45 50 0.045310423 
990 463 9 12 0.044876937 
543 285 35 51 0.04457731 
574 355 54 62 0.04442225 
1011 529 13 19 0.04428104 
984 407 10 12 0.042553134 
991 420 10 13 0.041705858 
280 85 10 12 0.041552242 
983 445 12 15 0.04059783 
972 416 9 11 0.03993171 
939 473 15 18 0.039869767 
941 424 9 12 0.039661698 
999 489 13 17 0.039062187 
934 393 11 15 0.038518354 
1007 447 10 13 0.03836879 
995 471 12 15 0.03800505 
1002 525 20 28 0.037333466 
993 450 10 12 0.037320584 
867 498 15 18 0.03675959 
997 451 11 13 0.036228493 
1014 415 9 14 0.034514546 
924 425 12 15 0.0343436 
942 377 10 11 0.03421992 
968 418 11 14 0.033822984 
271 109 10 14 0.0338179 
803 452 29 38 0.03376882 
890 466 12 18 0.033511046 
9 64 95 148 0.03344363 
911 491 14 17 0.032794036 
278 117 14 19 0.032536954 
948 448 13 15 0.032188553 
1013 390 9 16 0.032078825 
889 496 54 59 0.03199199 
882 501 30 36 0.03180821 
554 298 50 67 0.03061904 
873 444 11 13 0.030550132 
361 94 10 13 0.030237244 
968 384 9 12 0.030170124 
917 469 18 21 0.030128427 
889 455 22 30 0.029280785 
951 424 9 12 0.02894382 
951 329 12 17 0.028524894 
1007 553 13 17 0.027780538 
928 414 9 11 0.027629431 
988 530 15 19 0.02761318 
565 271 44 66 0.027558254 
288 104 12 16 0.026580522 
1011 484 14 21 0.026319573 
1011 456 12 17 0.026074266 
628 541 50 65 0.025679667 
997 407 9 11 0.025660565 
285 82 12 15 0.025196977 
933 413 9 10 0.024757488 
1011 516 12 17 0.024316447 
956 398 9 11 0.024265606 
985 461 10 13 0.024216512 
901 407 10 12 0.024192242 
1000 432 10 12 0.024166575 
345 316 42 62 0.024019022 
893 485 12 14 0.02391223 
972 459 11 14 0.023903077 
277 114 24 35 0.023650268 
868 506 13 16 0.02360519 
891 498 17 21 0.023533758 
972 438 10 12 0.023399178 
77 50 109 135 0.023380516 
1009 395 11 15 0.023346737 
874 80 29 35 0.023201581 
596 202 13 15 0.02310353 
929 406 9 12 0.023003697 
868 507 27 38 0.022776593 
930 397 9 13 0.022727625 
1012 448 10 15 0.02248042 
862 493 28 30 0.022213649 
989 485 14 19 0.022076529 
951 412 10 12 0.021744832 
914 484 17 19 0.021716954 
958 423 11 13 0.02159064 
877 439 12 15 0.021570735 
984 468 14 19 0.021261616 
259 98 12 15 0.021255974 
244 117 13 17 0.021117374 
843 459 28 33 0.02110911 
929 556 30 37 0.021092927 
986 411 10 12 0.021057893 
578 223 27 34 0.021040088 
869 456 25 31 0.020985097 
558 344 49 62 0.020924749 
870 536 12 16 0.020470025 
966 406 8 10 0.020451004 
262 83 9 11 0.020372676 
998 549 15 19 0.020286333 
868 523 15 20 0.020285433 
905 396 10 12 0.020181155 
997 342 10 12 0.020093879 
493 266 94 126 0.020046236 
