7_Cheering_Cheering_7_386
212
763 291 33 41 0.98671144 
210 547 49 55 0.9807577 
765 434 33 42 0.96806806 
800 511 45 78 0.86481273 
53 506 53 84 0.83011174 
391 401 15 19 0.69431585 
286 401 17 21 0.66477466 
220 427 16 21 0.43118298 
301 431 25 28 0.37937525 
795 483 49 72 0.27430353 
663 440 27 33 0.261359 
909 376 28 32 0.2529487 
355 430 18 24 0.22700055 
411 404 13 19 0.20083003 
80 327 96 133 0.18261652 
415 439 20 27 0.17967062 
558 467 37 47 0.1739742 
217 456 27 33 0.15964152 
331 454 23 29 0.14671758 
42 512 83 126 0.11989355 
984 344 28 31 0.11309774 
885 550 47 67 0.10367899 
871 380 26 30 0.09957802 
306 407 16 20 0.09501742 
813 391 25 32 0.094664946 
884 396 22 29 0.09212834 
396 379 11 14 0.084441476 
971 342 26 35 0.08399302 
384 401 14 19 0.08311258 
682 332 18 24 0.08017241 
329 395 15 19 0.079938486 
894 397 24 31 0.07855635 
228 422 24 27 0.07814824 
0 483 43 67 0.07771699 
341 454 23 30 0.07581523 
679 397 48 64 0.07516154 
566 489 114 150 0.07510941 
475 389 13 16 0.07428123 
32 354 83 118 0.072462074 
993 370 23 30 0.071156256 
10 383 15 19 0.0702081 
357 393 17 19 0.06974734 
243 375 14 19 0.066852205 
188 401 13 16 0.06489159 
812 404 30 38 0.06391167 
363 386 15 19 0.063746065 
41 537 35 49 0.06319002 
533 409 14 18 0.06195612 
434 424 16 21 0.061709292 
875 350 18 21 0.061481617 
461 435 18 23 0.06147776 
365 356 13 14 0.060933553 
333 553 60 70 0.059743058 
10 526 126 217 0.058263943 
155 356 14 17 0.05566647 
413 399 12 16 0.05562231 
1014 402 9 16 0.053386852 
525 424 15 19 0.052402966 
445 393 14 17 0.051873982 
71 370 57 83 0.050046623 
762 410 52 67 0.049830448 
496 362 12 13 0.049825683 
965 408 14 18 0.049018368 
546 451 29 34 0.048270576 
366 379 15 18 0.04817723 
154 704 60 60 0.045061782 
432 452 23 34 0.043712575 
437 415 13 15 0.043361835 
363 405 15 18 0.042117827 
907 390 18 23 0.041489307 
356 446 27 31 0.041104957 
581 394 17 22 0.041068245 
487 532 32 51 0.041007936 
824 383 25 31 0.040299498 
16 493 50 75 0.039840683 
884 383 25 31 0.038825873 
249 469 27 33 0.037956737 
371 435 16 20 0.037780877 
39 403 50 81 0.037668 
303 414 26 29 0.037345905 
899 366 13 15 0.03717556 
565 420 15 19 0.036257643 
170 -13 427 492 0.03574318 
850 536 79 95 0.035200108 
400 442 27 31 0.033586092 
570 392 25 32 0.033314396 
529 417 16 21 0.03307599 
469 392 23 30 0.032866772 
991 353 27 35 0.032827232 
381 530 52 63 0.032755874 
424 428 21 28 0.032673776 
906 398 17 25 0.032537747 
768 338 37 38 0.032180816 
482 386 14 17 0.031217122 
315 568 55 61 0.031134192 
257 426 16 22 0.031124987 
5 378 22 31 0.031048695 
701 341 12 16 0.030920532 
543 391 10 14 0.030904789 
215 430 28 35 0.030523382 
64 445 24 37 0.029994065 
453 438 22 30 0.029872969 
204 539 78 89 0.029581482 
413 385 10 11 0.029564781 
285 392 44 55 0.029350298 
398 526 38 43 0.029316125 
860 434 28 35 0.029235456 
444 379 16 18 0.028986804 
397 386 13 16 0.028649583 
789 487 30 44 0.028576104 
441 453 27 36 0.028445782 
511 363 13 15 0.028399972 
371 383 15 19 0.02826305 
184 428 28 38 0.028197354 
346 370 15 19 0.02802369 
874 400 24 30 0.028001357 
425 334 10 12 0.027532034 
558 369 15 21 0.027477024 
407 387 11 14 0.027476383 
484 375 12 15 0.02745143 
518 423 26 31 0.027254643 
937 407 23 28 0.026993005 
139 346 59 91 0.026881546 
491 400 17 23 0.026713474 
317 403 14 19 0.02660637 
3 477 31 38 0.026381047 
490 381 24 29 0.026191667 
392 375 11 14 0.026159044 
201 424 27 35 0.026124109 
672 401 26 33 0.026051529 
594 425 17 20 0.025968017 
377 380 14 16 0.025962409 
16 417 53 82 0.025927873 
865 391 26 34 0.025876133 
361 540 58 72 0.02565302 
93 394 98 140 0.025489263 
524 405 23 30 0.0253309 
673 431 28 36 0.025298221 
363 416 16 19 0.024771791 
975 358 30 37 0.024771502 
708 403 51 75 0.024499271 
619 401 27 32 0.024416273 
858 412 28 33 0.024396991 
1003 398 21 33 0.02416118 
868 437 16 20 0.024129648 
872 418 16 20 0.023828594 
902 386 15 19 0.02368912 
690 397 29 41 0.023665072 
539 352 14 19 0.02346341 
819 524 77 94 0.023347469 
621 333 14 15 0.023216723 
828 412 25 32 0.023195984 
362 457 30 35 0.02316237 
435 425 24 32 0.023007046 
681 395 24 33 0.022999512 
1000 414 22 39 0.022989651 
374 394 13 16 0.022943 
581 370 13 17 0.02292897 
754 345 31 37 0.022861063 
418 390 12 14 0.022828987 
427 19 387 451 0.022820197 
479 381 12 17 0.022626147 
769 446 51 74 0.022544175 
999 310 20 28 0.02251431 
316 444 40 51 0.022500409 
293 418 44 57 0.022437038 
357 420 14 18 0.022412127 
118 454 50 71 0.022336679 
480 394 24 31 0.02232145 
674 382 77 109 0.022222998 
581 474 39 43 0.022041025 
306 437 29 34 0.02201684 
501 386 16 19 0.021975027 
-8 181 89 159 0.021967523 
458 389 23 29 0.021967383 
369 409 15 19 0.021959698 
123 468 14 19 0.021955963 
469 407 14 19 0.021846538 
478 382 23 28 0.021814395 
857 381 28 32 0.021810578 
957 339 14 18 0.02181038 
848 391 26 33 0.02175955 
819 403 42 52 0.021653615 
563 365 13 17 0.021582281 
68 387 17 20 0.021510812 
237 461 30 35 0.021484653 
989 429 27 46 0.021465523 
950 322 38 51 0.021383122 
533 400 22 31 0.021242961 
962 332 22 32 0.021126015 
-2 361 87 126 0.021065343 
846 415 32 42 0.02102047 
387 386 23 26 0.021010721 
374 381 22 27 0.021010505 
456 452 25 32 0.02100021 
510 489 29 37 0.020992318 
541 355 24 33 0.020938402 
537 335 10 12 0.020924319 
370 354 14 16 0.020918244 
892 386 14 19 0.020879216 
281 584 52 64 0.020824442 
477 372 12 16 0.020640358 
542 402 24 30 0.020450857 
526 507 91 129 0.02043259 
378 459 31 33 0.020413557 
378 387 13 16 0.020315975 
377 440 15 19 0.020292897 
589 426 164 228 0.020226847 
475 405 16 22 0.020114012 
384 322 11 13 0.020097412 
317 404 23 29 0.020068243 
424 447 17 23 0.020001918 
