7_Cheering_Cheering_7_687
113
571 80 53 76 0.9985904 
818 211 35 43 0.9979232 
677 378 18 24 0.7938683 
73 493 8 11 0.14851035 
224 462 10 12 0.13553856 
44 445 11 13 0.11786462 
20 479 10 13 0.10886605 
894 445 14 19 0.100557655 
778 310 27 35 0.09573946 
852 186 26 28 0.0924525 
812 442 28 30 0.09037887 
552 88 21 40 0.081615575 
814 455 32 30 0.08156055 
510 93 42 54 0.07996274 
791 469 13 15 0.07496966 
186 522 12 15 0.0741726 
47 489 9 10 0.071519375 
203 474 11 15 0.069919236 
189 464 10 12 0.06541935 
228 437 10 13 0.059592754 
157 456 9 12 0.057695128 
22 504 8 10 0.057417486 
753 446 10 13 0.054845665 
928 520 12 16 0.05444312 
96 425 10 11 0.05326996 
101 462 9 12 0.052080963 
93 487 10 12 0.048809875 
495 75 40 63 0.047270652 
199 428 9 12 0.046368435 
538 90 30 52 0.045887485 
56 463 9 11 0.04416547 
133 453 9 12 0.044094734 
83 469 10 13 0.043539546 
64 504 9 11 0.042137865 
78 428 9 10 0.041863523 
61 430 8 11 0.04137359 
153 459 10 13 0.04005125 
216 414 9 11 0.039883237 
31 463 8 10 0.0396702 
31 494 9 12 0.039362095 
31 470 10 11 0.038321726 
77 487 9 12 0.037488386 
703 333 22 31 0.037186995 
53 518 10 13 0.037105963 
80 477 10 11 0.035925858 
132 272 10 12 0.035204735 
776 327 17 23 0.03360604 
16 504 10 12 0.033071347 
711 498 13 16 0.03249632 
89 487 10 13 0.03217121 
23 509 10 12 0.0321435 
136 475 12 15 0.03180723 
70 445 9 11 0.030598117 
6 480 9 11 0.030374551 
295 453 9 10 0.029428476 
41 440 9 11 0.029372925 
487 64 29 51 0.029189777 
298 492 9 11 0.028999234 
93 310 13 17 0.027794838 
30 455 9 10 0.027679503 
39 476 8 10 0.02728965 
24 454 9 11 0.02728379 
630 232 40 47 0.027167454 
718 356 13 19 0.026765829 
88 414 9 10 0.026537213 
25 462 9 10 0.025714258 
124 502 10 12 0.025647704 
986 504 26 32 0.02507557 
152 487 10 13 0.025041629 
117 472 9 12 0.024787825 
85 464 8 10 0.024716834 
62 438 9 11 0.024606703 
8 446 9 11 0.024550708 
239 526 9 11 0.024489405 
220 414 10 11 0.024404595 
0 485 8 12 0.024333281 
103 501 11 15 0.024187883 
214 430 9 12 0.024095088 
81 465 8 9 0.024068074 
6 495 8 12 0.024025641 
191 487 11 13 0.024002297 
205 447 11 14 0.023814954 
818 467 19 21 0.023606338 
6 485 9 12 0.02357869 
537 477 31 33 0.023275783 
317 455 9 11 0.023229133 
63 456 8 11 0.022875544 
200 451 11 13 0.022424573 
756 449 15 20 0.022364138 
87 503 9 11 0.022271737 
31 447 9 10 0.021896588 
182 510 9 10 0.0218603 
996 514 13 16 0.021833079 
661 501 16 21 0.021769311 
752 365 26 31 0.021634104 
529 38 19 22 0.021615246 
112 471 10 12 0.021469787 
56 438 9 11 0.021436965 
220 301 10 13 0.021408852 
142 485 10 12 0.021376992 
168 437 9 11 0.021130795 
730 110 12 14 0.020858714 
55 469 9 12 0.020598726 
144 503 10 12 0.020566637 
1 461 8 12 0.020503094 
178 510 8 12 0.020405691 
23 449 9 9 0.020379394 
0 493 9 14 0.020335717 
61 461 9 11 0.020240644 
232 416 9 11 0.020234862 
190 424 9 11 0.02011292 
30 475 10 12 0.020109639 
230 433 10 11 0.020104678 
