7_Cheering_Cheering_7_427
53
471 86 62 74 0.9991825 
123 77 64 82 0.99850285 
830 75 70 83 0.99657106 
412 501 11 13 0.1568535 
430 502 9 12 0.07953335 
751 494 11 14 0.07859825 
918 521 12 16 0.06874394 
757 496 10 13 0.06179104 
378 478 13 15 0.059548542 
435 486 11 13 0.058694333 
438 519 12 15 0.057072632 
417 485 10 12 0.056688238 
936 534 9 12 0.052738983 
433 491 10 13 0.0496993 
422 502 10 13 0.04797145 
393 462 9 11 0.047034 
389 493 11 14 0.040684577 
432 520 11 13 0.039884966 
850 487 8 10 0.037310623 
408 505 11 15 0.036475223 
261 154 15 20 0.035566878 
394 468 9 12 0.03509007 
789 495 9 11 0.034490537 
444 467 10 12 0.0332792 
620 501 11 12 0.032734692 
766 477 9 12 0.03197637 
824 462 8 11 0.031280402 
390 487 12 14 0.030065304 
407 471 10 12 0.02996729 
463 455 42 58 0.029679572 
486 431 10 12 0.029200548 
888 493 9 10 0.02889927 
855 493 9 11 0.02852038 
913 486 8 9 0.028243242 
959 500 9 13 0.026972685 
424 520 9 12 0.025416505 
431 429 9 12 0.02524942 
435 390 9 12 0.024947034 
399 471 9 11 0.02474929 
802 503 9 11 0.023992466 
415 407 9 11 0.023468666 
864 503 7 10 0.023057902 
871 486 8 11 0.022592466 
918 486 8 9 0.022305312 
413 413 10 11 0.02201539 
853 487 9 12 0.021905756 
877 503 9 11 0.02188436 
257 175 17 23 0.021701377 
45 756 12 11 0.021056022 
413 462 9 10 0.020853508 
444 408 9 12 0.020735972 
407 491 20 26 0.02046738 
449 392 8 10 0.020434022 
