7_Cheering_Cheering_7_138
67
469 169 49 63 0.99718165 
785 119 51 70 0.9950912 
340 136 49 57 0.99503833 
832 123 55 70 0.9924697 
493 106 52 66 0.98869544 
602 195 45 54 0.98734367 
209 134 47 53 0.98297286 
868 87 47 57 0.97442144 
294 133 41 50 0.967834 
56 172 45 55 0.95018524 
196 121 26 36 0.9413258 
406 146 35 40 0.7608338 
0 346 54 94 0.74831116 
555 97 25 44 0.5698979 
102 152 35 36 0.44392845 
393 135 33 44 0.30906942 
279 142 28 41 0.19454432 
92 108 23 27 0.1928921 
482 132 51 72 0.18801135 
148 184 46 50 0.18280046 
380 142 32 44 0.11598387 
996 103 26 55 0.087306984 
401 130 18 21 0.0859198 
986 334 17 21 0.07660642 
816 496 50 64 0.07654134 
190 116 44 56 0.06925071 
497 176 36 44 0.068475395 
538 101 38 61 0.065780856 
197 117 17 21 0.06476978 
241 136 31 42 0.06340357 
273 184 37 56 0.04952852 
72 159 47 57 0.04571329 
268 147 25 38 0.040054224 
931 308 39 51 0.04004026 
132 204 51 57 0.038711026 
106 146 20 21 0.03675103 
916 146 32 40 0.035667893 
137 220 70 66 0.034693435 
511 185 30 41 0.034377858 
418 158 33 44 0.03416483 
894 98 28 43 0.031845238 
923 180 45 56 0.031772546 
112 217 63 63 0.028359042 
117 131 15 18 0.028022947 
830 86 30 33 0.027626896 
792 151 40 54 0.027171545 
470 163 31 42 0.027041396 
336 232 34 43 0.024928339 
283 158 33 49 0.024870057 
118 194 48 56 0.023659475 
308 117 28 34 0.023592316 
520 121 36 52 0.023406442 
898 137 30 42 0.023379767 
253 143 28 42 0.022308286 
88 105 38 48 0.022153538 
424 154 18 22 0.02206052 
24 341 58 84 0.022031548 
258 139 15 24 0.021980597 
524 199 16 23 0.02189859 
437 173 28 40 0.02174834 
400 280 33 42 0.021746898 
605 414 11 13 0.021408154 
842 93 14 17 0.02129712 
686 412 12 15 0.021067586 
125 225 37 37 0.020814152 
639 413 12 13 0.020805685 
907 105 16 23 0.020065542 
