7_Cheering_Cheering_7_462
86
548 128 70 102 0.9952219 
821 364 32 42 0.99447495 
275 357 37 43 0.98679245 
67 554 26 45 0.98445433 
719 337 25 41 0.9709914 
200 367 28 36 0.924061 
360 591 36 65 0.90438277 
-1 547 18 35 0.88981915 
60 420 23 31 0.6917503 
11 421 17 22 0.62062675 
98 416 18 23 0.53036493 
893 508 20 33 0.45787427 
899 522 33 39 0.4459032 
31 432 15 20 0.30637872 
936 245 66 92 0.2684175 
442 587 41 65 0.22586335 
190 372 40 54 0.20049779 
0 394 13 22 0.17502931 
950 221 53 73 0.13547309 
424 591 37 58 0.12845315 
148 384 19 22 0.09927838 
211 418 42 53 0.09791199 
758 569 16 19 0.09565082 
378 374 30 38 0.08721213 
75 399 14 17 0.07136002 
403 314 30 41 0.063139975 
18 426 19 25 0.06145737 
375 595 41 61 0.0583754 
354 229 424 480 0.04974146 
85 418 25 32 0.04843372 
141 369 37 48 0.047185656 
377 379 46 58 0.041280687 
49 458 17 23 0.041081306 
198 388 41 55 0.040377796 
809 396 23 29 0.03952996 
398 409 48 65 0.03910031 
401 327 47 60 0.038750567 
926 277 69 95 0.0381947 
68 562 41 55 0.03604044 
367 440 52 67 0.03480694 
852 378 16 21 0.033363067 
128 409 27 35 0.032200094 
665 6 418 438 0.031999066 
946 196 52 65 0.031950742 
409 414 30 38 0.03175395 
823 327 14 18 0.030944586 
223 384 27 36 0.030527517 
77 461 14 18 0.030470936 
163 369 42 51 0.03037978 
816 183 113 171 0.030205375 
1012 522 12 19 0.029737579 
103 412 17 21 0.029574024 
136 11 429 481 0.029261177 
841 373 25 32 0.028245714 
871 557 10 12 0.027939633 
375 387 86 105 0.027917692 
-7 131 424 520 0.027586099 
405 595 37 51 0.0274843 
887 504 40 47 0.027155982 
385 216 49 55 0.027005017 
694 232 119 132 0.02657418 
617 319 44 51 0.026289195 
182 392 25 35 0.024539718 
856 383 17 22 0.024363734 
-2 542 14 22 0.024173407 
378 433 30 37 0.023242423 
206 421 30 38 0.023097165 
911 522 22 24 0.023001311 
896 538 31 37 0.022668323 
92 424 28 37 0.022415783 
0 463 19 32 0.022005117 
41 463 25 35 0.02187314 
386 422 32 39 0.021565333 
222 423 49 63 0.021363255 
739 289 18 20 0.021330645 
331 402 89 108 0.021127243 
715 282 16 19 0.020927116 
453 565 53 76 0.020902721 
949 201 32 41 0.02081392 
418 316 51 68 0.02080078 
261 328 15 19 0.020702565 
74 375 16 20 0.020582257 
217 401 30 37 0.0203765 
49 338 13 17 0.02035405 
218 417 20 23 0.020158274 
574 3 16 18 0.02006232 
