7_Cheering_Cheering_7_542
29
255 290 212 301 0.9998853 
553 130 242 333 0.9996061 
136 347 48 74 0.72776634 
4 339 29 41 0.724388 
102 342 54 72 0.25633824 
873 288 16 21 0.15385337 
991 250 32 48 0.14512853 
83 326 37 51 0.13969861 
419 139 330 435 0.06893472 
57 285 26 31 0.0561306 
954 288 13 17 0.05606637 
915 349 28 35 0.052077383 
0 285 23 39 0.049890466 
909 279 42 54 0.049228586 
58 349 23 31 0.046352956 
1 273 28 35 0.034484416 
271 193 392 484 0.027460018 
7 359 31 39 0.02693443 
900 285 26 34 0.026822241 
86 314 29 39 0.026174255 
0 272 47 58 0.02561182 
919 287 49 61 0.024836127 
154 350 53 79 0.02428169 
61 335 41 55 0.024228109 
272 155 17 20 0.022954965 
50 277 43 54 0.022896316 
928 283 27 36 0.022603719 
673 -11 69 61 0.02147534 
0 290 13 22 0.020649856 
