7_Cheering_Cheering_7_404
39
473 211 31 34 0.9990208 
304 352 37 43 0.9977512 
584 339 40 49 0.9837769 
131 469 22 27 0.91146916 
719 461 23 27 0.87591773 
784 108 145 170 0.55708206 
481 607 79 66 0.26846638 
393 619 38 34 0.18480232 
507 612 44 39 0.099724 
405 616 66 53 0.08813897 
598 634 42 64 0.08445223 
753 648 9 13 0.07833065 
39 154 99 122 0.065610096 
127 478 22 30 0.040796462 
432 614 78 66 0.039526742 
344 561 49 61 0.039122883 
427 511 15 22 0.0371359 
469 581 65 67 0.035518724 
294 683 22 29 0.034364432 
385 626 31 33 0.03330042 
709 452 39 51 0.03311197 
424 565 109 102 0.032468442 
656 299 44 64 0.030687917 
285 701 12 17 0.029959414 
614 623 39 67 0.02967288 
530 620 36 34 0.029588325 
622 607 15 24 0.028741447 
421 492 28 46 0.027938308 
467 554 17 22 0.024170144 
267 315 43 57 0.023674522 
36 459 13 18 0.022890108 
288 655 31 38 0.02183382 
740 712 45 55 0.021527676 
439 552 32 38 0.021525396 
515 601 93 102 0.021350816 
163 405 27 33 0.020899137 
288 328 47 58 0.020881437 
299 674 24 29 0.020862864 
311 715 14 17 0.020132137 
