7_Cheering_Cheering_7_655
153
383 767 243 351 0.9998305 
43 1353 13 17 0.29029217 
103 1285 14 17 0.28582776 
29 1333 14 18 0.24448115 
868 1369 13 16 0.22773495 
933 1496 15 19 0.19569786 
66 1299 13 16 0.18396981 
12 1346 13 18 0.16990647 
27 1296 14 17 0.16442505 
994 1433 13 18 0.13401613 
977 1307 10 14 0.1334278 
451 633 61 72 0.13197337 
920 1228 10 14 0.13107029 
960 1366 13 16 0.12010396 
990 1304 11 12 0.116711214 
982 1279 12 16 0.115443595 
924 1386 13 15 0.115277976 
936 1491 16 19 0.103056416 
82 1494 14 19 0.099578924 
919 1332 12 15 0.09801668 
990 1260 10 12 0.09239434 
957 1417 16 19 0.08900189 
987 1230 11 13 0.08587557 
883 1309 11 14 0.084432505 
934 1512 16 20 0.08174039 
934 1419 12 16 0.081552766 
-2 1066 58 99 0.077148505 
119 1388 14 18 0.07684991 
877 1399 14 16 0.075722754 
24 11 24 29 0.07371173 
970 1445 21 28 0.072423846 
934 1377 12 16 0.07029847 
951 1269 10 13 0.06977506 
920 1475 13 16 0.06793879 
108 1280 14 17 0.06439174 
963 1411 16 20 0.06374251 
55 1308 14 16 0.06292586 
952 1297 11 15 0.062124565 
440 583 102 136 0.06171931 
830 1391 12 14 0.060546067 
93 1346 16 21 0.060259182 
919 1307 10 12 0.05984311 
75 1414 15 20 0.05897408 
0 1455 14 23 0.05864827 
413 519 185 271 0.05844618 
860 1402 12 16 0.05557883 
843 1310 11 14 0.055528417 
23 1417 13 17 0.054075412 
545 43 15 19 0.053270143 
896 1264 8 10 0.05189589 
168 1375 13 16 0.051415186 
903 1355 11 14 0.050188743 
467 466 199 257 0.049341954 
942 1334 12 15 0.048719574 
984 1234 12 13 0.048707362 
949 1228 11 13 0.0483291 
0 1299 10 15 0.048172157 
20 1337 15 18 0.04809999 
143 1287 12 14 0.047218338 
935 1121 10 12 0.04634283 
955 1462 15 18 0.04513295 
1007 1333 14 17 0.044725344 
6 1367 16 21 0.044575352 
982 1304 13 15 0.044405527 
545 20 62 66 0.043705486 
843 1330 13 17 0.041982733 
925 1393 14 16 0.041714042 
883 1489 16 20 0.041370656 
63 1295 13 15 0.04048595 
919 1444 13 16 0.03988847 
885 1315 12 14 0.039116014 
32 1483 22 28 0.038731746 
988 1373 11 14 0.0365278 
957 1275 10 13 0.03643769 
939 1373 11 16 0.03638498 
987 1280 13 16 0.03606212 
-1 1387 9 16 0.035909954 
872 1394 14 19 0.035649262 
36 1436 15 18 0.034692485 
133 1375 16 20 0.03427925 
985 1260 10 12 0.03416331 
76 1503 16 18 0.033765364 
583 392 131 102 0.033728845 
855 1404 12 15 0.0329724 
551 34 29 34 0.03233967 
952 1265 9 11 0.031708755 
44 1285 12 15 0.031407833 
49 1346 13 17 0.030988893 
93 1338 14 18 0.03075772 
159 1353 15 18 0.030729739 
103 1279 12 16 0.030710386 
667 1042 45 63 0.03052837 
876 1234 12 14 0.030328771 
1006 1374 15 20 0.02997392 
996 1516 17 19 0.029847939 
178 1480 62 61 0.029376684 
912 1332 13 15 0.029122364 
955 1374 16 19 0.02858358 
18 1506 15 18 0.028377516 
138 1485 17 20 0.028318653 
974 1347 13 16 0.02789434 
904 1428 11 15 0.0276302 
344 1045 403 494 0.027027013 
981 1346 14 18 0.026966684 
959 934 12 16 0.026736429 
19 1402 15 19 0.026449401 
127 1349 13 18 0.026392465 
988 1347 13 17 0.025989544 
92 1321 13 16 0.02579839 
813 1318 11 13 0.025751969 
879 1498 14 19 0.025624998 
835 1388 11 15 0.025374094 
977 1279 11 14 0.025339143 
921 1382 12 15 0.02524361 
120 1457 16 22 0.024896286 
994 1478 22 32 0.024858635 
1000 1223 11 13 0.024733631 
819 1372 12 16 0.024692154 
20 1324 14 17 0.024219973 
986 1393 14 18 0.024013177 
526 0 127 142 0.023330938 
933 1331 14 17 0.023291811 
38 1278 11 14 0.02326712 
901 1510 11 14 0.023102982 
138 1371 15 19 0.02302065 
876 1452 14 17 0.022965161 
879 1486 12 15 0.02295018 
93 1332 12 17 0.022878094 
945 1470 24 29 0.022479065 
134 1396 12 15 0.022312915 
892 1318 11 14 0.02215858 
133 1324 13 17 0.022037422 
145 79 117 167 0.021889465 
877 1346 14 17 0.021867396 
887 1478 13 16 0.021772284 
935 1339 12 14 0.021674264 
880 1304 11 15 0.021423573 
1012 1220 10 15 0.021382852 
141 1317 12 16 0.021368159 
930 1322 14 17 0.021325827 
951 1372 13 16 0.021256423 
720 150 207 267 0.0211841 
55 1286 11 14 0.021065783 
899 1516 13 14 0.020985931 
85 1488 14 17 0.020972589 
974 1254 11 14 0.020809796 
926 1412 14 18 0.020806754 
16 1395 14 16 0.020622188 
989 1518 15 17 0.020514177 
948 1437 13 16 0.02048008 
987 1493 17 22 0.020346567 
18 1407 21 26 0.020230372 
880 1310 22 27 0.020094901 
