7_Cheering_Cheering_7_345
250
451 155 26 40 0.9919195 
229 376 23 32 0.9863819 
550 351 27 31 0.98511475 
253 371 23 29 0.9763849 
2 311 20 31 0.93582946 
803 395 25 34 0.8723533 
581 391 25 30 0.8386393 
601 191 27 35 0.82070506 
856 359 23 31 0.8100107 
355 402 23 28 0.7884772 
265 394 22 28 0.7872078 
238 373 23 31 0.7423133 
458 391 23 31 0.71917486 
877 378 17 21 0.63827527 
755 376 26 30 0.57373345 
903 358 24 30 0.46724206 
87 380 24 26 0.41350102 
210 413 15 18 0.39360902 
863 353 20 27 0.30869526 
870 348 16 20 0.2766134 
331 419 21 34 0.2731966 
467 386 25 37 0.22393247 
201 385 18 22 0.21859209 
915 333 12 16 0.20370227 
860 406 20 26 0.20183629 
339 386 13 21 0.19858314 
290 414 18 24 0.1917544 
146 408 23 31 0.18261415 
883 375 23 29 0.17761658 
866 369 24 30 0.17407505 
541 346 25 33 0.16968213 
27 369 15 19 0.15898679 
19 371 25 28 0.14771095 
185 372 16 20 0.13808855 
979 425 32 43 0.11813012 
974 304 14 20 0.11735064 
754 386 31 39 0.116141416 
480 394 30 39 0.11227587 
159 408 21 30 0.10157829 
194 377 20 25 0.100448295 
889 368 25 30 0.09999742 
947 314 14 20 0.09853879 
433 156 34 41 0.09142909 
448 138 25 42 0.08995395 
200 397 24 29 0.089908585 
453 392 39 48 0.087426186 
683 235 14 23 0.087061085 
788 397 30 35 0.08520991 
40 427 28 28 0.08519254 
924 353 12 19 0.08482739 
915 357 14 20 0.0825922 
102 420 38 41 0.07970905 
587 72 30 36 0.07684715 
7 478 13 20 0.06463824 
186 401 15 20 0.064224854 
25 365 13 15 0.061808653 
403 191 26 36 0.061405905 
43 418 18 20 0.060773484 
940 299 13 17 0.059835274 
779 363 13 16 0.059720945 
642 315 17 18 0.0595785 
612 322 14 17 0.05804739 
979 275 12 16 0.05797188 
357 398 16 20 0.057309214 
912 328 10 12 0.05666962 
475 75 34 47 0.05559658 
92 374 17 20 0.054466538 
82 379 41 43 0.05409067 
890 390 17 23 0.053826857 
54 394 14 18 0.05363284 
170 410 15 24 0.05300196 
176 404 22 32 0.051990226 
815 397 17 24 0.051693436 
460 133 12 19 0.051127568 
690 431 15 18 0.05095185 
339 370 14 19 0.050136346 
326 56 42 53 0.049991567 
435 170 16 22 0.048957646 
332 367 16 20 0.04767619 
534 501 10 12 0.04660751 
768 383 18 22 0.046360977 
525 366 14 19 0.04533798 
261 382 23 31 0.045305822 
587 379 24 32 0.04476152 
311 653 8 9 0.04449725 
98 436 33 32 0.044206526 
685 436 13 16 0.043711446 
27 393 12 16 0.04303136 
16 384 26 31 0.042689428 
437 386 26 37 0.041674208 
173 380 11 16 0.041420676 
185 368 11 14 0.04053041 
719 383 41 57 0.040514372 
196 493 28 33 0.03995413 
35 377 13 19 0.039686713 
350 407 17 21 0.03923801 
148 424 16 21 0.038810126 
593 86 28 35 0.038215913 
362 414 15 19 0.037804667 
165 364 12 14 0.037605286 
775 395 29 36 0.03746804 
941 305 14 20 0.037245497 
990 318 13 17 0.037062496 
674 429 29 32 0.03703375 
571 336 13 18 0.036755838 
44 382 12 16 0.036640555 
237 433 18 25 0.03641459 
186 394 40 47 0.0363937 
348 392 15 22 0.03600933 
333 377 17 24 0.03596457 
749 406 24 35 0.035864666 
175 372 10 14 0.035666544 
458 139 26 45 0.03561126 
197 435 17 23 0.03553093 
158 424 25 35 0.035245754 
750 421 13 23 0.034801435 
799 445 28 33 0.034464147 
13 384 16 21 0.0342488 
108 376 14 19 0.034086134 
478 490 12 17 0.033134844 
315 482 14 17 0.032668088 
173 402 14 23 0.032564342 
611 455 25 34 0.032233376 
395 376 24 32 0.03212569 
941 347 15 19 0.031882558 
643 416 14 19 0.031680748 
443 395 29 37 0.03164829 
810 388 18 24 0.031611793 
780 369 15 20 0.031400293 
284 411 18 22 0.031380665 
957 306 15 23 0.030932892 
165 384 15 19 0.030718045 
168 415 21 35 0.030673977 
965 304 15 24 0.03060349 
338 432 28 39 0.03024949 
15 364 12 14 0.029795809 
201 480 45 58 0.029727878 
26 379 22 27 0.029723931 
133 487 18 23 0.029532004 
181 395 15 23 0.029423082 
592 372 16 18 0.029367257 
836 418 18 21 0.029249195 
967 376 24 36 0.029145818 
993 324 13 16 0.029110884 
533 349 16 23 0.029012268 
403 400 16 23 0.02884724 
146 430 23 31 0.028584383 
901 415 23 30 0.028336558 
437 181 29 34 0.028319865 
734 377 41 52 0.028087791 
195 373 13 17 0.028016336 
828 419 16 20 0.027893644 
340 397 15 22 0.027659258 
668 441 33 39 0.027601827 
329 364 11 15 0.027594673 
326 389 24 27 0.02757573 
216 410 15 19 0.027338244 
907 349 16 19 0.02706922 
0 468 10 20 0.026927566 
305 417 24 32 0.026745055 
814 675 15 18 0.02652203 
84 389 20 24 0.026516713 
811 672 24 29 0.026516465 
978 378 16 22 0.02640268 
790 343 11 13 0.026300604 
157 361 14 16 0.026242057 
171 391 21 29 0.02616908 
876 358 13 19 0.026167829 
901 349 14 17 0.026062863 
164 370 15 17 0.02590558 
1012 606 12 20 0.025848823 
754 494 10 12 0.025837585 
867 396 25 31 0.025754793 
925 416 27 36 0.02565445 
762 398 18 23 0.025637668 
951 363 23 36 0.025635978 
501 393 25 33 0.025587585 
895 363 16 19 0.025571236 
173 366 9 14 0.025305483 
798 387 15 20 0.025253017 
749 395 14 22 0.02518479 
444 245 17 22 0.025117958 
197 410 14 18 0.025037486 
388 526 10 13 0.024988456 
810 406 26 32 0.024568792 
938 387 16 19 0.024549179 
172 427 23 36 0.02437458 
898 393 17 21 0.024102725 
651 317 16 21 0.024011793 
316 419 25 32 0.023969699 
658 320 15 21 0.023662128 
325 63 27 32 0.023639947 
406 398 24 30 0.023622463 
823 404 23 28 0.023421576 
423 164 31 35 0.023375724 
510 359 27 33 0.023339706 
442 385 16 24 0.023325874 
689 233 17 23 0.02330653 
778 552 15 16 0.023175832 
152 362 12 16 0.023075432 
356 498 19 20 0.023008771 
720 532 13 15 0.022993093 
49 400 17 20 0.022812352 
807 413 39 45 0.022751022 
161 389 23 31 0.022732466 
374 476 10 13 0.022455495 
939 380 25 30 0.022407494 
453 135 16 25 0.02240688 
512 525 11 14 0.02239789 
311 404 12 15 0.022309551 
876 388 17 23 0.022253603 
779 415 15 20 0.022222107 
244 402 14 19 0.022219984 
271 404 20 24 0.022143234 
589 154 12 16 0.022016056 
156 385 16 19 0.022004627 
167 376 21 26 0.021995138 
826 422 26 30 0.021905547 
445 377 39 49 0.021903655 
136 396 23 32 0.02189682 
349 465 14 17 0.021855118 
475 379 16 22 0.021794075 
160 533 32 39 0.021754727 
88 420 29 30 0.02156284 
276 415 25 32 0.021543173 
142 413 16 24 0.021464124 
133 392 14 19 0.02138955 
463 366 28 35 0.021178054 
906 401 16 21 0.021111077 
345 378 15 19 0.021085126 
282 401 15 19 0.021038106 
957 385 31 45 0.021002278 
43 438 18 20 0.02094889 
339 80 30 33 0.020920686 
603 188 18 23 0.020848656 
340 403 22 34 0.020788584 
685 52 104 121 0.020742483 
5 376 17 23 0.020640027 
280 685 11 12 0.020540543 
796 693 15 18 0.020273712 
343 400 36 47 0.020244984 
451 201 15 22 0.020220356 
0 444 8 17 0.020196946 
531 362 13 18 0.020187596 
855 409 16 22 0.020178972 
533 677 45 52 0.020156745 
934 403 37 49 0.020102413 
154 403 18 25 0.020097109 
693 232 26 29 0.020080188 
920 498 45 56 0.020033075 
