30_Surgeons_Surgeons_30_107
33
683 311 204 216 0.9997894 
524 813 116 93 0.9035082 
287 69 24 30 0.19391689 
721 949 182 242 0.17681599 
292 388 151 181 0.16416864 
509 590 12 13 0.13490658 
535 921 117 120 0.13317113 
430 603 15 18 0.080674864 
-45 813 341 442 0.079687506 
795 348 148 166 0.074557945 
501 776 177 173 0.07304427 
171 191 97 133 0.063411266 
211 380 122 158 0.04964234 
438 600 12 14 0.03736869 
368 118 9 10 0.033290707 
458 632 16 20 0.03316518 
192 224 217 302 0.03232466 
417 29 126 117 0.030580087 
443 601 13 18 0.029102828 
507 589 19 24 0.028420158 
153 591 344 461 0.028077925 
183 135 11 14 0.027768023 
276 694 43 52 0.027730148 
379 77 11 14 0.027192961 
156 63 10 12 0.025251592 
697 385 32 35 0.024297724 
70 925 170 245 0.023533527 
620 335 207 257 0.023204044 
69 709 320 487 0.022524357 
560 583 9 11 0.022317981 
524 847 137 144 0.020852236 
498 832 75 74 0.020522099 
99 350 25 35 0.020140836 
