30_Surgeons_Surgeons_30_525
27
615 99 70 81 0.9984964 
440 76 84 112 0.99838686 
187 159 115 166 0.98909 
80 240 140 125 0.8070002 
329 195 30 35 0.68862426 
112 180 166 173 0.42535746 
-2 225 63 118 0.26525098 
288 282 66 92 0.17004204 
692 340 18 23 0.12733363 
264 289 39 58 0.11481801 
435 414 64 55 0.089093044 
778 340 22 26 0.08372727 
231 214 99 149 0.072791934 
820 446 27 36 0.0659735 
21 226 103 121 0.042708162 
402 399 117 106 0.042268038 
465 411 38 35 0.03946775 
127 2 112 99 0.035970904 
771 426 46 54 0.034906015 
812 437 48 58 0.028574409 
431 414 42 38 0.025735332 
331 213 19 24 0.022564447 
663 347 32 36 0.022296848 
628 355 38 41 0.022289786 
550 395 138 111 0.022035547 
997 492 27 53 0.021311028 
668 341 45 51 0.020188577 
