30_Surgeons_Surgeons_30_256
21
321 440 142 154 0.9918351 
430 45 121 116 0.9878776 
658 470 143 140 0.87121993 
688 194 146 128 0.38866535 
343 292 133 134 0.27245286 
266 259 188 138 0.114752285 
666 126 208 236 0.094940424 
328 265 197 254 0.06661228 
255 238 131 99 0.056988314 
785 119 58 58 0.042887047 
766 107 92 108 0.03994781 
506 204 73 71 0.038825694 
595 99 433 427 0.029366076 
722 206 27 36 0.02753511 
387 80 385 412 0.026089631 
697 226 86 70 0.025794527 
19 36 175 182 0.02572473 
681 491 87 84 0.02211628 
387 319 82 85 0.02088795 
467 384 66 73 0.020783272 
31 10 114 121 0.020254714 
