30_Surgeons_Surgeons_30_122
23
277 302 37 46 0.91877896 
526 295 34 36 0.7969154 
255 265 28 45 0.7223131 
129 311 40 53 0.44867843 
850 433 36 34 0.24985352 
741 280 33 34 0.1001488 
218 271 33 41 0.07854646 
105 326 43 48 0.06969719 
729 268 23 33 0.055806026 
502 348 33 38 0.05370591 
812 410 42 52 0.045768734 
304 340 45 70 0.036736034 
231 269 40 47 0.035369977 
967 425 57 66 0.03255908 
832 418 47 44 0.029748077 
860 544 34 38 0.028249968 
266 268 15 22 0.027695514 
149 311 35 55 0.024578951 
196 350 48 58 0.02432116 
926 370 46 56 0.023993315 
270 291 73 102 0.021681061 
849 451 37 37 0.020955952 
264 274 41 58 0.020804984 
