30_Surgeons_Surgeons_30_95
69
763 223 59 91 0.99334586 
561 160 39 46 0.9292788 
597 202 61 61 0.90738535 
357 196 57 66 0.55060154 
742 620 47 41 0.42217806 
573 168 42 55 0.2222062 
626 191 58 58 0.13025218 
317 171 49 63 0.11859552 
763 598 58 54 0.11394588 
448 402 53 56 0.07488312 
375 182 49 63 0.06639367 
648 181 48 57 0.06556015 
167 185 15 22 0.061219607 
96 366 10 13 0.061112132 
464 72 50 45 0.060559668 
207 28 115 119 0.05991531 
238 6 117 108 0.059375964 
331 194 58 69 0.052618407 
791 228 66 81 0.051370762 
45 634 42 46 0.047778763 
31 355 10 16 0.047532145 
215 189 9 13 0.04677396 
18 337 15 20 0.04656387 
803 227 96 112 0.04402485 
211 329 13 18 0.043974224 
588 181 39 48 0.043761373 
473 411 47 54 0.043341555 
34 451 12 15 0.042637352 
831 434 128 164 0.040254068 
719 613 107 79 0.036776755 
731 196 30 32 0.036055956 
795 543 46 63 0.03583266 
168 167 8 11 0.03494075 
29 342 10 15 0.034246042 
762 120 16 22 0.033745665 
89 366 8 11 0.03234481 
422 386 57 59 0.031507924 
114 322 13 18 0.030278483 
472 71 28 30 0.029377682 
9 329 26 32 0.029183658 
163 238 11 14 0.027959881 
834 166 19 21 0.027323067 
786 586 56 61 0.027045479 
254 189 10 13 0.0270093 
312 167 34 47 0.026692474 
39 291 475 522 0.026123513 
426 403 17 21 0.026044793 
417 395 32 37 0.025454335 
758 632 39 40 0.02521348 
0 319 39 54 0.025040405 
740 203 17 17 0.024789123 
10 623 46 49 0.024599915 
180 180 12 15 0.024537811 
180 188 11 14 0.02452862 
331 0 38 26 0.024179194 
679 239 416 436 0.023725165 
569 150 26 34 0.023593673 
39 374 10 13 0.023544323 
182 156 25 28 0.023321431 
45 643 14 20 0.022805182 
578 111 13 17 0.022687424 
751 246 8 12 0.022505373 
182 170 13 16 0.022336941 
872 195 12 16 0.022212775 
81 367 8 10 0.021605453 
68 366 10 12 0.021025084 
301 186 11 15 0.020848759 
15 311 202 261 0.020827526 
746 577 95 98 0.020566236 
