30_Surgeons_Surgeons_30_554
46
853 223 52 64 0.950611 
767 217 41 49 0.8686269 
515 232 31 41 0.80293363 
61 0 289 275 0.6083878 
660 335 99 102 0.5833912 
43 283 49 55 0.4940574 
263 474 15 21 0.36059323 
209 228 61 76 0.26089165 
394 248 23 31 0.15764534 
910 584 110 137 0.101661794 
377 259 15 18 0.074718036 
873 242 40 47 0.06869099 
58 274 59 71 0.061245676 
642 340 70 78 0.06078335 
412 460 34 54 0.057821933 
274 473 16 18 0.04584387 
173 210 86 105 0.043922435 
37 303 38 41 0.042964455 
152 216 57 67 0.039885294 
203 225 30 53 0.03922152 
370 255 24 29 0.03905388 
185 10 162 176 0.038781304 
725 342 55 67 0.038619053 
294 474 48 50 0.036784638 
338 261 51 54 0.0358336 
29 19 195 168 0.034701567 
363 264 15 17 0.03403366 
391 255 17 21 0.033052176 
317 470 13 15 0.032268494 
38 290 32 36 0.029552646 
354 256 31 34 0.02780378 
775 201 55 70 0.027444132 
950 358 44 45 0.026824158 
130 245 52 66 0.026305584 
631 372 110 137 0.025419114 
439 488 37 40 0.024727583 
457 483 32 38 0.024684269 
226 209 54 70 0.023521552 
422 476 36 46 0.023014609 
325 282 17 17 0.022741599 
486 230 47 50 0.022305014 
422 455 46 53 0.021756906 
330 277 19 20 0.021576528 
889 265 33 41 0.021507168 
30 315 33 38 0.021062557 
890 260 19 25 0.02033391 
