30_Surgeons_Surgeons_30_979
19
338 237 447 565 0.99999535 
558 306 386 508 0.39184785 
737 339 338 439 0.30149567 
244 786 137 160 0.18309686 
179 759 201 281 0.0662651 
956 425 30 33 0.065525904 
99 592 55 58 0.03529308 
756 844 106 106 0.033292964 
65 833 455 377 0.031263765 
879 798 34 39 0.030938111 
951 428 47 48 0.029387448 
835 889 66 58 0.028198594 
879 538 51 54 0.028106647 
102 697 31 32 0.025020322 
811 804 100 114 0.024915028 
873 540 34 37 0.023244869 
802 877 70 63 0.022492776 
822 408 129 157 0.02039045 
253 496 71 89 0.020272572 
