49_Greeting_peoplegreeting_49_307
58
176 272 32 39 0.99652195 
873 282 29 36 0.96774554 
272 239 20 27 0.95798653 
621 272 16 23 0.85192734 
686 279 14 23 0.84749776 
363 254 15 24 0.8315856 
714 281 15 23 0.735317 
806 372 15 20 0.3800407 
849 294 24 33 0.3150497 
869 296 27 37 0.21703735 
943 357 14 18 0.1886475 
614 280 15 18 0.13277528 
747 299 11 15 0.12025749 
367 260 19 23 0.08187088 
704 360 10 12 0.07543357 
729 324 16 18 0.07263089 
165 341 32 34 0.0705215 
697 277 21 28 0.060615692 
168 321 31 39 0.060390707 
719 365 9 12 0.053384133 
616 261 23 29 0.049024764 
221 356 11 13 0.048482288 
733 279 14 17 0.0427671 
375 263 19 20 0.041126087 
742 292 14 20 0.03851972 
686 404 11 14 0.038474668 
158 331 26 35 0.036677692 
709 380 12 14 0.034186568 
756 332 10 14 0.03337401 
150 459 15 20 0.031883694 
721 320 39 52 0.031368285 
873 315 19 23 0.030655311 
577 360 12 17 0.029811619 
695 309 9 13 0.029673105 
671 430 11 13 0.029303439 
359 246 13 21 0.028898567 
293 314 10 13 0.028385423 
708 362 11 13 0.028371396 
697 388 10 12 0.02827757 
121 377 16 17 0.027292825 
875 276 19 22 0.026508123 
379 245 14 18 0.026467703 
607 277 15 18 0.026436465 
670 350 10 12 0.026381379 
158 336 15 21 0.025710044 
720 285 16 22 0.02540872 
604 347 15 19 0.025065841 
700 386 14 16 0.024728088 
649 341 9 12 0.023970557 
883 269 16 19 0.023410875 
620 287 15 18 0.023405304 
293 592 11 12 0.023330992 
739 283 12 16 0.022732543 
595 363 15 18 0.02217314 
664 349 11 12 0.02187444 
670 425 9 12 0.0215997 
839 307 25 33 0.02121947 
683 341 10 12 0.02003048 
