49_Greeting_peoplegreeting_49_387
76
634 235 33 47 0.9966197 
252 273 17 24 0.9825721 
520 220 31 48 0.9681358 
225 270 16 22 0.86670005 
692 245 24 34 0.864827 
284 289 10 15 0.18869698 
490 403 16 18 0.09940577 
123 281 14 18 0.093215205 
235 299 11 15 0.073790796 
407 287 8 10 0.07031269 
275 269 12 15 0.06520541 
278 283 18 24 0.0627913 
567 261 11 16 0.055513445 
337 286 10 13 0.053913042 
686 220 15 17 0.053880993 
700 239 36 49 0.05150354 
656 337 31 37 0.048478995 
270 275 12 15 0.04693507 
224 333 27 47 0.044518195 
202 260 14 17 0.043050904 
366 279 10 12 0.042468496 
452 250 15 19 0.03906178 
505 230 30 38 0.038912393 
492 244 29 31 0.0378451 
401 279 8 9 0.03719163 
550 344 10 12 0.03648888 
686 248 20 25 0.035978872 
149 286 10 11 0.03544332 
483 57 15 21 0.034315795 
413 288 8 10 0.033181913 
392 307 10 14 0.033151302 
747 107 208 372 0.032173917 
717 238 38 53 0.030798236 
532 210 27 47 0.02962712 
272 273 20 26 0.029614577 
537 243 25 36 0.028726917 
293 291 10 13 0.028374167 
476 213 25 41 0.027930671 
276 262 12 15 0.02777011 
339 288 13 16 0.02774531 
169 301 10 14 0.027381748 
441 278 10 12 0.027236626 
393 279 8 9 0.026609555 
365 335 9 11 0.02645836 
569 265 15 18 0.026370415 
656 347 14 19 0.026336968 
116 269 25 29 0.026232393 
680 252 30 43 0.025976663 
571 272 15 18 0.025806887 
559 259 11 17 0.025547294 
652 238 39 52 0.024928117 
425 285 9 10 0.024802497 
497 404 14 19 0.024748337 
237 256 9 11 0.024108632 
285 277 11 15 0.023720108 
402 286 8 10 0.023511304 
428 277 9 13 0.023491442 
383 288 7 9 0.02320847 
239 196 9 11 0.023155449 
443 229 11 14 0.023070632 
534 392 8 11 0.022938792 
485 180 13 17 0.022707416 
440 184 25 36 0.022046028 
439 236 11 14 0.02199059 
460 212 27 39 0.021937478 
396 304 12 16 0.021918785 
336 281 9 11 0.02188973 
320 279 9 11 0.021885902 
445 237 10 12 0.021544987 
239 262 8 12 0.021538533 
614 396 12 17 0.02111345 
622 400 14 18 0.021111984 
558 335 11 13 0.021096112 
558 341 10 13 0.020666238 
229 264 11 13 0.02037284 
139 437 16 18 0.020219672 
