49_Greeting_peoplegreeting_49_53
98
437 338 54 71 0.9989292 
328 644 68 93 0.99831855 
795 394 64 83 0.9977063 
775 669 68 86 0.9976279 
666 213 51 71 0.99644333 
85 387 58 79 0.9959921 
223 336 44 68 0.9946683 
568 172 40 64 0.9946254 
348 338 40 64 0.9881116 
705 293 39 59 0.9695681 
174 287 41 64 0.8749121 
113 346 49 72 0.87170327 
225 218 49 70 0.7914918 
332 234 36 53 0.7605223 
827 331 39 57 0.7549989 
684 383 47 64 0.40485898 
391 687 56 76 0.29523262 
233 254 45 69 0.28145123 
848 287 43 65 0.27582765 
508 272 50 61 0.25858134 
222 139 29 34 0.24682081 
452 1163 15 16 0.22017889 
215 126 45 58 0.18409142 
240 205 62 75 0.16803667 
363 -1 18 15 0.15762688 
198 296 39 56 0.12959152 
690 59 36 46 0.1107695 
356 669 78 95 0.09964058 
223 283 43 61 0.097906835 
536 6 35 43 0.09778641 
190 1334 48 51 0.07167138 
261 198 44 50 0.07139792 
214 301 50 75 0.06465643 
786 113 41 54 0.06374976 
775 39 32 38 0.0597583 
499 245 50 64 0.058627974 
151 347 42 61 0.055227738 
204 267 46 74 0.054723825 
219 220 34 50 0.05335367 
707 373 50 69 0.05329578 
367 622 37 42 0.052311268 
372 605 13 13 0.051668454 
808 350 57 76 0.051473636 
582 135 16 21 0.049802437 
577 148 48 63 0.048605353 
111 642 342 470 0.04803104 
524 1064 201 248 0.045243453 
815 265 64 71 0.04190733 
1 81 28 49 0.041034985 
533 406 33 45 0.04074162 
382 169 37 45 0.039081525 
562 235 27 37 0.039067827 
309 208 53 75 0.037785277 
602 4 27 34 0.037401732 
198 362 37 48 0.03632038 
585 120 48 59 0.035999265 
414 23 50 71 0.035095867 
585 178 34 47 0.034998745 
-5 499 68 134 0.034191985 
977 1091 12 17 0.033689413 
450 802 55 74 0.033545725 
180 346 39 62 0.033255078 
599 306 40 55 0.03207728 
769 641 63 76 0.03200186 
719 291 48 68 0.031892493 
263 273 32 42 0.031052696 
197 101 54 75 0.030580198 
812 127 16 21 0.030459426 
344 245 38 48 0.029354442 
275 187 50 62 0.029320845 
369 330 46 62 0.029286087 
174 3 33 22 0.029282032 
240 179 53 67 0.029089166 
853 315 33 49 0.028225753 
539 925 17 22 0.027924543 
282 215 55 70 0.027732452 
572 100 96 116 0.027693776 
625 338 30 39 0.026875274 
789 483 38 48 0.026753785 
833 316 33 41 0.026565658 
446 1160 23 27 0.0251204 
248 239 41 48 0.024725046 
273 250 34 50 0.024716156 
843 338 34 45 0.02433914 
552 0 31 41 0.023854224 
772 87 24 34 0.023340572 
799 325 52 67 0.023303093 
445 1139 13 16 0.023291495 
349 303 54 65 0.022984684 
677 165 30 35 0.02283222 
506 82 33 34 0.02178646 
654 161 42 54 0.021513987 
803 117 26 35 0.021137977 
601 133 31 35 0.020555224 
797 93 33 45 0.020525383 
472 76 51 60 0.02012212 
1 347 42 65 0.020112073 
337 1051 151 211 0.020027148 
