49_Greeting_peoplegreeting_49_896
18
324 437 137 144 0.99858415 
386 899 450 452 0.5010652 
694 325 128 128 0.20841147 
485 466 89 108 0.16816252 
190 1074 393 515 0.11412762 
765 346 132 107 0.079827465 
401 592 419 507 0.069824964 
550 998 232 331 0.055372022 
844 2 129 167 0.04783062 
724 354 79 77 0.0419252 
806 1232 33 32 0.03969105 
607 1285 99 139 0.037948426 
475 1419 48 33 0.031145515 
139 891 467 476 0.026366394 
65 564 446 486 0.021382598 
390 449 110 127 0.021120686 
46 1434 26 29 0.02102263 
236 349 110 132 0.020359868 
