49_Greeting_peoplegreeting_49_923
45
388 146 58 75 0.9988263 
600 277 56 70 0.998767 
542 156 53 65 0.99826705 
656 70 58 88 0.99792886 
497 126 53 67 0.98952395 
521 138 52 70 0.23637986 
293 472 10 13 0.12791155 
703 431 55 89 0.0822991 
292 161 14 17 0.058453742 
809 80 45 57 0.05826986 
863 84 48 75 0.041690644 
392 310 9 11 0.03929236 
394 304 9 11 0.036490597 
165 382 25 35 0.034309883 
276 166 26 35 0.033655144 
373 640 25 37 0.032778747 
306 0 17 17 0.032711163 
409 353 10 11 0.03190274 
651 241 47 54 0.03153796 
459 348 11 14 0.031409673 
405 331 10 13 0.02791967 
506 220 40 47 0.027876373 
329 221 11 14 0.027761651 
424 396 9 9 0.027761409 
325 202 17 22 0.027714187 
386 384 7 10 0.025237616 
284 229 12 17 0.024746101 
230 75 13 18 0.02470656 
962 473 17 21 0.024695624 
282 397 40 52 0.024398692 
491 207 36 38 0.024390362 
333 209 13 17 0.023674238 
148 357 14 19 0.023559147 
748 424 57 86 0.022750976 
440 359 8 10 0.021801429 
230 70 11 15 0.0213613 
270 236 10 13 0.021319611 
165 387 15 22 0.02094143 
677 264 16 18 0.020747913 
613 150 33 45 0.020716598 
279 360 25 30 0.020690352 
271 174 11 16 0.020688329 
144 358 11 17 0.020259071 
291 167 17 22 0.0202585 
516 159 37 44 0.020045446 
