49_Greeting_peoplegreeting_49_920
42
236 170 91 137 0.99961084 
8 669 50 66 0.99494714 
469 302 73 93 0.9806024 
599 267 68 102 0.9514411 
568 604 57 89 0.93181235 
711 216 97 127 0.13321851 
986 611 38 67 0.091984674 
957 615 53 66 0.09118594 
1 518 33 70 0.090523385 
945 643 40 41 0.07739237 
663 190 34 47 0.07663338 
737 1027 55 66 0.05248171 
531 779 24 27 0.051800013 
346 723 73 59 0.047810964 
670 246 181 238 0.045585044 
917 769 25 34 0.042510845 
316 17 444 513 0.04141882 
749 330 124 146 0.03906384 
999 818 22 35 0.03587565 
336 712 45 33 0.035169967 
576 682 62 79 0.034291502 
919 770 14 18 0.02974401 
114 1100 143 207 0.029712444 
993 570 14 18 0.02959967 
727 257 112 146 0.02879701 
8 450 34 44 0.027479138 
670 607 79 133 0.027249219 
945 554 80 127 0.027233446 
408 250 34 38 0.026851222 
751 1004 59 76 0.0262004 
667 225 110 142 0.025530202 
595 607 98 108 0.02463995 
559 618 97 126 0.024087321 
1012 577 11 17 0.023786593 
366 288 34 36 0.02265312 
996 597 28 50 0.022546956 
568 299 49 84 0.021579307 
919 755 27 35 0.02127569 
654 206 84 109 0.020708805 
54 202 408 460 0.020390293 
971 821 33 41 0.02035104 
926 619 82 95 0.020325819 
