49_Greeting_peoplegreeting_49_456
26
239 203 119 152 0.9999434 
374 317 116 155 0.9999107 
92 279 118 147 0.99986255 
851 313 118 162 0.99969614 
93 184 90 110 0.91008514 
45 175 106 134 0.715459 
788 265 66 89 0.23442124 
471 140 231 274 0.19812523 
482 127 78 120 0.14718197 
196 358 48 60 0.10063676 
502 131 112 145 0.07924452 
594 79 84 139 0.078647114 
966 257 53 75 0.074835815 
239 448 46 48 0.07272999 
715 28 63 70 0.054417558 
816 281 58 76 0.04877139 
482 175 159 157 0.038980205 
411 164 31 45 0.02804337 
533 19 11 13 0.027555523 
880 153 52 56 0.026836623 
756 186 36 33 0.026527563 
831 280 97 129 0.02577242 
254 467 30 37 0.02400366 
544 104 112 140 0.022253286 
164 581 32 33 0.022104604 
785 211 63 60 0.020156505 
