49_Greeting_peoplegreeting_49_48
36
720 126 57 71 0.9990252 
293 222 32 40 0.9988476 
586 195 48 59 0.9984584 
231 268 29 34 0.99789524 
380 231 40 45 0.993547 
-26 60 162 326 0.98352414 
162 285 24 30 0.96748894 
526 146 42 80 0.8699503 
194 283 22 28 0.8640057 
27 331 88 102 0.5315128 
767 137 29 36 0.16158552 
148 300 14 19 0.123210855 
371 564 29 35 0.103059396 
918 461 46 65 0.07002009 
198 273 27 33 0.059004784 
237 342 13 19 0.058852077 
816 5 90 110 0.05282692 
150 294 24 29 0.04794892 
690 132 50 64 0.04540206 
77 347 53 77 0.0393208 
986 587 36 50 0.038789995 
957 57 15 17 0.034676433 
662 134 49 66 0.031107219 
188 295 24 29 0.02797514 
160 390 11 14 0.027836457 
548 143 47 69 0.02570248 
101 337 50 69 0.024576835 
816 486 39 35 0.023210172 
383 109 48 73 0.02241195 
896 439 49 64 0.022078067 
217 430 9 12 0.02142365 
139 298 19 25 0.021237379 
148 406 13 19 0.021167075 
900 444 14 18 0.02056588 
210 283 16 22 0.020504925 
225 258 18 21 0.020284252 
