49_Greeting_peoplegreeting_49_50
33
327 202 66 84 0.99960715 
651 271 143 188 0.99841154 
352 118 59 75 0.9967019 
282 114 30 33 0.8868445 
229 612 144 110 0.79701936 
961 181 38 73 0.7078429 
981 202 38 73 0.48557448 
805 160 27 46 0.41371778 
194 630 126 118 0.1506916 
915 156 21 28 0.11167057 
189 570 197 212 0.08782241 
850 154 27 45 0.06314178 
398 129 32 45 0.043452423 
430 176 49 72 0.03940839 
168 214 17 21 0.039299253 
271 120 41 49 0.039056543 
808 143 44 57 0.037465803 
109 47 11 13 0.03422432 
438 730 48 40 0.033546284 
954 178 31 55 0.031924754 
108 197 13 16 0.031641737 
388 162 49 67 0.0307278 
275 118 24 23 0.02695827 
423 139 46 61 0.02694847 
225 171 88 111 0.025631618 
411 142 16 25 0.02344433 
416 145 83 114 0.023254534 
179 176 15 18 0.02259097 
146 286 198 258 0.022089245 
419 703 68 60 0.021045273 
430 740 35 27 0.020570073 
121 179 12 15 0.020326475 
115 102 13 15 0.02006319 
