42_Car_Racing_Car_Racing_42_939
31
748 186 45 50 0.8034461 
656 183 10 12 0.38681227 
175 340 190 218 0.09785732 
733 193 30 35 0.059446745 
744 232 23 29 0.05848142 
750 211 30 38 0.055745985 
679 226 12 13 0.0544128 
685 543 60 60 0.05307065 
116 340 64 68 0.050680608 
854 257 14 17 0.04333677 
183 254 376 424 0.041457023 
788 221 24 32 0.037317157 
823 263 29 33 0.03364501 
865 243 16 17 0.03004883 
220 322 32 45 0.029439986 
835 255 26 28 0.026738318 
859 248 16 18 0.025716066 
582 287 31 28 0.025073968 
771 197 30 37 0.02486148 
98 138 16 18 0.024857223 
500 283 14 15 0.023855107 
706 510 14 17 0.023558412 
692 506 25 30 0.02322667 
732 200 16 21 0.023161393 
708 229 13 16 0.022519998 
554 138 469 465 0.021455536 
696 228 11 15 0.021130634 
497 280 27 29 0.02095793 
536 307 11 12 0.020457156 
497 285 11 13 0.02028251 
700 227 15 18 0.020060198 
