42_Car_Racing_Car_Racing_42_602
123
37 163 12 18 0.6689337 
957 228 18 20 0.6548556 
119 166 11 13 0.63020414 
236 175 11 15 0.32430264 
709 127 25 31 0.31787774 
657 129 19 22 0.24841915 
134 176 9 11 0.14492027 
968 174 11 14 0.1370295 
771 140 16 23 0.12441929 
543 128 19 21 0.1205133 
30 167 14 19 0.112577945 
482 124 26 32 0.100185335 
81 175 10 13 0.09501854 
951 226 14 18 0.094783366 
221 411 98 116 0.09244012 
781 179 12 15 0.091712445 
774 179 13 17 0.09165692 
999 235 11 15 0.08878684 
1012 217 11 17 0.08544554 
814 175 11 15 0.08167273 
603 129 19 21 0.08144955 
902 181 10 11 0.080801606 
70 162 10 15 0.0762477 
908 175 9 10 0.07523671 
61 164 11 16 0.07316598 
54 165 12 16 0.0731272 
34 164 22 28 0.07135617 
847 172 10 12 0.06664917 
897 181 8 11 0.06641318 
657 165 18 20 0.06639985 
191 175 8 10 0.06290739 
933 167 9 12 0.06184061 
95 173 10 13 0.056460116 
253 182 10 12 0.055664163 
720 134 17 21 0.055022553 
96 167 8 12 0.05294627 
123 170 12 14 0.048680183 
222 174 10 12 0.048603714 
788 180 11 14 0.048007775 
904 168 8 10 0.047476202 
1007 203 13 15 0.047310207 
254 203 12 17 0.04698551 
823 166 11 12 0.046735607 
974 190 12 14 0.045622434 
217 176 9 10 0.045587268 
252 197 12 15 0.044719525 
87 155 11 15 0.044176806 
116 161 19 22 0.043387108 
988 24 36 61 0.042697303 
820 178 11 14 0.041850876 
878 183 8 10 0.041337114 
100 172 11 14 0.040470466 
839 171 11 14 0.039513383 
597 162 25 29 0.03933554 
201 213 9 12 0.038991325 
252 187 11 15 0.03893955 
318 182 9 11 0.038588513 
776 140 23 34 0.03819126 
153 173 9 12 0.037103914 
1008 212 13 17 0.036626857 
157 174 12 14 0.035129476 
113 105 15 19 0.03499296 
873 198 8 12 0.034597285 
22 172 14 17 0.033327777 
43 159 14 17 0.032702196 
4 201 28 34 0.032639656 
100 167 10 12 0.032566294 
216 180 10 12 0.032520827 
184 172 9 10 0.0320036 
77 163 10 14 0.03116749 
481 146 27 37 0.030958546 
43 166 22 24 0.0309104 
158 179 13 15 0.030338302 
191 180 9 11 0.030024312 
809 175 10 13 0.029940993 
142 166 9 13 0.029889867 
886 191 10 12 0.029241055 
141 173 9 12 0.029049601 
952 194 12 16 0.02856337 
878 190 10 11 0.028471308 
959 174 10 14 0.028378146 
112 149 11 15 0.027615305 
1003 221 18 27 0.027313791 
989 226 14 18 0.02707641 
907 179 11 12 0.026590442 
828 165 11 14 0.0263884 
886 196 11 14 0.02626863 
991 233 12 17 0.026201876 
919 165 10 12 0.02595538 
784 185 11 14 0.025867546 
920 173 8 10 0.02574991 
888 175 10 12 0.025708936 
878 197 10 12 0.0255638 
726 169 11 15 0.025473764 
21 265 11 15 0.025454313 
160 205 11 15 0.025383307 
684 122 13 15 0.025235172 
5 187 27 30 0.024855463 
923 263 13 15 0.024444597 
788 154 11 17 0.024000272 
176 182 8 11 0.023990802 
253 254 10 13 0.023765372 
80 170 18 23 0.023593627 
968 226 15 20 0.023529636 
126 98 14 16 0.023025505 
894 176 9 12 0.022683198 
862 167 10 11 0.02233735 
164 175 10 12 0.022124337 
165 228 11 12 0.022037556 
149 118 9 10 0.021958187 
13 267 14 17 0.021561302 
851 174 10 12 0.02151409 
957 213 14 16 0.021486707 
790 163 9 13 0.021465601 
933 304 11 15 0.021404058 
955 189 12 15 0.021137135 
540 159 29 31 0.021011997 
312 181 10 13 0.020817949 
863 199 9 12 0.020679932 
964 170 19 23 0.020611241 
877 204 11 14 0.020431148 
24 164 12 16 0.02024307 
885 203 13 16 0.020009538 
