42_Car_Racing_Car_Racing_42_857
77
186 136 18 25 0.92806864 
100 123 20 26 0.9037462 
72 143 9 11 0.64148664 
160 140 10 13 0.5462034 
165 142 10 13 0.5305894 
246 152 10 11 0.4198366 
137 143 10 13 0.34854257 
213 144 13 14 0.31593335 
167 146 10 14 0.30149457 
222 147 10 12 0.27034843 
113 147 10 13 0.22107942 
279 141 11 13 0.17532109 
285 142 9 12 0.16909406 
230 147 9 11 0.15886365 
79 110 11 13 0.13026607 
227 226 12 17 0.09331234 
75 145 12 14 0.08673022 
54 148 9 10 0.0863404 
48 144 8 10 0.08093347 
272 143 11 12 0.080501005 
209 146 12 14 0.079914406 
67 142 9 11 0.07569359 
102 117 16 20 0.07555979 
248 143 10 13 0.06591642 
263 144 8 9 0.06459516 
128 148 11 13 0.06411333 
154 140 10 12 0.055976097 
800 5 41 49 0.054061037 
232 110 8 10 0.053525966 
252 149 9 12 0.052011017 
242 151 8 11 0.051181365 
254 143 9 11 0.05105191 
270 112 8 10 0.050057337 
117 143 10 14 0.048834737 
172 141 11 14 0.04587358 
64 147 11 13 0.043362834 
346 255 17 21 0.03968439 
49 148 8 11 0.0391404 
39 52 202 230 0.03746924 
190 111 7 9 0.035298992 
84 141 11 13 0.033641845 
224 222 11 16 0.033350315 
214 153 12 14 0.03323781 
109 138 12 17 0.032350946 
874 277 54 77 0.032268602 
133 153 11 14 0.031974234 
569 276 35 42 0.031750817 
249 110 10 12 0.030864628 
775 -5 33 34 0.030536791 
264 149 9 10 0.03016338 
117 156 10 12 0.029169757 
186 111 7 10 0.028221274 
171 416 29 33 0.027551625 
112 156 10 12 0.027257811 
270 178 15 18 0.027205333 
168 153 10 12 0.02719737 
172 167 10 13 0.026945751 
206 93 8 9 0.024697816 
171 135 20 26 0.02451712 
826 325 9 12 0.024455743 
158 136 17 22 0.024040284 
274 137 19 23 0.023939246 
133 137 17 23 0.022857191 
297 159 9 11 0.022591965 
168 197 9 11 0.022472817 
69 142 20 22 0.022129953 
608 203 15 17 0.022081941 
128 154 11 13 0.021832896 
215 143 19 22 0.021514935 
183 116 10 12 0.021199308 
628 5 15 17 0.021139301 
149 206 10 15 0.021061813 
300 215 9 13 0.021047598 
43 142 8 11 0.020598294 
453 101 478 439 0.020442676 
290 142 11 13 0.020214496 
264 110 11 13 0.020029323 
