42_Car_Racing_Car_Racing_42_906
29
236 81 27 35 0.9994055 
754 79 25 34 0.9988568 
841 108 29 36 0.99869174 
567 75 24 32 0.99840134 
651 79 27 33 0.998139 
585 105 26 36 0.9977253 
418 94 25 33 0.99728453 
294 99 29 39 0.9970783 
499 80 25 33 0.9967302 
193 102 33 42 0.99512154 
332 114 25 30 0.992353 
707 72 23 31 0.9876957 
391 145 25 31 0.9487458 
539 235 11 15 0.18923083 
466 238 13 16 0.17485459 
263 105 20 26 0.12072344 
690 238 9 12 0.07330504 
372 147 14 17 0.041358482 
306 92 17 21 0.03582686 
344 83 23 27 0.033591826 
135 92 13 15 0.031666115 
336 99 24 31 0.03131066 
468 233 11 13 0.03049716 
435 214 11 14 0.027001467 
378 141 24 30 0.025329411 
631 263 8 10 0.025071146 
285 99 25 33 0.024668144 
152 138 12 16 0.024310626 
155 134 13 17 0.020984462 
