42_Car_Racing_Nascar_42_823
157
412 231 18 28 0.8663257 
191 282 10 13 0.8346472 
990 221 17 21 0.77097774 
896 236 16 19 0.6458193 
253 256 10 12 0.64131874 
338 252 13 15 0.5463855 
276 255 14 17 0.38991174 
124 264 11 13 0.38151044 
715 299 12 15 0.3681144 
359 206 10 12 0.34901357 
328 247 21 26 0.27581853 
177 312 11 14 0.24441075 
663 238 8 11 0.1833912 
371 257 13 17 0.17070861 
191 302 11 14 0.1577293 
295 266 12 16 0.1576198 
142 284 15 18 0.14174451 
540 165 10 14 0.13041352 
663 300 10 11 0.12587567 
212 215 33 39 0.12067064 
205 231 11 14 0.11727397 
0 275 11 20 0.11711364 
181 335 17 20 0.116312884 
197 301 9 14 0.11454938 
850 244 9 12 0.1127241 
282 259 14 18 0.10764267 
459 243 12 16 0.10373001 
482 111 401 457 0.10030653 
330 276 17 20 0.098402314 
664 233 8 11 0.094427824 
356 272 15 20 0.09153443 
371 223 9 11 0.08042737 
149 279 10 14 0.07237238 
145 262 8 10 0.068888 
408 227 14 24 0.06742191 
299 273 14 16 0.06244233 
204 302 11 14 0.06127177 
347 252 11 14 0.060246535 
394 261 14 18 0.058675982 
89 309 26 26 0.058326963 
295 253 10 14 0.057058107 
216 260 10 12 0.056758683 
999 283 13 16 0.056599367 
135 284 12 15 0.05629989 
221 260 10 12 0.056166913 
332 265 16 20 0.05406823 
702 294 9 13 0.052906696 
556 297 13 16 0.052218206 
318 236 9 13 0.050155904 
208 254 8 11 0.04917817 
703 308 10 11 0.048819758 
223 278 8 12 0.04781326 
149 262 9 10 0.04737618 
697 303 9 10 0.04622643 
176 337 13 17 0.045739174 
120 259 20 24 0.045278262 
370 263 15 21 0.045144442 
189 238 8 11 0.045067865 
220 318 12 15 0.044995 
176 317 24 29 0.04281038 
464 200 10 13 0.042389635 
319 228 11 15 0.04226006 
634 241 7 8 0.041942418 
220 226 16 20 0.041752033 
42 181 10 12 0.041289322 
176 309 20 24 0.041204005 
959 339 25 27 0.041100763 
221 333 10 13 0.039543517 
754 280 7 9 0.03940727 
319 245 10 13 0.039378338 
217 285 9 13 0.037637874 
228 231 14 17 0.037627492 
685 310 9 11 0.037515257 
467 171 16 21 0.037423335 
215 255 9 12 0.03709394 
202 235 9 13 0.03679694 
272 258 20 24 0.036203396 
718 223 10 12 0.03576648 
697 224 9 11 0.035423815 
187 278 18 22 0.035420537 
852 241 11 13 0.033776246 
667 231 10 13 0.03327899 
128 283 10 14 0.032327652 
257 259 14 17 0.032109354 
686 223 8 11 0.03168945 
634 245 8 10 0.031301867 
326 247 12 16 0.03089838 
320 223 10 13 0.030763188 
492 310 11 15 0.030493971 
657 301 9 11 0.030430952 
204 227 22 28 0.030295573 
415 282 22 32 0.030132037 
319 250 13 17 0.029542185 
656 245 8 10 0.029375821 
253 248 20 25 0.02936065 
221 283 10 14 0.029090678 
486 197 12 15 0.029032236 
201 365 12 14 0.029012648 
686 304 8 11 0.028813757 
710 358 13 15 0.028791504 
185 229 8 10 0.028549401 
956 247 11 13 0.028545607 
529 217 225 266 0.027772699 
621 253 8 10 0.027626345 
177 223 9 12 0.027407436 
233 228 14 16 0.027394926 
617 252 8 11 0.027091803 
885 365 11 15 0.02693661 
495 155 9 12 0.02657819 
299 261 12 16 0.02654628 
351 267 13 17 0.02649352 
214 311 20 27 0.02638896 
467 197 13 15 0.02585289 
494 193 13 16 0.02572265 
608 252 7 10 0.02509449 
329 281 25 29 0.024723964 
190 289 12 17 0.024633337 
156 284 10 13 0.024391793 
300 253 10 14 0.023938004 
681 229 9 12 0.023851978 
184 292 11 15 0.023726987 
372 248 13 16 0.023525707 
358 228 11 13 0.023428334 
667 295 10 12 0.023230687 
485 170 15 22 0.022948239 
967 245 11 13 0.02284706 
183 301 13 16 0.022807173 
600 309 11 15 0.022563769 
479 204 10 13 0.02251816 
198 323 11 15 0.022363205 
359 235 9 12 0.022323817 
222 345 15 21 0.022257391 
288 248 20 27 0.02184764 
454 246 15 19 0.02179391 
187 310 14 19 0.021730013 
362 287 15 19 0.021637851 
214 234 13 16 0.021367738 
131 267 12 14 0.021323415 
347 274 22 28 0.021272086 
225 231 28 33 0.02099667 
60 227 14 17 0.020959916 
105 314 14 16 0.02095024 
968 272 10 13 0.020916505 
689 346 250 216 0.020818697 
1003 202 20 29 0.020778257 
360 223 9 13 0.020766402 
686 230 8 11 0.02070421 
355 204 9 13 0.020613423 
682 224 9 11 0.020354629 
182 259 11 13 0.020350654 
100 231 9 11 0.020323437 
348 295 13 18 0.020240251 
127 277 10 13 0.020225605 
170 311 10 14 0.020217905 
487 314 13 17 0.020175697 
542 190 10 14 0.020165225 
220 241 14 15 0.020162024 
