42_Car_Racing_Nascar_42_911
23
502 121 275 355 0.9959377 
995 612 27 37 0.3071773 
363 434 58 101 0.2917454 
912 553 27 31 0.25951508 
457 517 39 43 0.19657348 
225 46 222 239 0.09843367 
572 571 43 53 0.059607316 
91 60 436 467 0.050091952 
991 599 23 34 0.04024935 
354 43 350 402 0.031022627 
396 360 88 114 0.028715845 
566 649 52 54 0.027874578 
373 384 91 127 0.026218235 
607 661 46 61 0.026066797 
558 557 78 96 0.024372123 
806 171 29 41 0.02425665 
286 183 240 283 0.023573805 
439 523 43 56 0.02083586 
631 622 33 46 0.020755136 
996 528 23 37 0.020672789 
965 544 25 30 0.020221287 
990 613 17 27 0.020174392 
828 612 35 39 0.020139258 
