42_Car_Racing_Car_Racing_42_743
68
604 84 24 31 0.98890394 
374 437 82 123 0.2773441 
696 113 12 15 0.17955367 
750 101 9 11 0.14575647 
652 100 17 21 0.14560355 
95 116 13 14 0.14238054 
808 102 10 13 0.11035607 
548 125 15 22 0.08188127 
670 146 12 18 0.079171106 
979 112 14 20 0.07694508 
776 105 9 10 0.075464256 
86 131 13 16 0.07435673 
758 111 10 12 0.07344655 
751 108 9 12 0.06460515 
846 306 16 21 0.06337307 
667 118 12 15 0.05849832 
757 101 9 13 0.057037715 
746 96 9 11 0.055092353 
103 156 11 13 0.052370906 
108 157 14 16 0.04688561 
70 183 32 37 0.04644932 
713 141 10 13 0.045070704 
55 136 9 12 0.045062333 
159 141 11 14 0.044691242 
91 119 16 20 0.044146556 
187 205 141 151 0.040439323 
974 114 23 34 0.039110985 
806 107 10 14 0.037884135 
495 121 14 16 0.0376596 
958 113 33 41 0.036829777 
89 223 10 13 0.036752567 
99 119 15 18 0.03635027 
916 388 96 151 0.036309842 
837 306 14 19 0.03609518 
84 197 12 14 0.035561975 
590 115 25 32 0.034831222 
123 119 15 18 0.03479553 
178 176 33 43 0.032246664 
648 103 14 20 0.032228056 
83 126 24 27 0.031910524 
985 111 15 19 0.030976836 
692 205 20 27 0.030705672 
595 143 16 22 0.030431474 
102 152 24 29 0.029975446 
566 92 22 26 0.029468374 
15 142 9 12 0.029049426 
21 161 16 19 0.026219923 
593 134 29 37 0.026173247 
95 154 12 15 0.025788443 
90 147 28 35 0.024999473 
184 182 18 22 0.024852656 
886 108 11 15 0.024383726 
689 114 12 15 0.023937741 
809 96 10 13 0.023700535 
663 121 13 15 0.02289113 
945 130 32 37 0.02285159 
793 156 8 11 0.022790184 
125 1 14 12 0.02189541 
577 96 15 19 0.021886095 
591 115 15 20 0.021541987 
751 114 10 13 0.02127876 
756 96 9 12 0.020575492 
800 109 12 16 0.020548124 
660 110 21 26 0.020538222 
85 166 29 37 0.020521758 
663 142 21 29 0.020474127 
403 29 14 18 0.020318186 
768 103 9 12 0.020044083 
