42_Car_Racing_Nascar_42_661
53
819 255 31 41 0.9992747 
172 292 26 28 0.15368856 
170 206 16 20 0.122112654 
206 179 31 39 0.11907704 
129 212 11 13 0.107456006 
690 406 35 41 0.10321068 
807 376 16 20 0.0999271 
778 10 13 17 0.089410454 
622 135 79 106 0.06904095 
174 184 48 56 0.06796744 
247 -53 414 475 0.058957167 
948 359 30 31 0.05680971 
657 146 53 75 0.050912406 
92 293 11 16 0.0497177 
893 350 33 41 0.04933844 
623 322 15 17 0.048116688 
171 197 29 34 0.047599833 
665 525 59 74 0.044363033 
86 83 13 17 0.03982588 
145 12 14 16 0.037887692 
90 248 23 29 0.036977835 
642 357 51 52 0.036243536 
532 416 32 34 0.03419047 
384 268 9 10 0.03348305 
145 3 15 17 0.033369403 
130 291 13 19 0.033284187 
968 367 30 26 0.03304477 
874 384 32 43 0.032049544 
619 -22 421 491 0.031160554 
93 79 10 13 0.03107432 
875 366 103 115 0.029997827 
145 36 9 13 0.029620335 
475 179 103 129 0.028368393 
400 60 210 299 0.02816763 
710 155 84 120 0.02778633 
145 255 9 13 0.027745737 
80 84 12 17 0.02762071 
502 61 11 14 0.027591294 
116 203 11 13 0.02619478 
214 285 13 17 0.025806 
231 305 405 505 0.023840249 
163 278 41 49 0.023558436 
780 452 15 18 0.023420664 
155 197 10 14 0.023147244 
772 4 22 27 0.022546297 
707 144 57 75 0.022381473 
382 181 331 432 0.022285638 
561 329 11 14 0.021652231 
60 122 14 17 0.021570183 
172 -6 93 103 0.021474658 
170 2 17 18 0.021354744 
148 80 15 18 0.020457419 
155 201 14 18 0.020365994 
