42_Car_Racing_Nascar_42_922
180
531 61 94 113 0.99932194 
249 189 53 80 0.99885535 
348 115 84 103 0.9961904 
856 153 48 84 0.8490616 
127 238 11 15 0.40382385 
76 183 10 13 0.38409358 
873 165 52 84 0.32655185 
8 166 7 9 0.2881919 
941 130 45 63 0.26514107 
30 207 8 11 0.23657404 
96 192 9 11 0.22258593 
21 191 9 11 0.1598682 
41 241 12 16 0.12623644 
71 153 7 8 0.12620224 
78 134 7 9 0.12133902 
38 198 8 11 0.119686864 
16 227 10 12 0.114799924 
48 184 8 10 0.10479524 
0 188 8 12 0.101533435 
23 157 7 9 0.101267286 
707 341 15 18 0.10112793 
108 236 11 16 0.09783217 
174 177 8 9 0.09633401 
96 168 8 10 0.094416164 
0 215 9 12 0.09382 
64 192 7 10 0.08946411 
49 205 8 10 0.08847976 
97 136 7 9 0.08659851 
31 167 8 10 0.08650308 
835 161 47 69 0.08374658 
74 133 8 10 0.07646921 
132 243 11 13 0.07444711 
21 224 9 11 0.07391344 
55 190 7 8 0.07327942 
754 244 46 62 0.07230522 
101 191 8 10 0.07182571 
172 227 11 13 0.07121137 
91 243 22 28 0.0703351 
5 118 9 11 0.068799116 
111 185 8 9 0.068780534 
991 256 14 17 0.06762013 
118 201 9 11 0.06578318 
157 168 7 10 0.06420483 
29 212 8 11 0.0631302 
88 159 8 9 0.06266521 
57 160 8 9 0.061436247 
100 240 15 24 0.060834505 
16 195 10 12 0.060719747 
895 179 59 85 0.059996273 
75 120 6 8 0.05585731 
94 151 8 9 0.05520841 
127 233 9 12 0.054155465 
54 206 8 10 0.05294994 
22 195 9 12 0.052194778 
54 185 7 9 0.051778726 
46 175 8 10 0.05158683 
40 174 8 10 0.05152523 
3 166 7 10 0.05146011 
15 174 8 10 0.051408436 
18 153 7 9 0.05125234 
16 214 8 11 0.049830787 
145 215 8 10 0.048291106 
33 135 7 9 0.048274517 
63 197 9 10 0.047904886 
39 150 8 9 0.046503935 
105 185 8 10 0.044775262 
78 128 7 10 0.044397954 
15 135 10 11 0.04435598 
183 165 8 10 0.043994617 
0 150 7 10 0.04289737 
72 199 9 10 0.042792235 
137 145 7 10 0.042769466 
32 199 9 11 0.04246216 
49 189 8 10 0.041948337 
46 150 7 9 0.041901972 
88 191 9 11 0.041477207 
128 184 6 9 0.04127011 
119 228 10 12 0.041151293 
40 193 6 8 0.04108453 
19 158 7 9 0.040615145 
55 232 9 13 0.04056744 
63 144 7 9 0.040067453 
103 168 7 10 0.04002542 
14 167 7 9 0.039399795 
17 184 8 10 0.039168097 
8 111 9 11 0.03825208 
6 190 7 11 0.037807636 
765 266 13 18 0.037635732 
64 151 7 9 0.037401203 
112 277 12 15 0.03716158 
152 151 7 9 0.036668345 
100 197 8 11 0.035919532 
15 208 9 10 0.035637338 
114 201 9 11 0.035029422 
95 142 8 10 0.03487279 
56 128 7 9 0.03473399 
145 233 8 10 0.034005705 
145 144 6 9 0.033884842 
4 214 9 12 0.033817943 
144 183 8 10 0.0336836 
105 150 7 9 0.033671517 
110 148 8 10 0.033634175 
89 152 8 10 0.033182684 
674 323 16 19 0.033067267 
21 183 10 11 0.032618623 
150 216 7 8 0.03254799 
1 207 8 12 0.032310814 
6 184 7 10 0.031823453 
159 223 8 10 0.03146227 
157 173 7 10 0.031237315 
142 246 9 12 0.0311477 
119 168 8 9 0.030749844 
679 304 11 13 0.030646231 
145 209 7 9 0.030527307 
105 143 8 10 0.03033836 
150 237 8 10 0.030327253 
31 173 9 10 0.030133242 
23 175 8 10 0.030098408 
0 159 7 10 0.029873772 
75 337 58 96 0.029218055 
674 309 25 26 0.02915766 
9 238 8 11 0.028837465 
123 235 18 23 0.028589798 
111 230 10 15 0.028406631 
39 203 8 11 0.028274314 
178 198 7 10 0.028241722 
51 241 12 17 0.028218057 
759 266 12 17 0.028103434 
120 159 9 10 0.027888732 
0 198 7 10 0.027887445 
58 144 7 9 0.02765681 
40 224 10 11 0.027655436 
902 103 55 59 0.027489554 
46 236 20 27 0.027486365 
8 198 8 10 0.02740722 
751 261 29 40 0.02711928 
47 133 8 10 0.026982943 
89 166 8 11 0.026702983 
812 177 32 50 0.026495041 
74 128 7 10 0.026218308 
201 174 9 10 0.026202822 
71 177 11 12 0.026033077 
113 174 8 9 0.025883412 
84 183 9 11 0.02584771 
9 143 7 9 0.025444012 
177 192 9 11 0.025185574 
75 199 11 11 0.025181979 
106 159 7 9 0.025164053 
190 167 7 10 0.02488131 
120 152 7 9 0.02475409 
81 249 26 29 0.024729572 
144 189 8 10 0.02466548 
119 234 13 19 0.024571216 
47 168 7 8 0.02415628 
120 135 7 9 0.02396238 
7 171 9 12 0.023933006 
129 217 6 9 0.023748755 
39 145 7 9 0.023568736 
97 130 7 8 0.02348575 
66 183 7 10 0.022643331 
676 307 15 17 0.022423686 
63 166 7 9 0.022389164 
65 175 8 10 0.022358295 
90 143 7 9 0.022294506 
26 166 7 10 0.022174098 
167 237 11 12 0.022093296 
46 231 10 13 0.022075973 
150 145 7 8 0.022034883 
160 151 8 10 0.022026788 
176 205 8 9 0.02184989 
6 207 8 10 0.021779492 
119 173 7 9 0.021451825 
43 182 8 10 0.021189518 
671 329 12 16 0.021162389 
166 158 8 10 0.021040052 
1 145 7 10 0.02086527 
964 235 14 17 0.020738112 
47 145 7 8 0.02059879 
89 196 10 11 0.02031502 
7 221 9 12 0.020275366 
