42_Car_Racing_Nascar_42_462
72
969 303 34 44 0.9971021 
718 337 32 37 0.96354365 
761 708 24 27 0.52795476 
165 202 16 20 0.3269479 
140 206 12 14 0.10592114 
227 493 17 24 0.10320095 
311 161 204 265 0.10044854 
109 231 11 14 0.09694826 
374 441 29 36 0.08232544 
274 379 16 22 0.07907392 
171 374 18 21 0.07558156 
275 372 11 14 0.07478902 
229 273 14 18 0.06653067 
758 108 30 36 0.064630315 
212 56 348 449 0.062072963 
180 233 15 18 0.050419386 
420 370 14 17 0.04775376 
61 445 12 16 0.046655256 
134 210 16 20 0.046500906 
272 195 12 17 0.04640607 
171 238 26 31 0.04337739 
209 303 10 12 0.04244981 
242 249 14 20 0.041625034 
897 579 13 17 0.04069056 
189 335 13 17 0.040509406 
131 225 15 19 0.038285334 
272 366 12 16 0.037712064 
241 163 11 13 0.03764942 
172 201 13 17 0.03620314 
122 234 26 31 0.032973845 
283 400 24 28 0.032198563 
234 269 14 16 0.032019 
148 308 11 14 0.031744115 
124 250 14 17 0.031518273 
168 372 13 17 0.031374358 
216 199 8 11 0.031273354 
338 351 16 21 0.030894767 
255 198 9 11 0.030683726 
130 241 14 18 0.030534193 
4 39 401 490 0.029546991 
146 205 12 14 0.028611876 
238 255 14 18 0.028602898 
721 331 21 25 0.028493846 
227 376 16 21 0.027732836 
130 233 15 18 0.027686562 
445 458 19 23 0.026668834 
226 267 24 29 0.026586976 
324 292 425 497 0.026501244 
533 430 12 16 0.026143393 
359 357 25 31 0.026138717 
420 398 17 20 0.024305996 
260 377 23 31 0.023993952 
96 468 10 14 0.023735946 
513 434 25 29 0.023556152 
956 400 46 64 0.023462502 
214 203 10 13 0.023119055 
115 447 13 18 0.02302338 
160 330 16 20 0.022814432 
178 227 25 30 0.022126539 
140 199 22 27 0.021804485 
743 706 24 28 0.021223228 
329 789 9 11 0.021176774 
117 244 26 30 0.020556834 
159 206 16 20 0.020546328 
368 389 10 12 0.020535909 
322 344 28 31 0.020477405 
275 190 14 19 0.020309122 
253 270 9 13 0.020308625 
237 184 13 15 0.020265162 
216 617 32 32 0.020254962 
556 397 52 58 0.02012765 
248 359 10 14 0.020073842 
