19_Couple_Couple_19_743
93
523 277 32 39 0.9968039 
447 306 30 38 0.99666613 
126 319 27 33 0.9955384 
403 304 33 41 0.9952786 
697 413 27 35 0.9902643 
858 298 34 43 0.9811808 
157 312 25 31 0.9543189 
670 394 27 30 0.91307646 
279 415 22 35 0.79853976 
803 303 35 39 0.737729 
636 326 17 23 0.71249723 
182 473 24 34 0.6817019 
664 365 17 20 0.65531814 
141 315 26 33 0.64734906 
152 465 37 45 0.27817327 
657 395 24 31 0.24279414 
214 383 23 28 0.18815833 
648 398 21 30 0.13781977 
627 298 15 17 0.13635261 
266 423 26 31 0.13594608 
603 319 17 21 0.11214166 
735 392 25 30 0.10208693 
786 89 32 33 0.08705509 
757 215 25 27 0.08665754 
743 223 48 60 0.08034602 
783 127 43 60 0.062471703 
874 322 33 36 0.062413316 
596 296 17 19 0.058696542 
676 364 13 17 0.05605526 
550 38 147 140 0.05271841 
710 241 13 17 0.04751285 
644 360 16 19 0.04727617 
223 389 25 31 0.04443053 
404 108 56 65 0.04413039 
651 360 20 25 0.043171365 
909 319 14 17 0.042094037 
326 216 11 14 0.03995324 
670 379 25 30 0.03487795 
700 350 13 16 0.03474027 
109 347 17 20 0.03442721 
127 427 19 22 0.033708498 
716 213 11 15 0.033040963 
269 213 8 12 0.032963973 
464 177 17 19 0.03270502 
244 273 15 16 0.032043103 
458 463 24 29 0.031775303 
257 405 24 33 0.031144187 
890 387 35 35 0.030981656 
623 270 26 32 0.030405322 
285 406 16 23 0.029846812 
491 183 22 30 0.029705029 
594 302 23 29 0.029636906 
735 205 9 14 0.029400233 
281 228 10 11 0.029099466 
552 192 25 30 0.028873876 
256 428 12 16 0.028852304 
860 318 33 41 0.028504618 
111 380 32 40 0.027870443 
257 428 22 31 0.027609814 
534 179 35 46 0.02710002 
330 366 14 15 0.027055813 
207 384 16 22 0.026650764 
319 213 24 28 0.02613606 
635 304 14 18 0.025464196 
155 302 16 19 0.025339443 
300 238 9 12 0.025270259 
602 391 22 27 0.024996929 
681 405 28 34 0.024949083 
139 310 13 16 0.024836704 
645 385 17 22 0.024601998 
150 303 26 30 0.024019562 
112 324 30 34 0.023996664 
902 317 23 29 0.023859577 
628 378 13 19 0.023827085 
687 353 21 25 0.023664858 
595 186 15 15 0.023538511 
554 389 21 27 0.023509754 
278 327 10 12 0.023390032 
326 140 34 31 0.02249984 
634 265 18 27 0.02241102 
174 461 29 35 0.022377344 
647 412 16 22 0.022170514 
105 426 16 21 0.0221316 
643 207 17 18 0.022095717 
358 189 13 18 0.022074398 
310 318 11 14 0.02200993 
538 230 26 32 0.021970319 
679 357 21 27 0.021355579 
621 289 23 27 0.020929907 
153 477 21 26 0.020886596 
510 473 25 27 0.02085682 
221 344 16 20 0.020419175 
318 206 10 12 0.02040554 
