19_Couple_Couple_19_90
18
447 806 122 159 0.999899 
307 732 137 189 0.99950075 
601 1144 54 93 0.48181978 
433 1095 231 250 0.102928475 
494 1160 124 117 0.072502926 
356 759 150 184 0.069613814 
31 1502 37 31 0.068817616 
548 1147 95 118 0.064255506 
331 932 426 412 0.060067274 
782 1079 118 133 0.043836523 
92 1501 31 34 0.040612802 
39 1484 51 48 0.034750998 
68 1485 44 45 0.03449864 
1 1469 48 62 0.02773411 
172 1491 28 33 0.024981163 
764 912 128 171 0.023680286 
94 1486 12 18 0.022328887 
102 1455 28 32 0.021287758 
