19_Couple_Couple_19_319
45
486 590 33 44 0.99027926 
494 579 29 38 0.16824503 
35 547 12 16 0.14052382 
468 595 26 32 0.095378906 
639 503 193 282 0.07027532 
897 404 52 71 0.068069644 
0 761 49 69 0.06649234 
1 500 9 14 0.058734525 
500 599 32 41 0.05871744 
57 1324 15 18 0.056300353 
48 761 18 21 0.054642737 
549 537 467 545 0.048649542 
2 492 11 16 0.043361012 
0 673 22 36 0.043253005 
498 579 18 23 0.042887636 
869 1039 9 10 0.038600933 
5 543 12 14 0.037256908 
47 534 8 10 0.034121927 
0 509 8 12 0.03193671 
820 321 41 57 0.030455614 
62 782 13 16 0.028609935 
972 774 14 18 0.028154558 
491 683 43 54 0.027912203 
25 533 11 14 0.02722586 
1009 765 12 17 0.027071107 
1001 435 21 34 0.02654749 
496 603 20 27 0.026367674 
394 618 16 21 0.025743231 
459 599 18 23 0.02524901 
400 644 12 16 0.024552213 
109 677 12 16 0.024116896 
13 518 9 11 0.024081632 
-2 811 26 43 0.02399173 
925 474 30 34 0.022400815 
450 814 24 30 0.022174671 
534 637 22 30 0.02216246 
927 763 11 15 0.021879962 
972 758 10 11 0.02171203 
476 601 31 36 0.021495592 
758 931 25 27 0.020959923 
100 1332 11 14 0.020490209 
32 542 12 15 0.020230671 
668 541 13 16 0.020180441 
1004 510 17 33 0.020160908 
39 536 9 11 0.020013945 
