19_Couple_Couple_19_50
45
671 250 73 92 0.9978187 
585 147 73 93 0.9975569 
114 476 26 30 0.37223193 
586 451 43 54 0.34249166 
179 457 44 63 0.2374749 
894 430 24 29 0.17136337 
968 458 16 21 0.13552573 
236 444 24 29 0.11332268 
986 474 15 18 0.07728798 
869 436 26 28 0.06877403 
794 377 30 39 0.05718641 
884 525 18 23 0.057135377 
915 520 24 32 0.045033783 
864 555 27 37 0.044707436 
456 596 52 59 0.043568578 
35 214 416 507 0.03823487 
250 639 42 51 0.036388915 
147 460 74 92 0.035337064 
178 471 28 39 0.035146125 
231 439 40 49 0.034765165 
998 452 15 21 0.034102026 
90 506 15 20 0.034006502 
948 459 16 22 0.031961918 
206 446 45 57 0.02989584 
910 461 23 29 0.029298011 
127 480 17 22 0.028631257 
391 487 23 31 0.02750605 
113 476 79 99 0.025422433 
978 464 21 25 0.02485749 
874 429 18 20 0.024833575 
438 557 102 108 0.024815204 
542 495 40 56 0.02414131 
866 450 26 29 0.023916265 
545 449 39 49 0.023834594 
614 230 49 63 0.023778347 
58 527 17 22 0.023655735 
241 437 19 22 0.023564575 
116 486 47 60 0.023135213 
875 473 28 30 0.022726053 
108 481 19 22 0.022519747 
168 435 73 97 0.022237903 
187 475 15 21 0.021887926 
540 458 28 35 0.021042084 
940 458 14 21 0.021005562 
585 474 27 37 0.02042022 
